4004 4004
1 4 2002
4 5 2003
5 6 2004
6 7 2005
7 8 2006
8 9 2007
9 10 2008
10 11 2009
11 12 2010
12 13 2011
13 14 2012
14 15 2013
15 16 2014
16 17 2015
17 18 2016
18 19 2017
19 20 2018
20 21 2019
21 22 2020
22 23 2021
23 24 2022
24 25 2023
25 26 2024
26 27 2025
27 28 2026
28 29 2027
29 30 2028
30 31 2029
31 32 2030
32 33 2031
33 34 2032
34 35 2033
35 36 2034
36 37 2035
37 38 2036
38 39 2037
39 40 2038
40 41 2039
41 42 2040
42 43 2041
43 44 2042
44 45 2043
45 46 2044
46 47 2045
47 48 2046
48 49 2047
49 50 2048
50 51 2049
51 52 2050
52 53 2051
53 54 2052
54 55 2053
55 56 2054
56 57 2055
57 58 2056
58 59 2057
59 60 2058
60 61 2059
61 62 2060
62 63 2061
63 64 2062
64 65 2063
65 66 2064
66 67 2065
67 68 2066
68 69 2067
69 70 2068
70 71 2069
71 72 2070
72 73 2071
73 74 2072
74 75 2073
75 76 2074
76 77 2075
77 78 2076
78 79 2077
79 80 2078
80 81 2079
81 82 2080
82 83 2081
83 84 2082
84 85 2083
85 86 2084
86 87 2085
87 88 2086
88 89 2087
89 90 2088
90 91 2089
91 92 2090
92 93 2091
93 94 2092
94 95 2093
95 96 2094
96 97 2095
97 98 2096
98 99 2097
99 100 2098
100 101 2099
101 102 2100
102 103 2101
103 104 2102
104 105 2103
105 106 2104
106 107 2105
107 108 2106
108 109 2107
109 110 2108
110 111 2109
111 112 2110
112 113 2111
113 114 2112
114 115 2113
115 116 2114
116 117 2115
117 118 2116
118 119 2117
119 120 2118
120 121 2119
121 122 2120
122 123 2121
123 124 2122
124 125 2123
125 126 2124
126 127 2125
127 128 2126
128 129 2127
129 130 2128
130 131 2129
131 132 2130
132 133 2131
133 134 2132
134 135 2133
135 136 2134
136 137 2135
137 138 2136
138 139 2137
139 140 2138
140 141 2139
141 142 2140
142 143 2141
143 144 2142
144 145 2143
145 146 2144
146 147 2145
147 148 2146
148 149 2147
149 150 2148
150 151 2149
151 152 2150
152 153 2151
153 154 2152
154 155 2153
155 156 2154
156 157 2155
157 158 2156
158 159 2157
159 160 2158
160 161 2159
161 162 2160
162 163 2161
163 164 2162
164 165 2163
165 166 2164
166 167 2165
167 168 2166
168 169 2167
169 170 2168
170 171 2169
171 172 2170
172 173 2171
173 174 2172
174 175 2173
175 176 2174
176 177 2175
177 178 2176
178 179 2177
179 180 2178
180 181 2179
181 182 2180
182 183 2181
183 184 2182
184 185 2183
185 186 2184
186 187 2185
187 188 2186
188 189 2187
189 190 2188
190 191 2189
191 192 2190
192 193 2191
193 194 2192
194 195 2193
195 196 2194
196 197 2195
197 198 2196
198 199 2197
199 200 2198
200 201 2199
201 202 2200
202 203 2201
203 204 2202
204 205 2203
205 206 2204
206 207 2205
207 208 2206
208 209 2207
209 210 2208
210 211 2209
211 212 2210
212 213 2211
213 214 2212
214 215 2213
215 216 2214
216 217 2215
217 218 2216
218 219 2217
219 220 2218
220 221 2219
221 222 2220
222 223 2221
223 224 2222
224 225 2223
225 226 2224
226 227 2225
227 228 2226
228 229 2227
229 230 2228
230 231 2229
231 232 2230
232 233 2231
233 234 2232
234 235 2233
235 236 2234
236 237 2235
237 238 2236
238 239 2237
239 240 2238
240 241 2239
241 242 2240
242 243 2241
243 244 2242
244 245 2243
245 246 2244
246 247 2245
247 248 2246
248 249 2247
249 250 2248
250 251 2249
251 252 2250
252 253 2251
253 254 2252
254 255 2253
255 256 2254
256 257 2255
257 258 2256
258 259 2257
259 260 2258
260 261 2259
261 262 2260
262 263 2261
263 264 2262
264 265 2263
265 266 2264
266 267 2265
267 268 2266
268 269 2267
269 270 2268
270 271 2269
271 272 2270
272 273 2271
273 274 2272
274 275 2273
275 276 2274
276 277 2275
277 278 2276
278 279 2277
279 280 2278
280 281 2279
281 282 2280
282 283 2281
283 284 2282
284 285 2283
285 286 2284
286 287 2285
287 288 2286
288 289 2287
289 290 2288
290 291 2289
291 292 2290
292 293 2291
293 294 2292
294 295 2293
295 296 2294
296 297 2295
297 298 2296
298 299 2297
299 300 2298
300 301 2299
301 302 2300
302 303 2301
303 304 2302
304 305 2303
305 306 2304
306 307 2305
307 308 2306
308 309 2307
309 310 2308
310 311 2309
311 312 2310
312 313 2311
313 314 2312
314 315 2313
315 316 2314
316 317 2315
317 318 2316
318 319 2317
319 320 2318
320 321 2319
321 322 2320
322 323 2321
323 324 2322
324 325 2323
325 326 2324
326 327 2325
327 328 2326
328 329 2327
329 330 2328
330 331 2329
331 332 2330
332 333 2331
333 334 2332
334 335 2333
335 336 2334
336 337 2335
337 338 2336
338 339 2337
339 340 2338
340 341 2339
341 342 2340
342 343 2341
343 344 2342
344 345 2343
345 346 2344
346 347 2345
347 348 2346
348 349 2347
349 350 2348
350 351 2349
351 352 2350
352 353 2351
353 354 2352
354 355 2353
355 356 2354
356 357 2355
357 358 2356
358 359 2357
359 360 2358
360 361 2359
361 362 2360
362 363 2361
363 364 2362
364 365 2363
365 366 2364
366 367 2365
367 368 2366
368 369 2367
369 370 2368
370 371 2369
371 372 2370
372 373 2371
373 374 2372
374 375 2373
375 376 2374
376 377 2375
377 378 2376
378 379 2377
379 380 2378
380 381 2379
381 382 2380
382 383 2381
383 384 2382
384 385 2383
385 386 2384
386 387 2385
387 388 2386
388 389 2387
389 390 2388
390 391 2389
391 392 2390
392 393 2391
393 394 2392
394 395 2393
395 396 2394
396 397 2395
397 398 2396
398 399 2397
399 400 2398
400 401 2399
401 402 2400
402 403 2401
403 404 2402
404 405 2403
405 406 2404
406 407 2405
407 408 2406
408 409 2407
409 410 2408
410 411 2409
411 412 2410
412 413 2411
413 414 2412
414 415 2413
415 416 2414
416 417 2415
417 418 2416
418 419 2417
419 420 2418
420 421 2419
421 422 2420
422 423 2421
423 424 2422
424 425 2423
425 426 2424
426 427 2425
427 428 2426
428 429 2427
429 430 2428
430 431 2429
431 432 2430
432 433 2431
433 434 2432
434 435 2433
435 436 2434
436 437 2435
437 438 2436
438 439 2437
439 440 2438
440 441 2439
441 442 2440
442 443 2441
443 444 2442
444 445 2443
445 446 2444
446 447 2445
447 448 2446
448 449 2447
449 450 2448
450 451 2449
451 452 2450
452 453 2451
453 454 2452
454 455 2453
455 456 2454
456 457 2455
457 458 2456
458 459 2457
459 460 2458
460 461 2459
461 462 2460
462 463 2461
463 464 2462
464 465 2463
465 466 2464
466 467 2465
467 468 2466
468 469 2467
469 470 2468
470 471 2469
471 472 2470
472 473 2471
473 474 2472
474 475 2473
475 476 2474
476 477 2475
477 478 2476
478 479 2477
479 480 2478
480 481 2479
481 482 2480
482 483 2481
483 484 2482
484 485 2483
485 486 2484
486 487 2485
487 488 2486
488 489 2487
489 490 2488
490 491 2489
491 492 2490
492 493 2491
493 494 2492
494 495 2493
495 496 2494
496 497 2495
497 498 2496
498 499 2497
499 500 2498
500 501 2499
501 502 2500
502 503 2501
503 504 2502
504 505 2503
505 506 2504
506 507 2505
507 508 2506
508 509 2507
509 510 2508
510 511 2509
511 512 2510
512 513 2511
513 514 2512
514 515 2513
515 516 2514
516 517 2515
517 518 2516
518 519 2517
519 520 2518
520 521 2519
521 522 2520
522 523 2521
523 524 2522
524 525 2523
525 526 2524
526 527 2525
527 528 2526
528 529 2527
529 530 2528
530 531 2529
531 532 2530
532 533 2531
533 534 2532
534 535 2533
535 536 2534
536 537 2535
537 538 2536
538 539 2537
539 540 2538
540 541 2539
541 542 2540
542 543 2541
543 544 2542
544 545 2543
545 546 2544
546 547 2545
547 548 2546
548 549 2547
549 550 2548
550 551 2549
551 552 2550
552 553 2551
553 554 2552
554 555 2553
555 556 2554
556 557 2555
557 558 2556
558 559 2557
559 560 2558
560 561 2559
561 562 2560
562 563 2561
563 564 2562
564 565 2563
565 566 2564
566 567 2565
567 568 2566
568 569 2567
569 570 2568
570 571 2569
571 572 2570
572 573 2571
573 574 2572
574 575 2573
575 576 2574
576 577 2575
577 578 2576
578 579 2577
579 580 2578
580 581 2579
581 582 2580
582 583 2581
583 584 2582
584 585 2583
585 586 2584
586 587 2585
587 588 2586
588 589 2587
589 590 2588
590 591 2589
591 592 2590
592 593 2591
593 594 2592
594 595 2593
595 596 2594
596 597 2595
597 598 2596
598 599 2597
599 600 2598
600 601 2599
601 602 2600
602 603 2601
603 604 2602
604 605 2603
605 606 2604
606 607 2605
607 608 2606
608 609 2607
609 610 2608
610 611 2609
611 612 2610
612 613 2611
613 614 2612
614 615 2613
615 616 2614
616 617 2615
617 618 2616
618 619 2617
619 620 2618
620 621 2619
621 622 2620
622 623 2621
623 624 2622
624 625 2623
625 626 2624
626 627 2625
627 628 2626
628 629 2627
629 630 2628
630 631 2629
631 632 2630
632 633 2631
633 634 2632
634 635 2633
635 636 2634
636 637 2635
637 638 2636
638 639 2637
639 640 2638
640 641 2639
641 642 2640
642 643 2641
643 644 2642
644 645 2643
645 646 2644
646 647 2645
647 648 2646
648 649 2647
649 650 2648
650 651 2649
651 652 2650
652 653 2651
653 654 2652
654 655 2653
655 656 2654
656 657 2655
657 658 2656
658 659 2657
659 660 2658
660 661 2659
661 662 2660
662 663 2661
663 664 2662
664 665 2663
665 666 2664
666 667 2665
667 668 2666
668 669 2667
669 670 2668
670 671 2669
671 672 2670
672 673 2671
673 674 2672
674 675 2673
675 676 2674
676 677 2675
677 678 2676
678 679 2677
679 680 2678
680 681 2679
681 682 2680
682 683 2681
683 684 2682
684 685 2683
685 686 2684
686 687 2685
687 688 2686
688 689 2687
689 690 2688
690 691 2689
691 692 2690
692 693 2691
693 694 2692
694 695 2693
695 696 2694
696 697 2695
697 698 2696
698 699 2697
699 700 2698
700 701 2699
701 702 2700
702 703 2701
703 704 2702
704 705 2703
705 706 2704
706 707 2705
707 708 2706
708 709 2707
709 710 2708
710 711 2709
711 712 2710
712 713 2711
713 714 2712
714 715 2713
715 716 2714
716 717 2715
717 718 2716
718 719 2717
719 720 2718
720 721 2719
721 722 2720
722 723 2721
723 724 2722
724 725 2723
725 726 2724
726 727 2725
727 728 2726
728 729 2727
729 730 2728
730 731 2729
731 732 2730
732 733 2731
733 734 2732
734 735 2733
735 736 2734
736 737 2735
737 738 2736
738 739 2737
739 740 2738
740 741 2739
741 742 2740
742 743 2741
743 744 2742
744 745 2743
745 746 2744
746 747 2745
747 748 2746
748 749 2747
749 750 2748
750 751 2749
751 752 2750
752 753 2751
753 754 2752
754 755 2753
755 756 2754
756 757 2755
757 758 2756
758 759 2757
759 760 2758
760 761 2759
761 762 2760
762 763 2761
763 764 2762
764 765 2763
765 766 2764
766 767 2765
767 768 2766
768 769 2767
769 770 2768
770 771 2769
771 772 2770
772 773 2771
773 774 2772
774 775 2773
775 776 2774
776 777 2775
777 778 2776
778 779 2777
779 780 2778
780 781 2779
781 782 2780
782 783 2781
783 784 2782
784 785 2783
785 786 2784
786 787 2785
787 788 2786
788 789 2787
789 790 2788
790 791 2789
791 792 2790
792 793 2791
793 794 2792
794 795 2793
795 796 2794
796 797 2795
797 798 2796
798 799 2797
799 800 2798
800 801 2799
801 802 2800
802 803 2801
803 804 2802
804 805 2803
805 806 2804
806 807 2805
807 808 2806
808 809 2807
809 810 2808
810 811 2809
811 812 2810
812 813 2811
813 814 2812
814 815 2813
815 816 2814
816 817 2815
817 818 2816
818 819 2817
819 820 2818
820 821 2819
821 822 2820
822 823 2821
823 824 2822
824 825 2823
825 826 2824
826 827 2825
827 828 2826
828 829 2827
829 830 2828
830 831 2829
831 832 2830
832 833 2831
833 834 2832
834 835 2833
835 836 2834
836 837 2835
837 838 2836
838 839 2837
839 840 2838
840 841 2839
841 842 2840
842 843 2841
843 844 2842
844 845 2843
845 846 2844
846 847 2845
847 848 2846
848 849 2847
849 850 2848
850 851 2849
851 852 2850
852 853 2851
853 854 2852
854 855 2853
855 856 2854
856 857 2855
857 858 2856
858 859 2857
859 860 2858
860 861 2859
861 862 2860
862 863 2861
863 864 2862
864 865 2863
865 866 2864
866 867 2865
867 868 2866
868 869 2867
869 870 2868
870 871 2869
871 872 2870
872 873 2871
873 874 2872
874 875 2873
875 876 2874
876 877 2875
877 878 2876
878 879 2877
879 880 2878
880 881 2879
881 882 2880
882 883 2881
883 884 2882
884 885 2883
885 886 2884
886 887 2885
887 888 2886
888 889 2887
889 890 2888
890 891 2889
891 892 2890
892 893 2891
893 894 2892
894 895 2893
895 896 2894
896 897 2895
897 898 2896
898 899 2897
899 900 2898
900 901 2899
901 902 2900
902 903 2901
903 904 2902
904 905 2903
905 906 2904
906 907 2905
907 908 2906
908 909 2907
909 910 2908
910 911 2909
911 912 2910
912 913 2911
913 914 2912
914 915 2913
915 916 2914
916 917 2915
917 918 2916
918 919 2917
919 920 2918
920 921 2919
921 922 2920
922 923 2921
923 924 2922
924 925 2923
925 926 2924
926 927 2925
927 928 2926
928 929 2927
929 930 2928
930 931 2929
931 932 2930
932 933 2931
933 934 2932
934 935 2933
935 936 2934
936 937 2935
937 938 2936
938 939 2937
939 940 2938
940 941 2939
941 942 2940
942 943 2941
943 944 2942
944 945 2943
945 946 2944
946 947 2945
947 948 2946
948 949 2947
949 950 2948
950 951 2949
951 952 2950
952 953 2951
953 954 2952
954 955 2953
955 956 2954
956 957 2955
957 958 2956
958 959 2957
959 960 2958
960 961 2959
961 962 2960
962 963 2961
963 964 2962
964 965 2963
965 966 2964
966 967 2965
967 968 2966
968 969 2967
969 970 2968
970 971 2969
971 972 2970
972 973 2971
973 974 2972
974 975 2973
975 976 2974
976 977 2975
977 978 2976
978 979 2977
979 980 2978
980 981 2979
981 982 2980
982 983 2981
983 984 2982
984 985 2983
985 986 2984
986 987 2985
987 988 2986
988 989 2987
989 990 2988
990 991 2989
991 992 2990
992 993 2991
993 994 2992
994 995 2993
995 996 2994
996 997 2995
997 998 2996
998 999 2997
999 1000 2998
1000 1001 2999
1001 1002 3000
1002 1003 3001
1003 2 3002
1 1004 3004
1004 1005 3005
1005 1006 3006
1006 1007 3007
1007 1008 3008
1008 1009 3009
1009 1010 3010
1010 1011 3011
1011 1012 3012
1012 1013 3013
1013 1014 3014
1014 1015 3015
1015 1016 3016
1016 1017 3017
1017 1018 3018
1018 1019 3019
1019 1020 3020
1020 1021 3021
1021 1022 3022
1022 1023 3023
1023 1024 3024
1024 1025 3025
1025 1026 3026
1026 1027 3027
1027 1028 3028
1028 1029 3029
1029 1030 3030
1030 1031 3031
1031 1032 3032
1032 1033 3033
1033 1034 3034
1034 1035 3035
1035 1036 3036
1036 1037 3037
1037 1038 3038
1038 1039 3039
1039 1040 3040
1040 1041 3041
1041 1042 3042
1042 1043 3043
1043 1044 3044
1044 1045 3045
1045 1046 3046
1046 1047 3047
1047 1048 3048
1048 1049 3049
1049 1050 3050
1050 1051 3051
1051 1052 3052
1052 1053 3053
1053 1054 3054
1054 1055 3055
1055 1056 3056
1056 1057 3057
1057 1058 3058
1058 1059 3059
1059 1060 3060
1060 1061 3061
1061 1062 3062
1062 1063 3063
1063 1064 3064
1064 1065 3065
1065 1066 3066
1066 1067 3067
1067 1068 3068
1068 1069 3069
1069 1070 3070
1070 1071 3071
1071 1072 3072
1072 1073 3073
1073 1074 3074
1074 1075 3075
1075 1076 3076
1076 1077 3077
1077 1078 3078
1078 1079 3079
1079 1080 3080
1080 1081 3081
1081 1082 3082
1082 1083 3083
1083 1084 3084
1084 1085 3085
1085 1086 3086
1086 1087 3087
1087 1088 3088
1088 1089 3089
1089 1090 3090
1090 1091 3091
1091 1092 3092
1092 1093 3093
1093 1094 3094
1094 1095 3095
1095 1096 3096
1096 1097 3097
1097 1098 3098
1098 1099 3099
1099 1100 3100
1100 1101 3101
1101 1102 3102
1102 1103 3103
1103 1104 3104
1104 1105 3105
1105 1106 3106
1106 1107 3107
1107 1108 3108
1108 1109 3109
1109 1110 3110
1110 1111 3111
1111 1112 3112
1112 1113 3113
1113 1114 3114
1114 1115 3115
1115 1116 3116
1116 1117 3117
1117 1118 3118
1118 1119 3119
1119 1120 3120
1120 1121 3121
1121 1122 3122
1122 1123 3123
1123 1124 3124
1124 1125 3125
1125 1126 3126
1126 1127 3127
1127 1128 3128
1128 1129 3129
1129 1130 3130
1130 1131 3131
1131 1132 3132
1132 1133 3133
1133 1134 3134
1134 1135 3135
1135 1136 3136
1136 1137 3137
1137 1138 3138
1138 1139 3139
1139 1140 3140
1140 1141 3141
1141 1142 3142
1142 1143 3143
1143 1144 3144
1144 1145 3145
1145 1146 3146
1146 1147 3147
1147 1148 3148
1148 1149 3149
1149 1150 3150
1150 1151 3151
1151 1152 3152
1152 1153 3153
1153 1154 3154
1154 1155 3155
1155 1156 3156
1156 1157 3157
1157 1158 3158
1158 1159 3159
1159 1160 3160
1160 1161 3161
1161 1162 3162
1162 1163 3163
1163 1164 3164
1164 1165 3165
1165 1166 3166
1166 1167 3167
1167 1168 3168
1168 1169 3169
1169 1170 3170
1170 1171 3171
1171 1172 3172
1172 1173 3173
1173 1174 3174
1174 1175 3175
1175 1176 3176
1176 1177 3177
1177 1178 3178
1178 1179 3179
1179 1180 3180
1180 1181 3181
1181 1182 3182
1182 1183 3183
1183 1184 3184
1184 1185 3185
1185 1186 3186
1186 1187 3187
1187 1188 3188
1188 1189 3189
1189 1190 3190
1190 1191 3191
1191 1192 3192
1192 1193 3193
1193 1194 3194
1194 1195 3195
1195 1196 3196
1196 1197 3197
1197 1198 3198
1198 1199 3199
1199 1200 3200
1200 1201 3201
1201 1202 3202
1202 1203 3203
1203 1204 3204
1204 1205 3205
1205 1206 3206
1206 1207 3207
1207 1208 3208
1208 1209 3209
1209 1210 3210
1210 1211 3211
1211 1212 3212
1212 1213 3213
1213 1214 3214
1214 1215 3215
1215 1216 3216
1216 1217 3217
1217 1218 3218
1218 1219 3219
1219 1220 3220
1220 1221 3221
1221 1222 3222
1222 1223 3223
1223 1224 3224
1224 1225 3225
1225 1226 3226
1226 1227 3227
1227 1228 3228
1228 1229 3229
1229 1230 3230
1230 1231 3231
1231 1232 3232
1232 1233 3233
1233 1234 3234
1234 1235 3235
1235 1236 3236
1236 1237 3237
1237 1238 3238
1238 1239 3239
1239 1240 3240
1240 1241 3241
1241 1242 3242
1242 1243 3243
1243 1244 3244
1244 1245 3245
1245 1246 3246
1246 1247 3247
1247 1248 3248
1248 1249 3249
1249 1250 3250
1250 1251 3251
1251 1252 3252
1252 1253 3253
1253 1254 3254
1254 1255 3255
1255 1256 3256
1256 1257 3257
1257 1258 3258
1258 1259 3259
1259 1260 3260
1260 1261 3261
1261 1262 3262
1262 1263 3263
1263 1264 3264
1264 1265 3265
1265 1266 3266
1266 1267 3267
1267 1268 3268
1268 1269 3269
1269 1270 3270
1270 1271 3271
1271 1272 3272
1272 1273 3273
1273 1274 3274
1274 1275 3275
1275 1276 3276
1276 1277 3277
1277 1278 3278
1278 1279 3279
1279 1280 3280
1280 1281 3281
1281 1282 3282
1282 1283 3283
1283 1284 3284
1284 1285 3285
1285 1286 3286
1286 1287 3287
1287 1288 3288
1288 1289 3289
1289 1290 3290
1290 1291 3291
1291 1292 3292
1292 1293 3293
1293 1294 3294
1294 1295 3295
1295 1296 3296
1296 1297 3297
1297 1298 3298
1298 1299 3299
1299 1300 3300
1300 1301 3301
1301 1302 3302
1302 1303 3303
1303 1304 3304
1304 1305 3305
1305 1306 3306
1306 1307 3307
1307 1308 3308
1308 1309 3309
1309 1310 3310
1310 1311 3311
1311 1312 3312
1312 1313 3313
1313 1314 3314
1314 1315 3315
1315 1316 3316
1316 1317 3317
1317 1318 3318
1318 1319 3319
1319 1320 3320
1320 1321 3321
1321 1322 3322
1322 1323 3323
1323 1324 3324
1324 1325 3325
1325 1326 3326
1326 1327 3327
1327 1328 3328
1328 1329 3329
1329 1330 3330
1330 1331 3331
1331 1332 3332
1332 1333 3333
1333 1334 3334
1334 1335 3335
1335 1336 3336
1336 1337 3337
1337 1338 3338
1338 1339 3339
1339 1340 3340
1340 1341 3341
1341 1342 3342
1342 1343 3343
1343 1344 3344
1344 1345 3345
1345 1346 3346
1346 1347 3347
1347 1348 3348
1348 1349 3349
1349 1350 3350
1350 1351 3351
1351 1352 3352
1352 1353 3353
1353 1354 3354
1354 1355 3355
1355 1356 3356
1356 1357 3357
1357 1358 3358
1358 1359 3359
1359 1360 3360
1360 1361 3361
1361 1362 3362
1362 1363 3363
1363 1364 3364
1364 1365 3365
1365 1366 3366
1366 1367 3367
1367 1368 3368
1368 1369 3369
1369 1370 3370
1370 1371 3371
1371 1372 3372
1372 1373 3373
1373 1374 3374
1374 1375 3375
1375 1376 3376
1376 1377 3377
1377 1378 3378
1378 1379 3379
1379 1380 3380
1380 1381 3381
1381 1382 3382
1382 1383 3383
1383 1384 3384
1384 1385 3385
1385 1386 3386
1386 1387 3387
1387 1388 3388
1388 1389 3389
1389 1390 3390
1390 1391 3391
1391 1392 3392
1392 1393 3393
1393 1394 3394
1394 1395 3395
1395 1396 3396
1396 1397 3397
1397 1398 3398
1398 1399 3399
1399 1400 3400
1400 1401 3401
1401 1402 3402
1402 1403 3403
1403 1404 3404
1404 1405 3405
1405 1406 3406
1406 1407 3407
1407 1408 3408
1408 1409 3409
1409 1410 3410
1410 1411 3411
1411 1412 3412
1412 1413 3413
1413 1414 3414
1414 1415 3415
1415 1416 3416
1416 1417 3417
1417 1418 3418
1418 1419 3419
1419 1420 3420
1420 1421 3421
1421 1422 3422
1422 1423 3423
1423 1424 3424
1424 1425 3425
1425 1426 3426
1426 1427 3427
1427 1428 3428
1428 1429 3429
1429 1430 3430
1430 1431 3431
1431 1432 3432
1432 1433 3433
1433 1434 3434
1434 1435 3435
1435 1436 3436
1436 1437 3437
1437 1438 3438
1438 1439 3439
1439 1440 3440
1440 1441 3441
1441 1442 3442
1442 1443 3443
1443 1444 3444
1444 1445 3445
1445 1446 3446
1446 1447 3447
1447 1448 3448
1448 1449 3449
1449 1450 3450
1450 1451 3451
1451 1452 3452
1452 1453 3453
1453 1454 3454
1454 1455 3455
1455 1456 3456
1456 1457 3457
1457 1458 3458
1458 1459 3459
1459 1460 3460
1460 1461 3461
1461 1462 3462
1462 1463 3463
1463 1464 3464
1464 1465 3465
1465 1466 3466
1466 1467 3467
1467 1468 3468
1468 1469 3469
1469 1470 3470
1470 1471 3471
1471 1472 3472
1472 1473 3473
1473 1474 3474
1474 1475 3475
1475 1476 3476
1476 1477 3477
1477 1478 3478
1478 1479 3479
1479 1480 3480
1480 1481 3481
1481 1482 3482
1482 1483 3483
1483 1484 3484
1484 1485 3485
1485 1486 3486
1486 1487 3487
1487 1488 3488
1488 1489 3489
1489 1490 3490
1490 1491 3491
1491 1492 3492
1492 1493 3493
1493 1494 3494
1494 1495 3495
1495 1496 3496
1496 1497 3497
1497 1498 3498
1498 1499 3499
1499 1500 3500
1500 1501 3501
1501 1502 3502
1502 1503 3503
1503 1504 3504
1504 1505 3505
1505 1506 3506
1506 1507 3507
1507 1508 3508
1508 1509 3509
1509 1510 3510
1510 1511 3511
1511 1512 3512
1512 1513 3513
1513 1514 3514
1514 1515 3515
1515 1516 3516
1516 1517 3517
1517 1518 3518
1518 1519 3519
1519 1520 3520
1520 1521 3521
1521 1522 3522
1522 1523 3523
1523 1524 3524
1524 1525 3525
1525 1526 3526
1526 1527 3527
1527 1528 3528
1528 1529 3529
1529 1530 3530
1530 1531 3531
1531 1532 3532
1532 1533 3533
1533 1534 3534
1534 1535 3535
1535 1536 3536
1536 1537 3537
1537 1538 3538
1538 1539 3539
1539 1540 3540
1540 1541 3541
1541 1542 3542
1542 1543 3543
1543 1544 3544
1544 1545 3545
1545 1546 3546
1546 1547 3547
1547 1548 3548
1548 1549 3549
1549 1550 3550
1550 1551 3551
1551 1552 3552
1552 1553 3553
1553 1554 3554
1554 1555 3555
1555 1556 3556
1556 1557 3557
1557 1558 3558
1558 1559 3559
1559 1560 3560
1560 1561 3561
1561 1562 3562
1562 1563 3563
1563 1564 3564
1564 1565 3565
1565 1566 3566
1566 1567 3567
1567 1568 3568
1568 1569 3569
1569 1570 3570
1570 1571 3571
1571 1572 3572
1572 1573 3573
1573 1574 3574
1574 1575 3575
1575 1576 3576
1576 1577 3577
1577 1578 3578
1578 1579 3579
1579 1580 3580
1580 1581 3581
1581 1582 3582
1582 1583 3583
1583 1584 3584
1584 1585 3585
1585 1586 3586
1586 1587 3587
1587 1588 3588
1588 1589 3589
1589 1590 3590
1590 1591 3591
1591 1592 3592
1592 1593 3593
1593 1594 3594
1594 1595 3595
1595 1596 3596
1596 1597 3597
1597 1598 3598
1598 1599 3599
1599 1600 3600
1600 1601 3601
1601 1602 3602
1602 1603 3603
1603 1604 3604
1604 1605 3605
1605 1606 3606
1606 1607 3607
1607 1608 3608
1608 1609 3609
1609 1610 3610
1610 1611 3611
1611 1612 3612
1612 1613 3613
1613 1614 3614
1614 1615 3615
1615 1616 3616
1616 1617 3617
1617 1618 3618
1618 1619 3619
1619 1620 3620
1620 1621 3621
1621 1622 3622
1622 1623 3623
1623 1624 3624
1624 1625 3625
1625 1626 3626
1626 1627 3627
1627 1628 3628
1628 1629 3629
1629 1630 3630
1630 1631 3631
1631 1632 3632
1632 1633 3633
1633 1634 3634
1634 1635 3635
1635 1636 3636
1636 1637 3637
1637 1638 3638
1638 1639 3639
1639 1640 3640
1640 1641 3641
1641 1642 3642
1642 1643 3643
1643 1644 3644
1644 1645 3645
1645 1646 3646
1646 1647 3647
1647 1648 3648
1648 1649 3649
1649 1650 3650
1650 1651 3651
1651 1652 3652
1652 1653 3653
1653 1654 3654
1654 1655 3655
1655 1656 3656
1656 1657 3657
1657 1658 3658
1658 1659 3659
1659 1660 3660
1660 1661 3661
1661 1662 3662
1662 1663 3663
1663 1664 3664
1664 1665 3665
1665 1666 3666
1666 1667 3667
1667 1668 3668
1668 1669 3669
1669 1670 3670
1670 1671 3671
1671 1672 3672
1672 1673 3673
1673 1674 3674
1674 1675 3675
1675 1676 3676
1676 1677 3677
1677 1678 3678
1678 1679 3679
1679 1680 3680
1680 1681 3681
1681 1682 3682
1682 1683 3683
1683 1684 3684
1684 1685 3685
1685 1686 3686
1686 1687 3687
1687 1688 3688
1688 1689 3689
1689 1690 3690
1690 1691 3691
1691 1692 3692
1692 1693 3693
1693 1694 3694
1694 1695 3695
1695 1696 3696
1696 1697 3697
1697 1698 3698
1698 1699 3699
1699 1700 3700
1700 1701 3701
1701 1702 3702
1702 1703 3703
1703 1704 3704
1704 1705 3705
1705 1706 3706
1706 1707 3707
1707 1708 3708
1708 1709 3709
1709 1710 3710
1710 1711 3711
1711 1712 3712
1712 1713 3713
1713 1714 3714
1714 1715 3715
1715 1716 3716
1716 1717 3717
1717 1718 3718
1718 1719 3719
1719 1720 3720
1720 1721 3721
1721 1722 3722
1722 1723 3723
1723 1724 3724
1724 1725 3725
1725 1726 3726
1726 1727 3727
1727 1728 3728
1728 1729 3729
1729 1730 3730
1730 1731 3731
1731 1732 3732
1732 1733 3733
1733 1734 3734
1734 1735 3735
1735 1736 3736
1736 1737 3737
1737 1738 3738
1738 1739 3739
1739 1740 3740
1740 1741 3741
1741 1742 3742
1742 1743 3743
1743 1744 3744
1744 1745 3745
1745 1746 3746
1746 1747 3747
1747 1748 3748
1748 1749 3749
1749 1750 3750
1750 1751 3751
1751 1752 3752
1752 1753 3753
1753 1754 3754
1754 1755 3755
1755 1756 3756
1756 1757 3757
1757 1758 3758
1758 1759 3759
1759 1760 3760
1760 1761 3761
1761 1762 3762
1762 1763 3763
1763 1764 3764
1764 1765 3765
1765 1766 3766
1766 1767 3767
1767 1768 3768
1768 1769 3769
1769 1770 3770
1770 1771 3771
1771 1772 3772
1772 1773 3773
1773 1774 3774
1774 1775 3775
1775 1776 3776
1776 1777 3777
1777 1778 3778
1778 1779 3779
1779 1780 3780
1780 1781 3781
1781 1782 3782
1782 1783 3783
1783 1784 3784
1784 1785 3785
1785 1786 3786
1786 1787 3787
1787 1788 3788
1788 1789 3789
1789 1790 3790
1790 1791 3791
1791 1792 3792
1792 1793 3793
1793 1794 3794
1794 1795 3795
1795 1796 3796
1796 1797 3797
1797 1798 3798
1798 1799 3799
1799 1800 3800
1800 1801 3801
1801 1802 3802
1802 1803 3803
1803 1804 3804
1804 1805 3805
1805 1806 3806
1806 1807 3807
1807 1808 3808
1808 1809 3809
1809 1810 3810
1810 1811 3811
1811 1812 3812
1812 1813 3813
1813 1814 3814
1814 1815 3815
1815 1816 3816
1816 1817 3817
1817 1818 3818
1818 1819 3819
1819 1820 3820
1820 1821 3821
1821 1822 3822
1822 1823 3823
1823 1824 3824
1824 1825 3825
1825 1826 3826
1826 1827 3827
1827 1828 3828
1828 1829 3829
1829 1830 3830
1830 1831 3831
1831 1832 3832
1832 1833 3833
1833 1834 3834
1834 1835 3835
1835 1836 3836
1836 1837 3837
1837 1838 3838
1838 1839 3839
1839 1840 3840
1840 1841 3841
1841 1842 3842
1842 1843 3843
1843 1844 3844
1844 1845 3845
1845 1846 3846
1846 1847 3847
1847 1848 3848
1848 1849 3849
1849 1850 3850
1850 1851 3851
1851 1852 3852
1852 1853 3853
1853 1854 3854
1854 1855 3855
1855 1856 3856
1856 1857 3857
1857 1858 3858
1858 1859 3859
1859 1860 3860
1860 1861 3861
1861 1862 3862
1862 1863 3863
1863 1864 3864
1864 1865 3865
1865 1866 3866
1866 1867 3867
1867 1868 3868
1868 1869 3869
1869 1870 3870
1870 1871 3871
1871 1872 3872
1872 1873 3873
1873 1874 3874
1874 1875 3875
1875 1876 3876
1876 1877 3877
1877 1878 3878
1878 1879 3879
1879 1880 3880
1880 1881 3881
1881 1882 3882
1882 1883 3883
1883 1884 3884
1884 1885 3885
1885 1886 3886
1886 1887 3887
1887 1888 3888
1888 1889 3889
1889 1890 3890
1890 1891 3891
1891 1892 3892
1892 1893 3893
1893 1894 3894
1894 1895 3895
1895 1896 3896
1896 1897 3897
1897 1898 3898
1898 1899 3899
1899 1900 3900
1900 1901 3901
1901 1902 3902
1902 1903 3903
1903 1904 3904
1904 1905 3905
1905 1906 3906
1906 1907 3907
1907 1908 3908
1908 1909 3909
1909 1910 3910
1910 1911 3911
1911 1912 3912
1912 1913 3913
1913 1914 3914
1914 1915 3915
1915 1916 3916
1916 1917 3917
1917 1918 3918
1918 1919 3919
1919 1920 3920
1920 1921 3921
1921 1922 3922
1922 1923 3923
1923 1924 3924
1924 1925 3925
1925 1926 3926
1926 1927 3927
1927 1928 3928
1928 1929 3929
1929 1930 3930
1930 1931 3931
1931 1932 3932
1932 1933 3933
1933 1934 3934
1934 1935 3935
1935 1936 3936
1936 1937 3937
1937 1938 3938
1938 1939 3939
1939 1940 3940
1940 1941 3941
1941 1942 3942
1942 1943 3943
1943 1944 3944
1944 1945 3945
1945 1946 3946
1946 1947 3947
1947 1948 3948
1948 1949 3949
1949 1950 3950
1950 1951 3951
1951 1952 3952
1952 1953 3953
1953 1954 3954
1954 1955 3955
1955 1956 3956
1956 1957 3957
1957 1958 3958
1958 1959 3959
1959 1960 3960
1960 1961 3961
1961 1962 3962
1962 1963 3963
1963 1964 3964
1964 1965 3965
1965 1966 3966
1966 1967 3967
1967 1968 3968
1968 1969 3969
1969 1970 3970
1970 1971 3971
1971 1972 3972
1972 1973 3973
1973 1974 3974
1974 1975 3975
1975 1976 3976
1976 1977 3977
1977 1978 3978
1978 1979 3979
1979 1980 3980
1980 1981 3981
1981 1982 3982
1982 1983 3983
1983 1984 3984
1984 1985 3985
1985 1986 3986
1986 1987 3987
1987 1988 3988
1988 1989 3989
1989 1990 3990
1990 1991 3991
1991 1992 3992
1992 1993 3993
1993 1994 3994
1994 1995 3995
1995 1996 3996
1996 1997 3997
1997 1998 3998
1998 1999 3999
1999 2000 4000
2000 2001 4001
2001 2002 4002
2002 2003 4003
1 2004 1
2004 2005 2
2005 2006 3
2006 2007 4
2007 2008 5
2008 2009 6
2009 2010 7
2010 2011 8
2011 2012 9
2012 2013 10
2013 2014 11
2014 2015 12
2015 2016 13
2016 2017 14
2017 2018 15
2018 2019 16
2019 2020 17
2020 2021 18
2021 2022 19
2022 2023 20
2023 2024 21
2024 2025 22
2025 2026 23
2026 2027 24
2027 2028 25
2028 2029 26
2029 2030 27
2030 2031 28
2031 2032 29
2032 2033 30
2033 2034 31
2034 2035 32
2035 2036 33
2036 2037 34
2037 2038 35
2038 2039 36
2039 2040 37
2040 2041 38
2041 2042 39
2042 2043 40
2043 2044 41
2044 2045 42
2045 2046 43
2046 2047 44
2047 2048 45
2048 2049 46
2049 2050 47
2050 2051 48
2051 2052 49
2052 2053 50
2053 2054 51
2054 2055 52
2055 2056 53
2056 2057 54
2057 2058 55
2058 2059 56
2059 2060 57
2060 2061 58
2061 2062 59
2062 2063 60
2063 2064 61
2064 2065 62
2065 2066 63
2066 2067 64
2067 2068 65
2068 2069 66
2069 2070 67
2070 2071 68
2071 2072 69
2072 2073 70
2073 2074 71
2074 2075 72
2075 2076 73
2076 2077 74
2077 2078 75
2078 2079 76
2079 2080 77
2080 2081 78
2081 2082 79
2082 2083 80
2083 2084 81
2084 2085 82
2085 2086 83
2086 2087 84
2087 2088 85
2088 2089 86
2089 2090 87
2090 2091 88
2091 2092 89
2092 2093 90
2093 2094 91
2094 2095 92
2095 2096 93
2096 2097 94
2097 2098 95
2098 2099 96
2099 2100 97
2100 2101 98
2101 2102 99
2102 2103 100
2103 2104 101
2104 2105 102
2105 2106 103
2106 2107 104
2107 2108 105
2108 2109 106
2109 2110 107
2110 2111 108
2111 2112 109
2112 2113 110
2113 2114 111
2114 2115 112
2115 2116 113
2116 2117 114
2117 2118 115
2118 2119 116
2119 2120 117
2120 2121 118
2121 2122 119
2122 2123 120
2123 2124 121
2124 2125 122
2125 2126 123
2126 2127 124
2127 2128 125
2128 2129 126
2129 2130 127
2130 2131 128
2131 2132 129
2132 2133 130
2133 2134 131
2134 2135 132
2135 2136 133
2136 2137 134
2137 2138 135
2138 2139 136
2139 2140 137
2140 2141 138
2141 2142 139
2142 2143 140
2143 2144 141
2144 2145 142
2145 2146 143
2146 2147 144
2147 2148 145
2148 2149 146
2149 2150 147
2150 2151 148
2151 2152 149
2152 2153 150
2153 2154 151
2154 2155 152
2155 2156 153
2156 2157 154
2157 2158 155
2158 2159 156
2159 2160 157
2160 2161 158
2161 2162 159
2162 2163 160
2163 2164 161
2164 2165 162
2165 2166 163
2166 2167 164
2167 2168 165
2168 2169 166
2169 2170 167
2170 2171 168
2171 2172 169
2172 2173 170
2173 2174 171
2174 2175 172
2175 2176 173
2176 2177 174
2177 2178 175
2178 2179 176
2179 2180 177
2180 2181 178
2181 2182 179
2182 2183 180
2183 2184 181
2184 2185 182
2185 2186 183
2186 2187 184
2187 2188 185
2188 2189 186
2189 2190 187
2190 2191 188
2191 2192 189
2192 2193 190
2193 2194 191
2194 2195 192
2195 2196 193
2196 2197 194
2197 2198 195
2198 2199 196
2199 2200 197
2200 2201 198
2201 2202 199
2202 2203 200
2203 2204 201
2204 2205 202
2205 2206 203
2206 2207 204
2207 2208 205
2208 2209 206
2209 2210 207
2210 2211 208
2211 2212 209
2212 2213 210
2213 2214 211
2214 2215 212
2215 2216 213
2216 2217 214
2217 2218 215
2218 2219 216
2219 2220 217
2220 2221 218
2221 2222 219
2222 2223 220
2223 2224 221
2224 2225 222
2225 2226 223
2226 2227 224
2227 2228 225
2228 2229 226
2229 2230 227
2230 2231 228
2231 2232 229
2232 2233 230
2233 2234 231
2234 2235 232
2235 2236 233
2236 2237 234
2237 2238 235
2238 2239 236
2239 2240 237
2240 2241 238
2241 2242 239
2242 2243 240
2243 2244 241
2244 2245 242
2245 2246 243
2246 2247 244
2247 2248 245
2248 2249 246
2249 2250 247
2250 2251 248
2251 2252 249
2252 2253 250
2253 2254 251
2254 2255 252
2255 2256 253
2256 2257 254
2257 2258 255
2258 2259 256
2259 2260 257
2260 2261 258
2261 2262 259
2262 2263 260
2263 2264 261
2264 2265 262
2265 2266 263
2266 2267 264
2267 2268 265
2268 2269 266
2269 2270 267
2270 2271 268
2271 2272 269
2272 2273 270
2273 2274 271
2274 2275 272
2275 2276 273
2276 2277 274
2277 2278 275
2278 2279 276
2279 2280 277
2280 2281 278
2281 2282 279
2282 2283 280
2283 2284 281
2284 2285 282
2285 2286 283
2286 2287 284
2287 2288 285
2288 2289 286
2289 2290 287
2290 2291 288
2291 2292 289
2292 2293 290
2293 2294 291
2294 2295 292
2295 2296 293
2296 2297 294
2297 2298 295
2298 2299 296
2299 2300 297
2300 2301 298
2301 2302 299
2302 2303 300
2303 2304 301
2304 2305 302
2305 2306 303
2306 2307 304
2307 2308 305
2308 2309 306
2309 2310 307
2310 2311 308
2311 2312 309
2312 2313 310
2313 2314 311
2314 2315 312
2315 2316 313
2316 2317 314
2317 2318 315
2318 2319 316
2319 2320 317
2320 2321 318
2321 2322 319
2322 2323 320
2323 2324 321
2324 2325 322
2325 2326 323
2326 2327 324
2327 2328 325
2328 2329 326
2329 2330 327
2330 2331 328
2331 2332 329
2332 2333 330
2333 2334 331
2334 2335 332
2335 2336 333
2336 2337 334
2337 2338 335
2338 2339 336
2339 2340 337
2340 2341 338
2341 2342 339
2342 2343 340
2343 2344 341
2344 2345 342
2345 2346 343
2346 2347 344
2347 2348 345
2348 2349 346
2349 2350 347
2350 2351 348
2351 2352 349
2352 2353 350
2353 2354 351
2354 2355 352
2355 2356 353
2356 2357 354
2357 2358 355
2358 2359 356
2359 2360 357
2360 2361 358
2361 2362 359
2362 2363 360
2363 2364 361
2364 2365 362
2365 2366 363
2366 2367 364
2367 2368 365
2368 2369 366
2369 2370 367
2370 2371 368
2371 2372 369
2372 2373 370
2373 2374 371
2374 2375 372
2375 2376 373
2376 2377 374
2377 2378 375
2378 2379 376
2379 2380 377
2380 2381 378
2381 2382 379
2382 2383 380
2383 2384 381
2384 2385 382
2385 2386 383
2386 2387 384
2387 2388 385
2388 2389 386
2389 2390 387
2390 2391 388
2391 2392 389
2392 2393 390
2393 2394 391
2394 2395 392
2395 2396 393
2396 2397 394
2397 2398 395
2398 2399 396
2399 2400 397
2400 2401 398
2401 2402 399
2402 2403 400
2403 2404 401
2404 2405 402
2405 2406 403
2406 2407 404
2407 2408 405
2408 2409 406
2409 2410 407
2410 2411 408
2411 2412 409
2412 2413 410
2413 2414 411
2414 2415 412
2415 2416 413
2416 2417 414
2417 2418 415
2418 2419 416
2419 2420 417
2420 2421 418
2421 2422 419
2422 2423 420
2423 2424 421
2424 2425 422
2425 2426 423
2426 2427 424
2427 2428 425
2428 2429 426
2429 2430 427
2430 2431 428
2431 2432 429
2432 2433 430
2433 2434 431
2434 2435 432
2435 2436 433
2436 2437 434
2437 2438 435
2438 2439 436
2439 2440 437
2440 2441 438
2441 2442 439
2442 2443 440
2443 2444 441
2444 2445 442
2445 2446 443
2446 2447 444
2447 2448 445
2448 2449 446
2449 2450 447
2450 2451 448
2451 2452 449
2452 2453 450
2453 2454 451
2454 2455 452
2455 2456 453
2456 2457 454
2457 2458 455
2458 2459 456
2459 2460 457
2460 2461 458
2461 2462 459
2462 2463 460
2463 2464 461
2464 2465 462
2465 2466 463
2466 2467 464
2467 2468 465
2468 2469 466
2469 2470 467
2470 2471 468
2471 2472 469
2472 2473 470
2473 2474 471
2474 2475 472
2475 2476 473
2476 2477 474
2477 2478 475
2478 2479 476
2479 2480 477
2480 2481 478
2481 2482 479
2482 2483 480
2483 2484 481
2484 2485 482
2485 2486 483
2486 2487 484
2487 2488 485
2488 2489 486
2489 2490 487
2490 2491 488
2491 2492 489
2492 2493 490
2493 2494 491
2494 2495 492
2495 2496 493
2496 2497 494
2497 2498 495
2498 2499 496
2499 2500 497
2500 2501 498
2501 2502 499
2502 2503 500
2503 2504 501
2504 2505 502
2505 2506 503
2506 2507 504
2507 2508 505
2508 2509 506
2509 2510 507
2510 2511 508
2511 2512 509
2512 2513 510
2513 2514 511
2514 2515 512
2515 2516 513
2516 2517 514
2517 2518 515
2518 2519 516
2519 2520 517
2520 2521 518
2521 2522 519
2522 2523 520
2523 2524 521
2524 2525 522
2525 2526 523
2526 2527 524
2527 2528 525
2528 2529 526
2529 2530 527
2530 2531 528
2531 2532 529
2532 2533 530
2533 2534 531
2534 2535 532
2535 2536 533
2536 2537 534
2537 2538 535
2538 2539 536
2539 2540 537
2540 2541 538
2541 2542 539
2542 2543 540
2543 2544 541
2544 2545 542
2545 2546 543
2546 2547 544
2547 2548 545
2548 2549 546
2549 2550 547
2550 2551 548
2551 2552 549
2552 2553 550
2553 2554 551
2554 2555 552
2555 2556 553
2556 2557 554
2557 2558 555
2558 2559 556
2559 2560 557
2560 2561 558
2561 2562 559
2562 2563 560
2563 2564 561
2564 2565 562
2565 2566 563
2566 2567 564
2567 2568 565
2568 2569 566
2569 2570 567
2570 2571 568
2571 2572 569
2572 2573 570
2573 2574 571
2574 2575 572
2575 2576 573
2576 2577 574
2577 2578 575
2578 2579 576
2579 2580 577
2580 2581 578
2581 2582 579
2582 2583 580
2583 2584 581
2584 2585 582
2585 2586 583
2586 2587 584
2587 2588 585
2588 2589 586
2589 2590 587
2590 2591 588
2591 2592 589
2592 2593 590
2593 2594 591
2594 2595 592
2595 2596 593
2596 2597 594
2597 2598 595
2598 2599 596
2599 2600 597
2600 2601 598
2601 2602 599
2602 2603 600
2603 2604 601
2604 2605 602
2605 2606 603
2606 2607 604
2607 2608 605
2608 2609 606
2609 2610 607
2610 2611 608
2611 2612 609
2612 2613 610
2613 2614 611
2614 2615 612
2615 2616 613
2616 2617 614
2617 2618 615
2618 2619 616
2619 2620 617
2620 2621 618
2621 2622 619
2622 2623 620
2623 2624 621
2624 2625 622
2625 2626 623
2626 2627 624
2627 2628 625
2628 2629 626
2629 2630 627
2630 2631 628
2631 2632 629
2632 2633 630
2633 2634 631
2634 2635 632
2635 2636 633
2636 2637 634
2637 2638 635
2638 2639 636
2639 2640 637
2640 2641 638
2641 2642 639
2642 2643 640
2643 2644 641
2644 2645 642
2645 2646 643
2646 2647 644
2647 2648 645
2648 2649 646
2649 2650 647
2650 2651 648
2651 2652 649
2652 2653 650
2653 2654 651
2654 2655 652
2655 2656 653
2656 2657 654
2657 2658 655
2658 2659 656
2659 2660 657
2660 2661 658
2661 2662 659
2662 2663 660
2663 2664 661
2664 2665 662
2665 2666 663
2666 2667 664
2667 2668 665
2668 2669 666
2669 2670 667
2670 2671 668
2671 2672 669
2672 2673 670
2673 2674 671
2674 2675 672
2675 2676 673
2676 2677 674
2677 2678 675
2678 2679 676
2679 2680 677
2680 2681 678
2681 2682 679
2682 2683 680
2683 2684 681
2684 2685 682
2685 2686 683
2686 2687 684
2687 2688 685
2688 2689 686
2689 2690 687
2690 2691 688
2691 2692 689
2692 2693 690
2693 2694 691
2694 2695 692
2695 2696 693
2696 2697 694
2697 2698 695
2698 2699 696
2699 2700 697
2700 2701 698
2701 2702 699
2702 2703 700
2703 2704 701
2704 2705 702
2705 2706 703
2706 2707 704
2707 2708 705
2708 2709 706
2709 2710 707
2710 2711 708
2711 2712 709
2712 2713 710
2713 2714 711
2714 2715 712
2715 2716 713
2716 2717 714
2717 2718 715
2718 2719 716
2719 2720 717
2720 2721 718
2721 2722 719
2722 2723 720
2723 2724 721
2724 2725 722
2725 2726 723
2726 2727 724
2727 2728 725
2728 2729 726
2729 2730 727
2730 2731 728
2731 2732 729
2732 2733 730
2733 2734 731
2734 2735 732
2735 2736 733
2736 2737 734
2737 2738 735
2738 2739 736
2739 2740 737
2740 2741 738
2741 2742 739
2742 2743 740
2743 2744 741
2744 2745 742
2745 2746 743
2746 2747 744
2747 2748 745
2748 2749 746
2749 2750 747
2750 2751 748
2751 2752 749
2752 2753 750
2753 2754 751
2754 2755 752
2755 2756 753
2756 2757 754
2757 2758 755
2758 2759 756
2759 2760 757
2760 2761 758
2761 2762 759
2762 2763 760
2763 2764 761
2764 2765 762
2765 2766 763
2766 2767 764
2767 2768 765
2768 2769 766
2769 2770 767
2770 2771 768
2771 2772 769
2772 2773 770
2773 2774 771
2774 2775 772
2775 2776 773
2776 2777 774
2777 2778 775
2778 2779 776
2779 2780 777
2780 2781 778
2781 2782 779
2782 2783 780
2783 2784 781
2784 2785 782
2785 2786 783
2786 2787 784
2787 2788 785
2788 2789 786
2789 2790 787
2790 2791 788
2791 2792 789
2792 2793 790
2793 2794 791
2794 2795 792
2795 2796 793
2796 2797 794
2797 2798 795
2798 2799 796
2799 2800 797
2800 2801 798
2801 2802 799
2802 2803 800
2803 2804 801
2804 2805 802
2805 2806 803
2806 2807 804
2807 2808 805
2808 2809 806
2809 2810 807
2810 2811 808
2811 2812 809
2812 2813 810
2813 2814 811
2814 2815 812
2815 2816 813
2816 2817 814
2817 2818 815
2818 2819 816
2819 2820 817
2820 2821 818
2821 2822 819
2822 2823 820
2823 2824 821
2824 2825 822
2825 2826 823
2826 2827 824
2827 2828 825
2828 2829 826
2829 2830 827
2830 2831 828
2831 2832 829
2832 2833 830
2833 2834 831
2834 2835 832
2835 2836 833
2836 2837 834
2837 2838 835
2838 2839 836
2839 2840 837
2840 2841 838
2841 2842 839
2842 2843 840
2843 2844 841
2844 2845 842
2845 2846 843
2846 2847 844
2847 2848 845
2848 2849 846
2849 2850 847
2850 2851 848
2851 2852 849
2852 2853 850
2853 2854 851
2854 2855 852
2855 2856 853
2856 2857 854
2857 2858 855
2858 2859 856
2859 2860 857
2860 2861 858
2861 2862 859
2862 2863 860
2863 2864 861
2864 2865 862
2865 2866 863
2866 2867 864
2867 2868 865
2868 2869 866
2869 2870 867
2870 2871 868
2871 2872 869
2872 2873 870
2873 2874 871
2874 2875 872
2875 2876 873
2876 2877 874
2877 2878 875
2878 2879 876
2879 2880 877
2880 2881 878
2881 2882 879
2882 2883 880
2883 2884 881
2884 2885 882
2885 2886 883
2886 2887 884
2887 2888 885
2888 2889 886
2889 2890 887
2890 2891 888
2891 2892 889
2892 2893 890
2893 2894 891
2894 2895 892
2895 2896 893
2896 2897 894
2897 2898 895
2898 2899 896
2899 2900 897
2900 2901 898
2901 2902 899
2902 2903 900
2903 2904 901
2904 2905 902
2905 2906 903
2906 2907 904
2907 2908 905
2908 2909 906
2909 2910 907
2910 2911 908
2911 2912 909
2912 2913 910
2913 2914 911
2914 2915 912
2915 2916 913
2916 2917 914
2917 2918 915
2918 2919 916
2919 2920 917
2920 2921 918
2921 2922 919
2922 2923 920
2923 2924 921
2924 2925 922
2925 2926 923
2926 2927 924
2927 2928 925
2928 2929 926
2929 2930 927
2930 2931 928
2931 2932 929
2932 2933 930
2933 2934 931
2934 2935 932
2935 2936 933
2936 2937 934
2937 2938 935
2938 2939 936
2939 2940 937
2940 2941 938
2941 2942 939
2942 2943 940
2943 2944 941
2944 2945 942
2945 2946 943
2946 2947 944
2947 2948 945
2948 2949 946
2949 2950 947
2950 2951 948
2951 2952 949
2952 2953 950
2953 2954 951
2954 2955 952
2955 2956 953
2956 2957 954
2957 2958 955
2958 2959 956
2959 2960 957
2960 2961 958
2961 2962 959
2962 2963 960
2963 2964 961
2964 2965 962
2965 2966 963
2966 2967 964
2967 2968 965
2968 2969 966
2969 2970 967
2970 2971 968
2971 2972 969
2972 2973 970
2973 2974 971
2974 2975 972
2975 2976 973
2976 2977 974
2977 2978 975
2978 2979 976
2979 2980 977
2980 2981 978
2981 2982 979
2982 2983 980
2983 2984 981
2984 2985 982
2985 2986 983
2986 2987 984
2987 2988 985
2988 2989 986
2989 2990 987
2990 2991 988
2991 2992 989
2992 2993 990
2993 2994 991
2994 2995 992
2995 2996 993
2996 2997 994
2997 2998 995
2998 2999 996
2999 3000 997
3000 3001 998
3001 3002 999
3002 3003 1000
2003 3 1001
3003 3 4004
2 3004 1002
2 3005 1003
2 3006 1004
2 3007 1005
2 3008 1006
2 3009 1007
2 3010 1008
2 3011 1009
2 3012 1010
2 3013 1011
2 3014 1012
2 3015 1013
2 3016 1014
2 3017 1015
2 3018 1016
2 3019 1017
2 3020 1018
2 3021 1019
2 3022 1020
2 3023 1021
2 3024 1022
2 3025 1023
2 3026 1024
2 3027 1025
2 3028 1026
2 3029 1027
2 3030 1028
2 3031 1029
2 3032 1030
2 3033 1031
2 3034 1032
2 3035 1033
2 3036 1034
2 3037 1035
2 3038 1036
2 3039 1037
2 3040 1038
2 3041 1039
2 3042 1040
2 3043 1041
2 3044 1042
2 3045 1043
2 3046 1044
2 3047 1045
2 3048 1046
2 3049 1047
2 3050 1048
2 3051 1049
2 3052 1050
2 3053 1051
2 3054 1052
2 3055 1053
2 3056 1054
2 3057 1055
2 3058 1056
2 3059 1057
2 3060 1058
2 3061 1059
2 3062 1060
2 3063 1061
2 3064 1062
2 3065 1063
2 3066 1064
2 3067 1065
2 3068 1066
2 3069 1067
2 3070 1068
2 3071 1069
2 3072 1070
2 3073 1071
2 3074 1072
2 3075 1073
2 3076 1074
2 3077 1075
2 3078 1076
2 3079 1077
2 3080 1078
2 3081 1079
2 3082 1080
2 3083 1081
2 3084 1082
2 3085 1083
2 3086 1084
2 3087 1085
2 3088 1086
2 3089 1087
2 3090 1088
2 3091 1089
2 3092 1090
2 3093 1091
2 3094 1092
2 3095 1093
2 3096 1094
2 3097 1095
2 3098 1096
2 3099 1097
2 3100 1098
2 3101 1099
2 3102 1100
2 3103 1101
2 3104 1102
2 3105 1103
2 3106 1104
2 3107 1105
2 3108 1106
2 3109 1107
2 3110 1108
2 3111 1109
2 3112 1110
2 3113 1111
2 3114 1112
2 3115 1113
2 3116 1114
2 3117 1115
2 3118 1116
2 3119 1117
2 3120 1118
2 3121 1119
2 3122 1120
2 3123 1121
2 3124 1122
2 3125 1123
2 3126 1124
2 3127 1125
2 3128 1126
2 3129 1127
2 3130 1128
2 3131 1129
2 3132 1130
2 3133 1131
2 3134 1132
2 3135 1133
2 3136 1134
2 3137 1135
2 3138 1136
2 3139 1137
2 3140 1138
2 3141 1139
2 3142 1140
2 3143 1141
2 3144 1142
2 3145 1143
2 3146 1144
2 3147 1145
2 3148 1146
2 3149 1147
2 3150 1148
2 3151 1149
2 3152 1150
2 3153 1151
2 3154 1152
2 3155 1153
2 3156 1154
2 3157 1155
2 3158 1156
2 3159 1157
2 3160 1158
2 3161 1159
2 3162 1160
2 3163 1161
2 3164 1162
2 3165 1163
2 3166 1164
2 3167 1165
2 3168 1166
2 3169 1167
2 3170 1168
2 3171 1169
2 3172 1170
2 3173 1171
2 3174 1172
2 3175 1173
2 3176 1174
2 3177 1175
2 3178 1176
2 3179 1177
2 3180 1178
2 3181 1179
2 3182 1180
2 3183 1181
2 3184 1182
2 3185 1183
2 3186 1184
2 3187 1185
2 3188 1186
2 3189 1187
2 3190 1188
2 3191 1189
2 3192 1190
2 3193 1191
2 3194 1192
2 3195 1193
2 3196 1194
2 3197 1195
2 3198 1196
2 3199 1197
2 3200 1198
2 3201 1199
2 3202 1200
2 3203 1201
2 3204 1202
2 3205 1203
2 3206 1204
2 3207 1205
2 3208 1206
2 3209 1207
2 3210 1208
2 3211 1209
2 3212 1210
2 3213 1211
2 3214 1212
2 3215 1213
2 3216 1214
2 3217 1215
2 3218 1216
2 3219 1217
2 3220 1218
2 3221 1219
2 3222 1220
2 3223 1221
2 3224 1222
2 3225 1223
2 3226 1224
2 3227 1225
2 3228 1226
2 3229 1227
2 3230 1228
2 3231 1229
2 3232 1230
2 3233 1231
2 3234 1232
2 3235 1233
2 3236 1234
2 3237 1235
2 3238 1236
2 3239 1237
2 3240 1238
2 3241 1239
2 3242 1240
2 3243 1241
2 3244 1242
2 3245 1243
2 3246 1244
2 3247 1245
2 3248 1246
2 3249 1247
2 3250 1248
2 3251 1249
2 3252 1250
2 3253 1251
2 3254 1252
2 3255 1253
2 3256 1254
2 3257 1255
2 3258 1256
2 3259 1257
2 3260 1258
2 3261 1259
2 3262 1260
2 3263 1261
2 3264 1262
2 3265 1263
2 3266 1264
2 3267 1265
2 3268 1266
2 3269 1267
2 3270 1268
2 3271 1269
2 3272 1270
2 3273 1271
2 3274 1272
2 3275 1273
2 3276 1274
2 3277 1275
2 3278 1276
2 3279 1277
2 3280 1278
2 3281 1279
2 3282 1280
2 3283 1281
2 3284 1282
2 3285 1283
2 3286 1284
2 3287 1285
2 3288 1286
2 3289 1287
2 3290 1288
2 3291 1289
2 3292 1290
2 3293 1291
2 3294 1292
2 3295 1293
2 3296 1294
2 3297 1295
2 3298 1296
2 3299 1297
2 3300 1298
2 3301 1299
2 3302 1300
2 3303 1301
2 3304 1302
2 3305 1303
2 3306 1304
2 3307 1305
2 3308 1306
2 3309 1307
2 3310 1308
2 3311 1309
2 3312 1310
2 3313 1311
2 3314 1312
2 3315 1313
2 3316 1314
2 3317 1315
2 3318 1316
2 3319 1317
2 3320 1318
2 3321 1319
2 3322 1320
2 3323 1321
2 3324 1322
2 3325 1323
2 3326 1324
2 3327 1325
2 3328 1326
2 3329 1327
2 3330 1328
2 3331 1329
2 3332 1330
2 3333 1331
2 3334 1332
2 3335 1333
2 3336 1334
2 3337 1335
2 3338 1336
2 3339 1337
2 3340 1338
2 3341 1339
2 3342 1340
2 3343 1341
2 3344 1342
2 3345 1343
2 3346 1344
2 3347 1345
2 3348 1346
2 3349 1347
2 3350 1348
2 3351 1349
2 3352 1350
2 3353 1351
2 3354 1352
2 3355 1353
2 3356 1354
2 3357 1355
2 3358 1356
2 3359 1357
2 3360 1358
2 3361 1359
2 3362 1360
2 3363 1361
2 3364 1362
2 3365 1363
2 3366 1364
2 3367 1365
2 3368 1366
2 3369 1367
2 3370 1368
2 3371 1369
2 3372 1370
2 3373 1371
2 3374 1372
2 3375 1373
2 3376 1374
2 3377 1375
2 3378 1376
2 3379 1377
2 3380 1378
2 3381 1379
2 3382 1380
2 3383 1381
2 3384 1382
2 3385 1383
2 3386 1384
2 3387 1385
2 3388 1386
2 3389 1387
2 3390 1388
2 3391 1389
2 3392 1390
2 3393 1391
2 3394 1392
2 3395 1393
2 3396 1394
2 3397 1395
2 3398 1396
2 3399 1397
2 3400 1398
2 3401 1399
2 3402 1400
2 3403 1401
2 3404 1402
2 3405 1403
2 3406 1404
2 3407 1405
2 3408 1406
2 3409 1407
2 3410 1408
2 3411 1409
2 3412 1410
2 3413 1411
2 3414 1412
2 3415 1413
2 3416 1414
2 3417 1415
2 3418 1416
2 3419 1417
2 3420 1418
2 3421 1419
2 3422 1420
2 3423 1421
2 3424 1422
2 3425 1423
2 3426 1424
2 3427 1425
2 3428 1426
2 3429 1427
2 3430 1428
2 3431 1429
2 3432 1430
2 3433 1431
2 3434 1432
2 3435 1433
2 3436 1434
2 3437 1435
2 3438 1436
2 3439 1437
2 3440 1438
2 3441 1439
2 3442 1440
2 3443 1441
2 3444 1442
2 3445 1443
2 3446 1444
2 3447 1445
2 3448 1446
2 3449 1447
2 3450 1448
2 3451 1449
2 3452 1450
2 3453 1451
2 3454 1452
2 3455 1453
2 3456 1454
2 3457 1455
2 3458 1456
2 3459 1457
2 3460 1458
2 3461 1459
2 3462 1460
2 3463 1461
2 3464 1462
2 3465 1463
2 3466 1464
2 3467 1465
2 3468 1466
2 3469 1467
2 3470 1468
2 3471 1469
2 3472 1470
2 3473 1471
2 3474 1472
2 3475 1473
2 3476 1474
2 3477 1475
2 3478 1476
2 3479 1477
2 3480 1478
2 3481 1479
2 3482 1480
2 3483 1481
2 3484 1482
2 3485 1483
2 3486 1484
2 3487 1485
2 3488 1486
2 3489 1487
2 3490 1488
2 3491 1489
2 3492 1490
2 3493 1491
2 3494 1492
2 3495 1493
2 3496 1494
2 3497 1495
2 3498 1496
2 3499 1497
2 3500 1498
2 3501 1499
2 3502 1500
2 3503 1501
2 3504 1502
2 3505 1503
2 3506 1504
2 3507 1505
2 3508 1506
2 3509 1507
2 3510 1508
2 3511 1509
2 3512 1510
2 3513 1511
2 3514 1512
2 3515 1513
2 3516 1514
2 3517 1515
2 3518 1516
2 3519 1517
2 3520 1518
2 3521 1519
2 3522 1520
2 3523 1521
2 3524 1522
2 3525 1523
2 3526 1524
2 3527 1525
2 3528 1526
2 3529 1527
2 3530 1528
2 3531 1529
2 3532 1530
2 3533 1531
2 3534 1532
2 3535 1533
2 3536 1534
2 3537 1535
2 3538 1536
2 3539 1537
2 3540 1538
2 3541 1539
2 3542 1540
2 3543 1541
2 3544 1542
2 3545 1543
2 3546 1544
2 3547 1545
2 3548 1546
2 3549 1547
2 3550 1548
2 3551 1549
2 3552 1550
2 3553 1551
2 3554 1552
2 3555 1553
2 3556 1554
2 3557 1555
2 3558 1556
2 3559 1557
2 3560 1558
2 3561 1559
2 3562 1560
2 3563 1561
2 3564 1562
2 3565 1563
2 3566 1564
2 3567 1565
2 3568 1566
2 3569 1567
2 3570 1568
2 3571 1569
2 3572 1570
2 3573 1571
2 3574 1572
2 3575 1573
2 3576 1574
2 3577 1575
2 3578 1576
2 3579 1577
2 3580 1578
2 3581 1579
2 3582 1580
2 3583 1581
2 3584 1582
2 3585 1583
2 3586 1584
2 3587 1585
2 3588 1586
2 3589 1587
2 3590 1588
2 3591 1589
2 3592 1590
2 3593 1591
2 3594 1592
2 3595 1593
2 3596 1594
2 3597 1595
2 3598 1596
2 3599 1597
2 3600 1598
2 3601 1599
2 3602 1600
2 3603 1601
2 3604 1602
2 3605 1603
2 3606 1604
2 3607 1605
2 3608 1606
2 3609 1607
2 3610 1608
2 3611 1609
2 3612 1610
2 3613 1611
2 3614 1612
2 3615 1613
2 3616 1614
2 3617 1615
2 3618 1616
2 3619 1617
2 3620 1618
2 3621 1619
2 3622 1620
2 3623 1621
2 3624 1622
2 3625 1623
2 3626 1624
2 3627 1625
2 3628 1626
2 3629 1627
2 3630 1628
2 3631 1629
2 3632 1630
2 3633 1631
2 3634 1632
2 3635 1633
2 3636 1634
2 3637 1635
2 3638 1636
2 3639 1637
2 3640 1638
2 3641 1639
2 3642 1640
2 3643 1641
2 3644 1642
2 3645 1643
2 3646 1644
2 3647 1645
2 3648 1646
2 3649 1647
2 3650 1648
2 3651 1649
2 3652 1650
2 3653 1651
2 3654 1652
2 3655 1653
2 3656 1654
2 3657 1655
2 3658 1656
2 3659 1657
2 3660 1658
2 3661 1659
2 3662 1660
2 3663 1661
2 3664 1662
2 3665 1663
2 3666 1664
2 3667 1665
2 3668 1666
2 3669 1667
2 3670 1668
2 3671 1669
2 3672 1670
2 3673 1671
2 3674 1672
2 3675 1673
2 3676 1674
2 3677 1675
2 3678 1676
2 3679 1677
2 3680 1678
2 3681 1679
2 3682 1680
2 3683 1681
2 3684 1682
2 3685 1683
2 3686 1684
2 3687 1685
2 3688 1686
2 3689 1687
2 3690 1688
2 3691 1689
2 3692 1690
2 3693 1691
2 3694 1692
2 3695 1693
2 3696 1694
2 3697 1695
2 3698 1696
2 3699 1697
2 3700 1698
2 3701 1699
2 3702 1700
2 3703 1701
2 3704 1702
2 3705 1703
2 3706 1704
2 3707 1705
2 3708 1706
2 3709 1707
2 3710 1708
2 3711 1709
2 3712 1710
2 3713 1711
2 3714 1712
2 3715 1713
2 3716 1714
2 3717 1715
2 3718 1716
2 3719 1717
2 3720 1718
2 3721 1719
2 3722 1720
2 3723 1721
2 3724 1722
2 3725 1723
2 3726 1724
2 3727 1725
2 3728 1726
2 3729 1727
2 3730 1728
2 3731 1729
2 3732 1730
2 3733 1731
2 3734 1732
2 3735 1733
2 3736 1734
2 3737 1735
2 3738 1736
2 3739 1737
2 3740 1738
2 3741 1739
2 3742 1740
2 3743 1741
2 3744 1742
2 3745 1743
2 3746 1744
2 3747 1745
2 3748 1746
2 3749 1747
2 3750 1748
2 3751 1749
2 3752 1750
2 3753 1751
2 3754 1752
2 3755 1753
2 3756 1754
2 3757 1755
2 3758 1756
2 3759 1757
2 3760 1758
2 3761 1759
2 3762 1760
2 3763 1761
2 3764 1762
2 3765 1763
2 3766 1764
2 3767 1765
2 3768 1766
2 3769 1767
2 3770 1768
2 3771 1769
2 3772 1770
2 3773 1771
2 3774 1772
2 3775 1773
2 3776 1774
2 3777 1775
2 3778 1776
2 3779 1777
2 3780 1778
2 3781 1779
2 3782 1780
2 3783 1781
2 3784 1782
2 3785 1783
2 3786 1784
2 3787 1785
2 3788 1786
2 3789 1787
2 3790 1788
2 3791 1789
2 3792 1790
2 3793 1791
2 3794 1792
2 3795 1793
2 3796 1794
2 3797 1795
2 3798 1796
2 3799 1797
2 3800 1798
2 3801 1799
2 3802 1800
2 3803 1801
2 3804 1802
2 3805 1803
2 3806 1804
2 3807 1805
2 3808 1806
2 3809 1807
2 3810 1808
2 3811 1809
2 3812 1810
2 3813 1811
2 3814 1812
2 3815 1813
2 3816 1814
2 3817 1815
2 3818 1816
2 3819 1817
2 3820 1818
2 3821 1819
2 3822 1820
2 3823 1821
2 3824 1822
2 3825 1823
2 3826 1824
2 3827 1825
2 3828 1826
2 3829 1827
2 3830 1828
2 3831 1829
2 3832 1830
2 3833 1831
2 3834 1832
2 3835 1833
2 3836 1834
2 3837 1835
2 3838 1836
2 3839 1837
2 3840 1838
2 3841 1839
2 3842 1840
2 3843 1841
2 3844 1842
2 3845 1843
2 3846 1844
2 3847 1845
2 3848 1846
2 3849 1847
2 3850 1848
2 3851 1849
2 3852 1850
2 3853 1851
2 3854 1852
2 3855 1853
2 3856 1854
2 3857 1855
2 3858 1856
2 3859 1857
2 3860 1858
2 3861 1859
2 3862 1860
2 3863 1861
2 3864 1862
2 3865 1863
2 3866 1864
2 3867 1865
2 3868 1866
2 3869 1867
2 3870 1868
2 3871 1869
2 3872 1870
2 3873 1871
2 3874 1872
2 3875 1873
2 3876 1874
2 3877 1875
2 3878 1876
2 3879 1877
2 3880 1878
2 3881 1879
2 3882 1880
2 3883 1881
2 3884 1882
2 3885 1883
2 3886 1884
2 3887 1885
2 3888 1886
2 3889 1887
2 3890 1888
2 3891 1889
2 3892 1890
2 3893 1891
2 3894 1892
2 3895 1893
2 3896 1894
2 3897 1895
2 3898 1896
2 3899 1897
2 3900 1898
2 3901 1899
2 3902 1900
2 3903 1901
2 3904 1902
2 3905 1903
2 3906 1904
2 3907 1905
2 3908 1906
2 3909 1907
2 3910 1908
2 3911 1909
2 3912 1910
2 3913 1911
2 3914 1912
2 3915 1913
2 3916 1914
2 3917 1915
2 3918 1916
2 3919 1917
2 3920 1918
2 3921 1919
2 3922 1920
2 3923 1921
2 3924 1922
2 3925 1923
2 3926 1924
2 3927 1925
2 3928 1926
2 3929 1927
2 3930 1928
2 3931 1929
2 3932 1930
2 3933 1931
2 3934 1932
2 3935 1933
2 3936 1934
2 3937 1935
2 3938 1936
2 3939 1937
2 3940 1938
2 3941 1939
2 3942 1940
2 3943 1941
2 3944 1942
2 3945 1943
2 3946 1944
2 3947 1945
2 3948 1946
2 3949 1947
2 3950 1948
2 3951 1949
2 3952 1950
2 3953 1951
2 3954 1952
2 3955 1953
2 3956 1954
2 3957 1955
2 3958 1956
2 3959 1957
2 3960 1958
2 3961 1959
2 3962 1960
2 3963 1961
2 3964 1962
2 3965 1963
2 3966 1964
2 3967 1965
2 3968 1966
2 3969 1967
2 3970 1968
2 3971 1969
2 3972 1970
2 3973 1971
2 3974 1972
2 3975 1973
2 3976 1974
2 3977 1975
2 3978 1976
2 3979 1977
2 3980 1978
2 3981 1979
2 3982 1980
2 3983 1981
2 3984 1982
2 3985 1983
2 3986 1984
2 3987 1985
2 3988 1986
2 3989 1987
2 3990 1988
2 3991 1989
2 3992 1990
2 3993 1991
2 3994 1992
2 3995 1993
2 3996 1994
2 3997 1995
2 3998 1996
2 3999 1997
2 4000 1998
2 4001 1999
2 4002 2000
2 4003 2001
2 4004 3003
