JA
1980
735 1
735 1000
455 1000
455 999
658 999
658 998
940 998
940 997
23 997
23 996
374 996
374 995
22 995
22 994
849 994
849 993
296 993
296 992
373 992
373 991
705 991
705 990
753 990
753 989
965 989
965 988
788 988
788 987
85 987
85 986
454 986
454 985
421 985
421 984
508 984
508 983
337 983
337 982
684 982
684 981
657 981
657 980
149 980
149 979
441 979
441 978
882 978
882 977
848 977
848 976
867 976
867 975
787 975
787 974
804 974
804 973
1000 973
1000 972
549 972
549 971
548 971
548 970
827 970
827 969
336 969
336 968
981 968
981 967
608 967
608 966
803 966
803 989
492 989
492 964
275 964
275 963
672 963
672 962
453 962
453 961
51 961
51 960
312 960
312 959
927 959
927 958
786 958
786 957
397 957
397 956
802 956
802 955
769 955
769 954
335 954
335 953
50 953
50 952
355 952
355 951
135 951
135 950
372 950
372 949
452 949
452 948
49 948
49 947
311 947
311 946
68 946
68 945
607 945
607 944
48 944
48 943
451 943
451 942
939 942
939 941
645 941
645 998
491 998
491 942
752 942
752 938
472 938
472 937
547 937
547 936
980 936
980 935
120 935
120 934
104 934
104 933
255 933
255 932
334 932
334 931
785 931
785 930
644 930
644 929
801 929
801 928
826 928
826 959
354 959
354 926
283 926
283 925
21 925
21 924
847 924
847 923
20 923
20 922
571 922
571 921
490 921
490 920
84 920
84 919
846 919
846 918
134 918
134 917
656 917
656 916
274 916
274 915
881 915
881 914
751 914
751 913
353 913
353 912
800 912
800 911
234 911
234 910
768 910
768 909
103 909
103 908
47 908
47 907
67 907
67 906
535 906
535 905
964 905
964 904
589 904
589 903
440 903
440 902
534 902
534 901
767 901
767 900
191 900
191 899
845 899
845 898
844 898
844 897
704 897
704 896
148 896
148 895
420 895
420 894
254 894
254 893
903 893
903 892
588 892
588 891
726 891
726 890
190 890
190 889
46 889
46 888
725 888
725 887
902 887
902 886
450 886
450 885
371 885
371 884
734 884
734 883
396 883
396 978
533 978
533 915
784 915
784 880
750 880
750 879
866 879
866 878
643 878
643 877
439 877
439 876
799 876
799 875
642 875
642 874
507 874
507 873
703 873
703 872
395 872
395 871
783 871
783 870
963 870
963 869
926 869
926 868
119 868
119 976
506 976
506 879
102 879
102 865
606 865
606 864
489 864
489 863
147 863
147 862
370 862
370 861
766 861
766 860
724 860
724 859
295 859
295 858
505 858
505 857
999 857
999 856
333 856
333 855
83 855
83 854
438 854
438 853
655 853
655 852
146 852
146 851
310 851
310 850
702 850
702 994
118 994
118 977
925 977
925 924
979 924
979 919
449 919
449 899
133 899
133 898
45 898
45 843
419 843
419 842
101 842
101 841
132 841
132 840
282 840
282 839
570 839
570 838
962 838
962 837
332 837
332 836
100 836
100 835
394 835
394 834
798 834
798 833
488 833
488 832
504 832
504 831
701 831
701 830
418 830
418 829
189 829
189 828
487 828
487 970
437 970
437 928
352 928
352 825
961 825
961 824
486 824
486 823
145 823
145 822
273 822
273 821
272 821
272 820
485 820
485 819
417 819
417 818
998 818
998 817
924 817
924 816
271 816
271 815
901 815
901 814
44 814
44 813
843 813
843 812
733 812
733 811
825 811
825 810
824 810
824 809
700 809
700 808
471 808
471 807
749 807
749 806
436 806
436 805
938 805
938 974
960 974
960 966
641 966
641 956
997 956
997 929
253 929
253 912
252 912
252 876
484 876
484 834
900 834
900 797
683 797
683 796
172 796
172 795
369 795
369 794
82 794
82 793
209 793
209 792
470 792
470 791
569 791
569 790
270 790
270 789
923 789
923 988
532 988
532 975
19 975
19 958
66 958
66 931
251 931
251 915
368 915
368 871
208 871
208 782
435 782
435 781
899 781
899 780
18 780
18 779
723 779
723 778
671 778
671 777
294 777
294 776
782 776
782 775
416 775
416 774
43 774
43 773
640 773
640 772
293 772
293 771
670 771
670 770
823 770
823 955
65 955
65 910
898 910
898 815
331 815
331 861
415 861
415 765
765 764
503 764
503 763
144 763
144 762
233 762
233 761
722 761
722 760
978 760
978 759
865 759
865 758
269 758
269 757
207 757
207 756
639 756
639 755
922 755
922 754
605 754
605 990
937 990
937 942
171 942
171 914
330 914
330 880
936 880
936 807
483 807
483 748
502 748
502 747
959 747
959 746
721 746
721 745
864 745
864 744
170 744
170 743
720 743
720 742
654 742
654 741
250 741
250 740
546 740
546 739
351 739
351 738
169 738
169 737
188 737
188 736
748 736
748 1
434 1
434 884
206 884
206 812
880 812
880 732
531 732
531 731
568 731
568 730
628 730
628 729
921 729
921 728
764 728
764 727
268 727
268 891
99 891
99 888
81 888
81 860
732 860
732 779
329 779
329 761
187 761
187 746
627 746
627 743
328 743
328 719
626 719
626 718
367 718
367 717
168 717
168 716
232 716
232 715
98 715
98 714
763 714
763 713
231 713
231 712
143 712
143 711
920 711
920 710
879 710
879 709
64 709
64 708
842 708
842 707
878 707
878 706
919 706
919 991
797 991
797 897
327 897
327 873
469 873
469 850
567 850
567 831
117 831
117 809
863 809
863 699
566 699
566 698
530 698
530 697
80 697
80 696
699 696
699 695
762 695
762 694
897 694
897 693
604 693
604 692
433 692
433 691
393 691
393 690
587 690
587 689
719 689
719 688
116 688
116 687
131 687
131 686
42 686
42 685
822 685
822 982
862 982
862 991
625 991
625 682
482 682
482 681
292 681
292 680
698 680
698 679
747 679
747 678
861 678
861 677
17 677
17 676
529 676
529 675
16 675
16 674
697 674
697 673
528 673
528 870
205 870
205 778
761 778
761 771
267 771
267 669
309 669
309 668
266 668
266 667
527 667
527 666
624 666
624 665
216 665
216 664
586 664
586 663
79 663
79 662
526 662
526 661
501 661
501 660
918 660
918 659
760 659
760 857
821 857
821 968
481 968
481 917
977 917
977 853
392 853
392 742
525 742
525 653
468 653
468 652
291 652
291 651
97 651
97 650
623 650
623 649
366 649
366 648
265 648
265 647
264 647
264 646
996 646
996 941
653 941
653 930
63 930
63 707
62 707
62 875
796 875
796 966
391 966
391 773
326 773
326 756
414 756
414 638
622 638
622 637
896 637
896 636
895 636
895 635
958 635
958 634
781 634
781 633
15 633
15 632
448 632
448 631
186 631
186 630
308 630
308 629
61 629
61 730
41 730
41 746
230 746
230 689
759 689
759 991
78 991
78 666
215 666
215 650
860 650
860 638
894 638
894 621
204 621
204 620
669 620
669 619
325 619
325 618
203 618
203 617
718 617
718 616
500 616
500 615
565 615
565 614
413 614
413 613
480 613
480 612
820 612
820 611
819 611
819 610
877 610
877 609
795 609
795 967
130 967
130 945
412 945
412 689
129 689
129 754
60 754
60 693
185 693
185 603
281 603
281 602
365 602
365 601
876 601
876 600
499 600
499 599
202 599
202 598
14 598
14 597
682 597
682 596
818 596
818 595
995 595
995 594
524 594
524 593
249 593
249 592
564 592
564 591
758 591
758 590
603 590
603 904
638 904
638 892
668 892
668 690
201 690
201 664
859 664
859 585
717 585
717 584
994 584
994 583
167 583
167 582
817 582
817 581
563 581
563 580
350 580
350 579
432 579
432 578
280 578
280 577
716 577
716 576
841 576
841 575
780 575
780 574
13 574
13 573
324 573
324 572
816 572
816 755
794 755
794 839
715 839
715 791
467 791
467 731
431 731
431 850
12 850
12 696
40 696
40 615
411 615
411 592
637 592
637 581
115 581
115 562
993 562
993 561
681 561
681 560
390 560
390 559
307 559
307 558
447 558
447 557
96 557
96 556
935 556
935 555
957 555
957 554
263 554
263 553
323 553
323 552
114 552
114 551
714 551
714 550
840 550
840 972
466 972
466 971
545 971
545 990
389 990
389 740
917 740
917 971
585 971
585 544
498 544
498 543
128 543
128 542
746 542
746 541
39 541
39 540
38 540
38 539
497 539
497 538
113 538
113 537
602 537
602 536
680 536
680 906
916 906
916 887
77 887
77 659
584 659
584 988
248 988
248 650
667 650
667 536
621 536
621 676
279 676
279 673
229 673
229 650
636 650
636 662
290 662
290 742
666 742
666 594
652 594
652 523
289 523
289 522
858 522
858 521
247 521
247 520
857 520
857 519
410 519
410 518
875 518
875 517
465 517
465 516
430 516
430 515
696 515
696 514
200 514
200 513
544 513
544 512
874 512
874 511
496 511
496 510
976 510
976 509
95 509
95 984
779 984
779 512
166 512
166 510
778 510
778 522
199 522
199 832
635 832
635 728
262 728
262 736
306 736
306 661
651 661
651 616
142 616
142 600
59 600
59 513
839 513
839 539
184 539
184 511
745 511
745 495
915 495
915 494
349 494
349 493
409 493
409 989
112 989
112 596
975 596
975 729
479 729
479 511
838 511
838 833
278 833
278 828
914 828
914 810
713 810
713 612
956 612
956 601
695 601
695 807
141 807
141 597
562 597
562 968
364 968
364 613
712 613
712 729
183 729
183 478
523 478
523 477
464 477
464 476
348 476
348 475
974 475
974 474
94 474
94 473
198 473
198 805
913 805
913 808
744 808
744 792
305 792
305 873
463 873
463 941
601 941
601 791
37 791
37 972
446 972
446 517
445 517
445 477
261 477
261 873
583 873
583 462
955 462
955 461
228 461
228 460
954 460
954 459
600 459
600 458
347 458
347 457
408 457
408 456
992 456
992 973
543 973
543 986
991 986
991 511
522 511
522 949
912 949
912 943
743 943
743 886
388 886
388 706
521 706
521 632
599 632
599 558
165 558
165 972
990 972
990 517
36 517
36 444
561 444
561 443
598 443
598 442
711 442
711 582
620 582
620 893
227 893
227 610
953 610
953 854
478 854
478 970
477 970
477 806
520 806
520 776
11 776
11 1
893 1
893 692
973 692
973 579
387 579
387 731
679 731
679 516
140 516
140 429
542 429
542 428
58 428
58 427
322 427
322 426
407 426
407 425
476 425
476 424
694 424
694 423
111 423
111 422
777 422
777 985
989 985
989 650
304 650
304 813
321 813
321 830
856 830
856 611
386 611
386 775
519 775
519 678
972 678
972 756
288 756
288 614
139 614
139 945
693 945
693 615
246 615
246 775
10 775
10 493
619 493
619 457
560 457
560 426
559 426
559 406
182 406
182 405
76 405
76 404
475 404
475 403
127 403
127 402
75 402
75 401
634 401
634 400
245 400
245 399
618 399
618 398
444 398
444 555
462 555
462 883
495 883
495 872
678 872
678 835
518 835
518 691
710 691
710 853
815 853
815 966
665 966
665 457
363 457
363 872
988 872
988 886
582 886
582 579
776 579
776 611
911 611
911 385
181 385
181 384
74 384
74 383
987 383
987 382
35 382
35 381
971 381
971 380
244 380
244 379
110 379
110 378
742 378
742 377
346 377
346 376
164 376
164 375
214 375
214 646
581 646
581 456
9 456
9 950
163 950
163 885
126 885
126 982
125 982
125 609
775 609
775 883
57 883
57 617
260 617
260 649
385 649
385 537
814 537
814 968
952 968
952 457
677 457
677 362
597 362
597 361
73 361
73 360
855 360
855 359
934 359
934 358
277 358
277 357
429 357
429 356
793 356
793 968
406 968
406 731
951 731
951 805
384 805
384 928
93 928
93 739
197 739
197 580
320 580
320 494
405 494
405 425
494 425
494 458
970 458
970 377
303 377
303 345
56 345
56 344
892 344
892 343
226 343
226 342
950 342
950 341
428 341
428 340
180 340
180 339
757 339
757 338
949 338
949 983
34 983
34 969
580 969
580 460
813 460
813 932
8 932
8 830
596 830
596 837
362 837
362 853
676 853
676 828
162 828
162 984
933 984
933 943
664 943
664 424
427 424
427 773
517 773
517 493
225 493
225 573
516 573
516 553
910 553
910 424
345 424
345 460
302 460
302 969
558 969
558 319
243 319
243 318
932 318
932 317
579 317
579 316
259 316
259 315
7 315
7 314
55 314
55 313
578 313
578 404
650 404
650 947
595 947
595 851
161 851
161 886
224 886
224 630
541 630
541 426
540 426
540 736
160 736
160 792
124 792
124 404
948 404
948 377
986 377
986 460
709 460
709 301
6 301
6 300
812 300
812 299
159 299
159 298
242 298
242 297
891 297
891 837
890 837
890 943
404 943
404 422
837 422
837 772
344 772
344 398
319 398
319 594
811 594
811 662
54 662
54 854
158 854
158 756
774 756
774 287
836 287
836 286
810 286
810 285
692 285
692 284
92 284
92 869
594 869
594 550
947 550
947 590
617 590
617 313
756 313
756 853
461 853
461 833
33 833
33 358
138 358
138 276
889 276
889 905
241 905
241 906
633 906
633 685
708 685
708 806
931 806
931 572
343 572
343 790
792 790
792 591
460 591
460 727
91 727
91 771
213 771
213 772
109 772
109 648
577 648
577 647
515 647
515 554
212 554
212 728
741 728
741 458
72 458
72 590
383 590
383 316
539 316
539 258
90 258
90 257
835 257
835 256
873 256
873 984
123 984
123 904
985 904
985 929
122 929
122 338
675 338
675 806
557 806
557 728
301 728
301 593
576 593
576 872
616 872
616 706
872 706
872 615
258 615
258 400
984 400
984 380
514 380
514 398
740 398
740 298
615 298
615 905
888 905
888 240
403 240
403 239
459 239
459 238
361 238
361 237
614 237
614 236
179 236
179 235
663 235
663 611
909 611
909 941
157 941
157 648
223 648
223 286
53 286
53 357
5 357
5 673
318 673
318 853
791 853
791 1
513 1
513 572
887 572
887 493
556 493
556 886
755 886
755 648
969 648
969 222
156 222
156 221
137 221
137 220
222 220
222 219
32 219
32 218
886 218
886 217
691 217
691 966
89 966
89 378
155 378
155 375
426 375
426 771
382 771
382 554
402 554
402 211
834 211
834 210
968 210
968 356
885 356
885 871
401 871
401 339
739 339
739 884
31 884
31 870
381 870
381 536
649 536
649 399
854 399
854 632
240 632
240 690
884 690
884 380
731 380
731 511
809 511
809 473
575 473
575 339
239 339
239 196
154 196
154 195
674 195
674 194
380 194
380 193
632 193
632 192
613 192
613 211
360 211
360 422
71 422
71 829
379 829
379 737
257 737
257 510
853 510
853 631
474 631
474 945
631 945
631 316
30 316
30 729
178 729
178 210
773 210
773 536
662 536
662 340
808 340
808 236
738 236
738 729
661 729
661 175
512 175
512 174
153 174
153 173
359 173
359 737
378 737
378 942
630 942
630 340
574 340
574 236
908 236
908 870
425 870
425 256
946 256
946 175
967 175
967 648
29 648
29 376
88 376
88 342
538 342
538 828
300 828
300 851
443 851
443 736
555 736
555 299
554 299
554 399
458 399
458 941
537 941
537 220
573 220
573 737
833 737
833 196
317 196
317 174
196 174
196 152
737 152
737 151
457 151
457 150
342 150
342 828
377 828
377 592
593 592
593 511
424 511
424 852
572 852
572 770
341 770
341 551
612 551
612 192
493 192
493 706
340 706
340 807
883 807
883 220
221 220
221 237
316 237
316 358
983 358
983 220
611 220
611 136
299 136
299 194
287 194
287 660
610 660
610 871
871 592
423 592
423 687
108 687
108 175
220 175
220 689
456 689
456 285
930 285
930 193
553 193
553 356
339 356
339 982
945 982
945 790
195 790
195 400
28 400
28 929
870 929
870 121
175 121
175 192
358 192
358 868
707 868
707 659
152 659
152 831
536 831
536 688
736 688
736 646
211 646
211 552
136 552
136 150
511 150
511 904
869 904
869 592
832 592
832 829
831 829
831 772
510 772
510 687
790 687
790 107
315 107
315 106
648 106
648 105
194 105
194 173
944 173
944 121
730 121
730 217
298 217
298 685
4 685
4 105
552 105
552 297
690 297
690 1
807 1
807 729
943 729
943 806
689 806
689 509
121 509
121 982
338 982
338 928
942 928
942 284
966 284
966 727
193 727
193 217
806 217
806 284
907 284
907 376
629 376
629 87
52 87
52 86
789 86
789 590
551 590
551 442
314 442
314 646
27 646
27 218
376 218
376 905
357 905
357 687
107 687
107 235
929 235
929 828
26 828
26 852
400 852
400 235
286 235
286 105
592 105
592 805
285 805
285 238
256 238
256 399
219 399
219 422
174 422
174 70
706 70
706 69
805 69
805 238
941 238
941 284
852 284
852 105
647 105
647 688
284 688
284 591
106 591
106 69
591 69
591 868
830 868
830 218
25 218
25 754
238 754
238 356
442 356
442 770
906 770
906 1
928 1
928 150
851 150
851 356
105 356
105 829
609 829
609 235
276 235
276 87
375 87
375 904
754 904
754 660
550 660
550 729
772 729
772 173
905 173
905 236
3 236
3 235
646 235
646 727
210 727
210 904
829 904
829 313
729 313
729 686
828 686
828 509
660 509
660 356
850 356
850 1
659 1
659 87
688 87
688 313
237 313
237 727
218 727
218 771
24 771
24 192
2 192
2 1
236 1
236 399
509 399
509 313
473 313
473 69
687 69
687 87
399 87
399 235
904 235
904 727
192 727
192 771
685 771
685 590
422 590
422 87
868 87
868 398
235 398
235 86
728 86
728 87
727 87
727 313
70 313
70 151
313 151
313 982
590 982
590 770
151 770
151 150
356 150
356 770
771 770
771 150
150 398
398 217
770 217
770 673
173 673
173 69
87 69
87 86
69 86
69 673
673 217
217 1
