JA
1978
321 1
321 1000
966 1000
966 999
594 999
594 998
343 998
343 997
799 997
799 996
92 996
92 995
990 995
990 994
84 994
84 993
160 993
160 992
62 992
62 991
167 991
167 995
152 995
152 989
936 989
936 988
858 988
858 987
166 987
166 986
507 986
507 985
239 985
239 984
306 984
306 983
31 983
31 982
387 982
387 981
824 981
824 980
720 980
720 979
641 979
641 978
124 978
124 977
464 977
464 976
32 976
32 975
962 975
962 974
147 974
147 973
632 973
632 972
207 972
207 971
476 971
476 970
752 970
752 969
957 969
957 968
686 968
686 967
378 967
378 1000
574 1000
574 965
818 965
818 964
225 964
225 963
58 963
58 975
614 975
614 961
924 961
924 960
427 960
427 959
199 959
199 958
909 958
909 969
109 969
109 956
929 956
929 955
899 955
899 954
355 954
355 953
584 953
584 952
514 952
514 951
372 951
372 950
513 950
513 949
830 949
830 948
512 948
512 947
90 947
90 946
475 946
475 945
188 945
188 944
249 944
249 943
774 943
774 942
360 942
360 941
682 941
682 940
797 940
797 939
6 939
6 938
633 938
633 937
652 937
652 989
764 989
764 935
926 935
926 934
163 934
163 933
54 933
54 932
466 932
466 931
891 931
891 930
14 930
14 956
984 956
984 928
983 928
983 927
127 927
127 935
542 935
542 925
910 925
910 961
194 961
194 923
187 923
187 922
956 922
956 921
608 921
608 920
786 920
786 919
662 919
662 918
375 918
375 917
528 917
528 916
177 916
177 915
801 915
801 914
485 914
485 913
301 913
301 912
753 912
753 911
976 911
976 925
206 925
206 958
553 958
553 908
846 908
846 907
582 907
582 906
144 906
144 905
458 905
458 904
276 904
276 903
336 903
336 902
919 902
919 901
465 901
465 900
693 900
693 955
959 955
959 898
845 898
845 897
4 897
4 896
527 896
527 895
242 895
242 894
350 894
350 893
558 893
558 892
562 892
562 931
627 931
627 890
807 890
807 889
333 889
333 888
538 888
538 887
8 887
8 886
318 886
318 885
552 885
552 884
589 884
589 883
196 883
196 882
869 882
869 881
414 881
414 880
314 880
314 879
650 879
650 878
345 878
345 877
52 877
52 876
882 876
882 875
997 875
997 874
87 874
87 873
519 873
519 872
631 872
631 871
422 871
422 870
840 870
840 876
417 876
417 868
329 868
329 867
481 867
481 866
856 866
856 865
939 865
939 864
699 864
699 863
209 863
209 862
745 862
745 861
877 861
877 860
142 860
142 859
886 859
886 988
836 988
836 857
710 857
710 866
407 866
407 855
951 855
951 854
829 854
829 853
800 853
800 852
520 852
520 851
39 851
39 850
19 850
19 849
904 849
904 848
386 848
386 847
738 847
738 908
756 908
756 898
319 898
319 844
788 844
788 843
928 843
928 842
979 842
979 841
806 841
806 870
411 870
411 839
551 839
551 838
449 838
449 837
945 837
945 988
317 988
317 835
493 835
493 834
587 834
587 833
420 833
420 832
548 832
548 831
817 831
817 949
575 949
575 854
374 854
374 828
201 828
201 827
59 827
59 826
366 826
366 825
974 825
974 981
26 981
26 823
943 823
943 822
971 822
971 821
729 821
729 820
38 820
38 819
532 819
532 965
155 965
155 831
106 831
106 816
61 816
61 815
911 815
911 814
96 814
96 813
599 813
599 812
702 812
702 811
487 811
487 810
64 810
64 809
673 809
673 808
541 808
541 890
432 890
432 841
958 841
958 805
779 805
779 804
262 804
262 803
462 803
462 802
148 802
148 915
842 915
842 853
252 853
252 875
630 875
630 798
486 798
486 940
45 940
45 796
104 796
104 795
880 795
880 794
365 794
365 793
43 793
43 792
285 792
285 791
186 791
186 790
754 790
754 789
457 789
457 844
995 844
995 787
761 787
761 920
137 920
137 785
270 785
270 784
767 784
767 783
784 783
784 782
933 782
933 781
238 781
238 780
173 780
173 805
603 805
603 778
491 778
491 777
568 777
568 776
894 776
894 775
453 775
453 823
180 823
180 773
517 773
517 772
709 772
709 771
327 771
327 770
793 770
793 769
550 769
550 768
359 768
359 783
508 783
508 766
456 766
456 765
805 765
805 989
502 989
502 763
604 763
604 762
978 762
978 787
881 787
881 760
159 760
159 759
72 759
72 758
380 758
380 757
555 757
555 908
94 908
94 755
613 755
613 790
29 790
29 912
876 912
876 970
986 970
986 751
91 751
91 750
279 750
279 749
442 749
442 748
879 748
879 747
471 747
471 746
626 746
626 862
431 862
431 744
601 744
601 743
354 743
354 742
53 742
53 741
330 741
330 740
803 740
803 739
744 739
744 847
850 847
850 737
695 737
695 736
733 736
733 735
140 735
140 734
362 734
362 736
27 736
27 732
821 732
821 731
863 731
863 730
234 730
234 732
827 732
827 728
416 728
416 727
713 727
713 726
179 726
179 725
36 725
36 724
349 724
349 723
643 723
643 722
993 722
993 721
221 721
221 980
71 980
71 719
283 719
283 718
24 718
24 717
998 717
998 716
305 716
305 715
77 715
77 714
783 714
783 727
395 727
395 712
862 712
862 711
848 711
848 857
524 857
524 772
42 772
42 708
251 708
251 707
981 707
981 706
760 706
760 705
178 705
178 704
120 704
120 703
777 703
777 812
645 812
645 701
844 701
844 700
593 700
593 864
907 864
907 698
478 698
478 697
293 697
293 696
95 696
95 737
241 737
241 694
864 694
864 900
119 900
119 692
750 692
750 691
828 691
828 690
712 690
712 689
452 689
452 688
403 688
403 687
434 687
434 968
322 968
322 685
158 685
158 684
539 684
539 683
639 683
639 941
835 941
835 681
288 681
288 680
970 680
970 679
616 679
616 678
268 678
268 677
258 677
258 676
394 676
394 675
973 675
973 674
76 674
76 809
370 809
370 672
949 672
949 671
172 671
172 670
955 670
955 669
927 669
927 668
256 668
256 667
430 667
430 666
497 666
497 665
340 665
340 664
968 664
968 663
501 663
501 902
101 902
101 661
938 661
938 660
280 660
280 659
965 659
965 658
273 658
273 657
644 657
644 656
688 656
688 655
659 655
659 654
912 654
912 653
722 653
722 937
49 937
49 651
782 651
782 748
198 748
198 649
531 649
531 648
255 648
255 647
534 647
534 646
248 646
248 812
580 812
580 657
428 657
428 723
843 723
843 642
278 642
278 915
841 915
841 640
549 640
549 683
132 683
132 638
518 638
518 637
281 637
281 636
371 636
371 635
684 635
684 634
254 634
254 661
2 661
2 675
992 675
992 872
994 872
994 875
934 875
934 629
694 629
694 628
139 628
139 931
681 931
681 746
903 746
903 625
725 625
725 624
770 624
770 623
17 623
17 622
247 622
247 621
310 621
310 620
916 620
916 619
815 619
815 618
726 618
726 617
948 617
948 679
44 679
44 615
461 615
461 975
264 975
264 755
357 755
357 612
498 612
498 611
203 611
203 610
483 610
483 609
164 609
164 921
804 921
804 607
766 607
766 606
500 606
500 605
351 605
351 763
479 763
479 765
402 765
402 602
439 602
439 739
960 739
960 600
999 600
999 813
572 813
572 598
490 598
490 597
70 597
70 596
637 596
637 595
224 595
224 600
429 600
429 700
125 700
125 592
259 592
259 591
253 591
253 590
181 590
181 884
521 884
521 588
937 588
937 834
718 834
718 586
834 586
834 585
122 585
122 953
708 953
708 583
674 583
674 629
741 629
741 581
655 581
655 812
326 812
326 579
809 579
809 578
89 578
89 577
473 577
473 576
665 576
665 672
223 672
223 1000
893 1000
893 573
820 573
820 813
66 813
66 571
595 571
595 570
683 570
683 569
758 569
758 703
954 703
954 567
823 567
823 566
404 566
404 565
243 565
243 564
150 564
150 563
773 563
773 892
421 892
421 561
131 561
131 560
873 560
873 559
769 559
769 1000
7 1000
7 557
615 557
615 556
667 556
667 757
451 757
451 554
516 554
516 915
923 915
923 885
908 885
908 839
328 839
328 559
18 559
18 640
231 640
231 832
69 832
69 547
573 547
573 546
193 546
193 545
37 545
37 544
724 544
724 543
606 543
606 935
35 935
35 808
961 808
961 540
78 540
78 635
647 635
647 888
74 888
74 537
898 537
898 536
504 536
504 535
235 535
235 635
759 635
759 533
292 533
292 819
940 819
940 649
736 649
736 530
443 530
443 529
921 529
921 917
897 917
897 896
586 896
586 526
212 526
212 525
28 525
28 857
316 857
316 523
30 523
30 884
666 884
666 852
857 852
857 560
324 560
324 638
868 638
868 563
114 563
114 554
315 554
315 515
831 515
831 952
202 952
202 950
585 950
585 617
506 617
506 511
470 511
470 510
651 510
651 509
79 509
79 714
989 714
989 680
658 680
658 617
915 617
915 505
889 505
889 536
369 536
369 503
855 503
855 714
657 714
657 663
138 663
138 543
447 543
447 499
472 499
472 612
57 612
57 884
567 884
567 496
121 496
121 495
778 495
778 494
596 494
596 941
861 941
861 492
51 492
51 495
82 495
82 598
103 598
103 489
723 489
723 488
692 488
692 811
233 811
233 798
81 798
81 914
11 914
11 484
944 484
944 610
136 610
136 482
611 482
611 867
423 867
423 480
157 480
157 763
530 763
530 698
484 698
484 477
250 477
250 822
297 822
297 946
947 946
947 474
21 474
21 577
399 577
399 499
388 499
388 747
503 747
503 511
888 511
888 469
377 469
377 468
263 468
263 467
697 467
697 932
636 932
636 901
143 901
143 977
408 977
408 463
566 463
566 740
537 740
537 557
23 557
23 460
444 460
444 459
918 459
918 905
499 905
499 789
332 789
332 607
401 607
401 455
107 455
107 454
118 454
118 775
208 775
208 689
275 689
275 757
607 757
607 450
75 450
75 838
812 838
812 448
99 448
99 543
717 543
717 446
887 446
887 445
867 445
867 460
988 460
988 763
969 763
969 749
705 749
705 441
296 441
296 440
311 440
311 602
383 602
383 438
415 438
415 437
748 437
748 436
123 436
123 435
816 435
816 687
747 687
747 433
260 433
260 890
272 890
272 690
635 690
635 556
13 556
13 600
455 600
455 714
757 714
757 739
291 739
291 426
825 426
825 425
559 425
559 424
854 424
854 445
629 445
629 871
353 871
353 892
920 892
920 833
65 833
65 419
715 419
715 418
734 418
734 654
60 654
60 728
772 728
772 438
325 438
325 787
581 787
581 413
338 413
338 412
48 412
48 870
768 870
768 410
600 410
600 409
547 409
547 977
146 977
146 866
379 866
379 406
884 406
884 405
671 405
671 463
917 463
917 656
406 656
406 765
261 765
261 714
906 714
906 400
390 400
390 577
859 577
859 398
313 398
313 397
763 397
763 396
661 396
661 727
40 727
40 676
866 676
866 393
100 393
100 392
875 392
875 391
83 391
83 400
901 400
901 389
392 389
392 905
676 905
676 982
265 982
265 711
890 711
890 385
192 385
192 384
796 384
796 602
822 602
822 382
964 382
964 381
363 381
363 569
565 569
565 905
554 905
554 967
602 967
602 469
151 469
151 376
810 376
810 459
563 459
563 424
896 424
896 373
154 373
154 687
480 687
480 932
826 932
826 579
865 579
865 536
591 536
591 368
942 368
942 367
931 367
931 932
895 932
895 794
115 794
115 364
165 364
165 381
950 381
950 418
872 418
872 361
215 361
215 368
450 368
450 870
860 870
860 358
719 358
719 755
789 755
789 356
267 356
267 703
246 703
246 743
640 743
640 871
413 871
413 352
905 352
905 605
792 605
792 776
791 776
791 544
663 544
663 348
495 348
495 347
454 347
454 346
802 346
802 878
113 878
113 344
605 344
605 543
985 543
985 342
545 342
545 341
312 341
312 576
424 576
424 339
533 339
533 871
156 871
156 337
794 337
794 746
361 746
361 335
12 335
12 334
853 334
853 505
346 505
346 755
590 755
590 331
477 331
477 445
441 445
441 638
489 638
489 839
700 839
700 771
168 771
168 838
849 838
849 438
174 438
174 560
284 560
284 323
670 323
670 664
175 664
175 1
646 1
646 320
240 320
240 740
309 740
309 577
133 577
133 460
153 460
153 852
808 852
808 352
335 352
335 795
298 795
298 398
540 398
540 341
128 341
128 440
286 440
286 621
358 621
358 740
130 740
130 308
56 308
56 307
914 307
914 922
80 922
80 716
776 716
776 304
116 304
116 303
135 303
135 302
833 302
833 913
290 913
290 300
356 300
356 299
953 299
953 795
749 795
749 967
41 967
41 445
698 445
698 295
913 295
913 294
162 294
162 467
446 467
446 339
341 339
341 739
266 739
266 295
419 295
419 289
755 289
755 367
398 367
398 287
578 287
578 440
716 440
716 344
176 344
176 560
505 560
505 621
972 621
972 282
557 282
557 494
653 494
653 660
10 660
10 488
271 488
271 642
323 642
323 277
668 277
668 838
494 838
494 689
342 689
342 274
211 274
211 680
5 680
5 711
732 711
732 488
88 488
88 785
348 785
348 269
98 269
98 678
445 678
445 300
171 300
171 739
468 739
468 982
746 982
746 975
3 975
3 739
588 739
588 529
191 529
191 765
679 765
679 433
213 433
213 592
302 592
302 677
930 677
930 257
900 257
900 277
874 277
874 648
701 648
701 634
219 634
219 536
320 536
320 334
236 334
236 299
795 299
795 331
218 331
218 678
618 678
618 1
112 1
112 622
946 622
946 703
111 703
111 245
237 245
237 244
577 244
577 569
598 569
598 932
482 932
482 737
737 536
564 536
564 543
55 543
55 781
405 781
405 245
623 245
623 334
222 334
222 535
105 535
105 730
244 730
244 811
649 811
649 232
656 232
656 743
638 743
638 230
469 230
469 229
871 229
871 228
397 228
397 227
438 227
438 226
511 226
511 382
277 382
277 571
780 571
780 672
980 672
980 334
170 334
170 721
141 721
141 220
274 220
274 634
743 634
743 331
609 331
609 217
347 217
347 216
610 216
610 982
570 982
570 214
426 214
426 433
535 433
535 526
625 526
625 220
282 220
282 210
339 210
339 731
597 731
597 775
878 775
878 621
987 621
987 925
337 925
337 205
161 205
161 204
15 204
15 932
991 932
991 952
93 952
93 691
195 691
195 200
579 200
579 642
711 642
711 437
308 437
308 197
851 197
851 883
509 883
509 691
728 691
728 852
294 852
294 546
382 546
382 385
257 385
257 529
304 529
304 190
108 190
108 189
689 189
689 837
664 837
664 617
488 617
488 440
303 440
303 185
86 185
86 184
838 184
838 183
544 183
544 182
892 182
892 289
437 289
437 232
368 232
368 678
190 678
190 299
217 299
217 620
675 620
675 344
765 344
765 837
129 837
129 227
510 227
510 571
685 571
685 781
952 781
952 300
418 300
418 334
474 334
474 169
295 169
295 771
819 771
819 932
149 932
149 621
628 621
628 364
63 364
63 331
762 331
762 389
126 389
126 852
583 852
583 205
228 205
228 184
412 184
412 706
832 706
832 571
189 571
189 687
102 687
102 229
837 229
837 787
183 787
183 373
376 373
376 460
410 460
410 648
703 648
703 230
448 230
448 536
813 536
813 932
787 932
787 560
839 560
839 214
523 214
523 977
690 977
690 145
289 145
289 714
967 714
967 400
460 400
460 870
68 870
68 721
592 721
592 735
622 735
622 621
396 621
396 932
16 932
16 182
771 182
771 216
571 216
571 440
227 440
227 134
185 134
185 730
97 730
97 982
433 982
433 561
184 561
184 740
642 740
642 229
556 229
556 210
22 210
22 669
941 669
941 389
617 389
617 560
731 560
731 331
216 331
216 436
925 436
925 381
740 381
740 496
391 496
391 704
145 704
145 385
963 385
963 299
798 299
798 117
620 117
620 529
814 529
814 436
932 436
932 459
245 459
245 775
996 775
996 1
134 1
134 648
687 648
687 110
536 110
536 205
117 205
117 678
529 678
529 400
440 400
440 515
696 515
696 982
561 982
561 384
546 384
546 569
678 569
678 648
515 648
515 902
543 902
543 393
735 393
735 230
775 230
775 269
721 269
721 730
47 730
47 569
902 569
902 648
560 648
560 885
982 885
982 781
85 781
85 230
790 230
790 751
885 751
885 393
624 393
624 287
230 287
230 389
751 389
751 384
334 384
334 1
706 1
706 781
33 781
33 300
226 300
226 496
197 496
197 785
67 785
67 299
232 299
232 922
229 922
229 883
169 883
169 367
977 367
977 883
425 883
425 852
492 852
492 299
373 299
373 300
727 300
727 73
269 73
269 367
935 367
935 672
847 672
847 648
672 648
672 1
20 1
20 870
205 870
205 785
612 785
612 110
459 110
459 73
46 73
46 299
331 299
331 364
352 364
352 870
707 870
707 435
344 435
344 654
619 654
619 381
25 381
25 385
381 385
381 785
73 785
73 704
714 704
714 400
870 400
870 742
367 742
367 852
385 852
385 50
463 50
463 739
300 739
300 389
384 389
384 730
214 730
214 785
307 785
307 182
621 182
621 435
400 435
400 393
634 393
634 691
200 691
200 704
220 704
220 739
785 739
785 496
704 496
704 409
852 409
852 299
110 299
110 526
677 526
677 742
691 742
691 34
389 34
389 781
680 781
680 654
526 654
526 393
299 393
299 730
9 730
9 287
922 287
922 525
648 525
648 811
364 811
364 435
496 435
496 409
50 409
50 576
210 576
210 435
781 435
781 576
883 576
883 34
811 34
811 1
975 1
975 525
742 525
742 393
393 436
467 436
467 204
409 204
409 287
204 287
204 34
436 34
436 739
1000 739
1000 660
660 730
525 730
525 34
182 34
182 739
739 435
435 287
287 1
