JA
1979
796 1
796 1000
451 1000
451 999
736 999
736 998
962 998
962 997
930 997
930 996
512 996
512 995
664 995
664 994
743 994
743 993
882 993
882 992
851 992
851 991
746 991
746 990
39 990
39 989
705 989
705 988
860 988
860 987
927 987
927 986
605 986
605 985
647 985
647 984
421 984
421 983
161 983
161 982
493 982
493 981
445 981
445 980
425 980
425 979
821 979
821 978
429 978
429 977
981 977
981 976
509 976
509 975
532 975
532 974
480 974
480 973
142 973
142 972
850 972
850 971
751 971
751 970
548 970
548 969
253 969
253 968
172 968
172 967
531 967
531 966
735 966
735 965
283 965
283 964
446 964
446 963
704 963
704 998
859 998
859 961
635 961
635 960
352 960
352 959
230 959
230 958
49 958
49 957
972 957
972 956
638 956
638 955
904 955
904 954
437 954
437 953
592 953
592 952
330 952
330 951
284 951
284 950
753 950
753 949
894 949
894 948
329 948
329 947
141 947
141 946
663 946
663 945
266 945
266 944
980 944
980 943
995 943
995 942
676 942
676 941
164 941
164 940
857 940
857 939
351 939
351 938
873 938
873 937
717 937
717 936
317 936
317 935
971 935
971 934
265 934
265 933
250 933
250 932
301 932
301 931
152 931
152 997
508 997
508 929
872 929
872 928
646 928
646 987
710 987
710 926
233 926
233 925
849 925
849 924
940 924
940 923
119 923
119 922
200 922
200 921
921 920
269 920
269 919
899 919
899 918
16 918
16 917
29 917
29 916
140 916
140 915
895 915
895 914
260 914
260 913
871 913
871 912
436 912
436 911
920 911
920 910
255 910
255 909
721 909
721 908
171 908
171 907
998 907
998 906
62 906
62 905
521 905
521 955
431 955
431 903
740 903
740 902
547 902
547 901
315 901
315 900
337 900
337 919
853 919
853 898
270 898
270 897
675 897
675 896
838 896
838 915
923 915
923 949
185 949
185 893
656 893
656 892
61 892
61 891
377 891
377 890
714 890
714 889
520 889
520 888
786 888
786 887
801 887
801 886
932 886
932 885
249 885
249 884
669 884
669 883
774 883
774 993
795 993
795 881
589 881
589 880
514 880
514 879
350 879
350 878
812 878
812 877
406 877
406 876
582 876
582 875
360 875
360 874
577 874
577 938
492 938
492 929
60 929
60 913
568 913
568 870
703 870
703 869
893 869
893 868
837 868
837 867
248 867
248 866
120 866
120 865
396 865
396 864
599 864
599 863
106 863
106 862
734 862
734 861
573 861
573 988
511 988
511 907
15 907
15 858
282 858
282 924
772 924
772 856
181 856
181 855
961 855
961 854
349 854
349 919
495 919
495 852
316 852
316 992
540 992
540 957
994 957
994 925
870 925
870 848
982 848
982 847
616 847
616 846
648 846
648 845
690 845
690 844
977 844
977 843
785 843
785 842
228 842
228 841
432 841
432 840
290 840
290 839
471 839
471 896
680 896
680 868
725 868
725 836
564 836
564 835
139 835
139 834
209 834
209 833
702 833
702 832
848 832
848 831
879 831
879 830
919 830
919 829
615 829
615 828
507 828
507 827
296 827
296 826
869 826
869 825
319 825
319 824
356 824
356 823
685 823
685 822
169 822
169 979
82 979
82 820
798 820
798 819
539 819
539 818
771 818
771 817
14 817
14 816
177 816
177 815
281 815
281 814
460 814
460 813
567 813
567 878
81 878
81 811
414 811
414 810
80 810
80 809
300 809
300 808
464 808
464 807
95 807
95 806
348 806
348 805
784 805
784 804
918 804
918 803
198 803
198 802
444 802
444 887
19 887
19 800
543 800
543 799
588 799
588 820
59 820
59 797
713 797
713 1
205 1
205 993
118 993
118 794
566 794
566 793
355 793
355 792
138 792
138 791
645 791
645 790
389 790
389 789
413 789
413 788
191 788
191 787
369 787
369 888
892 888
892 843
612 843
612 805
137 805
137 783
145 783
145 782
1000 782
1000 781
336 781
336 780
240 780
240 779
110 779
110 778
51 778
51 777
733 777
733 776
143 776
143 775
557 775
557 883
491 883
491 773
18 773
18 924
868 924
868 818
709 818
709 770
768 770
768 769
867 769
867 770
724 770
724 767
376 767
376 766
305 766
305 765
716 765
716 764
219 764
219 763
891 763
891 762
166 762
166 761
490 761
490 760
375 760
375 759
939 759
939 758
26 758
26 757
510 757
510 756
693 756
693 755
176 755
176 754
723 754
723 950
620 950
620 752
587 752
587 935
175 935
175 750
843 750
843 749
732 749
732 748
297 748
297 747
35 747
35 991
435 991
435 745
572 745
572 744
252 744
252 957
765 957
765 742
993 742
993 741
484 741
484 903
668 903
668 739
335 739
335 738
858 738
858 737
347 737
347 999
197 999
197 966
684 966
684 862
842 862
842 777
117 777
117 749
847 749
847 731
720 731
720 730
767 730
767 729
79 729
79 728
405 728
405 727
954 727
954 726
731 726
731 924
324 924
324 770
295 770
295 754
551 754
551 722
105 722
105 909
611 909
611 726
781 726
781 719
878 719
878 718
953 718
953 937
104 937
104 957
917 957
917 715
208 715
208 890
434 890
434 797
970 797
970 712
516 712
516 711
398 711
398 987
530 987
530 818
3 818
3 708
672 708
672 707
942 707
942 706
628 706
628 989
116 989
116 963
506 963
506 925
554 925
554 833
115 833
115 701
124 701
124 700
459 700
459 699
938 699
938 698
907 698
907 697
777 697
777 696
701 696
701 695
500 695
500 694
852 694
852 756
760 756
760 692
629 692
629 691
170 691
170 845
58 845
58 689
586 689
586 688
486 688
486 687
890 687
890 686
294 686
294 823
719 823
719 966
245 966
245 683
489 683
489 682
889 682
889 681
346 681
346 896
667 896
667 679
688 679
688 678
610 678
610 677
689 677
689 707
519 707
519 897
556 897
556 674
184 674
184 673
42 673
42 708
25 708
25 671
345 671
345 670
752 670
752 884
906 884
906 903
474 903
474 896
287 896
287 666
180 666
180 665
404 665
404 943
783 943
783 946
505 946
505 662
479 662
479 661
151 661
151 660
13 660
13 659
518 659
518 658
999 658
999 657
856 657
856 826
237 826
237 655
67 655
67 654
700 654
700 653
441 653
441 652
666 652
666 651
634 651
634 650
154 650
154 649
467 649
467 846
86 846
86 985
794 985
794 928
453 928
453 791
397 791
397 644
846 644
846 643
354 643
354 642
483 642
483 641
976 641
976 640
671 640
671 639
517 639
517 956
428 956
428 637
633 637
633 636
420 636
420 855
900 855
900 651
742 651
742 637
440 637
440 632
66 632
66 631
937 631
937 630
224 630
224 692
93 692
93 706
190 706
190 627
888 627
888 626
986 626
986 625
619 625
619 624
78 624
78 623
395 623
395 622
303 622
303 621
368 621
368 950
741 950
741 625
992 625
992 618
957 618
957 617
538 617
538 749
403 749
403 829
203 829
203 614
730 614
730 613
931 613
931 750
834 750
834 909
409 909
409 678
394 678
394 609
27 609
27 608
773 608
773 607
21 607
21 606
617 606
617 626
766 626
766 604
805 604
805 603
85 603
85 602
280 602
280 601
328 601
328 600
466 600
466 864
779 864
779 598
34 598
34 597
841 597
841 596
576 596
576 595
952 595
952 594
32 594
32 593
534 593
534 718
609 718
609 591
323 591
323 590
12 590
12 881
776 881
776 799
50 799
50 670
946 670
946 677
729 677
729 585
419 585
419 584
366 584
366 583
207 583
207 876
745 876
745 581
569 581
569 580
488 580
488 579
455 579
455 578
408 578
408 874
374 874
374 596
625 596
625 575
991 575
991 574
247 574
247 861
160 861
160 876
412 876
412 571
748 571
748 570
2 570
2 581
373 581
373 913
600 913
600 813
789 813
789 985
974 985
974 565
529 565
529 836
482 836
482 563
183 563
183 562
289 562
289 561
158 561
158 560
264 560
264 559
344 559
344 558
654 558
654 775
802 775
802 897
604 897
604 555
384 555
384 925
38 925
38 553
122 553
122 552
866 552
866 754
288 754
288 550
232 550
232 549
465 549
465 797
47 797
47 902
11 902
11 546
242 546
242 545
793 545
793 544
327 544
327 800
53 800
53 542
212 542
212 541
299 541
299 596
679 596
679 819
811 819
811 606
887 606
887 537
179 537
179 536
865 536
865 535
424 535
424 593
877 593
877 533
969 533
969 975
916 975
916 967
213 967
213 987
326 987
326 565
698 565
698 528
204 528
204 527
189 527
189 526
936 526
936 525
174 525
174 524
452 524
452 523
651 523
651 522
790 522
790 905
231 905
231 682
298 682
298 707
136 707
136 659
606 659
606 639
214 639
214 712
585 712
585 515
450 515
450 880
322 880
322 513
903 513
903 996
478 996
478 988
546 988
546 757
662 757
662 641
661 641
661 997
528 997
528 828
41 828
41 963
537 963
537 670
178 670
178 504
504 503
235 503
235 502
545 502
545 501
810 501
810 695
650 695
650 499
63 499
63 498
361 498
361 497
263 497
263 496
820 496
820 830
915 830
915 494
533 494
533 832
325 832
325 699
632 699
632 883
499 883
499 761
728 761
728 683
448 683
448 580
462 580
462 487
985 487
985 596
596 485
31 485
31 950
423 950
423 642
914 642
914 836
987 836
987 481
833 481
833 487
402 487
402 757
913 757
913 996
244 996
244 477
603 477
603 476
739 476
739 475
241 475
241 513
443 513
443 473
43 473
43 472
788 472
788 839
259 839
259 470
103 470
103 469
584 469
584 468
314 468
314 649
621 649
621 757
310 757
310 549
553 549
553 808
829 808
829 463
762 463
762 580
226 580
226 461
92 461
92 814
94 814
94 558
150 558
150 458
727 458
727 457
268 457
268 456
10 456
10 579
804 579
804 454
809 454
809 928
759 928
759 524
649 524
649 782
135 782
135 515
726 515
726 449
334 449
334 683
365 683
365 447
951 447
951 964
364 964
364 844
950 844
950 775
691 775
691 513
799 513
799 442
427 442
427 653
598 653
598 637
501 637
501 439
309 439
309 438
803 438
803 458
321 458
321 912
77 912
77 575
196 575
196 687
30 687
30 433
876 433
876 597
153 597
153 955
968 955
968 430
33 430
33 978
527 978
527 956
935 956
935 442
925 442
925 426
498 426
498 944
808 944
808 535
468 535
468 844
65 844
65 422
439 422
439 984
640 984
640 636
845 636
845 712
595 712
595 418
574 418
574 417
550 417
550 416
912 416
912 415
343 415
343 819
644 819
644 813
48 813
48 433
388 433
388 411
46 411
46 410
9 410
9 909
563 909
563 578
276 578
276 407
683 407
683 593
945 593
945 761
687 761
687 665
272 665
272 749
819 749
819 487
211 487
211 401
902 401
902 400
967 400
967 399
401 399
401 711
631 711
631 791
461 791
461 536
391 536
391 623
911 623
911 678
639 678
639 393
797 393
797 392
503 392
503 536
722 536
722 390
844 390
844 522
608 522
608 433
637 433
637 387
699 387
699 386
426 386
426 385
134 385
134 555
363 555
363 383
24 383
24 382
108 382
108 381
926 381
926 380
738 380
738 379
97 379
97 378
333 378
333 763
886 763
886 614
692 614
692 756
555 756
555 874
387 874
387 581
114 581
114 372
133 372
133 371
399 371
399 370
818 370
818 787
682 787
682 524
37 524
37 367
195 367
195 469
481 469
481 407
57 407
57 964
76 964
76 756
293 756
293 362
875 362
875 386
84 386
84 362
45 362
45 359
712 359
712 358
149 358
149 357
697 357
697 824
75 824
75 502
292 502
292 643
949 643
949 353
102 353
102 960
262 960
262 928
960 928
960 831
258 831
258 854
864 854
864 806
815 806
815 737
223 737
223 681
778 681
778 984
359 984
359 559
494 559
494 415
924 415
924 342
526 342
526 341
758 341
758 340
922 340
922 339
372 339
372 338
410 338
410 855
163 855
163 515
218 515
218 476
756 476
756 449
132 449
132 378
342 378
342 332
497 332
497 331
44 331
44 984
454 984
454 948
571 948
571 601
973 601
973 544
236 544
236 836
271 836
271 832
304 832
304 415
832 415
832 591
156 591
156 880
502 880
502 458
570 458
570 320
470 320
470 825
696 825
696 318
17 318
17 378
433 378
433 694
653 694
653 901
807 901
807 535
225 535
225 313
227 313
227 312
383 312
383 311
210 311
210 757
562 757
562 422
928 422
928 308
597 308
597 307
194 307
194 306
229 306
229 626
313 626
313 415
442 415
442 622
341 622
341 302
155 302
155 763
929 763
929 984
823 984
823 541
711 541
711 787
477 787
477 948
966 948
966 827
744 827
744 770
193 770
193 686
881 686
881 476
199 476
199 880
715 880
715 291
192 291
192 840
469 840
469 757
148 757
148 754
695 754
695 896
332 896
332 286
828 286
828 285
123 285
123 447
750 447
750 965
217 965
217 380
487 380
487 806
382 806
382 602
948 602
948 279
770 279
770 278
749 278
749 277
390 277
390 578
182 578
182 275
513 275
513 274
113 274
113 273
279 273
279 665
257 665
257 836
131 836
131 898
652 898
652 623
68 623
68 457
583 457
583 267
561 267
561 593
627 593
627 934
381 934
381 560
168 560
168 896
56 896
56 422
202 422
202 261
525 261
525 642
737 642
737 839
965 839
965 831
624 831
624 665
602 665
602 256
626 256
626 910
91 910
91 254
984 254
984 559
840 559
840 827
643 827
643 251
353 251
353 933
234 933
234 885
101 885
101 769
8 769
8 418
694 418
694 246
800 246
800 665
7 665
7 996
674 996
674 243
901 243
901 988
636 988
636 475
144 475
144 780
340 780
340 239
979 239
979 238
863 238
863 826
23 826
23 544
371 544
371 392
126 392
126 933
422 933
422 934
990 934
990 417
591 417
591 905
670 905
670 959
542 959
542 306
817 306
817 256
835 256
835 580
339 580
339 535
206 535
206 630
458 630
458 642
64 642
64 222
565 222
565 221
642 221
642 220
358 220
358 764
308 764
308 515
74 515
74 839
792 839
792 216
708 216
708 215
681 215
681 678
780 678
780 400
686 400
686 959
836 959
836 380
885 380
885 311
243 311
243 447
581 447
581 880
524 880
524 457
438 457
438 535
947 535
947 1
165 1
165 997
331 997
331 944
370 944
370 933
40 933
40 201
167 201
167 678
380 678
380 476
956 476
956 457
386 457
386 658
449 658
449 575
473 575
473 367
678 367
678 307
100 307
100 273
107 273
107 291
55 291
55 472
623 472
623 706
476 706
476 978
827 978
827 188
286 188
286 187
755 187
755 186
147 186
147 978
560 978
560 996
580 996
580 909
544 909
544 578
910 578
910 657
959 657
959 898
579 898
579 963
761 963
761 905
385 905
385 816
549 816
549 187
393 187
393 706
338 706
338 261
630 261
630 173
989 173
989 955
660 955
660 908
791 908
791 775
254 775
254 822
73 822
73 978
320 978
320 201
415 201
415 463
496 463
496 1
659 1
659 941
90 941
90 855
112 855
112 162
997 162
997 983
934 983
934 861
130 861
130 159
782 159
782 267
312 267
312 157
814 157
814 417
188 417
188 302
318 302
318 754
72 754
72 764
757 764
757 613
880 613
880 641
36 641
36 558
754 558
754 220
6 220
6 764
201 764
201 186
52 186
52 146
909 146
909 943
111 943
111 475
658 475
658 400
830 400
830 601
665 601
665 535
996 535
996 975
831 975
831 256
261 256
261 839
541 839
541 897
944 897
944 707
854 707
854 159
275 159
275 905
941 905
941 535
463 535
463 475
411 475
411 657
707 657
707 861
222 861
222 129
485 129
485 128
129 128
129 127
559 127
559 392
71 392
71 125
787 125
787 825
764 825
764 285
128 285
128 816
267 816
267 121
274 121
274 552
607 552
607 400
933 400
933 523
221 523
221 357
447 357
447 173
362 173
362 127
162 127
162 357
251 357
251 121
83 121
83 855
822 855
822 943
187 943
187 657
96 657
96 109
186 109
186 806
673 806
673 273
614 273
614 238
657 238
657 536
964 536
964 839
769 839
769 978
256 978
256 357
285 357
285 367
379 367
379 307
816 307
816 99
99 98
763 98
763 367
536 367
536 238
238 311
575 311
575 157
418 157
418 273
392 273
392 908
273 908
273 578
246 578
246 905
88 905
88 89
718 89
718 905
407 905
407 87
302 87
302 278
839 278
839 125
855 125
855 457
159 457
159 121
943 121
943 239
983 239
983 775
622 775
622 378
22 378
22 677
216 677
216 975
706 975
706 416
278 416
278 367
70 367
70 824
5 824
5 515
641 515
641 125
417 125
417 558
825 558
825 908
173 908
173 367
28 367
28 69
806 69
806 472
618 472
618 655
157 655
157 874
400 874
400 277
905 277
905 523
109 523
109 883
367 883
367 884
590 884
590 593
121 593
121 98
552 98
552 535
594 535
594 988
215 988
215 277
898 277
898 896
457 896
457 291
523 291
523 54
655 54
655 578
884 578
884 291
908 291
908 988
54 988
54 896
125 896
125 958
535 958
535 813
775 813
775 593
4 593
4 475
146 475
146 291
874 291
874 127
98 127
98 311
220 311
220 69
522 69
522 896
430 896
430 291
378 291
378 239
239 558
89 558
89 613
813 613
813 515
127 515
127 747
958 747
958 988
963 988
963 896
20 896
20 747
978 747
978 357
601 357
601 988
988 472
955 472
955 558
826 558
826 613
416 613
416 677
357 677
357 307
87 307
87 558
69 558
69 291
897 291
897 515
861 515
861 896
456 896
456 1
277 1
277 558
747 558
747 307
896 307
896 1
613 1
613 515
824 515
824 306
677 306
677 472
472 578
291 578
291 475
578 475
578 975
593 975
593 1
515 1
515 311
311 1
475 1
475 975
558 975
558 1
