1000 16001
2 1
3 1
4 1
5 1
7 1
8 1
9 1
12 1
13 1
18 1
19 1
22 1
24 1
26 1
27 1
28 1
30 1
31 1
32 1
33 1
35 1
36 1
37 1
39 1
40 1
43 1
44 1
45 1
47 1
49 1
51 1
54 1
56 1
59 1
63 1
67 1
68 1
70 1
71 1
73 1
75 1
76 1
78 1
79 1
80 1
85 1
94 1
98 1
101 1
105 1
110 1
112 1
114 1
115 1
116 1
119 1
121 1
124 1
126 1
131 1
132 1
133 1
136 1
138 1
139 1
140 1
145 1
149 1
150 1
151 1
153 1
154 1
155 1
156 1
160 1
162 1
165 1
168 1
173 1
175 1
176 1
177 1
181 1
182 1
183 1
184 1
185 1
188 1
191 1
195 1
196 1
197 1
198 1
202 1
203 1
204 1
206 1
210 1
211 1
215 1
218 1
221 1
223 1
227 1
231 1
232 1
236 1
238 1
242 1
244 1
247 1
248 1
252 1
257 1
260 1
261 1
262 1
263 1
265 1
267 1
268 1
269 1
278 1
280 1
285 1
289 1
290 1
291 1
293 1
294 1
295 1
298 1
299 1
301 1
302 1
305 1
306 1
307 1
310 1
313 1
314 1
315 1
316 1
317 1
318 1
319 1
320 1
321 1
323 1
324 1
327 1
330 1
331 1
332 1
333 1
334 1
338 1
339 1
340 1
341 1
342 1
343 1
344 1
345 1
348 1
349 1
351 1
353 1
357 1
360 1
361 1
363 1
365 1
366 1
367 1
375 1
376 1
380 1
381 1
382 1
383 1
388 1
389 1
394 1
395 1
396 1
397 1
398 1
400 1
401 1
402 1
403 1
404 1
405 1
406 1
412 1
413 1
414 1
415 1
416 1
417 1
423 1
427 1
430 1
432 1
433 1
435 1
436 1
437 1
438 1
441 1
442 1
446 1
448 1
452 1
454 1
456 1
457 1
459 1
462 1
465 1
470 1
471 1
472 1
473 1
474 1
476 1
477 1
479 1
480 1
482 1
484 1
486 1
489 1
492 1
493 1
494 1
495 1
498 1
500 1
502 1
503 1
508 1
510 1
511 1
512 1
514 1
515 1
516 1
520 1
521 1
522 1
523 1
529 1
530 1
531 1
535 1
537 1
538 1
539 1
541 1
543 1
544 1
548 1
549 1
556 1
557 1
558 1
560 1
562 1
564 1
566 1
568 1
570 1
574 1
576 1
579 1
581 1
582 1
585 1
587 1
592 1
593 1
594 1
596 1
597 1
599 1
601 1
602 1
603 1
604 1
607 1
608 1
610 1
611 1
613 1
616 1
620 1
622 1
627 1
628 1
629 1
630 1
631 1
632 1
637 1
639 1
641 1
642 1
646 1
649 1
654 1
657 1
659 1
663 1
664 1
665 1
667 1
668 1
670 1
671 1
672 1
673 1
676 1
688 1
692 1
694 1
695 1
696 1
697 1
700 1
701 1
703 1
704 1
707 1
711 1
712 1
713 1
715 1
716 1
717 1
718 1
720 1
723 1
725 1
726 1
727 1
728 1
734 1
736 1
737 1
738 1
741 1
743 1
744 1
745 1
746 1
748 1
750 1
753 1
754 1
758 1
759 1
760 1
761 1
762 1
768 1
771 1
774 1
775 1
776 1
780 1
781 1
784 1
787 1
789 1
791 1
792 1
795 1
796 1
797 1
799 1
800 1
802 1
806 1
809 1
811 1
814 1
816 1
819 1
821 1
825 1
826 1
829 1
831 1
832 1
833 1
834 1
840 1
842 1
843 1
846 1
847 1
850 1
852 1
853 1
859 1
860 1
861 1
862 1
866 1
867 1
870 1
871 1
872 1
875 1
880 1
881 1
882 1
885 1
887 1
890 1
892 1
893 1
896 1
897 1
898 1
899 1
901 1
904 1
905 1
906 1
907 1
908 1
909 1
911 1
914 1
915 1
916 1
917 1
919 1
920 1
921 1
923 1
926 1
927 1
929 1
930 1
934 1
936 1
937 1
939 1
940 1
944 1
945 1
947 1
949 1
950 1
954 1
957 1
958 1
959 1
960 1
963 1
965 1
971 1
973 1
974 1
976 1
978 1
980 1
981 1
984 1
985 1
986 1
988 1
990 1
991 1
992 1
995 1
996 1
997 1
1003 1
1004 1
1005 1
1008 1
1009 1
1011 1
1013 1
1014 1
1016 1
1017 1
1018 1
1020 1
1021 1
1022 1
1023 1
1025 1
1029 1
1031 1
1033 1
1034 1
1038 1
1039 1
1040 1
1041 1
1043 1
1044 1
1045 1
1046 1
1047 1
1049 1
1051 1
1054 1
1055 1
1056 1
1061 1
1063 1
1064 1
1065 1
1066 1
1068 1
1069 1
1070 1
1071 1
1072 1
1073 1
1074 1
1076 1
1079 1
1080 1
1081 1
1082 1
1085 1
1086 1
1087 1
1088 1
1089 1
1090 1
1093 1
1094 1
1096 1
1099 1
1100 1
1101 1
1103 1
1104 1
1107 1
1108 1
1109 1
1114 1
1115 1
1117 1
1118 1
1124 1
1125 1
1126 1
1127 1
1132 1
1133 1
1136 1
1139 1
1141 1
1146 1
1147 1
1148 1
1150 1
1151 1
1153 1
1156 1
1157 1
1159 1
1161 1
1169 1
1170 1
1175 1
1176 1
1179 1
1181 1
1185 1
1193 1
1194 1
1195 1
1200 1
1201 1
1202 1
1204 1
1210 1
1211 1
1214 1
1216 1
1219 1
1220 1
1222 1
1223 1
1224 1
1226 1
1228 1
1229 1
1233 1
1234 1
1235 1
1239 1
1242 1
1243 1
1245 1
1246 1
1248 1
1251 1
1252 1
1253 1
1256 1
1257 1
1258 1
1259 1
1260 1
1261 1
1263 1
1264 1
1265 1
1268 1
1270 1
1271 1
1272 1
1277 1
1278 1
1279 1
1282 1
1283 1
1285 1
1286 1
1287 1
1288 1
1294 1
1295 1
1296 1
1297 1
1304 1
1308 1
1309 1
1310 1
1313 1
1315 1
1316 1
1317 1
1318 1
1319 1
1320 1
1323 1
1324 1
1325 1
1328 1
1329 1
1332 1
1335 1
1339 1
1341 1
1342 1
1343 1
1344 1
1345 1
1346 1
1347 1
1348 1
1349 1
1351 1
1354 1
1356 1
1358 1
1360 1
1361 1
1364 1
1366 1
1367 1
1368 1
1369 1
1370 1
1371 1
1372 1
1373 1
1375 1
1376 1
1377 1
1378 1
1381 1
1382 1
1384 1
1385 1
1386 1
1389 1
1390 1
1391 1
1392 1
1393 1
1394 1
1395 1
1397 1
1398 1
1399 1
1400 1
1402 1
1405 1
1407 1
1408 1
1409 1
1412 1
1413 1
1415 1
1417 1
1420 1
1421 1
1422 1
1423 1
1424 1
1428 1
1429 1
1430 1
1433 1
1435 1
1437 1
1439 1
1441 1
1443 1
1446 1
1448 1
1450 1
1454 1
1455 1
1456 1
1457 1
1464 1
1465 1
1466 1
1470 1
1472 1
1475 1
1477 1
1478 1
1481 1
1486 1
1487 1
1489 1
1491 1
1494 1
1495 1
1498 1
1500 1
1503 1
1504 1
1505 1
1507 1
1508 1
1509 1
1511 1
1512 1
1513 1
1515 1
1516 1
1517 1
1520 1
1522 1
1524 1
1526 1
1527 1
1528 1
1531 1
1532 1
1540 1
1541 1
1542 1
1544 1
1546 1
1549 1
1550 1
1554 1
1555 1
1558 1
1559 1
1560 1
1565 1
1566 1
1567 1
1568 1
1569 1
1572 1
1575 1
1576 1
1577 1
1578 1
1579 1
1580 1
1581 1
1582 1
1583 1
1584 1
1586 1
1593 1
1596 1
1600 1
1601 1
1602 1
1603 1
1604 1
1605 1
1606 1
1607 1
1608 1
1611 1
1612 1
1613 1
1615 1
1618 1
1621 1
1623 1
1624 1
1626 1
1628 1
1629 1
1634 1
1636 1
1639 1
1642 1
1643 1
1644 1
1645 1
1646 1
1647 1
1648 1
1650 1
1651 1
1652 1
1655 1
1656 1
1659 1
1660 1
1661 1
1663 1
1665 1
1666 1
1667 1
1668 1
1670 1
1672 1
1675 1
1681 1
1683 1
1686 1
1689 1
1690 1
1694 1
1695 1
1696 1
1698 1
1699 1
1700 1
1701 1
1702 1
1704 1
1705 1
1712 1
1713 1
1714 1
1719 1
1720 1
1722 1
1723 1
1726 1
1727 1
1728 1
1729 1
1731 1
1733 1
1736 1
1737 1
1739 1
1741 1
1747 1
1748 1
1750 1
1751 1
1752 1
1755 1
1756 1
1758 1
1761 1
1765 1
1766 1
1767 1
1771 1
1772 1
1773 1
1776 1
1778 1
1779 1
1781 1
1782 1
1786 1
1788 1
1790 1
1791 1
1792 1
1796 1
1800 1
1802 1
1804 1
1805 1
1809 1
1810 1
1812 1
1815 1
1819 1
1821 1
1822 1
1833 1
1835 1
1837 1
1840 1
1841 1
1843 1
1844 1
1846 1
1848 1
1851 1
1852 1
1855 1
1856 1
1858 1
1859 1
1862 1
1864 1
1866 1
1869 1
1870 1
1871 1
1872 1
1873 1
1874 1
1876 1
1878 1
1880 1
1881 1
1882 1
1883 1
1886 1
1889 1
1890 1
1895 1
1897 1
1898 1
1901 1
1903 1
1905 1
1906 1
1907 1
1908 1
1909 1
1910 1
1912 1
1913 1
1916 1
1917 1
1918 1
1919 1
1920 1
1922 1
1925 1
1926 1
1929 1
1932 1
1936 1
1938 1
1939 1
1940 1
1941 1
1942 1
1945 1
1946 1
1948 1
1950 1
1951 1
1952 1
1956 1
1957 1
1959 1
1960 1
1962 1
1964 1
1968 1
1970 1
1971 1
1973 1
1974 1
1983 1
1984 1
1986 1
1988 1
1989 1
1990 1
1993 1
1995 1
