100 100 100
36 20 73 59 39 71 59 93 53 59 92 86 85 54 14 82 76 11 21 93 5 12 14 44 21 99 20 73 28 22 36 93 80 64 67 70 65 55 39 13 70 44 55 93 64 48 31 19 65 37 82 68 64 59 22 54 36 92 93 75 42 59 85 65 20 74 77 73 86 65 73 80 100 30 47 14 25 71 76 56 43 85 71 16 49 39 72 25 85 75 17 46 39 25 32 21 8 45 75 20
69 23 41 76 38 20 43 78 24 17 6 49 58 86 80 85 65 30 42 18 29 92 8 82 3 88 22 60 53 14 34 1 87 59 39 71 50 81 4 9 62 13 83 37 79 57 27 93 36 77 28 16 72 74 55 100 7 15 61 66 52 5 51 64 2 94 90 95 32 45 73 19 97 70 63 89 48 68 25 33 75 40 44 47 46 21 56 54 98 96 67 91 12 31 11 26 99 84 10 35
1 23 84
2 15 14
1 80 67
1 16 1
2 87 24
2 41 22
2 87 8
2 91 80
1 2 69
2 75 62
2 23 9
1 16 13
2 28 19
1 21 90
2 96 50
1 67 98
2 24 60
1 67 70
1 27 20
2 29 81
1 50 89
1 29 54
1 32 64
2 70 76
1 50 31
2 97 89
1 77 65
2 13 43
2 91 53
1 75 12
1 70 100
1 91 8
1 94 34
1 96 43
2 53 67
2 76 64
2 67 92
1 65 76
1 90 25
1 70 2
2 15 56
1 36 99
2 97 89
2 24 71
1 100 42
1 23 73
2 16 8
2 75 11
2 65 95
1 10 45
1 95 27
2 22 3
2 42 2
2 93 65
2 28 55
2 49 12
2 46 73
2 96 75
2 68 81
1 58 9
2 18 40
1 41 26
1 53 13
1 56 33
2 46 5
1 85 10
2 92 79
2 90 80
1 21 97
2 44 61
1 22 3
1 100 28
1 62 10
2 70 79
1 79 65
2 6 57
2 80 85
1 51 39
1 33 48
1 64 35
2 70 82
1 95 24
2 55 35
1 64 66
2 24 45
1 11 1
1 90 37
2 35 18
1 48 6
2 59 42
2 10 1
1 54 68
1 78 65
2 100 51
2 56 43
1 91 84
1 59 57
2 23 88
1 31 5
1 38 59
