100 100 100
37 8 7 37 37 17 7 7 7 17 9 7 7 17 97 97 7 74 43 7 8 74 17 17 74 37 74 74 9 37 17 8 43 43 17 17 7 7 37 17 17 97 7 7 8 8 7 74 7 8 9 74 7 7 17 7 9 8 74 7 93 8 97 7 97 7 8 74 8 7 17 17 17 7 43 9 43 17 97 9 7 97 8 37 7 17 8 17 97 17 93 8 7 37 37 17 7 8 8 7
48 98 90 19 86 29 94 71 62 27 24 15 87 31 80 34 53 92 16 61 54 88 77 96 51 47 73 56 100 28 42 75 35 63 38 30 57 68 20 74 33 89 59 58 67 44 23 43 84 95 4 60 93 36 40 13 52 69 46 6 37 8 7 99 14 83 82 66 11 76 70 26 78 21 49 79 3 41 10 9 72 64 12 55 45 17 5 25 97 65 39 22 91 1 81 18 2 85 50 32
1 57 68
2 96 96
2 13 31
1 39 3
2 10 8
1 9 42
2 27 28
2 44 23
1 100 16
1 44 52
1 93 18
1 62 68
2 58 22
1 38 19
2 57 9
1 100 58
2 2 48
1 85 78
2 6 78
2 93 72
2 78 72
1 41 99
1 5 4
2 23 46
2 63 58
1 8 83
2 67 95
1 40 61
2 28 23
1 24 3
2 38 44
2 43 49
2 73 65
2 76 21
1 17 99
2 70 1
2 34 59
2 22 23
2 69 92
1 26 37
1 1 28
2 82 60
1 99 9
2 100 12
1 92 27
2 51 90
2 37 88
2 62 11
1 100 77
2 69 45
1 46 25
2 10 58
1 98 35
1 66 85
2 35 95
1 13 78
1 73 72
2 37 84
2 100 11
1 64 10
2 10 4
2 8 60
2 33 25
1 68 79
2 51 4
2 11 58
1 100 79
1 9 2
1 9 17
2 96 91
2 35 29
2 20 97
1 15 24
2 65 41
2 67 39
2 10 88
1 16 2
2 44 70
1 88 39
2 98 38
1 28 6
2 78 80
2 55 18
2 61 33
2 41 97
2 56 50
1 17 19
1 89 90
1 84 44
1 21 64
2 56 89
2 12 22
1 49 58
2 37 96
2 41 82
2 95 8
1 66 23
1 70 15
2 30 70
2 8 70
