100 100 100
39 45 98 42 19 75 9 72 92 42 7 46 41 45 49 1 51 49 14 99 90 19 52 48 45 88 13 46 45 1 43 75 52 78 99 5 14 71 73 49 41 85 35 82 92 14 24 55 100 18 43 18 23 50 92 58 10 33 46 14 44 56 5 37 60 93 78 84 2 91 1 60 50 18 84 29 55 45 39 4 46 9 18 27 96 71 48 48 79 14 43 15 7 67 51 68 6 1 50 75
48 53 4 91 44 16 12 74 2 23 66 85 67 73 45 88 30 84 75 92 82 100 25 10 52 6 68 95 94 70 51 15 58 99 72 97 37 38 27 34 40 90 33 56 35 61 13 63 83 46 54 81 5 36 32 98 65 42 43 19 18 11 80 76 1 39 59 28 71 47 93 21 89 57 17 22 7 26 55 3 79 8 69 24 49 14 20 50 29 60 86 77 87 64 78 9 41 62 96 31
2 47 40
1 36 9
1 85 31
1 30 20
1 48 68
2 97 10
1 94 83
1 26 51
1 91 78
2 60 55
2 72 88
1 52 38
1 15 60
2 89 26
2 58 29
1 40 34
1 2 20
1 31 12
2 69 94
1 82 66
2 55 80
1 12 13
1 10 19
1 64 75
2 59 71
2 57 68
1 87 7
1 3 21
2 4 51
1 56 5
1 64 90
2 58 90
2 76 73
1 86 22
1 36 70
2 11 13
1 34 32
1 38 30
2 67 30
2 69 98
1 2 66
1 24 16
2 33 53
1 49 58
2 87 63
1 62 5
2 59 65
2 90 15
2 40 65
2 66 32
2 78 32
1 20 3
2 46 35
1 20 81
2 15 69
2 32 67
1 96 86
2 99 43
1 46 98
2 45 62
2 89 26
1 28 27
1 68 69
2 80 68
2 79 79
1 34 93
2 3 94
1 45 81
1 80 71
1 73 34
2 69 94
1 99 3
1 32 79
1 92 93
2 28 85
2 78 3
1 45 98
2 84 48
1 59 58
1 56 45
1 37 26
2 57 65
2 1 51
1 67 92
2 85 63
2 12 8
2 49 1
1 32 22
2 82 64
1 77 55
2 69 47
1 38 68
1 25 73
1 69 3
1 29 76
1 8 4
2 49 57
2 33 64
2 26 72
2 69 61
