100 100 100
67 18 52 67 40 67 67 81 49 55 67 89 67 57 67 76 67 20 67 12 67 67 16 67 67 34 79 9 66 67 59 67 67 72 54 67 8 31 67 2 67 67 67 67 67 67 67 67 14 90 67 53 58 61 88 50 62 5 95 67 3 27 67 92 67 98 23 67 67 67 67 64 67 67 28 56 67 67 38 29 35 67 67 67 67 67 67 88 10 75 67 37 67 67 80 67 26 97 67 67
1 4 6 7 11 13 15 17 19 21 22 24 25 30 32 33 36 39 41 42 43 44 45 46 47 48 51 60 63 65 68 69 70 71 73 74 77 78 82 83 84 85 86 87 91 93 94 96 99 100 92 79 20 54 97 10 23 28 50 16 9 2 57 64 3 95 53 52 89 61 90 14 49 72 5 38 34 31 98 88 29 62 67 66 26 55 58 59 27 40 76 80 56 81 35 12 8 75 18 37
2 9 60
2 13 65
2 1 95
2 39 6
2 42 94
2 31 58
2 7 73
2 23 82
2 11 71
2 46 85
2 31 86
2 38 33
2 13 81
2 15 53
2 40 92
2 18 30
2 46 98
2 43 72
2 6 52
2 5 38
2 28 39
2 41 86
2 36 61
2 37 79
2 14 66
2 22 76
2 43 90
2 6 77
2 14 3
2 16 82
2 31 57
2 49 61
2 38 9
2 21 77
2 15 98
2 20 68
2 27 65
2 26 24
2 5 85
2 42 91
2 4 84
2 7 4
2 39 52
2 48 64
2 34 54
2 14 63
2 16 46
2 31 35
2 30 31
2 38 25
2 12 33
2 22 97
2 11 70
2 14 43
2 44 20
2 9 99
2 9 1
2 46 67
2 7 98
2 47 22
2 13 33
2 40 77
2 41 85
2 1 14
2 43 60
2 9 8
2 38 13
2 21 1
2 29 41
2 11 92
2 24 27
2 39 68
2 42 93
2 37 76
2 1 22
2 30 3
2 20 60
2 9 31
2 24 49
2 12 50
2 49 42
2 33 12
2 33 66
2 7 44
2 44 60
2 17 73
2 9 73
2 49 34
2 22 14
2 23 50
2 8 21
2 42 51
2 17 90
2 28 70
2 19 3
2 1 70
2 28 70
2 26 77
2 1 97
2 20 52
