100 100 100
24 8 60 62 97 36 69 59 59 27 22 22 60 90 1 53 96 64 91 85 20 28 56 11 90 57 89 34 33 36 4 16 21 92 7 92 21 65 38 33 49 93 75 61 33 61 92 99 3 68 24 18 3 71 24 11 44 3 72 17 60 100 60 17 95 85 64 99 80 39 6 89 53 36 4 65 14 63 79 97 84 23 57 56 22 79 34 91 71 50 96 86 57 60 87 70 93 41 82 96
11 68 81 97 73 61 71 43 6 20 50 95 30 41 98 37 23 22 36 75 18 62 35 53 26 25 15 17 33 65 96 87 67 74 91 4 99 89 60 55 48 49 2 93 10 90 13 34 85 82 76 70 42 45 69 66 56 92 57 47 27 78 44 86 52 19 100 16 3 28 38 94 12 54 88 77 7 79 51 39 24 8 83 9 1 63 46 14 84 80 32 5 29 59 58 72 21 64 31 40
1 43 5
2 12 1
2 46 79
2 53 54
2 17 69
2 86 33
2 15 37
2 66 14
1 7 46
2 18 43
2 91 87
1 53 9
2 99 3
1 32 45
2 5 51
1 53 15
1 38 48
1 16 93
2 31 56
2 10 56
1 84 68
1 81 71
2 92 10
2 77 51
2 78 23
1 6 48
2 43 19
1 47 20
1 73 71
2 12 48
2 81 93
1 45 60
1 70 97
1 17 66
2 41 47
1 68 52
2 88 92
1 17 54
2 40 97
1 12 13
1 42 18
1 63 72
1 35 75
2 26 39
2 45 7
1 79 5
1 72 58
2 90 4
1 8 14
1 10 1
1 82 65
1 27 18
2 12 47
1 53 58
1 37 25
1 16 61
2 59 53
2 9 30
2 18 70
1 42 79
1 68 8
2 60 55
1 13 97
2 64 1
2 15 99
1 38 60
1 69 1
2 48 99
2 7 40
2 68 69
1 43 69
2 53 75
2 6 15
1 38 46
2 13 26
2 54 95
1 61 12
2 35 31
1 46 15
1 83 35
2 64 19
2 86 66
2 74 33
2 27 87
2 16 22
1 95 11
1 87 82
1 47 38
1 60 57
2 16 30
2 50 36
2 65 42
1 44 57
1 9 96
2 87 59
2 69 28
2 17 10
1 10 28
1 31 78
1 74 90
