323782991 200
1 246308327
1 312382728
1 1887480
1 289610270
1 155743253
1 289426565
1 62952149
1 182659617
1 207447502
1 185411087
1 311950866
1 127728996
1 128843163
1 228459855
1 70095774
1 258360717
1 268556020
1 12271761
1 20900843
1 73959928
1 86966626
1 129275978
1 203924615
1 154741574
1 71165188
1 140033393
1 144179720
1 312876355
1 137791141
1 240959662
1 214772151
1 210257519
1 303678579
1 233694810
1 42848937
1 202934436
1 195101311
1 107015165
1 252170005
1 291365490
1 128091495
1 24835113
1 161340780
1 147681862
1 141699582
1 195663038
1 177150570
1 314693953
1 231806866
1 235250242
1 252507878
1 296050582
1 140736172
1 144419078
1 73486820
1 2832553
1 24844804
1 96455610
1 16975107
1 197203507
1 209539041
1 179596278
1 207703600
1 100973218
1 146574675
1 107515714
1 237189071
1 260516621
1 197046702
1 320331845
1 321578351
1 220776193
1 42637019
1 72211870
1 219794517
1 312407126
1 156439538
1 58888160
1 92421494
1 295619853
1 117232149
1 32164440
1 215827231
1 126889111
1 136806566
1 286882830
1 136046873
1 267785274
1 67917684
1 203240385
1 42679975
1 185647084
1 318776499
1 213812
1 54010250
1 18664037
1 297398535
1 233878470
1 43871160
1 158997308
1 272875484
1 321800072
1 235749334
1 49068180
1 283867591
1 295463597
1 170777972
1 23769990
1 59698079
1 205940442
1 277818798
1 59515335
1 25668496
1 221912524
1 294439519
1 13892892
1 259665363
1 217871160
1 110557322
1 106856757
1 177965339
1 14876841
1 146898398
1 312923656
1 252112811
1 144084438
1 298123150
1 218197381
1 134981723
1 292598354
1 78223484
1 95140678
1 5897422
1 157759248
1 280560687
1 39376309
1 25795726
1 178336655
1 34227436
1 75033509
1 197844151
1 18413524
1 58604774
1 287668528
1 293507554
1 219959705
1 210834188
1 228599894
1 276402714
1 258427579
1 155705118
1 14628735
1 254363359
1 85035839
1 170710353
1 155700249
1 139185304
1 104673891
1 309928390
1 79599169
1 172683591
1 294949720
1 30339344
1 252554480
1 203796891
1 23788099
1 1936190
1 215308601
1 32450214
1 295831094
1 310190329
1 47353428
1 120673501
1 164489112
1 52797560
1 9611947
1 170049090
1 23270132
1 24012870
1 260609317
1 227727213
1 38926299
1 253693738
1 204803774
1 247209225
1 243036673
1 41762256
1 301646285
1 123803795
1 242133311
1 270858688
1 56189560
1 111590242
1 68876465
1 155833690
1 288898552
1 217675107
1 261545692
1 38289429
1 215840982
