583162246 5000
1 506478292
1 427408280
1 75479521
1 50930145
1 67011707
1 510614967
1 564312212
1 325881532
1 564952888
1 163522855
1 540991912
1 404559412
1 229004781
1 505252818
1 279820239
1 101413089
1 526255471
1 526402463
1 88560036
1 499111659
1 51578012
1 285535123
1 52998869
1 491001898
1 516437415
1 433620047
1 508330361
1 465593653
1 255604355
1 74922467
1 486858534
1 187582022
1 175440159
1 30483685
1 330713608
1 572009247
1 554158462
1 272628317
1 461693826
1 382633254
1 570605053
1 424237116
1 244892036
1 433497706
1 636767
1 219049354
1 480365707
1 259632778
1 555309048
1 368162173
1 228864477
1 54814625
1 201329498
1 302556927
1 400154502
1 419370362
1 171558966
1 259335271
1 483373873
1 500509305
1 398998389
1 373231800
1 355217932
1 23677240
1 149251617
1 564815197
1 534985328
1 198193662
1 530355596
1 406100801
1 375205085
1 339414407
1 326068121
1 230983020
1 251505878
1 386876661
1 342719046
1 329255693
1 382017722
1 17826294
1 77960942
1 68029777
1 536540749
1 188575626
1 79112622
1 439982005
1 224700981
1 54204458
1 536073516
1 512345485
1 236828370
1 174065248
1 77605796
1 219637970
1 97612564
1 262906975
1 174536125
1 447601383
1 519211760
1 276399414
1 391879421
1 64225322
1 338373320
1 103313351
1 165984325
1 86708184
1 490257102
1 228350735
1 271548871
1 227092407
1 410870193
1 328929761
1 530688872
1 207494671
1 31784121
1 269256125
1 108254948
1 222779623
1 454783899
1 551228152
1 160682862
1 343857168
1 410546280
1 415214242
1 262898902
1 171206570
1 287171970
1 279318776
1 95907486
1 149533208
1 297861417
1 510531372
1 242814938
1 199337864
1 337786404
1 274237187
1 285522177
1 509632443
1 393651444
1 372352104
1 550790387
1 471177276
1 448319952
1 192201613
1 184226123
1 72707878
1 263802314
1 406375131
1 265168514
1 106302065
1 89702566
1 80901472
1 372622556
1 491721661
1 397789178
1 467228063
1 167452697
1 403767320
1 200535230
1 541329785
1 440819675
1 498646479
1 349178023
1 550333255
1 173138569
1 353789543
1 141231460
1 469211088
1 384869372
1 269636455
1 47145228
1 439987306
1 553136816
1 32908393
1 432386070
1 457975879
1 170796993
1 206046086
1 358899056
1 224699978
1 101811038
1 90395626
1 75620260
1 536516996
1 516003097
1 322071587
1 534104272
1 381167024
1 173999517
1 396664556
1 9910454
1 199622379
1 520112652
1 291209163
1 29358111
1 420799734
1 218502597
1 26128218
1 515607379
1 533281940
1 284578182
1 68794507
1 212606097
1 401986764
1 112387657
1 214530741
1 215501671
1 306535538
1 375687932
1 403261671
1 533562170
1 168588911
1 293970108
1 353343818
1 50979912
1 20287947
1 201412466
1 311668165
1 309273044
1 113841596
1 356241687
1 549374959
1 544873502
1 43231414
1 324568447
1 106288306
1 150080089
1 532244856
1 274641620
1 416501568
1 57396025
1 433316481
1 141254143
1 86145346
1 329553503
1 290151917
1 403275170
1 304984228
1 109085588
1 359040930
1 564089349
1 165906758
1 137057525
1 408719171
1 237782341
1 173681135
1 498559619
1 173713760
1 220499000
1 156078185
1 382208517
1 9699085
1 136266704
1 120059865
1 94809376
1 131127560
1 61735153
1 91302918
1 221380104
1 114293023
1 299697790
1 171403847
1 165390142
1 152545168
1 60779258
1 347410745
1 462396817
1 144745250
1 398578981
1 537291340
1 64403103
1 92170269
1 485215587
1 118362739
1 259860263
1 499547302
1 486390199
1 490463371
1 369642950
1 561501601
1 526033332
1 450713303
1 190999565
1 21431212
1 73458576
1 325668898
1 17550533
1 293305066
1 162718079
1 262969912
1 296665736
1 333269720
1 525520002
1 296973510
1 497275770
1 124837045
1 70871765
1 64797336
1 319101615
1 100235799
1 259420643
1 141635054
1 416109499
1 199945276
1 223632374
1 222988599
1 107486304
1 65193400
1 410171293
1 7191559
1 527302615
1 4882633
1 346604615
1 554167561
1 101755292
1 528581534
1 472042951
1 175893349
1 204398096
1 245652675
1 455592916
1 169068060
1 72064430
1 19783671
1 500484163
1 530299980
1 416334194
1 562083428
1 426307648
1 4314052
1 461279565
1 65724297
1 293346769
1 513332776
1 137511968
1 467110726
1 408879495
1 73476570
1 38352091
1 181353799
1 127259326
1 195553856
1 525416186
1 187248953
1 407695914
1 579256937
1 333800868
1 354348789
1 21469235
1 398592159
1 521073780
1 459759261
1 301404126
1 231932387
1 270076459
1 435718986
1 225291257
1 259295132
1 309292266
1 352703576
1 254586154
1 408253028
1 6079270
1 26967536
1 250654440
1 378348976
1 479638522
1 339884991
1 129734203
1 39208234
1 564168189
1 445860203
1 83636240
1 517302653
1 301064684
1 402375000
1 135230855
1 95419778
1 516956658
1 244187456
1 310315909
1 449301148
1 130436596
1 230342068
1 411276585
1 539237871
1 227214933
1 583157381
1 70827284
1 480165900
1 91251471
1 168571812
1 256243601
1 62359972
1 292996608
1 301990703
1 364063659
1 420844901
1 358008303
1 48440185
1 380286875
1 439195437
1 324486799
1 471535132
1 85184104
1 193623682
1 551719632
1 298524648
1 96276409
1 45698174
1 276091954
1 93464116
1 391296907
1 2961807
1 313447826
1 519032830
1 191052776
1 555552753
1 216527186
1 109855219
1 182845524
1 349765946
1 206857528
1 34543263
1 570113101
1 528407099
1 30447790
1 114228140
1 170324793
1 378533059
1 450612342
1 225381972
1 147282292
1 208436638
1 149328332
1 390517682
1 13014518
1 418026726
1 288925172
1 116453024
1 486846661
1 132815242
1 96051839
1 401695065
1 335650098
1 440696592
1 546909001
1 512087444
1 390455465
1 45977859
1 419560851
1 341368455
1 487266320
1 200263830
1 399101005
1 289542735
1 228901792
1 486645921
1 325680717
1 11429206
1 405462937
1 337171998
1 231558605
1 424898846
1 123220526
1 172546888
1 116234542
1 494553630
1 521662941
1 557218841
1 292451204
1 347959673
1 400506219
1 490735715
1 448987801
1 345734331
1 224504418
1 448179835
1 541319648
1 46583810
1 347880722
1 295488402
1 80685689
1 81100144
1 421890890
1 84520019
1 112067017
1 1323582
1 87802449
1 279828900
1 20228492
1 196431315
1 372241378
1 291635385
1 185099028
1 117972248
1 223358172
1 310446979
1 87631195
1 104244996
1 579987932
1 401319256
1 472165600
1 517036993
1 311151318
1 236526051
1 152726437
1 51692935
1 151342553
1 511031317
1 576015486
1 331665843
1 173066138
1 225178484
1 514318826
1 403205359
1 571295300
1 202048918
1 77079004
1 409482743
1 18305983
1 343610148
1 553463202
1 486138174
1 466830037
1 203458895
1 458803443
1 307781258
1 17499303
1 370376927
1 272518207
1 492869093
1 376266679
1 216109312
1 217052493
1 543199447
1 498960730
1 235504702
1 259347188
1 294979039
1 138693346
1 86561169
1 36485556
1 459174000
1 534794032
1 93029966
1 335796938
1 432237830
1 75719827
1 22648668
1 229616122
1 524637959
1 413330607
1 317990544
1 397461494
1 250956926
1 20468167
1 93590462
1 106024892
1 367001395
1 144154863
1 354522820
1 547467248
1 508443110
1 173093286
1 208703390
1 470213990
1 528376008
1 272213576
1 112060166
1 5063715
1 388308824
1 102523733
1 394114185
1 66453372
1 465790577
1 400790932
1 21765480
1 43816122
1 461956352
1 146480053
1 11398203
1 517713924
1 575974389
1 355967412
1 218057866
1 90395536
1 164253660
1 151921082
1 390442811
1 55386036
1 53291589
1 46047135
1 38087383
1 263379546
1 192468834
1 162416954
1 554754225
1 77450543
1 505156426
1 64986188
1 264672715
1 383376340
1 367961761
1 418787068
1 361056245
1 200271608
1 465946517
1 453168383
1 340360959
1 165512303
1 323951744
1 11306142
1 73148122
1 190217509
1 411894752
1 127923448
1 465352831
1 312370880
1 16003113
1 318412677
1 289879499
1 357191545
1 232342297
1 88432694
1 546492505
1 349443481
1 456061754
1 302792005
1 278200728
1 170173059
1 189108967
1 547654423
1 575250675
1 573749598
1 241033602
1 77252509
1 502303680
1 510461085
1 130579928
1 570899096
1 537008037
1 318361103
1 277637343
1 92938586
1 307963292
1 460109969
1 451426914
1 49014507
1 255593361
1 545976067
1 212534468
1 436625845
1 482391657
1 383100174
1 8318436
1 497672269
1 70946412
1 446314119
1 474925718
1 203953878
1 474243737
1 154497001
1 414593472
1 445636646
1 226956325
1 462854254
1 551873375
1 221508042
1 181007633
1 256218624
1 389666039
1 267632894
1 574922257
1 134081208
1 367504854
1 217972000
1 441339240
1 252726069
1 217837017
1 554359570
1 34621173
1 168576717
1 104011119
1 55448623
1 427145156
1 168516446
1 306126860
1 170044751
1 63831682
1 565987883
1 208503607
1 163186829
1 369664851
1 217517814
1 457727218
1 82991237
1 521524711
1 161187482
1 535780243
1 34832564
1 542604195
1 108395489
1 79766454
1 391704922
1 495825530
1 217842546
1 244412573
1 329304759
1 507318784
1 75080121
1 306837205
1 248660683
1 422863440
1 26564855
1 182542937
1 274890773
1 129062530
1 390507656
1 383108476
1 6882401
1 373866004
1 406666976
1 461896377
1 260804285
1 12796534
1 183069067
1 201200395
1 241405439
1 309860341
1 204774647
1 132884938
1 395739896
1 255567343
1 24938490
1 509924689
1 64244974
1 350503680
1 465040684
1 402027038
1 255242520
1 313257961
1 569708454
1 399072264
1 91290967
1 576741001
1 298207104
1 398923650
1 561140466
1 490749460
1 199830086
1 441029787
1 527360399
1 526900297
1 472604681
1 16274775
1 218205425
1 410468874
1 553254266
1 76925685
1 14330478
1 510153963
1 347899480
1 113635604
1 221763266
1 108375314
1 519126353
1 564030365
1 402195650
1 150036302
1 49662795
1 5801943
1 435614152
1 550752251
1 31079158
1 285413475
1 403461904
1 159839018
1 68101260
1 81232007
1 262794508
1 453905875
1 521843137
1 289383342
1 299567686
1 227662283
1 353572228
1 247324532
1 575272376
1 561722447
1 515462805
1 372639699
1 233918887
1 285757472
1 490611600
1 38140151
1 111102982
1 139359753
1 351072368
1 407928640
1 457361722
1 299375867
1 78654974
1 323262509
1 341329401
1 99491587
1 475636652
1 234268037
1 139455581
1 247699595
1 540586539
1 469595746
1 96373586
1 100791332
1 361492593
1 104285611
1 341350301
1 20556234
1 529444381
1 290010777
1 423226232
1 352628385
1 412740899
1 375578852
1 573192890
1 307162884
1 299815439
1 521598513
1 103111718
1 491280348
1 334578663
1 119321890
1 580394347
1 301074177
1 503920264
1 296090172
1 67491629
1 216724110
1 42769964
1 320906260
1 383020917
1 236072840
1 526914142
1 22303285
1 169068362
1 122351281
1 582359716
1 366357214
1 47778688
1 304485955
1 262823
1 25955495
1 570369303
1 324807122
1 235389014
1 133884742
1 518017244
1 135291973
1 200775369
1 571448205
1 41206303
1 551049794
1 33437798
1 304463548
1 46239994
1 561066370
1 528475196
1 77077146
1 216536653
1 548148470
1 236332609
1 248311026
1 523311134
1 290323017
1 61546496
1 130299431
1 133525958
1 142965013
1 168769208
1 98451449
1 135785913
1 434834353
1 366641136
1 108673902
1 444373268
1 35555288
1 313375424
1 248309987
1 484295179
1 169224786
1 184068543
1 460891142
1 412074369
1 329303688
1 368802269
1 283714441
1 457556585
1 339902729
1 86653344
1 416697879
1 271624507
1 397760955
1 429193268
1 438841554
1 408691567
1 173170479
1 469885722
1 486437863
1 361613609
1 153334866
1 536461217
1 130733666
1 187078330
1 3341399
1 174352640
1 493333054
1 222103877
1 208318372
1 19790018
1 10449774
1 442701018
1 166555270
1 161575894
1 414920853
1 54371395
1 129009026
1 179851459
1 198102593
1 346105455
1 338949915
1 410440846
1 548151930
1 373113723
1 483990205
1 167620756
1 129503907
1 418203456
1 342439092
1 504256926
1 166710064
1 548642829
1 487491090
1 552703344
1 504023349
1 135834275
1 341150046
1 402671826
1 423148980
1 526753303
1 87017368
1 522106420
1 519917003
1 273300895
1 26555999
1 73123919
1 127875819
1 356357482
1 119008681
1 476668675
1 12438374
1 431175431
1 167042456
1 197732401
1 236798276
1 158241601
1 134144644
1 212490606
1 427128663
1 244383081
1 115604810
1 541041237
1 147112404
1 560613639
1 151660304
1 293543453
1 99647445
1 514905822
1 214914772
1 401844654
1 3033954
1 533348483
1 336350291
1 533009011
1 104352195
1 14500602
1 579799523
1 548973699
1 292872690
1 397894847
1 403043058
1 469094227
1 242650804
1 470072471
1 555164942
1 452135037
1 185813915
1 237614685
1 40605149
1 127558408
1 481606123
1 251514214
1 177965593
1 279557128
1 195649270
1 98191459
1 243265038
1 95642440
1 92741272
1 177116215
1 345559183
1 51398655
1 63432380
1 343516600
1 121650884
1 398519783
1 566751629
1 182125841
1 391247827
1 259809503
1 178787260
1 251850092
1 471142624
1 80955537
1 155993285
1 527736151
1 206637348
1 541525418
1 290868092
1 236230947
1 5049681
1 490150715
1 513179948
1 419242667
1 229569274
1 167480355
1 38382445
1 534032107
1 196897931
1 49069997
1 303383294
1 510483286
1 519356294
1 111518620
1 224854760
1 201830776
1 349171533
1 162634083
1 59693909
1 526857490
1 253673338
1 327105227
1 271180136
1 551002057
1 69315391
1 422302372
1 65754758
1 497490676
1 260971711
1 28976791
1 554731205
1 244928510
1 489212792
1 166796372
1 407114987
1 210368195
1 560908139
1 388268329
1 408125630
1 281451750
1 576848095
1 519499555
1 452966487
1 402980461
1 27065227
1 166387340
1 433258234
1 404932755
1 293613760
1 165290629
1 105689324
1 205309904
1 238667079
1 499570903
1 454250617
1 140890657
1 578436498
1 304389307
1 564905047
1 242764294
1 220112359
1 444091465
1 26165918
1 219537061
1 179404216
1 220248485
1 54268777
1 140590497
1 460579020
1 245390693
1 171388311
1 60501069
1 202335133
1 180787435
1 530323393
1 281817138
1 121279480
1 64608269
1 62266155
1 41871790
1 189534123
1 189253167
1 370694727
1 351086033
1 326090675
1 279814347
1 499350473
1 283588594
1 162325783
1 176223889
1 210675080
1 172340123
1 5526299
1 275441181
1 408324877
1 582740540
1 31482456
1 204073682
1 576464443
1 466949673
1 341937986
1 502409823
1 392114076
1 275481384
1 352287491
1 503760818
1 402700533
1 272899808
1 494850374
1 570945510
1 202028158
1 296164480
1 514189172
1 470097253
1 453392857
1 204049522
1 418913439
1 459855581
1 243695494
1 111837212
1 221262076
1 427853181
1 246917067
1 92274427
1 329219444
1 245150062
1 518532043
1 349194826
1 553963822
1 349055836
1 63653317
1 37335568
1 553924192
1 142177765
1 61621123
1 42803127
1 187840741
1 313050908
1 576999649
1 55264869
1 320528813
1 513264860
1 224814130
1 213499230
1 266683598
1 155274672
1 182354887
1 209699496
1 535327557
1 391170953
1 534066282
1 476417281
1 508132962
1 416655390
1 31493852
1 184119956
1 77320210
1 108505657
1 391821040
1 389132442
1 201958675
1 425151225
1 302129198
1 479364849
1 454797841
1 181387761
1 535118084
1 253108326
1 123841438
1 563302267
1 154724508
1 17246907
1 42935810
1 238540328
1 413307936
1 207346512
1 530987440
1 531124767
1 256574277
1 313209813
1 154544141
1 28634014
1 560459735
1 459879091
1 135043277
1 148406699
1 15788959
1 110794440
1 332124502
1 554830386
1 515930863
1 307597498
1 403131407
1 165100869
1 426414281
1 516829887
1 221079863
1 505108875
1 267809416
1 179809032
1 412870005
1 289010543
1 168609237
1 442917096
1 533985046
1 505953983
1 373867857
1 208004996
1 490242298
1 231989969
1 229914095
1 365636931
1 257157034
1 482440168
1 349187440
1 253175576
1 540209455
1 335625512
1 222113575
1 113792102
1 483314464
1 142709170
1 165207683
1 512997066
1 413755882
1 7081760
1 91300726
1 502140179
1 340558730
1 566003003
1 200093069
1 112065109
1 402512365
1 243627444
1 101423034
1 261663701
1 48562307
1 380167547
1 6742562
1 16079592
1 343760882
1 56090005
1 507589807
1 2957869
1 242248978
1 484942122
1 433095976
1 474170026
1 334026780
1 198433595
1 537588135
1 151914270
1 121828065
1 542027196
1 150888608
1 560184779
1 96395487
1 78905610
1 533442955
1 285795176
1 355038978
1 207292122
1 413880127
1 331191615
1 437798410
1 546841894
1 420415188
1 43396620
1 233925535
1 90016705
1 223426936
1 84101357
1 268594873
1 136117187
1 187175059
1 196267576
1 96944859
1 287674958
1 574656493
1 466134909
1 121441140
1 50343942
1 128617846
1 275390676
1 69841377
1 226416837
1 24974245
1 317989079
1 850275
1 354317334
1 36881879
1 127332990
1 236085120
1 330418368
1 86262483
1 402821229
1 193304838
1 215818696
1 361108848
1 24829520
1 438561543
1 237713970
1 307125442
1 412524701
1 330975112
1 76044757
1 83613081
1 87924646
1 33557140
1 550435636
1 32317668
1 395589709
1 496518354
1 504892277
1 407893182
1 509343291
1 555091567
1 8795766
1 183508758
1 412935220
1 375799961
1 24038740
1 565195855
1 303510935
1 527277689
1 114552469
1 436060655
1 146182588
1 462423037
1 263652864
1 263447063
1 355715062
1 291111980
1 290005727
1 162155946
1 131534208
1 344018534
1 239299016
1 441039989
1 400488905
1 215096552
1 201472436
1 422595532
1 461616010
1 159382310
1 176211124
1 321696310
1 517534691
1 380981497
1 216888146
1 259315314
1 319079161
1 391904606
1 479827005
1 160109304
1 456939099
1 554902797
1 475290367
1 548217579
1 544366558
1 37769686
1 214014968
1 362151824
1 418653609
1 240468839
1 457729841
1 131134160
1 508646863
1 301620078
1 415093910
1 419494299
1 464770911
1 138937634
1 40470555
1 223073159
1 343352369
1 280032613
1 522872086
1 277300898
1 356624250
1 461324502
1 289503587
1 411067227
1 207815162
1 435458504
1 472305895
1 481330806
1 376880302
1 105952687
1 238552668
1 385784920
1 180895071
1 139913458
1 139494612
1 297330420
1 55730098
1 364996312
1 472801114
1 428571220
1 319726931
1 397553368
1 310614993
1 177466916
1 578879210
1 229935134
1 363119274
1 158244690
1 200508131
1 477485125
1 261693556
1 325876881
1 255824082
1 479579555
1 35379041
1 547174808
1 252229322
1 527252052
1 185222377
1 438731451
1 167275921
1 356768221
1 265862793
1 386248911
1 199327662
1 433517514
1 65619437
1 376342135
1 299249541
1 483674911
1 132624046
1 369326256
1 242992415
1 94925021
1 36726258
1 371634797
1 11532870
1 530576128
1 367425515
1 416950302
1 88098899
1 20924515
1 466821305
1 460513394
1 153953865
1 364681579
1 14128189
1 49120244
1 125224972
1 397905947
1 460782436
1 281107867
1 4774408
1 528456811
1 526176599
1 522936676
1 384514218
1 212075885
1 456934749
1 86903878
1 513071649
1 106470080
1 529262481
1 151112517
1 376078004
1 460411365
1 200357612
1 79885805
1 317787022
1 434644245
1 333939270
1 140428168
1 153137592
1 515061975
1 533226479
1 570463763
1 414994611
1 316088674
1 12286927
1 207873378
1 9188776
1 95687601
1 518332020
1 263735934
1 28096940
1 310269006
1 322237101
1 484584808
1 367318192
1 42908497
1 421136323
1 122188268
1 549213534
1 413426415
1 327062670
1 215121613
1 39949569
1 272643502
1 386699950
1 124419999
1 333175723
1 238991004
1 20606823
1 394351995
1 416806458
1 142380074
1 109033859
1 279632914
1 38016380
1 391690889
1 111632496
1 408602455
1 382498088
1 538175223
1 96329212
1 24107871
1 465240962
1 432525441
1 569628193
1 476256741
1 12804090
1 396998631
1 273108612
1 475597279
1 214266600
1 512257637
1 171131367
1 378825369
1 380808755
1 297349146
1 230266936
1 389005156
1 97726123
1 218275053
1 446304354
1 222909074
1 460776173
1 169161293
1 501551839
1 86601704
1 12673655
1 157583761
1 364889878
1 193497963
1 45990566
1 93463843
1 246521892
1 196930603
1 115051243
1 462185693
1 497781319
1 216163784
1 94377895
1 337886939
1 553043966
1 553288616
1 53516568
1 428384908
1 345174523
1 510903376
1 48654337
1 93062466
1 406707385
1 201736926
1 12466882
1 259924475
1 318949095
1 327014966
1 59926508
1 534825119
1 343371110
1 326230224
1 317677009
1 444903099
1 128915328
1 69966706
1 111803892
1 41630473
1 117180022
1 259968123
1 91424186
1 212358758
1 39018477
1 124942565
1 577722153
1 120166432
1 69858918
1 459575512
1 328842213
1 156863655
1 576977190
1 290783293
1 236591016
1 435596276
1 218789898
1 178102240
1 430910498
1 20847866
1 366569509
1 252037452
1 96698077
1 116822808
1 418205191
1 242689892
1 471725080
1 64098702
1 136480229
1 509179190
1 150982183
1 438712062
1 538573828
1 289834012
1 430249149
1 17252905
1 229369380
1 518869347
1 402595457
1 248964825
1 226393680
1 244420572
1 1270047
1 63169627
1 541782960
1 330769643
1 423121232
1 522563798
1 455077718
1 239824305
1 10903344
1 286370281
1 230982974
1 380025434
1 561542065
1 24091962
1 65811886
1 511424861
1 317724518
1 437821823
1 335870605
1 459816893
1 271062720
1 429176815
1 271258801
1 110268871
1 315797082
1 283971402
1 382186620
1 50117991
1 196106840
1 463693460
1 277615612
1 496286383
1 336346768
1 318510192
1 98087845
1 53511693
1 439889854
1 515982511
1 68341630
1 384900969
1 120460972
1 32298926
1 166474382
1 108951563
1 410008902
1 483918604
1 261922098
1 446309208
1 157135272
1 525111662
1 442637044
1 294598813
1 136648029
1 205447415
1 60114583
1 382420168
1 362681302
1 272359840
1 60017490
1 481640559
1 501786501
1 223960591
1 189527989
1 412893228
1 516357699
1 31329417
1 573588769
1 340025368
1 247877372
1 568730742
1 211534855
1 214792059
1 279452331
1 18185051
1 404812462
1 307558712
1 578609437
1 532554682
1 433534569
1 88490397
1 188801806
1 509360846
1 333634120
1 136399632
1 420207827
1 334271631
1 246962484
1 506789176
1 244002896
1 61505283
1 467463418
1 344715009
1 293090334
1 101117010
1 417875567
1 192361962
1 376959517
1 569061173
1 565621644
1 523676223
1 221647377
1 500364134
1 465757526
1 234120453
1 416175847
1 107437260
1 256824658
1 571928680
1 328047614
1 224848179
1 541308864
1 254375799
1 404135429
1 132401811
1 64575690
1 127275432
1 168536121
1 176481288
1 416505122
1 384798103
1 138329395
1 112651715
1 340322539
1 79876468
1 501707053
1 574525019
1 17937140
1 38777873
1 365509779
1 298883554
1 520442199
1 297626254
1 125539522
1 509177835
1 147706281
1 240906755
1 449268780
1 327852205
1 377360388
1 566590932
1 552369424
1 284696352
1 335538848
1 281357845
1 465072643
1 328305458
1 243572378
1 327236473
1 429329895
1 267841706
1 461937150
1 155806785
1 298244955
1 127620410
1 225207981
1 521855015
1 380081544
1 217038942
1 26517468
1 525880350
1 150351590
1 532165993
1 524773098
1 382534850
1 281673900
1 564486327
1 112414165
1 543076751
1 330615126
1 552003441
1 159152550
1 368031899
1 511859328
1 367225740
1 560153762
1 297223500
1 389487194
1 505458237
1 465597931
1 539309809
1 94123619
1 533209675
1 33976284
1 109199198
1 518184118
1 134819458
1 472857779
1 374367038
1 128876967
1 186639753
1 45719345
1 391514499
1 468048567
1 136596129
1 36795602
1 62559952
1 299325795
1 525958765
1 466614001
1 506379130
1 230617854
1 329092530
1 316570022
1 465927079
1 348502910
1 216347992
1 173168595
1 346334228
1 22200033
1 489482337
1 135697391
1 537316368
1 532567484
1 407341508
1 294071231
1 117026333
1 573430786
1 400668865
1 446349765
1 543517249
1 330324908
1 353780960
1 121896962
1 274435999
1 255164176
1 274319795
1 461936850
1 9380175
1 39103241
1 269711324
1 57267378
1 141446721
1 563088371
1 106568606
1 550852524
1 47589511
1 192968139
1 111218089
1 397487403
1 75700307
1 375587443
1 404270764
1 373029228
1 489014648
1 416468405
1 521432564
1 86996966
1 46496023
1 559445365
1 556936535
1 41889386
1 114129425
1 41040932
1 159502251
1 528777101
1 102243807
1 46450880
1 128501536
1 491670739
1 105828367
1 547923878
1 473343768
1 504981398
1 153774585
1 193452701
1 275418671
1 132650416
1 209053164
1 323188406
1 567861213
1 89905395
1 305870844
1 406253344
1 527626598
1 416427433
1 350764595
1 251319867
1 323076213
1 339403590
1 247971152
1 413156413
1 173144635
1 546062886
1 271260052
1 509035888
1 517437944
1 253649443
1 155015341
1 188949864
1 487972790
1 354399294
1 234742052
1 495768732
1 245191193
1 259522054
1 233374442
1 581857822
1 97687671
1 160794737
1 204183855
1 281132939
1 93240834
1 519525912
1 85841821
1 273283117
1 534248644
1 574067759
1 270642127
1 525280931
1 195698268
1 408249668
1 238782277
1 480195145
1 321418637
1 357362052
1 246259757
1 460301960
1 311371569
1 108490144
1 223765974
1 117134255
1 267350538
1 312930610
1 286386705
1 83347943
1 436241451
1 44156753
1 452519368
1 59905650
1 430500111
1 271536578
1 424480523
1 14420127
1 69511996
1 351678204
1 40077792
1 207205378
1 395696765
1 186284921
1 440004289
1 581496196
1 509116148
1 175665637
1 115000177
1 84097823
1 424786532
1 227702001
1 43760479
1 133527389
1 28732631
1 320626638
1 142550076
1 145945656
1 140184953
1 235006739
1 364405158
1 345241434
1 354867399
1 160111218
1 76018899
1 501366328
1 571332277
1 519694403
1 221056123
1 538521785
1 286589370
1 565687811
1 314929217
1 344698467
1 350772847
1 360945032
1 197013075
1 364755510
1 74825319
1 302257671
1 159365560
1 167859746
1 498949939
1 21305435
1 333123862
1 363590252
1 270061109
1 171053122
1 392211171
1 517009031
1 574275290
1 343314509
1 421606360
1 32206847
1 82168833
1 430455070
1 154806789
1 63260537
1 341444560
1 145064922
1 64057574
1 477745556
1 64787956
1 185877079
1 509851938
1 372174878
1 358025970
1 485020930
1 427997611
1 313701249
1 394398344
1 441346864
1 43785793
1 305804204
1 357839100
1 434831063
1 274739393
1 286273082
1 147832774
1 336202219
1 573363856
1 506112791
1 543735904
1 485379951
1 110139777
1 416263596
1 43280436
1 309300009
1 246363577
1 215635810
1 123236965
1 85631587
1 456450190
1 310597377
1 220077630
1 88473310
1 314021296
1 108367081
1 543099848
1 112911491
1 350839482
1 491266677
1 535288911
1 284872348
1 206586022
1 315107565
1 67255639
1 147885757
1 183429336
1 529194867
1 165361982
1 256834020
1 449590148
1 55216121
1 428492146
1 84432375
1 393629913
1 378135299
1 187315267
1 121357713
1 311784591
1 287204974
1 174545473
1 146124565
1 44837962
1 95533087
1 57440060
1 512638304
1 323347485
1 115727037
1 208658802
1 376923457
1 259133148
1 367555551
1 6288149
1 124751145
1 468809495
1 205241236
1 552311430
1 62934238
1 561813861
1 298103625
1 412239281
1 196149037
1 486842452
1 312256961
1 445844973
1 106661404
1 216952213
1 74160364
1 519390510
1 170792267
1 27208715
1 12874254
1 247507879
1 450928173
1 93381114
1 488604134
1 420317316
1 547379019
1 260059888
1 413691526
1 261348602
1 67154908
1 19881005
1 10093191
1 299388995
1 393353695
1 507411016
1 551144212
1 389864555
1 580123544
1 425143812
1 379677004
1 567333929
1 3438109
1 135343757
1 83659320
1 92951566
1 417908930
1 167161717
1 292196238
1 186761388
1 9561917
1 66548064
1 9100482
1 228057239
1 492727
1 390411260
1 569251496
1 199029018
1 514515079
1 548517561
1 70909223
1 274327738
1 359857164
1 292723209
1 87720415
1 260457298
1 422169751
1 143445871
1 513177383
1 506356332
1 321100948
1 560422243
1 282263342
1 24097478
1 417509831
1 339531704
1 84599931
1 229911469
1 282900411
1 293110762
1 281657826
1 542754122
1 338158678
1 25715520
1 98177062
1 146357844
1 60614652
1 437236875
1 402890347
1 57917945
1 531876270
1 6905282
1 506338369
1 167296855
1 174513100
1 300654534
1 536881247
1 142018287
1 219240568
1 181633831
1 210530152
1 252860692
1 153496813
1 43658202
1 186705397
1 575170959
1 525098378
1 448091238
1 16376103
1 150419989
1 133664941
1 293655573
1 168371261
1 213938066
1 3352719
1 376960299
1 76057176
1 170757965
1 325629012
1 65877552
1 568618345
1 231293112
1 357290271
1 171854107
1 378141272
1 491178909
1 561358972
1 294177797
1 463597325
1 562618997
1 340106639
1 222656209
1 537807422
1 154407961
1 112612316
1 203126476
1 435470762
1 344438545
1 578580871
1 31663538
1 390132337
1 467367834
1 48341431
1 308038111
1 440089661
1 207098226
1 244992359
1 422198154
1 34741859
1 379407358
1 293318353
1 514424462
1 142334481
1 227911012
1 421307867
1 264233952
1 386615201
1 13282604
1 141636176
1 3351368
1 360178094
1 440997710
1 435912141
1 61970145
1 231946574
1 420531599
1 326545453
1 111955707
1 236408778
1 160373028
1 454612046
1 118442786
1 131948619
1 557531628
1 389831109
1 505196135
1 511774172
1 141937683
1 41304969
1 38600049
1 51107704
1 489082931
1 165049187
1 420715116
1 77254288
1 473504359
1 258703943
1 350318344
1 72000307
1 233592123
1 338729921
1 353423607
1 15149612
1 470669009
1 537464518
1 168711472
1 30393540
1 290815611
1 18661117
1 4874634
1 209605671
1 411906052
1 199685031
1 503010582
1 319520160
1 252128235
1 425372161
1 540517554
1 209368912
1 106409617
1 148323276
1 156120930
1 566966451
1 577038769
1 392804529
1 109130415
1 300832666
1 134480974
1 566297106
1 245533228
1 277902898
1 313429833
1 306237731
1 490165418
1 14332370
1 119354472
1 257710594
1 114780187
1 501261045
1 186324319
1 270386079
1 57886237
1 374074098
1 544514725
1 274751486
1 438327921
1 401090061
1 360454061
1 31957805
1 573008061
1 441306109
1 416493561
1 392854375
1 255516330
1 334033602
1 75498317
1 393055001
1 145355949
1 531462484
1 344651707
1 328161677
1 576795557
1 582096708
1 311405319
1 45490020
1 81136236
1 455558200
1 428503327
1 183018453
1 161306082
1 168591273
1 156093238
1 223577065
1 224273764
1 429854759
1 159894474
1 122527803
1 426186840
1 537349
1 88307036
1 317581464
1 461049910
1 327620891
1 237633065
1 98915945
1 138189219
1 262468670
1 181491714
1 429030310
1 574415645
1 196441811
1 250095555
1 156843472
1 351638511
1 220519952
1 581011960
1 171268521
1 170054354
1 218585269
1 163212650
1 422760564
1 82449485
1 16009047
1 40064509
1 301705599
1 156354457
1 479864004
1 433113790
1 550502522
1 371749253
1 293015313
1 25954254
1 495073599
1 280391736
1 231018046
1 2192577
1 60132035
1 338563153
1 175622283
1 208981320
1 435016550
1 544572138
1 366346903
1 308827137
1 237830756
1 523188042
1 279538212
1 116325486
1 257190375
1 349818563
1 366389346
1 540161090
1 108218968
1 444902088
1 419894416
1 544929806
1 382414991
1 54790936
1 410326702
1 522606960
1 15594305
1 198065903
1 421027832
1 165757509
1 159590821
1 388791619
1 445631768
1 319246134
1 551887787
1 520943097
1 258906779
1 181031664
1 78877487
1 31103373
1 34735192
1 292133552
1 418727505
1 254778928
1 44979532
1 431348293
1 439893254
1 250805941
1 418888786
1 172203844
1 128007250
1 527247848
1 189354897
1 185280508
1 364227820
1 311635608
1 170892177
1 423210440
1 46484775
1 489712492
1 157133753
1 66853435
1 204289276
1 214680564
1 81051316
1 415499757
1 332319793
1 579700469
1 323740077
1 559824011
1 412658391
1 580222939
1 471136680
1 97843175
1 576660333
1 449939985
1 535759546
1 3040632
1 520374999
1 416651156
1 325727150
1 522713906
1 225540599
1 258573205
1 374808799
1 134309819
1 106670043
1 870486
1 221483642
1 9620543
1 569096445
1 174602462
1 151578748
1 533884032
1 178663386
1 116040025
1 53462440
1 148999672
1 220988494
1 515231183
1 143803622
1 497293499
1 417318540
1 409245520
1 3470150
1 47891549
1 514216340
1 90637567
1 264752523
1 59725554
1 170425833
1 160254433
1 56421826
1 569765480
1 244709391
1 323018988
1 172180295
1 7278969
1 329141990
1 70018451
1 291198122
1 330042687
1 318052664
1 252952037
1 441270617
1 223318582
1 210266571
1 151288945
1 196644516
1 260244821
1 303979571
1 536008575
1 293979619
1 313701460
1 561482109
1 218158290
1 330046474
1 61837509
1 582776175
1 213118221
1 271434186
1 162604960
1 441712467
1 286127264
1 583103607
1 39214226
1 192808024
1 472528773
1 74005199
1 80137222
1 451619460
1 261627245
1 65126034
1 388649077
1 575997024
1 296744805
1 148831477
1 246441921
1 355947867
1 28064810
1 472839857
1 501205339
1 446607147
1 210755988
1 524453469
1 315411480
1 306940989
1 225173101
1 126083628
1 248175287
1 143185685
1 321587491
1 58916017
1 253813240
1 355006472
1 259254034
1 203212310
1 170218321
1 37676116
1 294975124
1 441467468
1 201529795
1 144658745
1 407242949
1 394312043
1 516060103
1 387241696
1 264421742
1 479972032
1 563414202
1 245121760
1 473456441
1 49533278
1 402488071
1 566907353
1 105390630
1 325905464
1 121923763
1 565059760
1 6818332
1 203002898
1 245937365
1 56113729
1 104127005
1 253683777
1 579430539
1 414410410
1 97732828
1 283863826
1 247149343
1 358052740
1 530211282
1 11692849
1 213156749
1 400358089
1 467813834
1 481045176
1 354992359
1 138806745
1 312456931
1 286330633
1 231879303
1 450141039
1 294195795
1 297811177
1 237667243
1 11783499
1 431104876
1 226730382
1 354263399
1 185354546
1 371721324
1 429478771
1 33145671
1 570799012
1 439370343
1 53921829
1 174001404
1 300768408
1 294696919
1 196681464
1 310473487
1 281364939
1 256791969
1 114875900
1 527511605
1 369724103
1 386175284
1 58382026
1 351053184
1 462980214
1 185258431
1 238754473
1 480474191
1 153201542
1 261417097
1 449192458
1 527276798
1 357228002
1 305329576
1 5983286
1 180744496
1 295929319
1 167227872
1 96315622
1 144169249
1 222556077
1 123705403
1 382358234
1 78140314
1 488985731
1 533848782
1 512152344
1 468527515
1 568576431
1 168187572
1 197213027
1 218480476
1 150789007
1 353179163
1 59187496
1 476347492
1 452987263
1 77971860
1 423305748
1 537492382
1 319088918
1 441338785
1 82963468
1 106915208
1 173825527
1 3526218
1 431011475
1 576101168
1 528400564
1 8331469
1 522718904
1 304657283
1 352912308
1 84473333
1 171867415
1 207820428
1 260199038
1 212850477
1 480247214
1 188246504
1 180945399
1 314977715
1 244498196
1 406944332
1 452625798
1 193265193
1 5920597
1 133787916
1 13602527
1 58082346
1 5653419
1 220425222
1 196377644
1 11692619
1 270235205
1 233743508
1 279136570
1 271223100
1 386419331
1 538626353
1 138614490
1 451917585
1 148169848
1 158207156
1 150402940
1 306855531
1 568031244
1 360384952
1 270274060
1 416065229
1 217569442
1 316078131
1 127741024
1 91982356
1 580035684
1 554679368
1 455311282
1 399656903
1 366328636
1 302143921
1 410022805
1 179080330
1 473439897
1 114871073
1 147207124
1 72069919
1 515826590
1 332955727
1 343582349
1 463331436
1 40285271
1 127280697
1 49765773
1 373116313
1 343546766
1 12362126
1 572381727
1 58336947
1 346722462
1 554610085
1 195191373
1 218962833
1 440145419
1 423889092
1 388099484
1 398655639
1 495038018
1 505994824
1 371627706
1 279798497
1 80688524
1 167677336
1 95538586
1 579321931
1 517144487
1 495610077
1 267589995
1 76554896
1 508341450
1 404951613
1 175845852
1 467963833
1 551602025
1 385974743
1 75487249
1 262367195
1 45769796
1 413043637
1 298423172
1 531022655
1 104296042
1 401903124
1 63620435
1 267812846
1 564723773
1 425117412
1 54442588
1 158708376
1 278471033
1 83869325
1 30933841
1 521418212
1 267704020
1 335628438
1 232666487
1 454848694
1 210188723
1 487883440
1 526478316
1 61029820
1 475488908
1 581368504
1 537080244
1 333231709
1 383807733
1 309709371
1 126200974
1 346642028
1 421158115
1 468910169
1 60503669
1 581048174
1 456839374
1 292967762
1 346864765
1 382805310
1 114614732
1 478751154
1 991798
1 477858611
1 151542331
1 218642074
1 104791623
1 276786978
1 16931128
1 436049654
1 447364309
1 334477683
1 1826844
1 35384129
1 139750209
1 120213822
1 277675191
1 278109718
1 311812362
1 103963663
1 219782343
1 304759437
1 513663957
1 472570400
1 539471276
1 26365520
1 287818535
1 313168566
1 241013399
1 360645257
1 118785438
1 171359026
1 464739355
1 257268086
1 465548182
1 542315064
1 260408571
1 518759080
1 40557029
1 457167013
1 55428780
1 75701788
1 254779770
1 196899296
1 288793287
1 502627458
1 149669152
1 251328908
1 541478598
1 227499453
1 521145597
1 484061232
1 532062490
1 18522131
1 576533884
1 110687051
1 35211244
1 91647350
1 152672970
1 155941001
1 572895785
1 206449267
1 83336033
1 177254871
1 371847451
1 449222295
1 53907636
1 134059140
1 423501593
1 366620263
1 192276481
1 472700621
1 341951189
1 465939935
1 406205383
1 157704694
1 202345955
1 564594221
1 210929711
1 359839610
1 27497473
1 325805297
1 97262114
1 178280569
1 328335913
1 260929910
1 134371400
1 271435298
1 213563257
1 283231617
1 354852788
1 12563091
1 37221774
1 64332876
1 146909090
1 527277778
1 177881770
1 191025775
1 369310152
1 406943026
1 495231335
1 274248899
1 34887714
1 479024040
1 112218326
1 405451426
1 283091903
1 367326908
1 293040827
1 102987433
1 207211162
1 114507213
1 344106411
1 194829912
1 500603490
1 101990211
1 89709222
1 512997556
1 464218020
1 331264350
1 182549541
1 93955048
1 281724567
1 411088236
1 167257844
1 196629059
1 233443891
1 140732820
1 77608676
1 518338479
1 537587941
1 327408551
1 546669676
1 182041721
1 315053358
1 242289089
1 387984772
1 217573201
1 480787771
1 360864360
1 5336432
1 56700482
1 86902
1 218432110
1 571294891
1 581725359
1 516888197
1 553348818
1 540437997
1 438952188
1 571684923
1 550383789
1 572868266
1 37948119
1 576249202
1 140272766
1 75158417
1 290545944
1 460109148
1 349051742
1 170489182
1 425571382
1 144012666
1 210077367
1 224595044
1 392751009
1 488797250
1 273256576
1 147590284
1 254569496
1 350641686
1 374629985
1 312160551
1 250847431
1 332794541
1 68880091
1 220342777
1 57682999
1 451937578
1 375669231
1 412836782
1 856705
1 259520811
1 555564130
1 59437452
1 160072302
1 458996834
1 103050666
1 362141950
1 284311752
1 478762406
1 311077551
1 128233522
1 256557323
1 408912898
1 129709801
1 176021844
1 492561195
1 133767440
1 556196007
1 12241290
1 59554171
1 211802712
1 303825073
1 96867200
1 553801941
1 338928154
1 276202083
1 279279045
1 517505706
1 83983299
1 139325554
1 258382801
1 455908443
1 134848175
1 164964256
1 252826824
1 263960410
1 384007787
1 316762305
1 287839408
1 57930204
1 48897748
1 566442868
1 522530147
1 103840642
1 533941197
1 106355849
1 89950840
1 290342913
1 56741120
1 52121894
1 252500008
1 200545121
1 489911435
1 262195551
1 20758017
1 263572424
1 405593901
1 244278436
1 361602277
1 293396804
1 118860279
1 328102382
1 137647826
1 353090515
1 332876657
1 327942134
1 351135876
1 385966186
1 168165426
1 44288608
1 116493404
1 488480008
1 218945150
1 49399638
1 577701821
1 141491732
1 185033682
1 403648518
1 90157181
1 572649215
1 35470119
1 433746135
1 352893615
1 6914351
1 258284533
1 440880505
1 433396040
1 206763660
1 336937016
1 397833597
1 39866435
1 260892224
1 354735176
1 34842820
1 343432732
1 120825853
1 44971808
1 557515499
1 191987804
1 57204632
1 29378896
1 574229696
1 201479985
1 437215573
1 113226423
1 265655631
1 384217551
1 386165309
1 404838954
1 267620151
1 575419307
1 429977413
1 154357484
1 564487074
1 342110627
1 120610144
1 99837678
1 279840397
1 140193980
1 443579783
1 217118042
1 392015456
1 357664641
1 362718579
1 420226745
1 20841453
1 251607193
1 499886649
1 489135773
1 430064079
1 419450007
1 96076987
1 63849560
1 361447007
1 117511346
1 94311462
1 445941045
1 248810935
1 30029691
1 458226368
1 146821632
1 44857774
1 270627922
1 502130903
1 497147128
1 9710102
1 302386158
1 229359340
1 292001865
1 104971317
1 283483646
1 55953834
1 378548383
1 163355815
1 165834389
1 541307903
1 204275965
1 538328662
1 441694093
1 205897564
1 38555816
1 258661564
1 555512066
1 260864580
1 406821183
1 145911976
1 443327711
1 240515704
1 117520041
1 444650686
1 156086981
1 88510452
1 359371912
1 380414669
1 422119378
1 87503648
1 518845588
1 555695152
1 142749716
1 486860934
1 399685427
1 132909127
1 66706618
1 242330903
1 49268643
1 396876806
1 582518467
1 547295025
1 120306263
1 267680233
1 310966378
1 497039027
1 170200541
1 532531518
1 502174827
1 343016107
1 538470826
1 9268001
1 385794540
1 249664211
1 562207289
1 409420012
1 5021479
1 479793632
1 427154247
1 225717433
1 313685971
1 221966181
1 21456769
1 513424307
1 238895283
1 526244992
1 210679329
1 434308685
1 336518888
1 272319413
1 565519504
1 27441411
1 427255903
1 81373759
1 300667684
1 378907770
1 251808857
1 360244838
1 251276830
1 378246823
1 153095468
1 342918094
1 497838547
1 83676232
1 26126921
1 122079974
1 346957570
1 58712544
1 567408493
1 544366739
1 346797343
1 205199751
1 22282930
1 289869374
1 565231474
1 227221573
1 262880028
1 123627701
1 320609674
1 267126881
1 471913526
1 157089646
1 545550222
1 528846236
1 522088709
1 217770497
1 204011631
1 230550155
1 431284214
1 474994904
1 323126309
1 457842341
1 300927192
1 30687211
1 102903603
1 427167857
1 232961363
1 426820781
1 581555348
1 343416115
1 154329550
1 393607766
1 167795186
1 231641193
1 259650199
1 336635262
1 412097302
1 313472943
1 484641155
1 46059983
1 43971158
1 398539221
1 494758212
1 4219224
1 512606239
1 137555232
1 513857241
1 148084647
1 185369659
1 21793778
1 561900573
1 505448354
1 405504879
1 250047417
1 124549425
1 479382281
1 538077592
1 379423189
1 108550729
1 363240308
1 300385154
1 565352716
1 139777963
1 382052163
1 12044189
1 328579777
1 425788583
1 178239792
1 474418530
1 261602224
1 31331407
1 576930160
1 202913750
1 526709223
1 468506939
1 66663226
1 26556702
1 165854347
1 130331815
1 541160954
1 443296818
1 161741203
1 323885254
1 393549029
1 383276862
1 338416227
1 64441474
1 498481575
1 40734715
1 200374140
1 234493955
1 34906072
1 183645771
1 150518763
1 471788437
1 54892473
1 172763886
1 502104392
1 91316101
1 81701206
1 328057516
1 486822234
1 530040610
1 363274104
1 445088570
1 63450502
1 565431853
1 28145809
1 376176486
1 59452022
1 541043824
1 157048253
1 548300567
1 76508432
1 475201345
1 135963816
1 505720809
1 228277260
1 57262386
1 319862579
1 193337872
1 488766652
1 119668521
1 192550726
1 528290637
1 145213306
1 383018402
1 275257896
1 578561751
1 516085143
1 458970200
1 214115584
1 519158405
1 492822360
1 275752392
1 35399836
1 212260016
1 466598293
1 12186309
1 2789954
1 383644343
1 428675224
1 84571148
1 101345844
1 330627432
1 445532083
1 203975792
1 267568169
1 103640146
1 500830504
1 328439857
1 160012758
1 186554007
1 172305620
1 257894190
1 4824855
1 87376398
1 329422339
1 459035667
1 229869497
1 139130638
1 355643616
1 362474427
1 331453237
1 503435576
1 413089391
1 204712464
1 464657197
1 323893729
1 97286193
1 536459016
1 68187330
1 183598157
1 79630424
1 468283848
1 238214445
1 432292079
1 491208920
1 401463636
1 444419617
1 516777862
1 223132442
1 82569932
1 377477969
1 248586258
1 133155362
1 151581296
1 240771958
1 572298155
1 442393494
1 299628683
1 479211924
1 357368791
1 107492328
1 503398366
1 475991054
1 230235299
1 221767357
1 24366158
1 373382559
1 404149381
1 159195330
1 325239581
1 124868993
1 256390109
1 529272652
1 571097387
1 374578616
1 369762546
1 572600540
1 66181432
1 464827925
1 260117545
1 247360276
1 458818235
1 3093412
1 132110656
1 328387187
1 190696414
1 377718805
1 553060442
1 47080969
1 498612467
1 88069753
1 559718360
1 540712788
1 22902890
1 9941927
1 277200047
1 19275134
1 216894763
1 344108472
1 499130050
1 124402126
1 437157805
1 184518310
1 53742608
1 451467037
1 521016037
1 51001245
1 160203396
1 290781510
1 375110739
1 275431392
1 286397486
1 530154545
1 567258057
1 441098478
1 128635899
1 580223843
1 553582244
1 541399724
1 366129888
1 369859526
1 259786363
1 140694720
1 259039304
1 487936190
1 87080056
1 102496029
1 478730971
1 28995547
1 102412751
1 57600031
1 493635407
1 524599369
1 554095085
1 189018991
1 89371517
1 465859754
1 235362300
1 217967019
1 365312542
1 81972679
1 264055700
1 195380697
1 313273748
1 186438940
1 557849998
1 231992150
1 509513462
1 325744326
1 198018710
1 323473859
1 149983864
1 88155042
1 305944100
1 545477385
1 418589294
1 349502014
1 302462418
1 156562193
1 328996150
1 527390674
1 521019155
1 308221926
1 302030864
1 21867633
1 384555189
1 414971863
1 368704286
1 46556683
1 296506729
1 307140247
1 211904488
1 356909504
1 422352576
1 253347100
1 387748888
1 149630650
1 26504540
1 284509879
1 204138527
1 147081973
1 164384312
1 37479840
1 235848648
1 157951503
1 128264826
1 423930350
1 417526962
1 382902529
1 515244103
1 284263884
1 236074975
1 357660548
1 474123895
1 249652856
1 462556601
1 402316725
1 276155437
1 349305275
1 187430606
1 340705
1 443717651
1 282148199
1 382320818
1 199545055
1 211379977
1 260251365
1 374348923
1 115136094
1 316622069
1 62121774
1 455240988
1 198850236
1 464920252
1 345151936
1 16131
1 298557131
1 413153715
1 264305303
1 220625569
1 29433774
1 128923098
1 66905006
1 417612739
1 27799340
1 195556303
1 554761791
1 16807771
1 516152531
1 173150989
1 236390616
1 472035140
1 89026128
1 289655185
1 9381820
1 77065048
1 93630067
1 49669721
1 234059941
1 62435876
1 3984549
1 533598601
1 536608098
1 556115493
1 367601685
1 143438658
1 325107794
1 382069232
1 225582575
1 161928042
1 67788400
1 536714251
1 582461518
1 402852763
1 293666975
1 31466619
1 45286020
1 570052997
1 473074441
1 123910855
1 283464742
1 247236591
1 374044824
1 551087032
1 520197298
1 30163123
1 537282068
1 552532521
1 435987563
1 528259807
1 431758980
1 4227518
1 293603650
1 128722320
1 527259348
1 554342710
1 62707488
1 281578223
1 94919239
1 2051967
1 44696392
1 220930358
1 63728438
1 219474017
1 314478423
1 520868457
1 521502917
1 477627827
1 293188098
1 349455719
1 561943249
1 10290503
1 117599542
1 458941349
1 454232369
1 529283714
1 62082234
1 574312378
1 238508666
1 179245071
1 141386202
1 316173706
1 323126060
1 404439740
1 210135679
1 46678123
1 550958074
1 722970
1 51517856
1 486468769
1 187753777
1 180045603
1 115123531
1 164346022
1 530021746
1 445962148
1 190075450
1 415973897
1 582759753
1 503212935
1 313444747
1 510285385
1 572070351
1 280472538
1 33763025
1 160906685
1 379510570
1 243606873
1 346962380
1 576285614
1 496114529
1 44567975
1 320670675
1 457279881
1 383182276
1 558440473
1 538942654
1 231341544
1 295199934
1 182656846
1 549039054
1 171677854
1 342210778
1 128144775
1 420568836
1 229267728
1 402169615
1 82495234
1 229977892
1 220169808
1 303775864
1 203942087
1 370649290
1 552129259
1 185640946
1 224450652
1 504747335
1 287877959
1 156190328
1 39855089
1 464275062
1 128726389
1 472810625
1 375414248
1 234132293
1 532788124
1 29416726
1 159238271
1 133728522
1 514569177
1 22570901
1 428742965
1 74580454
1 461792078
1 87945124
1 265826411
1 373248246
1 157872300
1 241681380
1 24752357
1 388079669
1 547301445
1 453087499
1 5329342
1 215637669
1 533170504
1 374466664
1 318982282
1 248531881
1 87123625
1 546199750
1 435144574
1 465117429
1 296939486
1 439644229
1 263006632
1 314803642
1 138448114
1 311640264
1 573084305
1 315836571
1 543259344
1 496126940
1 459353337
1 512410806
1 129446178
1 449210819
1 318865900
1 95195225
1 289575612
1 407595968
1 65602146
1 153301711
1 128707633
1 430655210
1 136262178
1 1789416
1 225343019
1 217706986
1 29142699
1 199255731
1 579047164
1 51297363
1 220046267
1 298295344
1 369463550
1 66999666
1 137891434
1 326751607
1 235025940
1 47887758
1 506584582
1 209443512
1 384549066
1 19398599
1 268649135
1 169531637
1 450196357
1 546818531
1 303508992
1 79955346
1 60636523
1 273261280
1 218987153
1 579814186
1 543287836
1 125417753
1 379184788
1 152951074
1 360328152
1 348585508
1 188182144
1 458286376
1 320100049
1 357225782
1 288454834
1 241746404
1 477750915
1 52317279
1 337765752
1 189279763
1 408579104
1 566707858
1 532349382
1 442859003
1 482503609
1 237406325
1 503218527
1 447784820
1 32469802
1 201218637
1 53371417
1 540323845
1 525425269
1 105267257
1 263871722
1 166720824
1 59371987
1 423191573
1 206629821
1 77467548
1 168867263
1 247776482
1 266775885
1 573115409
1 346228364
1 239600020
1 237500914
1 362944068
1 194179291
1 417272836
1 151233192
1 267980916
1 431393460
1 545551381
1 162129673
1 176074234
1 453251713
1 426770251
1 362662989
1 516082617
1 520998900
1 516316391
1 126819965
1 340363731
1 429802757
1 322126919
1 390526806
1 541196111
1 176968083
1 457318808
1 256691006
1 119582261
1 79639752
1 400956573
1 398315859
1 50614499
1 449967009
1 197365879
1 1735150
1 308097228
1 302158841
1 337983422
1 104166885
1 398577453
1 410164360
1 485539032
1 557213865
1 579604806
1 33483088
1 167433207
1 340590839
1 357317008
1 270020221
1 139580198
1 572202017
1 94115766
1 546717103
1 16082882
1 158214599
1 37299646
1 199627127
1 341477000
1 421325450
1 433906309
1 228936219
1 79722276
1 490821173
1 116790228
1 171804626
1 394491762
1 321450696
1 239441944
1 389864411
1 391768076
1 4529641
1 289127805
1 412407353
1 265471210
1 243138317
1 205706995
1 15460505
1 1431704
1 500894684
1 541104373
1 147457414
1 112055514
1 491056266
1 473908927
1 484937408
1 529344265
1 137827286
1 571213742
1 491945135
1 227652248
1 513740195
1 382291847
1 537298717
1 550240947
1 557631619
1 322378377
1 315633007
1 244972021
1 439360502
1 135893912
1 475634891
1 227714200
1 257207093
1 244159535
1 114363003
1 107235673
1 86373247
1 8795007
1 567731276
1 3833546
1 575408112
1 397500521
1 354778126
1 50717662
1 235086901
1 344612721
1 481742309
1 233229718
1 240468626
1 162649160
1 409432191
1 66311349
1 400105737
1 245761588
1 559979139
1 479508874
1 572517370
1 390440802
1 535177731
1 531088776
1 14452489
1 414068861
1 201495937
1 334985835
1 14213030
1 301844581
1 516321649
1 400626675
1 139472989
1 327064478
1 135022048
1 439801394
1 513656594
1 214536528
1 6790541
1 531688474
1 432940512
1 240943081
1 249519829
1 203842240
1 276144238
1 403181198
1 424961241
1 451142997
1 362600672
1 418356332
1 92779878
1 283247268
1 422683786
1 520131812
1 256687842
1 49248762
1 105858571
1 332044319
1 515929014
1 37192213
1 320748155
1 320345246
1 486074208
1 240520176
1 151749873
1 472274887
1 28608271
1 196059408
1 460324723
1 447217933
1 222747246
1 263461141
1 77413004
1 306137639
1 207727778
1 523865968
1 509720065
1 433246071
1 124469534
1 470394115
1 272968015
1 78825869
1 101476413
1 278979349
1 126948433
1 300096631
1 265698599
1 355401788
1 158387003
1 385407136
1 524568400
1 102720025
1 29887538
1 412617692
1 50980117
1 171503555
1 562819218
1 20845646
1 370291437
1 572626075
1 209267632
1 16372960
1 513719849
1 105759160
1 131341566
1 60235071
1 379367214
1 271205289
1 541143601
1 128795958
1 517208736
1 151242985
1 204263359
1 238145249
1 131311466
1 550939437
1 521434596
1 303515493
1 346023008
1 475781561
1 224730507
1 355326543
1 220577805
1 88336455
1 171054227
1 131022953
1 158591740
1 531828648
1 57706513
1 365173003
1 499156083
1 115617054
1 374135837
1 349046475
1 489828141
1 168658364
1 312150460
1 214506635
1 482748016
1 539795719
1 236373882
1 463271787
1 123200946
1 113026146
1 418356767
1 266963049
1 141948754
1 489513954
1 265077016
1 136843256
1 462020393
1 286889244
1 212472933
1 536007685
1 132776065
1 187994039
1 80612075
1 235372387
1 321724181
1 51829960
1 316122015
1 131584228
1 315040792
1 310627769
1 133099170
1 527729291
1 234072711
1 341305425
1 425531590
1 179809991
1 503297707
1 439631889
1 261658971
1 427795806
1 289585127
1 73566576
1 261582429
1 386848740
1 428020444
1 454604322
1 407107341
1 303981699
1 18752299
1 570477581
1 27672067
1 221272466
1 281529760
1 344500543
1 374940011
1 221238600
1 36385351
1 293058551
1 445600918
1 152395186
1 332717664
1 417437905
1 318033690
1 8014954
1 78841928
1 217833662
1 179305059
1 493140986
1 361012228
1 304851902
1 391960446
1 239063792
1 116970037
1 413255137
1 226066789
1 252792742
1 182374785
1 69788071
1 407316081
1 192748118
1 386712725
1 99355513
1 31285713
1 159501385
1 71881037
1 35710767
1 271800150
1 578774860
1 526205520
1 360827986
1 554418904
1 23787276
1 231750131
1 432586616
1 168444234
1 368664455
1 45670109
1 212061266
1 185726949
1 39094348
1 567711901
1 258205965
1 302512010
1 515323710
1 229345305
1 128038033
1 250095293
1 392162305
1 50036840
1 287237892
1 172079939
1 183554001
1 140732045
1 129822609
1 69421223
1 202488490
1 229243437
1 106847741
1 480952822
1 537075312
1 250256387
1 318262734
1 355373629
1 578522318
1 393027677
1 475826588
1 383489240
1 441989792
1 280061036
1 142631815
1 34779117
1 66734940
1 372857447
1 1362820
1 555813999
1 143821140
1 430931783
1 228635525
1 56553097
1 499750589
1 19981609
1 190845551
1 464628842
1 348611041
1 133150464
1 36988938
1 138356516
1 282507951
1 39766054
1 498040750
1 179993931
1 13415998
1 15121961
1 550286369
1 456255710
1 14340973
1 19354318
1 457480618
1 169170917
1 227386428
1 232025928
1 65095902
1 162102307
1 528415150
1 541703751
1 534393637
1 162253721
1 570214689
1 327081227
1 437027053
1 241460785
1 10442881
1 374059877
1 437449283
1 4634899
1 244834514
1 12318454
1 215672935
1 541208696
1 407832763
1 539359733
1 282146150
1 54282667
1 432926223
1 346709114
1 527639935
1 319232473
1 132521647
1 286713784
1 97788968
1 434205022
1 79382681
1 351458424
1 174592817
1 159152979
1 49657705
1 480898598
1 76371659
1 456923332
1 132021573
1 549419270
1 325041589
1 461328184
1 290878900
1 104245768
1 291871257
1 482405660
1 516321771
1 67047205
1 15039311
1 280866480
1 215064863
1 523477662
1 40771109
1 453630574
1 318404223
1 8745231
1 165816144
1 220083768
1 10354419
1 540598561
1 428561169
1 445378553
1 471917115
1 506704761
1 425231323
1 214592984
1 332152382
1 505453953
1 503704872
1 489654032
1 108761458
1 215640942
1 459127558
1 385095430
1 64811901
1 501882916
1 303209029
1 157661499
1 226948384
1 34273223
1 26207813
1 228578161
1 311310792
1 253003545
1 220943476
1 460645488
1 139400401
1 290537270
1 338268738
1 294235053
1 491290629
1 322184463
1 338381535
1 384131184
1 421970537
1 167068772
1 9414781
1 5177824
1 574338074
1 338788187
1 32028333
1 495770791
1 43083299
1 115672078
1 344562057
1 403992522
1 394258869
1 397952913
1 415407168
1 59327864
1 337267739
1 232036350
1 375365284
1 124543538
1 417332670
1 559799646
1 204427572
1 412858301
1 377157414
1 436545785
1 473769442
1 328480186
1 478348633
1 331138999
1 568391205
1 428753989
1 326963208
1 287587301
1 265668408
1 304658944
1 143230935
1 21625131
1 22901128
1 533194669
1 52264200
1 41726636
1 470127265
1 321052668
1 94130134
1 491404276
1 352232692
1 493400710
1 317637231
1 320012542
1 211424362
1 435746575
1 468351995
1 176185947
1 183310914
1 155916835
1 149699844
1 531480744
1 457669262
1 409505086
1 526609602
1 275495127
1 202069495
1 181197635
1 483769489
1 295283
1 270567632
1 272729750
1 393757021
1 306184983
1 185491625
1 269502341
1 362677848
1 269106029
1 170947994
1 421815181
1 268516504
1 137930298
1 344894296
1 40467546
1 278889627
1 50774893
1 147283237
1 59580020
1 75234924
1 300737185
1 205042158
1 68896901
1 566219458
1 568099246
1 524673815
1 769238
1 503348441
1 201066361
1 471835817
1 291844610
1 323183106
1 550779357
1 198141032
1 443686510
1 416526834
1 97988419
1 38360378
1 188033549
1 225405872
1 320847826
1 76296641
1 199545060
1 553947380
1 238046289
1 555633817
1 207444959
1 139834960
1 294634860
1 217301694
1 301773932
1 228090720
1 268201905
1 276417685
1 189723635
1 162562746
1 150069169
1 105062061
1 182608472
1 124144073
1 246751823
1 213322220
1 158038241
1 58823263
1 140682216
1 549564306
1 530988662
1 405304388
1 292091175
1 464307043
1 90527666
1 478603356
1 187011058
1 112089651
1 414020354
1 298240063
1 141729750
1 581525460
1 380161326
1 41972394
1 566635382
1 363309533
1 88288145
1 475969615
1 527552543
1 31629470
1 68142481
1 50329708
1 286387729
1 132022403
1 514273674
1 231293456
1 278552341
1 289085994
1 53726555
1 338812497
1 577626386
1 239386839
1 333389475
1 335174607
1 82008226
1 581293528
1 97308031
1 385839830
1 91857521
1 2096985
1 453091724
1 462410585
1 416897647
1 60349847
1 558601950
1 361273393
1 304633642
1 75091019
1 181049064
1 215542382
1 264303016
1 232115187
1 347884154
1 270281270
1 235077730
1 64901489
1 486687675
1 405737747
1 120675141
1 548181646
1 419954861
1 272251347
1 254301122
1 569837209
1 4601104
1 388080326
1 227063478
1 493074547
1 120558206
1 19712327
1 21612062
1 228417145
1 332877110
1 406324334
1 443957108
1 221515865
1 341245718
1 579320594
1 295068407
1 544972177
1 108854129
1 543541149
1 324052947
1 214041322
1 532550032
1 240370996
1 245763612
1 117899149
1 14195177
1 453843715
1 236344653
1 75208998
1 581768372
1 224008755
1 102814946
1 460004591
1 523495921
1 184149040
1 23437779
1 457967099
1 187959806
1 153307132
1 226073135
1 520993046
1 531975549
1 501604574
1 498456361
1 561622148
1 211093377
1 277497878
1 362011563
1 491178782
1 28262422
1 455612949
1 337969355
1 489671800
1 146264427
1 419475499
1 249617212
1 243990634
1 543548195
1 185447295
1 394530828
1 317765156
1 523835056
1 521970962
1 541588345
1 193878393
1 552738933
1 169131044
1 412671671
1 50089431
1 397974218
1 53297900
1 90326770
1 240495215
1 216824315
1 421806279
1 415071350
1 281914655
1 152792856
1 91833316
1 520367394
1 80359725
1 210965383
1 312525406
1 271709229
1 269204991
1 108801264
1 477219170
1 420680685
1 344438139
1 290790422
1 323796304
1 287270586
1 27032641
1 28984953
1 372755177
1 136351952
1 325003738
1 497743170
1 535466627
1 359878316
1 351572158
1 30813941
1 480029841
1 422311862
1 117839932
1 495576427
1 261195442
1 575635115
1 90790562
1 347591769
1 335527534
1 142985299
1 397973715
1 102575912
1 99118101
1 477429490
1 153270849
1 68739011
1 575714096
1 523423038
1 462217560
1 562509221
1 37569701
1 504362116
1 22428114
1 446245086
1 111802953
1 396987442
1 75328112
1 509028941
1 50513872
1 107157190
1 276169118
1 562575373
1 305687206
1 362088958
1 214003392
1 338901896
1 19551360
1 328397973
1 213198266
1 107793577
1 76017944
1 193331178
1 580840843
1 178189601
1 85093787
1 455326133
1 121467382
1 78287967
1 271531781
1 193511752
1 217413427
1 337722961
1 429537214
1 400477888
1 212105137
1 188438915
1 284400814
1 176788155
1 70383499
1 437022776
1 437079898
1 317854374
1 161163355
1 411690433
1 382220364
1 202153278
1 454708426
1 216738968
1 393052357
1 391884220
1 439501584
1 238753595
1 331425737
1 387682499
1 50677139
1 339822562
1 467766033
1 365476377
1 482287622
1 494272898
1 557512727
1 27985640
1 140545515
1 520626509
1 207805753
1 179575739
1 568459171
1 366246265
1 337322413
1 443621540
1 445781430
1 274028627
1 399343981
1 195040492
1 344726583
1 333687172
1 389931657
1 231005133
1 84491125
1 127015622
1 503974401
1 287779920
1 76897587
1 150374015
1 279564578
1 43256331
1 189151552
1 96211225
1 242458790
1 273928917
1 370262981
1 332074562
1 555217379
1 495044668
1 168167633
1 124292142
1 396747024
1 265311253
1 222809473
1 297813741
1 306851931
1 15215646
1 85827901
1 74082312
1 191217046
1 557062629
1 177430046
1 498377725
1 543746680
1 201004737
1 462879068
1 440220357
1 154004906
1 104304626
1 204006128
1 53427822
1 248046494
1 104135117
1 373585266
1 252844377
1 481644370
1 347502782
1 209144492
1 501540741
1 328358833
1 78959052
1 196514662
1 338295931
1 246964573
1 155541627
1 581883430
1 107103624
1 59665426
1 537617336
1 479983246
1 226183746
1 295090517
1 109467363
1 37026394
1 515981173
1 401680206
1 220509933
1 107164343
1 41406108
1 291853897
1 137795836
1 29266532
1 413153445
1 98247784
1 209162974
1 422517103
1 502683459
1 258759617
1 558383917
1 373028352
1 76580949
1 2241341
1 273404892
1 364645358
1 142520805
1 286442149
1 353926039
1 482835887
1 244185214
1 124768530
1 555862595
1 409405306
1 225842576
1 412883954
1 553408915
1 178703363
1 6481720
1 552972782
1 306116946
1 501856826
1 258195101
1 456901557
1 86936315
1 302525760
1 203465028
1 479123662
1 197712230
1 487715799
1 250088717
1 377847679
1 268472599
1 582136233
1 473036983
1 203929674
1 455860745
1 564822677
1 273981277
1 508190724
1 210109083
1 483664439
1 352450125
1 235624312
1 285095834
1 519056098
1 423018711
1 516612226
1 248822085
1 166178619
1 177600309
1 318860193
1 317807749
1 333501764
1 266123823
1 78103007
1 580439156
1 239858023
1 497757132
1 75534415
1 175443158
1 573065071
1 347911679
1 358923639
1 210228125
1 334788469
1 399463134
1 274418583
1 578681805
1 353225240
1 314624104
1 295248893
1 376895181
1 309306978
1 539794665
1 445749111
1 158872676
1 198594720
1 34984336
1 231721875
1 314586602
1 222950598
1 74338009
1 432001954
1 400214632
1 288824103
1 469805310
1 574632663
1 72564714
1 73767147
1 226741566
1 470117008
1 50419308
1 206543271
1 233743073
1 63040964
1 578536238
1 230250452
1 224732132
1 292540533
1 5943840
1 299128438
1 116548059
1 506006620
1 170868877
1 444387317
1 573739794
1 234206010
1 18699355
1 26162840
1 485336184
1 362836018
1 104916836
1 199260939
1 345834317
1 372868400
1 383795104
1 559732333
1 507088499
1 373175990
1 228773428
1 374759377
1 402106555
1 385396137
1 381472434
1 34298649
1 139156764
1 135130501
1 537193115
1 44516354
1 46526815
1 151761065
1 368802069
1 341230440
1 153683768
1 120806003
1 391386233
1 113922071
1 139385097
1 496663625
1 117915302
1 38747881
1 122032543
1 214524648
1 239643791
1 422276830
1 413621407
1 358342080
