1 1000000000
100
1 1
4 1
7 1
11 1
15 1
21 1
29 1
37 1
46 1
56 1
67 1
78 1
91 1
106 1
120 1
137 1
154 1
171 1
190 1
211 1
232 1
253 1
277 1
301 1
326 1
352 1
379 1
406 1
436 1
465 1
496 1
529 1
562 1
595 1
631 1
667 1
703 1
742 1
781 1
821 1
862 1
903 1
946 1
990 1
1036 1
1081 1
1128 1
1177 1
1225 1
1275 1
1326 1
1379 1
1432 1
1486 1
1541 1
1596 1
1654 1
1712 1
1770 1
1831 1
1891 1
1954 1
2016 1
2080 1
2145 1
2211 1
2278 1
2347 1
2416 1
2486 1
2556 1
2628 1
2701 1
2776 1
2850 1
2926 1
3003 1
3082 1
3161 1
3240 1
3321 1
3403 1
3486 1
3571 1
3655 1
3742 1
3829 1
3916 1
4005 1
4095 1
4187 1
4279 1
4372 1
4466 1
4561 1
4656 1
4753 1
4852 1
4950 1
5050 1
