JA
1975
495 1
495 1000
494 1000
494 999
1000 999
1000 998
999 998
999 997
998 997
998 996
997 996
997 995
493 995
493 994
492 994
492 993
491 993
491 992
490 992
490 991
489 991
489 990
488 990
488 989
487 989
487 988
486 988
486 987
996 987
996 986
485 986
485 985
995 985
995 984
994 984
994 983
993 983
993 982
992 982
992 981
484 981
484 980
991 980
991 979
483 979
483 978
482 978
482 977
481 977
481 976
480 976
480 975
479 975
479 974
478 974
478 973
477 973
477 972
476 972
476 971
990 971
990 970
989 970
989 969
988 969
988 968
475 968
475 967
474 967
474 966
987 966
987 965
986 965
986 964
473 964
473 963
472 963
472 962
985 962
985 961
471 961
471 960
470 960
470 959
984 959
984 958
983 958
983 957
982 957
982 956
469 956
469 955
981 955
981 954
980 954
980 953
468 953
468 952
467 952
467 951
979 951
979 950
466 950
466 949
978 949
978 948
977 948
977 947
976 947
976 946
465 946
465 945
464 945
464 944
975 944
975 943
463 943
463 942
462 942
462 941
461 941
461 940
974 940
974 939
460 939
460 938
973 938
973 937
972 937
972 936
459 936
459 935
971 935
971 934
458 934
458 933
970 933
970 932
969 932
969 931
457 931
457 930
968 930
968 929
456 929
456 928
967 928
967 927
455 927
455 926
966 926
966 925
965 925
965 924
454 924
454 923
964 923
964 922
453 922
453 921
963 921
963 920
962 920
962 919
961 919
961 918
960 918
960 917
959 917
959 916
452 916
452 915
958 915
958 914
957 914
957 913
451 913
451 912
956 912
956 911
450 911
450 910
955 910
955 909
449 909
449 908
954 908
954 907
448 907
448 906
447 906
447 905
446 905
446 904
953 904
953 903
952 903
952 902
445 902
445 901
444 901
444 900
951 900
951 899
443 899
443 898
442 898
442 897
950 897
950 896
441 896
441 895
949 895
949 894
948 894
948 893
440 893
440 892
947 892
947 891
946 891
946 890
945 890
945 889
944 889
944 888
439 888
439 887
438 887
438 886
943 886
943 885
437 885
437 884
942 884
942 883
941 883
941 882
436 882
436 881
940 881
940 880
435 880
435 879
939 879
939 878
434 878
434 877
938 877
938 876
937 876
937 875
936 875
936 874
935 874
935 873
433 873
433 872
934 872
934 871
432 871
432 870
933 870
933 869
431 869
431 868
932 868
932 867
931 867
931 866
430 866
430 865
930 865
930 864
429 864
429 863
929 863
929 862
928 862
928 861
428 861
428 860
427 860
427 859
927 859
927 858
926 858
926 857
925 857
925 856
924 856
924 855
426 855
426 854
923 854
923 853
922 853
922 852
921 852
921 851
425 851
425 850
920 850
920 849
424 849
424 848
919 848
919 847
918 847
918 846
917 846
917 845
916 845
916 844
915 844
915 843
423 843
423 842
422 842
422 841
914 841
914 840
913 840
913 839
421 839
421 838
912 838
912 837
420 837
420 836
911 836
911 835
419 835
419 834
418 834
418 833
910 833
910 832
909 832
909 831
908 831
908 830
907 830
907 829
417 829
417 828
906 828
906 827
905 827
905 826
416 826
416 825
904 825
904 824
903 824
903 823
415 823
415 822
902 822
902 821
414 821
414 820
413 820
413 819
901 819
901 818
412 818
412 817
900 817
900 816
411 816
411 815
410 815
410 814
409 814
409 813
899 813
899 812
898 812
898 811
408 811
408 810
897 810
897 809
896 809
896 808
407 808
407 807
895 807
895 806
406 806
406 805
894 805
894 804
405 804
405 803
893 803
893 802
404 802
404 801
892 801
892 800
891 800
891 799
403 799
403 798
890 798
890 797
889 797
889 796
888 796
888 795
402 795
402 794
887 794
887 793
401 793
401 792
400 792
400 791
886 791
886 790
885 790
885 789
399 789
399 788
884 788
884 787
398 787
398 786
883 786
883 785
397 785
397 784
882 784
882 783
396 783
396 782
881 782
881 781
880 781
880 780
879 780
879 779
878 779
878 778
877 778
877 777
876 777
876 776
395 776
395 775
394 775
394 774
393 774
393 773
392 773
392 772
391 772
391 771
390 771
390 770
389 770
389 769
388 769
388 768
387 768
387 767
386 767
386 766
385 766
385 765
875 765
875 764
874 764
874 763
384 763
384 762
383 762
383 761
873 761
873 760
382 760
382 759
872 759
872 758
871 758
871 757
381 757
381 756
380 756
380 755
379 755
379 754
378 754
378 753
870 753
870 752
377 752
377 751
376 751
376 750
869 750
869 749
375 749
375 748
868 748
868 747
374 747
374 746
373 746
373 745
372 745
372 744
371 744
371 743
867 743
867 742
866 742
866 741
865 741
865 740
864 740
864 739
370 739
370 738
863 738
863 737
862 737
862 736
861 736
861 735
860 735
860 734
859 734
859 733
858 733
858 732
369 732
369 731
857 731
857 730
368 730
368 729
856 729
856 728
367 728
367 727
366 727
366 726
855 726
855 725
854 725
854 724
365 724
365 723
364 723
364 722
363 722
363 721
362 721
362 720
853 720
853 719
361 719
361 718
360 718
360 717
359 717
359 716
852 716
852 715
358 715
358 714
851 714
851 713
357 713
357 712
356 712
356 711
850 711
850 710
849 710
849 709
355 709
355 708
354 708
354 707
848 707
848 706
353 706
353 705
847 705
847 704
846 704
846 703
845 703
845 702
844 702
844 701
843 701
843 700
842 700
842 699
352 699
352 698
351 698
351 697
350 697
350 696
349 696
349 695
348 695
348 694
347 694
347 693
841 693
841 692
346 692
346 691
345 691
345 690
344 690
344 689
840 689
840 688
343 688
343 687
342 687
342 686
341 686
341 685
340 685
340 684
839 684
839 683
339 683
339 682
338 682
338 681
838 681
838 680
837 680
837 679
836 679
836 678
337 678
337 677
835 677
835 676
336 676
336 675
335 675
335 674
334 674
334 673
333 673
333 672
834 672
834 671
332 671
332 670
833 670
833 669
832 669
832 668
331 668
331 667
330 667
330 666
831 666
831 665
329 665
329 664
328 664
328 663
830 663
830 662
829 662
829 661
828 661
828 660
827 660
827 659
327 659
327 658
326 658
326 657
325 657
325 656
324 656
324 655
323 655
323 654
826 654
826 653
322 653
322 652
321 652
321 651
825 651
825 650
320 650
320 649
824 649
824 648
823 648
823 647
822 647
822 646
821 646
821 645
820 645
820 644
819 644
819 643
818 643
818 642
817 642
817 641
319 641
319 640
816 640
816 639
318 639
318 638
317 638
317 637
316 637
316 636
815 636
815 635
315 635
315 634
314 634
314 633
814 633
814 632
313 632
313 631
813 631
813 630
812 630
812 629
312 629
312 628
811 628
811 627
311 627
311 626
310 626
310 625
810 625
810 624
309 624
309 623
809 623
809 622
808 622
808 621
807 621
807 620
806 620
806 619
308 619
308 618
307 618
307 617
306 617
306 616
805 616
805 615
305 615
305 614
804 614
804 613
304 613
304 612
803 612
803 611
802 611
802 610
303 610
303 609
302 609
302 608
801 608
801 607
301 607
301 606
800 606
800 605
300 605
300 604
799 604
799 603
798 603
798 602
797 602
797 601
796 601
796 600
795 600
795 599
794 599
794 598
299 598
299 597
793 597
793 596
298 596
298 595
792 595
792 594
791 594
791 593
790 593
790 592
297 592
297 591
296 591
296 590
789 590
789 589
788 589
788 588
295 588
295 587
294 587
294 586
293 586
293 585
787 585
787 584
786 584
786 583
292 583
292 582
291 582
291 581
290 581
290 580
289 580
289 579
288 579
288 578
785 578
785 577
287 577
287 576
784 576
784 575
286 575
286 574
783 574
783 573
782 573
782 572
781 572
781 571
285 571
285 570
284 570
284 569
780 569
780 568
283 568
283 567
779 567
779 566
282 566
282 565
778 565
778 564
777 564
777 563
281 563
281 562
776 562
776 561
775 561
775 560
280 560
280 559
279 559
279 558
278 558
278 557
277 557
277 556
276 556
276 555
275 555
275 554
274 554
274 553
273 553
273 552
272 552
272 551
774 551
774 550
271 550
271 549
270 549
270 548
269 548
269 547
268 547
268 546
773 546
773 545
267 545
267 544
772 544
772 543
771 543
771 542
770 542
770 541
769 541
769 540
266 540
266 539
768 539
768 538
767 538
767 537
766 537
766 536
265 536
265 535
765 535
765 534
764 534
764 533
264 533
264 532
763 532
763 531
263 531
263 530
262 530
262 529
261 529
261 528
260 528
260 527
762 527
762 526
761 526
761 525
760 525
760 524
759 524
759 523
259 523
259 522
258 522
258 521
257 521
257 520
758 520
758 519
757 519
757 518
756 518
756 517
256 517
256 516
255 516
255 515
254 515
254 514
755 514
755 513
754 513
754 512
753 512
753 511
752 511
752 510
253 510
253 509
252 509
252 508
751 508
751 507
750 507
750 506
251 506
251 505
749 505
749 504
748 504
748 503
747 503
747 502
746 502
746 501
745 501
745 500
744 500
744 499
743 499
743 498
250 498
250 497
742 497
742 496
249 496
249 1
741 1
741 733
740 733
740 711
248 711
248 704
739 704
739 702
247 702
247 693
246 693
246 666
245 666
245 534
738 534
738 512
244 512
244 504
243 504
243 731
737 731
737 670
242 670
242 642
736 642
736 621
241 621
241 616
735 616
735 608
734 608
734 602
240 602
240 573
239 573
239 565
733 565
733 564
238 564
238 1
237 1
237 731
732 731
732 725
236 725
236 716
235 716
235 707
234 707
234 705
731 705
731 681
233 681
233 651
730 651
730 649
232 649
232 625
729 625
729 606
728 606
728 603
727 603
727 594
231 594
231 589
726 589
726 584
725 584
725 569
724 569
724 535
230 535
230 524
229 524
229 499
723 499
723 534
722 534
722 608
721 608
721 625
228 625
228 720
227 720
227 703
720 703
720 689
226 689
226 679
225 679
225 669
224 669
224 663
719 663
719 661
718 661
718 660
223 660
223 647
717 647
717 644
222 644
222 631
716 631
716 630
715 630
715 623
221 623
221 612
220 612
220 601
219 601
219 599
218 599
218 593
217 593
217 576
714 576
714 572
713 572
713 567
712 567
712 526
216 526
216 520
215 520
215 507
711 507
711 497
710 497
710 565
709 565
709 642
708 642
708 616
707 616
707 589
214 589
214 576
706 576
706 497
213 497
213 701
212 701
212 700
211 700
211 684
705 684
705 680
704 680
704 677
703 677
703 672
702 672
702 662
210 662
210 654
701 654
701 648
209 648
209 646
208 646
208 645
700 645
700 643
699 643
699 640
698 640
698 636
207 636
207 633
206 633
206 628
205 628
205 622
204 622
204 620
697 620
697 614
203 614
203 611
696 611
696 604
695 604
695 600
202 600
202 597
694 597
694 595
693 595
693 590
692 590
692 585
201 585
201 578
200 578
200 574
691 574
691 562
690 562
690 561
689 561
689 551
199 551
199 546
688 546
688 544
687 544
687 543
686 543
686 542
198 542
198 541
685 541
685 539
684 539
684 538
197 538
197 537
683 537
683 532
682 532
682 527
196 527
196 525
681 525
681 519
195 519
195 518
680 518
680 514
194 514
194 513
679 513
679 511
193 511
193 508
192 508
192 505
191 505
191 503
190 503
190 502
189 502
189 501
188 501
188 500
678 500
678 518
677 518
677 539
676 539
676 651
187 651
187 606
186 606
186 603
675 603
675 569
674 569
674 499
185 499
185 534
184 534
184 608
183 608
183 663
673 663
673 661
672 661
672 647
671 647
671 630
670 630
670 572
182 572
182 567
181 567
181 565
669 565
669 642
180 642
180 576
179 576
179 643
668 643
668 640
178 640
178 620
667 620
667 611
177 611
177 604
666 604
666 597
176 597
176 590
665 590
665 574
175 574
175 562
664 562
664 546
663 546
663 544
662 544
662 543
661 543
661 541
174 541
174 537
660 537
660 532
659 532
659 500
658 500
658 539
173 539
173 603
657 603
657 569
656 569
656 546
172 546
172 647
655 647
655 643
654 643
654 620
171 620
171 590
170 590
170 562
653 562
653 532
169 532
169 500
168 500
168 603
652 603
652 569
167 569
167 647
166 647
166 562
651 562
651 603
165 603
165 650
650 641
164 641
164 639
163 639
163 638
649 638
649 637
162 637
162 635
161 635
161 634
648 634
648 632
160 632
160 629
159 629
159 627
647 627
647 626
646 626
646 624
645 624
645 619
158 619
158 618
644 618
644 617
157 617
157 615
643 615
643 613
156 613
156 610
155 610
155 609
154 609
154 607
153 607
153 605
152 605
152 598
642 598
642 596
641 596
641 592
640 592
640 591
639 591
639 588
638 588
638 587
637 587
637 586
151 586
151 583
636 583
636 582
150 582
150 581
149 581
149 580
148 580
148 579
147 579
147 577
146 577
146 575
145 575
145 571
635 571
635 570
634 570
634 568
633 568
633 566
144 566
144 563
632 563
632 560
143 560
143 559
631 559
631 558
142 558
142 557
630 557
630 556
141 556
141 555
629 555
629 554
628 554
628 553
140 553
140 552
139 552
139 550
627 550
627 549
138 549
138 548
137 548
137 547
626 547
626 545
136 545
136 540
135 540
135 536
625 536
625 533
134 533
134 531
133 531
133 530
132 530
132 529
131 529
131 528
624 528
624 523
130 523
130 522
623 522
623 521
129 521
129 517
622 517
622 516
621 516
621 515
128 515
128 510
127 510
127 509
126 509
126 506
125 506
125 498
620 498
620 496
124 496
124 507
123 507
123 543
122 543
122 595
121 595
121 604
120 604
120 512
619 512
619 504
618 504
618 557
617 557
617 516
119 516
119 602
118 602
118 573
616 573
616 564
117 564
117 1
615 1
615 584
116 584
116 559
614 559
614 573
613 573
613 525
115 525
115 588
612 588
612 594
114 594
114 535
113 535
113 524
112 524
112 536
111 536
111 518
110 518
110 561
109 561
109 513
611 513
611 565
108 565
108 537
107 537
107 504
610 504
610 522
609 522
609 588
608 588
608 601
106 601
106 599
607 599
607 593
105 593
105 526
606 526
606 520
104 520
104 589
605 589
605 497
103 497
103 1
102 1
102 528
101 528
101 544
100 544
100 570
604 570
604 547
603 547
603 583
99 583
99 568
98 568
98 554
602 554
602 517
97 517
97 559
601 559
601 600
600 585
599 585
599 578
96 578
96 551
95 551
95 542
94 542
94 538
93 538
93 527
92 527
92 519
91 519
91 514
598 514
598 511
90 511
90 508
89 508
89 505
88 505
88 503
87 503
87 502
597 502
597 501
86 501
86 562
596 562
596 526
85 526
85 499
595 499
595 534
84 534
84 588
594 588
594 572
83 572
83 567
82 567
82 514
593 514
593 576
81 576
81 592
592 513
80 513
80 502
79 502
79 574
78 574
78 541
77 541
77 539
76 539
76 546
591 546
591 498
75 498
75 590
74 590
74 532
73 532
73 500
590 500
590 569
589 569
589 550
588 550
588 547
72 547
72 562
587 562
587 546
586 546
586 562
585 562
585 571
584 571
584 563
583 563
583 555
71 555
71 512
582 512
582 557
581 557
581 573
70 573
70 504
69 504
69 522
68 522
68 562
67 562
67 569
66 569
66 546
65 546
65 512
64 512
64 557
578 557
578 577
63 577
63 575
62 575
62 566
61 566
61 560
577 560
577 558
60 558
60 556
576 556
576 553
575 553
575 552
59 552
59 549
58 549
58 548
574 548
574 545
573 545
573 540
57 540
57 533
56 533
56 531
572 531
572 530
55 530
55 529
571 529
571 523
54 523
54 521
570 521
570 515
569 515
569 510
53 510
53 509
568 509
568 506
567 506
567 496
52 496
52 507
51 507
51 543
566 543
566 499
50 499
50 521
49 521
49 516
565 516
565 554
563 554
563 529
48 529
48 525
47 525
47 550
46 550
46 535
562 535
562 524
561 524
561 536
560 536
560 518
559 518
559 524
45 524
45 516
44 516
44 537
43 537
43 518
558 518
558 514
42 514
42 520
41 520
41 497
557 497
557 1
40 1
40 528
556 528
556 544
555 544
555 554
554 509
39 509
39 517
38 517
38 497
553 497
553 551
37 551
37 542
36 542
36 538
552 538
552 527
35 527
35 519
34 519
34 511
33 511
33 508
32 508
32 505
31 505
31 503
551 503
551 501
550 501
550 526
549 526
549 534
548 534
548 531
547 531
547 506
30 506
30 528
546 528
546 513
545 513
545 502
544 502
544 534
29 534
29 541
543 541
543 539
28 539
28 498
27 498
27 500
542 500
542 532
541 532
541 531
26 531
26 502
25 502
25 513
540 513
540 504
539 504
539 522
24 522
24 535
538 535
538 515
23 515
23 528
22 528
22 512
537 512
537 536
536 497
535 497
535 532
21 532
21 518
534 518
534 497
533 497
533 526
532 526
532 513
20 513
20 497
531 497
531 530
530 523
529 523
529 510
528 510
528 496
19 496
19 507
527 507
527 499
18 499
18 521
526 521
526 523
524 523
524 501
522 501
522 516
521 516
521 512
17 512
17 514
16 514
16 520
520 1
519 1
519 509
518 509
518 517
15 517
15 503
14 503
14 500
517 500
517 507
13 507
13 1
516 1
516 511
515 511
515 508
514 508
514 505
513 505
513 506
512 506
512 509
511 509
511 504
510 504
510 498
509 498
509 497
12 497
12 502
508 502
508 501
507 501
507 498
11 498
11 504
10 504
10 1
9 1
9 505
506 505
506 496
8 496
8 499
504 499
504 502
7 502
7 500
502 500
502 501
501 497
6 497
6 498
5 498
5 499
500 499
500 1
499 1
499 496
4 496
4 1
498 1
498 497
3 497
3 1
497 1
497 496
2 496
2 1
496 1
