JA
1979
507 1
507 999
506 999
506 998
505 998
505 997
504 997
504 996
999 996
999 995
503 995
503 994
998 994
998 993
997 993
997 992
502 992
502 991
501 991
501 990
500 990
500 989
499 989
499 988
996 988
996 987
995 987
995 986
994 986
994 985
993 985
993 984
498 984
498 983
497 983
497 982
992 982
992 981
496 981
496 980
991 980
991 979
495 979
495 978
494 978
494 977
493 977
493 976
492 976
492 975
491 975
491 974
490 974
490 973
489 973
489 972
990 972
990 971
488 971
488 970
487 970
487 969
486 969
486 968
989 968
989 967
988 967
988 966
485 966
485 965
484 965
484 964
987 964
987 963
986 963
986 962
483 962
483 961
482 961
482 960
985 960
985 959
984 959
984 958
983 958
983 957
481 957
481 956
982 956
982 955
981 955
981 954
980 954
980 953
979 953
979 952
480 952
480 951
479 951
479 950
978 950
978 949
977 949
977 948
478 948
478 947
477 947
477 946
476 946
476 945
475 945
475 944
976 944
976 943
474 943
474 942
975 942
975 941
974 941
974 940
473 940
473 939
472 939
472 938
973 938
973 937
471 937
471 936
470 936
470 935
469 935
469 934
468 934
468 933
972 933
972 932
971 932
971 931
970 931
970 930
467 930
467 929
466 929
466 928
465 928
465 927
464 927
464 926
969 926
969 925
463 925
463 924
968 924
968 923
462 923
462 922
967 922
967 921
966 921
966 920
461 920
461 919
460 919
460 918
459 918
459 917
965 917
965 916
458 916
458 915
457 915
457 914
964 914
964 913
456 913
456 912
455 912
455 911
963 911
963 910
454 910
454 909
962 909
962 908
961 908
961 907
960 907
960 906
959 906
959 905
453 905
453 904
958 904
958 903
957 903
957 902
956 902
956 901
452 901
452 900
451 900
451 899
450 899
450 898
955 898
955 897
954 897
954 896
953 896
953 895
952 895
952 894
951 894
951 893
950 893
950 892
949 892
949 891
948 891
948 890
947 890
947 889
449 889
449 888
448 888
448 887
447 887
447 886
446 886
446 885
445 885
445 884
946 884
946 883
444 883
444 882
945 882
945 881
944 881
944 880
443 880
443 879
442 879
442 878
441 878
441 877
943 877
943 876
942 876
942 875
941 875
941 874
440 874
440 873
940 873
940 872
439 872
439 871
438 871
438 870
437 870
437 869
939 869
939 868
436 868
436 867
435 867
435 866
938 866
938 865
434 865
434 864
937 864
937 863
433 863
433 862
432 862
432 861
431 861
431 860
936 860
936 859
430 859
430 858
935 858
935 857
429 857
429 856
428 856
428 855
934 855
934 854
427 854
427 853
426 853
426 852
933 852
933 851
932 851
932 850
931 850
931 849
425 849
425 848
424 848
424 847
423 847
423 846
422 846
422 845
421 845
421 844
420 844
420 843
419 843
419 842
418 842
418 841
930 841
930 840
929 840
929 839
417 839
417 838
416 838
416 837
415 837
415 836
928 836
928 835
927 835
927 834
414 834
414 833
413 833
413 832
412 832
412 831
411 831
411 830
926 830
926 829
925 829
925 828
410 828
410 827
924 827
924 826
923 826
923 825
409 825
409 824
922 824
922 823
921 823
921 822
408 822
408 821
920 821
920 820
919 820
919 819
918 819
918 818
917 818
917 817
916 817
916 816
407 816
407 815
915 815
915 814
406 814
406 813
914 813
914 812
405 812
405 811
913 811
913 810
912 810
912 809
404 809
404 808
911 808
911 807
910 807
910 806
403 806
403 805
909 805
909 804
908 804
908 803
402 803
402 802
401 802
401 801
400 801
400 800
907 800
907 799
399 799
399 798
398 798
398 797
906 797
906 796
905 796
905 795
904 795
904 794
397 794
397 793
903 793
903 792
396 792
396 791
902 791
902 790
395 790
395 789
901 789
901 788
900 788
900 787
394 787
394 786
393 786
393 785
392 785
392 784
899 784
899 783
391 783
391 782
898 782
898 781
897 781
897 780
390 780
390 779
896 779
896 778
895 778
895 777
389 777
389 776
388 776
388 775
387 775
387 774
894 774
894 773
893 773
893 772
386 772
386 771
385 771
385 770
892 770
892 769
384 769
384 768
383 768
383 767
891 767
891 766
890 766
890 765
889 765
889 764
382 764
382 763
381 763
381 762
380 762
380 761
888 761
888 760
887 760
887 759
886 759
886 758
885 758
885 757
884 757
884 756
379 756
379 755
378 755
378 754
377 754
377 753
376 753
376 752
375 752
375 751
374 751
374 750
883 750
883 749
882 749
882 748
881 748
881 747
880 747
880 746
373 746
373 745
879 745
879 744
372 744
372 743
878 743
878 742
371 742
371 741
877 741
877 740
370 740
370 739
876 739
876 738
369 738
369 737
875 737
875 736
368 736
368 735
367 735
367 734
366 734
366 733
874 733
874 732
365 732
365 731
364 731
364 730
363 730
363 729
362 729
362 728
873 728
873 727
361 727
361 726
360 726
360 725
359 725
359 724
872 724
872 723
871 723
871 722
358 722
358 721
357 721
357 720
870 720
870 719
869 719
869 718
868 718
868 717
356 717
356 716
867 716
867 715
866 715
866 714
355 714
355 713
354 713
354 712
353 712
353 711
352 711
352 710
351 710
351 709
865 709
865 708
350 708
350 707
864 707
864 706
863 706
863 705
862 705
862 704
861 704
861 703
860 703
860 702
859 702
859 701
858 701
858 700
857 700
857 699
856 699
856 698
349 698
349 697
348 697
348 696
855 696
855 695
854 695
854 694
853 694
853 693
852 693
852 692
851 692
851 691
850 691
850 690
849 690
849 689
347 689
347 688
346 688
346 687
848 687
848 686
847 686
847 685
345 685
345 684
344 684
344 683
343 683
343 682
342 682
342 681
846 681
846 680
845 680
845 679
341 679
341 678
340 678
340 677
844 677
844 676
339 676
339 675
843 675
843 674
338 674
338 673
337 673
337 672
336 672
336 671
335 671
335 670
842 670
842 669
841 669
841 668
334 668
334 667
333 667
333 666
332 666
332 665
840 665
840 664
839 664
839 663
838 663
838 662
331 662
331 661
837 661
837 660
836 660
836 659
835 659
835 658
834 658
834 657
833 657
833 656
832 656
832 655
831 655
831 654
330 654
330 653
830 653
830 652
329 652
329 651
328 651
328 650
327 650
327 649
326 649
326 648
829 648
829 647
828 647
828 646
827 646
827 645
826 645
826 644
825 644
825 643
824 643
824 642
325 642
325 641
823 641
823 640
822 640
822 639
324 639
324 638
821 638
821 637
820 637
820 636
323 636
323 635
819 635
819 634
322 634
322 633
321 633
321 632
818 632
818 631
320 631
320 630
319 630
319 629
318 629
318 628
317 628
317 627
817 627
817 626
816 626
816 625
815 625
815 624
316 624
316 623
315 623
315 622
814 622
814 621
314 621
314 620
813 620
813 619
812 619
812 618
313 618
313 617
312 617
312 616
311 616
311 615
310 615
310 614
811 614
811 613
810 613
810 612
309 612
309 611
809 611
809 610
308 610
308 609
307 609
307 608
306 608
306 607
305 607
305 606
304 606
304 605
303 605
303 604
808 604
808 603
302 603
302 602
301 602
301 601
300 601
300 600
807 600
807 599
299 599
299 598
298 598
298 597
297 597
297 596
296 596
296 595
295 595
295 594
806 594
806 593
294 593
294 592
805 592
805 591
293 591
293 590
292 590
292 589
291 589
291 588
804 588
804 587
803 587
803 586
290 586
290 585
289 585
289 584
802 584
802 583
801 583
801 582
800 582
800 581
288 581
288 580
799 580
799 579
287 579
287 578
286 578
286 577
285 577
285 576
284 576
284 575
798 575
798 574
283 574
283 573
797 573
797 572
796 572
796 571
795 571
795 570
794 570
794 569
793 569
793 568
792 568
792 567
791 567
791 566
790 566
790 565
789 565
789 564
282 564
282 563
281 563
281 562
788 562
788 561
280 561
280 560
787 560
787 559
279 559
279 558
786 558
786 557
785 557
785 556
278 556
278 555
277 555
277 554
784 554
784 553
276 553
276 552
275 552
275 551
783 551
783 550
782 550
782 549
274 549
274 548
781 548
781 547
273 547
273 546
780 546
780 545
272 545
272 544
779 544
779 543
778 543
778 542
777 542
777 541
776 541
776 540
271 540
271 539
775 539
775 538
270 538
270 537
269 537
269 536
774 536
774 535
268 535
268 534
773 534
773 533
772 533
772 532
267 532
267 531
266 531
266 530
771 530
771 529
265 529
265 528
770 528
770 527
769 527
769 526
264 526
264 525
768 525
768 524
263 524
263 523
767 523
767 522
262 522
262 521
766 521
766 520
261 520
261 519
260 519
260 518
259 518
259 517
765 517
765 516
764 516
764 515
763 515
763 514
258 514
258 513
257 513
257 512
762 512
762 511
256 511
256 510
255 510
255 509
761 509
761 508
760 508
760 1
254 1
254 643
759 643
759 604
758 604
758 582
757 582
757 620
253 620
253 567
756 567
756 548
252 548
252 693
755 693
755 646
754 646
754 573
251 573
251 571
753 571
753 550
752 550
752 544
751 544
751 534
250 534
250 528
750 528
750 748
249 748
249 739
749 739
749 737
748 737
748 715
747 715
747 692
746 692
746 691
745 691
745 653
744 653
744 641
248 641
248 632
743 632
743 592
247 592
247 588
246 588
246 569
742 569
742 543
741 543
741 536
245 536
245 523
244 523
244 521
243 521
243 582
740 582
740 739
739 543
738 543
738 728
737 728
737 719
736 719
736 707
735 707
735 703
242 703
242 701
241 701
241 696
240 696
240 669
239 669
239 665
238 665
238 660
734 660
734 659
733 659
733 648
237 648
237 645
732 645
732 638
236 638
236 637
235 637
235 635
234 635
234 627
731 627
731 625
233 625
233 614
730 614
730 613
232 613
232 600
231 600
231 572
230 572
230 565
229 565
229 562
228 562
228 554
729 554
729 517
728 517
728 509
727 509
727 508
726 508
726 643
725 643
725 604
724 604
724 528
723 528
723 715
227 715
227 691
226 691
226 632
225 632
225 659
722 659
722 604
721 604
721 528
719 528
719 718
224 718
224 716
223 716
223 709
718 709
718 706
222 706
222 705
221 705
221 704
220 704
220 702
219 702
219 700
218 700
218 699
717 699
717 695
716 695
716 694
715 694
715 690
714 690
714 687
713 687
713 686
712 686
712 681
711 681
711 680
710 680
710 677
217 677
217 675
709 675
709 670
708 670
708 664
707 664
707 663
216 663
216 661
215 661
215 658
214 658
214 657
706 657
706 656
705 656
705 655
704 655
704 647
213 647
213 644
703 644
703 640
702 640
702 626
212 626
212 622
211 622
211 619
210 619
210 611
209 611
209 594
701 594
701 587
700 587
700 584
699 584
699 583
698 583
698 580
697 580
697 575
208 575
208 570
207 570
207 568
206 568
206 566
205 566
205 560
696 560
696 558
204 558
204 557
695 557
695 551
694 551
694 546
693 546
693 542
203 542
203 541
202 541
202 539
201 539
201 533
200 533
200 530
199 530
199 527
198 527
198 525
197 525
197 516
692 516
692 515
196 515
196 512
691 512
691 567
195 567
195 546
690 546
690 646
689 646
689 571
194 571
194 550
193 550
193 544
688 544
688 516
687 516
687 653
686 653
686 569
192 569
192 582
685 582
685 543
191 543
191 528
190 528
190 664
684 664
684 660
189 660
189 645
683 645
683 627
188 627
188 614
187 614
187 554
682 554
682 509
681 509
681 508
680 508
680 643
186 643
186 659
185 659
185 604
184 604
184 584
679 584
679 546
678 546
678 516
183 516
183 653
677 653
677 509
182 509
182 508
676 508
676 670
181 670
181 583
675 583
675 580
180 580
180 646
674 646
674 544
179 544
179 582
673 582
673 664
672 664
672 645
178 645
178 554
177 554
177 584
671 584
671 546
670 546
670 508
669 508
669 646
668 646
668 582
667 582
667 664
666 664
666 584
176 584
176 646
175 646
175 582
174 582
174 664
665 664
665 662
173 662
173 654
172 654
172 652
664 652
664 651
663 651
663 650
171 650
171 649
170 649
170 642
169 642
169 639
662 639
662 636
168 636
168 634
167 634
167 633
661 633
661 631
166 631
166 630
165 630
165 629
660 629
660 628
659 628
659 624
658 624
658 623
657 623
657 621
164 621
164 618
656 618
656 617
163 617
163 616
162 616
162 615
161 615
161 612
655 612
655 610
654 610
654 609
653 609
653 608
652 608
652 607
651 607
651 606
650 606
650 605
649 605
649 603
648 603
648 602
160 602
160 601
159 601
159 599
158 599
158 598
157 598
157 597
156 597
156 596
647 596
647 595
646 595
646 593
645 593
645 591
155 591
155 590
644 590
644 589
154 589
154 586
153 586
153 585
643 585
643 581
642 581
642 579
641 579
641 578
640 578
640 577
152 577
152 576
639 576
639 574
151 574
151 564
150 564
150 563
149 563
149 561
638 561
638 559
148 559
148 556
637 556
637 555
636 555
636 553
147 553
147 552
635 552
635 549
146 549
146 547
634 547
634 545
145 545
145 540
633 540
633 538
632 538
632 537
144 537
144 535
143 535
143 532
631 532
631 531
630 531
630 529
142 529
142 526
629 526
629 524
141 524
141 522
140 522
140 520
628 520
628 519
627 519
627 518
626 518
626 514
139 514
139 513
138 513
138 511
137 511
137 510
625 510
625 1
624 1
624 620
136 620
136 548
135 548
135 573
134 573
134 534
133 534
133 517
623 517
623 579
622 579
622 592
132 592
132 588
131 588
131 536
621 536
621 523
620 523
620 521
130 521
130 590
129 590
129 594
128 594
128 560
127 560
127 508
619 508
619 608
126 608
126 603
618 603
618 561
125 561
125 556
124 556
124 552
123 552
123 510
617 510
617 613
616 613
616 600
615 600
615 572
122 572
122 565
614 565
614 562
613 562
613 551
121 551
121 512
120 512
120 538
612 538
612 583
611 583
611 557
119 557
119 517
610 517
610 603
118 603
118 538
117 538
117 578
116 578
116 587
115 587
115 609
609 607
114 607
114 540
608 540
608 1
113 1
113 596
112 596
112 518
111 518
111 579
607 579
607 508
606 508
606 583
110 583
110 575
605 575
605 570
109 570
109 568
108 568
108 566
107 566
107 558
604 558
604 542
106 542
106 541
105 541
105 539
603 539
603 533
602 533
602 530
104 530
104 527
103 527
103 525
102 525
102 515
601 515
601 567
600 567
600 571
599 571
599 550
101 550
101 569
100 569
100 543
99 543
99 528
98 528
98 526
97 526
97 519
96 519
96 565
95 565
95 585
598 585
598 520
94 520
94 558
93 558
93 516
597 516
597 509
92 509
92 546
91 546
91 580
90 580
90 544
596 544
596 593
89 593
89 554
595 554
595 584
88 584
88 554
87 554
87 582
594 582
594 576
86 576
86 517
85 517
85 508
593 508
593 575
84 575
84 581
592 581
592 555
591 555
591 547
83 547
83 532
82 532
82 531
81 531
81 536
80 536
80 510
590 510
590 562
79 562
79 567
78 567
78 533
77 533
77 515
76 515
76 571
589 571
589 585
75 585
75 516
588 516
588 555
587 555
587 571
74 571
74 586
73 586
73 577
586 577
586 574
585 574
585 564
72 564
72 563
71 563
71 559
584 559
584 553
70 553
70 549
583 549
583 545
69 545
69 537
68 537
68 535
582 535
582 529
67 529
67 524
66 524
66 522
65 522
65 514
581 514
581 513
580 513
580 511
579 511
579 523
578 523
578 548
577 548
577 573
64 573
64 534
576 534
576 514
575 514
575 516
574 516
574 521
573 521
573 510
572 510
572 535
63 535
63 560
571 560
571 540
570 540
570 561
569 561
569 556
568 556
568 552
62 552
62 510
61 510
61 551
60 551
60 512
59 512
59 557
58 557
58 539
567 539
567 538
566 538
566 523
57 523
57 555
56 555
56 511
55 511
55 1
565 1
565 544
54 544
54 518
564 518
564 549
563 549
563 540
562 540
562 556
561 556
561 538
53 538
53 542
560 542
560 541
52 541
52 530
51 530
51 527
559 527
559 525
558 525
558 550
557 550
557 556
556 543
555 543
555 528
554 528
554 526
553 526
553 519
50 519
50 1
552 1
552 520
49 520
49 525
551 525
551 509
48 509
48 546
550 546
550 513
549 513
549 508
47 508
47 527
46 527
46 528
45 528
45 534
44 534
44 517
43 517
43 514
42 514
42 547
41 547
41 532
548 532
548 531
547 531
547 536
546 536
546 540
40 540
40 539
545 539
545 533
39 533
39 515
544 515
544 516
543 516
543 542
38 542
38 532
542 532
542 518
37 518
37 513
541 513
541 526
540 526
540 539
539 537
538 537
538 529
36 529
36 524
537 524
537 522
35 522
35 521
536 521
536 535
34 535
34 1
535 1
535 510
33 510
33 525
534 525
534 512
32 512
32 521
31 521
31 523
30 523
30 516
29 516
29 511
533 511
533 515
28 515
28 524
532 524
532 513
27 513
27 530
26 530
26 519
25 519
25 520
531 520
531 509
530 509
530 508
24 508
24 527
23 527
23 528
22 528
22 525
21 525
21 517
529 517
529 514
20 514
20 520
528 520
528 526
527 526
527 511
19 511
19 524
526 524
526 518
18 518
18 517
525 517
525 522
17 522
17 1
16 1
16 510
524 510
524 512
15 512
15 521
522 521
522 516
14 516
14 515
13 515
13 513
12 513
12 509
521 509
521 519
11 519
11 508
10 508
10 510
519 510
519 517
518 517
518 514
9 514
9 511
8 511
8 517
7 517
7 509
517 509
517 1
516 1
516 512
6 512
6 1
5 1
5 515
515 513
514 513
514 510
513 510
513 508
512 508
512 510
4 510
4 511
3 511
3 509
511 509
511 508
2 508
2 1
