JA
1974
487 1
487 1000
1000 999
999 998
486 998
486 997
485 997
485 996
484 996
484 995
483 995
483 994
482 994
482 993
481 993
481 992
480 992
480 991
479 991
479 990
478 990
478 989
477 989
477 988
998 988
998 987
476 987
476 986
475 986
475 985
474 985
474 984
997 984
997 983
996 983
996 982
995 982
995 981
473 981
473 980
994 980
994 979
993 979
993 978
992 978
992 977
991 977
991 976
472 976
472 975
471 975
471 974
990 974
990 973
470 973
470 972
989 972
989 971
469 971
469 970
468 970
468 969
467 969
467 968
466 968
466 967
465 967
465 966
988 966
988 965
987 965
987 964
464 964
464 963
986 963
986 962
463 962
463 961
462 961
462 960
461 960
461 959
460 959
460 958
459 958
459 957
985 957
985 956
458 956
458 955
984 955
984 954
983 954
983 953
457 953
457 952
456 952
456 951
982 951
982 950
455 950
455 949
454 949
454 948
981 948
981 947
980 947
980 946
979 946
979 945
978 945
978 944
453 944
453 943
452 943
452 942
977 942
977 941
451 941
451 940
976 940
976 939
975 939
975 938
450 938
450 937
974 937
974 936
973 936
973 935
972 935
972 934
449 934
449 933
971 933
971 932
970 932
970 931
969 931
969 930
448 930
448 929
447 929
447 928
968 928
968 927
446 927
446 926
445 926
445 925
444 925
444 924
967 924
967 923
966 923
966 922
443 922
443 921
442 921
442 920
441 920
441 919
965 919
965 918
964 918
964 917
440 917
440 916
963 916
963 915
962 915
962 914
961 914
961 913
960 913
960 912
959 912
959 911
958 911
958 910
439 910
439 909
438 909
438 908
437 908
437 907
957 907
957 906
956 906
956 905
955 905
955 904
436 904
436 903
435 903
435 902
434 902
434 901
433 901
433 900
432 900
432 899
954 899
954 898
953 898
953 897
952 897
952 896
431 896
431 895
951 895
951 894
430 894
430 893
429 893
429 892
950 892
950 891
949 891
949 890
948 890
948 889
428 889
428 888
947 888
947 887
946 887
946 886
945 886
945 885
944 885
944 884
427 884
427 883
943 883
943 882
942 882
942 881
941 881
941 880
426 880
426 879
940 879
940 878
939 878
939 877
938 877
938 876
937 876
937 875
936 875
936 874
425 874
425 873
935 873
935 872
934 872
934 871
424 871
424 870
933 870
933 869
932 869
932 868
931 868
931 867
423 867
423 866
930 866
930 865
929 865
929 864
422 864
422 863
421 863
421 862
420 862
420 861
928 861
928 860
927 860
927 859
419 859
419 858
926 858
926 857
925 857
925 856
418 856
418 855
924 855
924 854
417 854
417 853
416 853
416 852
415 852
415 851
923 851
923 850
922 850
922 849
921 849
921 848
920 848
920 847
414 847
414 846
919 846
919 845
918 845
918 844
413 844
413 843
412 843
412 842
917 842
917 841
916 841
916 840
411 840
411 839
410 839
410 838
915 838
915 837
914 837
914 836
913 836
913 835
912 835
912 834
409 834
409 833
408 833
408 832
911 832
911 831
407 831
407 830
406 830
406 829
405 829
405 828
404 828
404 827
910 827
910 826
403 826
403 825
402 825
402 824
909 824
909 823
908 823
908 822
401 822
401 821
907 821
907 820
400 820
400 819
399 819
399 818
398 818
398 817
397 817
397 816
396 816
396 815
395 815
395 814
394 814
394 813
393 813
393 812
906 812
906 811
392 811
392 810
391 810
391 809
905 809
905 808
904 808
904 807
903 807
903 806
902 806
902 805
901 805
901 804
390 804
390 803
389 803
389 802
900 802
900 801
899 801
899 800
898 800
898 799
897 799
897 798
388 798
388 797
896 797
896 796
387 796
387 795
895 795
895 794
894 794
894 793
386 793
386 792
385 792
385 791
384 791
384 790
893 790
893 789
383 789
383 788
382 788
382 787
381 787
381 786
892 786
892 785
891 785
891 784
380 784
380 783
379 783
379 782
378 782
378 781
377 781
377 780
890 780
890 779
889 779
889 778
888 778
888 777
887 777
887 776
886 776
886 775
885 775
885 774
376 774
376 773
884 773
884 772
375 772
375 771
883 771
883 770
882 770
882 769
374 769
374 768
373 768
373 767
881 767
881 766
372 766
372 765
880 765
880 764
371 764
371 763
879 763
879 762
370 762
370 761
878 761
878 760
369 760
369 759
877 759
877 758
876 758
876 757
368 757
368 756
875 756
875 755
367 755
367 754
366 754
366 753
365 753
365 752
874 752
874 751
873 751
873 750
364 750
364 749
363 749
363 748
362 748
362 747
872 747
872 746
871 746
871 745
870 745
870 744
361 744
361 743
360 743
360 742
359 742
359 741
358 741
358 740
869 740
869 739
357 739
357 738
868 738
868 737
356 737
356 736
867 736
867 735
866 735
866 734
865 734
865 733
355 733
355 732
354 732
354 731
353 731
353 730
864 730
864 729
863 729
863 728
352 728
352 727
862 727
862 726
861 726
861 725
351 725
351 724
350 724
350 723
349 723
349 722
348 722
348 721
347 721
347 720
860 720
860 719
859 719
859 718
858 718
858 717
346 717
346 716
857 716
857 715
856 715
856 714
345 714
345 713
344 713
344 712
855 712
855 711
854 711
854 710
853 710
853 709
852 709
852 708
851 708
851 707
343 707
343 706
850 706
850 705
342 705
342 704
849 704
849 703
848 703
848 702
341 702
341 701
847 701
847 700
846 700
846 699
340 699
340 698
339 698
339 697
845 697
845 696
844 696
844 695
843 695
843 694
338 694
338 693
337 693
337 692
336 692
336 691
842 691
842 690
335 690
335 689
334 689
334 688
333 688
333 687
332 687
332 686
841 686
841 685
840 685
840 684
839 684
839 683
838 683
838 682
331 682
331 681
330 681
330 680
837 680
837 679
329 679
329 678
836 678
836 677
328 677
328 676
835 676
835 675
834 675
834 674
833 674
833 673
832 673
832 672
327 672
327 671
831 671
831 670
326 670
326 669
325 669
325 668
324 668
324 667
830 667
830 666
323 666
323 665
829 665
829 664
322 664
322 663
828 663
828 662
321 662
321 661
320 661
320 660
319 660
319 659
827 659
827 658
318 658
318 657
826 657
826 656
317 656
317 655
316 655
316 654
825 654
825 653
824 653
824 652
315 652
315 651
823 651
823 650
314 650
314 649
822 649
822 648
821 648
821 647
820 647
820 646
819 646
819 645
313 645
313 644
312 644
312 643
818 643
818 642
817 642
817 641
816 641
816 640
815 640
815 639
311 639
311 638
310 638
310 637
814 637
814 636
813 636
813 635
812 635
812 634
309 634
309 633
811 633
811 632
308 632
308 631
307 631
307 630
306 630
306 629
305 629
305 628
810 628
810 627
304 627
304 626
809 626
809 625
303 625
303 624
808 624
808 623
302 623
302 622
807 622
807 621
806 621
806 620
301 620
301 619
805 619
805 618
804 618
804 617
300 617
300 616
299 616
299 615
298 615
298 614
297 614
297 613
803 613
803 612
802 612
802 611
296 611
296 610
801 610
801 609
800 609
800 608
295 608
295 607
799 607
799 606
294 606
294 605
798 605
798 604
797 604
797 603
796 603
796 602
293 602
293 601
795 601
795 600
292 600
292 599
794 599
794 598
291 598
291 597
290 597
290 596
289 596
289 595
288 595
288 594
287 594
287 593
793 593
793 592
792 592
792 591
791 591
791 590
286 590
286 589
285 589
285 588
284 588
284 587
790 587
790 586
283 586
283 585
282 585
282 584
281 584
281 583
789 583
789 582
280 582
280 581
788 581
788 580
279 580
279 579
787 579
787 578
786 578
786 577
785 577
785 576
784 576
784 575
278 575
278 574
277 574
277 573
783 573
783 572
782 572
782 571
781 571
781 570
276 570
276 569
275 569
275 568
780 568
780 567
274 567
274 566
273 566
273 565
272 565
272 564
779 564
779 563
271 563
271 562
270 562
270 561
269 561
269 560
268 560
268 559
267 559
267 558
778 558
778 557
266 557
266 556
777 556
777 555
265 555
265 554
264 554
264 553
776 553
776 552
263 552
263 551
262 551
262 550
775 550
775 549
774 549
774 548
261 548
261 547
773 547
773 546
772 546
772 545
771 545
771 544
770 544
770 543
260 543
260 542
769 542
769 541
768 541
768 540
259 540
259 539
258 539
258 538
257 538
257 537
256 537
256 536
767 536
767 535
766 535
766 534
255 534
255 533
765 533
765 532
764 532
764 531
254 531
254 530
763 530
763 529
762 529
762 528
761 528
761 527
253 527
253 526
252 526
252 525
760 525
760 524
759 524
759 523
251 523
251 522
250 522
250 521
758 521
758 520
757 520
757 519
756 519
756 518
249 518
249 517
755 517
755 516
248 516
248 515
247 515
247 514
754 514
754 513
753 513
753 512
246 512
246 511
752 511
752 510
751 510
751 509
750 509
750 508
749 508
749 507
748 507
748 506
245 506
245 505
244 505
244 504
243 504
243 503
747 503
747 502
242 502
242 501
241 501
241 500
240 500
240 499
239 499
239 498
238 498
238 497
746 497
746 496
237 496
237 495
745 495
745 494
236 494
236 493
235 493
235 492
744 492
744 491
234 491
234 490
743 490
743 489
742 489
742 488
741 488
741 1
233 1
233 708
232 708
232 626
231 626
231 610
740 610
740 601
230 601
230 558
739 558
739 556
738 556
738 553
229 553
229 544
228 544
228 521
737 521
737 510
227 510
227 700
226 700
226 686
736 686
736 648
735 648
735 568
734 568
734 530
733 530
733 528
225 528
225 519
732 519
732 495
731 495
731 610
224 610
224 556
223 556
223 726
730 726
730 712
729 712
729 697
222 697
222 683
728 683
728 680
221 680
221 678
220 678
220 676
727 676
727 673
726 673
726 635
219 635
219 609
725 609
725 607
724 607
724 578
723 578
723 577
722 577
722 550
218 550
218 545
721 545
721 536
720 536
720 524
217 524
217 503
216 503
216 648
719 648
719 568
215 568
215 536
214 536
214 716
213 716
213 706
212 706
212 704
717 704
717 703
211 703
211 691
716 691
716 659
210 659
210 653
209 653
209 651
208 651
208 624
207 624
207 622
206 622
206 621
205 621
205 619
204 619
204 612
715 612
715 604
714 604
714 599
203 599
203 587
713 587
713 564
712 564
712 547
711 547
711 533
710 533
710 511
202 511
202 497
709 497
709 686
201 686
201 673
200 673
200 564
199 564
199 676
198 676
198 648
708 648
708 612
707 612
707 547
197 547
197 533
706 533
706 497
705 497
705 701
196 701
196 696
195 696
195 695
704 695
704 685
703 685
703 684
702 684
702 675
701 675
701 674
700 674
700 671
194 671
194 667
699 667
699 665
193 665
193 663
698 663
698 657
192 657
192 654
191 654
191 649
190 649
190 647
189 647
189 646
697 646
697 643
188 643
188 642
187 642
187 641
186 641
186 640
696 640
696 637
185 637
185 636
184 636
184 633
695 633
695 628
694 628
694 618
693 618
693 613
183 613
183 605
692 605
692 603
691 603
691 593
690 593
690 592
182 592
182 591
689 591
689 583
688 583
688 581
181 581
181 579
180 579
180 576
687 576
687 573
686 573
686 572
685 572
685 571
179 571
179 549
178 549
178 546
177 546
177 542
176 542
176 541
684 541
684 535
683 535
683 532
682 532
682 529
681 529
681 525
680 525
680 520
679 520
679 517
678 517
678 514
175 514
175 513
174 513
174 509
173 509
173 508
172 508
172 507
171 507
171 492
170 492
170 490
677 490
677 489
169 489
169 488
168 488
168 558
167 558
167 521
676 521
676 530
166 530
166 519
165 519
165 495
675 495
675 535
164 535
164 609
674 609
674 607
673 607
673 578
163 578
163 577
672 577
672 545
162 545
162 633
161 633
161 604
160 604
160 587
671 587
671 612
159 612
159 497
670 497
670 541
158 541
158 667
669 667
669 663
668 663
668 628
667 628
667 618
666 618
666 605
665 605
665 593
157 593
157 591
156 591
156 583
155 583
155 576
664 576
664 532
154 532
154 529
153 529
153 520
663 520
663 490
662 490
662 577
152 577
152 497
661 497
661 628
151 628
151 520
150 520
150 618
660 618
660 576
659 576
659 490
149 490
149 497
148 497
148 618
657 618
657 656
656 655
147 655
147 652
146 652
146 650
655 650
655 645
654 645
654 644
145 644
145 639
144 639
144 638
653 638
653 634
143 634
143 632
652 632
652 631
142 631
142 630
651 630
651 629
141 629
141 627
140 627
140 625
650 625
650 623
139 623
139 620
649 620
649 617
138 617
138 616
137 616
137 615
136 615
136 614
648 614
648 611
647 611
647 608
646 608
646 606
645 606
645 602
644 602
644 600
643 600
643 598
642 598
642 597
641 597
641 596
640 596
640 595
135 595
135 594
134 594
134 590
639 590
639 589
133 589
133 588
638 588
638 586
637 586
637 585
636 585
636 584
635 584
635 582
132 582
132 580
634 580
634 575
131 575
131 574
633 574
633 570
632 570
632 569
631 569
631 567
130 567
130 566
630 566
630 565
129 565
129 563
629 563
629 562
628 562
628 561
128 561
128 560
127 560
127 559
126 559
126 557
125 557
125 555
124 555
124 554
627 554
627 552
123 552
123 551
626 551
626 548
625 548
625 543
122 543
122 540
624 540
624 539
623 539
623 538
622 538
622 537
621 537
621 534
121 534
121 531
120 531
120 527
620 527
620 526
619 526
619 523
618 523
618 522
617 522
617 518
616 518
616 516
119 516
119 515
118 515
118 512
117 512
117 506
116 506
116 505
615 505
615 504
115 504
115 502
614 502
614 501
613 501
613 500
114 500
114 499
113 499
113 498
112 498
112 496
111 496
111 494
110 494
110 493
612 493
612 491
611 491
611 1
109 1
109 502
610 502
610 551
609 551
609 601
608 601
608 553
108 553
108 544
607 544
607 510
107 510
107 551
606 551
606 528
106 528
106 502
105 502
105 556
605 556
605 601
604 601
604 525
603 525
603 517
104 517
104 584
602 584
602 550
601 550
601 524
600 524
600 503
599 503
599 568
103 568
103 536
102 536
102 525
598 525
598 533
101 533
101 572
597 572
597 576
596 576
596 588
595 588
595 566
594 566
594 540
593 540
593 538
100 538
100 537
592 537
592 526
99 526
99 503
591 503
591 511
98 511
98 573
590 573
590 544
589 544
589 564
588 564
588 521
97 521
97 547
96 547
96 495
587 495
587 576
586 576
586 495
95 495
95 556
585 556
585 523
94 523
94 551
584 551
584 527
93 527
93 491
92 491
92 524
583 524
583 525
582 525
582 572
91 572
91 576
90 576
90 556
89 556
89 501
88 501
88 537
87 537
87 579
86 579
86 571
580 571
580 549
579 549
579 546
85 546
85 542
578 542
578 514
577 514
577 513
576 513
576 509
575 509
575 508
574 508
574 507
84 507
84 492
83 492
83 489
573 489
573 488
572 488
572 558
82 558
82 530
81 530
81 519
80 519
80 535
79 535
79 542
571 542
571 545
570 545
570 508
569 508
569 550
568 550
568 493
567 493
567 541
78 541
78 540
566 540
566 503
565 503
565 524
77 524
77 532
76 532
76 529
564 529
564 514
563 514
563 562
75 562
75 520
74 520
74 490
562 490
562 497
561 497
561 548
73 548
73 545
560 545
560 551
559 551
559 489
558 489
558 542
557 542
557 508
556 508
556 514
555 514
555 554
554 539
72 539
72 522
71 522
71 518
553 518
553 505
552 505
552 529
70 529
70 540
551 540
551 544
550 544
550 525
69 525
69 509
549 509
549 493
548 493
548 503
68 503
68 497
67 497
67 545
66 545
66 540
65 540
65 542
547 542
547 514
64 514
64 505
63 505
63 543
62 543
62 534
61 534
61 531
546 531
546 516
545 516
545 515
544 515
544 512
543 512
543 506
542 506
542 504
541 504
541 500
60 500
60 499
59 499
59 498
540 498
540 496
539 496
539 494
58 494
58 1
57 1
57 518
538 518
538 510
537 510
537 528
536 528
536 502
56 502
56 517
535 517
535 515
55 515
55 528
534 528
534 533
54 533
54 518
533 518
533 526
532 526
532 511
531 511
531 521
53 521
53 506
530 506
530 495
529 495
529 523
52 523
52 527
528 527
528 491
51 491
51 488
50 488
50 513
49 513
49 508
527 508
527 501
48 501
48 510
47 510
47 509
526 509
526 511
525 511
525 507
46 507
46 492
45 492
45 489
44 489
44 506
524 506
524 519
43 519
43 517
523 517
523 504
522 504
522 506
521 506
521 509
42 509
42 490
41 490
41 520
520 493
40 493
40 496
39 496
39 504
519 504
519 495
38 495
38 511
37 511
37 503
36 503
36 497
35 497
35 516
34 516
34 498
518 498
518 514
33 514
33 505
32 505
32 512
31 512
31 508
30 508
30 500
517 500
517 499
516 499
516 494
29 494
29 1
515 1
515 502
514 502
514 1
513 1
513 498
512 498
512 506
28 506
28 500
511 500
511 491
510 491
510 488
509 488
509 1
508 1
508 501
507 501
507 491
506 491
506 501
27 501
27 492
26 492
26 489
505 489
505 504
25 504
25 488
24 488
24 490
504 490
504 493
23 493
23 496
22 496
22 495
503 495
503 500
21 500
21 495
20 495
20 497
19 497
19 499
501 499
501 489
18 489
18 498
17 498
17 1
16 1
16 494
15 494
15 491
14 491
14 499
500 499
500 492
499 492
499 490
13 490
13 488
498 488
498 493
497 493
497 496
496 492
12 492
12 495
495 493
494 493
494 489
11 489
11 488
493 488
493 1
10 1
10 488
9 488
9 491
8 491
8 490
7 490
7 489
6 489
6 1
5 1
5 488
4 488
4 490
3 490
3 489
2 489
2 1
1 488
