1000 106976358
2338 56
11990 130
47176 867
59628 187
60846 609
141369 35
154764 553
161396 633
163020 188
192922 619
200486 530
202664 32
220001 830
235525 312
258695 288
281316 500
282702 237
291178 120
310132 325
344783 816
352367 336
353728 995
374011 245
406451 328
411078 326
456622 860
467125 115
491166 67
493884 224
508068 450
510233 148
519999 394
528866 38
542477 199
557274 466
572504 930
577153 569
596368 697
601464 720
608941 923
637241 562
648192 213
651691 937
654311 642
657635 365
664508 378
681008 428
706012 584
731301 237
749537 129
759285 317
766308 799
772555 1
774574 613
781960 956
806362 642
813707 833
819832 56
840209 658
852102 758
859396 654
860854 529
876565 53
889021 786
901569 757
920460 696
935769 859
965895 186
981327 220
1003073 662
1004552 522
1037719 630
1049676 67
1076694 571
1082161 617
1121608 236
1128579 815
1172814 325
1174902 684
1176010 420
1226133 732
1235493 867
1249142 850
1252336 302
1254686 356
1260713 732
1269351 289
1274465 204
1309814 126
1319271 179
1333544 668
1358272 503
1368388 705
1374262 321
1380522 678
1399499 977
1416098 666
1433518 96
1437795 771
1468677 289
1493463 283
1516646 281
1519573 741
1540141 502
1590487 284
1592162 242
1598126 97
1608880 748
1610611 361
1646888 316
1699425 85
1718942 298
1739932 922
1740109 39
1748251 352
1764895 516
1795248 214
1830720 332
1850240 480
1855097 83
1860648 742
1861469 997
1866487 124
1870559 362
1892879 596
1905830 897
1928102 883
1998917 787
2009025 997
2046435 443
2052053 59
2061142 18
2084906 884
2130978 240
2134559 730
2135206 179
2148981 405
2152345 982
2156598 366
2184774 164
2190697 947
2213907 812
2248506 5
2255320 78
2263591 306
2269404 675
2284351 124
2286296 438
2316644 840
2357578 815
2369842 141
2391656 780
2395454 469
2415295 333
2435102 736
2458132 65
2470477 394
2471779 815
2496427 743
2503762 507
2509751 111
2513469 372
2515422 269
2523299 225
2523776 701
2541622 778
2559819 20
2569721 168
2596549 193
2609731 625
2631323 235
2687566 928
2706431 231
2711872 887
2753600 167
2755046 74
2767515 956
2779593 749
2798794 113
2815990 630
2832168 914
2836477 691
2847632 398
2849091 451
2858159 400
2862604 676
2864321 908
2878927 616
2904328 839
2927274 23
2938381 507
2998170 391
3018653 485
3019015 748
3024690 264
3024852 72
3031258 582
3041642 945
3041729 99
3044631 394
3069032 218
3089870 869
3122867 427
3142562 245
3165908 447
3169053 51
3180524 955
3183955 643
3187378 864
3195093 280
3196287 914
3222570 10
3233742 838
3240820 409
3259993 923
3263044 311
3311642 770
3336934 718
3347135 258
3368049 269
3383232 762
3389231 249
3398381 343
3402120 907
3415851 665
3421609 104
3425022 3
3434455 574
3462748 816
3465948 108
3469462 429
3485173 714
3496500 210
3510417 148
3523903 205
3537530 483
3537647 453
3546301 569
3626919 714
3643408 672
3705963 763
3710462 535
3752105 764
3784834 667
3797748 233
3806632 819
3810880 202
3822122 341
3830555 688
3858359 410
3859548 294
3874839 526
3879630 425
3890142 939
3906441 718
3934237 604
3939086 738
3969499 609
4003085 360
4008701 294
4010797 93
4020249 648
4028296 112
4041452 369
4043749 926
4044065 488
4049097 200
4057618 982
4068742 623
4080763 250
4114311 559
4134411 555
4136231 863
4142464 522
4156088 226
4167601 831
4172236 233
4176642 875
4186549 716
4189861 924
4198450 74
4204188 893
4206603 311
4219641 541
4223775 228
4241707 247
4242110 323
4295654 927
4305349 307
4311248 404
4319698 692
4321579 756
4347274 157
4353460 39
4357289 318
4371770 267
4373582 466
4393075 968
4394939 693
4403425 407
4411885 138
4412608 229
4427143 515
4431249 843
4436426 129
4457673 427
4463511 460
4475732 828
4486770 81
4505746 651
4508735 80
4515926 513
4522758 389
4545110 669
4552605 62
4553050 917
4558318 808
4566051 94
4573810 54
4575168 428
4586671 908
4593027 892
4614058 26
4621900 522
4633193 858
4644628 956
4669753 748
4676678 810
4696749 772
4701187 89
4720635 156
4729809 259
4732642 122
4756491 82
4770529 227
4776612 826
4778276 918
4783629 672
4802914 516
4840252 852
4855618 58
4877326 270
4882534 235
4896363 983
4902350 450
4910754 681
4921507 547
4932619 330
4945349 60
4969213 654
4973060 761
4985514 827
4986584 554
4986933 588
4998505 301
5004703 636
5016486 289
5021324 566
5028725 591
5036928 996
5051766 809
5071661 821
5082360 394
5093487 583
5094547 378
5100145 161
5116071 930
5130759 271
5135850 533
5146054 291
5147285 160
5166340 761
5175571 357
5177812 372
5186746 320
5187168 210
5200586 114
5212574 661
5230367 89
5254345 875
5255868 729
5259020 950
5284023 101
5291203 873
5291332 249
5298187 899
5306520 245
5310166 685
5322153 766
5333220 269
5370646 188
5373740 162
5378826 286
5397266 589
5404228 386
5409280 267
5425366 955
5447721 420
5467318 746
5522985 734
5531771 151
5545960 599
5549314 889
5552664 109
5560869 225
5569582 192
5578551 900
5589738 23
5594068 853
5624003 973
5643398 482
5653894 626
5662448 231
5662778 680
5709151 984
5735147 514
5744274 57
5750078 838
5773165 134
5788017 610
5802536 907
5807695 4
5820400 339
5847524 268
5863161 818
5875167 879
5888448 778
5889492 475
5894122 105
5905903 965
5920119 18
5933155 896
5964529 575
5971581 500
6004730 986
6005913 125
6011129 765
6030312 397
6033105 979
6038527 123
6041185 41
6046826 534
6059078 343
6067259 790
6073112 824
6084710 721
6099144 815
6104733 719
6138089 824
6155281 710
6192838 971
6203441 821
6206988 42
6212128 438
6222374 964
6232844 129
6238224 367
6243229 950
6247124 661
6251584 477
6267554 384
6269273 754
6273056 536
6275915 388
6292552 846
6307002 790
6310970 795
6319865 49
6327102 223
6373111 596
6414674 111
6415573 206
6420163 545
6420390 580
6445203 670
6446261 684
6451498 110
6460546 483
6465489 224
6474916 654
6482112 516
6482183 26
6486493 307
6492610 528
6508613 34
6542121 910
6565757 459
6576087 685
6576313 87
6578304 394
6578335 819
6590953 544
6606460 128
6617575 253
6626491 196
6641714 218
6646567 508
6668181 494
6674361 755
6700050 725
6709147 461
6748919 506
6749315 821
6774502 844
6775007 860
6803580 196
6812936 248
6830084 100
6838813 14
6858027 262
6867376 284
6900050 817
6911521 1
6917717 235
6919376 957
6937478 33
6963050 322
7018303 944
7036344 929
7038488 966
7045065 34
7049725 389
7058064 354
7085858 476
7125418 868
7152722 569
7169747 154
7172283 196
7203280 146
7212592 840
7226701 971
7236981 338
7243172 323
7246343 903
7264915 101
7270538 67
7275349 611
7294587 243
7304695 390
7308549 501
7313144 377
7314151 463
7329729 668
7332076 431
7342779 205
7346703 322
7351580 329
7364742 376
7398078 115
7405801 564
7422194 209
7440046 880
7442040 850
7447403 907
7469158 40
7472849 419
7486359 624
7507435 798
7528889 233
7530389 340
7538871 237
7559003 932
7564579 311
7565325 626
7579770 502
7584252 3
7603245 206
7614223 95
7635580 220
7646726 846
7655826 258
7661929 838
7666507 346
7681839 781
7696608 343
7697849 167
7712253 533
7729395 843
7735929 974
7750028 722
7783514 821
7806128 95
7815844 970
7816800 974
7834650 64
7858039 861
7864290 942
7872204 352
7894612 490
7898828 412
7901313 398
7915365 289
7915878 2
7942744 630
8000718 268
8053888 287
8079300 691
8083140 479
8087605 827
8087938 489
8099714 598
8103377 494
8107996 346
8108166 175
8108403 45
8110524 517
8121354 787
8130134 467
8145421 75
8175253 534
8237570 266
8276866 481
8278067 860
8315472 665
8318759 616
8338939 293
8377511 164
8383670 838
8393490 180
8407140 738
8432766 742
8440928 997
8443598 825
8450028 296
8472891 551
8487264 37
8509644 195
8514551 439
8514753 345
8519738 838
8521780 927
8531236 959
8556094 810
8576058 375
8584126 153
8595418 688
8597219 154
8629415 563
8637678 412
8644055 190
8651727 952
8653641 217
8673671 545
8673702 998
8674186 607
8685636 99
8693056 933
8720618 834
8731265 365
8733849 220
8744727 383
8752211 455
8757135 394
8787000 631
8790190 239
8800162 462
8821170 991
8831460 952
8845208 876
8847146 978
8855402 753
8880358 592
8882850 535
8883345 879
8888346 632
8899618 247
8937972 418
8942604 320
8981902 780
8994753 900
9029318 472
9036822 818
9045130 803
9074846 717
9089798 677
9095405 902
9128464 136
9164816 367
9188025 998
9215616 442
9218490 76
9269208 672
9270584 8
9282537 238
9287363 915
9300540 825
9313116 76
9327864 87
9337960 273
9346073 800
9356345 61
9357035 571
9367549 330
9394739 787
9402669 641
9411855 761
9413668 730
9426614 782
9479755 702
9495491 34
9512601 483
9513468 924
9532384 801
9538962 441
9548294 178
9550350 804
9550486 385
9556870 571
9579610 225
9585353 435
9591396 846
9643827 222
9700384 508
9720217 612
9723131 202
9729343 859
9738516 32
9779715 450
9780243 145
9800388 891
9804664 206
9811598 961
9813479 295
9826105 314
9827952 169
9854505 830
9855567 161
9872219 207
9886962 891
9891777 543
9900165 236
9914010 158
9932228 61
9955805 495
9957035 816
9985863 36
9986993 327
10023852 963
10025883 300
10070031 773
10078047 419
10096570 899
10107793 893
10118240 589
10120247 157
10149777 488
10158848 628
10164781 17
10165532 276
10165916 177
10169770 171
10179996 926
10199028 81
10207435 563
10211963 867
10215151 248
10221113 454
10224465 135
10240854 692
10241877 909
10287735 458
10289393 423
10313065 114
10333805 318
10337138 627
10339480 667
10347445 966
10390169 178
10407121 534
10410991 592
10426395 61
10446830 368
10453009 988
10488225 503
10489321 733
10523209 494
10533497 383
10535786 983
10565570 327
10591312 93
10593909 669
10607344 832
10611681 886
10633003 725
10639692 455
10654132 364
10662148 807
10678500 504
10682741 605
10692886 154
10693557 55
10720007 892
10741181 448
10742635 558
10743669 670
10753754 82
10762170 967
10771357 138
10788015 341
10789597 45
10796068 804
10826985 891
10837236 652
10859163 29
10867093 394
10868912 159
10881223 1000
10882197 844
10884788 147
10902359 1
10915658 465
10918814 500
10990129 736
10991210 65
11036525 932
11044825 677
11058803 250
11065902 134
11092634 399
11095981 346
11098781 180
11139364 513
11143393 731
11148192 816
11160404 720
11163639 280
11172218 93
11196576 367
11200040 448
11219166 765
11230051 313
11239828 449
11242198 538
11262392 941
11271426 951
11288943 571
11297524 926
11305505 82
11311777 256
11328094 856
11333105 658
11338519 603
11362489 254
11384450 67
11386348 373
11398588 284
11416925 133
11425079 438
11436015 930
11442044 956
11444168 871
11459366 546
11470228 616
11471112 521
11495125 28
11515690 668
11518004 728
11562230 833
11573662 294
11574589 188
11583117 912
11589574 416
11598838 241
11617683 669
11620375 894
11656670 553
11656984 796
11667713 711
11669783 429
11669910 211
11679785 669
11691917 534
11709441 455
11733887 431
11739293 127
11749162 728
11752097 728
11752832 533
11757966 403
11759022 348
11845711 942
11856623 354
11857401 502
11893741 850
11897655 873
11912821 969
11915999 603
11921608 189
11929222 760
11932942 860
11934361 832
11937115 314
11946931 193
11983940 898
11984000 253
11996270 669
12001248 934
12025170 522
12048643 191
12094171 769
12096315 21
12125465 836
12129540 675
12145585 331
12152608 333
12180593 937
12183778 510
12184148 585
12194418 751
12202842 330
12205464 501
12227980 806
12229565 263
12230606 62
12236319 575
12236623 457
12237678 977
12245672 773
12262445 236
12264856 956
12269209 598
12271275 311
12271390 7
12277093 68
12289184 661
12312614 308
12336921 124
12355745 740
12356092 145
12406866 427
12422929 902
12425807 580
12445232 759
12495533 801
12503421 172
12524785 812
12538441 474
12541407 902
12543992 573
12545982 138
12557914 456
12559888 493
12561896 504
12601136 459
12604961 576
12623293 367
12628241 659
12649720 847
12671508 885
12737646 875
12747625 299
12812431 239
12817091 338
12821529 540
12827566 554
12856388 528
12859346 206
12866448 816
12887457 633
12907065 16
12925781 75
12964690 572
12980091 760
13017538 430
13046654 200
13052059 686
13054047 481
13060640 390
13089837 926
13099537 474
13109080 396
13112793 881
13116143 886
13139922 540
13150415 214
13190689 906
13215623 748
13218415 468
13219886 919
13233677 528
13244695 268
13245063 639
13251042 126
13262691 781
13269082 207
13272521 783
13276819 133
13284091 650
13284583 391
13301208 66
13306139 725
13312223 476
13313157 302
13327218 951
13337860 318
13351100 198
13361018 155
13366641 28
13369404 175
13371908 473
