1000 15831026
906 405253159
1700 654285228
5189 543719265
10134 420424081
11497 426404993
11824 907199448
12326 235374156
13638 107677136
16270 285583666
18777 57664318
19406 491364161
28747 599119638
28810 438842981
34042 351309367
36504 542985082
44519 479201613
45089 169159026
45721 365418241
50626 439393461
51138 634288258
54627 195099012
55155 45885582
60201 731645180
61466 936635655
63277 348840754
63281 135300647
63489 639679699
64042 216828713
65090 879993348
66595 590050640
67449 189710814
72424 449217981
73595 976242079
76247 40029127
79513 840507406
80947 687685000
81124 167187820
82236 483961757
84178 492267274
85882 540487500
86416 260241765
87694 378713890
92921 755046895
94590 591376121
97321 704455090
97371 488507218
97479 297216444
97672 607379201
98484 929903585
100438 617647122
100994 555909389
102605 133110831
102817 626195816
103732 961421324
104617 50235885
111849 918869977
112185 651436367
116188 310362772
117114 723599047
117141 177860857
118984 877636203
119058 863723337
120614 948676521
121249 271836461
123729 905099152
128974 412991116
129578 784456208
133858 858889714
134008 927802342
136409 812061880
138522 448240628
139703 491669392
140288 99228275
142718 886430345
143211 582948488
143985 628687138
149317 727214618
149435 199586091
150614 416475490
152012 623290289
152293 598213829
154389 657051618
156946 748358787
159260 129770198
161617 729727336
162082 127286234
163966 753371356
165880 589537893
166935 651476786
169235 713606031
171847 369678707
172486 713324738
179105 232400390
181480 843645668
181980 224710118
182628 974661320
183947 179812911
185042 713002802
187274 51232891
188244 631020542
188378 112917142
188704 352097046
189388 727055085
195845 865864318
196884 103536747
200727 920603542
202399 214378712
205460 447852165
206688 500208563
211248 118642589
215607 880080213
217866 389923927
222518 952798536
226310 395281093
227127 348464288
227754 691948950
229241 988221324
231668 801897846
235620 258561726
240183 66348337
240284 681011847
240935 97411300
241308 650304967
241542 166275217
241784 390728502
244289 711802563
244811 411690358
246224 518005978
249170 330341562
251279 286773505
251651 79195566
252264 370939055
255027 714660859
257579 795608326
261022 789255425
263529 664109961
264058 251538033
275996 434198486
276990 908773649
277321 119318641
277334 403455391
277528 970479387
279333 986486818
282638 588458267
286922 176865225
292577 536068354
292593 639469340
294155 403365689
294692 858246870
297952 690365603
304474 831463831
304574 260506989
308395 143319923
309793 178559856
310929 422300389
312122 553791496
317609 29095815
318186 762270470
322356 313786421
322501 407013460
324469 870625822
324791 761315758
325546 929496578
326914 574750800
327801 238891006
328286 985441757
328550 760502333
330223 620983855
330839 690569165
332317 148530403
332390 805561895
332487 496000086
334313 900763950
335499 89884258
339601 954499601
339706 696573389
339983 926608445
341754 950698793
345386 305355560
346452 803951936
347617 385840471
364468 575610219
365204 233381907
367088 434369774
367796 319861361
372196 442701942
374330 686145869
376182 16449428
376539 150406327
380939 959946806
383785 3345908
386475 122375957
386683 112954273
389459 496179746
395835 515354004
396092 215639496
396316 200392616
396626 282813628
399371 724484703
399848 447349275
401376 522869387
402088 596180896
402464 28030896
404347 415526280
404720 621252242
405570 521161446
410265 791116733
411773 213146407
412230 534861148
413562 994293223
413841 756780889
418015 814882133
419817 220168517
420362 300961951
420831 15302716
422480 865437478
425295 26562589
426080 242182490
430665 549493997
432402 439792928
432825 125236870
435115 493550099
436096 411026728
438261 284874908
439473 39855125
440237 826365409
454888 402911687
454967 599634687
459874 496865969
465964 90355716
466666 484652954
467079 191279820
471095 697731549
473505 464309980
480367 191338130
483891 202445768
485658 161287627
485703 638867978
486997 327430500
493114 925259887
493308 300596444
495951 974203388
496589 981188824
498252 478880183
498437 420840751
499000 902301035
499280 662807173
499823 205949867
501365 134010417
503334 299827727
503413 913135239
503476 725211703
507878 70731301
508935 472642183
509258 351694584
512687 894630967
516226 587698661
517453 718873616
520795 601725934
522050 516240306
522358 261284808
523178 233586324
531701 823852499
535706 167711565
535923 315661659
538547 985899180
544251 810147381
546345 176945981
547103 16999988
548252 309733907
552882 379796068
554185 410555411
557125 531944504
561079 241377604
562310 400206259
562994 389119666
563710 765900243
564720 253277922
566004 795845531
566598 602365728
567500 334759265
571965 100694978
572073 496838480
573612 18947863
576550 672714423
576719 265122130
577267 545549333
577534 563091904
577750 537524518
582029 599507111
587493 911799364
588486 96473240
597001 478958961
602874 176887375
607509 579096276
612829 761829771
614725 496610454
618829 857224816
619687 516298317
628605 533008825
629037 652674535
629171 59525626
630119 319920824
630475 539556545
631359 272746959
632535 36195237
634064 184172927
635531 244001574
637151 243046329
638251 591525234
638669 160828255
639216 712460301
645232 653565121
646708 290988743
647058 244497969
653033 923066514
654072 323646710
655653 227997289
656616 852297519
657560 268682707
661658 900364055
661838 636496398
661906 570499669
662601 94793658
663963 286824952
665666 620937312
666619 897653318
670060 809687835
672778 154458387
673657 432790165
673852 390061937
674758 375907228
675061 110142105
675818 506192926
676600 634877893
679959 766895557
680980 299584454
682183 478667360
684630 636681465
690800 137783894
692505 12349549
693049 443095353
693654 389867482
694044 538156939
695033 554543119
695993 527851534
699619 460251963
703129 547580590
705718 475650378
708802 976866609
717611 172894749
719621 867260021
720138 287027994
721727 639860569
724799 124988289
726553 196310224
731447 975884327
739407 305396816
740692 860281437
741678 463571349
744834 83091871
745943 655204751
750063 671083026
752501 493670835
755156 495439876
759516 864181763
760319 519256699
760546 267613044
762366 966894140
764085 41783133
764111 732206701
765555 26421617
770436 716223447
772686 824921124
773247 21958813
773766 600030650
774516 880365058
776834 874025822
776866 152716423
778264 728267368
780280 908240648
783154 86107765
787791 949786427
790862 980490324
792941 941807297
795780 796699950
801760 44375860
802084 590195317
804464 595496648
805400 867178126
805924 171581628
806183 826936190
807576 848758738
808951 209692782
809948 45796602
810348 301999671
811271 753124411
814255 144892563
817656 223830253
818584 279471420
819705 166442233
819992 997311461
822294 909361420
824379 817558404
825494 357721292
830772 836676245
837030 476469696
837265 115445036
839294 775717621
839479 587981379
840151 874775830
841288 225451809
843153 907996110
847036 862441005
847269 780029820
849016 725015867
849448 624315602
852338 994614987
852782 225285239
855223 49911893
857933 79977159
858001 698342540
858285 13988621
858965 420424956
860012 118537676
861948 918514207
863014 830715884
864078 844224314
867439 176308399
872978 98582129
873855 799384857
874944 908567502
876130 304901424
882152 807535354
883024 375111711
883135 628424043
883926 411949649
884423 942561472
887873 542043165
890580 171772611
893203 574240568
893923 258288967
895303 848750181
896427 539909222
898011 683159746
898080 783699708
901252 961535031
905838 709229787
913268 614394533
914772 949902051
915128 821509374
917137 277198262
917436 60042621
919304 335281824
924761 198973710
925129 289296999
931226 856559385
931425 504051219
931922 752563526
932295 41931730
933547 446765111
933751 156742048
935506 373658379
935543 259816051
936438 475724649
936693 15371578
938669 149156156
939140 531565871
939414 661311695
941126 22992624
943316 142250174
943444 739172552
944299 583711476
944513 135825006
947032 254521092
947078 591618170
949573 894069874
952071 772301719
954805 396206159
956011 115740947
956324 27297805
958156 168593295
958335 744065238
960204 178275952
960385 872843298
962031 600582454
962583 918232192
963226 222640027
965322 381447896
965546 489603892
967023 550835806
967972 769800190
968512 175672599
970073 266396795
970608 825101814
976148 518003228
976220 960903287
976571 185657567
977764 123747706
983084 367625825
983114 592075714
984117 604807048
984172 255836181
987216 977930476
988186 666167483
991149 178513156
993152 182828542
999377 829988888
999534 284539321
999565 638869068
1004597 954427298
1006991 658042046
1008450 845829008
1008897 986417243
1011386 42278520
1013383 282915570
1016510 748746732
1016779 258317445
1016992 358263049
1017680 707072138
1018869 921802919
1019250 894816761
1020777 113345258
1022919 834456110
1023189 100113254
1025856 904780073
1026676 119681748
1027373 14932500
1028932 358275438
1032893 494379034
1034341 58240294
1034542 701116640
1036409 835015122
1036928 234219222
1038877 977847163
1047000 179804857
1048836 367900462
1049170 502392088
1049687 125349679
1051433 580810303
1051586 558022944
1052596 760228605
1053972 607322210
1056884 896538004
1056952 200937563
1059483 865678838
1060404 805742104
1062802 647102635
1064536 95255961
1067865 863828979
1068316 651814487
1071773 236995973
1073936 485847561
1075751 787861272
1078798 767293175
1080295 476507850
1081867 905522083
1083013 194090329
1084748 397239516
1090012 403985651
1090315 204940856
1091382 835802688
1091682 427967833
1092346 488256218
1093480 416513152
1094532 772428752
1100449 264704319
1101230 779953592
1105060 99072166
1106610 729346296
1108348 425274245
1109353 532786968
1109886 726360135
1114576 461578186
1115728 813418693
1117222 115835086
1117749 424693645
1119885 982458110
1122640 592698102
1125023 483875431
1125416 774070864
1129663 487786090
1130841 193453753
1134997 963411791
1135671 178981907
1136999 478054927
1138726 671524016
1139228 712032195
1140548 549511251
1140796 226546481
1148650 443177857
1151550 544704699
1156916 4400517
1157316 878509274
1158702 792864885
1163309 997675708
1163942 361649589
1164072 985670542
1164840 680313083
1165811 267748624
1167514 318319528
1171873 600760779
1173909 130733943
1176474 306599251
1178007 30689909
1179550 598033553
1180910 753678519
1182415 128480698
1185050 317018961
1185454 798546321
1191150 135241274
1191214 135944458
1194208 742078869
1195134 589508345
1198647 741113425
1201869 727385533
1203632 215390262
1204294 812485520
1205494 253509806
1209407 796816518
1210776 210185070
1211619 248245170
1213100 170853256
1213472 910461392
1214131 550890537
1215852 823908601
1219209 903565142
1221853 855561812
1222875 543213184
1225400 668273834
1225502 932826007
1227368 773809662
1231257 835190599
1232131 129830026
1232737 224698590
1234683 194750001
1235004 697706467
1238848 707656510
1246050 821840631
1249669 445635979
1249972 896704794
1254121 170303877
1254906 846099319
1258977 970848279
1262533 246919791
1265192 862028391
1269356 678176276
1270818 374533043
1271964 905112048
1272099 411080248
1273359 324698453
1277284 818595484
1277943 353737549
1278458 772755348
1279618 195935969
1283041 139076266
1285434 401223742
1286058 77008337
1286645 703611977
1286889 703740236
1290002 457481181
1291912 519223510
1294349 421432059
1295229 551812455
1295779 229273225
1297215 426144526
1298824 956233984
1305436 367265698
1308900 252181546
1313837 443332322
1319730 897952370
1323431 243813197
1325207 395962550
1327795 303457378
1329060 619380564
1338648 479324422
1339039 912023990
1340539 781155930
1340848 174834691
1341365 271169289
1341539 89454339
1347362 82742635
1347453 824931264
1349179 92215222
1350136 373568448
1350532 804796147
1350814 118142706
1351308 467566257
1352914 640366611
1359828 130113121
1361172 704728210
1363917 199693285
1366167 914035275
1368393 263437675
1368407 921189250
1369030 137267167
1369104 260216812
1369666 643271299
1372024 365366496
1372259 937600656
1380637 390931033
1382248 932151696
1382548 384165991
1382614 552628293
1384701 393807501
1387746 756784127
1389287 473719219
1394077 171014225
1394146 934357152
1394498 390209773
1395721 81206863
1398416 152245060
1399220 100699179
1399389 342410156
1401734 413415745
1404062 414306632
1405353 335949974
1407212 871137765
1409847 176788301
1410139 984278072
1411294 87916865
1412428 448516235
1412907 223982871
1413422 704643724
1417964 654208957
1418619 713804312
1419184 320566929
1421035 761191241
1421533 117845460
1428552 470760201
1428670 933661117
1432295 316508095
1434380 33450974
1437226 459284413
1437251 30975627
1438076 52955540
1438780 143480699
1439381 660966983
1441554 182097422
1441989 58157013
1444061 716537800
1445523 185934977
1446292 89950864
1449457 323091241
1450442 795165457
1451260 842193066
1451282 465222684
1451818 773119168
1453715 916130415
1453928 223229796
1456378 629109180
1459195 453828519
1460012 558327947
1461012 3849475
1465406 151335263
1466589 713703968
1466867 33007003
1468397 847614962
1473270 642202183
1474085 115456018
1474375 623769081
1480098 423194112
1481764 592540508
1482071 911353851
1483421 673046567
1485587 577945210
1490176 663434222
1490440 724164349
1491210 135868199
1492448 707491838
1493479 745697430
1500086 177967801
1505739 346784460
1505768 762731825
1506053 492204412
1508138 257280543
1511006 756361924
1511473 762562540
1514219 947327917
1517638 96233564
1519065 731532380
1524013 114329609
1524174 75126885
1524666 406734470
1528241 601573176
1529145 871651749
1529308 244697381
1530350 531140001
1533523 519502378
1540069 100772936
1540967 685878801
1541275 489342567
1542898 788329186
1547787 361929329
1550487 348715071
1553787 264867246
1554037 50975125
1554514 266810882
1554587 696420603
1557440 764002759
1560980 344920080
1565014 771262842
1566802 75787362
1567426 797301621
1568028 812425760
1573720 647318922
1574897 995042252
1581318 628677111
1581961 188963827
1586389 147027280
1587607 250056104
1589378 229173646
1590125 781062136
1590185 551817152
1596491 706180312
1598665 903615643
1598853 395634509
1601514 299392155
1601609 390566773
1601719 309485169
1601929 830576493
1602139 785926876
1602697 733981580
1604463 673018272
1606668 368019521
1614684 576463568
1618899 547983368
1621602 108084260
1623491 559206952
1627184 841237595
1627642 384071582
1630785 128557282
1632320 393766731
1633017 83452837
1633428 657245591
1633552 454947455
1638399 201372392
1642669 302201305
1643458 702265993
1648580 9570028
1649725 449476163
1651102 696340190
1652025 492744359
1653754 803229680
1654270 505584042
1654562 517752264
1654639 135908708
1663079 963707775
1668513 760918990
1668674 677552636
1669265 958605213
1670265 859998757
1672450 308277157
1672564 25901739
1673221 794540704
1673250 770113998
1679638 195824154
1680227 931435108
1680940 865497368
1684540 15708869
1685722 582850933
1688761 924138719
1691919 361786179
1694318 420128851
1701975 391090930
1704824 41843446
1712581 247593540
1712961 84033368
1713928 165659454
1714766 220898078
1717929 85592504
1718913 134300443
1718919 729858006
1725420 107358602
1726576 400902774
1726998 251057820
1729639 695865675
1730485 791122676
1733827 368333904
1734235 496614322
1737954 785542327
1740653 19181845
1741182 156419156
1747080 697714486
1751189 665554480
1754385 820404730
1757918 798107666
1760994 844733564
1768355 272387529
1772791 651073846
1775542 227853952
1777095 37218565
1778065 251511685
1778845 832052038
1779444 49689054
1781314 224268285
1782952 135642044
1784597 834946786
1786145 573137471
1788356 982907448
1788831 55587043
1789553 5038455
1792789 901601331
1794346 701709957
1795609 409041279
1798992 218406436
1799900 428355793
1801583 205031911
1802508 699464626
1804088 486338260
1809937 9838562
1810391 374018644
1810794 246039601
1812045 924820370
1813824 440071282
1814430 246499599
1815865 180224787
1820163 913191421
1820292 81887254
1823612 546014252
1825838 632966796
1827887 181201894
1828350 811531194
1828775 29841734
1830388 551254826
1834698 469532537
1834707 717305827
1837133 439191010
1839028 272689910
1839720 74775586
1841701 858779158
1842262 401416608
1846159 815011494
1848188 830834760
1848324 746746955
1849859 427893788
1851534 975501757
1852742 490757929
1852978 226561550
1854394 424183388
1857296 134682558
1857763 187337216
1859647 780156301
1860823 844167062
1862759 112563913
1864006 196487754
1866447 267511796
1876488 762169717
1877484 430444732
1880138 127820973
1882384 591777226
1882583 571557489
1885532 979685732
1888131 154902222
1889686 798627605
1891958 894130800
1893460 241854540
1893846 897764498
1896345 316386558
1896846 8001356
1901159 155168104
1902153 454759126
1903635 79813268
1903986 909568548
1906659 248322771
1908290 746569377
1908640 22158842
1912222 942359487
1912565 172563785
1916298 402488134
1916797 760938999
1917643 159350389
1919698 24643202
1924092 65066203
1924895 858716117
1926400 81090294
1930788 115733622
1931637 943263604
1932207 783064149
1933969 763825056
1934282 798672384
1935912 618434315
1937324 340607865
1940665 881074955
1940931 336327043
1941281 383047459
1942327 64342375
1944396 730680479
1947477 142472570
1951517 68860919
1954187 509406014
1954396 325720307
1963884 29208400
1966814 964821209
1971852 475954485
1973678 688421218
1973950 21897767
1974794 174178218
1976044 975063419
1976324 930020133
