1950 1954
1042 1030 1632
1468 570 135
253 1948 1355
428 1849 1082
832 451 1138
1786 1445 1657
205 249 1540
1585 1304 917
325 248 801
1000 1606 1928
1562 1731 1441
1776 1664 932
140 1293 1739
159 983 77
398 1737 1576
1482 1504 1641
1557 191 1069
1445 934 755
676 42 964
1665 172 1129
327 171 1745
1709 617 767
866 623 728
1150 1659 1200
1796 1901 1091
484 723 1528
1869 463 345
286 1913 580
263 163 579
127 1389 416
1190 1159 322
1663 297 1868
741 1763 69
116 255 1309
1746 1013 1555
777 1310 815
1928 491 615
1517 418 525
834 1498 1402
1267 417 1139
215 292 505
1066 291 1681
505 103 948
1798 748 953
1050 1433 1012
1945 935 732
970 897 1472
230 1550 702
824 816 197
1002 688 1223
1770 941 552
232 304 839
1700 1772 1551
878 557 1559
1418 749 1920
1241 1597 296
1254 1827 1333
1358 391 549
1818 517 1799
690 1097 181
279 929 246
1207 1644 1386
79 1753 287
1291 1215 1622
1126 1748 1553
1635 869 1771
755 1589 616
1407 232 279
123 588 33
581 1871 623
485 82 613
1354 1709 511
1154 949 1180
1104 1233 715
797 228 734
743 1480 833
1197 1519 14
1584 89 270
1793 201 437
1113 1044 1892
454 1207 1685
1103 1029 832
1177 521 1608
1381 979 1793
1918 81 1448
1655 1448 1310
440 1025 865
145 1168 611
1729 907 1728
267 903 1335
1260 76 1631
1472 1132 1663
135 761 1266
218 572 1554
819 1682 587
1361 1691 1947
90 257 1431
1406 1320 992
45 838 1738
966 1567 1900
600 1242 639
952 1654 1251
1515 1730 1346
276 1439 1469
1696 1416 426
823 1526 1747
394 1824 518
521 1211 1823
911 1162 391
1675 777 1760
534 1487 1077
742 938 331
1789 1770 336
942 1263 1380
753 221 694
409 1904 1411
1570 331 1367
468 1350 626
613 619 1538
944 797 1531
665 1443 1034
1262 868 1506
1758 121 730
1780 1896 1092
1940 150 1186
83 1840 211
1092 645 1623
498 900 147
1056 1186 1142
37 593 1695
1618 499 597
987 1724 1883
715 383 1339
1315 516 1708
12 478 2
1634 1862 981
1640 1937 1601
531 614 1541
1898 1662 165
1627 1229 629
1497 1403 918
1419 823 1297
370 1865 223
106 890 193
1554 1295 312
190 1287 204
1519 1395 128
1499 1609 485
1070 1161 1252
981 973 1866
736 609 699
1385 1226 216
915 1084 175
938 222 1726
1463 1814 1779
1016 1734 1088
1209 354 1629
1537 1701 582
1707 1123 1593
606 859 1837
1556 977 721
974 1942 414
758 1217 1584
1859 193 206
1423 921 139
1100 1120 1718
582 590 670
406 288 402
1576 1774 1464
535 1744 276
378 60 666
949 1312 1649
853 1475 969
1422 1083 1495
98 1362 153
1250 970 686
183 1777 1463
221 1266 1373
240 409 460
919 416 385
243 599 60
47 824 1491
1650 967 980
173 1660 1248
1079 1156 1390
608 105 259
1465 1569 428
1749 1511 809
1405 286 662
1458 1502 800
1444 287 1021
898 1640 228
329 825 144
1008 1833 282
1097 256 1550
1520 427 1570
1797 563 49
1299 158 1846
1073 1278 1452
1166 988 318
57 289 1446
1336 1940 448
1752 1213 1639
24 549 146
1364 237 1640
1324 1134 164
1093 1042 1016
539 1623 1098
1907 1679 1235
1069 1421 618
84 1453 126
1014 836 925
679 1265 1319
1848 1388 1945
854 213 556
946 11 152
1428 48 938
827 1119 911
728 957 1320
1569 486 990
925 1386 1475
646 863 1836
1750 1580 143
1703 1518 1882
786 1522 503
473 1374 1858
171 169 1854
1273 115 192
466 1516 284
737 290 1245
706 1479 619
364 472 1468
1883 126 1460
548 649 1845
1599 1853 943
1876 464 1257
1181 1739 1806
1762 246 1151
661 1247 1157
241 1359 1768
132 805 429
717 1493 870
817 219 600
138 299 1366
104 202 1849
740 1032 61
1548 1852 816
1365 624 514
1119 1425 987
100 1246 1183
1624 1379 826
1861 381 1612
1947 235 1262
806 106 1828
101 871 475
1328 1117 631
316 1353 1055
504 395 1265
888 1655 186
392 674 387
414 711 942
1653 1515 1583
48 976 1824
1611 1908 739
1831 316 1197
1138 1507 1230
1259 866 1338
628 584 458
147 1910 1174
990 1230 78
1461 1329 1886
592 415 843
228 1216 656
247 1816 1426
716 686 557
1938 1638 170
1095 580 1943
153 1012 603
1475 532 68
1586 755 1687
125 1076 1054
877 814 194
381 1384 916
605 764 229
1053 1460 292
10 204 1906
212 1834 63
1219 769 1833
284 1308 512
151 1653 1571
54 1553 494
962 1651 285
673 282 1395
1567 481 1425
515 267 1283
1355 1175 56
146 1375 1405
652 397 435
322 1646 1219
1512 501 332
1503 1238 1135
1539 203 1700
1243 787 1902
411 831 1427
1434 1034 432
209 1344 495
573 205 1231
1502 1218 1263
1417 90 1348
513 677 847
1060 1906 356
1074 75 145
382 63 691
767 1608 1162
659 1368 1423
359 810 805
131 1847 708
192 1405 200
1466 968 358
710 924 760
1577 1687 500
1568 1270 31
784 419 944
1769 108 1710
1107 53 729
771 1604 329
1454 685 1788
1101 79 658
1208 909 326
1731 1926 733
1574 227 112
1256 458 300
839 1897 1784
1167 1300 859
886 296 679
1800 951 113
149 1398 1754
1275 575 381
42 96 1199
1227 279 1692
664 1253 1648
612 664 674
947 1839 1775
1828 1761 399
609 984 27
344 1160 1616
237 1820 559
309 980 586
1349 302 1815
460 1549 1022
1401 857 1644
234 627 1014
1916 1819 1706
1858 1326 821
457 1112 1927
1698 1272 311
1830 819 1839
1747 1101 319
25 615 1065
697 1141 1522
1617 734 1058
856 1850 604
1852 129 1907
1207 1414 874
1578 27 1308
1376 276 540
1553 1450 1454
1840 110 1792
122 702 1332
1175 245 464
214 446 1409
626 1243 704
867 197 1686
1927 1742 1081
1345 1269 1217
1474 877 1150
672 1045 446
1403 420 929
1009 1614 1190
1061 474 1698
1922 520 338
283 168 776
114 633 392
182 210 424
1102 1594 180
363 1207 442
233 636 260
1158 905 856
937 1057 1439
1810 1298 1717
647 1178 109
326 1264 383
556 1435 1234
1012 384 1155
1602 911 827
277 102 1714
1448 148 788
751 1 1106
967 243 344
1889 1376 897
1639 226 780
757 1019 168
1711 86 418
1558 74 1124
1615 342 563
1446 881 1178
1020 386 1725
669 792 417
764 1039 1076
1846 192 1776
36 1275 1857
291 646 764
680 560 1711
1523 879 162
858 77 785
657 794 30
1011 211 408
1125 1547 403
795 377 1818
560 1715 997
511 756 1556
238 1094 544
649 1438 1674
1316 1301 384
1410 1782 1000
251 1616 105
1028 454 601
790 846 187
88 944 241
1431 1887 1398
204 68 1112
1084 1232 305
528 579 1374
121 1347 1369
1128 1183 298
17 858 1626
323 1611 79
1623 606 1940
1199 1879 1127
1904 1121 1188
5 382 1879
110 1717 386
508 1390 1336
1755 234 1222
1362 1599 1749
1420 1520 377
1817 340 596
1775 837 202
734 125 1181
6 1177 1406
1163 401 1239
186 715 1123
675 1884 1918
172 671 1682
562 1075 1023
1162 265 515
951 616 523
1203 175 268
545 1577 1934
1892 1316 179
1939 1857 1304
883 1068 635
1856 471 1727
236 1634 370
855 1399 712
231 1509 1578
1130 49 585
1778 271 1730
738 946 592
775 1557 758
1076 994 1242
885 1022 1028
1934 1297 745
1879 505 1449
1799 1698 255
569 1427 584
1393 1333 1665
420 1771 1568
1284 135 991
1375 1535 1778
14 1008 551
1693 223 1812
892 1163 867
1881 274 851
1621 919 148
682 1382 1712
1296 514 506
1437 1576 737
663 1666 1384
427 906 1291
587 315 1029
1276 1082 1756
1857 1538 1755
1790 1711 291
7 1627 306
422 738 972
387 1495 1243
1532 882 1597
1116 641 524
1188 558 321
501 376 894
631 145 1852
1839 5 225
317 1689 555
366 308 41
720 1041 487
1198 548 940
1151 1898 1270
1841 1337 1465
69 1212 1702
300 581 72
1252 1656 289
1201 73 1724
840 694 248
164 1736 456
1875 369 1192
729 199 1549
1546 30 107
451 35 963
902 1786 1036
478 1559 747
1871 1555 588
820 1667 457
1785 767 499
58 620 38
638 751 891
1836 912 671
688 1244 1326
849 1291 748
1761 523 910
1710 1055 1915
620 1601 1381
1318 1591 779
903 1284 1603
961 509 946
1822 798 1890
1040 1196 1951
1433 1648 1905
376 1645 644
449 1626 366
1037 341 769
968 942 895
1805 1936 1782
92 1338 422
287 484 889
453 1461 934
371 1148 1878
1642 241 561
29 849 58
1471 1758 1847
380 1150 481
995 1749 51
920 1315 784
1240 1743 1507
59 718 504
1948 1209 215
128 918 275
982 1598 1049
97 1137 347
142 160 636
1608 1465 548
868 1943 1880
1086 1331 405
319 198 1250
1566 1912 1203
1835 20 1143
1412 285 1233
1552 947 1210
1885 482 659
997 1600 1946
1667 659 1061
330 1551 1500
445 1005 1165
1311 1482 1630
1377 196 1633
94 345 775
985 1456 725
423 796 1171
1153 775 29
884 1063 28
1105 1883 1636
1286 1615 158
1145 1078 1534
862 1546 476
1659 1095 467
244 1796 348
1015 1696 95
185 773 522
1678 770 787
275 832 1060
179 1268 1620
341 1363 469
348 194 1435
1505 1785 1149
781 1345 1734
1245 1669 447
816 220 131
1035 92 773
51 1874 904
407 1780 243
702 321 427
897 489 1377
224 844 278
477 1449 362
1317 611 1938
700 1552 1458
571 1088 841
909 1079 1741
1169 1105 1819
869 1409 724
882 1340 88
1625 360 1618
891 725 71
928 181 1134
421 891 37
1929 1886 67
763 1349 1843
500 1476 210
1091 1040 231
1772 1818 877
791 652 1388
412 651 1410
656 242 70
1450 1485 783
707 1027 1552
1088 21 118
1415 1447 634
1379 875 698
408 1941 140
1370 3 1515
940 1273 256
1837 130 1470
158 1889 1269
1815 1830 627
1058 252 462
893 936 560
163 58 1260
410 1307 1074
939 587 101
846 1080 738
431 1184 1693
490 1186 648
1728 851 672
1579 923 539
583 1803 1195
1610 1228 1821
388 1848 1328
489 83 642
977 754 1707
463 1446 1856
1685 592 1038
293 1003 1862
999 269 836
1430 862 1897
705 1236 1185
859 735 273
829 1562 1169
778 840 328
747 842 569
1384 920 1099
1813 261 899
1894 1807 189
1372 995 958
1353 208 1105
1337 954 1832
980 430 171
1809 1881 1536
634 1192 1497
1139 811 853
549 1823 167
11 410 527
1671 568 643
257 1478 690
857 337 342
1339 763 1543
312 1004 1592
1613 1784 1421
1007 78 1273
597 1065 335
261 475 1080
144 1757 1811
162 1933 1952
1094 225 1295
1598 72 1613
1757 347 1655
169 1064 176
1920 1584 1205
1326 268 1909
1910 334 1537
1756 185 673
1538 45 313
557 139 1869
1814 1506 1383
1865 393 115
63 1741 697
15 531 1103
383 1581 695
1399 650 628
343 1189 151
1803 317 923
1483 1091 871
1395 1346 48
1804 1031 1176
184 635 372
1213 1915 744
1473 264 1954
438 488 1913
602 632 317
1522 1610 1466
1082 240 1025
991 974 1922
436 1369 465
1308 95 1669
662 1424 777
759 1122 74
1816 1118 759
1188 151 1517
442 387 1607
698 1090 1838
1580 1544 1652
1064 236 161
653 336 1875
1161 1727 771
838 1133 610
368 553 577
16 1077 1232
1347 876 1052
1052 1652 23
437 1929 325
1152 1541 123
18 1779 811
520 500 46
1718 948 330
1763 1794 75
87 526 840
200 1198 1807
787 367 488
1802 1579 640
1281 39 264
213 437 1590
828 434 1264
1821 1129 1408
1541 295 1523
1739 1023 705
986 128 473
72 6 1461
1435 1185 521
1077 188 529
126 1570 1753
1666 1225 1617
1081 266 1259
1632 925 1750
1289 1781 1194
1404 1756 798
1868 1888 18
1806 65 1003
994 118 1360
691 1804 470
1614 408 716
808 455 320
749 1813 1800
1187 1503 1418
61 647 1699
906 477 412
1901 669 1709
1720 1430 1206
1795 1588 22
1874 1747 1689
1026 1191 541
1872 502 1059
1524 1458 723
1555 1788 1885
1455 184 598
1844 917 1678
1338 298 576
1530 930 382
1535 872 714
836 782 858
896 445 533
555 17 401
1436 522 887
1849 1251 1650
1283 161 624
689 613 553
1033 127 415
115 214 1122
1287 1773 589
1453 998 397
674 137 1861
563 117 1930
160 36 1662
917 1136 1830
246 817 1516
727 280 1095
1528 1466 1282
475 914 849
748 986 1253
33 1812 754
1272 1703 999
900 1125 190
86 1169 9
509 1530 1376
1498 969 1814
1490 1491 1163
1392 1140 316
692 822 1212
1218 752 922
1606 206 1164
1226 1872 188
1217 109 1039
1683 1066 731
844 64 959
1369 1629 1085
1121 1624 1145
1114 1930 36
1531 402 247
1484 258 1268
779 1428 1175
337 781 1474
1604 1036 1444
170 1214 354
415 504 1851
206 113 1548
1133 1252 973
807 527 1066
1477 835 251
137 494 395
1921 98 1006
188 162 1587
1680 1674 1325
1171 1147 1035
4 1356 82
96 466 76
1115 1463 1787
1730 644 1910
1902 559 653
304 101 1359
1441 670 1757
1225 54 52
278 352 735
1021 1199 607
761 1920 1889
249 1472 272
1583 884 1170
1029 61 1591
373 1099 1656
750 230 310
564 525 1772
512 1245 796
165 1657 1688
1156 1842 484
1481 1366 1638
809 328 669
1941 741 1810
1211 1202 1740
615 1130 388
850 1534 1637
1737 1309 778
1271 1864 334
1917 370 1489
709 1863 1455
1136 312 1762
1185 1073 1198
1612 1815 1238
1045 1351 87
768 1767 1863
210 1903 483
260 1809 1113
624 739 1524
514 1829 242
311 630 701
1603 680 1596
658 665 1166
1032 71 364
1210 116 1172
668 524 1589
792 1574 620
1525 1256 1083
570 10 1056
467 757 1008
282 1843 1057
1112 1360 1664
124 1558 1004
1748 668 1042
441 1171 1240
9 1512 1064
413 1835 781
1155 539 1513
1321 1402 545
161 959 928
1768 728 526
1452 753 1635
1565 107 1347
1670 311 501
495 32 542
1146 231 1680
345 1925 400
1592 1650 1159
960 1800 661
306 892 1067
497 662 1357
1826 802 1213
1135 965 1780
1148 809 599
1843 856 1634
324 414 1796
1657 656 1351
1882 612 1017
1005 1387 1015
1396 112 530
1340 513 218
984 1905 1073
1919 722 1350
358 1058 1307
464 38 1801
1890 149 283
623 554 8
529 1950 141
677 1649 1221
1884 400 1888
798 1607 1679
1911 841 807
1178 719 700
565 813 1610
268 1723 212
1143 1364 1844
1914 1582 1443
1001 1900 890
551 1630 378
491 1792 1595
1654 1352 1209
1845 233 12
872 1240 1362
993 1128 546
1440 1288 939
1777 182 1156
320 1000 1820
1717 578 217
552 964 935
1915 1325 507
439 1713 1840
1306 657 261
355 1231 235
2 1370 323
150 950 1160
1645 945 535
1676 1783 1037
393 1593 43
1692 1732 1870
349 1234 1525
1191 1922 1950
76 412 1931
719 1775 44
1010 561 1642
298 1917 1732
1236 1527 1573
419 1919 1218
447 1317 663
1288 93 812
157 1412 1285
167 165 1267
507 1303 1256
1322 1413 519
1725 815 19
1160 503 1599
21 1365 1621
910 1892 1294
1313 56 1666
201 94 173
724 870 1585
1855 1572 1356
1862 1716 496
1595 886 824
1312 776 976
936 1528 1043
957 1832 974
402 1222 1582
685 1893 1769
841 1860 1318
843 1334 183
1265 1566 136
617 1523 1498
56 707 1744
1285 390 1096
1534 378 1147
1234 362 1026
189 253 249
975 710 1765
379 19 1189
310 326 220
1330 428 479
894 1694 98
1773 1016 1645
112 634 1473
482 818 1520
1936 1087 1493
1098 1170 420
1038 29 1502
1270 31 799
1457 830 425
610 1396 1208
1491 981 1196
1165 985 756
1511 1354 883
929 910 1494
1350 1733 828
1366 1093 1114
1899 1678 880
40 1279 1184
1411 585 1855
842 731 1416
614 1719 45
357 1939 1503
34 229 352
448 143 909
1170 1947 207
989 1335 908
1573 658 1691
694 896 1401
102 1085 1624
177 915 191
1067 364 350
256 281 455
211 982 1923
800 363 710
1414 339 986
264 1894 1723
1290 1932 472
22 1187 491
965 444 1400
1044 1127 1684
62 1639 1766
469 1474 1329
271 673 121
1258 1401 831
1310 708 520
117 1858 947
630 631 651
1647 1383 810
642 216 1615
318 759 1577
1065 1210 884
1620 1658 975
760 1641 1447
803 571 1334
879 808 1510
417 1292 1132
890 854 1053
1788 1797 558
154 565 1713
1601 1931 1182
1432 314 727
1759 1578 1048
73 338 281
1237 438 257
1194 100 879
1736 195 881
1192 1444 361
1120 324 770
1360 1798 590
129 170 571
835 1193 1804
686 699 1173
561 448 886
887 1911 359
1220 732 825
334 1882 900
336 7 1387
1495 1675 17
273 398 1370
1661 1173 1148
1760 1745 1451
725 207 912
80 1176 638
1429 153 1891
1834 1220 409
481 1619 111
1521 1469 1803
1903 351 1611
811 1575 680
1390 1283 374
225 1750 4
639 1914 878
1018 937 1140
141 1006 813
815 1489 1859
1111 546 1104
1582 839 156
1764 1062 1619
580 1671 1483
89 262 25
1196 1500 124
1006 845 1342
1946 1676 1301
1866 605 794
297 622 984
1674 552 1683
1677 348 208
526 562 660
292 1149 1912
922 1845 1774
461 940 1284
1389 1726 696
1838 80 1087
603 379 664
1080 820 398
1801 654 1716
1488 1861 1158
711 167 1278
895 952 1675
361 1330 1293
1172 991 431
1931 1010 868
1083 1302 1007
1774 1846 1816
971 62 1382
1873 852 1802
295 850 1341
516 343 1214
933 157 1286
20 1102 1152
303 1542 786
964 1188 452
783 1422 404
1695 1241 1742
207 1561 1327
1507 783 439
1109 1612 1561
1204 1677 20
780 1918 1229
347 1878 1146
1630 1637 1047
258 1060 1482
616 120 614
618 705 301
1819 932 1895
1043 1869 1653
1147 676 5
1378 1109 40
1368 141 1084
1129 999 1191
576 1854 129
1118 1260 566
1346 1714 1604
216 1143 814
1332 512 1131
901 1801 985
1048 1938 1071
1514 147 594
1842 550 376
1702 47 238
1581 1271 1121
1469 1259 1853
754 1564 1215
1189 1875 394
833 1916 936
156 1880 239
68 1124 1108
718 1825 898
1233 333 945
365 1203 1933
543 1755 314
245 829 804
1409 144 808
1046 807 573
1701 1406 873
1054 1838 1659
1587 714 1860
1257 621 657
1616 904 844
914 1420 578
1905 975 875
1724 1563 1063
432 372 269
1820 439 818
176 700 703
1833 551 1748
1447 496 406
633 1636 1701
629 1069 73
35 294 449
134 1759 1051
908 323 250
1549 771 1009
1277 689 655
1278 1710 125
1269 564 1428
1352 1539 440
782 1618 989
701 887 379
199 1285 1141
1545 843 516
923 1050 1594
107 346 753
627 1053 645
1019 1457 1002
26 598 265
1906 404 863
1783 653 339
622 189 24
1464 1367 1646
1386 826 1600
1672 368 565
28 480 1831
544 449 687
935 1934 766
1164 1462 1368
426 1138 1001
458 1206 931
302 1927 568
197 801 1729
1251 1806 806
372 1695 902
1540 497 1119
49 1831 1154
1030 704 1412
403 1323 375
540 1642 957
1593 357 299
239 114 1349
1708 244 919
450 84 444
148 1728 50
804 1568 1228
1323 461 1672
1560 1778 1361
1085 1565 1567
1850 407 1224
924 91 1130
1668 424 266
567 403 307
1108 1052 726
285 913 567
1880 1789 393
1656 1142 209
1792 190 1908
1923 50 1414
1863 1336 864
722 320 451
400 953 885
1062 1760 1287
314 1227 471
1442 1017 497
1933 518 1797
265 366 230
43 933 1834
331 1891 1881
607 576 184
1925 661 1432
1870 1135 564
405 344 102
307 1237 149
1261 519 797
152 359 1563
1738 1505 1829
983 716 962
1506 353 236
1913 1867 1767
1459 217 751
1282 736 637
585 833 1670
1078 1628 253
1239 1089 308
1596 834 741
1937 1377 258
1908 179 93
522 1672 961
1771 1585 817
959 1497 633
1571 1151 508
1140 212 1277
1690 1729 1572
1609 1258 678
494 465 1795
1735 1204 1813
1186 1037 1389
863 40 1271
397 1468 1109
913 1751 1898
338 215 1737
335 1371 1864
1493 1808 795
1137 1108 295
726 177 1102
1443 1560 960
1144 750 1120
353 608 1241
208 1418 1735
1779 1720 1371
1832 1179 1903
352 41 490
822 687 1413
1325 1769 1111
424 1086 967
1024 679 683
598 1529 1306
1357 1070 142
950 894 1614
111 1684 1791
1096 1946 1379
1373 1688 1094
472 538 1736
1704 327 1694
416 1573 461
1371 1473 1345
584 350 1296
542 468 914
1072 1524 365
67 104 34
1041 729 86
1829 493 1480
1513 1426 1805
1023 511 1899
187 485 1948
1438 1708 1479
493 1007 1764
1110 958 1420
1215 1464 979
641 490 213
289 1492 219
1421 13 1422
1 1945 1375
1205 1248 1871
1124 931 1668
1134 861 830
1492 1923 528
848 536 1126
23 963 647
956 1890 1033
1765 270 1462
774 173 1490
651 1015 369
1638 1431 57
1827 1114 1045
425 604 90
695 432 443
1221 1844 1514
934 626 267
404 1490 133
814 1510 1872
1896 1373 1118
621 760 1093
1619 566 1752
1860 498 1667
1017 1605 1305
905 1622 103
328 1056 893
65 1587 309
202 1590 1220
852 1707 913
830 1152 907
321 134 1415
1049 1762 1786
766 250 1817
499 247 3
1631 1596 971
1544 492 901
1712 146 1894
506 1051 837
932 51 757
861 319 1226
262 1821 933
390 528 1485
998 1595 1504
574 1836 1609
1895 483 244
139 1205 117
1641 306 1207
1784 766 434
305 996 1070
1591 1647 1289
1694 990 1704
1303 254 178
1564 1470 433
1333 1224 1322
1878 1239 802
55 607 602
31 1096 1926
568 1935 1300
1494 1467 114
547 1274 532
1253 703 1116
1224 1319 693
342 610 489
196 23 1703
52 1072 62
744 1290 1068
746 878 621
943 1949 1276
429 1521 185
1425 1517 1789
1697 436 1579
235 1451 1547
533 456 1557
1949 672 293
1132 1195 1564
733 283 1697
391 1255 430
333 1873 1874
1628 927 1030
1451 1571 1019
1649 335 39
1629 406 1417
921 895 1671
1479 24 297
430 1164 450
1699 586 1505
70 1257 742
1808 1054 371
38 394 622
1047 1014 116
280 1327 1216
1168 684 1292
625 1685 1237
193 1322 1352
1462 1868 1011
524 487 1403
1912 916 762
294 567 1790
588 637 1317
927 853 677
1416 530 1321
351 1481 315
272 46 1434
1651 1877 294
1644 955 274
296 1533 304
444 1380 1187
926 1106 1512
976 543 1625
1439 678 97
248 555 1249
955 1817 1808
1648 473 1424
643 765 593
1744 1071 1459
762 413 1580
1589 1415 1488
130 1339 389
1180 997 1565
166 200 11
1305 1281 1450
1229 1776 927
1489 1081 820
645 961 1560
367 1391 201
1745 1201 1044
801 1165 85
1600 788 474
1238 469 1442
517 303 1072
876 180 199
1424 1477 1467
374 1643 367
108 1181 861
1509 577 1877
988 1665 1731
1754 479 606
637 1909 1436
93 273 233
1408 828 746
523 1712 1330
474 682 177
384 178 169
1184 1895 509
1888 99 709
1682 960 1453
496 138 232
525 67 104
1864 459 632
831 966 1919
821 544 47
254 992 994
1753 758 819
1496 1802 221
1823 1501 1660
1068 1434 1539
948 1683 1544
64 821 1315
1575 1262 1311
1734 1397 1822
360 795 1133
871 2 1090
1588 602 1574
945 284 1363
1662 25 1586
1932 1280 1826
954 1200 1438
586 259 860
46 187 1331
530 989 182
712 726 1867
963 1381 996
1812 136 1005
1811 537 174
579 1194 1759
1387 618 668
1413 1586 982
465 1321 1696
670 1299 572
1157 28 1677
1743 9 998
665 1705 1013
105 442 1364
356 1026 1407
479 34 122
1547 1499 554
992 1174 1942
44 745 1893
1886 1107 1046
340 800 1798
1853 712 1429
369 1924 888
1327 724 1337
269 1631 630
1719 44 793
1320 1115 717
180 423 1533
3 573 1873
1652 380 995
1607 1885 1925
604 1166 360
678 1928 743
1089 1661 869
229 1793 950
683 176 1914
873 1540 1924
308 1721 26
1943 275 1953
930 26 1532
1343 545 120
912 663 1530
1397 1738 1518
536 1670 583
996 1059 1581
418 1188 667
1727 629 689
958 675 119
655 1856 1477
577 495 7
789 164 138
1767 1452 1602
1039 709 675
1293 901 1478
50 1313 1825
443 457 1569
1025 804 1393
1847 1693 823
1563 1267 517
74 721 195
666 452 53
136 14 625
1367 1592 65
220 1190 94
770 318 35
575 1486 421
941 122 1394
1359 1603 1715
1681 88 54
538 422 1445
1216 1536 1128
1740 1876 1794
1691 426 1254
1633 1408 1396
1388 155 1440
1714 1513 1939
1331 1866 1227
553 1282 478
1660 885 1546
813 898 196
1264 441 290
32 1417 1272
8 747 956
1470 1110 1484
503 1098 1628
1824 1111 15
1304 595 1041
870 1028 466
591 742 1392
1142 591 1437
1561 238 1535
227 865 977
1706 1525 262
471 1718 163
198 1009 970
168 1859 1486
1232 1035 829
785 784 1770
1031 1104 876
1051 1697 740
704 1116 845
1117 142 676
1055 1740 159
1688 1633 1193
660 1306 930
1173 183 872
462 978 498
1122 902 1773
1669 628 965
113 224 1202
1930 1067 137
41 1752 1542
1782 1254 534
1212 922 1144
1127 1410 1733
1867 971 1935
1214 1172 718
259 643 83
593 1100 1365
155 87 924
632 1621 1079
1292 1700 252
818 156 684
346 1385 1298
1732 690 1040
75 70 346
654 1483 750
687 1545 612
693 1454 1089
918 582 591
1460 1038 966
77 888 64
1329 1182 127
1400 1556 1020
385 597 1430
1787 85 436
81 556 1896
619 956 1575
1314 1393 157
1781 1471 574
1302 972 91
1500 1768 1
266 1103 575
1274 1400 905
1851 385 892
723 356 581
1374 1139 857
1944 365 852
1689 666 203
532 1092 205
537 1043 16
476 1021 954
1794 1787 1827
1478 322 351
578 1146 993
973 696 1201
847 425 1751
572 874 341
53 111 172
699 1632 782
1004 889 1722
459 1126 720
1485 1764 1137
875 1765 1719
1825 55 685
290 154 846
1351 447 6
1186 307 1932
1715 1828 1167
826 1113 1476
250 683 1865
1900 66 791
1228 1372 92
1294 1543 882
772 583 477
1550 8 968
644 803 1344
219 743 1324
851 1235 713
559 1680 1261
1334 209 1404
1449 260 1225
1183 371 1705
889 1673 423
315 440 1110
812 789 1887
793 596 1501
1391 793 774
589 1024 921
181 638 896
558 429 42
1590 717 454
1013 313 1097
226 123 1031
299 1221 81
880 37 373
799 600 280
1295 779 850
30 540 768
1131 1442 1917
1003 411 1018
1508 1154 340
1766 174 641
1456 1663 1303
178 1766 130
1516 1810 1499
794 847 1397
395 462 380
252 1795 763
979 1625 302
1071 507 1179
377 1355 510
865 186 1385
1897 1378 1372
103 1296 1673
1726 510 353
492 460 649
1935 1496 134
1231 727 765
594 166 324
1075 1494 413
802 1668 486
773 860 1050
1087 740 396
456 880 1558
953 301 1107
703 1620 390
1123 4 166
1684 1706 1654
756 1033 1929
596 1394 1743
1235 799 1651
1877 1754 1027
796 1441 513
1063 574 407
1924 278 154
1597 1318 463
1279 1791 89
1242 693 1211
874 1419 468
118 1167 1457
1182 358 955
191 733 1605
1487 1690 595
195 506 1288
401 1357 1302
133 541 1280
1480 1635 99
931 1855 13
1542 1851 855
222 443 608
825 1702 1125
66 720 1721
1380 1554 983
1230 640 21
288 692 1783
730 470 106
1206 1276 1177
1248 305 445
1341 1432 752
143 1907 1647
1501 218 1343
1268 1436 749
765 1277 337
1319 1532 493
313 1488 492
470 746 838
223 899 1901
1536 848 1496
1348 1411 110
1356 392 1835
1057 399 862
255 1289 1781
1368 1155 1316
648 310 988
452 1157 1032
1891 1725 1258
85 1537 240
735 251 978
1504 1514 1588
1179 396 66
1887 1061 848
667 59 1598
731 855 1101
1686 1361 343
650 140 410
502 330 1921
550 1681 480
1099 625 155
433 1686 903
810 1944 1763
175 542 543
1090 603 1746
389 601 333
91 69 1936
805 1011 1353
1398 1440 834
1266 873 327
681 1799 1391
640 987 1419
554 1145 1299
281 1348 368
1344 1018 84
739 375 1562
713 1921 1274
480 1311 906
71 695 1244
684 1699 1511
1526 1746 59
601 1841 761
1518 864 915
1527 908 1117
519 12 1078
274 374 1062
1193 780 1312
732 1047 237
19 660 736
1159 355 1433
635 648 1944
1664 774 854
1382 1613 681
1394 667 482
978 1343 1275
1301 534 803
375 52 349
510 433 1115
1551 1902 1354
99 691 419
636 453 609
1426 926 937
120 1602 646
1643 1328 1481
769 1790 108
1467 431 263
1027 515 1545
1222 33 1487
13 812 1643
446 701 254
174 1822 1255
972 1002 792
518 332 1204
916 1423 665
1893 1484 288
1559 450 1246
1309 435 1761
899 1305 222
109 806 160
487 1811 719
301 1437 357
1059 1332 941
1721 713 1949
611 325 1916
1543 1144 617
541 1249 926
60 962 234
1716 1141 198
1636 1358 550
599 1208 1911
860 883 245
1942 263 1904
1249 293 822
78 309 502
1529 1341 1153
1202 569 227
399 119 1010
969 547 650
1298 589 411
1427 730 226
1263 698 1086
566 1407 1168
1733 508 789
362 133 652
350 1020 866
708 786 1281
864 655 1661
721 1261 150
1687 124 1492
1335 827 32
386 737 692
1176 1294 949
1247 785 1323
339 16 1340
1486 329 1519
27 43 1399
1646 533 722
1637 1049 1937
1036 1153 1456
1713 22 547
1342 768 441
1300 388 562
396 1131 1247
203 159 224
1174 1324 132
1280 1722 1941
904 132 772
1383 1197 271
671 1704 1676
1141 1583 920
714 1219 842
907 1314 536
1909 1046 1075
590 1735 80
1673 1223 1509
1022 277 1358
1476 791 1136
1149 1250 1627
845 943 654
527 1180 1279
1807 1617 1313
483 373 100
1223 1826 1758
745 1074 303
881 928 1290
1854 421 1850
1723 405 538
486 272 286
434 1158 363
39 681 1236
455 97 688
82 1459 835
1307 467 1848
1572 300 1100
1926 1368 707
1034 239 1526
1741 993 531
788 349 1842
242 15 1690
546 389 453
1402 1870 1471
595 893 55
1605 790 1777
354 1455 711
837 1899 1024
1751 1342 1527
1622 1429 1521
1594 778 1378
435 57 355
217 1548 10
1244 131 1720
270 762 790
332 1508 952
1195 529 1658
1658 639 1161
1510 706 459
488 361 1606
752 1392 1785
1106 772 1876
95 867 605
194 535 1566
1950 939 438
1200 152 1884
1742 642 1508
1722 1001 277
1791 1048 1809
776 1837 214
696 18 570
1255 1286 96
1246 594 1314
1533 1692 1841
1626 476 951
1363 1805 537
119 1531 682
1297 1404 1529
1679 744 706
