1950 1956
1888 645 826
1895 997 664
659 641 1620
657 618 1206
1208 319 1005
1203 1196 1550
30 10 177
428 58 1811
1264 122 991
1536 1179 841
94 246 1035
408 453 642
492 1835 1693
502 1888 1348
1413 399 900
1746 1478 1652
1403 1910 830
1891 1600 1197
1838 659 506
68 552 453
716 550 1469
1498 1490 886
1878 1475 1595
482 553 1769
319 717 417
1607 99 1491
1460 1190 1930
1788 1914 120
225 843 1168
545 938 1692
1159 1627 1241
575 912 1390
738 161 1291
318 546 1082
1887 665 1180
690 845 1733
1750 1722 181
639 549 409
143 1621 768
61 83 960
1073 447 519
1948 1162 1228
1666 1748 1458
547 1381 1918
283 635 1029
592 540 1820
238 1412 695
1640 1930 1539
1776 1260 593
1150 1543 750
513 764 565
509 1344 1594
414 783 1535
1252 1106 586
1214 1667 277
17 507 470
1733 1116 1941
1294 194 633
840 1669 1385
1180 202 1129
776 146 610
1094 344 1474
1924 197 662
361 1254 1738
922 482 1362
1490 37 275
1699 405 395
1000 1203 1845
1257 203 1177
1779 1138 340
689 1614 1047
1775 971 626
233 1453 195
1879 950 683
1082 35 770
1620 1367 1751
1742 381 182
217 955 1075
1002 1604 1511
990 547 129
503 767 1804
468 1391 834
34 108 1079
265 1407 163
1693 1783 1579
1386 196 1060
1939 208 1014
1052 167 1660
1905 619 460
1134 160 868
114 1100 1344
403 527 856
1867 936 779
1355 966 680
1877 1869 705
570 1816 1650
407 1360 174
529 1803 1889
1048 722 1232
1563 198 1229
1215 68 1574
1408 464 1162
1778 1284 1423
923 497 1807
1584 1547 197
1479 1345 590
1130 1341 1363
1864 221 1770
470 1612 1840
1908 300 1285
1398 816 838
1463 1676 1455
1508 1718 138
415 1528 1216
1783 473 1399
587 1379 478
1442 253 1429
885 925 328
799 1418 1023
168 1918 28
763 1377 1899
1520 1349 455
1270 493 374
1909 1042 1790
516 695 1953
354 1170 998
24 240 1411
760 504 682
675 1943 80
127 1046 411
1365 1141 733
647 612 1338
1709 1646 620
107 517 551
1627 1591 1389
1614 1447 1109
1143 520 1248
1926 1530 113
1451 1753 369
1307 1117 1553
505 1592 1124
306 1863 366
556 1677 1196
1440 891 1292
1549 175 1714
552 752 1838
112 1461 1077
1524 132 1545
1334 1717 154
155 176 1202
1362 438 1516
80 212 1200
55 790 1187
1205 1645 149
904 389 1238
740 392 974
565 842 1822
1223 301 334
754 283 1848
369 1818 606
1595 1319 765
879 691 194
1592 1002 84
1893 902 855
284 1010 742
1295 1096 656
793 299 1470
90 91 576
1323 1439 780
586 171 1259
1290 437 273
1147 743 1932
153 1715 1103
947 639 97
1399 331 412
418 820 947
69 851 7
165 1105 701
15 1481 575
1730 1924 1570
1131 1707 37
1240 1665 77
1712 789 383
85 1905 1697
1661 830 1836
1051 1720 1581
652 255 1427
836 446 1421
1582 1097 721
771 1256 992
548 524 418
801 1034 1837
477 188 1280
316 1725 162
178 611 73
711 1713 1548
815 1832 105
1220 258 755
214 1052 1625
1175 384 1386
1292 1563 1106
868 104 1223
1459 1432 1801
921 715 1627
773 1395 585
1259 1334 1723
867 931 1874
1472 159 422
293 871 546
1303 799 1160
1496 1785 458
1910 562 1763
347 442 999
1025 470 1810
209 824 919
802 837 373
1622 1113 1819
1228 885 815
996 191 782
510 1560 1158
747 492 1530
1034 235 587
346 1921 1921
65 1515 446
603 1859 716
1193 1537 349
1128 105 753
1331 1879 1793
1510 693 1305
1226 1027 499
507 793 1871
1816 232 1867
1190 265 1468
5 1923 1901
761 130 1909
1148 1516 406
768 1471 1626
561 1766 988
1126 957 804
6 1150 1517
138 1509 1937
1179 574 1102
336 207 1598
1578 710 1566
1628 458 703
644 894 1355
307 1213 944
7 56 987
43 570 985
1059 1346 1359
1683 102 1322
988 153 384
1274 111 949
630 681 871
1100 1109 1935
1191 1659 332
489 888 1456
1664 445 672
1898 1249 803
222 1243 1406
1218 536 1188
1258 1362 1578
692 369 995
342 529 515
1144 330 1269
1906 1134 778
145 1248 508
48 1476 1547
58 410 1879
1734 293 1884
637 737 1668
1832 26 603
1092 1776 171
1166 1844 971
333 1703 66
1716 1250 1825
1235 1043 55
1246 831 1758
304 450 1387
1006 379 1823
953 1839 1680
122 1674 1713
1589 426 1337
1741 1571 1753
188 1029 1729
1656 1771 1198
1935 1506 1567
1773 347 1778
140 606 1270
1216 1185 1520
972 425 1037
817 32 1164
1554 506 850
1262 983 1720
75 1257 812
1217 490 533
888 487 1217
484 1573 305
1371 1479 764
1009 1474 454
1573 949 364
457 260 649
67 1436 609
1182 465 1301
1194 306 298
1110 1262 1795
961 96 1049
892 106 990
655 1927 1430
1702 1302 1855
717 713 1339
1086 848 1050
1553 1350 1299
1174 1452 1736
1892 1065 1700
654 1 1388
487 66 1403
99 759 1649
877 225 1135
4 914 1741
755 1364 790
1532 1626 1382
28 431 1185
1330 699 832
459 863 1538
701 1081 921
1562 1716 713
1384 1660 118
1163 1782 1408
496 1163 1656
1942 443 1717
33 756 256
1615 1315 978
1802 355 158
1478 1137 1393
1732 1480 1201
1321 514 1369
1369 397 1623
161 81 1858
697 825 70
1824 1383 997
363 1215 1250
1030 601 1219
296 1286 1945
924 1019 1466
295 1911 1835
32 1637 1756
1037 1446 1776
1493 219 226
1351 1483 627
1453 204 658
753 90 860
640 505 1065
411 1590 776
1224 1572 1020
315 1005 1254
1603 134 1898
848 38 1315
917 1161 1013
1721 963 1304
662 1240 438
800 548 461
40 199 883
191 138 301
326 468 1218
1812 862 142
309 1174 1300
635 89 1773
523 755 139
390 339 1449
11 760 989
264 433 1297
1698 263 216
1738 870 123
1871 1586 689
338 1799 1059
599 1935 890
887 495 1621
1561 1310 1865
240 602 862
440 354 1655
995 1922 1381
1534 271 183
1061 1504 252
1075 480 1663
1010 430 1644
970 1800 1767
498 826 1286
96 1006 1138
1189 62 1926
720 812 1818
360 881 943
438 284 1586
1062 1156 693
852 1917 67
1504 1229 858
1377 1091 599
1359 1133 524
1260 1545 1099
642 180 541
1187 904 1670
1117 696 1447
1204 534 1569
731 661 1444
1844 370 1139
1455 940 236
2 401 920
276 652 821
166 1538 38
124 736 1719
1435 206 130
708 776 175
329 841 1173
373 706 1368
1668 1342 580
734 808 1324
73 727 25
1916 137 191
1704 1595 1727
1897 140 946
1429 965 674
175 1850 208
713 640 1564
650 16 1645
634 1272 1243
856 1735 659
12 329 1021
227 1239 724
1617 115 1931
1327 73 596
448 1906 1562
870 906 502
582 123 1883
213 1533 980
286 1194 557
164 1228 1507
128 959 743
1385 567 361
1093 1385 952
1528 398 1808
646 1009 1251
577 1698 1084
1332 1012 1397
1088 1028 498
660 794 1152
137 1672 224
965 1700 1253
231 288 1694
20 1037 1234
501 928 1876
1414 376 1590
404 1950 1800
298 1920 20
78 1084 300
981 1435 122
1106 1790 969
71 1396 1032
1943 1773 211
789 707 1453
1003 892 89
1285 310 362
638 910 1863
313 1168 1053
1886 509 1454
928 1629 1417
328 770 607
1826 1158 1128
519 295 1097
290 1372 578
979 1206 56
930 86 1402
1717 599 1327
993 362 1681
337 668 1044
1539 1756 1797
606 984 1486
604 1358 1895
765 406 116
42 1568 1256
206 1143 570
934 1579 1039
1796 855 1703
943 828 1724
1669 1125 526
125 233 1613
536 730 1624
1789 1679 1212
526 986 1030
1529 741 918
47 1369 885
566 1127 1400
1632 1384 967
628 1606 1665
1029 1382 1094
1752 88 977
1691 317 507
1417 1898 786
902 353 444
1156 205 230
1781 476 522
774 61 1342
167 972 432
932 1427 745
1917 1082 1603
261 272 1638
1084 1230 19
1053 1931 496
98 439 267
1725 1441 540
1063 531 754
1744 1858 621
1638 822 1062
1115 692 1384
56 241 1616
1431 63 264
809 282 1757
331 1854 1732
1870 313 1785
871 1268 41
1049 1554 1630
1900 11 853
1571 1164 500
1745 1681 1505
1127 1347 398
1843 569 1072
1828 1508 484
896 523 720
829 1017 953
274 1355 1643
151 230 951
1229 1542 955
1213 422 1176
1461 125 296
614 478 1911
1606 20 1481
1827 1115 873
1340 796 1441
1200 1836 1913
1947 220 1851
1317 255 509
578 304 400
580 899 1641
1703 311 641
1700 1330 1054
742 1322 560
1389 1719 209
1696 1603 1261
1780 687 845
1054 592 817
1071 332 1705
1305 1337 134
1566 1866 1244
1021 1205 914
1931 309 1948
197 1524 1908
383 911 1415
1421 1831 435
850 1705 961
248 895 865
1949 411 545
1883 1789 1887
837 1734 1235
1801 1279 866
368 1496 655
334 818 51
567 1247 1555
1665 47 1437
349 545 1485
576 274 1518
1929 1742 480
1718 1304 1002
861 708 1175
884 1867 1679
1715 1689 1664
245 1512 179
1466 291 168
454 875 1873
1858 1092 469
241 1442 1262
1794 718 415
1624 1749 1111
1579 1892 1525
714 461 1418
159 264 1780
1281 1077 205
458 466 54
1269 907 222
1946 124 927
243 591 924
903 195 106
528 1469 1864
1854 1154 1709
1238 1306 49
229 423 1907
1811 586 1565
1188 1144 430
89 976 1815
1477 352 1208
1839 1057 397
1804 1740 1057
860 1775 1141
239 1036 898
1687 1309 272
170 557 1476
594 1843 1762
611 1680 160
1326 393 466
706 543 617
682 1852 303
372 407 61
1604 927 1739
93 1090 942
1518 1063 1571
10 1045 1730
811 754 1051
395 1072 904
1039 269 608
595 853 744
433 1399 1114
597 1307 133
51 170 511
743 77 654
475 1502 1542
532 335 1605
1714 1354 1508
1747 995 72
855 1237 350
1625 1559 1041
192 155 781
1335 866 1345
1501 366 1939
1393 1896 640
911 537 58
1480 23 1410
1081 922 774
1803 1846 1934
978 1618 1839
1836 920 1854
820 1332 1640
376 1527 632
1552 918 543
499 481 12
842 1219 1480
1630 1352 1149
287 1242 813
588 1457 1946
897 151 1806
1005 1398 700
1043 1363 302
1401 97 1070
1273 582 1425
913 778 1230
449 987 679
81 320 622
1219 184 564
1441 1165 166
687 674 1440
1343 222 351
1101 129 426
986 1686 718
1530 762 1775
1074 1514 63
1456 1015 1245
1437 1860 2
1176 630 1467
8 1482 1372
672 1880 1684
1586 733 707
688 128 839
1087 324 1768
1866 1655 1691
1767 1777 258
397 508 723
1170 1849 421
1474 605 1004
1728 364 806
129 400 1130
1904 667 1220
1044 1130 653
1678 277 94
1420 503 1923
1320 1861 128
1172 1754 74
1635 1293 807
1558 1099 1281
694 581 1506
832 887 1556
957 1259 1357
1913 1172 375
849 898 877
204 336 1682
270 394 1058
927 1746 394
1946 1328 1306
1825 1200 47
416 1324 1494
321 1770 1293
1276 174 1148
1278 1916 1802
1227 1525 648
1195 1038 178
1846 64 1452
618 817 245
447 721 897
1649 1489 95
1842 662 973
345 36 668
590 1812 948
50 1539 1172
1602 1912 1126
1559 1001 1922
348 1288 1445
1338 1462 327
938 193 1856
1458 1821 1352
1869 4 225
727 201 1559
1379 1491 660
569 1438 1509
494 748 527
846 1848 189
858 1649 1464
520 1151 673
1517 358 428
105 1640 1093
744 1641 1422
485 257 1068
1416 211 1413
1243 315 1091
723 1610 1832
1133 41 1043
266 1021 1678
1436 1934 131
1311 513 1258
476 518 1461
367 118 1195
1941 560 783
79 28 1380
1527 1941 1428
973 428 941
1267 1587 1282
758 1520 165
253 1139 437
1265 589 618
914 1472 503
1069 452 1276
1777 1585 940
118 751 887
1409 395 1933
1489 1619 50
1600 588 1609
186 408 1089
425 625 227
1120 1907 510
1670 1493 198
465 943 1271
13 1801 795
1759 926 840
752 1495 1619
1588 740 852
1881 1401 983
1076 1289 1133
859 941 1123
596 1625 299
406 1271 161
247 1607 1113
1572 1919 1708
1859 683 39
1540 813 788
1388 1169 75
1032 1768 1125
762 474 1012
1921 1119 1071
142 1601 635
931 753 884
1268 829 354
1289 1089 1016
573 672 266
1739 367 93
1484 782 169
926 189 629
1660 1691 219
1547 289 737
1760 685 1110
825 572 1585
344 1025 497
1631 993 818
1186 1544 769
478 1632 1589
718 279 321
1817 15 984
812 1760 1872
1248 988 1028
1060 1159 1755
1564 148 757
139 1909 1040
1165 1820 1351
1925 827 1145
324 1434 1298
391 1470 831
680 1944 1420
949 1712 1936
828 682 259
109 555 239
141 1566 1314
1932 795 676
709 75 684
715 975 1326
1256 946 1061
251 1339 1702
234 387 1761
1596 488 295
1121 792 645
550 1666 1920
1753 716 218
1142 656 1009
207 1904 549
1847 797 787
1298 595 1862
700 226 1853
781 1940 408
875 365 1826
1313 2 1450
1222 947 1588
1333 945 1527
1102 214 1
278 1180 1321
710 120 1064
679 702 1336
1506 78 17
378 1277 800
1771 704 324
631 1425 1735
667 1033 82
1433 417 1085
955 889 908
1505 734 1502
123 1894 111
1642 314 669
1645 833 758
537 1791 10
891 52 1534
412 158 1074
1366 1110 1886
562 74 548
1434 1055 872
1903 1594 912
553 1536 1112
132 434 1334
1275 385 293
1447 1561 1026
64 1320 760
1833 273 521
263 496 1171
285 85 164
1608 1311 92
149 511 1063
1035 675 396
144 1183 939
1711 1714 352
1390 1877 1096
1 765 380
819 1526 1557
187 874 1794
362 542 559
557 1124 563
1357 709 1199
325 1318 90
46 512 1573
1375 1521 1584
905 1663 254
585 12 846
1020 979 536
1774 1397 1364
431 1798 913
82 5 1478
87 1827 690
1755 1795 1830
1263 958 1740
756 948 1120
544 747 1067
1169 1393 1214
1612 139 363
1787 1589 775
824 436 490
1589 187 22
619 535 748
945 1518 1439
1315 1901 1038
1103 585 377
1242 252 1236
1468 876 1465
1820 1729 1725
1502 1145 1617
1432 1670 1140
439 192 1916
1070 973 704
1448 1933 602
1641 1301 1213
1590 359 15
1513 54 1211
493 1061 1894
1791 648 956
625 1392 616
1019 1422 1296
1140 1175 1007
232 634 1575
843 1365 836
844 498 1350
1609 1136 1789
480 1244 1404
810 1066 847
1684 658 875
1751 1211 553
1662 1459 1087
157 420 1184
456 1080 1905
866 1757 489
1312 1830 215
258 1856 407
1233 18 326
900 326 1601
1430 1202 1701
254 1294 589
1756 701 1006
426 1166 1866
1425 596 588
766 278 1346
242 1889 1205
1945 1695 1696
370 803 1849
1402 858 1309
623 1871 1341
963 1067 1532
939 1108 1814
1424 1565 950
835 209 1473
1104 1003 1515
147 467 859
292 126 747
664 510 740
615 1327 612
136 1826 392
435 1535 247
733 869 1150
1426 1370 420
882 1562 176
1792 1171 708
745 1513 253
1784 1283 936
1685 27 530
288 1727 439
813 990 528
546 621 1394
1763 1083 531
673 1825 903
894 45 1479
249 179 1027
839 350 1267
1207 644 40
1697 649 558
1231 250 1268
607 1437 1752
1118 1657 1242
1112 1114 1278
1406 571 1247
784 182 492
724 1829 1100
1255 1602 456
104 479 1108
1047 231 274
1569 1353 1255
796 835 706
613 878 156
1673 173 1052
1937 190 1471
1757 1236 495
1089 1044 333
950 94 1582
527 944 434
472 181 1493
792 1405 996
1360 1882 761
1481 484 791
1149 982 249
942 731 1166
605 303 248
739 361 238
398 1075 371
1427 967 308
571 999 9
212 62 190
1694 1893 1398
1419 1652 1358
1485 249 263
521 660 982
1911 1881 341
518 382 126
193 321 213
256 960 1771
1868 43 1512
940 1692 571
895 328 1159
748 87 675
579 178 5
1835 942 925
874 1556 906
16 1701 1178
172 746 816
37 1184 1686
1261 860 1781
1597 131 772
1799 1605 359
230 719 87
481 1630 1143
1790 1878 777
1125 49 1634
725 1755 1401
826 1142 1227
1197 886 355
327 429 427
1411 856 1209
446 166 119
909 1615 1323
601 84 1572
1167 620 851
1491 742 958
171 1534 793
1036 614 45
351 1041 488
1452 1609 1489
1342 883 457
893 956 1182
95 1762 1169
1031 968 11
1318 608 1821
281 1460 291
1785 890 889
154 34 481
841 711 796
1083 248 628
1181 1465 1265
1593 1724 731
356 1378 474
549 499 1706
886 1900 1764
1404 1662 71
1155 472 1745
1936 996 307
1667 1064 312
163 953 615
160 1617 975
1192 1088 463
696 25 544
467 485 1607
1168 172 1287
1710 1390 600
699 1949 692
429 1296 376
1345 1321 86
563 477 809
1672 1314 512
219 1411 857
392 216 828
1899 1945 353
133 632 1672
380 1451 881
1731 1423 727
808 156 1792
1644 802 650
797 1697 773
1619 1796 525
1688 1555 1523
1914 655 843
1380 292 78
1068 998 1955
462 893 147
944 1549 1929
224 1845 83
1288 1899 1633
1654 1570 1606
423 1199 34
1415 1146 1782
1616 296 442
1655 1070 835
194 1299 1687
881 351 915
555 147 1472
1356 1157 752
551 834 1303
1545 913 729
678 1774 1495
451 688 725
1394 1076 494
1154 1596 1237
1211 455 861
1940 969 468
379 565 1263
1720 1008 399
1171 1593 968
1178 228 1783
1454 1853 242
674 136 173
1743 1415 1105
1674 13 1104
1754 251 201
838 1112 1233
299 1738 970
1376 1709 136
1077 929 784
933 256 581
1509 229 848
759 629 766
236 784 619
277 768 1952
1361 788 1419
1045 613 1374
1467 985 1392
1158 1915 1356
1938 421 880
1423 368 1127
1279 500 1611
1284 133 763
1798 440 141
409 728 771
208 262 710
427 1885 1121
419 1557 467
1141 276 60
1350 70 677
1099 1487 1377
671 1723 1710
864 53 762
1382 657 1272
741 1456 319
63 217 1602
788 1808 1249
1521 1841 389
1761 561 405
777 1759 895
1726 806 601
1934 1653 1431
1368 1417 1015
967 937 1942
442 580 798
538 1485 1221
25 1024 1828
936 961 698
736 1022 644
289 1056 945
490 483 1748
22 1016 445
1024 307 1675
38 1939 1610
584 1838 1311
918 294 1919
146 821 1526
317 1519 220
1808 383 1003
1319 631 210
1550 1267 1949
1306 1331 102
1902 29 1596
862 1580 292
491 1810 1827
1091 564 986
1446 1772 1191
524 1875 29
915 412 1034
960 185 1844
358 1541 854
1724 725 709
684 1051 413
1109 1752 1642
215 519 572
353 168 532
1497 698 69
1001 1167 1008
1740 1597 1888
1400 864 35
1396 100 1492
21 1732 1033
49 1743 1540
1072 72 916
54 494 323
1300 939 1880
1137 469 153
259 1429 261
1647 149 1376
1634 1868 1426
1475 598 1167
925 694 1498
703 1031 1842
1901 127 1749
1618 1671 736
959 1872 143
992 107 18
23 471 286
1650 1794 867
385 121 152
173 1120 336
1648 1253 150
340 868 1861
1544 218 1239
1639 1039 929
495 597 4
1766 836 1438
294 1510 598
1337 285 1022
437 21 1240
1341 772 901
1885 302 487
1056 616 899
1410 1693 882
1708 1278 1533
1391 516 114
1713 145 297
540 1711 365
196 1747 343
117 669 678
74 113 1146
1657 1087 1784
216 970 202
1296 780 1260
1636 622 1531
381 1366 1328
305 847 1019
626 374 42
610 1178 100
1225 1802 652
782 414 1834
1729 1079 99
971 1348 1107
156 1501 449
883 1608 562
400 1569 891
322 1942 1095
681 1505 155
916 1355 1204
1671 1682 1210
1042 1449 31
1287 1177 964
1821 1234 425
1594 356 552
1244 242 663
310 1761 1391
355 337 966
1302 1126 137
1487 1047 1137
749 1261 342
525 978 441
969 1193 1277
962 1833 447
729 838 356
218 872 972
1358 1865 479
1066 1532 1308
1613 1410 734
876 380 170
1876 80 1224
1482 977 547
1301 896 579
1247 1053 1098
183 19 1824
1830 1575 1042
375 745 1707
1706 1282 959
402 418 962
464 1584 265
803 456 289
1199 1251 756
954 165 1134
350 637 1716
273 1710 1647
511 1059 1882
1737 819 746
314 357 1252
804 1122 965
1353 568 1870
1873 1011 193
1185 1599 685
1679 1804 741
1196 1598 1676
956 522 1597
989 1726 110
162 1644 388
1542 1548 1056
130 1102 1290
250 51 1618
1782 686 1288
1705 1030 33
1601 290 144
899 1356 697
1819 1588 1615
778 1623 1544
853 1275 905
302 46 372
1538 1413 799
39 1004 313
1499 573 367
86 679 304
1173 1765 1944
1184 50 1090
827 1312 360
1860 1450 229
1055 1739 694
1831 583 1791
210 486 1257
1354 604 932
831 135 1715
814 416 1155
1814 815 1331
1016 360 1711
1872 1308 805
910 1855 358
1250 1823 1524
430 1285 1554
452 1371 1718
483 643 1695
651 243 1860
750 690 827
1349 1523 251
770 280 1024
1861 810 416
1465 1420 1361
424 646 808
301 1458 472
795 1685 1226
1643 239 1766
779 244 1379
221 1269 1312
794 577 1475
901 93 1902
1136 1589 849
116 322 1405
1212 861 829
1551 451 283
769 526 132
9 343 311
998 1750 1407
968 57 933
530 318 501
541 800 1722
45 1488 91
1585 1245 630
1581 617 928
1749 771 1704
1383 670 14
620 1073 1859
1098 1388 909
643 624 797
783 1814 715
1912 409 1742
1680 1231 1563
617 143 246
1397 1822 1119
966 1639 688
1514 1582 994
1591 1265 250
1464 905 1395
787 1815 1325
677 735 65
53 697 107
982 1631 874
1237 1842 1910
1395 1847 1501
1522 1634 1847
422 1305 414
591 1938 337
598 1736 1688
1587 1273 1951
1927 1522 666
974 1226 1457
997 1086 1117
252 323 1629
57 763 1189
177 1704 1131
975 1212 1903
1428 521 1330
1272 338 738
201 823 382
670 1840 322
1381 1658 1477
59 1424 513
1329 210 59
1322 609 200
1370 671 279
1367 1550 316
463 1688 135
798 65 32
1355 576 1246
62 270 1118
1651 1104 335
1658 236 954
1695 1403 1360
211 923 1519
1111 1811 443
1017 1132 993
641 24 115
101 777 491
1786 1622 1018
683 1730 471
1765 1440 317
1555 163 911
1511 684 1335
352 921 260
737 1101 1340
108 676 329
726 1326 1809
865 432 634
834 112 127
455 809 1846
698 1498 728
621 739 1513
466 769 556
134 1225 1551
821 1578 465
1865 1733 583
661 1374 1116
1254 726 801
60 1577 188
1629 804 726
246 839 103
751 1148 1443
441 1946 651
18 1062 1190
300 814 187
70 1214 739
500 951 117
1837 1745 309
417 1684 1142
1598 1611 1816
1851 1018 1448
1795 610 1912
1772 183 1897
120 1819 1777
816 1624 567
1623 1007 1207
135 55 888
539 1297 657
935 1191 537
1282 95 1925
1806 275 1424
1933 1368 404
951 489 712
1352 30 1917
504 460 402
180 1188 1433
543 1186 370
260 1576 823
845 1207 1915
1570 761 702
1364 349 459
560 1651 464
1652 427 112
1626 538 257
1161 1793 1373
1928 1408 43
693 766 1646
220 1000 1746
1500 1890 735
531 666 1750
873 852 1628
1299 316 722
863 1085 892
746 162 345
946 1648 665
244 441 233
343 1702 21
497 1093 167
1314 1335 976
1610 615 1088
176 1416 937
574 712 62
1046 919 1332
907 673 604
1336 1503 1383
445 1054 876
174 1947 957
757 1731 643
1863 1792 535
1543 1779 1857
668 1587 1496
113 600 1787
702 994 568
1095 882 476
1210 1517 1947
1503 1258 1529
609 1123 1031
686 1903 1817
912 1290 26
1764 539 1181
291 1198 981
150 1654 696
311 1699 1092
339 1529 1483
1067 1263 1600
421 1329 1192
92 897 1669
1890 579 1504
1308 501 1366
36 1233 837
1145 1769 1546
1599 1426 1500
44 1486 523
958 1767 686
1013 832 436
1556 1336 625
791 1048 719
1944 1638 1674
1690 578 79
987 152 1001
1438 1668 1414
1040 266 1893
1007 1683 938
1818 1238 151
1507 92 240
1840 1227 569
1230 566 1396
1206 1664 290
1605 1276 1788
1762 8 1868
1378 237 1073
275 1851 1316
1884 909 582
1105 1387 1157
335 444 825
1392 371 1759
1483 7 1488
1875 312 221
1304 1431 1225
479 334 934
102 1650 1215
1138 169 842
169 141 53
396 1433 1896
1769 1195 1805
1736 1208 325
202 626 48
1807 403 1183
1845 1255 1843
83 1902 623
1026 142 1928
1852 71 1295
508 186 148
833 528 1503
1797 200 268
1373 1359 196
712 1463 1904
1874 281 6
1090 1673 1416
410 1074 1799
474 254 140
1097 238 1317
1266 1786 566
1177 594 687
106 1223 863
420 1891 1726
1512 908 717
195 1389 1683
228 1209 1798
691 17 431
473 502 1354
1232 1375 423
1531 1281 595
645 1647 244
1919 1466 287
1853 1788 1654
735 1445 403
1473 787 180
1018 388 613
676 844 1025
1611 341 869
1004 603 101
1439 378 907
1707 1870 1938
371 1155 1580
1372 1443 262
115 1274 85
66 515 1577
1676 1380 186
1492 714 979
665 435 1772
984 1805 870
179 345 785
583 363 393
119 924 1831
685 627 824
920 981 789
1344 1040 451
1848 1797 1667
1114 1837 1754
126 1633 1685
1080 1402 52
1920 1468 23
443 1946 1163
1412 3 1284
1011 1298 243
280 1287 1813
1494 1189 1497
200 798 922
780 297 1136
41 677 504
980 879 1900
1316 457 624
1450 840 1081
1541 1204 1055
1535 1340 1658
653 525 751
401 424 1154
377 459 1122
772 1386 1950
1057 1807 485
1297 556 1666
977 1338 1294
1202 877 514
14 223 894
786 1895 1289
1922 1280 759
444 1316 3
785 1628 378
374 964 1875
152 268 338
226 1404 486
388 628 199
1012 1661 237
1758 1551 204
1146 867 1463
633 1197 1375
1405 224 520
572 1690 1829
203 144 1662
564 749 1080
1575 1201 1017
332 234 1869
648 109 1779
1310 1886 1731
255 849 505
1548 559 1878
1239 1806 639
663 1323 542
1915 775 1174
1183 530 529
235 880 386
515 1313 424
906 1373 1459
184 259 1274
1309 1147 1954
732 1060 318
1014 1546 96
869 1708 1698
1637 1809 16
1862 544 1891
818 404 1568
394 1636 381
1850 1121 330
97 1552 1774
1449 1675 1608
1950 1078 1892
1663 533 88
1328 1876 1850
488 305 1632
1633 1071 385
1151 1333 574
624 1032 493
389 1477 1614
461 1135 1591
1805 1400 271
268 563 1499
656 1948 401
1800 1613 1690
1907 98 1066
1546 76 1956
1471 1192 1510
602 1351 1153
658 475 1283
1079 164 1786
1533 463 732
506 1454 573
1829 1494 281
1457 989 473
1576 1357 691
1810 1741 1560
1152 1925 667
1889 1303 1593
384 1153 1010
1580 157 1086
1855 1252 1370
636 758 1841
857 103 1671
35 653 671
764 1787 30
1841 1728 13
1568 177 448
1469 245 1319
1253 738 930
805 1406 184
1686 934 1651
898 1758 1890
1157 1497 315
1050 1620 923
790 575 810
26 79 482
612 1069 1347
1418 590 550
533 651 1045
1198 215 1266
1823 1014 767
941 1540 592
1675 413 1132
1646 991 1313
182 689 1877
1058 1152 282
1028 1376 145
719 1464 1310
323 1763 1273
1236 1173 331
622 1264 1318
581 1642 410
1065 903 294
1283 1026 1881
1108 101 1343
460 1448 206
255 298 483
632 1217 893
627 1103 1558
1677 6 419
1387 952 1803
1277 1131 285
1882 744 614
303 117 1637
1245 873 517
1813 607 36
806 1095 1852
649 267 833
1735 865 314
695 33 1833
616 1181 64
1523 1781 611
1348 850 879
1153 1098 320
471 884 1353
29 1317 1927
807 1222 1765
341 419 1048
1280 781 1460
3 1932 1924
1515 325 1151
110 554 1194
1139 774 1462
1339 346 76
1116 1936 963
1577 1218 284
1587 636 1592
405 415 794
1241 584 347
84 1430 516
1653 154 278
1495 59 1528
775 1583 1914
267 779 811
1422 1751 605
1583 1020 212
1027 1182 1046
72 1149 1744
535 1266 1329
589 1553 387
364 980 670
608 1511 24
822 1484 108
486 1635 1000
1119 402 1583
707 31 368
1748 1721 1657
434 48 661
271 491 348
1407 449 1436
282 448 288
669 773 1636
1251 933 584
1462 642 1011
257 1926 1083
722 462 1101
1022 150 1222
1015 1049 518
1519 287 1677
1038 587 1484
908 1232 1521
559 261 910
1291 1394 124
522 1883 1307
1918 386 1069
312 1325 228
1894 1696 864
534 340 306
262 1455 1885
1689 801 475
1132 1300 1561
1023 532 1552
223 1140 452
512 377 203
1793 22 699
308 1050 1728
320 1824 81
1486 1444 1537
1682 703 647
872 932 104
1815 1581 440
62 1295 1409
100 1764 214
1880 791 8
199 1210 1943
279 1887 1599
1822 1834 935
111 1343 597
1124 1221 1432
88 854 1490
1085 846 391
330 1913 217
190 723 46
1033 1492 1036
1701 593 157
629 1419 280
469 1058 1264
1567 1291 276
297 119 822
1574 786 1165
185 785 1147
999 1857 1631
1135 807 878
357 954 1587
1201 227 730
889 1500 1737
1692 1107 1231
666 757 346
991 1176 185
382 110 192
1526 1023 146
542 1574 637
387 1873 109
91 916 1689
1064 1864 1193
103 1862 1541
52 82 1170
1525 1937 68
432 1216 1412
600 623 1367
1896 1813 159
272 1558 931
1160 391 1661
1659 811 539
386 373 1734
189 1467 820
1286 44 638
983 857 310
1768 992 714
1445 633 1482
1249 750 339
76 1874 1349
1325 1409 1320
1621 1499 1203
976 1928 819
1078 558 462
1719 1507 591
721 1270 379
27 1737 926
1770 1235 232
1234 9 1522
148 678 1635
1681 1111 1279
1444 1035 231
1008 1678 792
31 732 577
1560 116 207
1374 647 1622
952 1421 450
1221 396 1712
593 1784 1639
450 1187 269
237 551 1186
767 1780 1721
705 327 1275
558 1694 433
399 1908 270
929 1884 1796
1722 1224 844
1123 1531 561
1129 39 1179
269 680 98
131 375 1699
514 372 1653
393 1897 1659
366 42 1514
554 69 902
919 1361 477
1537 720 1536
77 247 1435
121 114 357
704 14 121
1923 1564 1604
158 1567 234
1849 286 1333
1488 1929 1378
1096 1094 1549
1293 1118 917
847 915 1940
1113 1428 594
830 390 555
1041 1246 235
1209 962 1365
880 1817 534
1723 901 1434
1727 705 538
890 654 1760
730 724 1451
728 1656 896
1271 974 1446
436 700 44
568 1292 1156
365 1129 814
1476 805 223
1324 342 711
1107 1160 681
1930 638 1747
1557 859 1442
1346 930 390
878 1241 1743
413 663 1543
1809 1013 1078
994 1414 27
823 650 429
964 333 172
1565 213 749
1857 935 636
1443 454 255
1164 1744 802
851 1687 241
1856 917 1576
359 729 631
937 1068 1906
1363 1473 57
19 1643 1144
517 348 1812
198 1616 1302
1516 67 344
948 1778 646
205 900 1487
1122 541 554
854 40 1161
1834 1220 1612
453 1706 1371
1470 60 1115
1347 308 125
1162 1128 1648
985 1828 1076
181 664 1673
