289 320
75 195 251
75 118 21
118 224 108
26 224 283
26 93 296
93 197 242
31 197 280
31 61 302
61 59 101
59 195 49
195 234 287
234 55 170
55 261 59
261 166 180
166 32 112
250 32 131
250 139 29
139 126 78
126 4 64
195 4 70
32 67 2
67 174 241
174 68 261
68 275 169
275 204 30
249 204 141
249 128 100
128 243 176
243 144 17
32 144 25
204 238 285
238 107 96
107 280 61
280 57 124
57 191 272
148 191 218
148 159 213
159 232 102
232 111 256
204 111 316
191 10 115
10 120 214
120 178 88
178 263 51
263 41 178
47 41 257
47 168 63
168 92 210
92 289 10
191 289 205
41 143 44
143 283 105
283 7 238
7 60 145
60 279 308
230 279 230
230 172 119
172 141 260
141 156 13
41 156 186
279 223 33
223 212 136
212 74 47
74 247 19
247 82 208
231 82 73
231 89 138
89 264 162
264 219 104
279 219 20
82 222 223
222 160 148
160 17 66
17 203 267
203 189 125
267 189 146
267 216 159
216 8 18
8 202 217
82 202 301
189 225 224
225 81 164
81 19 277
19 53 244
53 108 114
34 108 193
34 138 226
138 129 43
129 241 97
189 241 181
108 91 294
91 76 209
76 253 314
253 18 269
18 217 236
242 217 32
242 268 89
268 207 286
207 56 248
108 56 27
217 162 9
162 38 38
38 133 194
133 235 69
235 1 52
1 201 278
201 52 123
52 134 3
134 66 139
217 66 231
224 114 312
114 273 15
273 228 195
228 43 85
43 115 41
183 115 182
183 192 270
192 233 288
233 226 57
224 226 289
115 196 129
196 109 291
109 208 107
208 146 34
146 65 75
79 65 167
79 184 206
184 152 258
152 85 121
115 85 282
65 277 16
277 83 153
83 11 249
11 12 151
12 258 177
33 258 62
33 158 143
158 262 67
262 259 109
65 259 311
258 245 26
245 155 232
155 255 137
255 286 254
286 62 54
36 62 76
36 171 319
171 49 72
49 161 297
258 161 200
62 285 134
285 121 295
121 35 132
35 37 276
37 254 271
88 254 317
88 116 279
116 190 252
190 164 77
62 164 284
254 251 300
251 110 68
110 106 171
106 58 82
58 40 175
276 40 274
276 51 126
51 87 305
87 240 24
254 240 12
40 54 163
54 69 304
69 140 313
140 105 202
105 229 165
122 229 28
122 104 135
104 5 45
5 287 215
40 287 14
229 167 90
167 46 116
46 165 211
165 199 227
199 214 281
278 214 60
278 149 212
149 98 268
98 124 247
229 124 192
214 27 221
27 248 190
248 173 86
173 72 103
72 22 113
13 22 204
13 198 235
198 221 307
221 256 220
214 256 150
22 187 309
187 257 174
257 64 292
64 246 196
246 2 50
2 181 127
181 142 216
142 182 65
182 77 92
22 77 48
197 70 183
70 130 187
130 169 37
169 97 42
97 9 179
215 9 207
215 244 79
244 151 36
151 6 266
197 6 199
9 50 191
50 117 233
117 131 71
131 29 81
29 78 237
163 78 87
163 188 184
188 154 275
154 176 318
9 176 56
78 266 110
266 63 142
63 39 222
39 125 255
125 193 197
96 193 95
96 15 225
15 260 53
260 206 264
78 206 298
193 153 22
153 239 6
239 113 299
113 23 84
23 45 306
71 45 265
71 237 189
237 236 99
236 132 133
193 132 315
45 20 1
20 137 158
137 272 293
272 288 144
288 48 234
270 48 39
270 99 46
99 14 128
14 218 263
45 218 58
25 48 23
25 135 320
135 136 259
136 157 239
157 86 246
30 86 219
30 200 74
200 271 188
271 205 94
205 48 117
86 84 155
84 24 35
24 123 303
123 100 166
100 177 228
179 177 154
179 102 83
102 112 106
112 209 157
86 209 7
177 127 185
127 16 130
16 180 4
180 80 160
80 282 31
186 282 98
186 90 11
90 185 118
185 94 120
177 94 310
282 101 122
101 73 203
73 213 253
213 175 91
175 150 152
95 150 5
95 252 149
252 211 240
211 227 243
282 227 161
150 119 80
119 170 8
170 284 273
284 269 172
269 3 168
3 103 245
103 44 198
44 274 55
274 21 201
150 21 290
48 194 140
194 265 111
265 42 173
42 28 93
28 210 250
210 281 40
281 147 156
147 220 229
220 145 147
48 145 262
