449 480
446 168 59
446 216 348
216 443 47
443 148 305
148 46 386
204 46 205
204 61 454
61 28 247
28 265 112
265 258 466
318 258 286
318 64 270
64 84 123
84 12 86
12 168 46
168 441 415
441 305 165
305 41 219
41 80 451
80 114 370
114 247 156
247 288 208
435 288 476
435 69 161
69 62 256
62 108 235
108 53 468
53 42 295
42 143 341
168 143 380
288 377 372
377 230 287
230 149 347
149 384 458
384 137 130
137 340 206
340 166 417
374 166 40
374 70 249
70 199 38
199 126 315
126 105 418
105 389 365
389 425 55
288 425 332
166 379 15
379 260 3
260 240 283
240 138 463
138 142 148
142 203 361
203 304 388
5 304 217
5 133 191
133 310 44
310 141 307
141 60 379
60 314 423
314 174 1
166 174 195
304 286 202
286 91 331
91 252 446
252 228 222
228 18 189
18 164 237
164 140 436
136 140 440
136 165 163
165 237 262
237 348 74
348 128 367
128 118 478
118 364 71
304 364 282
140 50 433
50 242 445
242 171 477
171 177 414
177 268 403
268 139 85
139 282 456
195 282 173
195 324 143
324 347 81
347 185 14
185 222 429
222 325 244
325 14 134
140 14 158
282 375 138
375 302 281
302 55 467
55 344 149
344 365 141
365 387 218
387 191 421
338 191 107
338 220 113
220 15 455
15 154 180
154 163 225
163 232 453
232 78 221
282 78 312
191 173 362
173 124 98
124 229 250
229 337 465
337 44 228
44 327 432
327 273 9
437 273 99
437 408 377
408 416 261
416 127 277
127 363 356
363 415 427
415 98 447
191 98 334
273 188 441
188 293 437
293 354 13
354 378 126
378 52 159
52 82 124
82 112 311
335 112 422
335 193 390
193 349 35
349 179 473
179 406 152
406 40 184
40 178 89
273 178 273
112 382 230
382 439 472
439 250 91
250 393 354
393 244 339
244 360 95
360 243 352
321 243 84
321 25 426
25 30 399
30 409 194
409 306 160
306 438 50
438 270 94
112 270 394
243 254 325
254 248 132
248 4 252
4 65 474
65 7 232
7 218 21
218 1 226
1 300 90
300 239 125
239 341 147
341 294 24
294 123 220
123 269 69
269 309 452
243 309 17
46 291 357
291 385 263
385 159 254
159 101 355
101 45 240
45 131 215
131 100 248
355 100 83
355 255 430
255 176 444
176 119 253
119 38 294
38 207 344
207 292 291
46 292 101
100 183 203
183 422 216
422 115 408
115 21 133
21 405 198
405 209 306
209 92 207
234 92 288
234 208 65
208 256 278
256 24 54
24 264 384
264 370 274
370 180 146
100 180 60
92 221 428
221 357 366
357 420 185
420 226 360
226 440 364
440 9 241
9 339 61
235 339 181
235 403 346
403 225 6
225 284 36
284 395 187
395 88 22
88 376 223
92 376 304
339 358 450
358 238 308
238 39 239
39 280 393
280 23 171
23 274 182
274 107 53
109 107 96
109 383 18
383 34 162
34 352 104
352 417 64
417 307 209
307 16 328
339 16 102
49 107 157
49 398 326
398 428 110
428 278 333
278 442 136
442 90 234
90 297 155
47 297 368
47 6 231
6 81 26
81 217 411
217 129 66
129 155 303
155 26 213
26 107 170
297 170 201
170 313 475
313 388 336
388 48 88
48 219 382
219 332 313
332 184 8
99 184 172
99 153 39
153 329 108
329 116 409
116 308 153
308 381 176
381 418 168
297 418 349
184 89 25
89 267 272
267 419 290
419 63 448
63 97 324
97 430 115
430 110 70
259 110 167
259 202 443
202 433 279
433 158 271
158 157 438
157 215 369
215 19 391
184 19 12
110 380 266
380 96 257
96 144 135
144 201 193
201 156 378
156 196 407
196 423 116
316 423 190
316 412 265
412 315 435
315 74 92
74 356 75
356 102 48
102 298 345
110 298 395
423 29 11
29 331 32
331 58 188
58 85 460
85 86 258
86 77 179
77 397 439
253 397 297
253 322 177
322 303 28
303 328 359
328 72 293
72 421 419
421 66 330
423 66 371
397 429 424
429 227 374
227 295 238
295 8 210
8 445 4
445 436 186
436 2 56
2 54 212
54 181 479
181 151 320
151 386 127
386 36 105
36 22 246
22 366 400
397 366 41
258 147 321
147 233 413
233 76 471
76 359 398
359 434 310
434 285 316
285 301 353
391 301 363
391 277 260
277 13 151
13 343 227
343 320 412
320 117 224
117 402 469
258 402 299
301 296 62
296 205 45
205 432 229
432 67 120
67 275 464
275 392 243
392 281 375
394 281 373
394 271 140
271 426 431
426 211 29
211 130 385
130 206 383
206 134 178
301 134 284
281 210 204
210 104 33
104 152 2
152 194 255
194 448 457
448 245 396
245 263 142
431 263 322
431 407 139
407 57 169
57 187 117
187 132 166
132 367 462
367 287 296
281 287 199
263 350 51
350 283 106
283 262 323
262 20 200
20 276 43
276 186 197
186 410 72
121 410 233
121 35 268
35 79 20
79 146 300
146 17 31
17 43 338
43 135 302
263 135 337
410 94 420
94 111 114
111 175 275
175 390 57
390 345 30
345 411 425
411 399 245
161 399 343
161 311 192
311 266 342
266 37 5
37 212 401
212 353 52
353 95 470
410 95 129
399 342 269
342 334 410
334 213 214
213 447 150
447 413 285
413 56 351
56 312 459
404 312 319
404 346 145
346 323 314
323 103 387
103 162 480
162 231 80
231 236 405
399 236 404
312 145 449
145 372 276
372 317 183
317 172 251
172 396 392
396 11 236
11 214 327
71 214 317
71 241 79
241 106 16
106 160 434
160 224 37
224 257 42
257 73 298
312 73 376
214 192 97
192 444 128
444 261 58
261 33 301
33 198 381
198 75 144
75 289 118
182 289 196
182 113 87
113 190 174
190 336 340
336 326 111
326 414 76
414 251 416
214 251 280
289 319 67
319 223 122
223 362 267
362 401 292
401 369 68
369 93 121
93 279 461
27 279 264
27 351 175
351 249 77
249 299 63
299 51 119
51 449 259
449 330 406
289 330 211
279 272 19
272 59 164
59 400 103
400 361 7
361 290 100
290 189 82
189 3 350
3 197 34
197 424 397
424 368 289
368 32 442
32 373 358
373 83 49
83 167 335
279 167 109
107 200 10
200 169 93
169 246 27
246 87 329
87 150 389
150 68 318
68 125 137
125 371 131
371 122 154
122 31 242
31 427 23
427 10 78
10 333 73
333 120 309
107 120 402
