609 640
49 88 277
49 258 158
258 531 139
531 275 237
275 454 35
454 244 428
293 244 71
293 437 172
437 567 280
567 4 325
4 577 242
577 170 415
170 31 63
440 31 418
440 20 118
20 256 533
256 522 456
522 89 42
89 8 48
8 88 319
88 80 529
80 91 544
91 18 253
18 213 482
213 419 38
419 78 225
78 423 265
423 367 458
367 517 370
517 458 216
558 458 203
558 555 207
555 360 476
360 114 548
114 429 5
429 470 436
470 10 243
10 607 25
607 210 507
88 210 102
458 578 394
578 92 18
92 123 157
123 267 184
267 221 581
221 484 100
484 17 423
17 604 19
604 441 128
441 546 634
394 546 164
394 540 66
540 174 364
174 573 468
573 545 583
545 553 462
553 296 303
296 310 290
310 300 97
458 300 232
546 435 614
435 445 628
445 232 13
232 252 312
252 412 502
412 119 52
119 117 141
117 476 195
476 299 497
299 168 365
536 168 7
536 332 547
332 271 463
271 503 205
503 59 429
59 505 357
505 462 114
462 208 410
208 273 618
546 273 148
168 520 451
520 460 208
460 448 227
448 559 504
559 342 598
342 73 310
73 364 98
364 375 355
375 298 292
298 326 123
173 326 593
173 146 196
146 171 543
171 215 545
215 305 363
305 596 531
596 157 59
157 145 87
145 381 352
168 381 46
326 345 576
345 444 40
444 178 588
178 14 287
14 467 358
467 9 220
9 372 466
372 515 454
515 46 424
46 71 396
548 71 509
548 477 571
477 409 308
409 272 77
272 280 281
280 154 201
154 175 636
175 598 15
598 309 508
326 309 622
71 318 459
318 433 541
433 414 90
414 238 260
238 461 444
461 400 562
400 421 402
421 426 49
426 295 638
295 246 153
182 246 181
182 518 606
518 86 233
86 516 609
516 38 556
38 223 155
223 359 192
359 177 457
177 274 3
71 274 483
246 417 67
417 365 563
365 286 180
286 386 567
386 561 587
561 51 498
51 116 484
116 402 80
402 322 324
322 57 572
62 57 315
62 209 375
209 113 130
113 72 272
72 321 136
321 188 435
188 155 43
155 532 2
532 58 564
246 58 561
57 229 401
229 167 580
167 380 339
380 184 51
184 552 400
552 556 193
556 41 255
41 328 553
328 195 350
195 285 343
488 285 490
488 133 8
133 401 267
401 112 372
112 530 601
530 333 246
333 102 551
102 231 210
231 191 420
57 191 143
285 502 131
502 39 416
39 427 191
427 373 44
373 349 371
349 190 425
190 290 395
290 506 190
506 241 477
241 99 188
43 99 183
43 169 137
169 354 166
354 416 612
416 487 68
487 527 92
527 48 231
48 410 359
410 313 540
285 313 450
99 151 116
151 25 306
25 294 31
294 282 633
282 47 74
47 597 335
597 100 32
100 130 82
130 144 320
144 1 178
1 492 392
492 398 351
398 591 566
591 336 408
336 81 316
81 434 30
434 413 599
413 480 506
480 287 592
99 287 106
244 239 341
239 207 321
207 111 467
111 491 640
491 166 26
166 159 594
159 138 83
138 279 368
279 317 434
317 222 620
27 222 197
27 142 60
142 251 133
251 304 349
304 534 503
534 269 512
269 346 4
346 439 257
439 353 532
244 353 500
222 255 558
255 230 11
230 397 37
397 93 286
93 172 629
172 513 176
513 104 399
104 52 625
52 24 256
24 514 499
21 514 511
21 101 377
101 161 23
161 45 261
45 587 167
587 406 249
406 449 238
449 292 268
292 23 487
222 23 124
514 422 254
422 248 494
248 494 417
494 277 472
277 408 27
408 504 336
504 443 173
443 606 258
606 357 437
357 42 376
366 42 384
366 384 154
384 588 515
588 319 493
319 106 535
106 456 624
456 601 1
601 15 288
15 107 513
514 107 9
42 160 115
160 261 475
261 363 405
363 53 568
53 442 480
442 74 244
74 586 104
586 348 278
348 430 311
430 234 58
529 234 330
529 200 89
200 351 526
351 236 431
236 103 479
103 194 582
194 82 393
82 105 549
105 493 524
42 493 345
234 509 333
509 77 366
77 574 57
574 453 426
453 403 340
403 376 202
376 264 439
264 19 113
19 483 597
483 533 86
127 533 289
127 388 64
388 297 626
297 544 414
544 316 151
316 605 215
605 330 478
330 499 570
499 40 20
234 40 209
533 262 222
262 464 615
464 120 528
120 192 149
192 187 10
187 374 433
374 94 521
94 36 596
36 283 465
283 303 291
378 303 337
378 420 486
420 600 301
600 572 605
572 270 206
270 260 266
260 369 331
369 584 523
584 245 163
533 245 305
303 370 221
370 181 441
181 592 170
592 526 382
526 79 300
79 501 367
501 507 527
507 489 460
489 128 234
128 212 169
355 212 212
355 549 99
549 382 360
382 340 530
340 368 88
368 582 534
582 196 76
196 539 105
539 325 198
303 325 353
212 284 565
284 220 610
220 50 95
50 165 53
165 308 70
308 315 302
315 179 346
179 389 228
389 147 510
147 135 29
320 135 185
320 253 174
253 162 557
162 525 559
525 347 152
347 35 270
35 393 252
393 214 430
214 63 471
212 63 623
135 585 537
585 249 344
249 424 554
424 224 271
224 16 481
16 334 579
334 11 585
11 579 403
579 547 397
547 481 616
143 481 586
143 404 211
404 70 297
70 186 41
186 84 187
84 83 110
83 125 389
125 66 550
66 455 247
135 455 165
481 139 161
139 471 127
471 446 388
446 569 413
569 226 283
226 276 409
276 482 595
482 497 214
497 131 406
131 2 78
2 415 505
415 164 501
164 563 404
563 542 314
542 97 12
97 329 182
329 26 263
26 511 14
511 361 607
481 361 179
31 407 464
407 543 591
543 425 47
425 468 109
468 96 186
96 431 304
431 385 637
385 278 6
278 136 75
136 595 378
474 595 294
474 7 590
7 185 326
185 225 229
225 216 156
216 265 36
265 463 269
463 65 447
65 331 307
31 331 589
595 28 342
28 13 632
13 519 575
519 180 125
180 44 518
44 259 639
259 37 438
37 29 569
29 362 469
362 450 200
5 450 81
5 466 539
466 350 560
350 327 108
327 56 617
56 383 17
383 500 138
500 323 28
323 581 121
595 581 348
450 570 602
570 392 56
392 568 73
568 254 421
254 227 329
227 485 107
485 564 223
564 250 54
250 150 449
150 358 536
95 358 379
95 356 264
85 356 492
85 341 627
341 263 282
263 201 33
201 69 189
69 211 317
211 580 295
450 580 285
358 377 385
377 306 24
306 602 140
602 98 147
98 452 573
452 576 332
576 343 259
343 108 514
108 575 600
575 149 171
76 149 519
76 243 473
243 451 274
451 344 262
344 193 578
193 432 552
432 206 69
206 141 146
141 324 250
358 324 240
149 217 412
217 288 65
288 152 235
152 307 84
307 237 411
237 233 218
233 554 39
554 557 119
557 126 111
126 218 369
538 218 251
538 291 236
291 153 279
153 257 488
257 609 273
609 312 604
312 411 635
411 590 445
590 240 491
149 240 555
218 75 327
75 314 538
314 560 338
560 30 299
30 54 603
54 33 293
33 457 347
457 268 323
268 22 21
22 436 354
55 436 96
55 242 239
242 289 16
289 132 356
132 134 275
134 203 470
203 510 381
510 34 522
34 6 452
218 6 199
436 301 122
301 447 577
447 472 93
472 390 22
390 219 94
219 603 574
603 473 72
473 204 34
204 599 298
599 387 398
302 387 177
302 32 496
32 228 168
228 395 383
395 537 520
537 183 135
183 199 373
199 338 241
338 475 374
436 475 453
387 90 160
90 496 126
496 121 142
121 524 159
524 495 361
495 550 213
550 118 144
118 571 284
571 109 448
109 339 318
459 339 112
459 64 150
64 156 485
156 498 546
498 87 443
87 335 101
335 551 542
551 593 495
593 176 386
387 176 162
339 521 45
521 418 296
418 541 55
541 205 613
205 478 387
478 311 391
311 608 145
608 235 103
235 508 440
508 140 432
405 140 422
405 163 219
163 565 91
565 68 226
68 61 407
61 562 328
562 247 309
247 566 85
566 371 217
339 371 489
140 594 175
594 490 461
490 60 525
60 189 516
189 12 334
12 589 132
589 396 419
396 148 631
148 197 134
197 3 362
3 115 630
115 352 194
352 479 584
479 583 61
583 391 322
391 469 390
469 486 455
486 535 79
535 438 621
140 438 230
356 158 619
158 198 120
198 122 380
122 379 276
379 137 248
137 281 313
281 67 474
67 266 62
266 337 245
337 202 611
202 523 608
523 124 442
124 129 204
129 465 50
465 512 517
512 428 117
428 399 427
399 110 129
110 528 446
356 528 224
