673 704
7 71 525
7 284 80
284 505 317
505 289 321
289 336 210
336 658 234
658 403 406
97 403 580
97 275 118
275 197 466
197 280 622
280 585 349
585 542 224
542 489 514
42 489 238
42 310 630
310 78 310
78 21 689
21 584 357
584 467 264
467 31 574
31 71 398
71 267 235
267 478 216
478 147 57
147 541 267
541 669 491
669 269 315
269 613 133
613 225 320
225 188 168
188 491 468
491 602 55
59 602 690
59 619 576
619 296 228
296 349 261
349 262 392
262 181 597
181 389 303
389 189 407
189 539 440
539 221 419
71 221 601
602 362 153
362 536 607
536 81 98
81 29 59
29 167 554
167 329 605
329 547 242
547 144 631
144 347 306
347 76 203
76 117 33
620 117 197
620 470 25
470 365 560
365 656 48
656 268 339
268 375 489
375 99 584
99 279 581
279 309 160
309 466 67
602 466 302
117 465 65
465 192 687
192 248 108
248 95 88
95 382 240
382 185 467
185 164 520
164 215 452
215 235 500
235 507 566
507 226 391
510 226 610
510 573 676
573 168 2
168 574 521
574 72 602
72 476 156
476 24 516
24 672 227
672 589 409
589 161 316
117 161 70
226 278 164
278 227 286
227 252 649
252 332 257
332 334 207
334 121 121
121 115 651
115 291 682
291 86 429
86 444 47
444 174 343
324 174 313
324 249 311
249 395 562
395 477 249
477 426 244
426 340 445
340 237 702
237 391 569
391 176 69
176 609 140
226 609 328
174 540 541
540 495 245
495 457 657
457 638 461
638 417 590
417 543 331
543 513 395
513 36 9
36 203 426
203 646 432
646 23 94
450 23 612
450 367 144
367 143 464
143 520 127
520 545 433
545 135 125
135 240 262
240 563 146
563 73 184
73 140 644
174 140 134
23 218 29
218 223 132
223 634 372
634 590 270
590 661 609
661 592 390
592 222 226
222 342 109
342 199 490
199 409 551
409 558 282
521 558 123
521 359 148
359 515 129
515 645 567
645 412 145
412 583 199
583 261 458
261 34 377
34 39 412
39 272 45
23 272 559
558 250 289
250 644 83
644 642 318
642 322 367
322 264 674
264 154 64
154 160 208
160 175 369
175 52 506
52 304 89
304 156 273
294 156 656
294 523 424
523 434 31
434 650 531
650 626 634
626 38 365
38 611 285
611 266 288
266 328 370
328 572 503
558 572 353
156 126 218
126 441 332
441 629 699
629 55 629
55 471 529
471 473 304
473 461 561
461 655 130
655 411 542
411 502 376
502 331 427
12 331 696
12 247 550
247 373 473
373 90 384
90 433 447
433 158 209
158 557 680
557 303 425
303 118 677
118 401 56
156 401 497
331 610 149
610 363 243
363 198 444
198 41 555
41 290 54
290 474 675
474 179 701
179 113 658
113 254 93
254 564 161
564 102 193
300 102 5
300 171 695
171 96 685
96 151 274
151 190 222
190 636 527
636 663 24
663 374 664
374 305 177
305 341 287
331 341 587
102 92 483
92 366 214
366 614 639
614 570 13
570 388 330
388 98 139
98 560 85
560 348 36
348 469 512
469 56 652
56 1 253
1 245 459
245 659 272
659 378 6
378 652 23
652 44 358
44 35 460
35 94 15
94 447 593
447 660 71
660 430 417
102 430 51
403 569 200
569 80 104
80 532 112
532 85 600
85 643 510
643 148 252
148 361 103
361 270 292
270 253 383
253 20 248
20 605 231
204 605 463
204 346 528
346 68 342
68 317 92
317 285 335
285 398 670
398 455 382
455 369 37
369 427 128
427 420 596
403 420 20
605 555 362
555 579 585
579 630 26
630 110 636
110 501 475
501 283 136
283 498 678
498 487 233
487 257 165
257 415 213
415 360 633
357 360 641
357 62 669
62 9 480
9 124 589
124 260 568
260 358 336
358 103 143
103 405 623
405 506 635
506 480 172
605 480 90
360 623 219
623 18 173
18 414 155
414 8 505
8 339 617
339 65 250
65 554 637
554 616 477
616 4 642
4 293 504
293 488 352
231 488 534
231 482 333
482 159 572
159 141 322
141 163 66
163 582 40
582 407 182
407 326 340
326 639 53
639 463 540
360 463 513
488 152 653
152 462 17
462 618 101
618 67 692
67 244 100
244 47 575
47 196 28
196 93 87
93 552 3
552 335 157
335 301 694
587 301 30
587 379 4
379 166 301
166 496 579
496 673 673
673 142 423
142 633 606
633 578 625
578 131 110
131 670 437
488 670 225
301 256 116
256 33 178
33 60 299
60 559 474
559 205 258
205 372 281
372 514 586
514 443 686
443 213 60
213 377 305
377 19 603
368 19 256
368 14 99
14 53 470
53 423 671
423 512 532
512 599 388
599 553 563
553 484 12
484 402 478
402 601 543
301 601 297
19 207 176
207 503 645
503 343 582
343 345 508
345 165 19
165 518 236
518 288 399
288 311 465
311 456 526
456 355 265
355 298 594
576 298 693
576 392 171
392 370 663
370 494 158
494 202 565
202 239 162
239 624 174
624 11 608
11 116 135
116 631 647
19 631 501
298 238 499
238 186 186
186 568 151
568 229 595
229 149 494
149 387 418
387 133 648
133 396 260
396 534 251
534 106 191
106 312 430
295 312 401
295 649 691
649 597 347
597 594 422
594 527 138
527 69 77
69 598 38
598 431 544
431 282 704
282 100 117
298 100 535
312 242 588
242 468 22
468 384 359
384 390 620
390 195 386
195 184 451
184 187 538
187 74 420
74 302 435
302 46 7
46 327 41
61 327 661
61 500 86
500 208 530
208 546 548
546 315 152
315 453 578
453 429 442
429 419 456
419 499 522
499 376 241
312 376 380
327 108 43
108 621 404
621 406 698
406 220 389
220 28 325
28 17 167
17 566 195
566 308 119
308 40 187
40 504 482
504 212 97
380 212 385
380 216 523
216 475 120
475 217 126
217 440 511
440 50 405
50 211 616
211 209 329
209 577 518
577 424 577
327 424 42
212 511 443
511 323 414
323 88 441
88 162 201
162 178 105
178 63 453
63 170 192
170 490 495
490 145 628
145 111 679
111 2 402
2 588 74
588 581 446
581 271 583
271 273 469
273 538 415
538 653 604
653 537 150
537 320 232
320 492 237
492 101 114
212 101 592
489 75 254
75 600 124
600 255 360
255 394 10
394 668 72
668 274 32
274 665 455
665 596 344
596 622 517
622 446 571
446 120 190
292 120 334
292 15 269
15 666 545
666 150 294
150 353 350
353 637 614
637 173 278
173 667 515
667 562 428
562 105 221
489 105 638
120 232 626
232 381 640
381 26 573
26 404 684
404 183 61
183 449 141
449 214 27
214 155 591
155 526 659
526 66 379
66 508 448
604 508 502
604 416 198
416 114 564
114 422 375
422 333 75
333 640 374
640 316 496
316 287 175
287 454 296
454 83 290
120 83 163
508 49 519
49 138 356
138 452 599
452 408 247
408 625 434
625 371 229
371 104 308
104 632 14
632 137 481
137 45 84
45 351 471
129 351 438
129 535 507
535 425 73
425 612 81
612 246 416
246 277 431
277 32 556
32 325 1
325 464 361
464 91 215
508 91 255
351 306 181
306 281 410
281 410 169
410 338 346
338 428 539
428 528 298
528 548 396
548 448 546
448 393 672
393 651 403
651 664 533
157 664 307
157 37 111
37 51 185
51 432 351
432 485 393
485 413 476
413 64 536
64 561 667
561 530 411
530 119 557
351 119 189
664 182 142
182 628 660
628 180 681
180 58 49
58 337 202
337 525 524
525 442 549
442 421 615
421 228 154
228 234 58
234 586 183
22 586 102
22 84 348
84 354 498
354 206 368
206 319 76
319 77 147
77 177 280
177 662 107
662 591 646
591 603 472
664 603 300
586 516 487
516 43 21
43 194 314
194 89 35
89 571 439
571 146 413
146 567 323
567 458 8
458 565 63
565 627 355
627 201 454
87 201 62
87 259 266
259 445 337
445 352 220
352 671 397
671 107 279
107 16 115
16 172 492
172 125 462
125 299 239
586 299 363
201 123 378
123 437 263
437 400 39
400 128 697
128 641 509
641 191 246
191 169 44
169 615 82
615 79 341
79 134 457
134 451 50
460 451 326
460 314 46
314 479 371
479 330 137
330 593 78
593 82 668
82 321 122
321 54 662
54 575 479
575 550 558
201 550 436
451 5 291
5 132 683
132 263 627
263 243 400
243 519 650
519 139 11
139 25 283
556 25 688
556 57 327
57 608 485
608 313 619
385 313 449
385 635 180
635 529 16
529 531 52
531 6 666
6 112 275
112 472 170
472 524 284
524 383 268
383 136 293
451 136 484
313 265 223
265 580 486
580 438 276
438 549 295
549 224 703
224 657 131
657 122 354
122 399 570
399 236 373
236 551 381
551 481 91
522 481 621
522 210 95
210 127 230
127 48 309
48 517 700
517 418 665
418 193 166
193 364 113
364 30 206
30 606 493
313 606 552
481 318 408
318 27 613
27 258 366
258 356 217
356 350 655
350 219 632
219 297 547
297 595 611
595 607 277
607 647 259
647 3 345
3 307 537
307 153 324
153 70 159
70 276 204
276 241 79
241 654 196
654 544 271
544 509 450
509 13 194
13 386 553
481 386 96
25 233 618
233 436 488
436 230 212
230 397 338
397 251 68
251 286 624
286 10 18
10 130 34
130 109 387
109 435 312
435 200 364
200 439 319
439 483 211
483 486 188
486 533 598
533 617 421
617 459 179
459 648 654
648 493 205
493 344 106
344 497 643
25 497 394
