424 470
172 182 292
172 209 124
209 104 460
31 104 6
31 110 301
110 129 4
15 129 395
15 349 241
349 90 166
90 182 271
182 60 222
60 133 346
133 100 335
100 346 60
346 367 44
227 367 291
227 144 339
144 18 397
18 178 372
182 178 187
367 83 383
83 339 45
339 58 359
58 21 389
21 394 282
382 394 149
382 306 349
306 26 219
26 81 260
367 81 88
394 159 311
159 77 261
77 263 244
263 318 202
318 298 50
153 298 414
153 321 152
321 333 207
333 396 59
394 396 229
298 149 364
149 52 418
52 280 438
280 272 15
272 370 22
50 370 396
50 23 158
23 84 376
84 282 107
298 282 35
370 247 172
247 66 334
66 29 406
29 400 122
400 418 429
375 418 290
375 157 461
157 6 177
6 407 39
370 407 14
418 416 321
416 230 444
230 246 209
246 35 237
35 143 189
85 143 462
85 413 259
413 164 341
164 392 160
418 392 374
143 309 231
309 279 165
279 32 84
32 406 289
406 410 157
98 410 287
98 132 147
132 374 108
374 274 358
143 274 223
410 334 333
334 80 286
80 186 136
186 128 73
128 206 464
355 206 102
355 242 106
242 56 30
56 369 419
410 369 385
206 259 204
259 424 391
424 147 324
147 229 409
229 360 423
269 360 410
269 177 467
177 36 283
36 273 442
206 273 401
360 390 113
390 377 86
377 323 402
323 75 269
75 241 371
171 241 87
171 401 49
401 405 78
405 76 248
360 76 428
241 308 117
308 51 303
51 214 101
214 342 198
342 42 276
54 42 297
54 127 111
127 95 381
95 324 470
241 324 280
42 120 330
120 384 54
384 57 408
57 285 2
285 204 348
197 204 433
197 86 181
86 359 239
359 121 143
42 121 405
204 275 469
275 5 351
5 169 417
169 289 161
289 361 183
310 361 83
310 383 155
383 302 439
302 415 284
204 415 465
361 13 206
13 340 220
340 203 129
203 148 316
148 195 411
102 195 378
102 261 77
261 33 245
33 376 26
361 376 180
195 109 367
109 402 37
402 335 463
335 322 425
322 1 137
1 183 309
183 28 75
28 125 47
125 249 320
195 249 69
104 232 134
232 388 227
388 46 368
46 63 363
63 344 72
420 344 9
420 419 243
419 219 458
219 218 380
104 218 441
344 69 236
69 106 51
106 404 224
404 260 407
260 297 322
11 297 440
11 393 58
393 328 238
328 134 255
344 134 150
297 205 127
205 184 370
184 223 135
223 9 413
9 215 298
292 215 268
292 61 20
61 27 211
27 154 65
297 154 431
215 412 426
412 336 264
336 68 225
68 271 443
271 291 199
347 291 319
347 379 373
379 138 114
138 295 195
215 295 203
291 49 308
49 208 34
208 47 200
47 96 91
96 357 213
213 357 141
213 283 38
283 7 400
7 79 63
291 79 369
357 94 188
94 210 234
210 348 205
348 167 384
167 296 249
19 296 457
19 221 300
221 207 403
207 281 28
357 281 142
296 423 337
423 82 11
82 290 80
290 119 173
119 122 193
266 122 344
266 24 162
24 185 258
185 64 40
296 64 352
122 156 71
156 4 435
4 78 450
78 124 212
124 403 353
253 403 171
253 278 64
278 284 178
284 307 128
122 307 299
403 14 8
14 352 279
352 225 167
225 117 33
117 304 148
160 304 399
160 222 424
222 408 109
408 155 215
403 155 329
304 305 253
305 161 278
161 224 251
224 414 466
414 231 179
386 231 313
386 368 445
368 319 228
319 118 67
304 118 29
231 162 32
162 303 302
303 130 392
130 398 192
398 236 342
411 236 275
411 22 314
22 287 186
287 107 104
231 107 386
236 421 10
421 103 421
103 265 338
265 170 323
170 211 266
301 211 115
301 255 296
255 165 252
165 313 242
236 313 120
211 366 427
366 53 25
53 356 98
356 417 139
417 20 336
25 20 82
25 62 76
62 270 379
270 286 74
211 286 56
20 73 16
73 97 1
97 216 354
216 350 390
350 114 362
190 114 277
190 378 116
378 250 185
250 88 240
20 88 217
114 358 5
70 358 262
70 38 112
38 181 416
181 2 350
2 354 436
354 126 357
126 136 201
136 363 156
114 363 325
129 326 31
326 252 340
252 343 256
343 243 267
243 139 468
40 139 144
40 137 356
137 180 388
180 234 196
129 234 159
139 74 61
74 91 175
91 264 274
264 41 93
41 168 310
135 168 387
135 381 328
381 248 327
248 332 250
139 332 121
168 163 361
163 327 365
327 34 81
34 212 52
212 123 13
16 123 285
16 258 221
258 87 273
87 385 17
168 385 312
123 220 68
220 337 265
337 116 377
116 196 226
196 179 398
99 179 12
99 338 394
338 353 125
353 325 27
123 325 305
179 372 132
372 192 230
192 131 235
131 240 293
240 254 454
174 254 317
174 30 307
30 257 79
257 362 23
179 362 452
254 45 331
45 331 295
331 48 164
48 245 41
245 191 332
115 191 375
115 399 151
399 141 163
141 59 210
254 59 182
191 67 105
67 233 19
233 93 197
93 262 70
262 391 366
316 391 48
316 293 343
293 8 146
8 235 288
191 235 169
391 146 118
146 201 393
201 142 21
142 145 214
145 380 90
113 380 270
113 300 326
300 72 318
72 43 24
391 43 294
380 389 92
389 330 263
330 150 382
150 152 347
152 276 7
39 276 46
39 89 18
89 200 345
200 188 246
380 188 208
276 320 100
320 277 103
277 317 218
317 365 449
365 387 130
140 387 53
140 371 174
371 397 123
397 373 94
276 373 96
387 194 145
194 226 420
226 101 184
101 256 36
256 189 437
311 189 304
311 158 133
158 422 42
422 314 89
387 314 412
189 238 272
238 187 459
187 267 95
267 312 247
312 217 154
92 217 191
92 37 281
37 17 110
17 202 55
189 202 432
217 176 190
176 71 430
71 294 126
294 395 446
395 237 232
228 237 306
228 108 415
108 111 43
111 151 138
217 151 176
237 251 170
251 175 99
175 329 194
329 288 62
288 199 257
345 199 434
345 351 455
351 65 456
65 10 404
237 10 233
199 239 453
239 173 360
173 198 451
198 105 355
105 3 447
3 166 448
166 409 216
409 55 168
55 341 422
199 341 3
358 12 57
12 315 66
315 244 153
244 44 85
44 364 140
364 193 254
193 112 97
112 299 315
299 268 131
358 268 119
