660 706
58 5 444
58 603 311
603 433 384
433 497 266
497 146 621
228 146 269
228 249 415
249 593 411
593 428 191
428 644 640
43 644 547
43 358 219
358 282 154
282 503 561
503 5 234
5 478 376
478 483 581
483 422 402
422 333 152
333 507 701
507 368 480
368 235 30
192 235 272
192 605 476
605 474 196
474 449 461
449 111 294
111 267 593
267 15 542
5 15 22
235 551 388
551 119 485
119 373 684
373 126 41
126 223 321
223 532 610
532 565 270
623 565 658
623 92 533
92 304 203
304 56 34
56 113 564
113 323 459
323 23 117
235 23 127
565 526 300
526 390 101
390 229 472
229 152 247
152 84 291
84 22 478
22 298 380
549 298 83
549 205 629
205 231 649
231 338 224
338 398 274
398 438 650
438 365 173
565 365 187
298 442 317
442 141 333
141 227 404
227 387 433
387 568 502
568 327 517
327 312 378
138 312 568
138 106 319
106 261 81
261 477 419
477 150 365
150 207 244
207 285 143
298 285 286
312 243 216
243 559 302
559 548 116
548 557 118
557 376 545
376 179 70
179 137 414
302 137 53
302 322 562
322 172 106
172 337 584
337 528 320
528 47 241
47 12 180
312 12 94
137 177 332
177 556 397
556 8 142
8 464 90
464 72 527
72 490 641
490 149 133
220 149 327
220 168 207
168 415 146
415 184 47
184 18 519
18 473 443
473 17 279
137 17 212
149 610 85
610 656 299
656 350 511
350 216 398
216 625 538
625 325 399
325 419 689
574 419 697
574 411 293
411 374 162
374 576 78
576 139 44
139 339 79
339 655 149
149 655 638
419 602 330
602 553 474
553 489 150
489 379 558
379 560 215
560 606 135
606 97 45
272 97 189
272 117 694
117 521 467
521 173 246
173 563 225
563 289 97
289 619 334
419 619 126
97 118 703
118 33 454
33 394 275
394 294 607
294 274 504
274 268 218
268 83 93
634 83 74
634 104 521
104 70 403
70 61 100
61 176 665
176 418 434
418 206 119
97 206 123
83 642 164
642 157 19
157 334 556
334 67 13
67 657 329
657 485 429
485 650 648
510 650 528
510 649 596
649 197 331
197 73 628
73 468 115
468 297 488
297 407 151
83 407 512
650 404 664
404 98 303
98 432 682
432 324 182
324 624 276
624 93 522
93 594 243
653 594 59
653 62 660
62 582 442
582 509 623
509 511 686
511 430 183
430 427 341
650 427 89
594 123 495
123 377 169
377 199 178
199 578 264
578 495 251
495 260 364
260 541 60
263 541 515
263 142 128
142 245 696
245 329 9
329 545 452
545 99 597
99 537 248
594 537 573
541 401 25
401 562 484
562 392 447
392 60 367
60 470 634
470 508 468
508 307 706
266 307 40
266 344 298
344 630 668
630 531 354
531 10 99
10 608 426
608 65 408
541 65 669
307 361 360
361 45 105
45 217 663
217 155 425
155 445 125
445 68 76
68 351 290
130 351 141
130 488 12
488 230 652
230 308 281
308 188 465
188 389 559
389 270 56
307 270 132
351 13 259
13 310 267
310 461 608
461 320 456
320 585 236
585 147 477
147 1 235
1 536 240
536 569 15
569 425 232
425 162 230
162 354 508
354 292 424
292 91 350
351 91 233
146 426 88
426 501 611
501 208 172
208 283 73
283 273 551
273 423 131
423 643 49
29 643 194
29 221 631
221 54 382
54 110 185
110 493 553
493 185 672
185 189 617
146 189 590
643 467 387
467 341 651
341 239 335
239 226 226
226 345 351
345 484 549
487 484 318
360 487 301
360 96 184
96 164 379
164 178 4
178 391 227
391 101 449
101 612 6
643 612 37
487 318 314
318 412 23
412 405 416
405 648 57
648 305 138
305 583 170
583 406 357
629 406 585
629 638 104
638 75 567
75 607 221
607 453 497
453 311 705
311 214 386
487 214 305
406 631 75
631 572 336
572 561 361
561 236 605
236 136 217
136 36 50
36 505 393
191 505 114
191 567 27
567 383 604
383 112 673
112 326 458
326 198 204
198 257 107
406 257 46
505 381 263
381 437 77
437 626 167
626 448 595
448 321 285
321 494 613
494 452 625
94 452 592
94 317 395
317 52 428
52 234 2
234 120 322
120 187 489
187 564 271
505 564 582
452 160 692
160 203 61
203 153 262
153 601 69
601 611 87
611 469 35
469 584 312
424 584 377
424 589 494
589 652 407
652 499 642
499 658 98
658 330 683
330 89 155
452 89 121
584 46 160
46 393 91
393 4 62
4 336 134
336 543 258
543 372 287
372 482 612
258 482 358
258 458 412
458 213 577
213 347 179
347 355 457
355 378 552
378 550 400
584 550 598
482 108 636
108 175 409
175 435 448
435 446 520
446 250 239
250 80 260
80 34 390
618 34 685
618 462 206
462 253 481
253 459 537
459 240 277
240 201 338
201 259 586
482 259 211
34 465 288
465 87 599
87 353 570
353 592 186
592 301 72
301 599 622
599 580 199
158 580 699
158 385 437
385 476 420
476 125 555
125 225 550
225 265 422
265 86 688
34 86 619
580 16 16
16 622 323
622 530 67
530 409 265
409 591 52
591 399 670
399 180 250
163 180 600
163 527 3
527 133 700
133 244 284
244 238 256
238 219 31
219 486 483
580 486 352
180 370 569
370 103 490
103 49 292
49 639 572
639 342 309
342 319 406
319 233 92
63 233 109
63 26 111
26 466 344
466 349 509
349 637 18
637 314 145
314 280 63
180 280 565
233 32 396
32 212 325
212 174 209
174 502 347
502 151 654
151 343 8
343 222 339
48 222 431
48 533 82
533 456 7
456 491 273
491 140 498
140 408 571
408 134 71
233 134 370
222 209 606
209 107 373
107 42 603
42 504 238
504 472 214
472 439 208
439 566 609
579 566 310
579 90 156
90 95 614
95 241 413
241 552 653
552 200 64
200 242 148
222 242 451
566 171 662
171 102 369
102 252 460
252 640 579
640 636 616
636 369 671
369 57 175
498 57 103
498 331 1
331 575 589
575 6 655
6 299 198
299 76 348
76 275 268
566 275 602
57 609 435
609 144 192
144 431 587
431 647 137
647 400 666
400 129 229
129 2 342
2 254 297
254 481 43
481 366 438
366 69 26
69 516 583
516 300 647
300 202 548
57 202 222
644 277 615
277 463 130
463 165 201
165 183 626
183 450 526
450 161 518
161 169 48
316 169 637
316 66 122
66 417 601
417 204 24
204 315 231
315 616 51
616 332 630
644 332 21
169 271 355
271 544 523
544 641 389
641 281 197
281 596 32
596 590 541
590 7 691
37 7 163
37 116 313
116 210 392
210 21 500
21 518 530
518 475 540
475 587 324
169 587 181
7 513 566
513 364 282
364 154 417
154 615 677
615 444 491
444 293 618
293 635 65
371 635 690
371 303 140
303 309 507
309 128 560
128 547 505
547 514 237
514 471 401
7 471 516
635 182 108
182 215 165
215 620 681
620 617 532
617 296 188
296 124 510
124 248 66
479 248 471
479 595 102
595 515 349
515 654 144
654 25 171
25 264 482
264 410 698
635 410 632
248 74 470
74 295 95
295 546 158
546 357 539
357 555 492
555 115 576
115 651 514
416 651 39
416 396 656
396 460 594
460 313 591
313 77 356
77 529 110
529 256 529
248 256 493
651 413 486
413 278 29
278 27 646
27 500 674
500 39 80
39 81 702
81 11 11
586 11 464
586 386 261
386 632 372
632 359 245
359 251 343
251 429 252
429 395 627
651 395 371
11 131 153
131 127 676
127 597 124
597 78 223
78 279 506
279 628 14
628 194 84
287 194 667
287 88 42
88 121 405
121 195 496
195 193 280
193 646 68
646 403 391
11 403 363
194 167 418
167 114 394
114 367 195
367 627 620
627 41 693
41 447 531
447 440 340
159 440 679
159 525 439
525 598 624
598 455 17
455 284 315
284 143 462
143 224 86
194 224 278
440 55 359
55 218 453
218 82 644
82 255 445
255 573 255
573 614 536
614 375 308
397 375 28
397 288 535
288 645 304
645 105 159
105 402 193
402 79 345
79 388 362
440 388 383
375 380 475
380 132 450
132 588 423
588 348 295
348 558 289
558 480 421
480 24 139
246 24 228
246 571 427
571 19 36
19 539 242
539 190 337
190 40 306
40 414 430
375 414 466
24 30 440
30 363 254
363 291 501
291 420 375
420 196 574
196 122 5
122 35 366
517 35 176
517 613 580
613 659 307
659 519 469
519 328 554
328 621 161
621 170 54
24 170 479
35 633 249
633 523 525
523 496 657
496 186 200
186 436 678
436 457 346
457 290 473
356 290 120
356 148 687
148 600 10
600 340 96
340 135 326
135 262 645
262 211 588
35 211 643
290 9 543
9 269 463
269 28 157
28 534 55
534 51 58
51 540 257
540 71 220
14 71 432
14 443 410
443 524 446
524 542 534
542 362 633
362 59 38
59 454 661
290 454 174
71 85 659
85 156 436
156 554 213
554 181 166
181 44 147
44 604 455
604 512 563
441 512 205
441 276 210
276 451 381
451 64 441
64 352 253
352 346 296
346 434 544
71 434 695
512 384 557
384 506 499
506 538 635
538 382 578
382 286 704
286 492 513
492 3 168
3 247 328
247 109 33
109 570 353
570 100 177
100 577 639
577 421 374
421 306 112
512 306 503
484 581 487
581 50 316
50 20 575
20 237 129
237 522 675
522 232 190
232 53 113
53 535 524
535 38 368
38 166 385
166 335 20
335 145 546
145 520 136
520 31 680
484 31 283
1 660 202
