894 940
307 360 665
307 789 165
789 183 367
183 746 474
746 638 87
638 347 295
207 347 339
207 10 203
10 446 360
446 752 290
752 588 451
588 855 197
855 783 565
872 783 204
872 367 623
367 92 218
92 216 279
216 607 666
607 745 912
745 360 830
360 330 680
330 53 31
53 625 731
625 381 691
381 847 785
847 737 793
737 762 387
762 196 506
196 821 539
821 756 257
731 756 22
731 848 161
848 610 513
610 556 502
556 5 423
5 228 62
228 209 599
209 283 803
283 14 201
360 14 639
756 223 562
223 177 178
177 669 758
669 245 253
245 110 369
110 729 857
729 395 699
395 54 444
54 656 854
656 454 221
323 454 580
323 634 564
634 108 212
108 200 97
200 70 615
70 476 776
476 199 889
199 697 835
697 313 621
756 313 505
454 365 870
365 40 36
40 147 902
147 185 765
185 525 636
525 703 288
703 705 590
705 93 70
93 306 372
306 623 68
665 623 495
665 440 171
440 67 653
67 369 77
369 82 754
82 463 137
463 867 74
867 448 524
448 648 346
454 648 823
623 808 254
808 304 884
304 272 460
272 728 196
728 598 729
598 37 442
37 428 5
428 852 556
852 543 234
543 212 824
176 212 385
176 829 651
829 403 851
403 297 674
297 845 825
845 663 293
663 69 54
69 168 782
168 268 709
623 268 707
212 481 766
481 652 501
652 709 179
709 61 798
61 255 896
255 559 237
559 27 756
27 621 297
621 507 351
507 308 610
95 308 773
95 231 816
231 160 770
160 846 575
846 461 933
461 279 382
279 124 832
124 455 733
455 724 120
212 724 119
308 685 850
685 452 174
452 224 219
224 768 717
768 50 370
50 385 560
385 812 151
812 326 774
326 217 448
217 547 395
412 547 637
412 319 737
319 655 450
655 41 222
41 436 620
436 876 375
876 484 76
484 502 583
502 626 397
308 626 837
547 489 302
489 331 721
331 522 633
522 52 230
52 361 687
361 708 322
708 64 287
64 798 725
798 596 310
596 424 436
180 424 127
180 449 624
449 641 422
641 392 366
392 686 799
686 206 536
206 833 498
833 696 555
696 474 888
547 474 486
424 693 32
693 81 714
81 618 811
618 600 357
600 164 2
164 293 786
293 97 839
97 494 530
494 836 276
836 122 239
860 122 72
860 591 880
591 659 603
659 253 122
253 795 350
795 485 661
485 524 815
524 348 42
348 769 103
424 769 582
122 158 540
158 163 657
163 162 873
162 780 492
780 429 468
429 695 641
695 644 393
644 755 587
755 431 362
431 248 591
129 248 635
129 418 749
418 682 231
682 315 238
315 797 741
797 871 84
871 565 12
565 78 878
78 378 779
122 378 342
248 62 39
62 377 205
377 608 8
608 190 14
190 276 202
276 384 386
384 838 654
838 505 596
505 12 627
12 106 226
653 106 913
653 738 53
738 713 853
713 654 250
654 501 809
501 274 379
274 841 734
841 749 16
749 28 123
248 28 305
106 706 50
706 545 134
545 767 378
767 720 464
720 512 688
512 889 210
889 117 544
117 134 251
134 741 930
741 130 144
126 130 193
126 817 404
817 664 935
664 91 89
91 7 563
7 670 323
670 650 106
650 602 194
602 334 170
106 334 863
130 389 712
389 9 838
9 802 391
802 150 267
150 211 932
211 488 331
488 506 593
506 491 934
491 470 909
470 259 214
246 259 228
246 684 455
684 891 44
891 197 81
197 689 364
689 469 503
469 578 30
578 581 461
581 493 644
130 493 400
259 496 475
496 832 662
832 471 421
471 138 334
138 785 652
785 349 718
349 437 244
437 633 645
633 36 927
36 456 939
787 456 738
787 144 679
144 278 316
278 120 937
120 169 458
169 182 169
182 427 525
427 423 743
423 312 17
259 312 389
456 310 686
310 615 875
615 46 567
46 186 398
186 51 430
51 442 294
442 210 147
210 611 66
611 865 655
865 458 10
233 458 746
233 892 690
892 146 96
146 205 286
205 249 6
249 343 307
343 765 108
765 450 676
450 859 476
456 859 871
458 639 394
639 443 141
443 730 332
730 66 659
66 309 220
309 754 499
754 843 296
843 571 893
571 94 667
94 1 149
1 561 337
561 237 454
237 288 611
288 651 570
651 42 817
42 834 273
834 339 376
339 564 526
564 172 700
458 172 381
347 612 872
612 666 146
666 583 236
583 770 660
770 362 777
362 806 675
806 221 843
221 533 483
533 44 859
44 131 890
49 131 246
49 239 303
239 451 424
451 577 264
577 894 722
894 142 607
142 584 311
584 400 459
400 135 7
347 135 521
131 511 368
511 893 200
893 712 790
712 774 401
774 104 383
104 514 79
514 99 906
99 336 380
336 555 613
555 721 175
878 721 109
878 161 491
161 316 701
316 346 810
346 842 631
842 287 648
287 573 164
573 569 377
569 401 698
131 401 9
721 599 626
599 222 189
222 515 374
515 166 255
166 880 592
880 759 154
759 742 3
742 604 341
604 657 45
657 649 125
281 649 529
281 264 69
264 247 775
247 675 363
675 613 136
613 766 317
766 364 358
364 260 223
260 398 216
721 398 348
649 201 320
201 252 116
252 425 345
425 645 751
645 370 91
370 24 206
24 700 27
700 277 432
277 788 280
788 289 694
627 289 243
627 291 921
291 198 187
198 151 301
151 672 130
672 758 452
758 691 139
691 869 284
869 517 877
649 517 260
289 299 344
299 679 745
679 371 439
371 536 232
536 413 727
413 375 742
375 357 549
357 486 478
486 566 876
566 234 538
699 234 487
699 800 668
800 722 753
722 552 847
552 376 438
376 620 497
620 851 484
851 143 728
143 434 467
289 434 695
234 553 263
553 643 153
643 229 35
229 302 333
302 853 682
853 416 595
416 540 462
540 460 739
460 873 736
873 56 285
445 56 795
445 363 388
363 408 735
408 254 940
254 204 508
204 39 150
39 430 466
430 735 415
735 29 403
234 29 518
56 716 710
716 622 86
622 133 465
133 698 48
698 341 566
341 344 922
344 404 576
404 382 129
382 473 496
473 296 133
317 296 11
317 582 396
582 414 585
414 402 312
402 311 252
311 814 618
814 609 547
609 681 275
681 11 338
56 11 83
296 562 258
562 13 427
13 521 673
521 410 224
410 19 443
19 280 437
280 707 419
707 647 185
647 667 938
667 563 931
23 563 762
23 332 692
332 863 542
863 175 4
175 18 261
18 616 299
616 173 862
173 390 408
390 98 848
296 98 640
563 764 638
764 35 708
35 668 328
668 4 417
4 592 569
592 262 160
262 580 411
580 890 755
890 544 805
544 678 845
48 678 352
48 614 184
614 405 849
405 284 514
284 823 71
823 837 449
837 726 416
726 57 157
57 353 306
563 353 713
678 854 102
854 803 34
803 226 256
226 193 855
193 673 60
673 89 28
89 96 819
96 314 435
314 59 834
59 58 867
744 58 874
744 328 820
328 572 33
572 118 494
118 324 696
324 680 577
680 478 732
478 60 440
60 777 868
678 777 646
58 457 340
457 121 586
121 181 788
181 479 78
479 155 277
155 116 318
116 575 910
575 265 606
265 17 371
17 632 168
119 632 882
119 538 634
538 882 752
882 275 842
275 273 821
273 6 156
6 251 598
251 422 410
422 520 29
58 520 181
632 500 928
500 444 473
444 218 730
218 885 227
885 359 844
359 368 891
368 690 457
690 881 908
881 195 407
195 295 605
498 295 747
498 820 604
820 350 763
350 508 920
508 38 158
38 72 88
72 761 831
761 300 911
300 345 568
632 345 126
295 830 822
830 628 41
628 20 235
20 267 52
267 694 13
694 796 445
796 140 283
140 579 559
579 884 485
884 358 314
26 358 584
26 165 689
165 753 693
753 839 769
839 601 114
601 483 447
483 187 516
187 100 625
100 642 801
295 642 51
358 818 814
818 286 180
286 886 138
886 801 571
801 43 453
43 472 522
472 441 188
441 318 608
318 101 663
101 790 67
676 790 190
676 603 365
603 570 247
570 528 681
528 112 426
112 743 208
743 257 601
257 179 537
179 232 37
358 232 916
790 807 597
807 862 778
862 421 173
421 748 552
748 877 550
877 132 528
132 192 336
192 87 588
87 849 903
849 2 110
2 453 313
453 242 883
242 568 349
568 31 649
31 439 55
439 417 703
417 250 678
250 595 456
595 128 917
790 128 135
783 103 59
103 125 919
125 63 15
63 617 152
617 47 578
47 153 361
153 677 209
677 527 856
527 354 630
354 619 629
534 619 355
534 380 901
380 432 143
432 539 532
539 794 191
794 464 65
464 373 131
373 77 481
77 462 40
783 462 480
619 727 186
727 102 861
102 542 829
542 351 259
351 282 268
282 804 520
804 640 723
640 79 356
79 80 614
80 532 929
113 532 92
113 637 265
637 213 73
213 723 207
723 22 289
22 290 907
290 487 182
487 191 900
191 868 304
619 868 324
532 105 176
105 25 262
25 799 589
799 495 858
495 256 1
256 760 18
760 188 309
188 285 412
285 605 925
605 219 705
301 219 764
301 702 828
702 811 463
811 864 94
864 320 326
320 415 298
415 825 846
825 145 617
145 826 272
532 826 21
219 352 594
352 342 425
342 551 923
551 225 915
225 541 865
541 857 281
857 322 145
322 292 225
292 856 572
856 305 292
661 305 24
661 107 472
107 167 573
167 692 390
692 574 420
574 240 515
240 523 879
523 32 359
32 21 47
219 21 319
305 624 353
624 399 860
399 171 616
171 658 886
658 597 670
597 84 924
84 30 100
30 114 482
114 717 99
717 866 441
477 866 716
477 397 241
397 374 500
374 335 162
335 736 748
736 503 711
503 784 124
784 148 266
148 557 792
305 557 797
866 772 142
772 263 335
263 840 647
840 482 833
482 86 148
86 71 836
71 526 405
526 590 418
590 793 85
793 719 543
715 719 23
715 636 517
636 747 118
747 393 217
393 73 433
73 85 429
85 294 132
294 776 271
776 459 428
866 459 926
719 594 195
594 757 406
757 208 278
208 750 800
750 465 402
465 497 291
497 379 551
379 303 715
303 809 192
809 88 807
883 88 384
883 109 533
109 244 413
244 74 75
74 490 488
490 355 107
355 771 936
771 835 43
835 739 783
719 739 840
88 327 899
327 76 471
76 152 553
152 822 671
822 435 64
435 383 101
383 537 827
537 813 841
813 513 574
513 141 113
629 141 812
629 710 813
710 68 111
68 243 128
243 411 373
411 518 56
518 635 325
635 587 602
587 530 199
88 530 818
141 567 784
567 391 98
391 509 759
509 815 781
815 858 25
858 586 166
586 751 791
751 419 523
419 33 892
33 137 343
816 137 787
816 388 719
409 388 26
409 510 826
510 298 431
298 261 864
261 763 720
763 136 104
136 325 155
141 325 744
137 270 579
270 438 905
438 734 38
734 831 887
831 781 489
781 516 895
516 701 750
701 447 897
447 184 215
184 154 354
606 154 163
606 468 771
468 149 772
149 828 581
828 115 177
115 356 112
356 170 315
170 870 780
870 269 507
137 269 512
154 466 535
466 550 561
550 504 80
504 810 90
810 674 95
674 732 794
732 266 767
266 238 672
238 779 643
779 236 20
718 236 557
718 593 117
593 65 724
65 714 509
714 879 58
879 475 726
475 372 140
372 535 242
535 548 167
154 548 760
236 75 768
75 824 534
824 740 327
740 406 545
406 396 490
396 16 677
16 778 414
778 139 479
139 827 493
827 875 121
227 875 93
227 704 904
704 660 213
660 792 49
792 861 504
861 159 628
159 157 46
157 420 664
420 805 329
236 805 702
875 531 642
531 671 477
671 850 240
850 387 796
387 83 685
83 271 898
271 725 510
725 15 519
15 194 894
194 492 61
688 492 300
688 630 321
630 321 183
321 529 511
529 786 282
786 235 409
235 45 399
45 773 198
773 499 697
875 499 172
492 220 885
220 90 531
90 337 612
337 683 82
683 646 881
646 589 704
589 585 804
585 174 159
174 560 57
560 631 330
687 631 546
687 887 789
887 394 308
394 386 869
386 662 806
662 214 105
214 554 808
554 467 866
467 775 761
492 775 658
631 888 632
888 480 63
480 34 609
34 333 852
333 433 802
433 791 347
791 329 656
329 202 548
202 576 249
576 3 527
3 111 558
111 258 19
258 241 211
241 782 918
782 189 684
189 203 600
203 819 619
819 156 914
156 426 622
631 426 554
388 127 392
127 558 446
558 8 683
8 215 706
215 844 669
844 178 740
178 519 269
519 366 541
366 230 650
230 338 229
338 123 470
123 407 245
407 55 115
55 549 248
549 874 233
874 546 757
546 340 274
340 733 469
733 711 270
388 711 434
