988 1034
958 743 125
958 397 905
397 312 290
312 193 77
193 408 120
408 916 1004
916 684 1024
594 684 645
594 194 296
194 8 340
8 929 178
929 473 550
473 957 584
957 701 675
759 701 937
759 378 350
378 942 695
942 522 490
522 463 886
463 554 829
554 129 70
129 743 58
743 563 661
563 869 788
869 913 502
913 65 737
65 23 141
23 366 345
366 98 486
98 781 555
781 122 520
122 191 660
191 725 262
837 725 557
837 110 518
110 586 386
586 250 993
534 250 705
534 608 515
608 28 840
28 327 236
327 673 575
673 254 770
743 254 672
725 231 429
231 476 244
476 321 196
321 963 365
963 259 776
259 461 113
461 714 148
714 35 530
35 77 598
77 987 242
987 436 159
434 436 659
434 324 748
324 965 22
965 388 105
388 786 225
786 849 200
849 38 585
38 481 847
481 946 995
946 487 76
725 487 401
436 690 114
690 920 933
920 626 1006
626 210 21
210 744 1022
744 815 390
815 936 313
936 226 547
226 107 430
107 341 65
341 493 4
717 493 397
717 384 950
384 217 226
217 49 738
49 63 712
63 464 728
464 439 599
439 492 870
492 938 883
938 613 779
436 613 747
493 562 581
562 374 423
374 144 579
144 295 269
295 798 573
798 511 299
511 293 890
293 116 464
116 627 668
627 445 316
445 264 625
823 264 617
823 195 561
195 36 756
36 843 291
843 974 698
974 485 59
485 572 418
572 156 408
156 272 270
272 215 247
493 215 165
264 323 566
323 760 348
760 343 50
343 455 67
455 5 284
5 449 411
449 423 524
423 444 821
444 290 876
290 14 5
14 986 947
251 986 532
251 185 339
185 314 174
314 469 1
469 26 796
26 905 481
905 128 558
128 779 372
779 817 1033
817 188 179
264 188 716
986 888 325
888 884 658
884 947 216
947 494 899
494 739 852
739 581 227
581 872 172
872 84 768
84 988 27
988 329 753
329 628 683
382 628 392
382 570 572
570 984 831
984 532 731
532 665 51
665 961 239
961 118 510
118 284 170
284 689 321
689 396 894
986 396 774
628 237 803
237 320 449
320 309 790
309 918 810
918 409 55
409 399 187
399 518 640
518 765 627
765 266 396
266 746 889
746 729 110
971 729 946
971 556 586
556 752 953
752 670 359
670 868 151
868 620 913
620 223 139
223 783 471
783 123 124
123 257 789
628 257 1005
729 484 761
484 656 11
656 306 131
306 407 917
407 600 456
600 451 469
451 748 251
748 261 1018
261 34 795
34 850 935
850 632 160
279 632 355
279 874 767
874 911 443
911 438 626
438 161 241
161 774 554
774 22 690
22 565 522
565 350 47
350 356 278
729 356 228
632 414 594
414 619 61
619 820 538
820 736 975
736 917 204
917 311 203
311 618 570
618 660 272
660 263 885
263 278 814
278 109 326
211 109 846
211 800 691
800 335 635
335 125 369
125 757 271
757 55 358
55 940 135
940 296 322
296 358 295
358 213 462
632 213 509
109 964 631
964 289 440
289 167 229
167 515 765
515 659 60
659 219 80
219 751 138
751 385 198
385 772 223
772 635 828
635 417 628
6 417 722
6 677 281
677 897 979
897 621 697
621 375 41
375 680 727
680 899 916
899 249 149
249 124 492
124 372 192
109 372 54
417 708 503
708 792 46
792 230 519
230 245 580
245 844 109
844 141 714
141 443 861
443 81 736
81 286 183
286 421 375
421 662 353
883 662 368
883 235 948
235 154 534
154 836 265
836 857 413
857 132 1023
132 360 908
360 158 864
158 558 33
558 638 997
417 638 862
662 730 257
730 18 1016
18 177 741
177 246 723
246 166 92
166 71 108
71 308 214
308 172 206
172 754 865
754 875 981
875 42 677
342 42 641
342 435 304
435 479 197
479 724 395
724 189 919
189 310 233
310 138 802
138 577 1013
577 68 115
68 881 543
662 881 303
42 147 393
147 767 804
767 806 1014
806 696 3
696 910 103
910 24 565
24 478 954
478 818 693
818 368 218
368 969 9
969 142 663
137 142 331
137 121 94
121 956 488
956 794 832
794 357 552
357 216 286
216 687 277
687 30 542
30 103 338
103 127 670
42 127 666
142 411 373
411 877 647
877 641 710
641 317 501
317 501 73
501 171 491
171 578 667
578 854 98
854 795 624
795 625 504
625 149 412
821 149 646
821 598 152
598 112 217
112 841 898
841 955 729
955 629 133
629 981 209
981 787 985
787 113 352
113 258 629
142 258 398
149 715 298
715 268 841
268 95 654
95 313 578
313 709 704
709 561 897
561 32 873
32 732 306
732 865 123
865 477 10
477 1 783
1 190 1021
190 535 834
535 533 910
533 925 28
925 460 495
460 593 974
593 178 112
178 661 472
661 59 16
59 603 467
149 603 328
684 731 253
731 364 931
364 788 188
788 404 939
404 944 477
944 367 215
367 726 169
726 186 511
186 164 587
164 387 1011
387 860 843
131 860 744
131 949 48
949 704 415
704 531 907
531 334 254
334 930 213
930 274 971
274 224 416
224 420 129
420 199 309
684 199 458
860 793 252
793 700 583
700 41 551
41 40 849
40 499 636
499 162 824
162 386 485
386 596 739
596 459 1027
459 681 740
681 692 799
201 692 36
201 176 882
176 549 611
549 500 827
500 723 72
723 980 879
980 738 144
738 975 287
975 287 938
287 446 279
860 446 163
692 415 78
415 351 330
351 530 652
530 29 438
29 452 66
452 636 941
636 152 745
152 467 812
467 389 999
389 48 689
48 114 900
686 114 107
686 516 945
516 852 702
852 778 116
778 83 319
83 468 258
468 400 1034
400 623 366
623 753 371
753 322 980
692 322 106
114 834 956
834 70 760
70 380 920
380 699 480
699 373 90
373 702 775
702 4 616
4 720 936
720 671 750
671 896 972
896 239 45
536 239 75
536 879 891
879 426 822
426 825 473
825 440 484
440 824 855
824 430 850
430 655 726
655 9 400
9 809 454
114 809 222
239 198 609
198 292 853
292 405 190
405 403 457
403 840 730
840 922 612
922 716 453
716 76 571
76 333 156
333 663 875
663 582 1031
906 582 881
906 706 447
706 412 439
412 552 1008
552 355 181
355 722 444
722 255 374
255 801 732
801 616 820
616 555 476
239 555 219
582 912 780
912 863 96
863 907 940
907 248 1019
248 856 351
856 966 614
966 669 182
669 349 952
349 74 173
74 835 349
835 889 433
960 889 801
960 86 622
86 428 461
428 145 357
145 679 982
679 148 983
148 777 422
777 139 127
139 802 590
802 697 856
582 697 434
889 232 381
232 229 29
229 104 833
104 871 300
871 698 512
698 422 18
422 33 314
33 66 240
66 345 854
345 508 1029
508 982 346
475 982 813
475 89 966
89 770 755
770 808 603
808 605 893
605 719 312
719 108 25
108 393 243
393 755 318
755 379 613
889 379 797
982 676 968
676 502 965
502 771 220
771 610 150
610 54 360
54 937 489
937 339 701
339 674 752
674 932 39
932 307 798
307 633 529
395 633 35
395 830 245
830 796 31
796 117 682
117 288 195
288 64 539
64 611 117
611 157 696
157 271 703
271 471 991
982 471 1003
633 546 517
546 168 52
168 948 773
948 590 122
590 551 569
551 209 256
209 46 996
46 658 651
658 847 589
847 505 201
505 241 523
381 241 1000
381 727 759
727 694 305
694 791 285
791 667 576
667 362 970
362 862 610
862 58 74
58 651 964
651 685 757
633 685 12
241 453 377
453 133 302
133 805 859
805 654 193
654 858 30
858 79 872
79 75 34
75 639 128
639 747 692
747 521 888
521 173 101
882 173 838
882 519 944
519 140 655
140 506 292
506 833 111
833 758 638
758 903 969
903 319 533
319 880 205
880 672 448
241 672 145
173 225 93
225 301 649
301 489 42
489 458 544
458 269 1020
269 846 334
846 528 91
528 244 246
244 691 89
691 887 921
887 569 376
391 569 13
391 923 62
923 580 167
580 282 361
282 222 620
222 615 537
615 644 482
644 80 763
80 498 715
498 693 735
173 693 199
569 967 825
967 72 644
72 155 766
155 703 53
703 21 84
21 728 687
728 207 976
207 300 895
300 737 499
737 624 988
624 927 606
344 927 605
344 270 826
270 486 742
486 827 441
827 316 546
316 151 388
151 315 446
315 184 505
184 924 468
924 483 866
569 483 425
927 78 100
78 425 707
425 490 869
490 456 588
456 816 835
816 891 475
891 763 717
763 606 317
606 187 99
187 43 191
43 983 162
814 983 231
814 512 329
512 99 700
99 497 221
497 181 949
181 135 718
135 867 992
867 87 212
87 650 379
650 183 694
927 183 567
983 595 845
595 260 161
260 52 276
52 134 851
134 88 918
88 454 596
454 276 8
276 797 320
797 280 310
280 545 896
545 394 574
228 394 772
228 513 536
513 705 399
705 931 1002
931 602 333
602 968 564
968 331 887
331 514 684
514 866 134
866 766 56
983 766 32
394 73 23
73 785 959
785 653 297
653 675 923
675 976 1009
976 652 308
652 427 315
427 790 97
790 119 713
119 192 307
192 2 720
2 768 44
768 347 782
347 592 914
592 297 14
297 890 764
890 599 275
599 281 771
281 640 837
640 10 960
10 688 874
394 688 521
701 392 143
392 160 657
160 406 868
406 742 986
742 782 600
782 525 1010
525 954 406
954 437 194
437 630 211
630 649 559
649 146 294
277 146 637
277 179 17
179 365 525
365 180 235
180 604 104
604 707 811
707 789 630
789 962 513
962 480 410
480 175 526
701 175 335
146 202 38
202 285 994
285 318 618
318 607 762
607 553 777
553 642 311
642 242 1028
242 953 82
953 643 669
643 712 248
712 524 592
776 524 132
776 904 623
904 908 633
908 203 754
203 51 671
51 11 962
11 262 232
262 710 268
710 363 915
363 945 928
146 945 437
524 622 237
622 265 83
265 637 324
637 371 445
371 67 147
67 939 459
939 543 901
543 921 989
921 291 593
291 959 250
959 338 26
7 338 81
7 448 382
448 275 384
275 273 267
273 588 608
588 169 1015
169 683 364
683 206 403
206 340 809
340 902 88
524 902 57
338 935 848
935 864 427
864 496 984
496 221 514
221 328 142
328 832 719
832 100 498
100 646 102
646 657 549
657 304 858
304 208 541
442 208 420
442 761 177
761 583 708
583 56 591
56 870 676
870 111 224
111 634 597
634 601 189
601 557 140
557 504 1030
338 504 43
208 243 678
243 27 650
27 218 531
218 353 154
353 174 424
174 299 49
299 711 709
711 614 805
614 267 87
267 540 463
540 294 836
503 294 673
503 159 341
159 851 800
851 584 807
584 47 926
47 336 871
336 668 24
668 359 175
359 120 157
120 664 973
208 664 909
294 91 904
91 560 817
560 37 185
37 234 126
234 822 506
822 892 516
892 253 385
253 718 784
718 838 474
838 60 282
60 573 155
429 573 288
429 950 778
950 398 823
398 346 785
346 20 930
20 325 746
325 474 158
474 612 699
612 876 404
876 15 496
294 15 208
573 53 943
53 220 924
220 885 794
885 756 1032
756 901 955
901 575 460
575 544 118
544 631 432
631 970 806
970 376 380
376 713 595
539 713 607
539 204 389
204 462 230
462 978 20
978 450 1017
450 233 146
233 762 301
762 326 487
326 507 343
507 447 621
573 447 781
713 529 679
529 369 562
369 895 967
895 735 40
735 934 332
934 803 934
803 126 363
126 401 860
401 909 639
909 733 210
733 302 63
94 302 749
94 102 378
102 197 436
197 893 642
893 377 137
377 39 442
39 50 493
50 361 435
361 538 483
538 831 906
713 831 758
302 227 553
227 256 844
256 894 249
894 977 264
977 829 927
829 853 261
853 542 273
542 617 615
617 305 911
305 143 685
143 819 619
214 819 85
214 813 787
813 951 556
951 85 337
85 859 681
859 799 450
799 933 119
933 919 912
919 764 961
764 780 391
302 780 922
819 749 452
749 741 387
741 90 86
90 457 902
457 200 207
200 495 19
495 153 656
153 695 560
695 928 164
928 283 95
283 943 431
383 943 951
383 106 500
106 238 153
238 247 602
247 424 648
424 548 336
548 441 323
441 579 136
579 886 407
886 537 733
819 537 884
943 666 977
666 57 793
57 811 2
811 571 857
571 526 367
526 69 260
69 332 792
332 855 344
855 810 867
810 240 877
240 972 171
769 972 674
769 609 724
609 900 238
900 165 180
165 678 643
678 337 280
337 587 421
587 734 582
734 576 880
576 12 664
943 12 816
972 136 942
136 568 786
568 510 863
510 784 725
784 926 1025
926 61 808
61 826 354
826 547 978
547 740 68
740 509 842
509 31 186
105 31 426
105 804 15
804 390 394
390 45 356
45 750 465
750 645 402
645 97 925
97 842 815
842 303 563
303 330 409
972 330 166
31 647 121
647 828 255
828 432 632
432 520 79
520 839 892
839 472 470
472 212 168
212 182 293
182 845 819
845 559 419
559 873 963
298 873 1012
298 807 662
807 491 680
491 348 878
348 93 721
93 433 957
433 585 548
585 431 508
431 527 497
527 13 839
31 13 507
873 465 568
465 419 545
419 566 370
566 96 428
96 541 791
541 488 347
488 470 202
470 170 601
170 848 903
848 517 932
517 523 234
62 523 417
62 150 274
150 205 478
205 878 479
878 574 751
574 591 327
591 101 686
101 82 1007
82 370 604
370 597 734
873 597 1001
523 482 527
482 196 634
196 775 37
775 589 706
589 19 64
19 16 535
16 941 263
941 25 1026
25 413 405
413 402 540
402 3 990
3 721 653
721 915 528
915 163 6
163 861 176
861 914 69
914 252 987
252 973 455
973 564 665
564 812 688
812 682 362
523 682 958
250 354 283
354 898 289
898 352 743
352 410 266
410 130 830
130 952 184
952 567 466
567 985 577
985 115 342
115 648 71
648 773 259
773 979 7
979 92 929
92 236 998
236 745 383
745 44 711
44 550 494
550 416 769
416 17 451
17 418 818
418 466 130
250 466 414
