559 620
357 366 160
357 124 394
124 292 93
329 292 120
329 15 173
15 37 443
510 37 390
510 415 256
415 141 512
141 366 483
366 467 36
467 48 133
48 169 386
169 506 276
506 198 559
486 198 577
486 523 58
523 123 158
123 88 48
366 88 422
198 558 212
558 403 263
403 182 289
182 461 589
461 209 96
513 209 55
513 379 563
379 98 603
98 314 42
198 314 562
209 356 595
356 203 78
203 5 123
5 244 468
244 298 471
71 298 11
71 443 446
443 157 322
157 262 219
209 262 439
298 524 126
524 165 29
165 451 128
451 41 244
41 264 70
235 264 465
235 440 236
440 345 19
345 438 74
298 438 169
264 192 597
192 309 117
309 422 223
422 236 329
236 299 26
35 299 76
35 245 366
245 21 17
21 482 536
264 482 495
299 38 492
38 330 103
330 501 440
501 351 486
351 47 524
377 47 485
377 371 116
371 159 530
159 546 152
299 546 45
47 295 363
295 465 360
465 363 378
363 201 49
201 429 84
200 429 56
200 352 370
352 134 32
134 392 134
47 392 411
429 325 380
325 545 109
545 139 118
139 234 75
234 254 211
435 254 489
435 531 592
531 483 198
483 155 531
429 155 397
254 256 279
256 23 350
23 75 3
75 278 403
278 55 272
265 55 25
265 132 398
132 508 581
508 92 391
254 92 208
55 471 359
471 145 376
145 114 62
114 105 346
105 401 356
77 401 586
77 362 321
362 138 395
138 289 82
55 289 309
401 136 578
136 237 549
237 484 172
484 312 342
312 255 125
50 255 67
50 528 52
528 384 83
384 51 419
401 51 4
255 368 474
368 541 551
541 170 33
170 387 168
387 225 115
439 225 41
439 300 556
300 107 43
107 216 180
255 216 157
225 117 145
117 66 526
66 277 12
277 494 79
494 491 558
102 491 540
102 221 615
221 527 546
527 257 435
225 257 582
491 150 523
150 458 427
458 448 162
448 291 240
291 347 131
45 347 594
45 390 587
390 525 204
525 283 369
491 283 599
347 19 237
19 220 69
220 207 611
207 94 384
94 179 537
72 179 588
72 184 130
184 104 18
104 177 245
347 177 1
179 127 547
127 406 143
406 497 406
497 358 315
358 288 352
61 288 176
61 372 487
372 78 124
78 424 50
179 424 458
288 547 571
547 153 113
153 253 5
253 215 225
215 243 274
544 243 166
544 397 178
397 324 177
324 29 598
288 29 129
243 202 269
202 160 195
160 233 467
233 96 414
96 274 297
167 274 331
167 248 479
248 16 284
16 142 420
243 142 476
274 433 579
433 266 502
266 370 616
370 393 494
393 214 182
11 214 241
11 126 285
126 120 88
120 193 247
274 193 601
214 453 253
453 30 534
30 206 415
206 10 148
10 1 488
1 191 257
191 409 522
409 227 100
227 446 405
214 446 591
292 394 85
394 313 21
313 285 389
285 223 528
223 242 323
320 242 316
320 58 373
58 187 520
187 197 39
292 197 367
242 412 525
412 507 620
507 119 53
119 162 400
162 24 174
290 24 418
290 267 567
267 518 608
518 469 408
242 469 575
24 95 357
95 322 393
322 311 248
311 319 480
319 146 455
297 146 47
297 34 151
34 537 614
537 521 294
24 521 144
146 161 196
161 108 610
108 449 377
449 554 44
554 112 159
478 112 296
478 232 199
232 535 233
535 9 417
146 9 545
112 93 349
93 70 516
70 317 201
317 421 423
421 230 401
517 230 8
517 500 206
500 25 421
25 499 442
112 499 461
350 230 432
350 447 371
447 54 22
54 178 428
178 389 464
174 389 504
174 472 270
472 65 413
65 548 181
548 230 267
389 113 396
113 63 95
63 388 456
388 338 175
338 360 600
67 360 14
67 199 426
199 140 481
140 122 91
389 122 498
360 80 506
80 81 299
81 455 566
455 369 188
369 68 197
260 68 292
260 26 513
26 353 607
353 49 23
360 49 521
68 18 306
18 505 286
505 59 345
59 149 239
149 391 339
44 391 246
44 137 185
137 226 505
226 268 282
68 268 383
391 336 475
336 348 543
348 57 482
57 31 334
31 99 328
473 99 291
473 444 314
444 503 361
503 335 110
391 335 585
99 89 618
89 125 450
125 296 368
296 536 307
536 252 164
238 252 216
238 239 449
239 480 362
480 147 508
99 147 499
252 271 107
271 408 38
408 241 215
241 514 447
514 332 515
52 332 490
52 204 437
204 327 305
327 85 54
252 85 347
332 463 186
463 87 445
87 135 337
135 511 304
511 441 340
229 441 548
229 445 333
445 355 533
355 188 295
332 188 335
441 512 448
512 240 114
240 342 561
342 442 444
442 454 293
4 454 104
4 519 330
519 485 404
485 211 251
441 211 92
454 212 606
212 73 165
73 466 429
466 365 493
365 40 518
529 40 105
529 496 231
496 111 430
111 152 101
454 152 72
40 148 308
148 437 318
437 286 71
286 276 573
276 556 550
550 556 57
550 22 220
22 91 313
91 459 149
40 459 77
556 164 262
164 553 388
553 181 217
181 301 613
301 128 538
477 128 102
477 410 243
410 110 73
110 509 535
556 509 81
128 551 433
551 328 529
328 399 300
399 20 154
20 542 609
263 542 13
263 520 473
520 426 372
426 456 213
128 456 7
542 532 99
532 131 472
131 427 232
427 272 2
272 457 108
273 457 271
273 460 90
460 337 97
337 210 460
542 210 224
457 474 255
474 172 452
172 318 94
318 205 348
205 2 209
2 468 163
468 380 514
380 130 229
130 69 511
457 69 572
37 418 80
418 464 612
464 502 268
502 481 184
481 259 203
555 259 527
555 115 249
115 275 226
275 489 119
37 489 189
259 310 258
310 404 20
404 83 254
83 430 441
430 82 451
46 82 277
46 217 142
217 168 264
168 395 353
259 395 358
82 219 462
219 186 261
186 190 381
190 79 580
79 396 139
487 396 532
487 359 327
359 374 553
374 490 40
82 490 63
396 222 424
222 402 259
402 14 6
14 549 344
549 261 332
13 261 37
13 247 324
247 476 341
476 495 317
396 495 312
261 414 425
414 64 402
64 97 557
97 540 497
540 516 235
538 516 273
538 76 519
76 419 170
419 282 554
261 282 399
516 28 260
28 246 431
246 552 560
552 407 265
407 144 46
56 144 602
56 340 183
340 166 34
166 281 570
516 281 478
144 250 35
250 326 392
326 302 387
302 60 121
60 154 301
133 154 190
133 323 509
323 492 470
492 530 187
144 530 234
154 32 278
32 100 303
100 27 10
27 270 596
270 84 66
533 84 64
533 12 167
12 39 205
39 307 86
154 307 326
84 333 496
333 129 61
129 334 354
334 559 194
559 158 60
417 158 491
417 346 454
346 416 280
416 498 320
84 498 507
158 287 583
287 425 192
425 475 510
475 251 266
251 344 298
470 344 281
470 62 500
62 534 319
534 434 477
158 434 503
344 526 409
526 539 9
539 294 287
294 118 407
118 373 325
413 373 252
413 280 552
280 488 355
488 121 457
344 121 218
373 7 290
7 74 207
74 293 141
293 436 65
436 343 221
249 343 132
249 53 416
53 432 214
432 279 382
373 279 68
343 405 89
405 194 436
194 400 338
400 175 202
175 116 379
185 116 59
185 386 155
386 398 375
398 106 568
343 106 136
116 228 555
228 349 576
349 339 302
339 385 565
385 176 250
315 176 138
315 86 161
86 367 336
367 308 112
116 308 365
176 196 122
196 269 517
269 376 438
376 354 459
354 43 541
208 43 127
208 42 453
42 462 135
462 258 15
176 258 463
43 411 343
411 381 30
381 493 27
493 452 617
452 231 544
420 231 283
420 423 227
423 304 539
304 143 605
43 143 469
231 543 171
543 33 410
33 375 364
375 6 604
6 109 230
183 109 542
183 180 16
180 382 111
382 8 191
231 8 434
109 36 98
36 479 140
479 195 501
195 218 590
218 428 310
151 428 106
151 171 147
171 284 156
284 90 24
109 90 584
428 173 210
173 557 87
557 383 619
383 431 146
431 364 31
17 364 484
17 450 51
450 303 179
303 522 150
428 522 275
364 316 200
316 378 466
378 101 28
101 341 574
341 3 569
3 305 351
305 103 288
103 189 228
189 361 385
364 361 242
230 504 153
504 163 412
163 331 374
331 224 238
224 213 137
213 515 193
515 321 564
321 156 311
156 306 593
230 306 222
