869 930
857 623 68
857 629 677
629 766 309
766 843 116
843 803 551
23 803 822
23 635 689
635 228 734
228 292 432
292 223 407
431 223 483
431 649 115
649 517 476
517 498 814
498 623 426
623 702 845
702 454 678
454 359 680
359 713 165
713 834 728
834 772 198
772 374 849
273 374 356
273 741 464
741 745 456
745 583 554
583 750 180
750 530 674
530 103 513
623 103 203
374 169 292
169 559 691
559 551 330
551 321 163
321 9 445
9 760 304
760 470 260
689 470 294
689 469 523
469 836 893
836 708 235
708 26 418
26 446 532
446 780 910
374 780 797
470 774 107
774 125 250
125 683 507
683 388 66
388 811 241
811 207 96
207 404 738
866 404 375
866 647 828
647 258 772
258 588 657
588 456 519
456 81 713
81 810 124
470 810 385
404 566 577
566 616 909
616 157 774
157 861 927
861 813 903
813 332 49
332 168 581
150 168 1
150 604 72
604 438 362
438 337 197
337 145 69
145 846 286
846 816 916
404 816 80
168 723 348
723 724 398
724 744 504
744 18 364
18 199 75
199 347 367
347 12 363
793 12 420
793 37 754
37 66 279
66 416 793
416 10 516
10 770 690
770 778 743
168 778 155
12 220 333
220 524 619
524 261 301
261 669 600
669 771 502
771 424 51
424 46 829
301 46 295
301 514 536
514 820 683
820 260 861
260 459 454
459 194 703
194 248 686
12 248 602
46 136 524
136 373 46
373 822 648
822 550 798
550 80 562
80 244 150
244 841 848
196 841 697
196 420 207
420 835 12
835 357 4
357 731 503
731 860 193
860 269 497
46 269 480
841 655 162
655 573 371
573 496 267
496 5 59
5 487 594
487 582 263
582 245 395
625 245 724
625 824 900
824 759 419
759 406 206
406 706 626
706 95 800
95 680 148
841 680 879
245 380 347
380 133 617
133 481 458
481 310 414
310 627 741
627 595 859
595 267 271
862 267 917
862 96 470
96 213 731
213 463 907
463 612 888
612 72 134
72 146 392
245 146 111
267 795 303
795 519 833
519 429 847
429 513 614
513 53 90
53 314 467
314 305 852
720 305 220
720 288 510
288 75 428
75 195 589
195 114 121
114 548 34
548 640 908
267 640 19
305 123 531
123 488 281
488 411 343
411 58 586
58 721 261
721 294 654
294 85 431
657 85 659
657 368 273
368 547 508
547 856 714
856 110 710
110 755 566
755 147 912
305 147 27
85 823 650
823 109 608
109 768 590
768 325 580
325 251 877
251 400 434
400 13 642
490 13 349
490 747 194
747 149 229
149 289 251
289 25 693
25 118 118
118 180 189
85 180 857
13 177 489
177 600 71
600 205 21
205 492 886
492 799 708
799 468 789
468 143 802
246 143 30
246 272 262
272 403 249
403 537 131
537 598 114
598 535 298
535 271 597
13 271 899
143 726 736
726 259 448
259 281 401
281 679 266
679 833 459
833 183 378
183 568 310
447 568 787
447 539 236
539 769 158
769 461 500
461 477 541
477 390 548
390 761 276
143 761 317
568 735 638
735 106 319
106 401 488
401 699 190
699 349 394
349 381 647
381 392 794
804 392 777
804 69 673
69 348 41
348 230 219
230 415 804
415 555 726
555 155 433
568 155 499
392 236 50
236 740 290
740 92 767
92 253 354
253 572 609
572 581 461
581 278 591
434 278 842
434 30 205
30 204 47
204 691 191
691 21 623
21 355 735
355 135 796
392 135 606
278 499 397
499 242 552
242 767 830
767 840 496
840 667 37
667 140 170
140 486 204
279 486 126
279 99 613
99 358 816
358 576 214
576 345 123
345 320 553
320 174 831
278 174 387
486 442 142
442 560 331
560 729 174
729 790 601
790 375 360
375 618 224
618 672 585
317 672 915
317 597 85
597 807 664
807 413 167
413 265 858
265 782 376
782 343 537
486 343 869
672 569 73
569 418 495
418 787 538
787 115 324
115 609 242
609 384 892
384 558 31
776 558 555
776 49 38
49 102 98
102 322 561
322 765 393
765 751 208
751 817 732
672 817 307
558 410 93
410 664 639
664 16 151
16 417 36
417 509 850
509 634 826
634 1 300
1 527 478
527 94 3
94 41 217
41 542 462
542 52 922
52 854 618
854 704 801
558 704 675
803 436 389
436 283 225
283 35 530
35 29 227
29 421 557
421 354 809
354 158 539
161 158 901
161 45 289
45 7 632
7 656 527
656 748 921
748 333 437
333 233 775
803 233 33
158 709 272
709 828 479
828 651 91
651 117 805
117 252 449
252 42 636
42 564 410
351 564 905
351 274 575
274 402 514
402 845 749
845 690 914
690 112 168
112 826 694
158 826 824
564 425 505
425 850 136
850 284 76
284 703 188
703 119 679
119 201 811
201 266 565
853 266 733
853 450 244
450 848 778
848 818 23
818 681 368
681 707 436
707 104 925
564 104 275
266 574 564
574 775 70
775 471 82
471 695 79
695 665 873
665 34 766
34 285 81
603 285 357
603 630 579
630 590 854
590 432 122
432 728 781
728 71 832
71 313 740
266 313 53
285 452 283
452 264 451
264 105 216
105 500 704
500 806 819
806 619 558
619 859 506
152 859 695
152 257 865
257 784 60
784 717 625
717 275 270
275 832 660
832 84 316
285 84 855
859 439 533
439 734 149
734 148 297
148 224 230
224 521 127
521 868 757
868 752 256
216 752 77
216 151 752
151 166 883
166 642 213
642 178 784
178 591 588
591 608 884
859 608 509
752 789 719
789 658 10
658 437 511
437 235 465
235 805 337
805 77 450
77 571 834
419 571 587
419 671 139
671 482 783
482 250 744
250 122 799
122 412 42
412 386 130
752 386 83
571 725 762
725 614 853
614 455 807
455 758 452
758 36 882
36 364 15
364 293 868
342 293 160
342 184 862
184 282 725
282 280 172
280 808 9
808 61 239
61 226 186
571 226 560
293 389 358
389 176 328
176 371 578
371 202 709
202 473 475
473 91 721
91 791 885
17 791 706
17 543 491
543 62 35
62 592 717
592 191 681
191 56 212
56 243 335
293 243 411
791 137 377
137 638 424
638 370 737
370 65 102
65 520 610
520 802 25
802 141 702
801 141 138
801 350 215
350 510 874
510 620 246
620 330 311
330 422 746
422 101 24
791 101 409
141 394 667
394 120 156
120 302 765
302 587 631
587 352 144
352 222 700
222 129 856
453 129 751
453 577 836
577 60 440
60 650 13
650 480 890
480 529 308
529 344 332
141 344 120
129 83 723
83 93 895
93 786 11
786 541 894
541 353 498
353 458 870
458 408 843
172 408 228
172 580 196
580 297 576
297 705 444
705 286 629
286 579 649
579 837 593
129 837 287
408 335 259
335 227 119
227 556 485
556 666 240
666 838 221
838 164 522
164 643 95
395 643 117
395 495 78
495 688 346
688 426 382
426 506 48
506 206 175
206 268 405
408 268 159
643 715 408
715 441 820
441 189 29
189 407 340
407 182 876
182 749 87
749 624 666
652 624 911
652 661 57
661 812 542
812 255 839
255 188 501
188 788 39
788 47 106
643 47 544
624 79 742
79 467 326
467 186 808
186 457 612
457 86 318
86 476 166
476 829 43
32 829 391
32 19 720
19 593 806
593 694 99
694 6 284
6 382 288
382 599 322
624 599 897
829 526 222
526 309 520
309 54 607
54 329 525
329 626 573
584 626 866
584 154 627
596 154 223
596 192 871
192 677 818
677 160 5
160 372 257
372 549 268
549 24 26
829 24 293
154 589 923
589 300 320
300 383 381
383 462 671
462 610 435
610 474 296
474 444 110
70 444 810
70 472 361
472 557 352
557 827 178
827 391 598
391 700 718
700 90 668
154 90 920
444 393 701
393 504 755
504 545 545
545 639 646
639 754 339
754 340 490
340 414 61
361 414 438
361 87 369
87 239 184
239 518 67
518 659 872
659 299 875
299 214 643
444 214 277
414 198 169
198 55 413
55 215 403
215 367 161
367 855 183
855 263 247
263 552 653
270 552 494
270 531 125
531 465 622
465 670 791
670 622 209
622 606 567
606 483 924
414 483 94
552 544 274
544 533 105
533 485 685
485 74 620
74 578 739
578 377 255
377 2 543
2 796 182
796 116 245
116 842 455
842 534 835
534 819 529
819 298 264
298 615 154
552 615 764
223 682 663
682 98 137
98 674 313
674 319 92
319 464 604
464 839 655
839 73 595
727 73 252
727 757 722
757 108 386
108 33 132
33 867 547
867 14 630
14 39 492
223 39 628
73 67 469
67 605 325
605 144 795
144 648 815
648 730 844
730 663 336
663 399 747
798 399 226
798 633 302
633 339 788
339 851 867
851 209 187
209 451 584
451 831 688
73 831 827
399 632 574
632 363 231
363 121 108
121 338 493
338 397 181
397 641 929
641 387 662
324 387 592
324 489 171
489 379 621
379 405 745
405 88 56
88 503 715
503 718 173
399 718 388
387 175 896
175 423 652
423 864 616
864 617 280
617 512 769
512 460 517
460 847 466
328 847 569
328 50 670
50 532 669
532 203 559
203 76 776
76 365 234
365 130 28
387 130 315
847 698 786
698 100 2
100 20 17
20 538 350
538 306 18
306 733 447
733 362 881
684 362 100
684 396 918
396 217 603
217 693 104
693 613 705
613 327 644
327 611 7
847 611 88
362 712 32
712 8 889
8 536 192
536 44 344
44 308 383
308 508 913
508 497 113
443 497 825
443 687 887
687 562 471
562 522 571
522 662 457
662 844 103
844 185 379
362 185 687
497 478 443
478 668 760
668 197 200
197 794 439
794 385 177
385 777 891
777 208 780
173 208 58
173 51 176
51 428 658
428 291 838
291 475 446
475 448 568
448 249 406
497 249 534
208 739 441
739 360 624
360 131 481
131 254 128
254 494 430
494 398 238
398 127 837
554 127 20
554 701 750
701 501 880
501 304 145
304 126 299
126 491 353
491 295 8
208 295 253
127 809 211
809 159 453
159 863 52
863 57 605
57 585 374
585 792 140
792 124 526
646 124 89
646 676 416
676 409 656
409 179 463
179 107 637
107 378 928
378 445 341
127 445 729
124 64 473
64 449 399
449 525 768
525 716 84
716 132 572
132 334 904
334 218 396
511 218 823
511 225 878
225 553 707
553 346 898
346 247 421
247 193 840
193 685 615
124 685 468
218 644 366
644 756 243
756 303 753
303 315 665
315 628 785
628 654 792
654 736 55
241 736 790
241 869 63
869 773 329
773 602 672
602 607 233
607 111 355
111 714 860
218 714 712
736 200 372
200 232 851
232 287 415
287 746 402
746 764 770
764 742 676
742 211 218
673 211 640
673 27 201
27 262 773
262 290 596
290 696 771
696 783 86
783 493 232
736 493 633
211 565 254
565 237 45
237 31 109
31 296 417
296 138 133
138 865 314
865 675 202
82 675 812
82 234 237
234 516 334
516 311 535
311 502 423
502 170 528
170 316 321
211 316 563
675 171 351
171 238 803
238 22 846
22 781 14
781 167 634
167 15 265
15 637 864
678 637 550
678 142 380
142 40 512
40 686 926
686 113 6
113 561 758
561 63 345
675 63 698
637 430 306
430 814 645
814 240 54
240 710 97
710 697 258
697 631 269
631 163 373
821 163 152
821 376 412
376 4 611
4 139 474
139 440 727
440 570 716
570 341 521
637 341 763
163 743 902
743 231 248
231 28 487
28 762 635
762 825 16
825 162 813
162 815 153
484 815 112
484 653 22
653 732 305
732 369 782
369 134 157
134 48 422
48 738 370
163 738 390
815 546 472
546 852 195
852 59 282
59 366 141
366 540 779
540 97 101
97 318 429
433 318 930
433 621 817
621 645 384
645 331 546
331 190 641
190 78 427
78 89 285
815 89 486
318 737 549
737 38 582
38 636 365
636 479 460
479 356 583
356 276 515
276 307 185
601 307 759
601 466 135
466 763 730
763 523 682
523 660 425
660 711 400
711 594 404
318 594 442
307 528 199
528 507 699
507 11 147
11 221 692
221 156 477
156 719 711
719 586 291
753 586 40
753 165 484
165 229 482
229 43 661
43 427 540
427 212 761
212 323 210
307 323 129
586 277 323
277 219 841
219 128 65
128 575 756
575 830 338
830 153 919
153 3 146
3 312 164
312 336 62
336 722 44
722 505 518
505 181 179
181 326 696
326 187 342
586 187 278
626 692 74
692 435 143
435 515 684
515 779 906
779 210 570
210 797 327
797 256 312
256 849 556
849 785 599
785 858 359
858 800 821
800 567 64
567 563 748
563 68 651
626 68 863
