1303 1364
1027 1089 146
1027 147 1090
147 164 498
164 114 1103
114 1105 791
1105 747 537
747 659 415
722 659 339
722 217 190
217 989 297
989 105 1001
105 1056 547
1056 1055 1190
1055 230 1336
956 230 813
956 469 428
469 844 536
844 712 450
712 574 1107
574 945 1269
945 519 986
519 1089 189
1089 396 41
396 502 887
502 680 910
680 461 1195
461 952 352
952 619 574
619 523 1329
523 588 38
588 987 101
987 684 379
684 444 1189
159 444 145
159 219 83
219 941 133
941 168 668
168 778 30
778 1040 43
1040 735 735
735 745 23
745 1154 1079
1154 762 39
1089 762 369
444 550 1152
550 964 1209
964 1049 125
1049 842 1187
842 524 687
524 129 856
129 932 485
932 128 181
128 321 150
321 1117 1089
1117 1253 1342
353 1253 646
353 1165 175
1165 201 703
201 35 110
35 1140 957
1140 431 823
431 740 192
740 10 510
10 856 1113
856 548 613
444 548 494
1253 360 1125
360 30 759
30 280 571
280 214 1002
214 623 546
623 1226 1266
1226 7 584
7 573 470
573 395 897
395 206 1229
206 716 908
629 716 205
629 1220 593
1220 700 603
700 313 207
313 1067 673
1067 576 35
576 575 277
575 692 156
692 348 905
348 635 350
1253 635 822
716 969 1222
969 809 1018
809 625 232
625 913 542
913 90 770
90 893 727
893 663 549
663 1247 941
1247 169 278
169 1242 1023
1242 1059 401
1195 1059 347
1195 1153 31
1153 880 581
880 1026 980
1026 1010 1131
1010 324 308
324 118 1047
118 950 1300
950 704 617
704 518 898
716 518 59
1059 1155 1268
1155 543 1234
543 528 1049
528 235 1297
235 981 1179
981 1255 754
1255 585 1198
585 101 730
101 703 1299
703 1269 568
1269 394 1363
303 394 1025
303 580 833
580 240 171
240 277 47
277 1186 828
1186 104 332
104 373 1338
373 179 252
179 181 475
181 183 439
1059 183 237
394 793 36
793 9 629
9 1011 1069
1011 1285 1138
1285 946 1165
946 618 273
618 489 257
489 304 769
304 586 227
586 958 966
958 797 1151
1098 797 714
1098 380 34
380 127 1
127 439 682
439 620 525
620 1148 533
1148 772 53
772 534 1339
534 787 1203
787 29 820
394 29 294
797 336 400
336 422 85
422 614 1357
614 367 899
367 1127 225
1127 400 1284
400 92 330
92 393 359
393 414 1106
414 1180 925
1180 833 185
980 833 1280
980 32 1161
32 1294 524
1294 1006 505
1006 132 361
132 358 124
358 504 1053
504 1213 622
1213 630 1361
630 18 57
797 18 851
833 1126 684
1126 340 866
340 853 567
853 810 752
810 1198 52
1198 1190 1287
1190 1124 1036
1124 1025 644
1025 157 165
157 1114 1074
1114 641 948
1219 641 1015
1219 305 22
305 1281 9
1281 247 715
247 832 62
832 1176 1337
1176 667 299
667 78 788
78 996 875
996 1109 1066
833 1109 358
641 331 368
331 863 757
863 770 219
770 666 1265
666 511 873
511 1258 1313
1258 1171 78
1171 931 1237
931 714 81
714 1168 707
1168 719 623
827 719 825
827 1199 422
1199 963 587
963 1088 384
1088 834 1031
834 800 659
800 49 583
49 1082 403
1082 936 344
936 986 201
641 986 266
719 81 375
81 1132 1238
1132 1063 774
1063 841 523
841 746 159
746 915 1180
915 498 141
498 902 1261
902 759 465
759 1146 276
1146 5 803
1212 5 91
1212 617 808
617 1261 598
1261 493 336
493 1209 921
1209 1202 132
1202 500 785
500 597 1235
597 611 1081
611 413 1247
719 413 979
5 965 1346
965 427 837
427 587 1038
587 391 531
391 1290 1362
1290 953 381
953 171 1243
171 166 1059
166 1279 1245
1279 1095 129
1095 855 592
859 855 799
859 310 871
310 1192 1333
1192 648 139
648 869 1355
869 190 776
190 317 1320
317 362 1251
362 110 767
110 1274 1314
5 1274 1218
855 891 602
891 599 220
599 899 635
899 592 463
592 438 1020
438 133 990
133 672 704
672 613 306
613 421 138
421 1018 466
1018 1021 1178
1203 1021 230
1203 1029 84
1029 682 97
682 1271 1290
1271 203 410
203 98 793
98 370 1214
370 1215 310
1215 1092 932
1092 483 1310
855 483 570
1021 632 601
632 79 1088
79 466 1223
466 1074 416
1074 601 565
601 1265 857
1265 289 906
289 191 154
191 285 651
285 16 606
16 1169 10
1003 1169 558
1003 606 194
606 295 341
295 312 712
312 77 969
77 615 937
615 807 557
807 106 900
106 1302 272
1302 889 607
1021 889 105
1169 1101 805
1101 944 283
944 327 554
327 655 1007
655 1036 456
1036 1157 1080
1157 1104 1249
1104 831 689
831 226 1236
226 1019 973
1019 202 997
1097 202 723
1097 1284 1202
1284 1273 860
1273 690 985
690 378 436
378 878 877
878 645 666
645 82 1176
82 478 348
478 1066 960
1169 1066 161
202 1205 611
1205 207 127
207 777 597
777 1197 1181
1197 375 763
375 1119 235
1119 424 869
424 1301 1281
1301 624 8
624 43 940
43 218 300
642 218 421
642 434 1267
434 1038 218
1038 1228 1334
1228 100 665
100 883 100
883 1208 328
1208 872 1352
872 1045 87
1045 174 865
202 174 27
218 591 952
591 903 697
903 208 509
208 788 1014
788 245 1153
245 276 198
276 1122 162
1122 296 528
296 381 170
381 242 926
242 896 1335
220 896 543
220 814 376
814 802 972
802 1291 616
1291 244 199
244 917 44
917 536 620
536 757 636
757 417 1026
417 795 392
218 795 550
896 753 221
753 750 365
750 707 943
707 644 633
644 1187 32
1187 432 653
432 849 248
849 774 807
774 403 447
403 862 213
862 45 1150
1264 45 1257
1264 884 504
884 1272 1166
1272 688 743
688 480 755
480 506 539
506 851 373
851 781 409
781 547 1067
547 783 1062
896 783 427
45 514 821
514 882 762
882 743 1000
743 718 155
718 165 99
165 768 477
768 562 217
562 1139 1109
1139 522 1206
522 609 950
609 1116 1356
1069 1116 1143
1069 879 393
879 318 280
318 1121 894
1121 540 983
540 600 519
600 569 517
569 1189 7
1189 332 290
332 83 1270
45 83 1155
1116 1160 493
1160 555 745
555 1259 342
1259 12 211
12 997 781
997 1268 677
1268 767 779
767 8 1139
8 792 396
792 1151 16
1151 560 994
702 560 913
702 898 967
898 868 683
868 283 1345
283 130 457
130 248 1130
248 766 324
766 839 446
839 553 1224
553 53 131
1116 53 1306
560 865 815
865 342 495
342 1052 892
1052 15 1225
15 135 658
135 1108 437
1108 755 383
755 796 1244
796 999 1302
999 988 18
988 1 455
1 508 1027
508 710 783
710 1251 1230
1251 408 451
408 850 313
850 1113 434
1113 529 1016
529 42 691
42 572 1219
572 860 888
560 860 670
659 531 268
531 589 1322
589 779 229
779 799 274
799 1134 795
1134 595 975
595 407 1167
407 151 74
151 1024 559
1024 322 744
322 605 1295
1221 605 1250
1221 86 130
86 1115 1277
1115 991 402
991 339 1009
339 468 626
468 1078 961
1078 46 998
46 1196 1321
1196 57 1364
659 57 1341
605 1086 51
1086 537 1271
537 316 1211
316 748 1082
748 290 1248
290 530 977
530 1005 1157
1005 622 1091
622 933 419
933 919 66
919 341 442
806 341 878
806 364 1276
364 66 3
66 1130 841
1130 1034 881
1034 411 728
411 279 722
279 397 845
397 1204 387
1204 70 169
605 70 662
341 48 1030
48 160 876
160 241 355
241 515 63
515 954 883
954 472 632
472 1238 1033
1238 189 749
189 475 1040
475 435 768
435 1288 414
552 1288 595
552 527 413
527 237 838
237 1266 713
1266 232 965
232 1252 224
1252 1231 168
1231 404 148
404 210 1032
210 677 872
341 677 360
1288 224 1164
224 329 1349
329 14 246
14 13 858
13 921 149
921 390 1156
390 163 988
163 229 17
229 1064 6
1064 535 1221
535 141 391
6 141 938
6 1287 919
1287 782 92
782 501 364
501 1041 1064
1041 27 594
27 75 71
75 1054 12
1054 126 1057
126 392 95
1288 392 374
141 1263 889
1263 1257 1100
1257 1075 996
1075 911 311
911 402 974
402 1184 1121
1184 387 304
387 1245 298
1245 930 471
930 222 657
222 123 699
970 123 1303
970 94 1285
94 995 854
995 26 291
26 608 700
608 734 179
734 551 120
551 445 679
445 840 286
840 41 69
141 41 1226
123 785 579
785 109 28
109 758 1154
758 117 1147
117 121 945
121 1125 853
1125 934 573
934 456 1188
456 843 102
843 307 784
307 266 216
416 266 73
416 992 802
992 326 946
326 811 212
811 107 1327
107 337 1264
337 372 1330
372 1149 1282
1149 657 253
657 1158 79
123 1158 545
266 1278 518
1278 905 846
905 914 333
914 926 234
926 1236 1149
1236 886 1072
886 633 287
633 1000 265
1000 1032 80
1032 924 1360
924 1065 1298
957 1065 296
957 383 307
383 1275 1101
1275 1227 814
1227 1022 751
1022 448 331
448 294 955
294 901 65
901 227 924
227 818 1095
266 818 367
1065 31 108
31 709 721
709 1110 855
1110 848 370
848 1223 939
1223 1087 173
1087 1303 209
1303 764 1197
764 1234 650
1234 1133 479
1133 96 1241
25 96 1112
25 1282 134
1282 486 895
486 977 1201
977 675 512
675 497 378
497 1174 1004
1174 158 267
158 1039 371
1039 69 1052
1065 69 639
96 88 638
88 252 1283
252 1061 789
1061 198 1132
198 912 984
912 162 184
162 302 909
302 916 56
916 442 1294
442 544 1114
544 604 904
93 604 625
93 1262 295
1262 1152 863
1152 246 380
246 155 1078
155 192 1126
192 477 812
477 972 560
972 817 445
817 52 215
96 52 954
604 1280 982
1280 638 506
638 451 963
451 1050 806
1050 654 346
654 651 326
651 254 738
254 616 37
616 885 922
885 1164 462
1164 507 1171
1084 507 874
1084 639 82
639 490 765
490 662 746
662 194 1092
194 67 424
67 374 1086
374 205 569
205 84 1274
84 464 1278
604 464 147
507 1042 432
1042 113 177
113 561 705
561 812 742
812 272 49
272 64 1142
64 1286 316
1286 415 951
415 1014 459
1014 754 962
754 760 1275
359 760 1260
359 492 1182
492 1156 971
1156 685 354
685 236 780
236 377 561
377 724 566
724 640 1289
640 1298 831
1298 861 58
507 861 271
760 794 685
794 1031 1318
1031 281 208
281 846 944
846 789 992
789 225 915
225 976 1191
976 1023 301
1023 433 521
433 557 144
557 923 191
826 923 1184
826 268 864
268 1048 816
1048 282 1145
282 71 1169
71 37 618
37 962 502
962 21 320
21 596 1286
596 713 1094
760 713 1136
923 1107 94
1107 1007 501
1007 676 771
676 1015 118
1015 325 1083
325 59 1326
59 538 1316
538 1120 1046
1120 355 40
355 1001 903
1001 698 1332
873 698 667
873 1128 778
1128 187 1120
187 1260 949
1260 73 686
73 549 389
549 269 472
269 384 420
384 939 675
939 212 1351
923 212 953
698 320 514
320 335 1305
335 446 610
446 815 180
815 263 968
263 271 116
271 828 390
828 1111 810
1111 363 200
363 44 1039
44 255 68
80 255 800
80 311 976
311 389 398
389 195 335
195 177 1051
177 1159 674
1159 122 1228
122 1012 262
1012 349 516
349 708 140
698 708 93
255 1070 729
1070 1037 884
1037 293 927
293 238 223
238 541 1073
541 386 259
386 420 1098
420 184 739
184 1173 425
1173 752 698
752 111 423
584 111 882
584 864 453
864 959 582
959 1201 238
1201 1295 1122
1295 1143 1252
1143 146 195
146 108 641
108 1185 1105
1185 474 5
255 474 1058
111 223 281
223 683 1124
683 516 467
516 668 1055
668 1131 993
1131 978 1173
978 425 254
425 284 760
284 825 1227
825 673 585
673 940 231
920 940 1160
920 706 309
706 221 664
221 627 382
627 58 233
58 323 849
323 306 756
306 1044 1242
1044 1147 656
1147 1239 15
111 1239 609
940 1224 441
1224 563 718
563 887 1194
887 738 1258
738 968 1127
968 820 153
820 1167 397
1167 678 88
678 696 61
696 1249 1354
1249 1178 210
679 1178 1185
679 85 936
85 496 126
496 315 1158
315 95 886
95 1043 702
1043 333 1021
333 1099 123
1099 723 1019
723 1060 1174
940 1060 1028
1178 594 244
594 426 520
426 1080 1135
1080 56 1116
56 966 499
966 687 852
687 720 1133
720 270 1063
270 366 503
366 647 596
647 308 1348
430 308 1006
430 1100 809
1100 513 1115
513 593 176
593 258 842
258 410 578
410 216 564
216 1077 619
1077 119 50
119 1106 292
1178 1106 532
308 23 1288
23 1232 322
1232 975 1084
975 120 1296
120 658 652
658 727 717
727 670 351
670 681 178
681 450 1011
450 17 1065
17 1217 337
1161 1217 1172
1161 947 255
947 440 527
440 465 203
465 309 672
309 521 196
521 125 508
125 517 325
517 286 496
286 1138 1162
308 1138 1215
1217 1163 500
1163 1162 782
1162 973 511
973 1248 772
1248 1170 999
1170 419 830
419 691 24
691 103 461
103 274 551
274 741 1304
741 2 1148
2 1225 443
1225 824 1129
824 399 411
399 185 630
185 72 1207
72 239 75
239 467 109
467 1085 158
1085 922 305
922 345 1068
1217 345 1347
230 835 736
835 259 649
259 441 86
441 643 293
643 993 1070
993 199 77
199 54 645
54 243 25
243 36 1256
36 1296 1212
1296 1230 430
1214 1230 1077
1214 721 710
721 68 1104
68 763 1192
763 697 1331
697 152 541
152 1145 942
1145 350 236
350 429 669
429 1216 1010
230 1216 614
1230 436 164
436 693 362
693 112 773
112 300 1008
300 894 1263
894 906 1199
906 369 1043
369 471 284
471 145 970
145 701 1168
701 1081 1240
473 1081 827
473 479 303
479 1028 540
1028 24 621
24 790 340
790 265 96
265 890 920
890 736 377
736 351 708
351 829 577
1230 829 586
1081 428 978
428 837 187
837 368 741
368 984 406
984 338 690
338 457 353
457 137 748
137 819 660
819 612 612
612 558 1232
558 228 60
1096 228 1017
1096 102 1050
102 298 329
298 892 480
892 634 692
634 852 663
852 780 1048
780 1002 522
1002 1166 142
1166 22 431
1081 22 753
228 1211 302
1211 731 933
731 264 696
264 1240 366
1240 134 318
134 297 555
297 671 468
671 91 761
91 942 490
942 554 947
554 1035 242
1289 1035 103
1289 983 1085
983 33 661
33 1137 412
1137 951 643
951 1008 323
1008 371 21
371 376 1204
376 791 535
791 1090 1279
228 1090 270
1035 1062 1102
1062 1004 709
1004 1009 797
1009 437 429
437 520 1317
520 838 553
838 909 319
909 510 481
510 1256 885
1256 267 399
267 273 11
729 273 70
729 452 1217
452 261 634
261 89 1208
89 1207 848
1207 51 312
51 1293 928
1293 142 478
142 115 923
115 717 867
1035 717 1312
273 960 1216
960 830 356
830 739 188
739 251 458
251 19 958
19 50 90
50 256 834
256 180 269
180 196 832
196 4 1253
4 823 98
406 823 1328
406 571 122
571 154 372
154 874 452
874 1179 836
1179 626 1141
626 938 507
938 423 214
423 485 526
485 1118 513
273 1118 1344
823 209 1144
209 161 183
161 689 1359
689 204 245
204 715 758
715 149 515
149 1270 1193
1270 895 1140
895 1283 931
1283 505 1159
505 34 1293
61 34 734
61 512 106
512 124 964
124 674 113
674 172 959
172 900 764
900 803 637
803 566 172
566 943 1301
943 925 796
823 925 1117
34 495 548
495 1246 792
1246 756 250
756 1030 1087
1030 990 1175
990 761 395
761 908 844
908 845 544
845 1142 868
1142 76 197
76 405 394
418 405 901
418 356 135
356 215 907
215 948 1099
948 503 600
503 291 775
291 176 186
176 694 1163
694 253 1323
253 1016 914
34 1016 654
405 365 42
365 188 314
188 249 240
249 354 488
354 178 731
178 660 861
660 559 981
559 462 678
462 39 1060
39 213 288
213 1020 54
1172 1020 2
1172 233 492
233 867 676
867 1144 1308
1144 649 725
649 1083 615
1083 897 1200
897 330 1262
330 287 777
287 1182 1071
405 1182 552
1020 821 608
821 447 991
447 278 4
278 1058 916
1058 705 790
705 656 163
656 173 19
173 974 1118
974 881 404
881 1053 1220
1053 979 1128
888 979 628
888 186 64
186 1200 648
1200 813 850
813 116 840
116 47 1056
47 63 1108
63 357 1177
357 935 740
935 454 556
1020 454 786
979 570 1273
570 567 794
567 1051 67
1051 532 655
532 661 819
661 1194 1111
1194 1091 893
1091 87 435
87 749 104
749 784 642
784 328 843
628 328 1213
628 1250 839
1250 961 726
961 737 1254
737 476 136
476 484 426
484 1046 1042
1046 319 1029
319 665 688
665 250 408
979 250 1035
328 711 719
711 877 1205
877 583 576
583 801 891
801 449 599
449 314 385
314 455 143
455 1191 45
1191 38 357
38 385 575
385 1299 418
686 1299 534
686 985 491
985 631 829
631 744 1044
744 775 804
775 409 167
409 650 879
650 299 1075
299 577 529
577 742 137
328 742 388
1299 730 469
730 1033 934
1033 1135 720
1135 773 1343
773 136 671
136 695 870
695 565 798
565 1277 835
1277 870 1061
870 443 327
443 669 1119
1136 669 275
1136 1206 115
1206 871 226
871 234 334
234 1141 695
1141 1093 1315
1093 998 716
998 470 826
470 1297 1325
1297 1057 48
1299 1057 580
669 150 33
150 808 13
808 967 711
967 579 917
579 499 1041
499 546 817
546 646 26
646 143 1272
143 1233 624
1233 771 117
771 388 930
20 388 1096
20 564 631
564 200 321
200 725 152
725 1071 987
1071 11 1146
11 578 405
578 539 896
539 1218 1005
1218 382 46
669 382 1309
388 231 487
231 1072 912
1072 929 1134
929 847 282
847 170 880
170 581 1013
581 292 1003
292 491 264
491 971 460
971 1112 1110
1112 621 538
653 621 89
653 1129 289
1129 582 438
582 1013 444
1013 1300 572
1300 776 801
776 526 766
526 602 76
602 904 454
904 751 1233
388 751 956
621 822 1231
822 97 112
97 1292 239
1292 1103 317
1103 379 206
379 144 222
144 545 1259
545 726 935
726 857 627
857 866 811
866 732 249
765 732 448
765 1222 251
1222 347 1340
347 603 241
257 603 489
257 1102 315
1102 1237 474
1237 637 261
637 74 787
74 910 1022
621 910 1137
732 804 1324
804 343 911
343 858 386
858 175 818
175 805 1239
805 1047 694
1047 197 228
197 459 1097
459 352 929
352 1094 589
1094 140 202
1254 140 72
1254 556 343
556 131 111
131 590 20
590 487 417
487 361 486
361 1123 1196
1123 509 1123
509 28 680
28 458 693
732 458 497
140 260 476
260 937 681
937 1017 989
1017 460 166
460 288 338
288 488 591
488 1076 640
1076 1193 160
1193 836 563
836 65 724
65 1181 182
533 1181 859
533 401 701
401 301 279
301 1243 1311
1243 949 1358
949 1244 1045
1244 167 647
167 1235 473
1235 652 862
652 482 114
140 482 605
1181 55 119
55 156 107
156 994 1054
994 398 449
398 907 562
907 1175 890
1175 412 750
412 542 440
542 262 1319
262 139 1093
139 798 1210
607 798 285
607 928 1291
928 1229 1012
1229 1210 204
1210 1177 263
1177 481 1183
481 1188 733
1188 346 995
346 918 706
918 636 1307
1181 636 260
798 138 482
138 664 464
664 955 1076
955 1276 1255
1276 1068 1186
1068 875 732
875 854 588
854 344 1024
344 1073 29
1073 1079 590
1079 3 918
3 275 737
275 211 256
211 1183 345
1183 525 363
525 62 14
62 1150 193
1150 60 128
60 1267 151
1267 728 1246
728 193 484
798 193 55
603 568 1170
568 876 1034
876 769 433
769 598 243
598 494 902
494 40 847
40 816 530
816 927 1353
927 786 747
786 1241 349
1241 453 1350
453 182 824
182 982 258
982 610 407
610 148 157
148 153 1292
153 699 1037
699 463 604
463 334 174
334 733 247
733 99 121
603 99 483
