613 680
258 412 508
258 166 444
166 410 310
285 410 127
285 534 71
534 502 282
112 502 540
112 192 548
192 224 399
224 412 207
412 428 78
428 66 227
66 492 129
492 446 50
446 202 152
76 202 426
76 145 619
145 167 403
167 573 57
412 573 545
202 520 536
520 590 629
590 536 420
536 455 486
455 290 633
547 290 617
547 105 236
105 507 182
507 259 45
202 259 56
290 95 325
95 586 390
586 161 112
161 348 377
348 539 432
435 539 280
435 295 93
295 416 503
416 422 224
290 422 575
539 175 130
175 340 671
340 209 59
209 230 134
230 580 29
568 580 307
568 217 109
217 582 480
582 223 191
539 223 14
580 402 52
402 184 51
184 486 348
486 407 459
407 321 94
79 321 30
79 187 19
187 168 558
168 506 43
580 506 612
321 350 456
350 311 101
311 437 128
437 69 239
69 593 136
78 593 314
78 146 435
146 228 159
228 21 587
321 21 678
593 141 5
141 24 285
24 173 235
173 74 137
74 83 158
113 83 106
113 64 185
64 303 11
303 276 609
593 276 560
83 367 336
367 20 347
20 221 291
221 218 247
218 91 199
68 91 565
68 178 253
178 140 518
140 542 200
83 542 91
91 124 90
124 271 544
271 96 37
96 37 55
37 183 389
77 183 319
77 544 327
544 126 397
126 308 304
91 308 270
183 297 62
297 51 521
51 6 523
6 253 156
253 254 654
496 254 76
496 588 415
588 515 462
515 385 47
183 385 618
254 393 598
393 244 33
244 72 143
72 286 464
286 603 467
564 603 303
564 458 593
458 368 367
368 384 187
254 384 650
603 439 668
439 487 516
487 341 635
341 320 570
320 291 621
14 291 552
14 576 4
576 247 63
247 445 13
603 445 41
291 63 385
63 25 278
25 39 409
39 574 44
574 214 602
42 214 65
42 132 74
132 133 473
133 327 178
291 327 259
214 93 628
93 87 484
87 35 113
35 533 589
533 459 365
325 459 493
325 408 323
408 226 360
226 100 168
214 100 211
459 441 434
441 499 15
499 213 363
213 19 658
19 29 427
317 29 104
317 134 605
134 522 75
522 501 68
459 501 188
29 40 272
40 73 223
73 10 251
10 106 321
106 453 222
456 453 254
456 27 330
27 273 149
273 260 334
29 260 353
453 101 430
101 262 554
262 609 477
609 205 637
205 38 202
272 38 606
272 500 349
500 309 139
309 251 452
453 251 266
38 530 339
530 269 28
269 397 318
397 356 410
356 430 77
543 430 273
543 518 119
518 449 160
449 328 356
38 328 586
430 305 49
305 103 296
103 611 607
611 225 265
225 557 370
471 557 337
471 13 400
13 423 242
423 23 85
430 23 89
557 585 419
585 388 175
388 394 583
394 353 509
353 477 531
257 477 529
257 163 10
163 32 221
32 237 569
557 237 271
477 493 150
493 524 541
524 413 355
413 419 522
419 488 216
34 488 215
34 448 610
448 67 440
67 89 485
477 89 597
488 239 208
239 137 165
137 604 162
604 287 39
287 1 559
1 569 505
569 461 12
461 144 506
144 472 667
488 472 437
410 307 341
307 160 391
160 104 514
104 451 250
451 61 73
594 61 27
594 43 642
43 107 433
107 280 64
410 280 267
61 279 549
279 513 198
513 206 287
206 298 614
298 319 354
332 319 346
332 364 84
364 597 679
597 288 394
61 288 234
319 86 163
86 208 646
208 322 87
322 169 166
169 128 504
318 128 301
318 575 405
575 114 568
114 248 140
319 248 501
128 216 495
216 17 502
17 462 312
462 306 317
306 404 194
151 404 180
151 235 240
235 245 458
245 482 470
128 482 100
404 5 210
5 55 161
55 15 186
15 554 652
554 377 297
336 377 463
336 454 483
454 571 132
571 323 533
404 323 36
377 483 376
483 8 6
8 149 383
149 345 528
345 16 72
382 16 293
382 176 243
176 337 454
337 310 638
377 310 539
16 283 83
283 484 302
484 238 286
238 47 375
47 425 384
215 425 192
215 398 275
398 538 491
538 312 581
16 312 362
425 85 256
85 519 292
519 229 116
229 372 99
372 572 492
172 572 359
172 548 46
548 180 414
180 26 595
425 26 3
572 577 623
577 526 263
526 354 406
354 256 66
256 99 643
505 99 398
505 478 264
478 351 183
351 249 96
572 249 600
99 553 164
553 60 603
60 148 147
148 338 661
338 30 31
196 30 672
196 343 97
343 581 644
581 116 445
99 116 167
30 82 601
82 31 338
31 344 387
344 191 169
191 584 580
551 584 81
551 304 196
304 560 332
560 170 181
30 170 656
584 555 231
555 375 515
375 195 574
195 415 368
415 595 380
41 595 246
41 45 82
45 497 53
497 565 177
584 565 676
595 212 369
212 44 519
44 335 170
335 490 245
490 330 213
155 330 189
155 301 641
301 274 675
274 360 306
595 360 148
330 579 655
579 117 300
117 153 153
153 139 392
139 537 145
546 537 488
546 58 118
58 119 344
119 380 351
330 380 195
537 578 588
578 479 582
479 334 564
334 197 388
197 54 294
383 54 281
383 442 34
442 267 517
267 591 632
537 591 345
54 94 494
94 421 647
421 150 283
150 535 295
535 12 131
240 12 553
240 508 333
508 236 374
236 504 95
54 504 32
12 182 232
182 158 364
158 88 567
88 355 249
355 147 674
50 147 625
50 399 98
399 521 316
521 390 9
12 390 197
147 532 616
532 292 620
292 470 18
470 606 665
606 592 257
289 592 313
289 469 543
469 434 576
434 387 133
147 387 184
592 194 425
194 57 530
57 485 594
485 342 308
342 219 107
556 219 489
556 98 604
98 110 469
110 358 201
592 358 23
219 231 596
231 115 499
115 346 673
346 559 527
559 457 411
403 457 16
403 135 155
135 210 497
210 211 645
219 211 171
457 558 510
558 468 35
468 84 238
84 56 151
56 510 67
232 510 538
232 605 230
605 517 461
517 495 441
457 495 218
510 264 439
264 33 662
33 361 453
361 266 2
266 2 329
2 131 578
131 296 666
296 431 526
431 300 630
510 300 460
502 179 547
179 357 179
357 417 443
417 378 288
378 118 657
381 118 61
381 598 608
598 443 268
443 157 54
502 157 450
118 28 438
28 396 108
396 162 276
162 347 114
347 444 639
252 444 556
252 370 115
370 18 550
18 138 418
118 138 269
444 386 664
386 450 626
450 523 138
523 164 584
164 366 660
491 366 573
491 313 173
313 222 524
222 142 653
444 142 48
366 352 677
352 362 670
362 111 277
111 509 142
509 284 219
583 284 24
583 489 571
489 123 366
123 427 416
366 427 546
284 599 298
599 265 305
265 275 146
275 242 381
242 193 261
466 193 500
466 174 428
174 514 561
514 277 422
284 277 496
193 550 260
550 90 262
90 587 38
587 181 255
181 241 226
440 241 228
440 154 579
154 432 1
432 525 204
193 525 431
241 339 532
339 374 599
374 255 680
255 365 233
365 200 342
409 200 122
409 600 378
600 203 88
203 503 352
241 503 577
200 474 102
474 610 214
610 452 103
452 613 478
613 363 613
59 363 448
59 379 424
379 369 284
369 53 206
200 53 412
363 465 205
465 389 511
389 165 279
165 243 622
243 433 551
531 433 21
531 294 566
294 589 436
589 324 290
363 324 7
433 349 212
349 177 659
177 11 407
11 204 92
204 602 20
391 602 490
391 159 451
159 406 8
406 392 241
433 392 468
602 152 535
152 75 126
75 329 386
329 234 172
234 570 611
80 570 466
80 70 627
70 414 58
414 171 225
602 171 80
570 65 498
65 121 591
121 424 634
424 299 373
299 395 86
331 395 537
331 528 393
528 122 258
122 607 209
570 607 124
395 9 487
9 81 592
81 220 476
220 263 343
263 198 40
475 198 408
475 268 520
268 52 446
52 401 507
395 401 335
198 315 299
315 190 372
190 71 203
71 7 474
7 552 640
97 552 190
97 326 69
326 281 371
281 561 144
198 561 669
552 436 562
436 596 572
596 270 117
270 476 413
476 511 309
227 511 421
227 494 220
516 494 111
516 109 512
552 109 320
511 405 331
405 207 135
207 46 322
46 467 417
467 562 157
527 562 176
527 49 193
49 429 457
429 92 79
511 92 217
562 601 555
601 130 60
130 498 525
498 464 244
464 108 624
447 108 401
447 282 26
282 541 110
541 102 17
562 102 402
108 376 125
376 199 534
199 426 311
426 400 615
400 129 396
127 129 472
127 420 557
420 136 141
136 612 22
108 612 449
129 512 649
512 156 379
156 545 25
545 186 563
186 233 123
566 233 648
566 540 174
540 293 289
293 185 465
129 185 585
233 316 357
316 4 237
4 143 315
143 608 328
608 529 429
250 529 252
250 62 382
62 473 636
473 188 631
233 188 120
529 418 663
418 567 274
567 411 479
411 261 105
261 371 361
48 371 340
48 438 455
438 22 154
22 278 542
529 278 475
371 302 324
302 373 442
373 460 651
460 563 471
563 3 404
3 201 447
201 549 229
549 314 121
314 480 590
371 480 482
494 189 42
189 359 326
359 463 423
463 481 395
481 246 358
246 125 350
125 333 481
333 36 70
36 120 248
494 120 513
