953 1020
201 268 403
201 186 810
186 537 318
537 49 406
49 938 426
367 938 611
367 544 885
544 708 912
708 874 43
874 611 42
892 611 1016
892 17 49
17 458 197
458 118 70
118 268 244
268 939 830
939 609 971
609 541 613
541 375 921
375 68 159
68 250 133
250 362 368
310 362 80
310 47 519
47 210 964
210 774 144
774 925 156
925 644 715
644 170 96
268 170 470
362 483 657
483 270 944
270 689 204
689 276 329
276 136 149
136 306 347
306 519 804
572 519 187
572 304 634
304 440 481
440 565 224
565 622 10
622 5 9
5 413 773
362 413 874
519 607 339
607 630 951
630 915 969
915 902 12
902 352 733
352 32 373
32 912 223
856 912 721
856 288 457
288 158 408
158 889 358
889 701 686
701 200 233
200 879 996
519 879 937
912 882 817
882 916 923
916 63 143
63 794 959
794 220 372
220 534 865
534 539 363
110 539 788
110 783 903
783 790 14
790 233 716
233 913 288
913 943 182
943 574 745
912 574 401
539 178 217
178 659 190
659 272 420
272 101 984
101 205 23
205 490 374
490 501 918
111 501 639
111 144 333
144 57 991
57 637 299
637 803 438
803 871 176
871 750 669
539 750 488
501 538 177
538 766 864
766 536 357
536 782 825
782 478 607
478 761 29
761 235 463
585 235 119
585 524 974
524 811 346
811 180 949
180 741 467
741 33 891
33 931 534
501 931 112
235 582 660
582 603 668
603 824 875
824 642 238
642 166 141
166 479 960
479 579 105
552 579 211
552 860 283
860 287 917
287 840 390
840 568 952
568 125 833
125 127 98
235 127 926
579 592 858
592 727 563
727 237 337
237 872 884
872 44 416
44 554 738
554 86 808
945 86 821
945 202 862
202 740 399
740 117 549
117 432 641
432 512 21
512 619 492
579 619 487
86 687 632
687 497 261
497 439 431
439 256 831
87 256 192
87 347 110
347 748 719
404 748 63
404 177 26
177 670 658
670 245 676
245 338 766
338 337 877
337 80 35
86 80 209
748 90 726
90 754 842
754 43 978
43 598 523
598 55 386
55 74 27
74 129 541
667 129 934
667 678 20
678 336 277
336 663 575
663 520 514
520 895 670
895 148 723
748 148 967
129 122 170
122 30 551
30 154 954
154 666 537
666 409 166
409 505 562
505 115 188
807 115 456
807 271 276
271 333 253
333 899 88
899 679 91
679 289 520
289 884 879
129 884 409
115 395 515
395 69 73
69 179 435
179 559 189
559 763 717
763 561 580
561 225 38
778 225 172
778 786 184
786 307 77
307 947 266
947 816 140
816 908 281
908 927 317
115 927 206
225 829 460
829 414 13
414 745 510
745 932 975
932 311 774
311 628 961
628 597 258
847 597 777
847 316 33
316 208 790
208 821 195
821 796 268
796 843 814
843 223 150
225 223 432
597 18 113
18 16 351
16 563 231
563 798 418
798 211 958
211 58 701
58 697 76
356 697 388
356 570 442
570 588 393
588 657 713
657 234 454
234 724 52
724 361 41
597 361 616
697 711 380
711 651 383
651 290 690
290 460 728
460 885 353
885 315 213
315 533 631
365 533 58
365 448 942
448 321 476
321 10 599
10 577 720
577 417 109
417 581 750
697 581 405
533 253 687
253 654 943
654 845 812
845 767 15
767 209 734
209 389 297
389 37 795
206 37 782
206 797 820
797 891 763
891 103 692
103 573 832
573 363 175
363 441 365
533 441 931
37 436 572
436 145 1014
145 384 202
384 949 547
949 106 803
106 226 137
226 817 553
940 817 338
940 502 478
502 257 794
257 172 191
172 830 309
830 372 207
372 731 398
37 731 872
817 358 765
358 576 868
576 720 558
720 34 602
34 53 895
53 605 174
605 629 160
221 629 590
221 451 746
451 685 371
685 185 193
185 812 469
812 523 114
523 634 359
817 634 882
629 161 809
161 850 678
850 317 72
317 948 315
948 827 618
827 21 635
21 684 702
296 684 982
296 248 759
248 24 325
24 941 444
941 279 246
279 683 837
683 84 86
629 84 1000
684 130 396
130 360 898
360 805 838
805 897 527
897 890 362
890 443 863
443 788 349
266 788 543
266 516 267
516 813 461
813 599 946
599 95 1002
95 757 866
757 455 1009
684 455 289
788 198 742
198 476 194
476 61 3
61 876 968
876 329 484
329 586 535
586 652 355
743 652 448
743 295 999
295 578 295
578 344 651
344 719 757
719 190 674
190 650 34
788 650 725
652 470 587
470 527 815
527 196 84
196 867 772
867 898 793
898 474 489
474 1 123
1 926 263
926 420 46
420 546 756
546 911 908
911 484 445
484 613 428
613 873 922
652 873 582
938 399 100
399 886 36
886 163 1005
163 50 307
50 159 760
159 944 212
944 173 888
128 173 230
128 844 847
844 709 322
709 580 529
580 85 93
85 910 56
910 71 284
938 71 500
173 454 677
454 62 305
62 489 67
489 804 589
804 350 254
350 918 890
918 526 871
412 526 22
412 411 637
411 45 559
45 380 280
380 149 65
149 392 51
392 682 81
173 682 458
526 134 948
134 293 696
293 726 530
726 70 571
70 716 226
716 314 973
314 457 876
624 457 227
624 560 464
560 252 970
252 308 155
308 492 586
492 583 218
583 473 710
526 473 116
457 467 845
467 273 504
273 433 220
433 42 936
42 285 867
285 167 301
167 364 419
330 364 269
330 922 130
922 769 588
769 244 75
244 595 494
595 655 1
655 494 673
457 494 240
364 661 4
661 735 1019
735 919 55
919 818 180
818 104 422
104 924 437
924 239 731
623 239 608
623 729 852
729 760 661
760 282 125
282 168 451
168 810 214
810 751 397
364 751 78
239 107 933
107 780 410
780 400 577
400 153 972
153 175 480
175 228 5
228 388 841
422 388 343
422 299 436
299 73 560
73 419 138
419 831 210
831 635 477
635 194 920
239 194 183
388 97 429
97 681 411
681 357 87
357 14 856
14 366 983
366 690 769
690 218 219
471 218 645
471 737 296
737 152 342
152 920 854
920 906 561
906 109 323
109 425 699
388 425 647
218 620 417
620 842 462
842 197 751
197 946 222
946 377 508
377 868 173
868 504 54
852 504 375
852 606 851
606 631 196
631 506 310
506 746 452
746 155 97
155 518 384
218 518 930
504 91 981
91 734 102
734 785 700
785 138 282
138 756 30
756 567 813
567 799 797
20 799 901
20 627 550
627 593 938
593 521 235
521 509 433
509 56 264
56 393 707
504 393 425
799 530 40
530 713 627
713 345 911
345 859 320
859 626 617
626 717 925
717 646 135
156 646 90
156 608 336
608 82 748
82 369 929
369 416 134
416 65 597
65 662 402
799 662 913
646 865 1003
865 255 526
255 877 897
877 547 762
547 29 360
29 427 596
427 640 945
819 640 533
819 880 392
880 445 626
445 718 511
718 861 664
861 917 455
917 297 889
646 297 198
640 528 506
528 491 887
491 67 652
67 825 162
825 822 181
822 8 798
8 556 612
933 556 1004
933 453 24
453 264 178
264 426 557
426 216 843
216 702 154
702 26 633
640 26 695
556 686 497
686 823 304
823 146 540
146 76 356
76 468 378
468 150 909
150 714 628
633 714 503
633 72 104
72 112 321
112 777 578
777 247 169
247 665 663
665 942 743
556 942 528
714 935 157
935 348 554
348 137 308
137 418 625
418 569 1006
569 815 916
815 846 259
269 846 947
269 632 131
632 901 474
901 614 167
614 875 605
875 335 262
335 653 542
714 653 705
846 555 965
555 382 521
382 477 273
477 801 370
801 301 430
301 410 447
410 508 171
688 508 122
688 313 779
313 732 704
732 551 844
551 712 904
712 517 883
517 6 703
846 6 727
508 423 379
423 775 256
775 791 771
791 94 665
94 604 161
604 406 839
406 192 423
176 192 536
176 575 827
575 773 186
773 394 806
394 878 345
878 403 1018
403 674 994
508 674 737
192 809 387
809 952 331
952 373 400
373 675 364
675 753 278
753 707 1011
707 162 706
900 162 685
900 553 957
553 487 638
487 116 501
116 820 493
820 693 708
693 326 236
192 326 855
162 4 688
4 680 274
680 705 801
705 498 992
498 664 552
664 854 914
854 267 95
836 267 413
836 431 893
431 339 995
339 710 6
710 930 517
930 762 18
762 142 924
162 142 927
267 866 225
866 862 485
862 405 290
405 953 935
953 615 955
615 391 989
391 79 853
434 79 988
434 456 986
456 374 544
374 96 505
96 848 482
848 35 532
35 83 822
267 83 656
79 123 232
123 795 136
795 351 524
351 618 39
618 475 291
475 51 919
51 121 369
11 121 595
11 160 83
160 617 824
617 535 132
535 636 1010
636 212 650
212 934 976
79 934 443
121 286 744
286 446 450
446 303 691
303 564 786
564 383 643
383 241 326
241 243 513
242 243 681
242 309 857
309 903 899
903 545 630
545 449 31
449 672 145
672 277 747
121 277 106
243 341 415
341 486 966
486 120 538
120 692 507
692 119 574
119 77 679
77 2 932
2 430 107
430 621 89
621 465 163
465 951 1007
951 114 693
114 281 404
281 379 328
243 379 753
611 881 146
881 36 361
36 353 287
353 59 666
59 230 684
230 793 653
793 424 940
444 424 818
444 260 680
260 381 593
381 386 57
386 164 241
164 495 601
495 722 718
611 722 228
424 38 648
38 174 251
174 706 672
706 274 829
274 522 525
522 472 377
472 466 905
217 466 778
217 584 449
584 41 468
41 340 216
340 499 292
499 691 569
691 88 565
424 88 555
466 231 592
231 169 479
169 514 598
514 31 869
31 298 389
298 346 730
346 907 784
601 907 221
601 207 799
207 262 28
262 700 71
700 219 185
219 730 689
730 15 142
466 15 237
907 834 53
834 135 1008
135 450 164
450 193 775
193 671 330
671 182 151
182 328 570
739 328 229
739 853 807
853 542 711
542 696 412
696 482 980
482 165 50
165 191 245
907 191 939
328 571 849
571 324 585
324 28 126
28 950 749
950 368 873
368 602 787
602 676 316
215 676 539
215 721 646
721 40 74
40 23 279
23 864 659
864 78 490
78 883 739
328 883 239
676 143 453
143 408 835
408 770 675
770 742 941
742 99 906
99 532 340
532 715 327
616 715 859
616 342 294
342 792 350
792 183 987
183 758 499
758 738 250
738 140 850
676 140 271
715 390 147
390 9 870
9 370 1001
370 469 441
469 334 826
334 857 573
857 181 334
648 181 44
648 131 200
131 562 724
562 323 894
323 587 203
587 246 698
246 229 564
715 229 956
181 496 928
496 184 248
184 46 816
46 421 712
421 765 900
765 187 649
187 596 741
254 596 68
254 764 791
764 838 205
838 744 789
744 481 848
481 75 335
75 429 265
181 429 247
596 300 1015
300 292 472
292 826 516
826 240 714
240 305 846
305 625 603
625 937 1012
318 937 260
318 787 37
787 928 993
928 224 581
224 893 729
893 398 127
398 802 286
596 802 2
937 835 828
835 189 243
189 139 471
139 291 208
291 92 332
92 887 783
887 733 61
870 733 683
870 921 881
921 66 249
66 132 128
132 529 629
529 258 1013
258 779 640
937 779 94
733 515 770
515 232 579
232 806 811
806 590 694
590 259 16
259 549 139
549 385 252
13 385 118
13 863 886
863 195 752
195 214 915
214 814 298
814 222 303
222 649 576
733 649 963
385 452 427
452 327 152
327 703 522
703 904 566
904 102 391
102 147 800
147 151 354
888 151 792
888 668 736
668 855 764
855 213 459
213 349 414
349 894 622
894 566 446
385 566 600
151 108 439
108 126 654
126 48 121
48 723 758
723 548 902
548 280 1020
280 638 129
312 638 306
312 278 92
278 332 66
332 407 313
407 725 395
725 647 272
647 284 709
151 284 767
638 749 367
749 658 270
658 402 740
402 7 45
7 249 108
249 265 382
265 263 148
294 263 950
294 771 179
771 428 990
428 378 819
378 594 285
594 869 568
869 141 124
638 141 7
263 641 834
641 550 512
550 540 352
540 396 509
396 331 366
331 27 103
27 896 907
543 896 609
543 755 776
755 645 275
645 936 998
936 236 498
236 100 302
100 669 655
263 669 785
896 133 473
133 736 860
736 558 69
558 25 567
25 643 697
643 12 755
12 841 892
776 841 341
776 22 531
22 698 997
698 480 483
480 488 8
488 442 495
442 557 606
896 557 836
841 401 546
401 660 115
660 600 82
600 64 636
64 493 434
493 81 19
81 694 344
513 694 62
513 302 614
302 320 486
320 789 120
789 462 615
462 839 781
839 188 491
841 188 465
694 808 255
808 639 667
639 507 421
507 238 158
238 905 619
905 397 394
397 673 60
747 673 475
747 612 735
612 124 682
124 851 754
851 52 234
52 858 242
858 784 32
694 784 502
673 828 311
828 510 548
510 500 376
500 849 101
849 325 878
325 768 47
768 728 117
591 728 962
591 531 168
531 354 620
354 227 780
227 355 594
355 909 215
909 463 64
673 463 111
728 39 201
39 387 953
387 837 840
837 781 25
781 343 556
343 589 662
589 610 165
459 610 319
459 415 48
415 832 385
832 203 17
203 19 424
19 511 381
511 359 99
728 359 199
610 60 644
60 800 1017
800 759 153
759 376 985
376 322 732
322 89 466
89 438 293
199 438 440
199 704 79
704 772 979
772 157 624
157 171 761
171 204 623
204 447 621
610 447 880
438 464 85
464 695 604
695 461 805
461 914 584
914 923 610
923 251 59
251 3 910
3 435 896
435 113 324
113 437 300
437 275 768
275 54 312
54 105 496
105 93 518
438 93 348
256 261 545
261 283 671
283 656 722
656 371 314
371 503 642
503 752 591
752 319 802
319 98 823
98 699 257
699 677 796
677 929 11
929 525 977
525 485 583
485 833 407
256 833 861
