1293 1360
1090 336 486
1090 1064 338
1064 1042 794
1042 1009 431
1009 944 897
944 887 851
829 887 548
829 251 568
251 455 277
455 565 226
565 234 1309
234 675 1247
675 65 356
541 65 294
541 436 1024
436 854 639
854 608 834
608 576 518
576 315 591
315 336 218
336 989 723
989 878 1002
878 319 1035
319 277 550
277 599 801
599 815 1112
815 247 476
247 784 122
784 467 541
467 1113 1085
1270 1113 141
1270 737 1005
737 1034 1019
1034 964 469
964 348 185
348 1183 963
1183 625 427
625 861 60
861 678 953
336 678 1310
1113 986 564
986 470 1147
470 571 167
571 448 98
448 506 1121
506 25 253
25 91 1103
91 787 1080
787 572 1011
572 642 219
255 642 704
255 284 409
284 1247 624
1247 587 455
587 184 1058
184 461 240
461 523 521
523 1227 896
1227 513 147
1113 513 38
642 1264 788
1264 174 1262
174 1142 68
1142 353 149
353 408 781
408 1130 776
1130 564 1050
564 430 63
430 1008 1049
1008 641 331
820 641 922
820 793 692
793 1150 843
1150 35 517
35 252 129
252 1082 1151
1082 1181 800
1181 203 186
203 1100 632
642 1100 237
641 213 389
213 173 1287
173 953 430
953 1036 354
1036 999 822
999 1223 395
1223 34 907
34 844 1089
844 602 968
602 637 672
662 637 533
662 486 777
486 254 304
254 1017 374
1017 460 102
460 819 931
819 177 180
177 438 44
438 208 162
641 208 973
637 542 861
542 871 95
871 617 883
617 638 901
638 45 748
45 768 544
768 594 158
594 898 276
898 1065 854
1065 1066 1307
688 1066 680
688 619 1282
619 1172 757
1172 11 1188
11 70 579
70 1274 452
1274 1191 196
1191 420 889
420 1137 644
637 1137 497
1066 574 144
574 808 28
808 1000 175
1000 624 1037
624 713 514
713 521 600
521 32 990
32 802 140
802 1072 75
1072 938 1345
706 938 810
706 77 317
77 883 397
883 122 1305
122 38 160
38 611 870
611 37 444
37 257 747
257 331 869
1066 331 128
938 340 31
340 333 799
333 1079 1126
1079 1251 121
1251 469 653
469 1075 1346
1075 432 59
432 569 1201
569 401 64
401 195 620
726 195 1343
726 226 1023
226 1099 1324
1099 191 482
191 631 268
631 538 1032
538 1156 421
1156 20 107
20 217 827
938 217 135
195 952 1285
952 1273 99
1273 1048 1072
1048 433 583
433 110 848
110 1140 841
1140 352 43
352 329 383
329 1220 1082
1220 751 526
1001 751 227
1001 824 754
824 163 1174
163 50 867
50 1136 123
1136 1125 911
1125 1007 415
1007 1185 1216
1185 1282 780
195 1282 97
751 1070 553
1070 350 490
350 663 705
663 36 921
36 661 35
661 707 78
707 54 819
54 730 269
730 43 442
43 407 446
1016 407 333
1016 1158 735
1158 557 857
557 682 811
682 185 1348
185 413 117
413 740 1039
740 178 719
178 1006 422
751 1006 538
407 1249 349
1249 463 1155
463 398 707
398 721 325
721 621 607
621 810 280
810 1080 1140
1080 379 1163
379 1128 547
1128 1267 580
60 1267 511
60 1067 569
1067 197 273
197 362 287
362 466 271
466 1219 1166
1219 977 716
977 552 20
552 462 50
407 462 467
1267 79 768
79 485 1133
485 117 890
117 190 926
190 509 1311
509 85 10
85 287 171
287 962 669
962 155 1186
155 699 958
108 699 426
108 971 528
971 755 844
755 426 1184
426 1088 1157
1088 15 1127
15 358 80
358 1029 930
1029 1116 534
1267 1116 56
699 803 1175
803 87 1224
87 601 301
601 167 667
167 906 1336
906 531 717
531 650 570
650 1061 787
1061 1132 1187
1132 1025 1145
566 1025 675
566 1124 986
1124 694 46
694 818 264
818 544 712
544 218 635
218 870 984
870 731 460
731 1216 1099
699 1216 762
1025 965 1208
965 1056 361
1056 496 290
496 690 254
690 368 586
368 902 1261
902 1207 1043
1207 411 155
411 44 188
44 300 618
750 300 215
750 313 1317
313 877 213
877 790 342
790 1205 334
1205 1234 108
1234 580 9
580 860 1117
860 1122 1030
1025 1122 206
300 1272 668
1272 1287 559
1287 30 1299
30 697 1162
697 164 942
164 323 614
323 752 214
752 360 425
360 491 1070
491 481 263
559 481 679
559 260 925
260 1164 463
1164 717 14
717 911 1351
911 764 381
764 1126 840
1126 423 978
423 997 831
300 997 481
481 671 243
671 69 608
69 1245 468
1245 162 93
162 144 721
144 386 876
386 442 1225
442 655 742
655 161 617
161 664 1286
154 664 1246
154 579 1253
579 13 314
13 1257 313
1257 1236 489
1236 729 733
729 281 132
281 547 1173
547 376 924
481 376 524
664 24 708
24 275 606
275 951 1009
951 303 782
303 1254 204
1254 369 920
369 927 396
927 946 1092
946 1256 531
1256 926 946
1154 926 70
1154 875 1022
875 279 191
279 524 275
524 388 1236
388 578 364
578 298 1353
298 1014 2
1014 1112 1341
664 1112 443
926 266 1177
266 573 274
573 894 1066
894 312 1250
312 589 1185
589 1209 1094
1209 979 898
979 302 605
302 847 201
847 813 899
187 813 739
187 289 1109
289 786 493
786 978 84
978 922 684
922 1078 13
1078 16 865
16 807 450
807 478 1245
926 478 1054
813 1108 262
1108 605 1045
605 143 500
143 958 336
958 1203 765
1203 1165 919
1165 779 1199
779 761 918
761 14 563
14 848 654
540 848 1129
540 7 622
7 644 414
644 597 94
597 1199 1272
1199 443 458
443 1263 1047
1263 584 838
584 1131 441
813 1131 434
848 510 296
510 817 882
817 66 168
66 380 906
380 29 483
29 245 966
245 1228 826
1228 320 1323
320 1293 81
1293 1011 952
984 1011 1156
984 1103 1107
1103 1044 651
1044 1151 1196
1151 215 86
215 702 327
702 484 133
484 960 567
960 1057 1234
848 1057 1243
1011 722 405
722 80 588
80 489 809
489 1239 935
1239 209 401
209 347 743
347 659 1267
659 88 866
88 150 52
150 895 1125
238 895 1304
238 725 720
725 1182 949
1182 118 373
118 10 177
10 397 1359
397 229 755
229 343 1167
343 1091 808
1011 1091 612
895 441 157
441 1241 199
1241 49 1073
49 823 977
823 760 288
760 271 231
271 1276 37
1276 1198 1016
1198 307 1061
307 446 83
603 446 4
603 291 658
291 341 759
341 1135 380
1135 418 951
418 12 937
12 1230 789
1230 1073 993
1073 1283 571
895 1283 1044
5 446 379
5 378 189
378 648 340
648 223 137
223 269 1164
269 563 190
563 235 758
235 528 516
528 629 1290
629 1 358
1 930 1123
930 567 116
567 866 753
866 718 1207
718 1281 54
1281 532 479
532 240 698
240 89 376
89 365 1255
365 446 258
887 775 525
775 1211 641
1211 1030 293
1030 616 981
616 840 1015
840 181 1227
181 409 220
409 19 303
19 280 34
280 973 1059
494 973 820
494 765 1069
765 910 1071
910 375 1274
375 403 997
403 267 27
267 147 846
147 278 1265
278 836 456
887 836 1248
973 318 300
318 862 154
862 450 385
450 892 572
892 591 1158
591 1178 1
1178 798 1088
798 1046 1093
1046 598 315
598 633 182
1168 633 650
1168 586 499
586 76 353
76 763 1292
763 791 1280
791 738 803
738 228 120
228 864 1056
864 259 492
973 259 363
633 337 868
337 640 806
640 67 1100
67 199 1233
199 766 791
766 884 1252
884 677 1179
677 614 697
614 500 730
500 890 798
785 890 211
785 592 519
592 152 1205
152 1063 125
1063 364 892
364 149 448
149 814 74
814 577 18
577 325 512
633 325 709
890 1284 57
1284 1074 1181
1074 327 1204
327 186 320
186 232 461
232 1092 170
1092 558 609
558 227 232
227 666 976
666 822 1322
363 822 329
363 127 1018
127 1208 91
1208 1235 239
1235 94 1256
94 1146 1170
1146 304 818
304 1105 200
1105 1271 1214
890 1271 795
822 668 29
668 693 1104
693 285 673
285 600 106
600 165 1053
165 744 1230
744 1107 209
1107 42 7
42 193 1006
193 95 24
451 95 1235
451 1049 969
1049 476 181
476 47 1139
47 1233 582
1233 109 1321
109 387 959
387 1058 574
1058 222 282
822 222 1193
95 1196 1192
1196 457 1211
457 568 369
568 1197 41
1197 777 1218
777 647 805
647 1104 398
1104 133 8
133 1190 212
1190 728 247
221 728 439
221 753 484
753 607 872
607 881 558
881 921 833
921 1084 1057
1084 293 701
293 831 1283
831 308 115
95 308 210
728 1268 784
1268 889 555
889 490 164
490 560 1038
560 371 1148
371 359 265
359 615 1219
615 355 402
355 1226 785
1226 1149 972
827 1149 19
827 845 975
845 780 1090
780 444 850
444 391 910
391 610 915
610 225 1241
225 853 914
853 918 773
728 918 126
1149 242 1118
242 762 1328
762 759 956
759 794 796
794 1083 348
1083 276 322
276 1193 205
1193 1279 302
1279 417 527
417 86 957
495 86 1257
495 778 420
778 1013 797
1013 627 286
627 863 929
863 384 693
384 244 309
244 349 270
349 1053 1014
1149 1053 150
86 124 904
124 498 372
498 758 1194
758 100 53
100 636 932
636 838 1202
838 588 948
588 1037 760
1037 372 1258
372 334 858
1120 334 853
1120 669 79
669 400 1242
400 1261 1172
1261 912 256
912 745 824
745 212 1284
212 1258 1116
1258 767 16
86 767 775
334 970 462
970 988 660
988 249 927
249 1232 119
1232 955 1301
955 1022 987
1022 1288 1010
1288 742 731
742 1041 685
1041 825 491
897 825 393
897 700 1134
700 1192 145
1192 757 370
757 905 1263
905 479 670
479 695 974
695 374 432
374 683 913
334 683 642
825 928 728
928 1222 1315
1222 919 1209
919 993 1300
993 1089 745
1089 82 1086
82 377 244
377 932 281
932 366 228
366 841 656
1186 841 1331
1186 954 90
954 789 543
789 925 1119
925 715 251
715 23 1083
23 686 1153
686 356 947
356 338 291
825 338 111
841 805 1220
805 1077 1183
1077 907 859
907 904 355
904 1133 649
1133 1180 847
1180 620 1276
620 891 1268
891 342 778
342 393 1060
1054 393 1213
1054 153 72
153 121 616
121 991 816
991 526 1210
526 1243 1141
1243 596 508
596 781 457
781 1250 928
841 1250 1297
393 1237 577
1237 220 763
220 924 1342
924 425 51
425 630 183
630 200 1295
200 903 203
903 103 321
103 1147 520
1147 182 770
129 182 923
129 534 255
534 22 1110
22 948 1034
948 782 849
782 645 217
645 1121 246
1121 1138 1273
1138 735 198
393 735 412
182 339 305
339 1021 873
1021 546 21
546 672 877
672 797 941
797 437 855
437 606 1212
606 344 661
344 370 1189
370 1290 509
724 1290 648
724 959 1091
959 1134 316
1134 1010 1294
1010 1292 192
1292 63 1277
63 947 964
947 1170 954
1170 651 351
182 651 945
1290 516 891
516 1081 308
1081 198 406
198 812 1259
812 1038 665
1038 1109 1105
1109 116 138
116 515 105
515 8 1229
8 968 1198
843 968 1078
843 933 1160
933 392 453
392 856 172
856 265 417
265 783 1206
783 522 113
522 1177 447
1177 492 433
1290 492 628
968 64 1077
64 1225 260
1225 821 702
821 102 1041
102 328 365
328 205 878
205 168 1036
168 56 221
56 739 1120
739 1035 710
233 1035 1150
233 253 1264
253 52 599
52 701 1063
701 857 640
857 969 66
969 529 92
529 1023 689
1023 299 1275
968 299 179
1035 1111 65
1111 1269 324
1269 788 1296
788 57 581
57 792 589
792 1047 1326
1047 936 248
936 855 61
855 296 437
296 1176 1007
26 1176 505
26 852 1203
852 982 1074
982 501 3
501 1175 540
1175 1246 604
1246 537 613
537 830 510
830 27 142
1035 27 77
1176 886 25
886 679 821
679 981 496
981 703 992
703 859 566
859 169 502
169 241 1152
241 1110 419
1110 1155 403
1155 1161 131
604 1161 194
604 493 1226
493 747 1171
747 1240 979
1240 454 1111
454 741 694
741 992 1040
992 667 537
667 613 187
1176 613 471
1161 612 802
612 811 85
811 872 1182
872 1051 636
1051 176 862
176 394 387
394 1187 159
1187 1026 839
1026 440 1114
440 246 893
1087 246 299
1087 130 905
130 1129 575
1129 351 17
351 224 1278
224 1153 1291
1153 1101 1026
1101 113 378
113 660 828
1161 660 297
246 301 166
301 268 1102
268 499 73
499 941 233
941 1210 1260
1210 294 477
294 72 686
72 503 165
503 657 715
657 1071 594
1019 1071 6
1019 1043 1312
1043 994 631
994 676 109
676 901 726
901 58 1115
58 967 193
967 354 630
354 75 683
246 75 1266
1071 749 101
749 508 825
508 183 1027
183 274 1349
274 132 357
132 196 408
196 81 174
81 1188 501
1188 194 139
194 665 136
913 665 1020
913 357 573
357 966 722
966 332 1238
332 1141 1347
1141 1213 306
1213 104 724
104 681 766
681 6 1042
1071 6 1075
665 916 1254
916 1145 382
1145 1201 103
1201 439 967
439 900 955
900 796 1223
796 1160 1288
1160 389 1004
389 431 118
431 2 223
2 1040 741
1040 92 515
92 1179 830
1179 1028 1358
1028 295 962
295 449 58
449 1242 5
1242 286 347
286 53 350
665 53 1169
65 849 104
849 406 1352
406 1259 1340
1259 1033 621
1033 422 832
422 83 384
83 828 87
828 1076 1165
1076 459 912
459 865 595
943 865 176
943 551 909
551 723 659
723 1224 598
1224 1171 596
1171 322 1062
322 595 1191
595 1166 368
1166 139 366
65 139 326
865 272 184
272 1244 71
1244 554 711
554 230 319
230 711 292
711 548 224
548 773 643
773 59 699
59 832 615
832 593 238
458 593 96
458 106 625
106 290 1000
290 1152 1025
1152 1050 404
1050 746 1154
746 261 436
261 670 1008
670 192 1239
865 192 1113
593 957 725
957 512 285
512 502 1289
502 258 1293
258 1194 740
1194 135 330
135 837 678
837 956 627
956 976 413
976 1291 1143
1253 1291 435
1253 756 390
756 1032 39
1032 62 738
62 383 885
383 138 603
138 826 610
826 453 230
453 111 557
593 111 1076
1291 404 999
404 1086 895
1086 158 36
158 473 737
473 937 1087
937 809 386
809 1275 884
1275 73 89
73 414 552
414 842 980
146 842 1195
146 48 590
48 772 100
772 1277 657
1277 687 592
687 684 529
684 180 424
180 835 298
835 1093 814
1291 1093 970
842 1184 464
1184 39 1269
39 151 1135
151 402 257
402 314 1237
314 399 252
399 1098 646
1098 882 1338
882 160 1314
160 1248 127
250 1248 994
250 361 804
361 28 438
28 800 991
800 142 1124
142 804 1330
804 846 475
846 248 1281
248 141 961
842 141 933
1248 575 1128
575 643 22
643 156 1067
156 119 888
119 148 32
148 585 549
585 239 790
239 480 938
480 1214 323
1214 1102 647
504 1102 49
504 674 1244
674 511 1079
511 801 619
801 1005 465
1005 1055 428
1055 834 1081
834 909 532
909 1085 33
1248 1085 871
1102 468 1176
468 1027 332
1027 262 152
262 1095 15
1095 1117 934
1117 1167 837
1167 632 863
632 652 1052
652 1260 1240
1260 705 279
961 705 1142
961 316 156
316 940 1271
940 324 714
324 550 23
550 1202 767
1202 1069 124
1069 1189 584
1189 1285 197
1102 1285 817
705 649 764
649 1286 879
1286 434 267
434 317 440
317 626 362
626 673 1065
673 774 377
774 435 1357
435 18 69
18 1162 67
795 1162 1329
795 21 1028
21 297 545
297 216 360
216 1003 1249
1003 107 498
107 618 576
618 137 55
137 412 470
705 412 690
1162 112 429
112 839 916
839 923 774
923 692 1101
692 335 1046
335 1114 343
1114 1204 1003
1204 748 1337
748 1118 472
1118 201 289
888 201 473
888 381 163
381 447 423
447 939 793
939 1024 880
1024 170 960
170 539 761
539 1157 751
1157 963 1013
1162 963 48
201 535 1017
535 980 169
980 590 676
590 472 1298
472 1238 30
1238 582 666
582 771 965
771 935 487
935 497 88
497 1004 593
172 1004 732
172 310 328
310 1265 488
1265 562 346
562 288 1149
288 893 1131
893 934 1136
934 876 1270
876 581 259
201 581 503
1004 974 1064
974 120 842
120 714 47
714 696 542
696 41 746
41 833 1108
833 949 392
949 709 1106
709 1195 352
1195 734 713
806 734 815
806 656 26
656 689 940
689 920 829
920 985 856
985 410 638
410 207 278
207 931 601
931 231 674
1004 231 769
734 427 45
427 776 1137
776 1119 451
1119 556 995
556 428 410
428 896 143
896 309 236
309 474 1001
474 685 371
685 71 1200
405 71 1096
405 583 1178
583 1059 222
1059 1212 652
1212 530 983
530 477 1097
477 1062 1122
1062 452 1197
452 996 554
734 996 207
71 68 696
68 471 1031
471 125 950
125 914 1146
914 570 250
570 708 1144
708 639 42
639 1252 585
1252 720 1095
720 1206 771
421 1206 76
421 159 807
159 84 677
84 214 936
214 136 202
136 55 391
55 851 235
851 206 485
206 123 1161
71 123 752
1206 97 1159
97 545 284
545 263 208
263 1018 445
1018 465 908
465 264 216
264 445 418
445 475 1190
475 1148 900
1148 140 536
622 140 813
622 754 634
754 51 318
51 188 173
188 330 241
330 525 1021
525 1278 341
1278 1106 1132
1106 482 507
1206 482 1217
140 543 522
543 210 823
210 256 682
256 321 234
321 131 345
131 998 229
998 623 249
623 799 114
799 171 729
171 292 1168
1280 292 917
1280 1217 561
1217 704 560
704 483 623
483 716 971
716 1020 394
1020 424 1138
424 157 750
157 1139 367
140 1139 1130
292 33 148
33 1169 626
1169 1221 792
1221 126 523
126 1289 513
1289 972 756
972 561 454
561 527 261
527 536 663
536 1094 695
654 1094 562
654 9 727
9 1218 691
1218 345 539
345 885 1339
885 769 178
769 456 1180
456 816 565
816 1060 587
292 1060 681
1094 78 1279
78 283 1325
283 628 886
628 917 242
917 382 307
382 1015 812
1015 487 466
487 899 1356
899 93 749
93 770 546
950 770 1313
950 858 1318
858 727 504
727 549 399
549 416 551
416 1144 335
1144 1052 985
1052 553 874
553 115 939
1094 115 1029
770 419 597
419 189 633
189 634 400
634 1096 1012
1096 519 359
519 1215 311
1215 658 12
658 236 480
236 1012 1055
1012 282 344
995 282 1335
995 1255 506
1255 98 312
98 373 881
373 346 459
346 635 535
635 385 611
385 975 629
975 1173 744
770 1173 845
282 983 266
983 1045 62
1045 4 655
4 179 772
179 390 478
390 1115 860
1115 990 407
990 367 688
367 31 982
31 733 1098
134 733 1033
134 1159 375
1159 396 718
396 1002 474
1002 942 779
942 1039 687
1039 1031 736
1031 273 835
273 96 1221
282 96 495
733 1097 998
1097 1229 112
1229 719 578
719 880 637
880 520 161
520 691 310
691 505 82
505 270 887
270 204 943
204 415 449
736 415 836
736 243 494
243 653 944
653 908 734
908 712 706
712 680 783
680 555 700
555 879 1084
879 646 283
733 646 664
415 850 645
850 145 1316
145 873 1334
873 90 411
90 101 134
101 1123 1332
1123 514 110
514 211 1344
211 867 11
867 166 40
326 166 225
326 609 852
609 237 1231
237 429 989
429 128 662
128 74 1302
74 945 272
945 1231 1232
1231 1163 1354
415 1163 1333
166 464 556
464 1127 530
1127 874 388
874 732 153
732 175 1222
175 929 786
929 517 1350
517 40 602
40 395 1051
395 3 996
3 488 671
488 311 1306
311 507 1320
507 1262 1303
1262 1068 1251
1068 114 245
114 17 1068
17 710 988
710 868 1215
166 868 903
446 99 339
99 1200 703
1200 202 151
202 1143 1308
1143 105 130
105 219 146
219 518 875
518 698 195
698 869 864
869 305 1327
305 306 295
306 46 902
46 1266 337
1266 61 1319
61 743 1360
743 1174 1228
1174 915 1048
915 987 894
987 533 416
446 533 1355
