1429 1496
454 176 1132
454 281 1333
281 376 986
376 843 775
843 103 279
103 1033 1260
1033 56 868
477 56 1013
477 759 687
759 863 1114
863 636 1120
636 1347 302
1347 1079 1469
1079 21 1306
1396 21 944
1396 287 1321
287 1076 273
1076 1125 490
1125 1359 811
1359 1267 1082
1267 408 1150
408 176 774
176 1387 1352
1387 891 1319
891 1291 1299
1291 965 1206
965 433 960
433 1284 445
1284 1251 1139
1251 1399 936
1399 657 465
657 126 1145
126 224 344
577 224 167
577 1296 678
1296 217 849
217 152 601
152 621 827
621 558 1394
558 274 737
274 336 415
336 992 420
992 1014 364
176 1014 1165
224 836 57
836 306 1189
306 108 1142
108 344 280
344 412 629
412 1407 1167
1407 464 596
464 854 315
854 975 400
975 914 874
914 528 1029
112 528 105
112 1427 45
1427 252 700
252 1350 1278
1350 296 1217
296 576 1108
576 653 889
653 128 790
128 82 672
82 1361 272
224 1361 1236
528 1382 1268
1382 976 320
976 25 1302
25 1388 236
1388 1417 1143
1417 568 337
568 141 1030
141 1287 908
1287 394 938
394 196 1115
196 827 526
466 827 1117
466 1393 1191
1393 569 426
569 776 947
776 1401 748
1401 175 1177
175 1142 1288
1142 758 186
758 1098 878
1098 834 1450
528 834 550
827 708 1459
708 1036 607
1036 1358 454
1358 318 416
318 723 340
723 1192 1356
1192 102 661
102 847 1301
847 385 832
385 148 1074
148 774 1286
691 774 121
691 262 1253
262 679 310
679 18 582
18 1010 753
1010 293 56
293 1342 961
1342 970 528
970 1016 195
1016 882 883
827 882 237
774 503 1197
503 1403 654
1403 732 655
732 670 419
670 1109 706
1109 228 834
228 1075 1084
1075 939 387
939 208 1374
208 1416 1216
1416 253 100
89 253 1357
89 849 1323
849 700 1375
700 514 707
514 1376 1005
1376 903 164
903 76 1149
76 1062 1133
1062 20 1373
20 527 984
774 527 705
253 573 1102
573 365 831
365 571 1200
571 326 703
326 629 1017
629 535 1432
535 238 184
238 13 363
13 1045 485
1045 37 1488
37 1172 593
63 1172 1098
63 234 1368
234 706 1086
706 1230 1173
1230 215 1096
215 578 1107
578 29 783
29 1153 532
1153 1136 488
1136 1349 632
253 1349 1382
1172 269 1467
269 945 1022
945 49 710
49 1273 645
1273 1405 742
1405 782 939
782 431 188
431 1292 1434
1292 937 1371
937 1378 127
1378 40 209
1051 40 1428
1051 1021 34
1021 668 382
668 1007 603
1007 601 567
601 10 232
10 1303 451
1303 1381 693
1381 201 572
201 1099 894
1172 1099 397
40 781 1406
781 1339 1038
1339 1137 306
1137 493 562
493 642 461
642 489 1314
489 1144 331
1144 28 139
28 4 319
4 673 85
673 32 650
91 32 161
91 397 533
397 645 616
645 482 952
482 1168 1134
1168 1244 1325
1244 796 250
796 257 108
257 1054 943
1054 736 841
40 736 1209
32 149 1419
149 795 869
795 1080 863
1080 1239 1164
1239 719 1070
719 754 551
754 511 269
511 1161 1054
1161 483 762
483 832 1270
832 1372 165
22 1372 502
22 87 1210
87 162 252
162 92 568
92 541 1271
541 362 704
362 529 858
529 662 1363
662 488 373
488 497 1458
32 497 304
1372 275 619
275 415 555
415 962 538
962 564 1494
564 364 1192
364 235 842
235 1360 1213
1360 885 816
885 382 697
382 1289 1062
1289 154 760
1179 154 171
1179 401 1252
401 879 1147
879 1351 983
1351 1261 70
1261 693 110
693 324 699
324 991 895
991 220 1088
220 250 1240
1372 250 909
154 206 749
206 180 922
180 709 1289
709 144 741
144 731 945
731 927 503
927 115 647
115 322 194
322 246 1318
246 1141 212
1141 420 1199
813 420 375
813 1311 648
1311 608 431
608 444 1159
444 606 910
606 134 694
134 458 610
458 424 404
424 256 477
256 765 1307
154 765 1336
420 715 1039
715 554 735
554 1205 1230
1205 341 997
341 967 205
967 1216 1491
1216 688 627
688 44 65
44 851 17
851 597 1305
597 6 818
436 6 837
436 822 1218
822 243 1402
243 1400 5
1400 1222 48
1222 671 1384
697 671 866
697 586 334
586 300 288
300 1286 1091
420 1286 570
6 729 432
729 784 284
784 1391 406
1391 1422 1125
1422 530 366
530 487 1456
487 1278 494
1278 1006 332
1006 536 1003
536 316 1349
316 505 598
97 505 857
97 598 890
598 705 1072
705 1301 405
1301 973 12
973 193 969
193 294 220
294 153 573
153 804 179
804 131 463
6 131 1060
505 599 421
599 677 102
677 1152 920
1152 1041 955
1041 1266 493
1266 1356 780
1356 202 52
202 425 540
425 805 1461
805 106 602
106 1402 185
676 1402 68
676 622 486
622 640 548
640 725 1330
725 1212 732
1212 1395 1317
1395 1171 1376
1171 266 1190
266 496 359
496 1068 342
505 1068 569
1402 1281 183
1281 618 294
618 735 905
735 248 283
248 864 1055
864 537 903
537 177 72
177 33 745
33 413 1496
413 1290 93
1290 264 937
1329 264 329
1329 721 1383
721 855 33
855 610 927
610 325 1291
325 766 921
766 1180 934
1180 213 428
213 767 1085
767 1332 368
1402 1332 787
264 1299 1245
1299 1409 1329
1409 724 537
724 591 747
591 171 1347
171 340 884
340 1318 328
1318 1138 1298
1138 818 470
818 164 1113
164 921 140
1182 921 43
1182 1151 527
1151 898 291
898 994 435
994 1428 351
1428 331 1441
331 990 1237
990 874 1304
874 1340 1265
1340 437 218
264 437 807
921 609 254
609 1124 1465
1124 255 634
255 1344 635
1344 997 1468
997 532 1122
532 1231 788
1231 865 168
865 998 791
998 1190 843
1190 360 958
457 360 1445
457 1113 118
1113 1331 609
1331 1425 1413
1425 968 1219
968 1353 982
1353 513 723
513 372 797
372 1282 617
1282 552 872
921 552 810
360 166 176
166 769 907
769 517 1129
517 211 53
211 1232 558
1232 139 962
139 247 521
247 934 261
934 1116 301
1116 933 289
933 811 959
1147 811 437
1147 961 1380
961 268 449
268 1203 767
1203 448 498
448 1322 1095
1322 1100 828
1100 830 41
830 1385 92
1385 297 1242
360 297 830
811 34 114
34 615 42
615 456 309
456 80 979
80 1018 683
1018 908 1263
908 1252 1431
1252 538 80
538 302 777
302 561 349
561 100 1087
1379 100 1283
1379 386 256
386 1426 287
1426 399 729
399 644 1430
644 1413 367
1413 684 792
684 88 408
88 531 988
531 68 510
811 68 586
100 240 1194
240 674 1127
674 1336 995
1336 1345 1090
1345 500 28
500 986 671
986 73 473
73 1367 1215
1367 1285 410
1285 616 935
616 121 172
883 121 1176
883 1406 804
1406 979 91
979 231 497
231 210 581
210 1030 1137
1030 17 1438
17 67 1170
67 1330 574
1330 53 181
100 53 1326
121 637 307
637 901 751
901 339 31
339 1227 1296
1227 557 839
557 963 1312
963 1173 1466
1173 617 361
617 1392 876
1392 168 1277
168 1044 447
978 1044 549
978 261 738
261 66 1484
66 983 262
983 661 887
661 848 523
848 778 1047
778 868 1180
868 520 1077
520 1048 1446
121 1048 1188
1044 1023 141
1023 124 321
124 370 865
370 861 152
861 607 1027
607 960 18
960 1176 1171
1176 733 571
733 910 313
910 1300 293
1300 1 750
1 550 1023
550 260 455
260 987 412
987 651 974
651 173 520
173 842 1034
842 1315 210
1315 742 248
742 1257 1392
1257 452 1410
1044 452 1342
56 761 846
761 398 1366
398 611 631
611 1211 439
1211 375 578
375 924 1400
924 1270 1135
1270 959 1103
959 560 519
560 227 1065
227 1181 595
877 1181 1337
877 301 515
301 1101 500
1101 643 403
643 890 590
890 79 479
79 142 1460
142 839 928
839 929 77
929 964 365
56 964 107
1181 930 1063
930 35 1332
35 74 1311
74 1191 151
1191 603 189
603 683 690
683 950 597
950 876 1052
876 815 355
815 70 223
70 416 785
954 416 316
954 284 1069
284 575 789
575 694 1272
694 409 823
409 833 824
833 894 873
894 549 1437
549 232 322
232 384 474
1181 384 88
416 837 204
837 7 1184
7 12 808
12 519 1358
519 200 222
200 98 591
98 909 644
909 335 401
335 807 825
807 337 1008
337 955 1316
572 955 180
572 922 770
922 357 1212
357 111 1472
111 581 1111
581 118 170
118 93 213
93 192 330
192 593 286
593 1268 492
416 1268 174
955 459 305
459 614 460
614 119 691
119 69 1083
69 713 965
713 1117 511
1117 1419 1166
1419 1055 716
1055 582 456
582 1177 103
1177 150 1476
1092 150 1251
1092 1052 817
1052 1070 440
1070 717 1006
717 346 1028
346 222 657
222 730 522
730 1029 556
1029 352 1258
352 291 143
955 291 786
150 182 517
182 219 51
219 872 535
872 189 297
189 648 1231
648 623 1203
623 499 37
499 701 318
701 1250 169
1250 739 1151
739 870 844
840 870 1295
840 237 90
237 145 736
145 913 388
913 24 260
24 1189 1388
1189 749 702
749 1133 1294
1133 465 1387
465 467 1220
150 467 190
870 495 394
495 366 759
366 1253 221
1253 389 886
389 138 1408
138 1188 812
1188 105 1163
105 953 1246
953 664 1076
664 1034 871
1034 1108 271
1420 1108 1193
1420 1200 49
1200 1077 1280
1077 41 509
41 605 153
605 1306 728
1306 101 377
101 889 378
889 1324 885
1324 826 764
870 826 1334
1108 689 708
689 783 725
783 1219 1015
1219 223 793
223 740 1155
740 333 557
333 799 158
799 313 1146
313 659 249
659 85 255
85 993 1416
1371 993 187
1371 46 918
46 1112 1293
1112 1061 669
1061 1071 112
1071 786 113
786 801 1174
801 888 589
888 475 1275
475 1194 1123
1108 1194 948
993 1414 95
1414 1031 821
1031 1220 1234
1220 880 1043
880 404 680
404 1277 1390
1277 931 784
931 1202 1007
1202 94 653
94 918 1179
918 892 446
631 892 64
631 881 1396
881 638 1447
638 43 1398
43 743 981
743 1410 992
1410 1308 35
1308 221 1364
221 911 665
911 455 977
993 455 1389
892 1058 423
1058 1423 1424
1423 265 1018
265 1150 765
1150 1304 9
1304 936 1053
936 1263 1423
1263 884 534
884 1009 575
1009 654 902
654 1309 173
190 1309 259
190 779 1019
779 627 1262
627 414 229
414 746 746
746 1120 238
1120 559 58
559 1321 1089
1321 11 612
11 391 136
892 391 215
1309 342 132
342 1026 115
1026 109 125
109 157 639
157 5 1440
5 315 157
315 1122 730
1122 1001 999
1001 1146 826
1146 410 771
410 602 1227
288 602 580
288 646 964
646 283 1024
283 343 1290
343 515 973
515 678 840
678 957 1464
957 980 392
980 1004 1320
1004 132 640
1309 132 727
602 904 726
904 690 633
690 259 433
259 547 711
547 363 1042
363 480 324
480 546 768
546 64 1021
64 634 266
634 441 608
441 1178 40
1027 1178 475
1027 205 1004
205 299 1067
299 562 246
562 62 159
62 1354 1224
1354 303 1175
303 16 338
16 1397 698
1397 831 356
602 831 82
1178 72 243
72 1019 495
1019 236 464
236 349 1182
349 381 104
381 402 1080
402 971 1025
971 1086 1002
1086 442 1068
442 1094 924
1094 462 618
1279 462 231
1279 727 1033
727 99 207
99 692 970
692 1197 637
1197 1226 686
1226 81 1044
81 1020 411
1020 744 733
744 1015 1297
1178 1015 563
462 263 714
263 916 1489
916 120 926
120 812 22
812 667 4
667 785 1186
785 1298 427
1298 1373 1287
1373 450 1378
450 1295 314
1295 1002 1094
83 1002 1105
83 163 150
163 27 667
27 816 539
816 453 594
453 1134 352
1134 207 381
207 878 542
878 492 63
492 71 383
462 71 436
1002 794 642
794 137 1344
137 225 853
225 905 1009
905 355 393
355 165 820
165 167 951
167 946 1099
946 478 1248
478 309 870
309 893 1205
703 893 453
703 540 836
540 116 1399
116 943 374
943 304 553
304 15 1078
15 1225 396
1225 169 19
169 817 622
817 1011 1001
1002 1011 1109
893 626 906
626 1234 228
1234 1256 585
1256 539 275
539 427 923
427 1213 798
1213 821 662
821 509 1385
509 563 544
563 258 545
258 810 559
574 810 713
574 212 38
212 1005 414
1005 856 862
856 1164 418
1164 583 134
583 628 97
628 1316 1196
1316 897 116
897 136 1353
893 136 805
810 823 276
823 787 1035
787 439 467
439 38 721
38 367 197
367 377 226
377 1313 384
1313 501 605
501 932 1058
932 1123 507
1123 652 1119
1139 652 1284
1139 147 36
147 793 946
793 923 1361
923 862 1178
862 512 795
512 411 1011
411 290 1014
290 504 1050
504 584 298
810 584 216
652 772 987
772 565 1187
565 595 1448
595 685 829
685 507 201
507 696 1355
696 1096 487
1096 915 282
915 178 1457
178 728 7
728 853 200
1412 853 802
1412 338 626
338 249 395
249 446 546
446 323 54
323 757 1442
757 1035 471
1035 1317 1221
1317 780 86
780 542 1351
652 542 1407
853 107 1482
107 755 896
755 1363 109
1363 1088 358
1088 969 636
969 1087 620
1087 714 478
714 1162 1435
1162 270 62
270 566 299
566 1201 1081
604 1201 1444
604 233 1160
233 204 175
204 351 239
351 1022 882
1022 1129 1411
1129 748 1169
748 841 1449
841 133 1404
133 995 1131
853 995 692
1201 1383 336
1383 1160 1273
1160 461 333
461 951 815
951 543 398
543 1294 74
1294 276 242
276 31 258
31 803 1391
803 1355 1395
1355 633 929
214 633 1346
214 681 941
681 797 1124
797 506 1244
506 1229 651
1229 1195 1335
1195 718 311
718 508 347
508 1369 244
1369 649 819
1201 649 758
633 988 1208
988 956 773
956 791 345
791 630 525
630 58 913
58 1159 1256
1159 418 1365
418 42 953
42 1254 1264
1254 60 348
60 639 450
1247 639 30
1247 39 341
39 135 75
135 191 160
191 78 1071
78 390 915
390 1174 1046
1174 30 196
30 806 15
806 753 247
633 753 850
639 534 81
534 1003 660
1003 432 1282
432 1242 1138
1242 734 799
734 1118 191
1118 472 932
472 417 1310
417 280 312
280 1039 1223
1039 1185 1308
393 1185 385
393 1375 407
1375 1008 27
1008 151 106
151 57 402
57 695 1483
695 773 717
773 1310 577
1310 594 1185
594 835 1274
639 835 1106
1185 762 303
762 522 763
522 356 1204
356 59 1232
59 938 720
938 1228 499
1228 518 1233
518 473 1492
473 426 681
426 1297 1401
1297 2 422
2 491 1331
491 680 676
680 1013 391
1013 125 235
125 1199 131
1199 985 1075
985 612 3
612 1053 859
1053 750 438
750 1107 1470
1185 1107 1339
21 50 1247
50 476 677
476 704 1426
704 319 1031
319 710 443
710 1114 1359
1114 844 268
844 925 1154
925 1148 712
1148 852 1261
852 722 813
1024 722 756
1024 800 295
800 113 739
113 588 126
588 84 587
84 451 668
451 321 560
321 1343 796
1343 580 1443
580 470 854
21 470 1161
722 808 8
808 438 855
438 1238 641
1238 186 1455
186 348 137
348 1165 685
1165 1334 695
1334 665 1463
665 756 734
756 179 156
179 429 496
1089 429 718
1089 919 755
919 502 1405
502 146 489
146 241 588
241 940 55
940 521 73
521 1424 994
1424 825 1168
825 267 761
722 267 501
429 156 838
156 1237 1418
1237 1012 1097
1012 19 178
19 1265 265
1265 660 1235
660 374 1157
374 720 731
720 1184 664
1184 485 766
485 380 1417
1102 380 942
1102 1262 480
1262 55 1369
55 310 1211
310 1338 856
1338 127 1393
127 846 536
846 1411 688
1411 1105 206
1105 1305 335
429 1305 1226
380 1312 1126
1312 902 845
902 1394 1367
1394 307 308
307 479 1327
479 790 230
790 406 529
406 23 1148
23 859 516
859 1170 1079
1170 726 740
1215 726 757
1215 277 541
277 553 203
553 285 940
285 345 300
345 1072 1207
1072 824 98
824 641 985
641 792 625
792 1059 482
380 1059 809
726 9 1066
9 330 754
330 716 891
716 1233 20
1233 1276 576
1276 45 117
45 802 350
802 353 146
353 1255 429
1255 1140 240
1140 1069 701
1328 1069 444
1328 1067 285
1067 1418 1475
1418 1327 1315
1327 663 781
663 788 413
788 672 148
672 1370 1037
1370 871 144
871 271 800
726 271 1255
1069 1110 1481
1110 1323 133
1323 1025 514
1025 218 1403
218 1258 782
1258 1193 968
1193 928 149
928 428 61
428 858 814
858 1235 1243
1235 242 566
1163 242 1292
1163 1121 362
1121 912 10
912 140 76
140 1081 1238
1081 1236 78
1236 359 1490
359 1038 847
1038 47 11
47 555 1425
1069 555 380
242 850 659
850 771 916
771 130 290
130 596 1057
596 396 442
396 1084 1201
1084 155 399
155 423 1343
423 1283 901
1283 327 1
327 314 129
860 314 192
860 104 513
104 1064 1377
1064 90 457
90 524 950
524 926 29
926 449 1341
449 347 1239
347 686 47
686 585 71
242 585 1379
314 114 32
114 378 646
378 896 234
896 768 1064
768 229 128
229 523 21
523 819 604
819 984 1372
984 556 1183
556 1314 998
1314 666 643
895 666 1285
895 1288 1041
1288 1196 1250
1196 1000 257
1000 712 893
712 388 1012
388 687 1354
687 1240 623
1240 1047 202
1047 1043 44
314 1043 579
666 498 50
498 1259 1032
1259 329 898
329 1083 459
1083 814 491
814 1272 1479
1272 195 147
195 184 656
184 1217 744
1217 1274 452
1274 775 83
435 775 852
435 1364 670
1364 272 481
272 866 1309
866 738 752
738 592 1153
592 1155 552
1155 117 966
117 421 776
421 77 860
666 77 484
775 1209 46
1209 463 327
463 1326 79
1326 1090 225
1090 430 628
430 295 441
295 490 1259
490 1357 833
1357 1319 111
1319 198 1303
198 1398 253
1404 1398 135
1404 620 1128
620 1269 1453
1269 1246 600
1246 1210 971
1210 632 803
632 551 26
551 1042 1073
1042 590 925
590 403 198
775 403 211
1398 1243 1049
1243 857 564
857 587 227
587 361 1421
361 886 448
886 447 120
447 1368 60
1368 371 277
371 368 390
368 161 615
161 289 877
334 289 1451
334 869 956
869 230 743
230 510 1279
510 369 1056
369 1103 715
1103 1415 1281
1415 383 1412
383 1130 267
1130 1115 599
1398 1115 972
289 279 975
279 445 663
445 36 1040
36 185 66
185 829 370
829 239 1116
239 75 1141
75 292 241
292 354 1397
354 525 417
525 1017 1110
392 1017 917
392 1078 353
1078 468 624
468 52 991
52 65 801
65 194 1328
194 51 1158
51 545 584
545 741 233
741 170 101
289 170 1409
1017 188 1100
188 989 930
989 1158 1486
1158 251 592
251 764 1195
764 1128 6
1128 54 1000
54 625 696
625 944 424
944 254 933
254 613 372
1157 613 1360
1157 440 1414
440 698 67
698 328 1493
328 1037 208
1037 1337 214
1337 747 543
747 1386 904
1386 469 967
469 86 658
1017 86 1462
613 1050 472
1050 320 59
320 174 1225
174 867 630
867 443 1228
443 820 949
820 1271 430
1271 1280 848
1280 1028 1156
1028 1156 99
1156 760 778
1073 760 84
1073 544 245
544 917 719
917 707 346
707 516 1112
516 1224 652
1224 1346 613
1346 711 606
711 635 466
635 941 769
613 941 360
760 658 25
658 751 1381
751 996 96
996 1204 69
1204 1183 1198
1183 172 371
172 1060 274
1060 1245 14
1245 935 263
935 273 957
273 379 1181
1377 379 954
1377 278 531
278 1221 468
1221 947 1338
947 1389 182
1389 199 1093
199 308 561
308 570 325
570 1145 251
1145 845 24
760 845 724
379 484 16
484 952 1477
952 548 123
548 745 1474
745 887 193
887 96 462
96 999 1061
999 1335 1249
1335 1149 354
1149 1135 323
1135 373 980
920 373 530
920 1127 2
1127 8 638
8 14 919
14 1348 264
1348 650 518
650 129 1313
129 298 990
298 1057 1350
1057 1249 1140
379 1249 506
373 282 1130
282 1241 794
1241 1056 1433
1056 838 914
838 526 357
526 1408 1452
1408 789 296
789 798 1340
798 1046 879
1046 1097 23
1097 1169 835
900 1169 1162
900 1293 864
1293 405 94
405 332 122
332 1106 554
1106 183 996
183 1143 1266
1143 123 851
123 1384 1473
1384 486 217
373 486 679
1169 1307 931
1307 434 508
434 1095 1059
1095 460 145
460 958 1048
958 395 1485
395 981 163
981 1365 1152
1365 579 130
579 1132 119
1132 1166 124
1066 1166 326
1066 1104 1136
1104 567 779
567 203 1144
203 1040 409
1040 875 1300
875 647 154
647 419 343
419 1186 281
1186 619 822
1169 619 1415
1166 1111 614
1111 158 611
158 350 682
350 1065 666
1065 737 911
737 387 504
387 1167 1051
1167 1074 39
1074 1126 912
1126 982 673
982 1223 1241
589 1223 675
589 1248 806
1248 1063 512
1063 122 978
122 143 278
143 1082 1104
1082 1374 900
1374 699 1026
699 949 177
949 533 880
1166 533 621
1223 358 1254
358 1187 505
1187 770 897
770 942 1229
942 675 389
675 1175 1267
1175 1264 1386
1264 974 649
974 110 1045
110 1049 1036
1049 873 199
422 873 1439
422 160 1214
160 1131 1436
1131 494 689
494 286 684
286 1275 1121
1275 600 993
600 1119 1471
1119 244 166
244 209 1487
1223 209 434
873 1362 425
1362 1352 138
1352 966 1345
966 1032 162
1032 187 888
187 1380 1422
1380 1333 547
1333 752 458
752 400 1420
400 1206 709
1206 906 369
669 906 875
669 1093 1010
1093 809 892
809 226 386
226 1366 483
1366 702 674
702 977 861
977 317 899
317 48 87
48 1218 1222
873 1218 1348
906 407 1202
407 1198 1480
1198 1091 1016
1091 828 292
828 1320 867
1320 197 219
197 682 89
682 26 524
26 972 317
972 1208 1276
1208 3 1020
3 899 722
899 95 376
95 907 469
907 245 155
245 474 379
474 1429 13
1429 471 989
471 1341 1427
1341 763 565
763 1260 1362
906 1260 1324
671 481 1092
481 1085 583
1085 624 1322
624 1390 1495
1390 312 1172
312 216 1454
216 948 1101
948 1214 881
1214 777 963
777 1154 476
1154 1207 1370
1207 311 1257
311 655 1429
655 181 142
181 61 772
61 656 1118
656 1325 270
1325 1302 976
1302 305 1269
305 159 224
159 1421 1478
671 1421 339
