1800 2000
1 4 1579
4 5 1981
1 5 6
5 6 86
3 6 304
3 5 3
4 7 1287
7 8 1114
4 8 1749
8 9 539
9 10 1983
8 10 1199
9 11 42
11 12 407
9 12 1857
9 13 1439
13 14 46
9 14 1901
14 15 306
15 16 1117
14 16 330
10 17 71
17 18 1211
10 18 1145
12 19 1371
19 20 872
12 20 1504
13 21 1177
21 22 773
13 22 1942
16 23 376
23 24 295
16 24 1435
20 25 1483
25 26 755
20 26 1866
21 27 1165
27 28 1037
21 28 808
20 29 456
29 30 483
20 30 13
26 31 784
31 32 871
26 32 619
23 33 17
33 34 309
23 34 1430
31 35 680
35 36 482
31 36 1135
31 37 119
37 38 1322
31 38 255
29 39 361
39 40 821
29 40 1319
40 41 845
41 42 1401
40 42 925
32 43 530
43 44 817
32 44 1452
44 45 892
45 46 750
44 46 945
42 47 1230
47 48 1988
42 48 854
41 49 777
49 50 22
41 50 800
46 51 386
51 52 828
46 52 190
52 53 321
53 54 168
52 54 331
50 55 441
55 56 1223
50 56 731
55 57 1263
57 58 131
55 58 1013
56 59 1455
59 60 4
56 60 733
43 61 499
61 62 644
43 62 708
61 63 1805
63 64 378
61 64 402
46 65 252
65 66 1406
46 66 1291
62 67 1451
67 68 1330
62 68 1296
66 69 1055
69 70 1138
66 70 1338
50 71 1317
71 72 757
50 72 1980
63 73 1009
73 74 741
63 74 1565
57 75 1158
75 76 384
57 76 1033
61 77 375
77 78 367
61 78 1481
71 79 452
79 80 391
71 80 1024
74 81 1607
81 82 52
74 82 180
69 83 1974
83 84 459
69 84 1920
84 85 719
85 86 1010
84 86 469
74 87 799
87 88 289
74 88 1997
87 89 685
89 90 83
87 90 1149
87 91 2000
91 92 815
87 92 956
75 93 1448
93 94 349
75 94 472
83 95 793
95 96 302
83 96 236
84 97 1021
97 98 394
84 98 363
81 99 1777
99 100 1268
81 100 1277
69 101 433
101 102 1076
69 102 1224
70 103 153
103 104 1218
70 104 151
82 105 1012
105 106 161
82 106 1494
91 107 1118
107 108 406
91 108 1298
106 109 1391
109 110 155
106 110 820
91 111 1380
111 112 1372
91 112 792
97 113 1193
113 114 1280
97 114 77
82 115 281
115 116 664
82 116 1362
110 117 862
117 118 1183
110 118 906
96 119 1034
119 120 360
96 120 861
101 121 436
121 122 319
101 122 120
109 123 185
123 124 1996
109 124 1019
108 125 1463
125 126 181
108 126 831
110 127 1898
127 128 801
110 128 1385
90 129 75
129 130 467
90 130 313
98 131 766
131 132 1022
98 132 1308
131 133 399
133 134 279
131 134 350
99 135 1190
135 136 829
99 136 844
107 137 1453
137 138 1141
107 138 1399
112 139 257
139 140 1982
112 140 265
116 141 446
141 142 1036
116 142 1292
99 143 722
143 144 1247
144 145 268
145 146 1966
146 147 696
147 148 1959
148 149 1139
149 150 647
150 151 744
151 152 1015
152 153 1216
153 154 343
154 155 1123
155 156 437
156 157 887
157 158 1976
158 159 315
159 160 1444
160 161 371
161 162 1106
162 163 1151
163 164 796
164 165 280
165 166 843
166 167 1186
167 168 141
168 169 718
169 170 1040
170 171 1951
171 172 803
172 173 1206
173 174 1281
174 175 1236
175 176 952
176 177 1410
177 178 1950
178 179 448
179 180 679
180 181 1306
181 182 1005
182 183 725
183 184 94
184 185 1333
185 186 688
186 187 54
187 188 1436
188 189 205
189 190 1071
190 191 294
191 192 1293
192 193 1000
193 194 1155
194 195 1179
195 196 322
196 197 207
197 198 1276
198 199 1011
199 200 213
200 201 1947
201 202 720
202 203 933
203 204 735
204 205 1078
205 206 1029
206 207 1485
207 208 442
208 209 1402
209 210 317
210 211 197
211 212 233
212 213 169
213 214 471
214 215 1004
215 216 1203
216 217 1412
217 218 430
218 219 1400
219 220 453
220 221 128
221 222 1359
222 223 1152
223 224 856
224 225 1242
225 226 259
226 227 32
227 228 484
228 229 1442
229 230 918
230 231 1447
231 232 458
232 233 987
233 234 140
234 235 1175
235 236 5
236 237 409
237 238 19
238 239 1006
239 240 1354
240 241 47
241 242 1954
242 243 1085
243 244 1027
244 245 192
245 246 1921
246 247 227
247 248 337
248 249 278
249 250 1001
250 251 179
251 252 1480
252 253 76
253 254 264
254 255 1433
255 256 1944
256 257 795
257 258 811
258 259 1459
259 260 1305
260 261 850
261 262 21
262 263 78
263 264 1470
264 265 1093
265 266 1221
266 267 878
267 268 649
268 269 316
269 270 1361
270 271 1278
271 272 414
272 273 1905
273 274 1243
274 275 222
275 276 1336
276 277 797
277 278 445
278 279 692
279 280 1002
280 281 137
281 282 198
282 283 478
283 284 401
284 285 1125
285 286 646
286 287 717
287 288 875
288 289 976
289 290 921
290 291 986
291 292 176
292 293 55
293 294 681
294 295 144
295 296 1056
296 297 691
297 298 973
298 299 113
299 300 972
300 301 393
301 302 403
302 303 229
303 304 1258
304 305 1320
305 306 959
306 307 112
307 308 31
308 309 675
309 310 92
310 311 677
311 312 1376
312 313 1339
313 314 958
314 315 950
315 316 110
316 317 1498
317 318 73
318 319 1074
319 320 1192
320 321 1349
321 322 804
322 323 116
323 324 1148
324 325 369
325 326 143
326 327 734
327 328 711
328 329 463
329 330 819
330 331 196
331 332 1427
332 333 352
333 334 93
334 335 370
335 336 979
336 337 1058
337 338 158
338 339 14
339 340 779
340 341 305
341 342 1474
342 343 1109
343 344 648
344 345 1495
345 346 340
346 347 1248
347 348 814
348 349 904
349 350 1065
350 351 1077
351 352 1926
352 353 1441
353 354 1116
354 355 1937
355 356 1465
356 357 1437
357 358 1351
358 359 1978
359 360 715
360 361 1225
361 362 286
362 363 1910
363 364 435
364 365 148
365 366 995
366 367 432
367 368 178
368 369 224
369 370 962
370 371 1235
371 372 765
372 373 79
373 374 276
374 375 683
375 376 462
376 377 346
377 378 208
378 379 922
379 380 247
380 381 775
381 382 473
382 383 729
383 384 115
384 385 288
385 386 1373
386 387 1341
387 388 40
388 389 1416
389 390 300
390 391 122
391 392 1312
392 393 778
393 394 444
394 395 397
395 396 1053
396 397 1003
397 398 911
398 399 191
399 400 924
400 401 126
401 402 1426
402 403 282
403 404 138
404 405 450
405 406 651
406 407 1239
407 408 1170
408 409 1054
409 410 351
410 411 1284
411 412 1977
412 413 1185
413 414 50
414 415 41
415 416 296
416 417 975
417 418 1044
418 419 1172
419 420 1931
420 421 1129
421 422 571
422 423 1665
423 424 1841
424 425 1889
425 426 1814
426 427 590
427 428 1681
428 429 1698
429 430 1772
430 431 88
431 432 522
432 433 555
433 434 1744
434 435 1647
435 436 1634
436 437 1542
437 438 528
438 439 1840
439 440 1502
440 441 1658
441 442 1854
442 443 1875
443 444 1800
444 445 1859
445 446 1860
446 447 599
447 448 1623
448 449 553
449 450 595
450 451 1510
451 452 1589
452 453 635
453 454 500
454 455 1802
455 456 1629
456 457 1614
457 458 1823
458 459 1572
459 460 506
460 461 613
461 462 61
462 463 1702
463 464 569
464 465 1761
465 466 633
466 467 1662
467 468 1591
468 469 639
469 470 1677
470 471 10
471 472 1604
472 473 1602
473 474 616
474 475 1765
475 476 1664
476 477 1556
477 478 643
478 479 1865
479 480 1519
480 481 1794
481 482 561
482 483 1751
483 484 1876
484 485 517
485 486 642
486 487 501
487 488 1722
488 489 1693
489 490 1779
490 491 1508
491 492 1753
492 493 550
493 494 610
494 495 580
495 496 1526
496 497 1501
497 498 1616
498 499 1505
499 500 1784
500 501 532
501 502 1757
502 503 490
503 504 594
504 505 622
505 506 1878
506 507 1528
507 508 593
508 509 1663
509 510 1516
510 511 1540
511 512 563
512 513 1617
513 514 1545
514 515 1813
515 516 1799
516 517 1780
517 518 1686
518 519 1625
519 520 1773
520 521 1715
521 522 495
522 523 1811
523 524 605
524 525 576
525 526 572
526 527 518
527 528 1795
528 529 1537
529 530 1596
530 531 515
531 532 1672
532 533 1659
533 534 1563
534 535 1856
535 536 1684
536 537 592
537 538 1891
538 539 1759
539 540 1644
540 541 1637
541 542 562
542 543 1829
543 544 1819
544 545 529
545 546 1687
546 547 1655
547 548 542
548 549 1587
549 550 1569
550 551 45
551 552 638
552 553 640
553 554 573
554 555 1895
555 556 1708
556 557 1697
557 558 1733
558 559 1874
559 560 1853
560 561 1832
561 562 1748
562 563 1828
563 564 1758
564 565 534
565 566 1729
566 567 521
567 568 1724
568 569 1820
569 570 620
570 571 537
571 572 621
572 573 1721
573 574 554
99 574 546
393 575 89
575 576 1911
393 576 354
509 577 218
577 578 412
578 579 336
509 579 1279
494 580 474
580 581 1933
494 581 1112
425 582 1094
582 583 1989
425 583 848
515 584 1299
584 585 1113
515 585 1102
546 586 732
586 587 1270
546 587 748
576 588 891
588 589 170
576 589 1344
414 590 847
590 591 1487
414 591 855
568 592 949
592 593 1086
568 593 1421
575 594 1331
594 595 1356
575 595 1146
436 596 377
596 597 1259
436 597 379
490 598 763
598 599 248
490 599 49
506 600 362
600 601 1419
506 601 443
411 602 840
602 603 130
411 603 707
560 604 869
604 605 254
560 605 701
524 606 1365
606 607 365
524 607 347
504 608 806
608 609 780
504 609 789
525 610 215
610 611 1157
525 611 1275
421 612 1746
612 613 1210
421 613 689
435 614 1229
614 615 1205
435 615 885
532 616 1381
616 617 874
532 617 686
612 618 90
618 619 1057
612 619 1850
452 620 396
620 621 1269
452 621 764
421 622 1240
622 623 428
421 623 809
425 624 355
624 625 237
425 625 124
571 626 270
626 627 1070
571 627 211
578 628 1046
628 629 864
578 629 251
454 630 1418
630 631 1396
454 631 1962
583 632 451
632 633 1927
583 633 81
506 634 660
634 635 87
506 635 395
451 636 272
636 637 1153
451 637 1388
605 638 1171
638 639 1497
605 639 935
568 640 107
640 641 1042
568 641 1014
595 642 219
642 643 867
595 643 1051
518 644 1061
644 645 662
518 645 1097
481 646 65
646 647 1906
481 647 947
531 648 1316
648 649 1099
531 649 35
634 650 1082
650 651 104
651 652 1353
652 653 1913
653 654 1943
654 655 1464
655 656 1260
656 657 678
634 657 713
638 658 440
658 659 193
638 659 1919
640 660 917
660 661 914
640 661 1083
567 662 907
662 663 1958
567 663 29
472 664 966
664 665 449
472 665 1059
460 666 70
666 667 461
460 667 408
602 668 694
668 669 1460
602 669 832
627 670 909
670 671 43
627 671 853
568 672 1449
672 673 1315
568 673 896
607 674 695
674 675 1184
607 675 1087
613 676 165
676 677 139
613 677 849
539 678 325
678 679 232
539 679 345
620 680 1443
680 681 127
620 681 72
487 682 188
682 683 1285
487 683 240
631 684 390
684 685 1457
631 685 693
640 686 943
686 687 39
640 687 716
619 688 927
688 689 326
619 689 1870
536 690 1272
690 691 416
536 691 134
663 692 1318
692 693 62
663 693 1415
681 694 398
694 695 162
681 695 56
497 696 1987
696 697 1237
497 697 873
565 698 1063
698 699 863
565 699 1132
672 700 74
700 701 200
672 701 901
544 702 186
702 703 782
544 703 1215
660 704 1187
704 705 1397
660 705 1041
695 706 1032
706 707 1219
695 707 1249
647 708 684
708 709 1979
647 709 893
681 710 234
710 711 201
711 712 58
712 713 1088
713 714 666
714 715 656
715 716 794
716 717 329
717 718 1160
718 719 1383
719 720 785
720 721 69
681 721 668
513 722 292
722 723 1986
513 723 1052
616 724 1482
724 725 948
616 725 177
705 726 172
726 727 826
705 727 724
687 728 1462
728 729 1389
687 729 745
536 730 1313
730 731 687
536 731 898
498 732 44
732 733 26
498 733 824
690 734 706
734 735 356
690 735 1234
592 736 1264
736 737 335
592 737 1394
606 738 1917
738 739 1180
606 739 1189
589 740 1288
740 741 1907
589 741 704
689 742 1115
742 743 225
689 743 1791
545 744 963
744 745 1084
545 745 663
614 746 64
746 747 842
614 747 1915
591 748 1098
748 749 788
591 749 1946
703 750 870
750 751 1191
703 751 1126
663 752 830
752 753 1213
663 753 1069
523 754 417
754 755 940
523 755 174
749 756 771
756 757 1311
749 757 783
517 758 1136
758 759 466
759 760 1209
760 761 1124
761 762 769
762 763 1914
763 764 1948
764 765 768
765 766 298
766 767 1476
767 768 1424
768 769 358
769 770 447
770 771 1340
771 772 468
772 773 60
773 774 1490
774 775 810
775 776 1096
776 777 1031
777 778 1475
778 779 1411
779 780 1909
780 781 271
781 782 1105
782 783 740
783 784 1143
784 785 1089
785 786 999
786 787 1393
787 788 905
788 789 1188
789 790 1241
790 791 807
791 792 1016
792 793 66
793 794 1902
794 795 752
795 796 860
796 797 669
797 798 383
798 799 1030
799 800 244
800 801 1405
801 802 1445
802 803 1403
803 804 135
804 805 1364
805 806 382
806 807 374
807 808 1327
808 809 1064
809 810 438
810 811 889
811 812 1961
812 813 988
813 814 774
814 815 1310
815 816 1150
816 817 1220
817 818 1998
818 819 1066
819 820 368
820 821 366
821 822 1008
822 823 485
823 824 357
517 824 1133
571 825 1182
825 826 404
571 826 1202
800 827 1198
827 828 1047
800 828 1107
684 829 1346
829 830 1479
684 830 359
568 831 301
831 832 965
568 832 1144
822 833 1985
833 834 1062
822 834 1196
668 835 1232
835 836 1228
668 836 434
676 837 1294
837 838 1930
676 838 1908
607 839 938
839 840 261
607 840 318
819 841 348
841 842 465
819 842 283
831 843 250
843 844 307
831 844 1227
779 845 974
845 846 106
846 847 125
847 848 267
848 849 154
849 850 84
850 851 743
851 852 220
852 853 944
853 854 1431
854 855 1103
855 856 183
856 857 1358
857 858 142
858 859 194
859 860 1266
860 861 117
861 862 1478
862 863 1178
863 864 312
864 865 1903
865 866 274
866 867 951
867 868 929
868 869 837
869 870 111
870 871 175
871 872 1122
872 873 209
873 874 38
874 875 1119
875 876 1422
876 877 238
779 877 836
845 878 742
878 879 1162
845 879 486
744 880 1130
880 881 723
744 881 982
647 882 1398
882 883 1970
647 883 1355
664 884 746
884 885 858
664 885 464
810 886 477
886 887 100
810 887 364
882 888 709
888 889 405
882 889 776
810 890 1111
890 891 747
810 891 991
639 892 825
892 893 961
639 893 418
650 894 971
894 895 1131
650 895 1303
810 896 903
896 897 721
810 897 258
632 898 1407
898 899 1167
632 899 387
651 900 1154
900 901 149
651 901 419
814 902 273
902 903 1164
814 903 1204
683 904 1101
904 905 756
683 905 770
620 906 890
906 907 311
620 907 670
834 908 791
908 909 846
834 909 937
828 910 1991
910 911 1347
828 911 1325
822 912 333
912 913 654
822 913 1473
625 914 928
914 915 749
625 915 895
866 916 754
916 917 1273
866 917 1081
779 918 659
918 919 1018
779 919 1377
743 920 934
920 921 230
921 922 983
922 923 1233
923 924 411
924 925 1461
925 926 1060
926 927 653
927 928 658
928 929 8
929 930 886
930 931 422
931 932 20
932 933 157
933 934 1038
934 935 1964
935 936 1975
936 937 1035
937 938 223
938 939 913
939 940 353
940 941 900
941 942 1384
942 943 1197
943 944 489
944 945 1045
945 946 1067
946 947 827
947 948 977
948 949 1301
949 950 51
950 951 910
951 952 1156
952 953 101
953 954 217
954 955 1200
955 956 203
956 957 1897
957 958 936
958 959 989
959 960 24
960 961 674
961 962 1370
962 963 392
963 964 132
964 965 968
965 966 231
966 967 291
967 968 736
968 969 1075
969 970 262
970 971 1137
971 972 697
972 973 109
973 974 1972
974 975 851
975 976 1968
976 977 1043
977 978 1379
978 979 1079
979 980 37
980 981 1414
981 982 1073
982 983 1350
983 984 1417
984 985 476
985 986 738
986 987 487
987 988 1496
988 989 1994
989 990 303
990 991 1440
991 992 28
992 993 1026
993 994 263
994 995 881
995 996 1936
996 997 978
997 998 173
998 999 790
999 1000 481
1000 1001 235
1001 1002 834
1002 1003 941
1003 1004 882
1004 1005 199
1005 1006 899
1006 1007 388
1007 1008 166
1008 1009 1492
1009 1010 1290
1010 1011 992
1011 1012 1128
1012 1013 981
1013 1014 12
1014 1015 1140
1015 1016 1984
1016 1017 980
1017 1018 284
1018 1019 1080
1019 1020 703
1020 1021 241
1021 1022 1918
1022 1023 1326
1023 1024 912
1024 1025 700
1025 1026 23
1026 1027 1387
1027 1028 902
1028 1029 1283
1029 1030 833
1030 1031 221
1031 1032 1912
1032 1033 152
1033 1034 838
1034 1035 969
1035 1036 334
1036 1037 1369
1037 1038 80
1038 1039 150
1039 1040 429
1040 1041 1924
1041 1042 1007
1042 1043 994
1043 1044 702
1044 1045 67
1045 1046 1257
1046 1047 993
1047 1048 1108
1048 1049 876
1049 1050 439
1050 1051 243
1051 1052 823
1052 1053 1484
1053 1054 475
1054 1055 714
1055 1056 942
1056 1057 293
1057 1058 342
1058 1059 1940
1059 1060 1486
1060 1061 1335
1061 1062 212
1062 1063 415
1063 1064 839
1064 1065 1454
1065 1066 1282
1066 1067 1392
1067 1068 1309
1068 1069 1343
1069 1070 1408
1070 1071 1992
1071 1072 1231
1072 1073 372
1073 1074 676
1074 1075 762
1075 1076 1469
1076 1077 1267
1077 1078 82
1078 1079 877
1079 1080 1374
1080 1081 1023
1081 1082 1262
1082 1083 146
1083 1084 712
1084 1085 661
1085 1086 1900
1086 1087 813
1087 1088 1100
1088 1089 1295
1089 1090 698
1090 1091 266
1091 1092 147
1092 1093 339
1093 1094 650
1094 1095 167
1095 1096 242
1096 1097 1251
1097 1098 1214
1098 1099 479
1099 1100 802
1100 1101 1413
1101 1102 7
1102 1103 883
1103 1104 1302
1104 1105 1195
1105 1106 96
1106 1107 210
1107 1108 260
1108 1109 996
1109 1110 1274
1110 1111 99
1111 1112 1438
1112 1113 159
1113 1114 657
1114 1115 1939
1115 1116 1134
1116 1117 1289
1117 1118 1068
1118 1119 1342
1119 1120 328
1120 1121 249
1121 1122 1960
1122 1123 195
1123 1124 1253
1124 1125 967
1125 1126 908
1126 1127 460
1127 1128 868
1128 1129 1375
1129 1130 787
1130 1131 753
1131 1132 103
1132 1133 816
1133 1134 57
1134 1135 373
1135 1136 1434
1136 1137 53
1137 1138 1969
1138 1139 1957
1139 1140 1092
1140 1141 1208
1141 1142 960
1142 1143 1493
1143 1144 1472
1144 1145 98
1145 1146 672
1146 1147 1360
1147 1148 253
1148 1149 1963
1149 1150 1246
1150 1151 344
1151 1152 1938
1152 1153 102
1153 1154 381
1154 1155 923
1155 1156 455
1156 1157 1304
1157 1158 1254
1158 1159 665
1159 1160 1468
1160 1161 984
1161 1162 1091
1162 1163 1999
1163 1164 389
1164 1165 1168
1165 1166 426
1166 1167 1488
1167 1168 758
1168 1169 308
1169 1170 1050
1170 1171 673
1171 1172 1945
1172 1173 1020
1173 1174 290
1174 1175 1332
1175 1176 338
1176 1177 171
1177 1178 1941
1178 1179 957
1179 1180 690
1180 1181 1899
1181 1182 1929
1182 1183 1932
1183 1184 1222
1184 1185 1147
1185 1186 25
1186 1187 164
1187 1188 454
1188 1189 1265
1189 1190 1314
1190 1191 380
1191 1192 1104
1192 1193 1916
1193 1194 1163
1194 1195 163
1195 1196 705
1196 1197 1446
1197 1198 852
1198 1199 1127
1199 1200 189
1200 1201 1409
1201 1202 1212
1202 1203 737
1203 1204 866
1204 1205 1458
1205 1206 160
1206 1207 1252
1207 1208 939
1208 1209 879
1209 1210 1935
1210 1211 727
1211 1212 835
1212 1213 1048
1213 1214 204
1214 1215 287
1215 1216 59
1216 1217 277
1217 1218 955
1218 1219 1925
1219 1220 953
1220 1221 95
1221 1222 1072
1222 1223 1255
1223 1224 1386
1224 1225 245
1225 1226 931
1226 1227 285
1227 1228 1286
1228 1229 1166
1229 1230 818
1230 1231 457
1231 1232 1169
1232 1233 726
1233 1234 682
1234 1235 1928
1235 1236 671
1236 1237 1039
1237 1238 1499
1238 1239 920
1239 1240 1952
1240 1241 470
1241 1242 400
1242 1243 1466
1243 1244 1949
1244 1245 48
1245 1246 1017
1246 1247 1953
1247 1248 323
1248 1249 1321
1249 1250 33
1250 1251 256
1251 1252 425
1252 1253 1297
1253 1254 16
1254 1255 1176
1255 1256 421
1256 1257 297
1257 1258 798
1258 1259 228
1259 1260 954
1260 1261 1382
1261 1262 299
1262 1263 136
1263 1264 786
1264 1265 1923
1265 1266 97
1266 1267 63
1267 1268 202
1268 1269 1250
1269 1270 85
1270 1271 1491
1271 1272 805
1272 1273 1390
1273 1274 327
1274 1275 781
1275 1276 1110
1276 1277 865
1277 1278 184
1278 1279 761
1279 1280 424
1280 1281 1428
1281 1282 1500
1282 1283 1345
1283 1284 1261
1284 1285 332
1285 1286 1934
1286 1287 1329
1287 1288 1095
1288 1289 410
1289 1290 930
1290 1291 919
1291 1292 1993
1292 1293 1025
1293 1294 985
1294 1295 320
1295 1296 114
1296 1297 859
1297 1298 34
1298 1299 1238
1299 1300 275
1300 1301 1245
1301 1302 667
1302 1303 1352
1303 1304 1896
1304 1305 926
1305 1306 1456
1306 1307 1194
1307 1308 1328
1308 1309 156
1309 1310 413
1310 1311 1173
1311 1312 739
1312 1313 385
1313 1314 1423
2 1314 1467
2 1315 565
1315 1316 508
1316 1317 1606
1317 1318 27
1318 1319 567
1319 1320 1518
1320 1321 1734
1321 1322 559
1322 1323 1868
1323 1324 519
1324 1325 1640
1325 1326 1872
1326 1327 1793
1327 1328 1893
1328 1329 1776
1329 1330 578
1330 1331 1846
1331 1332 1506
1332 1333 548
1333 1334 1574
1334 1335 1826
1335 1336 1792
1336 1337 1673
1337 1338 1836
1338 1339 1798
1339 1340 564
1340 1341 1824
1341 1342 575
1342 1343 1873
1343 1344 1815
1344 1345 1737
1345 1346 1785
1346 1347 1825
1347 1348 1551
1348 1349 1862
1349 1350 1839
1350 1351 597
1351 1352 1741
1352 1353 1679
1353 1354 579
1354 1355 1771
1355 1356 505
1356 1357 1599
1357 1358 1580
1358 1359 582
1359 1360 1818
1360 1361 1668
1361 1362 1849
1362 1363 1649
1363 1364 1657
1364 1365 1534
1365 1366 1653
1366 1367 1560
1367 1368 1611
1368 1369 1692
1369 1370 545
1370 1371 1877
1371 1372 1830
1372 1373 1762
1373 1374 1553
1374 1375 1864
1375 1376 1564
1376 1377 602
1377 1378 1562
1378 1379 108
1379 1380 1670
1380 1381 1880
1381 1382 1570
1382 1383 618
1383 1384 1568
1384 1385 1747
1385 1386 527
1386 1387 1588
1387 1388 1520
1388 1389 1843
1389 1390 1782
1390 1391 1680
1391 1392 1714
1392 1393 1
1393 1394 1544
1394 1395 1796
1395 1396 1767
1396 1397 1707
1397 1398 1618
1398 1399 1667
1399 1400 1631
1400 1401 617
1401 1402 1573
1402 1403 520
1403 1404 1598
1404 1405 536
1405 1406 1717
1406 1407 1688
1407 1408 1809
1408 1409 1648
1409 1410 598
1410 1411 1628
1411 1412 1590
1412 1413 1543
1413 1414 1881
1414 1415 1635
1415 1416 541
1416 1417 1745
1417 1418 540
1418 1419 1694
1419 1420 1503
1420 1421 118
1421 1422 1626
1422 1423 1622
1423 1424 1701
1424 1425 1554
1425 1426 1842
1426 1427 1674
1427 1428 525
1428 1429 1883
1429 1430 566
1430 1431 581
1431 1432 1584
1432 1433 1739
1433 1434 1882
1434 1435 1822
1435 1436 1609
1436 1437 516
1437 1438 1807
1438 1439 587
1439 1440 1608
1440 1441 1806
1441 1442 1597
1442 1443 524
1443 1444 1786
1444 1445 1586
1445 1446 1789
1446 1447 1713
1447 1448 504
1448 1449 1601
1449 1450 1760
1450 1451 609
1451 1452 1650
1452 1453 1742
1453 1454 1511
1454 1455 1709
1455 1456 1778
1456 1457 1660
1457 1458 608
1458 1459 1710
1459 1460 1695
1460 1461 503
1461 1462 1595
1462 1463 1549
1463 1464 1638
1464 1465 1808
1465 1466 1678
1466 1467 1552
1467 1468 1801
1468 1469 615
1469 1470 1712
1470 1471 1550
1471 1472 509
1472 1473 601
1473 1474 1643
1474 1475 1804
1475 1476 535
1476 1477 577
1477 1478 544
1478 1479 491
1479 1480 1770
1480 1481 1585
1481 1482 1547
1482 1483 1754
1483 1484 1566
1484 1485 1720
1485 1486 600
1486 1487 1523
1487 1488 1613
1488 1489 1852
1489 1490 1788
1490 1491 538
1491 1492 1652
1492 1493 1539
1493 1494 1577
1494 1495 496
1495 1496 1705
1496 1497 1869
1497 1498 604
1498 1499 1768
1499 1500 586
1500 1501 614
1501 1502 1593
1502 1503 1766
1503 1504 1886
1504 1505 1783
1505 1506 1555
1506 1507 557
1507 1508 1605
1508 1509 1646
1509 1510 1723
1510 1511 625
1511 1512 497
1512 1513 1718
1513 1514 1716
1514 1515 1610
1515 1516 531
1516 1517 1769
1517 1518 1884
1518 1519 1682
1519 1520 1730
1520 1521 1583
1521 1522 624
1522 1523 1641
1523 1524 1645
1524 1525 1835
1525 1526 1656
1526 1527 1633
1527 1528 1578
1528 1529 589
1529 1530 1700
1530 1531 1592
1531 1532 1699
1532 1533 1812
1533 1534 1671
1534 1535 641
1535 1536 556
1536 1537 1696
1537 1538 636
1538 1539 1888
1539 1540 1821
1540 1541 1890
1541 1542 1817
1542 1543 634
1543 1544 1706
1544 1545 1894
1545 1546 1763
1546 1547 626
1547 1548 1507
1548 1549 1774
1549 1550 1790
1550 1551 1531
1551 1552 1803
1552 1553 1619
1553 1554 1885
1554 1555 1538
1555 1556 1639
1556 1557 1838
1557 1558 502
1558 1559 1603
1559 1560 699
1560 1561 1571
1561 1562 630
1562 1563 9
1563 1564 1837
1564 1565 551
1565 1566 1887
1566 1567 560
1567 1568 1669
1568 1569 1787
1569 1570 1781
1570 1571 570
1571 1572 632
1572 1573 607
1573 1574 1636
1574 1575 533
1575 1576 1559
1576 1577 1732
1577 1578 1827
1578 1579 543
1579 1580 1689
1580 1581 1582
1581 1582 1685
1582 1583 1703
1583 1584 1666
1584 1585 1541
1585 1586 498
1586 1587 588
1587 1588 1735
1588 1589 1847
1589 1590 1515
1590 1591 145
1591 1592 1642
1592 1593 558
1593 1594 585
1594 1595 1756
1595 1596 1576
1596 1597 1691
1597 1598 568
1598 1599 1532
1599 1600 1630
1600 1601 1755
1601 1602 1676
1602 1603 1632
1603 1604 1736
1604 1605 888
1605 1606 1522
1606 1607 1513
1607 1608 549
1608 1609 596
1609 1610 1581
1610 1611 1863
1611 1612 1525
1612 1613 584
1613 1614 512
1614 1615 1654
1615 1616 523
1616 1617 1738
1617 1618 1661
1618 1619 91
1619 1620 1627
1620 1621 1624
1621 1622 1651
1622 1623 1594
1623 1624 1816
1624 1625 591
1625 1626 1719
1626 1627 583
1627 1628 494
1628 1629 1530
1629 1630 1810
1630 1631 1728
1631 1632 1546
1632 1633 612
1633 1634 637
1634 1635 1726
1635 1636 1621
1636 1637 526
1637 1638 1527
1638 1639 1533
1639 1640 1521
1640 1641 1764
1641 1642 631
1642 1643 611
1643 1644 1558
1644 1645 1844
1645 1646 629
1646 1647 1858
1647 1648 1892
1648 1649 1711
1649 1650 1524
1650 1651 1750
1651 1652 1743
1652 1653 1536
1653 1654 507
1654 1655 492
1655 1656 1612
1656 1657 1575
1657 1658 1831
1658 1659 1851
1659 1660 1517
1660 1661 1775
1661 1662 1867
1662 1663 1548
1663 1664 710
1664 1665 1845
1665 1666 1675
1666 1667 628
1667 1668 510
1668 1669 1879
1669 1670 603
1670 1671 15
1671 1672 1833
1672 1673 513
1673 1674 514
1674 1675 1871
1675 1676 1535
1676 1677 1797
1677 1678 1561
1678 1679 547
1679 1680 36
1680 1681 1848
1681 1682 1509
1682 1683 1683
1683 1684 812
1684 1685 1861
1685 1686 1512
1686 1687 1529
1687 1688 627
1688 1689 511
1689 1690 552
1690 1691 1557
1691 1692 574
1692 1693 1855
1693 1694 1567
1694 1695 1600
1695 1696 1620
1696 1697 1615
1697 1698 1704
1698 1699 1740
1699 1700 1690
1700 1701 1752
1701 1702 1725
1702 1703 493
1703 1704 1727
1704 1705 606
1705 1706 1834
1706 1707 1514
1707 1708 1731
743 1708 623
1221 1709 1489
1709 1710 1142
1221 1710 187
1501 1711 1366
1711 1712 1271
1501 1712 18
1216 1713 946
1713 1714 1028
1216 1714 1955
1269 1715 341
1715 1716 751
1269 1716 884
1512 1717 998
1717 1718 932
1718 1719 431
1719 1720 645
1720 1721 1217
1721 1722 759
1722 1723 915
1723 1724 894
1724 1725 1378
1725 1726 880
1726 1727 1207
1727 1728 767
1728 1729 123
1729 1730 314
1730 1731 1995
1731 1732 1450
1732 1733 1226
1733 1734 1404
1734 1735 420
1735 1736 730
1736 1737 1420
1737 1738 1367
1738 1739 997
1739 1740 488
1740 1741 1368
1741 1742 652
1742 1743 1471
1743 1744 1395
1744 1745 1181
1745 1746 423
1746 1747 1337
1747 1748 1300
1748 1749 1244
1749 1750 1363
1750 1751 30
1751 1752 760
1752 1753 324
1753 1754 1357
1754 1755 897
1755 1756 269
1756 1757 916
1757 1758 1429
1758 1759 246
1759 1760 239
1760 1761 1425
1761 1762 1432
1762 1763 310
1763 1764 1904
1764 1765 1990
1765 1766 1324
1766 1767 772
1767 1768 216
1768 1769 1307
1769 1770 964
1770 1771 728
1771 1772 1334
1772 1773 1120
1773 1774 1967
1774 1775 214
1775 1776 1965
1776 1777 1161
1777 1778 1323
1778 1779 1049
1779 1780 1973
1780 1781 1159
1781 1782 1971
1782 1783 121
1783 1784 1121
1512 1784 226
1222 1785 480
1785 1786 427
1222 1786 841
1545 1787 105
1787 1788 2
1545 1788 206
1549 1789 11
1789 1790 1201
1549 1790 990
1377 1791 857
1791 1792 822
1377 1792 68
1207 1793 655
1793 1794 1956
1207 1794 1090
1433 1795 1256
1795 1796 1477
1433 1796 1174
1573 1797 1922
1797 1798 182
1573 1798 129
1273 1799 970
1799 1800 1348
1273 1800 133
