1192 1484
1 4 886
4 5 253
5 1 1130
4 6 1041
6 7 830
7 8 1280
8 9 78
9 10 401
10 8 1141
9 11 134
11 12 466
12 13 61
13 14 1308
14 15 1153
15 16 1342
16 17 1241
17 18 658
18 19 583
19 17 1302
18 20 699
20 21 870
21 22 96
22 23 1414
23 24 678
24 22 1206
24 25 64
25 26 144
26 27 711
27 25 801
27 28 477
28 29 1454
29 30 1167
30 31 1281
31 29 452
31 32 137
32 33 740
33 31 676
32 34 980
34 35 946
35 36 463
36 37 1054
37 38 1318
38 39 473
39 37 875
38 40 430
40 41 663
41 42 705
42 43 1042
43 44 1021
44 45 123
45 46 1317
46 44 1074
45 47 175
47 48 1149
48 45 1242
48 49 1137
49 50 953
50 51 327
51 52 637
52 53 486
53 54 12
54 55 72
55 53 182
54 56 26
56 57 652
57 54 75
56 58 1275
58 59 233
59 56 726
58 60 747
60 61 992
61 62 62
62 63 491
63 64 161
64 65 66
65 63 1432
65 66 573
66 67 7
67 65 1410
66 68 776
68 69 918
69 70 1477
70 71 126
71 72 1046
72 70 515
72 73 434
73 74 1166
74 75 1198
75 73 1346
74 76 995
76 77 1122
77 78 1136
78 79 345
79 80 1066
80 81 300
81 79 22
80 82 635
82 83 1180
83 84 517
84 82 1140
84 85 251
85 86 424
86 87 1000
87 85 242
87 88 820
88 89 246
89 90 108
90 91 107
91 92 1379
92 90 732
92 93 1391
93 94 621
94 95 269
95 96 1450
96 97 715
97 98 878
98 96 939
97 99 1079
99 100 1126
100 101 839
101 102 940
102 103 396
103 104 50
104 105 596
105 103 1215
105 106 83
106 107 1073
107 108 1188
108 109 1115
109 110 1403
110 111 891
111 109 438
110 112 714
112 113 10
113 114 1014
114 112 1274
114 115 35
115 116 449
116 114 266
116 117 439
117 118 1047
118 119 343
119 120 934
120 121 27
121 122 180
122 123 1452
123 124 1107
124 125 761
125 123 364
125 126 619
126 127 1321
127 128 1218
128 129 670
129 127 1309
128 130 1085
130 131 741
131 128 603
130 132 1415
132 133 1460
133 134 498
134 132 74
133 135 1465
135 136 361
136 137 1294
137 135 717
137 138 339
138 139 924
139 140 527
140 138 850
140 141 490
141 142 1117
142 143 1035
143 144 1236
144 145 258
145 146 53
146 147 759
147 145 733
146 148 673
148 149 779
149 150 145
150 151 363
151 149 63
151 152 443
152 153 537
153 151 1374
153 154 1392
154 155 1471
155 153 1044
155 156 959
156 157 1304
157 158 1287
158 159 278
159 160 931
160 161 704
161 162 202
162 163 665
163 164 1057
164 165 302
165 166 640
166 167 1161
167 168 584
168 169 195
169 170 769
170 168 919
170 171 753
171 172 929
172 170 577
171 173 395
173 174 1322
174 171 783
174 175 1201
175 176 1448
176 177 1482
177 178 1032
178 179 487
179 180 903
180 181 758
181 182 548
182 180 950
182 183 298
183 184 409
184 185 1156
185 186 773
186 187 742
187 185 1157
187 188 1019
188 189 407
189 190 942
190 188 348
189 191 420
191 192 326
192 189 255
192 193 68
193 194 1031
194 195 735
195 196 433
196 197 1051
197 195 503
197 198 816
198 199 273
199 200 344
200 201 104
201 202 400
202 200 986
201 203 1025
203 204 106
204 205 1300
205 203 567
205 206 1456
206 207 399
207 205 101
206 208 1348
208 209 2
209 210 495
210 211 232
211 209 1330
211 212 1425
212 213 174
213 214 913
214 215 606
215 213 1360
214 216 1320
216 217 360
217 218 628
218 216 1055
218 219 139
219 220 1254
220 221 1278
221 222 113
222 223 605
223 224 1246
224 225 659
225 223 240
225 226 1132
226 227 930
227 228 799
228 226 599
228 229 192
229 230 1162
230 228 1375
229 231 586
231 232 645
232 233 877
233 234 1045
234 235 415
235 236 876
236 237 455
237 235 1472
237 238 869
238 239 1114
239 237 1289
239 240 1184
240 241 1110
241 242 520
242 243 1015
243 241 863
242 244 1271
244 245 220
245 242 1423
245 246 95
246 247 476
247 248 198
248 246 342
247 249 377
249 250 1436
250 247 802
249 251 441
251 252 1256
252 253 1407
253 254 1303
254 252 1480
253 255 617
255 256 804
256 257 817
257 258 692
258 256 1163
258 259 532
259 260 547
260 261 589
261 259 1191
261 262 666
262 263 611
263 264 454
264 265 1003
265 266 1148
266 264 231
265 267 58
267 268 1353
268 269 904
269 270 1313
270 271 1327
271 272 690
272 270 1378
272 273 807
273 274 615
274 275 979
275 273 806
274 276 1315
276 277 166
277 278 467
278 279 507
279 280 303
280 281 142
281 282 241
282 283 93
283 281 701
282 284 1189
284 285 229
285 286 1036
286 287 1406
287 288 983
288 286 828
288 289 1024
289 290 457
290 291 376
291 292 770
292 293 1202
293 294 871
294 292 901
294 295 263
295 296 163
296 297 1138
297 298 181
298 299 149
299 300 791
300 301 1102
301 302 906
302 303 661
303 304 472
304 305 1370
305 306 647
306 304 1090
305 307 1127
307 308 1401
308 309 474
309 310 355
310 308 304
309 311 422
311 312 1210
312 309 687
312 313 1286
313 314 1096
314 312 601
313 315 1417
315 316 1341
316 313 1269
315 317 575
317 318 1224
318 315 669
318 319 494
319 320 963
320 318 938
319 321 974
321 322 1142
322 323 208
323 324 122
324 325 738
325 323 1253
325 326 250
326 327 243
327 328 8
328 329 1394
329 330 862
330 331 1467
331 332 1192
332 330 440
332 333 227
333 334 428
334 335 221
335 333 1144
334 336 1104
336 337 590
337 338 426
338 339 754
339 340 285
340 341 1238
341 342 1408
342 343 642
343 341 1383
342 344 230
344 345 1447
345 346 378
346 344 858
345 347 102
347 348 1048
348 349 413
349 350 1124
350 348 408
350 351 700
351 352 45
352 353 1319
353 351 1109
352 354 236
354 355 86
355 352 1422
355 356 1217
356 357 1334
357 358 132
358 359 140
359 357 406
359 360 307
360 361 481
361 362 183
362 363 1139
363 364 1033
364 365 1165
365 366 513
366 364 660
366 367 138
367 368 451
368 369 450
369 367 34
369 370 915
370 371 323
371 372 287
372 373 1193
373 374 354
374 375 1105
375 376 543
376 377 1179
377 378 1082
378 376 927
377 379 40
379 380 544
380 381 1293
381 382 11
382 383 340
383 381 1185
383 384 597
384 385 1474
385 386 634
386 387 369
387 388 43
388 389 375
389 390 1249
390 391 301
391 389 30
390 392 1056
392 393 1134
393 394 1437
394 392 442
394 395 1205
395 396 1264
396 397 1459
397 395 745
397 398 60
398 399 215
399 400 1461
400 398 1470
399 401 170
401 402 73
402 403 981
403 404 555
404 405 390
405 406 254
406 407 1233
407 408 1187
408 406 160
407 409 794
409 410 772
410 407 1091
410 411 1182
411 412 238
412 413 1288
413 411 724
412 414 1388
414 415 341
415 416 721
416 417 595
417 418 1084
418 419 1311
419 417 932
418 420 447
420 421 1261
421 422 85
422 423 1399
423 424 99
424 425 1125
425 423 1181
424 426 294
426 427 1325
427 428 768
428 429 1240
429 430 1087
430 431 1225
431 432 784
432 433 168
433 431 1133
433 434 788
434 435 1034
435 436 923
436 437 317
437 435 978
436 438 560
438 439 880
439 440 563
440 441 184
441 442 1173
442 443 569
443 444 1037
444 445 965
445 446 825
446 444 459
445 447 464
447 448 641
448 449 765
449 450 318
450 448 218
449 451 1016
451 452 564
452 453 651
453 454 1200
454 452 643
454 455 888
455 456 493
456 457 1430
457 455 1039
456 458 1424
458 459 879
459 460 534
460 461 805
461 462 675
462 463 536
463 464 550
464 465 1093
465 466 1146
466 467 248
467 465 1075
466 468 539
468 469 790
469 470 1135
470 468 623
469 471 77
471 472 1258
472 473 387
473 474 1227
474 472 207
473 475 1405
475 476 1365
476 477 818
477 478 1232
478 476 1453
478 479 18
479 480 201
480 481 1332
481 482 281
482 480 834
482 483 1395
483 484 319
484 482 412
483 485 925
485 486 1455
486 487 789
487 488 1195
488 489 509
489 487 124
488 490 469
490 491 1427
491 488 277
491 492 1234
492 493 383
493 491 994
493 494 157
494 495 1009
495 496 270
496 497 260
497 498 917
498 496 1113
497 499 1219
499 500 902
500 501 322
501 502 1393
502 503 814
503 501 627
503 504 335
504 505 683
505 503 312
505 506 1154
506 507 150
507 505 684
507 508 112
508 509 646
509 510 572
510 511 954
511 512 706
512 510 734
512 513 614
513 514 264
514 512 914
513 515 682
515 516 984
516 517 1421
517 515 762
517 518 471
518 519 97
519 517 1475
518 520 59
520 521 1397
521 522 750
522 523 199
523 521 545
523 524 418
524 525 553
525 523 1078
524 526 282
526 527 622
527 528 371
528 526 1337
527 529 813
529 530 1237
530 531 551
531 532 65
532 530 744
531 533 1053
533 534 1439
534 535 1369
535 533 961
535 536 17
536 537 272
537 538 448
538 536 368
537 539 945
539 540 46
540 541 856
541 539 196
540 542 321
542 543 1273
543 540 1196
543 544 389
544 545 153
545 543 949
545 546 1123
546 547 178
547 545 691
547 548 562
548 549 37
549 547 966
549 550 24
550 551 1441
551 552 1183
552 553 1030
553 551 630
552 554 616
554 555 620
555 552 920
555 556 1323
556 557 380
557 558 1458
558 556 826
557 559 332
559 560 674
560 561 315
561 562 956
562 560 1131
561 563 1380
563 564 787
564 565 1349
565 566 873
566 567 20
567 568 429
568 569 346
569 567 910
569 570 990
570 571 194
571 572 47
572 573 625
573 571 1386
573 574 1440
574 575 1373
575 573 1345
575 576 28
576 577 722
577 575 1119
577 578 133
578 579 115
579 577 1213
578 580 165
580 581 1176
581 578 944
580 582 1239
582 583 508
583 580 712
583 584 985
584 585 505
585 586 926
586 587 69
587 585 809
587 588 948
588 589 892
589 587 846
589 590 1306
590 591 110
591 589 177
590 592 626
592 593 235
593 594 1081
594 595 1145
595 596 397
596 597 1377
597 598 36
598 596 156
598 599 224
599 600 1070
600 601 653
601 602 485
602 603 752
603 601 70
602 604 1121
604 605 1463
605 606 639
606 604 1364
606 607 746
607 608 205
608 606 414
607 609 1481
609 610 1060
610 611 970
611 612 217
612 613 176
613 611 800
613 614 148
614 615 633
615 616 1352
616 614 1077
615 617 546
617 618 1221
618 615 1402
617 619 522
619 620 203
620 617 356
619 621 905
621 622 500
622 623 223
623 624 1088
624 622 851
623 625 80
625 626 1409
626 627 1413
627 625 179
626 628 785
628 629 1279
629 630 1426
630 628 210
629 631 526
631 632 780
632 629 1128
632 633 696
633 634 529
634 635 593
635 633 570
635 636 365
636 637 1357
637 638 1103
638 639 499
639 637 951
638 640 1212
640 641 1013
641 638 972
640 642 276
642 643 760
643 644 29
644 645 306
645 646 853
646 644 313
645 647 561
647 648 337
648 645 334
647 649 971
649 650 727
650 651 1350
651 652 1086
652 650 857
652 653 649
653 654 613
654 652 1029
653 655 239
655 656 314
656 657 580
657 655 1108
657 658 105
658 659 1438
659 660 1283
660 658 933
659 661 1411
661 662 542
662 659 689
662 663 1071
663 664 352
664 662 866
664 665 5
665 666 1361
666 667 1061
667 668 1476
668 669 587
669 667 1063
669 670 1466
670 671 1297
671 669 935
670 672 120
672 673 1018
673 674 855
674 675 1355
675 676 1098
676 677 1270
677 675 1171
676 678 730
678 679 1316
679 676 952
679 680 1266
680 681 169
681 682 775
682 680 937
682 683 803
683 684 897
684 685 841
685 686 664
686 684 812
685 687 423
687 688 1092
688 689 1314
689 687 1100
688 690 403
690 691 296
691 692 1186
692 693 1230
693 691 829
692 694 911
694 695 1008
695 696 289
696 694 21
696 697 358
697 698 1368
698 696 698
698 699 1257
699 700 44
700 698 286
700 701 283
701 702 116
702 703 559
703 704 535
704 705 1307
705 706 1260
706 704 997
706 707 1172
707 708 916
708 709 1
709 710 1298
710 708 554
710 711 1301
711 712 1305
712 713 131
713 711 729
712 714 1106
714 715 1358
715 716 1199
716 714 1049
715 717 854
717 718 1255
718 719 1065
719 720 1150
720 721 359
721 719 610
720 722 216
722 723 329
723 720 771
722 724 367
724 725 1143
725 726 1190
726 727 1398
727 725 702
727 728 867
728 729 1428
729 730 259
730 731 629
731 732 453
732 733 885
733 734 607
734 732 81
734 735 204
735 736 685
736 737 1101
737 738 1295
738 739 531
739 737 167
738 740 591
740 741 725
741 742 462
742 743 1418
743 744 206
744 745 275
745 746 193
746 747 512
747 748 823
748 749 143
749 750 838
750 748 1444
750 751 852
751 752 392
752 753 117
753 754 121
754 755 1175
755 756 228
756 757 1420
757 758 719
758 759 662
759 760 39
760 761 1178
761 762 728
762 763 671
763 761 219
762 764 795
764 765 848
765 766 57
766 767 624
767 768 977
768 769 693
769 770 1376
770 771 1347
771 772 189
772 773 1017
773 771 657
773 774 1072
774 775 391
775 773 1050
775 776 541
776 777 677
777 775 1197
776 778 1371
778 779 1324
779 780 757
780 778 808
779 781 798
781 782 1174
782 783 393
783 784 1204
784 785 1457
785 786 955
786 787 533
787 785 336
786 788 38
788 789 492
789 786 1282
788 790 351
790 791 631
791 792 723
792 790 244
792 793 1468
793 794 1011
794 795 1243
795 793 703
794 796 1028
796 797 71
797 798 1291
798 799 602
799 800 90
800 798 1362
799 801 883
801 802 1116
802 803 1010
803 804 103
804 805 1012
805 803 1335
804 806 324
806 807 1367
807 808 1469
808 806 1268
808 809 1170
809 810 868
810 808 604
810 811 999
811 812 988
812 813 1001
813 814 797
814 815 135
815 813 295
815 816 549
816 817 960
817 815 840
816 818 226
818 819 1252
819 820 49
820 821 1344
821 822 1089
822 823 353
823 824 245
824 822 1351
824 825 1404
825 826 991
826 827 815
827 825 681
826 828 234
828 829 214
829 830 445
830 828 530
830 831 172
831 832 349
832 833 540
833 834 1209
834 835 557
835 833 1152
835 836 4
836 837 48
837 835 1168
837 838 188
838 839 284
839 840 84
840 838 141
839 841 425
841 842 896
842 843 964
843 844 237
844 842 1129
843 845 654
845 846 41
846 847 265
847 845 478
847 848 197
848 849 1216
849 850 1336
850 851 756
851 852 832
852 853 1147
853 854 835
854 855 1203
855 856 899
856 854 94
855 857 1263
857 858 1229
858 859 1160
859 860 743
860 858 827
859 861 962
861 862 127
862 863 52
863 864 568
864 862 1244
864 865 764
865 866 644
866 864 118
866 867 1207
867 868 736
868 869 461
869 867 1431
869 870 510
870 871 155
871 872 811
872 870 524
872 873 774
873 874 1023
874 875 372
875 876 501
876 877 859
877 875 565
877 878 1226
878 879 1155
879 880 382
880 881 1354
881 882 843
882 883 1442
883 881 861
882 884 921
884 885 366
885 886 793
886 887 411
887 888 458
888 889 893
889 890 147
890 891 819
891 892 432
892 893 293
893 891 1389
893 894 1250
894 895 608
895 893 290
894 896 129
896 897 998
897 898 171
898 896 1329
898 899 713
899 900 1339
900 898 748
900 901 91
901 902 672
902 903 427
903 904 518
904 905 119
905 903 373
905 906 786
906 907 1052
907 908 3
908 909 694
909 910 274
910 908 528
910 911 479
911 912 571
912 910 92
912 913 56
913 914 362
914 915 444
915 913 100
914 916 9
916 917 394
917 918 907
918 916 410
918 919 737
919 920 566
920 921 1062
921 922 325
922 923 54
923 924 900
924 925 1478
925 926 1040
926 924 14
926 927 618
927 928 1095
928 929 222
929 930 225
930 928 1340
930 931 1259
931 932 1069
932 933 200
933 934 279
934 935 316
935 936 1363
936 937 446
937 935 87
937 938 32
938 939 1043
939 940 1446
940 941 1007
941 942 845
942 943 884
943 944 538
944 945 973
945 946 941
946 947 718
947 948 1343
948 946 947
947 949 460
949 950 98
950 951 519
951 952 502
952 953 680
953 951 292
953 954 468
954 955 864
955 956 497
956 957 128
957 958 347
958 956 908
958 959 320
959 960 405
960 961 456
961 962 1310
962 963 594
963 964 668
964 965 967
965 963 88
965 966 895
966 967 552
967 965 211
966 968 357
968 969 1064
969 970 975
970 971 482
971 972 25
972 973 1080
973 971 1429
972 974 1038
974 975 379
975 976 1276
976 977 796
977 978 716
978 976 1245
978 979 125
979 980 1058
980 981 436
981 982 152
982 983 609
983 984 1382
984 985 766
985 986 1285
986 987 1248
987 988 388
988 989 525
989 990 1094
990 991 576
991 992 1462
992 993 1068
993 994 865
994 992 1356
994 995 581
995 996 496
996 994 600
995 997 1387
997 998 173
998 995 650
998 999 416
999 1000 720
1000 1001 523
1001 1002 16
1002 1000 55
1001 1003 989
1003 1004 1076
1004 1001 1214
1004 1005 271
1005 1006 1312
1006 1004 1223
1006 1007 475
1007 1008 1112
1008 1006 1400
1008 1009 1020
1009 1010 398
1010 1011 267
1011 1012 898
1012 1010 308
1011 1013 874
1013 1014 574
1014 1015 1159
1015 1013 882
1014 1016 514
1016 1017 1331
1017 1014 1067
1017 1018 483
1018 1019 1292
1019 1017 849
1018 1020 1451
1020 1021 1006
1021 1022 386
1022 1020 844
1022 1023 297
1023 1024 1443
1024 1025 667
1025 1023 136
1025 1026 67
1026 1027 1211
1027 1025 1326
1027 1028 268
1028 1029 781
1029 1027 6
1029 1030 33
1030 1031 982
1031 1029 822
1030 1032 1479
1032 1033 1222
1033 1034 381
1034 1035 191
1035 1033 504
1034 1036 291
1036 1037 1372
1037 1038 993
1038 1039 1265
1039 1040 465
1040 1038 164
1039 1041 922
1041 1042 1359
1042 1043 837
1043 1041 887
1043 1044 1384
1044 1045 247
1045 1046 889
1046 1047 19
1047 1048 310
1048 1049 190
1049 1050 890
1050 1048 731
1050 1051 881
1051 1052 13
1052 1053 154
1053 1051 1194
1052 1054 511
1054 1055 1247
1055 1056 330
1056 1057 860
1057 1058 338
1058 1056 847
1058 1059 51
1059 1060 42
1060 1061 431
1061 1062 262
1062 1060 151
1061 1063 209
1063 1064 686
1064 1065 969
1065 1066 521
1066 1067 1277
1067 1068 331
1068 1069 1484
1069 1067 1118
1069 1070 256
1070 1071 1262
1071 1069 585
1070 1072 1390
1072 1073 437
1073 1074 1002
1074 1075 1059
1075 1073 648
1074 1076 1385
1076 1077 1120
1077 1078 1158
1078 1076 385
1077 1079 15
1079 1080 1177
1080 1081 1022
1081 1079 710
1080 1082 89
1082 1083 958
1083 1080 252
1082 1084 697
1084 1085 810
1085 1086 1026
1086 1087 763
1087 1088 328
1088 1089 1097
1089 1090 842
1090 1088 1231
1090 1091 792
1091 1092 894
1092 1093 1296
1093 1094 261
1094 1095 831
1095 1093 996
1095 1096 1164
1096 1097 751
1097 1098 579
1098 1099 1464
1099 1097 1004
1098 1100 872
1100 1101 656
1101 1102 370
1102 1103 968
1103 1104 1290
1104 1105 709
1105 1103 185
1105 1106 280
1106 1107 957
1107 1105 739
1106 1108 333
1108 1109 109
1109 1110 695
1110 1111 1449
1111 1112 1220
1112 1110 419
1112 1113 1299
1113 1114 1338
1114 1115 707
1115 1116 1235
1116 1117 506
1117 1118 1111
1118 1119 1333
1119 1120 111
1120 1118 186
1120 1121 612
1121 1122 402
1122 1120 588
1121 1123 1434
1123 1124 638
1124 1121 909
1124 1125 516
1125 1126 1251
1126 1124 374
1126 1127 767
1127 1128 130
1128 1126 1027
1127 1129 578
1129 1130 350
1130 1131 309
1131 1132 417
1132 1133 777
1133 1134 79
1134 1132 824
1134 1135 1445
1135 1136 778
1136 1137 23
1137 1135 158
1137 1138 1473
1138 1139 384
1139 1140 928
1140 1141 1435
1141 1142 943
1142 1143 632
1143 1144 435
1144 1145 299
1145 1143 558
1145 1146 257
1146 1147 782
1147 1145 598
1147 1148 912
1148 1149 1208
1149 1147 556
1149 1150 1083
1150 1151 76
1151 1149 1483
1150 1152 1396
1152 1153 1419
1153 1150 305
1152 1154 480
1154 1155 821
1155 1156 655
1156 1157 708
1157 1158 679
1158 1159 1099
1159 1157 1272
1159 1160 936
1160 1161 1412
1161 1162 1169
1162 1163 421
1163 1164 212
1164 1165 1381
1165 1166 114
1166 1164 1267
1165 1167 146
1167 1168 582
1168 1169 31
1169 1170 592
1170 1171 249
1171 1172 976
1172 1173 688
1173 1174 484
1174 1175 159
1175 1173 488
1174 1176 1228
1176 1177 749
1177 1178 1366
1178 1179 162
1179 1180 836
1180 1181 404
1181 1182 987
1182 1183 1005
1183 1181 489
1183 1184 187
1184 1185 288
1185 1186 1416
1186 1187 470
1187 1185 636
1187 1188 833
1188 1189 82
1189 1187 1151
1189 1190 1284
1190 1191 311
1191 1189 755
1191 2 213
306 3 1433
1191 1192 1328
