1003 1002
1 4 502
4 5 503
5 6 504
6 7 505
7 8 506
8 9 507
9 10 508
10 11 509
11 12 510
12 13 511
13 14 512
14 15 513
15 16 514
16 17 515
17 18 516
18 19 517
19 20 518
20 21 519
21 22 520
22 23 521
23 24 522
24 25 523
25 26 524
26 27 525
27 28 526
28 29 527
29 30 528
30 31 529
31 32 530
32 33 531
33 34 532
34 35 533
35 36 534
36 37 535
37 38 536
38 39 537
39 40 538
40 41 539
41 42 540
42 43 541
43 44 542
44 45 543
45 46 544
46 47 545
47 48 546
48 49 547
49 50 548
50 51 549
51 52 550
52 53 551
53 54 552
54 55 553
55 56 554
56 57 555
57 58 556
58 59 557
59 60 558
60 61 559
61 62 560
62 63 561
63 64 562
64 65 563
65 66 564
66 67 565
67 68 566
68 69 567
69 70 568
70 71 569
71 72 570
72 73 571
73 74 572
74 75 573
75 76 574
76 77 575
77 78 576
78 79 577
79 80 578
80 81 579
81 82 580
82 83 581
83 84 582
84 85 583
85 86 584
86 87 585
87 88 586
88 89 587
89 90 588
90 91 589
91 92 590
92 93 591
93 94 592
94 95 593
95 96 594
96 97 595
97 98 596
98 99 597
99 100 598
100 101 599
101 102 600
102 103 601
103 104 602
104 105 603
105 106 604
106 107 605
107 108 606
108 109 607
109 110 608
110 111 609
111 112 610
112 113 611
113 114 612
114 115 613
115 116 614
116 117 615
117 118 616
118 119 617
119 120 618
120 121 619
121 122 620
122 123 621
123 124 622
124 125 623
125 126 624
126 127 625
127 128 626
128 129 627
129 130 628
130 131 629
131 132 630
132 133 631
133 134 632
134 135 633
135 136 634
136 137 635
137 138 636
138 139 637
139 140 638
140 141 639
141 142 640
142 143 641
143 144 642
144 145 643
145 146 644
146 147 645
147 148 646
148 149 647
149 150 648
150 151 649
151 152 650
152 153 651
153 154 652
154 155 653
155 156 654
156 157 655
157 158 656
158 159 657
159 160 658
160 161 659
161 162 660
162 163 661
163 164 662
164 165 663
165 166 664
166 167 665
167 168 666
168 169 667
169 170 668
170 171 669
171 172 670
172 173 671
173 174 672
174 175 673
175 176 674
176 177 675
177 178 676
178 179 677
179 180 678
180 181 679
181 182 680
182 183 681
183 184 682
184 185 683
185 186 684
186 187 685
187 188 686
188 189 687
189 190 688
190 191 689
191 192 690
192 193 691
193 194 692
194 195 693
195 196 694
196 197 695
197 198 696
198 199 697
199 200 698
200 201 699
201 202 700
202 203 701
203 204 702
204 205 703
205 206 704
206 207 705
207 208 706
208 209 707
209 210 708
210 211 709
211 212 710
212 213 711
213 214 712
214 215 713
215 216 714
216 217 715
217 218 716
218 219 717
219 220 718
220 221 719
221 222 720
222 223 721
223 224 722
224 225 723
225 226 724
226 227 725
227 228 726
228 229 727
229 230 728
230 231 729
231 232 730
232 233 731
233 234 732
234 235 733
235 236 734
236 237 735
237 238 736
238 239 737
239 240 738
240 241 739
241 242 740
242 243 741
243 244 742
244 245 743
245 246 744
246 247 745
247 248 746
248 249 747
249 250 748
250 251 749
251 252 750
252 253 751
253 254 752
254 255 753
255 256 754
256 257 755
257 258 756
258 259 757
259 260 758
260 261 759
261 262 760
262 263 761
263 264 762
264 265 763
265 266 764
266 267 765
267 268 766
268 269 767
269 270 768
270 271 769
271 272 770
272 273 771
273 274 772
274 275 773
275 276 774
276 277 775
277 278 776
278 279 777
279 280 778
280 281 779
281 282 780
282 283 781
283 284 782
284 285 783
285 286 784
286 287 785
287 288 786
288 289 787
289 290 788
290 291 789
291 292 790
292 293 791
293 294 792
294 295 793
295 296 794
296 297 795
297 298 796
298 299 797
299 300 798
300 301 799
301 302 800
302 303 801
303 304 802
304 305 803
305 306 804
306 307 805
307 308 806
308 309 807
309 310 808
310 311 809
311 312 810
312 313 811
313 314 812
314 315 813
315 316 814
316 317 815
317 318 816
318 319 817
319 320 818
320 321 819
321 322 820
322 323 821
323 324 822
324 325 823
325 326 824
326 327 825
327 328 826
328 329 827
329 330 828
330 331 829
331 332 830
332 333 831
333 334 832
334 335 833
335 336 834
336 337 835
337 338 836
338 339 837
339 340 838
340 341 839
341 342 840
342 343 841
343 344 842
344 345 843
345 346 844
346 347 845
347 348 846
348 349 847
349 350 848
350 351 849
351 352 850
352 353 851
353 354 852
354 355 853
355 356 854
356 357 855
357 358 856
358 359 857
359 360 858
360 361 859
361 362 860
362 363 861
363 364 862
364 365 863
365 366 864
366 367 865
367 368 866
368 369 867
369 370 868
370 371 869
371 372 870
372 373 871
373 374 872
374 375 873
375 376 874
376 377 875
377 378 876
378 379 877
379 380 878
380 381 879
381 382 880
382 383 881
383 384 882
384 385 883
385 386 884
386 387 885
387 388 886
388 389 887
389 390 888
390 391 889
391 392 890
392 393 891
393 394 892
394 395 893
395 396 894
396 397 895
397 398 896
398 399 897
399 400 898
400 401 899
401 402 900
402 403 901
403 404 902
404 405 903
405 406 904
406 407 905
407 408 906
408 409 907
409 410 908
410 411 909
411 412 910
412 413 911
413 414 912
414 415 913
415 416 914
416 417 915
417 418 916
418 419 917
419 420 918
420 421 919
421 422 920
422 423 921
423 424 922
424 425 923
425 426 924
426 427 925
427 428 926
428 429 927
429 430 928
430 431 929
431 432 930
432 433 931
433 434 932
434 435 933
435 436 934
436 437 935
437 438 936
438 439 937
439 440 938
440 441 939
441 442 940
442 443 941
443 444 942
444 445 943
445 446 944
446 447 945
447 448 946
448 449 947
449 450 948
450 451 949
451 452 950
452 453 951
453 454 952
454 455 953
455 456 954
456 457 955
457 458 956
458 459 957
459 460 958
460 461 959
461 462 960
462 463 961
463 464 962
464 465 963
465 466 964
466 467 965
467 468 966
468 469 967
469 470 968
470 471 969
471 472 970
472 473 971
473 474 972
474 475 973
475 476 974
476 477 975
477 478 976
478 479 977
479 480 978
480 481 979
481 482 980
482 483 981
483 484 982
484 485 983
485 486 984
486 487 985
487 488 986
488 489 987
489 490 988
490 491 989
491 492 990
492 493 991
493 494 992
494 495 993
495 496 994
496 497 995
497 498 996
498 499 997
499 500 998
500 501 999
501 502 1000
502 503 1001
503 2 1002
1 504 1
504 505 2
505 506 3
506 507 4
507 508 5
508 509 6
509 510 7
510 511 8
511 512 9
512 513 10
513 514 11
514 515 12
515 516 13
516 517 14
517 518 15
518 519 16
519 520 17
520 521 18
521 522 19
522 523 20
523 524 21
524 525 22
525 526 23
526 527 24
527 528 25
528 529 26
529 530 27
530 531 28
531 532 29
532 533 30
533 534 31
534 535 32
535 536 33
536 537 34
537 538 35
538 539 36
539 540 37
540 541 38
541 542 39
542 543 40
543 544 41
544 545 42
545 546 43
546 547 44
547 548 45
548 549 46
549 550 47
550 551 48
551 552 49
552 553 50
553 554 51
554 555 52
555 556 53
556 557 54
557 558 55
558 559 56
559 560 57
560 561 58
561 562 59
562 563 60
563 564 61
564 565 62
565 566 63
566 567 64
567 568 65
568 569 66
569 570 67
570 571 68
571 572 69
572 573 70
573 574 71
574 575 72
575 576 73
576 577 74
577 578 75
578 579 76
579 580 77
580 581 78
581 582 79
582 583 80
583 584 81
584 585 82
585 586 83
586 587 84
587 588 85
588 589 86
589 590 87
590 591 88
591 592 89
592 593 90
593 594 91
594 595 92
595 596 93
596 597 94
597 598 95
598 599 96
599 600 97
600 601 98
601 602 99
602 603 100
603 604 101
604 605 102
605 606 103
606 607 104
607 608 105
608 609 106
609 610 107
610 611 108
611 612 109
612 613 110
613 614 111
614 615 112
615 616 113
616 617 114
617 618 115
618 619 116
619 620 117
620 621 118
621 622 119
622 623 120
623 624 121
624 625 122
625 626 123
626 627 124
627 628 125
628 629 126
629 630 127
630 631 128
631 632 129
632 633 130
633 634 131
634 635 132
635 636 133
636 637 134
637 638 135
638 639 136
639 640 137
640 641 138
641 642 139
642 643 140
643 644 141
644 645 142
645 646 143
646 647 144
647 648 145
648 649 146
649 650 147
650 651 148
651 652 149
652 653 150
653 654 151
654 655 152
655 656 153
656 657 154
657 658 155
658 659 156
659 660 157
660 661 158
661 662 159
662 663 160
663 664 161
664 665 162
665 666 163
666 667 164
667 668 165
668 669 166
669 670 167
670 671 168
671 672 169
672 673 170
673 674 171
674 675 172
675 676 173
676 677 174
677 678 175
678 679 176
679 680 177
680 681 178
681 682 179
682 683 180
683 684 181
684 685 182
685 686 183
686 687 184
687 688 185
688 689 186
689 690 187
690 691 188
691 692 189
692 693 190
693 694 191
694 695 192
695 696 193
696 697 194
697 698 195
698 699 196
699 700 197
700 701 198
701 702 199
702 703 200
703 704 201
704 705 202
705 706 203
706 707 204
707 708 205
708 709 206
709 710 207
710 711 208
711 712 209
712 713 210
713 714 211
714 715 212
715 716 213
716 717 214
717 718 215
718 719 216
719 720 217
720 721 218
721 722 219
722 723 220
723 724 221
724 725 222
725 726 223
726 727 224
727 728 225
728 729 226
729 730 227
730 731 228
731 732 229
732 733 230
733 734 231
734 735 232
735 736 233
736 737 234
737 738 235
738 739 236
739 740 237
740 741 238
741 742 239
742 743 240
743 744 241
744 745 242
745 746 243
746 747 244
747 748 245
748 749 246
749 750 247
750 751 248
751 752 249
752 753 250
753 754 251
754 755 252
755 756 253
756 757 254
757 758 255
758 759 256
759 760 257
760 761 258
761 762 259
762 763 260
763 764 261
764 765 262
765 766 263
766 767 264
767 768 265
768 769 266
769 770 267
770 771 268
771 772 269
772 773 270
773 774 271
774 775 272
775 776 273
776 777 274
777 778 275
778 779 276
779 780 277
780 781 278
781 782 279
782 783 280
783 784 281
784 785 282
785 786 283
786 787 284
787 788 285
788 789 286
789 790 287
790 791 288
791 792 289
792 793 290
793 794 291
794 795 292
795 796 293
796 797 294
797 798 295
798 799 296
799 800 297
800 801 298
801 802 299
802 803 300
803 804 301
804 805 302
805 806 303
806 807 304
807 808 305
808 809 306
809 810 307
810 811 308
811 812 309
812 813 310
813 814 311
814 815 312
815 816 313
816 817 314
817 818 315
818 819 316
819 820 317
820 821 318
821 822 319
822 823 320
823 824 321
824 825 322
825 826 323
826 827 324
827 828 325
828 829 326
829 830 327
830 831 328
831 832 329
832 833 330
833 834 331
834 835 332
835 836 333
836 837 334
837 838 335
838 839 336
839 840 337
840 841 338
841 842 339
842 843 340
843 844 341
844 845 342
845 846 343
846 847 344
847 848 345
848 849 346
849 850 347
850 851 348
851 852 349
852 853 350
853 854 351
854 855 352
855 856 353
856 857 354
857 858 355
858 859 356
859 860 357
860 861 358
861 862 359
862 863 360
863 864 361
864 865 362
865 866 363
866 867 364
867 868 365
868 869 366
869 870 367
870 871 368
871 872 369
872 873 370
873 874 371
874 875 372
875 876 373
876 877 374
877 878 375
878 879 376
879 880 377
880 881 378
881 882 379
882 883 380
883 884 381
884 885 382
885 886 383
886 887 384
887 888 385
888 889 386
889 890 387
890 891 388
891 892 389
892 893 390
893 894 391
894 895 392
895 896 393
896 897 394
897 898 395
898 899 396
899 900 397
900 901 398
901 902 399
902 903 400
903 904 401
904 905 402
905 906 403
906 907 404
907 908 405
908 909 406
909 910 407
910 911 408
911 912 409
912 913 410
913 914 411
914 915 412
915 916 413
916 917 414
917 918 415
918 919 416
919 920 417
920 921 418
921 922 419
922 923 420
923 924 421
924 925 422
925 926 423
926 927 424
927 928 425
928 929 426
929 930 427
930 931 428
931 932 429
932 933 430
933 934 431
934 935 432
935 936 433
936 937 434
937 938 435
938 939 436
939 940 437
940 941 438
941 942 439
942 943 440
943 944 441
944 945 442
945 946 443
946 947 444
947 948 445
948 949 446
949 950 447
950 951 448
951 952 449
952 953 450
953 954 451
954 955 452
955 956 453
956 957 454
957 958 455
958 959 456
959 960 457
960 961 458
961 962 459
962 963 460
963 964 461
964 965 462
965 966 463
966 967 464
967 968 465
968 969 466
969 970 467
970 971 468
971 972 469
972 973 470
973 974 471
974 975 472
975 976 473
976 977 474
977 978 475
978 979 476
979 980 477
980 981 478
981 982 479
982 983 480
983 984 481
984 985 482
985 986 483
986 987 484
987 988 485
988 989 486
989 990 487
990 991 488
991 992 489
992 993 490
993 994 491
994 995 492
995 996 493
996 997 494
997 998 495
998 999 496
999 1000 497
1000 1001 498
1001 1002 499
1002 1003 500
1003 3 501
