1505 1504
1 4 372
4 5 481
5 6 170
6 7 408
7 8 188
8 9 200
9 10 95
10 11 44
11 12 397
12 13 388
13 14 332
14 15 237
15 16 28
16 17 212
17 18 316
18 19 133
19 20 201
20 21 70
21 22 159
22 23 335
23 24 227
24 25 54
25 26 153
26 27 303
27 28 255
28 29 311
29 30 121
30 31 13
31 32 273
32 33 81
33 34 258
34 35 422
35 36 467
36 37 50
37 38 494
38 39 495
39 40 205
40 41 348
41 42 243
42 43 154
43 44 380
44 45 158
45 46 274
46 47 8
47 48 195
48 49 450
49 50 203
50 51 157
51 52 352
52 53 34
53 54 120
54 55 463
55 56 77
56 57 22
57 58 357
58 59 480
59 60 407
60 61 146
61 62 285
62 63 161
63 64 275
64 65 466
65 66 198
66 67 359
67 68 99
68 69 457
69 70 292
70 71 177
71 72 118
72 73 18
73 74 132
74 75 178
75 76 94
76 77 221
77 78 336
78 79 475
79 80 53
80 81 286
81 82 207
82 83 282
83 84 30
84 85 434
85 86 222
86 87 224
87 88 426
88 89 230
89 90 168
90 91 202
91 92 248
92 93 250
93 94 340
94 95 377
95 96 290
96 97 73
97 98 7
98 99 257
99 100 246
100 101 360
101 102 65
102 103 130
103 104 428
104 105 265
105 106 497
106 107 399
107 108 278
108 109 312
109 110 110
110 111 381
111 112 499
112 113 107
113 114 114
114 115 148
115 116 418
116 117 111
117 118 310
118 119 300
119 120 338
120 121 69
121 122 217
122 123 51
123 124 27
124 125 220
125 126 436
126 127 304
127 128 412
128 129 328
129 130 363
130 131 431
131 132 301
132 133 100
133 134 156
134 135 71
135 136 16
136 137 175
137 138 281
138 139 356
139 140 189
140 141 171
141 142 430
142 143 492
143 144 1504
144 145 253
145 146 382
146 147 396
147 148 391
148 149 58
149 150 321
150 151 112
151 152 472
152 153 254
153 154 331
154 155 226
155 156 23
156 157 40
157 158 390
158 159 131
159 160 48
160 161 42
161 162 19
162 163 173
163 164 60
164 165 167
165 166 468
166 167 345
167 168 403
168 169 365
169 170 162
170 171 87
171 172 353
172 173 3
173 174 138
174 175 398
175 176 160
176 177 347
177 178 134
178 179 184
179 180 68
180 181 72
181 182 383
182 183 500
183 184 283
184 185 194
185 186 371
186 187 176
187 188 440
188 189 249
189 190 477
190 191 5
191 192 137
192 193 384
193 194 355
194 195 462
195 196 493
196 197 182
197 198 45
198 199 270
199 200 267
200 201 63
201 202 260
202 203 6
203 204 17
204 205 88
205 206 47
206 207 341
207 208 37
208 209 294
209 210 79
210 211 393
211 212 225
212 213 314
213 214 333
214 215 14
215 216 361
216 217 369
217 218 329
218 219 483
219 220 119
220 221 245
221 222 464
222 223 122
223 224 74
224 225 83
225 226 455
226 227 84
227 228 209
228 229 152
229 230 21
230 231 324
231 232 277
232 233 86
233 234 424
234 235 330
235 236 387
236 237 389
237 238 320
238 239 385
239 240 12
240 241 366
241 242 349
242 243 447
243 244 420
244 245 446
245 246 39
246 247 343
247 248 218
248 249 97
249 250 501
250 251 89
251 252 186
252 253 90
253 254 401
254 255 410
255 256 142
256 257 150
257 258 25
258 259 315
259 260 96
260 261 31
261 262 325
262 263 199
263 264 486
264 265 373
265 266 425
266 267 437
267 268 102
268 269 395
269 270 197
270 271 489
271 272 488
272 273 196
273 274 416
274 275 404
275 276 29
276 277 43
277 278 61
278 279 308
279 280 229
280 281 105
281 282 334
282 283 358
283 284 135
284 285 80
285 286 181
286 287 296
287 288 59
288 289 78
289 290 313
290 291 319
291 292 307
292 293 93
293 294 299
294 295 67
295 296 342
296 297 206
297 298 496
298 299 284
299 300 469
300 301 429
301 302 291
302 303 116
303 304 129
304 305 491
305 306 24
306 307 124
307 308 327
308 309 339
309 310 289
310 311 276
311 312 346
312 313 115
313 314 26
314 315 106
315 316 287
316 317 210
317 318 256
318 319 15
319 320 405
320 321 470
321 322 288
322 323 235
323 324 147
324 325 459
325 326 362
326 327 228
327 328 259
328 329 427
329 330 305
330 331 126
331 332 215
332 333 232
333 334 151
334 335 11
335 336 211
336 337 279
337 338 20
338 339 75
339 340 460
340 341 117
341 342 306
342 343 91
343 344 204
344 345 293
345 346 244
346 347 394
347 348 164
348 349 309
349 350 174
350 351 38
351 352 239
352 353 474
353 354 490
354 355 49
355 356 169
356 357 433
357 358 191
358 359 136
359 360 55
360 361 280
361 362 64
362 363 98
363 364 213
364 365 323
365 366 127
366 367 438
367 368 166
368 369 238
369 370 452
370 371 442
371 372 214
372 373 441
373 374 183
374 375 1
375 376 262
376 377 414
377 378 379
378 379 392
379 380 92
380 381 406
381 382 375
382 383 41
383 384 108
384 385 143
385 386 179
386 387 190
387 388 236
388 389 454
389 390 233
390 391 10
391 392 234
392 393 155
393 394 145
394 395 376
395 396 208
396 397 344
397 398 266
398 399 144
399 400 9
400 401 172
401 402 104
402 403 413
403 404 251
404 405 443
405 406 165
406 407 272
407 408 317
408 409 378
409 410 57
410 411 4
411 412 415
412 413 252
413 414 465
414 415 125
415 416 400
416 417 374
417 418 409
418 419 271
419 420 456
420 421 113
421 422 421
422 423 241
423 424 419
424 425 32
425 426 448
426 427 231
427 428 263
428 429 85
429 430 326
430 431 101
431 432 298
432 433 139
433 434 128
434 435 487
435 436 354
436 437 82
437 438 482
438 439 123
439 440 264
440 441 364
441 442 473
442 443 185
443 444 370
444 445 368
445 446 402
446 447 478
447 448 479
448 449 242
449 450 240
450 451 423
451 452 453
452 453 46
453 454 461
454 455 367
455 456 449
456 457 386
457 458 223
458 459 417
459 460 66
460 461 485
461 462 322
462 463 337
463 464 451
464 465 192
465 466 52
466 467 219
467 468 411
468 469 62
469 470 33
470 471 163
471 472 297
472 473 318
473 474 484
474 475 149
475 476 439
476 477 350
477 478 76
478 479 498
479 480 187
480 481 444
481 482 445
482 483 56
483 484 2
484 485 435
485 486 216
486 487 471
487 488 458
488 489 261
489 490 432
490 491 269
491 492 268
492 493 351
493 494 302
494 495 140
495 496 193
496 497 35
497 498 36
498 499 295
499 500 103
500 501 476
501 502 109
502 503 180
503 2 247
1 504 1003
504 505 1004
505 506 1005
506 507 1006
507 508 1007
508 509 1008
509 510 1009
510 511 1010
511 512 1011
512 513 1012
513 514 1013
514 515 1014
515 516 1015
516 517 1016
517 518 1017
518 519 1018
519 520 1019
520 521 1020
521 522 1021
522 523 1022
523 524 1023
524 525 1024
525 526 1025
526 527 1026
527 528 1027
528 529 1028
529 530 1029
530 531 1030
531 532 1031
532 533 1032
533 534 1033
534 535 1034
535 536 1035
536 537 1036
537 538 1037
538 539 1038
539 540 1039
540 541 1040
541 542 1041
542 543 1042
543 544 1043
544 545 1044
545 546 1045
546 547 1046
547 548 1047
548 549 1048
549 550 1049
550 551 1050
551 552 1051
552 553 1052
553 554 1053
554 555 1054
555 556 1055
556 557 1056
557 558 1057
558 559 1058
559 560 1059
560 561 1060
561 562 1061
562 563 1062
563 564 1063
564 565 1064
565 566 1065
566 567 1066
567 568 1067
568 569 1068
569 570 1069
570 571 1070
571 572 1071
572 573 1072
573 574 1073
574 575 1074
575 576 1075
576 577 1076
577 578 1077
578 579 1078
579 580 1079
580 581 1080
581 582 1081
582 583 1082
583 584 1083
584 585 1084
585 586 1085
586 587 1086
587 588 1087
588 589 1088
589 590 1089
590 591 1090
591 592 1091
592 593 1092
593 594 1093
594 595 1094
595 596 1095
596 597 1096
597 598 1097
598 599 1098
599 600 1099
600 601 1100
601 602 1101
602 603 1102
603 604 1103
604 605 1104
605 606 1105
606 607 1106
607 608 1107
608 609 1108
609 610 1109
610 611 1110
611 612 1111
612 613 1112
613 614 1113
614 615 1114
615 616 1115
616 617 1116
617 618 1117
618 619 1118
619 620 1119
620 621 1120
621 622 1121
622 623 1122
623 624 1123
624 625 1124
625 626 1125
626 627 1126
627 628 1127
628 629 1128
629 630 1129
630 631 1130
631 632 1131
632 633 1132
633 634 1133
634 635 1134
635 636 1135
636 637 1136
637 638 1137
638 639 1138
639 640 1139
640 641 1140
641 642 1141
642 643 1142
643 644 1143
644 645 1144
645 646 1145
646 647 1146
647 648 1147
648 649 1148
649 650 1149
650 651 1150
651 652 1151
652 653 1152
653 654 1153
654 655 1154
655 656 1155
656 657 1156
657 658 1157
658 659 1158
659 660 1159
660 661 1160
661 662 1161
662 663 1162
663 664 1163
664 665 1164
665 666 1165
666 667 1166
667 668 1167
668 669 1168
669 670 1169
670 671 1170
671 672 1171
672 673 1172
673 674 1173
674 675 1174
675 676 1175
676 677 1176
677 678 1177
678 679 1178
679 680 1179
680 681 1180
681 682 1181
682 683 1182
683 684 1183
684 685 1184
685 686 1185
686 687 1186
687 688 1187
688 689 1188
689 690 1189
690 691 1190
691 692 1191
692 693 1192
693 694 1193
694 695 1194
695 696 1195
696 697 1196
697 698 1197
698 699 1198
699 700 1199
700 701 1200
701 702 1201
702 703 1202
703 704 1203
704 705 1204
705 706 1205
706 707 1206
707 708 1207
708 709 1208
709 710 1209
710 711 1210
711 712 1211
712 713 1212
713 714 1213
714 715 1214
715 716 1215
716 717 1216
717 718 1217
718 719 1218
719 720 1219
720 721 1220
721 722 1221
722 723 1222
723 724 1223
724 725 1224
725 726 1225
726 727 1226
727 728 1227
728 729 1228
729 730 1229
730 731 1230
731 732 1231
732 733 1232
733 734 1233
734 735 1234
735 736 1235
736 737 1236
737 738 1237
738 739 1238
739 740 1239
740 741 1240
741 742 1241
742 743 1242
743 744 1243
744 745 1244
745 746 1245
746 747 1246
747 748 1247
748 749 1248
749 750 1249
750 751 1250
751 752 1251
752 753 1252
753 754 1253
754 755 1254
755 756 1255
756 757 1256
757 758 1257
758 759 1258
759 760 1259
760 761 1260
761 762 1261
762 763 1262
763 764 1263
764 765 1264
765 766 1265
766 767 1266
767 768 1267
768 769 1268
769 770 1269
770 771 1270
771 772 1271
772 773 1272
773 774 1273
774 775 1274
775 776 1275
776 777 1276
777 778 1277
778 779 1278
779 780 1279
780 781 1280
781 782 1281
782 783 1282
783 784 1283
784 785 1284
785 786 1285
786 787 1286
787 788 1287
788 789 1288
789 790 1289
790 791 1290
791 792 1291
792 793 1292
793 794 1293
794 795 1294
795 796 1295
796 797 1296
797 798 1297
798 799 1298
799 800 1299
800 801 1300
801 802 1301
802 803 1302
803 804 1303
804 805 1304
805 806 1305
806 807 1306
807 808 1307
808 809 1308
809 810 1309
810 811 1310
811 812 1311
812 813 1312
813 814 1313
814 815 1314
815 816 1315
816 817 1316
817 818 1317
818 819 1318
819 820 1319
820 821 1320
821 822 1321
822 823 1322
823 824 1323
824 825 1324
825 826 1325
826 827 1326
827 828 1327
828 829 1328
829 830 1329
830 831 1330
831 832 1331
832 833 1332
833 834 1333
834 835 1334
835 836 1335
836 837 1336
837 838 1337
838 839 1338
839 840 1339
840 841 1340
841 842 1341
842 843 1342
843 844 1343
844 845 1344
845 846 1345
846 847 1346
847 848 1347
848 849 1348
849 850 1349
850 851 1350
851 852 1351
852 853 1352
853 854 1353
854 855 1354
855 856 1355
856 857 1356
857 858 1357
858 859 1358
859 860 1359
860 861 1360
861 862 1361
862 863 1362
863 864 1363
864 865 1364
865 866 1365
866 867 1366
867 868 1367
868 869 1368
869 870 1369
870 871 1370
871 872 1371
872 873 1372
873 874 1373
874 875 1374
875 876 1375
876 877 1376
877 878 1377
878 879 1378
879 880 1379
880 881 1380
881 882 1381
882 883 1382
883 884 1383
884 885 1384
885 886 1385
886 887 1386
887 888 1387
888 889 1388
889 890 1389
890 891 1390
891 892 1391
892 893 1392
893 894 1393
894 895 1394
895 896 1395
896 897 1396
897 898 1397
898 899 1398
899 900 1399
900 901 1400
901 902 1401
902 903 1402
903 904 1403
904 905 1404
905 906 1405
906 907 1406
907 908 1407
908 909 1408
909 910 1409
910 911 1410
911 912 1411
912 913 1412
913 914 1413
914 915 1414
915 916 1415
916 917 1416
917 918 1417
918 919 1418
919 920 1419
920 921 1420
921 922 1421
922 923 1422
923 924 1423
924 925 1424
925 926 1425
926 927 1426
927 928 1427
928 929 1428
929 930 1429
930 931 1430
931 932 1431
932 933 1432
933 934 1433
934 935 1434
935 936 1435
936 937 1436
937 938 1437
938 939 1438
939 940 1439
940 941 1440
941 942 1441
942 943 1442
943 944 1443
944 945 1444
945 946 1445
946 947 1446
947 948 1447
948 949 1448
949 950 1449
950 951 1450
951 952 1451
952 953 1452
953 954 1453
954 955 1454
955 956 1455
956 957 1456
957 958 1457
958 959 1458
959 960 1459
960 961 1460
961 962 1461
962 963 1462
963 964 1463
964 965 1464
965 966 1465
966 967 1466
967 968 1467
968 969 1468
969 970 1469
970 971 1470
971 972 1471
972 973 1472
973 974 1473
974 975 1474
975 976 1475
976 977 1476
977 978 1477
978 979 1478
979 980 1479
980 981 1480
981 982 1481
982 983 1482
983 984 1483
984 985 1484
985 986 1485
986 987 1486
987 988 1487
988 989 1488
989 990 1489
990 991 1490
991 992 1491
992 993 1492
993 994 1493
994 995 1494
995 996 1495
996 997 1496
997 998 1497
998 999 1498
999 1000 1499
1000 1001 1500
1001 1002 1501
1002 1003 1502
1003 3 1503
1 1004 502
4 1005 503
5 1006 504
6 1007 505
7 1008 506
8 1009 507
9 1010 508
10 1011 509
11 1012 510
12 1013 511
13 1014 512
14 1015 513
15 1016 514
16 1017 515
17 1018 516
18 1019 517
19 1020 518
20 1021 519
21 1022 520
22 1023 521
23 1024 522
24 1025 523
25 1026 524
26 1027 525
27 1028 526
28 1029 527
29 1030 528
30 1031 529
31 1032 530
32 1033 531
33 1034 532
34 1035 533
35 1036 534
36 1037 535
37 1038 536
38 1039 537
39 1040 538
40 1041 539
41 1042 540
42 1043 541
43 1044 542
44 1045 543
45 1046 544
46 1047 545
47 1048 546
48 1049 547
49 1050 548
50 1051 549
51 1052 550
52 1053 551
53 1054 552
54 1055 553
55 1056 554
56 1057 555
57 1058 556
58 1059 557
59 1060 558
60 1061 559
61 1062 560
62 1063 561
63 1064 562
64 1065 563
65 1066 564
66 1067 565
67 1068 566
68 1069 567
69 1070 568
70 1071 569
71 1072 570
72 1073 571
73 1074 572
74 1075 573
75 1076 574
76 1077 575
77 1078 576
78 1079 577
79 1080 578
80 1081 579
81 1082 580
82 1083 581
83 1084 582
84 1085 583
85 1086 584
86 1087 585
87 1088 586
88 1089 587
89 1090 588
90 1091 589
91 1092 590
92 1093 591
93 1094 592
94 1095 593
95 1096 594
96 1097 595
97 1098 596
98 1099 597
99 1100 598
100 1101 599
101 1102 600
102 1103 601
103 1104 602
104 1105 603
105 1106 604
106 1107 605
107 1108 606
108 1109 607
109 1110 608
110 1111 609
111 1112 610
112 1113 611
113 1114 612
114 1115 613
115 1116 614
116 1117 615
117 1118 616
118 1119 617
119 1120 618
120 1121 619
121 1122 620
122 1123 621
123 1124 622
124 1125 623
125 1126 624
126 1127 625
127 1128 626
128 1129 627
129 1130 628
130 1131 629
131 1132 630
132 1133 631
133 1134 632
134 1135 633
135 1136 634
136 1137 635
137 1138 636
138 1139 637
139 1140 638
140 1141 639
141 1142 640
142 1143 641
143 1144 642
144 1145 643
145 1146 644
146 1147 645
147 1148 646
148 1149 647
149 1150 648
150 1151 649
151 1152 650
152 1153 651
153 1154 652
154 1155 653
155 1156 654
156 1157 655
157 1158 656
158 1159 657
159 1160 658
160 1161 659
161 1162 660
162 1163 661
163 1164 662
164 1165 663
165 1166 664
166 1167 665
167 1168 666
168 1169 667
169 1170 668
170 1171 669
171 1172 670
172 1173 671
173 1174 672
174 1175 673
175 1176 674
176 1177 675
177 1178 676
178 1179 677
179 1180 678
180 1181 679
181 1182 680
182 1183 681
183 1184 682
184 1185 683
185 1186 684
186 1187 685
187 1188 686
188 1189 687
189 1190 688
190 1191 689
191 1192 690
192 1193 691
193 1194 692
194 1195 693
195 1196 694
196 1197 695
197 1198 696
198 1199 697
199 1200 698
200 1201 699
201 1202 700
202 1203 701
203 1204 702
204 1205 703
205 1206 704
206 1207 705
207 1208 706
208 1209 707
209 1210 708
210 1211 709
211 1212 710
212 1213 711
213 1214 712
214 1215 713
215 1216 714
216 1217 715
217 1218 716
218 1219 717
219 1220 718
220 1221 719
221 1222 720
222 1223 721
223 1224 722
224 1225 723
225 1226 724
226 1227 725
227 1228 726
228 1229 727
229 1230 728
230 1231 729
231 1232 730
232 1233 731
233 1234 732
234 1235 733
235 1236 734
236 1237 735
237 1238 736
238 1239 737
239 1240 738
240 1241 739
241 1242 740
242 1243 741
243 1244 742
244 1245 743
245 1246 744
246 1247 745
247 1248 746
248 1249 747
249 1250 748
250 1251 749
251 1252 750
252 1253 751
253 1254 752
254 1255 753
255 1256 754
256 1257 755
257 1258 756
258 1259 757
259 1260 758
260 1261 759
261 1262 760
262 1263 761
263 1264 762
264 1265 763
265 1266 764
266 1267 765
267 1268 766
268 1269 767
269 1270 768
270 1271 769
271 1272 770
272 1273 771
273 1274 772
274 1275 773
275 1276 774
276 1277 775
277 1278 776
278 1279 777
279 1280 778
280 1281 779
281 1282 780
282 1283 781
283 1284 782
284 1285 783
285 1286 784
286 1287 785
287 1288 786
288 1289 787
289 1290 788
290 1291 789
291 1292 790
292 1293 791
293 1294 792
294 1295 793
295 1296 794
296 1297 795
297 1298 796
298 1299 797
299 1300 798
300 1301 799
301 1302 800
302 1303 801
303 1304 802
304 1305 803
305 1306 804
306 1307 805
307 1308 806
308 1309 807
309 1310 808
310 1311 809
311 1312 810
312 1313 811
313 1314 812
314 1315 813
315 1316 814
316 1317 815
317 1318 816
318 1319 817
319 1320 818
320 1321 819
321 1322 820
322 1323 821
323 1324 822
324 1325 823
325 1326 824
326 1327 825
327 1328 826
328 1329 827
329 1330 828
330 1331 829
331 1332 830
332 1333 831
333 1334 832
334 1335 833
335 1336 834
336 1337 835
337 1338 836
338 1339 837
339 1340 838
340 1341 839
341 1342 840
342 1343 841
343 1344 842
344 1345 843
345 1346 844
346 1347 845
347 1348 846
348 1349 847
349 1350 848
350 1351 849
351 1352 850
352 1353 851
353 1354 852
354 1355 853
355 1356 854
356 1357 855
357 1358 856
358 1359 857
359 1360 858
360 1361 859
361 1362 860
362 1363 861
363 1364 862
364 1365 863
365 1366 864
366 1367 865
367 1368 866
368 1369 867
369 1370 868
370 1371 869
371 1372 870
372 1373 871
373 1374 872
374 1375 873
375 1376 874
376 1377 875
377 1378 876
378 1379 877
379 1380 878
380 1381 879
381 1382 880
382 1383 881
383 1384 882
384 1385 883
385 1386 884
386 1387 885
387 1388 886
388 1389 887
389 1390 888
390 1391 889
391 1392 890
392 1393 891
393 1394 892
394 1395 893
395 1396 894
396 1397 895
397 1398 896
398 1399 897
399 1400 898
400 1401 899
401 1402 900
402 1403 901
403 1404 902
404 1405 903
405 1406 904
406 1407 905
407 1408 906
408 1409 907
409 1410 908
410 1411 909
411 1412 910
412 1413 911
413 1414 912
414 1415 913
415 1416 914
416 1417 915
417 1418 916
418 1419 917
419 1420 918
420 1421 919
421 1422 920
422 1423 921
423 1424 922
424 1425 923
425 1426 924
426 1427 925
427 1428 926
428 1429 927
429 1430 928
430 1431 929
431 1432 930
432 1433 931
433 1434 932
434 1435 933
435 1436 934
436 1437 935
437 1438 936
438 1439 937
439 1440 938
440 1441 939
441 1442 940
442 1443 941
443 1444 942
444 1445 943
445 1446 944
446 1447 945
447 1448 946
448 1449 947
449 1450 948
450 1451 949
451 1452 950
452 1453 951
453 1454 952
454 1455 953
455 1456 954
456 1457 955
457 1458 956
458 1459 957
459 1460 958
460 1461 959
461 1462 960
462 1463 961
463 1464 962
464 1465 963
465 1466 964
466 1467 965
467 1468 966
468 1469 967
469 1470 968
470 1471 969
471 1472 970
472 1473 971
473 1474 972
474 1475 973
475 1476 974
476 1477 975
477 1478 976
478 1479 977
479 1480 978
480 1481 979
481 1482 980
482 1483 981
483 1484 982
484 1485 983
485 1486 984
486 1487 985
487 1488 986
488 1489 987
489 1490 988
490 1491 989
491 1492 990
492 1493 991
493 1494 992
494 1495 993
495 1496 994
496 1497 995
497 1498 996
498 1499 997
499 1500 998
500 1501 999
501 1502 1000
502 1503 1001
503 1504 1002
1 1505 141
