449 480
447 360 92
447 212 111
212 406 68
406 204 185
204 118 27
353 118 357
353 137 194
137 288 93
288 350 361
350 366 394
228 366 304
228 266 64
266 196 390
196 111 117
111 360 133
360 66 204
66 326 84
326 430 146
430 184 369
184 345 331
345 74 368
74 164 450
348 164 56
348 96 344
96 223 384
223 35 214
35 334 5
334 331 405
331 278 69
360 278 320
164 258 472
258 75 142
75 253 301
253 85 154
85 392 188
392 126 324
126 377 366
201 377 445
201 272 232
272 257 165
257 26 289
26 143 411
143 300 421
300 255 275
164 255 370
377 48 143
48 73 211
73 181 98
181 372 453
372 283 219
283 36 474
36 306 89
46 306 282
46 342 244
342 190 236
190 144 23
144 6 213
6 107 85
107 364 340
377 364 226
306 313 65
313 429 207
429 290 134
290 203 12
203 426 61
426 295 166
295 138 292
222 138 3
222 352 29
352 361 264
361 320 462
320 130 310
130 142 151
142 438 159
306 438 352
138 132 323
132 273 468
273 189 401
189 270 257
270 113 254
113 129 234
129 192 353
379 192 107
379 141 17
141 441 58
441 281 156
281 153 209
153 155 478
155 374 52
138 374 406
192 307 403
307 423 1
423 312 8
312 413 305
413 175 459
175 83 392
83 385 288
394 385 48
394 187 391
187 103 206
103 349 247
349 147 115
147 95 319
95 369 367
192 369 298
385 335 225
335 420 83
420 287 408
287 134 328
134 304 216
304 50 2
50 391 376
18 391 184
18 61 130
61 373 102
373 431 286
431 346 14
346 82 240
82 55 202
385 55 302
391 116 149
116 445 358
445 232 434
232 417 210
417 338 132
338 428 280
428 37 335
375 37 129
375 160 128
160 169 114
169 211 345
211 209 125
209 86 15
86 109 63
391 109 220
37 88 325
88 395 374
395 59 330
59 329 152
329 433 378
433 389 476
389 286 32
341 286 46
341 80 452
80 269 291
269 217 18
217 404 440
404 135 373
135 296 121
37 296 431
286 77 73
77 41 139
41 252 424
252 100 34
100 409 172
409 220 86
220 1 425
1 84 299
84 92 74
92 210 314
210 171 467
171 410 258
410 398 259
398 174 270
286 174 40
118 149 66
149 393 455
393 298 178
298 357 308
357 347 422
347 47 228
47 324 155
421 324 350
421 159 321
159 219 446
219 112 227
112 162 332
162 40 168
40 43 454
118 43 439
324 27 441
27 351 404
351 157 273
157 254 113
254 371 4
371 386 355
386 70 465
202 70 35
202 382 306
382 408 395
408 156 249
156 285 260
285 274 419
274 32 7
324 32 198
70 336 303
336 282 199
282 277 195
277 58 197
58 246 480
246 154 230
154 168 119
243 168 337
243 293 16
293 442 449
442 76 100
76 235 62
235 229 252
229 65 87
70 65 124
168 63 47
63 318 224
318 380 57
380 194 26
194 20 293
20 39 110
39 110 250
8 110 387
8 17 50
17 284 135
284 30 338
30 205 309
205 78 294
78 337 212
168 337 106
110 21 60
21 267 176
267 38 171
38 197 444
197 71 201
71 11 300
11 221 39
188 221 433
188 94 81
94 344 432
344 224 55
224 108 313
108 271 297
271 230 364
110 230 118
221 14 253
14 308 274
308 262 383
262 185 54
185 81 477
81 34 285
34 44 101
343 44 417
343 91 191
91 427 217
427 57 385
57 4 208
4 405 241
405 315 80
221 315 329
44 56 475
56 180 79
180 321 162
321 178 163
178 411 192
411 42 397
42 414 409
396 414 470
396 158 70
158 206 363
206 193 334
193 28 456
28 215 343
215 31 466
44 31 164
414 256 463
256 238 359
238 114 183
114 388 242
388 432 44
432 401 416
401 53 290
198 53 437
198 381 436
381 139 126
139 90 336
90 5 53
5 45 412
45 72 295
414 72 246
53 167 116
167 208 410
208 51 97
51 133 41
133 151 277
397 151 145
397 301 67
140 301 215
140 275 223
275 146 284
146 102 322
102 29 238
29 327 105
327 226 158
53 226 231
301 407 33
407 122 120
122 60 196
60 127 11
127 145 94
145 240 189
240 2 360
2 276 169
276 231 222
231 150 72
150 436 346
436 207 348
207 400 237
400 161 160
301 161 464
366 365 347
365 52 423
52 98 407
98 124 103
124 263 30
263 299 174
299 332 296
12 332 76
12 7 36
7 425 136
425 368 402
368 362 351
362 9 109
9 49 255
366 49 138
332 64 20
64 260 177
260 24 380
24 242 266
242 443 127
443 437 281
437 310 203
195 310 221
195 105 354
105 446 59
446 119 414
119 104 479
104 237 268
237 363 24
332 363 131
310 378 311
378 89 316
89 247 312
247 234 365
234 251 173
251 309 327
309 412 75
358 412 82
358 33 339
33 69 186
69 418 396
418 117 6
117 25 122
25 131 272
310 131 307
412 179 9
179 323 458
323 182 265
182 236 239
236 416 349
416 330 37
330 403 104
268 403 21
268 383 19
383 101 45
101 87 461
87 399 381
399 214 148
214 152 137
412 152 457
403 186 112
186 177 386
177 340 140
340 422 413
422 317 333
317 359 372
359 356 451
261 356 243
261 448 25
448 311 251
311 264 377
264 316 218
316 435 471
435 163 430
403 163 13
356 54 99
54 125 96
125 121 418
121 376 10
376 170 190
170 213 356
213 249 261
173 249 438
173 289 400
289 387 399
387 444 78
444 439 326
439 79 91
79 355 182
356 355 28
249 424 90
424 390 318
390 265 108
265 241 262
241 68 287
68 227 42
227 339 283
384 339 379
384 322 341
322 120 427
120 280 276
280 176 248
176 419 393
419 291 193
249 291 428
339 13 43
13 183 170
183 23 317
23 297 153
297 15 157
15 165 443
165 19 415
259 19 420
259 244 447
244 136 389
136 148 150
148 294 235
294 328 233
328 415 123
339 415 442
19 449 279
449 10 278
10 16 398
16 199 180
199 250 147
250 292 181
292 93 435
22 93 426
22 172 229
172 216 38
216 354 175
354 225 429
225 62 460
62 106 205
19 106 22
93 333 382
333 440 144
440 99 49
99 302 179
302 191 167
191 370 267
370 3 375
3 325 362
325 303 95
303 200 448
200 97 371
97 218 71
218 248 271
248 319 315
93 319 187
151 245 269
245 128 161
128 402 77
402 123 473
123 305 263
305 279 388
279 367 31
367 115 469
115 166 51
166 67 256
67 233 141
233 239 245
239 434 88
434 314 342
151 314 200
