1790 1888
1 4 546
4 5 1528
5 1 1447
4 6 1185
6 7 767
7 4 131
6 8 1773
8 9 981
9 6 856
8 10 603
10 11 1638
11 8 77
10 12 1663
12 13 162
13 10 876
12 14 94
14 15 1167
15 12 1345
14 16 1057
16 17 771
17 14 935
16 18 611
18 19 290
19 16 773
18 20 1882
20 21 1706
21 18 176
20 22 1810
22 23 1303
23 20 720
22 24 886
24 25 476
25 22 1587
24 26 337
26 27 1704
27 24 640
26 28 1711
28 29 339
29 26 632
28 30 669
30 31 1514
31 28 542
30 32 1370
32 33 106
33 30 1209
32 34 444
34 35 119
35 32 648
34 36 1816
36 37 1832
37 34 553
36 38 736
38 39 1190
39 36 99
38 40 1846
40 41 1489
41 38 983
40 42 703
42 43 378
43 40 369
42 44 759
44 45 1515
45 42 189
44 46 1268
46 47 1289
47 44 1561
46 48 1789
48 49 1858
49 46 1868
48 50 261
50 51 1287
51 48 1422
50 52 398
52 53 407
53 50 1242
52 54 1848
54 55 12
55 52 1124
54 56 1040
56 57 1717
57 54 680
56 58 101
58 59 1556
59 56 557
58 60 411
60 61 1016
61 58 1406
60 62 203
62 63 1421
63 60 798
62 64 1755
64 65 884
65 62 1042
64 66 16
66 67 683
67 64 342
66 68 560
68 69 340
69 66 54
68 70 117
70 71 82
71 68 1413
70 72 1507
72 73 259
73 70 1015
72 74 44
74 75 1435
75 72 1825
74 76 152
76 77 1713
77 74 1334
76 78 167
78 79 1614
79 76 478
78 80 790
80 81 1484
81 78 100
80 82 1003
82 83 47
83 80 188
82 84 655
84 85 1180
85 82 1319
84 86 556
86 87 1062
87 84 688
86 88 1340
88 89 1011
89 86 880
88 90 191
90 91 6
91 88 1457
90 92 1665
92 93 938
93 90 995
92 94 835
94 95 458
95 92 1797
94 96 585
96 97 292
97 94 1301
96 98 211
98 99 1661
99 96 251
98 100 1000
100 101 1201
101 98 873
100 102 454
102 103 1304
103 100 615
102 104 368
104 105 109
105 102 1696
104 106 383
106 107 1690
107 104 668
106 108 1880
108 109 274
109 106 1168
108 110 644
110 111 1295
111 108 14
110 112 1399
112 113 1267
113 110 1085
112 114 662
114 115 112
115 112 1077
114 116 858
116 117 1276
117 114 1218
116 118 307
118 119 1327
119 116 1709
118 120 1795
120 121 27
121 118 1577
120 122 427
122 123 1732
123 120 820
122 124 982
124 125 349
125 122 547
124 126 207
126 127 210
127 124 1377
126 128 902
128 129 120
129 126 63
128 130 416
130 131 130
131 128 816
130 132 302
132 133 1863
133 130 382
132 134 1505
134 135 1520
135 132 1013
134 2 1232
68 136 1871
136 137 1685
137 68 608
136 138 88
138 139 1315
139 136 854
138 140 227
140 141 184
141 138 1609
140 142 1213
142 143 185
143 140 142
142 144 1477
144 145 1357
145 142 1532
144 146 487
146 147 852
147 144 707
146 148 710
148 149 1071
149 146 1311
148 150 1605
150 151 647
151 148 354
150 152 465
152 153 463
153 150 1754
152 154 206
154 155 1569
155 152 246
154 156 694
156 157 288
157 154 1716
156 158 488
158 159 1807
159 156 1384
158 160 1602
160 161 591
161 158 893
160 162 1596
162 163 861
163 160 440
162 164 959
164 165 257
165 162 704
164 166 971
166 167 229
167 164 1878
166 168 1116
168 169 272
169 166 818
168 170 144
170 171 448
171 168 1523
170 172 1082
172 173 687
173 170 1253
172 174 243
174 175 1486
175 172 104
174 176 298
176 177 70
177 174 728
176 178 555
178 179 1804
179 176 1572
178 180 1617
180 181 1402
181 178 933
180 182 693
182 183 716
183 180 512
182 184 249
184 185 684
185 182 158
184 186 1355
186 187 1290
187 184 653
186 188 763
188 189 1622
189 186 489
188 190 1853
190 191 1206
191 188 1216
190 192 1463
192 193 1312
193 190 1434
192 194 521
194 195 231
195 192 936
194 196 23
196 197 844
197 194 140
196 198 1054
198 199 1079
199 196 863
198 200 355
200 201 366
201 198 260
200 3 1467
26 202 896
154 203 1081
170 204 193
110 205 607
154 206 850
24 207 1188
56 208 1137
32 209 172
118 210 1641
210 211 441
82 212 946
32 213 1506
138 214 960
40 215 1099
205 216 1164
4 217 1766
207 218 1760
44 219 551
188 220 1431
150 221 455
88 222 1359
54 223 571
211 224 1640
80 225 1817
128 226 1699
208 227 1135
60 228 1580
180 229 1597
172 230 419
56 231 1606
24 232 837
50 233 887
12 234 579
8 235 1064
218 236 1598
204 237 1322
14 238 809
92 239 34
235 240 634
210 241 38
4 242 98
168 243 1200
14 244 96
208 245 1202
207 246 453
34 247 514
176 248 385
90 249 1330
248 250 1162
230 251 182
247 252 1203
116 253 1437
156 254 1671
218 255 1493
212 256 223
136 257 296
124 258 1770
203 259 623
110 260 1286
154 261 614
68 262 1873
124 263 972
36 264 1326
122 265 1483
162 266 1094
150 267 394
267 268 297
194 269 1418
140 270 151
202 271 60
130 272 545
120 273 788
264 274 1694
205 275 1130
239 276 1471
50 277 649
152 278 1055
138 279 1325
186 280 59
252 281 563
26 282 1639
220 283 447
10 284 195
221 285 154
50 286 605
253 287 346
38 288 1625
128 289 917
160 290 1473
245 291 1692
284 292 1127
260 293 744
62 294 1121
280 295 1378
210 296 365
200 297 534
38 298 517
124 299 1252
108 300 73
122 301 1487
283 302 1474
210 303 1564
236 304 436
166 305 658
126 306 839
252 307 1272
38 308 651
241 309 74
224 310 1749
276 311 1274
138 312 629
269 313 85
136 314 1398
42 315 558
30 316 1382
184 317 1517
68 318 190
283 319 797
241 320 822
30 321 328
120 322 868
190 323 879
314 324 1223
176 325 1573
184 326 650
300 327 940
154 328 753
36 329 178
162 330 1736
300 331 626
168 332 974
42 333 718
250 334 1549
226 335 1362
209 336 989
303 337 1156
310 338 402
263 339 1460
230 340 570
222 341 666
68 342 241
184 343 309
6 344 670
304 345 1371
84 346 46
234 347 1491
56 348 1446
227 349 381
144 350 252
300 351 1036
326 352 874
299 353 1131
56 354 832
62 355 344
68 356 148
242 357 319
326 358 524
202 359 701
38 360 137
92 361 1115
106 362 1245
112 363 1691
219 364 1072
10 365 225
342 366 1631
70 367 224
164 368 1782
311 369 882
110 370 1480
140 371 1387
209 372 1351
283 373 993
226 374 1191
239 375 679
227 376 1183
211 377 1550
300 378 32
266 379 768
233 380 114
128 381 1393
258 382 898
140 383 1646
315 384 1546
172 385 1035
92 386 1356
314 387 500
207 388 992
308 389 215
44 390 233
100 391 280
212 392 941
178 393 920
196 394 1020
361 395 1452
42 396 1039
291 397 1672
194 398 719
70 399 1780
56 400 1097
377 401 1500
130 402 485
241 403 1492
46 404 705
246 405 1147
317 406 1746
292 407 791
351 408 617
321 409 979
392 410 1482
337 411 686
302 412 750
84 413 977
205 414 271
243 415 1310
347 416 345
8 417 1029
180 418 1518
118 419 396
273 420 1759
260 421 1090
344 422 1769
339 423 287
204 424 638
215 425 1509
104 426 456
74 427 1684
308 428 695
210 429 1367
369 430 1778
348 431 1883
336 432 1805
267 433 1152
393 434 1205
16 435 1096
313 436 395
128 437 1793
392 438 864
280 439 905
211 440 1741
311 441 1620
250 442 994
108 443 836
124 444 42
124 445 1681
225 446 1339
308 447 370
400 448 1
176 449 183
212 450 1075
285 451 1451
178 452 1008
54 453 317
228 454 943
220 455 51
196 456 1772
373 457 263
258 458 124
278 459 84
28 460 413
357 461 1257
16 462 97
220 463 1317
238 464 966
52 465 379
369 466 821
160 467 775
182 468 969
253 469 749
268 470 934
209 471 1376
431 472 438
381 473 321
237 474 1633
427 475 1877
440 476 1179
305 477 1171
445 478 916
16 479 1720
211 480 1818
16 481 332
371 482 1107
36 483 840
341 484 1132
377 485 678
360 486 1874
178 487 139
130 488 1106
403 489 1612
290 490 1299
78 491 1567
454 492 1420
407 493 237
110 494 628
396 495 810
380 496 1827
208 497 1239
273 498 1045
124 499 1836
498 500 1113
192 501 1260
307 502 1763
428 503 997
444 504 1343
316 505 10
379 506 1358
90 507 384
44 508 1469
238 509 303
52 510 202
390 511 1033
464 512 691
282 513 22
351 514 675
329 515 1652
402 516 359
283 517 150
205 518 660
222 519 506
451 520 1300
497 521 641
188 522 1659
206 523 748
505 524 1707
178 525 357
100 526 740
281 527 1826
290 528 429
514 529 904
176 530 592
439 531 410
448 532 1074
72 533 945
312 534 39
357 535 1595
427 536 338
290 537 1409
509 538 1737
142 539 1193
425 540 522
450 541 1712
500 542 36
520 543 619
470 544 1255
174 545 950
449 546 160
395 547 1642
42 548 1134
200 549 222
88 550 48
382 551 375
310 552 424
386 553 406
509 554 1078
453 555 277
202 556 1392
491 557 121
488 558 1784
415 559 1337
250 560 403
178 561 801
122 562 616
377 563 1658
494 564 166
355 565 1014
428 566 1542
72 567 1198
523 568 439
551 569 772
234 570 156
80 571 40
122 572 442
549 573 1293
571 574 1698
176 575 1234
279 576 1282
269 577 612
339 578 980
225 579 1450
278 580 583
525 581 473
68 582 81
359 583 731
492 584 987
302 585 95
313 586 273
244 587 939
369 588 509
448 589 255
497 590 126
451 591 1157
459 592 1236
394 593 610
401 594 1588
246 595 269
42 596 230
205 597 526
549 598 1670
534 599 1095
120 600 967
317 601 1254
525 602 1843
355 603 457
220 604 1459
462 605 58
222 606 244
463 607 502
554 608 1613
270 609 217
376 610 1433
80 611 1306
602 612 218
434 613 1582
204 614 1476
561 615 1313
28 616 1513
164 617 1336
596 618 270
310 619 1801
576 620 431
410 621 496
405 622 30
532 623 1697
422 624 1635
200 625 807
566 626 1879
306 627 1574
522 628 1139
251 629 1768
485 630 262
571 631 1568
80 632 1192
270 633 681
581 634 947
204 635 1662
483 636 877
628 637 931
261 638 52
421 639 1626
316 640 1258
223 641 1166
279 642 624
563 643 1578
442 644 1063
622 645 1815
316 646 391
597 647 1824
445 648 1207
530 649 1643
411 650 621
281 651 567
349 652 510
617 653 1560
333 654 1714
634 655 426
478 656 1497
290 657 1821
446 658 1138
544 659 1544
432 660 964
290 661 61
6 662 1305
14 663 918
423 664 1728
395 665 278
307 666 1043
272 667 942
116 668 1108
223 669 5
219 670 477
632 671 1822
591 672 913
525 673 20
558 674 667
493 675 24
566 676 1025
419 677 565
629 678 1199
408 679 817
272 680 808
377 681 1331
628 682 1197
393 683 1001
250 684 921
54 685 1753
210 686 1427
297 687 1143
479 688 1876
290 689 1530
346 690 371
438 691 1719
523 692 115
451 693 505
691 694 1221
383 695 1636
517 696 1611
425 697 1294
628 698 1744
437 699 417
156 700 90
10 701 1756
496 702 1814
597 703 659
379 704 927
586 705 883
312 706 1511
384 707 948
383 708 1120
444 709 723
540 710 778
648 711 336
4 712 593
220 713 1101
710 714 1344
333 715 1675
118 716 1349
486 717 912
489 718 192
650 719 777
619 720 250
476 721 1187
374 722 180
624 723 564
613 724 418
703 725 996
485 726 958
599 727 968
224 728 1547
418 729 1086
333 730 1411
76 731 849
70 732 926
231 733 1381
274 734 452
434 735 1270
401 736 1348
405 737 136
305 738 541
260 739 330
461 740 1023
668 741 404
735 742 581
12 743 1405
433 744 1842
116 745 1529
14 746 291
312 747 1498
176 748 1679
311 749 1847
377 750 1562
228 751 829
689 752 304
530 753 891
351 754 216
562 755 1536
671 756 205
556 757 1496
248 758 9
470 759 1390
206 760 169
186 761 1118
633 762 1088
32 763 240
334 764 1423
216 765 295
227 766 536
211 767 1058
407 768 1066
577 769 1214
297 770 420
396 771 1368
391 772 1328
446 773 1725
640 774 1363
384 775 147
623 776 450
556 777 1458
329 778 15
378 779 734
233 780 1007
455 781 421
164 782 129
400 783 1723
174 784 467
280 785 803
164 786 92
330 787 1761
244 788 31
675 789 331
359 790 1109
606 791 1277
693 792 1005
214 793 851
436 794 1472
273 795 238
578 796 1649
291 797 1027
366 798 300
325 799 1184
610 800 480
492 801 1708
68 802 951
538 803 1416
221 804 187
662 805 1379
786 806 627
688 807 537
229 808 1869
229 809 1028
46 810 1764
708 811 1798
174 812 1017
44 813 1727
589 814 815
118 815 770
246 816 1225
300 817 1243
408 818 576
76 819 387
499 820 761
560 821 1436
748 822 491
660 823 782
552 824 1048
763 825 1112
604 826 1182
463 827 1618
496 828 830
453 829 802
565 830 1731
763 831 1792
498 832 1385
721 833 735
650 834 1083
116 835 268
108 836 568
436 837 21
519 838 289
389 839 1854
501 840 134
505 841 685
569 842 425
361 843 490
589 844 765
779 845 552
280 846 1353
331 847 631
704 848 310
767 849 732
848 850 805
464 851 1551
449 852 643
683 853 900
452 854 1771
297 855 1519
289 856 1110
803 857 1583
250 858 1262
504 859 1155
427 860 824
657 861 242
158 862 312
600 863 1522
362 864 1464
251 865 1177
818 866 758
656 867 1886
860 868 562
843 869 698
836 870 825
717 871 566
683 872 1426
271 873 245
535 874 361
541 875 1222
484 876 430
555 877 1038
691 878 1444
810 879 511
674 880 1031
544 881 507
249 882 676
685 883 8
856 884 181
379 885 57
150 886 1269
866 887 1360
52 888 1852
553 889 682
835 890 1172
750 891 434
48 892 1499
24 893 1501
68 894 486
668 895 471
644 896 540
685 897 135
305 898 823
585 899 601
886 900 1195
588 901 1552
424 902 145
847 903 781
112 904 1283
314 905 118
838 906 1865
764 907 890
573 908 1174
733 909 878
544 910 550
304 911 1645
213 912 1104
631 913 128
856 914 1251
853 915 198
598 916 663
726 917 105
863 918 86
542 919 910
58 920 1212
315 921 1757
331 922 492
72 923 1739
731 924 1548
248 925 838
500 926 1196
727 927 774
861 928 1122
772 929 895
669 930 907
775 931 515
787 932 1624
114 933 978
900 934 1585
64 935 609
896 936 1211
146 937 483
787 938 449
689 939 1637
628 940 975
566 941 494
265 942 79
80 943 1194
240 944 93
235 945 764
725 946 1210
486 947 596
821 948 1779
82 949 1703
733 950 922
348 951 1702
546 952 1802
622 953 1570
616 954 1657
604 955 1849
604 956 293
952 957 376
380 958 1226
774 959 19
776 960 865
481 961 1374
637 962 1619
319 963 1318
529 964 125
180 965 742
273 966 333
254 967 1785
442 968 866
852 969 1864
447 970 1604
443 971 1285
507 972 1834
807 973 219
766 974 462
484 975 1259
202 976 630
926 977 548
379 978 1419
893 979 168
266 980 652
552 981 294
416 982 1291
788 983 301
476 984 254
933 985 932
857 986 1481
951 987 165
605 988 827
919 989 1721
690 990 860
98 991 1724
367 992 519
793 993 1600
878 994 1601
431 995 1668
952 996 364
801 997 697
16 998 533
279 999 498
596 1000 1364
461 1001 313
745 1002 1851
114 1003 811
861 1004 1584
774 1005 1140
886 1006 1010
414 1007 1466
531 1008 586
386 1009 580
883 1010 766
661 1011 888
605 1012 954
752 1013 1800
831 1014 923
70 1015 598
196 1016 1246
797 1017 459
687 1018 248
212 1019 1352
973 1020 859
974 1021 1404
297 1022 806
144 1023 392
685 1024 1026
307 1025 1365
643 1026 78
633 1027 1383
664 1028 1693
899 1029 390
221 1030 1189
821 1031 1887
844 1032 373
695 1033 451
785 1034 582
676 1035 1650
592 1036 646
550 1037 325
490 1038 1701
473 1039 306
528 1040 756
218 1041 726
513 1042 1103
178 1043 1400
724 1044 1722
483 1045 785
547 1046 1531
604 1047 1281
879 1048 1448
68 1049 503
994 1050 1314
502 1051 1751
515 1052 1828
916 1053 1395
248 1054 531
239 1055 1565
751 1056 1579
865 1057 957
653 1058 435
640 1059 689
384 1060 1220
980 1061 1664
294 1062 1178
785 1063 1806
498 1064 348
557 1065 1455
799 1066 314
599 1067 1175
625 1068 739
366 1069 17
627 1070 159
213 1071 1342
1052 1072 1176
863 1073 575
198 1074 988
386 1075 1608
408 1076 1006
298 1077 1165
422 1078 1170
265 1079 963
614 1080 1160
663 1081 574
289 1082 122
407 1083 1298
953 1084 924
595 1085 474
1049 1086 897
263 1087 4
953 1088 1820
527 1089 819
346 1090 305
526 1091 1128
754 1092 53
452 1093 472
688 1094 730
723 1095 637
436 1096 1041
694 1097 998
499 1098 1024
279 1099 780
387 1100 665
839 1101 776
38 1102 341
1088 1103 146
574 1104 343
414 1105 350
775 1106 1414
581 1107 532
1003 1108 282
204 1109 746
940 1110 1394
940 1111 45
787 1112 1044
1093 1113 1034
280 1114 1018
441 1115 209
114 1116 867
690 1117 1783
616 1118 283
527 1119 1516
257 1120 171
247 1121 1888
441 1122 1158
473 1123 792
682 1124 973
692 1125 422
1106 1126 1628
791 1127 914
1020 1128 1056
1072 1129 1229
523 1130 1674
1125 1131 1227
196 1132 1615
990 1133 1391
516 1134 199
791 1135 1249
546 1136 673
740 1137 1682
1108 1138 690
426 1139 1687
184 1140 1297
677 1141 595
358 1142 1758
713 1143 1449
663 1144 75
1061 1145 915
401 1146 1264
621 1147 460
725 1148 1114
577 1149 1527
582 1150 1856
128 1151 1233
503 1152 1539
910 1153 1012
178 1154 397
529 1155 256
767 1156 699
251 1157 642
257 1158 1559
442 1159 559
1082 1160 738
934 1161 1073
759 1162 599
757 1163 1485
837 1164 956
1154 1165 1593
763 1166 1244
402 1167 1571
538 1168 1538
978 1169 164
859 1170 64
917 1171 984
1032 1172 833
1115 1173 1823
229 1174 405
753 1175 1439
256 1176 409
807 1177 1603
557 1178 170
1156 1179 889
1102 1180 1417
931 1181 1558
751 1182 1862
624 1183 1145
1028 1184 674
292 1185 1002
532 1186 1438
444 1187 1069
203 1188 358
467 1189 71
218 1190 1440
797 1191 65
588 1192 276
505 1193 1080
368 1194 1586
58 1195 671
971 1196 795
818 1197 161
476 1198 1607
463 1199 1238
887 1200 1181
126 1201 588
1174 1202 618
968 1203 141
393 1204 1790
475 1205 29
1176 1206 149
911 1207 760
422 1208 709
838 1209 1688
906 1210 1743
1059 1211 1850
288 1212 513
901 1213 220
367 1214 285
720 1215 713
160 1216 1148
68 1217 204
983 1218 1623
995 1219 561
152 1220 1061
1001 1221 123
938 1222 1673
554 1223 1534
558 1224 335
643 1225 1791
275 1226 1524
717 1227 377
1097 1228 362
833 1229 173
722 1230 870
872 1231 1346
498 1232 347
776 1233 779
635 1234 1543
981 1235 1885
312 1236 111
846 1237 1835
935 1238 715
1173 1239 657
233 1240 1632
367 1241 544
393 1242 127
46 1243 1767
619 1244 1169
251 1245 602
777 1246 812
1025 1247 18
599 1248 1329
463 1249 1401
150 1250 834
1106 1251 814
276 1252 1396
1183 1253 470
910 1254 1117
726 1255 944
766 1256 1677
1241 1257 275
379 1258 484
887 1259 213
587 1260 604
936 1261 320
732 1262 985
452 1263 1380
657 1264 433
211 1265 872
944 1266 1098
933 1267 1123
140 1268 1730
1039 1269 527
625 1270 869
1119 1271 1718
436 1272 43
120 1273 443
1089 1274 1689
800 1275 1407
644 1276 1059
1089 1277 1715
528 1278 569
1187 1279 186
148 1280 393
22 1281 903
975 1282 1361
649 1283 831
909 1284 414
162 1285 1125
1150 1286 235
922 1287 930
1208 1288 1845
1127 1289 469
188 1290 1666
1188 1291 1809
286 1292 857
1170 1293 1231
1013 1294 654
230 1295 479
30 1296 1208
429 1297 1151
513 1298 1350
357 1299 1839
522 1300 412
433 1301 163
549 1302 1141
1284 1303 1347
644 1304 267
528 1305 1541
68 1306 1119
950 1307 841
164 1308 87
1064 1309 1373
216 1310 1775
1069 1311 635
22 1312 1813
504 1313 828
772 1314 1748
1108 1315 102
1243 1316 1204
298 1317 1811
444 1318 901
10 1319 1278
241 1320 367
1291 1321 1076
696 1322 590
1196 1323 89
530 1324 72
70 1325 862
58 1326 1445
34 1327 1456
497 1328 970
221 1329 784
683 1330 1841
345 1331 1656
866 1332 1705
833 1333 318
112 1334 1884
861 1335 708
1275 1336 286
300 1337 107
1249 1338 919
964 1339 351
1251 1340 1284
947 1341 1273
295 1342 1288
1308 1343 1592
1255 1344 1812
1224 1345 1683
724 1346 976
1017 1347 1424
909 1348 446
1142 1349 3
1091 1350 1146
810 1351 1241
261 1352 677
566 1353 549
1286 1354 493
1238 1355 1504
1270 1356 1535
379 1357 1163
1095 1358 1425
828 1359 132
316 1360 875
497 1361 702
1151 1362 437
1248 1363 1553
1088 1364 1488
343 1365 284
769 1366 962
943 1367 1881
1098 1368 1105
1259 1369 299
422 1370 1680
970 1371 606
842 1372 1554
1213 1373 374
671 1374 892
1187 1375 388
613 1376 400
739 1377 1752
395 1378 712
1138 1379 212
1351 1380 1735
759 1381 1594
971 1382 468
750 1383 1084
1120 1384 508
365 1385 363
600 1386 116
1059 1387 1261
528 1388 258
1335 1389 399
694 1390 1462
1132 1391 56
960 1392 1525
544 1393 445
86 1394 501
217 1395 353
1327 1396 1742
706 1397 1510
1270 1398 855
278 1399 754
1200 1400 845
970 1401 990
960 1402 499
1243 1403 991
229 1404 1653
1366 1405 1647
1146 1406 1453
662 1407 196
606 1408 311
691 1409 103
1183 1410 1540
891 1411 523
1091 1412 1495
550 1413 804
541 1414 1840
1106 1415 714
1356 1416 41
719 1417 62
196 1418 1217
695 1419 415
636 1420 516
1068 1421 953
423 1422 197
48 1423 1695
568 1424 961
520 1425 253
921 1426 1324
356 1427 1490
1154 1428 1867
773 1429 1247
1393 1430 2
1185 1431 843
1196 1432 787
429 1433 1144
358 1434 214
258 1435 1678
873 1436 1321
562 1437 1454
891 1438 853
1251 1439 1738
50 1440 1266
1063 1441 1250
852 1442 1508
541 1443 1403
917 1444 664
672 1445 1332
314 1446 757
589 1447 1799
1082 1448 482
1427 1449 826
372 1450 1022
920 1451 432
512 1452 475
825 1453 949
1180 1454 999
294 1455 1461
1168 1456 1470
1405 1457 1627
1113 1458 83
1209 1459 1686
292 1460 1279
396 1461 1256
1224 1462 751
222 1463 66
823 1464 848
800 1465 1589
300 1466 401
696 1467 1153
696 1468 1837
721 1469 589
354 1470 729
1409 1471 228
719 1472 1051
330 1473 1265
405 1474 265
272 1475 423
929 1476 725
1206 1477 1861
343 1478 1700
903 1479 177
1379 1480 741
526 1481 1154
1280 1482 326
641 1483 1765
898 1484 711
1449 1485 955
945 1486 1102
378 1487 1032
753 1488 1292
623 1489 33
437 1490 692
987 1491 1563
1134 1492 1803
1076 1493 1829
1230 1494 1441
781 1495 1263
1321 1496 1479
223 1497 633
1020 1498 239
504 1499 327
1176 1500 334
303 1501 1774
344 1502 1091
4 1503 1092
393 1504 236
213 1505 1275
1194 1506 1068
609 1507 221
1281 1508 329
1302 1509 1296
1477 1510 1173
337 1511 208
202 1512 1630
747 1513 794
332 1514 587
363 1515 706
1349 1516 113
1152 1517 1230
270 1518 1866
1024 1519 266
1017 1520 925
593 1521 1060
675 1522 539
877 1523 1819
1469 1524 279
1028 1525 1316
1314 1526 1030
610 1527 386
1217 1528 737
665 1529 1555
1348 1530 1224
1284 1531 1762
903 1532 1610
1108 1533 464
1110 1534 1338
290 1535 572
1027 1536 1859
1181 1537 722
788 1538 793
628 1539 1037
577 1540 11
859 1541 380
613 1542 322
1087 1543 308
385 1544 645
1026 1545 747
213 1546 1740
1302 1547 1009
10 1548 481
299 1549 1503
446 1550 1729
1212 1551 894
1414 1552 1133
1461 1553 1796
460 1554 613
50 1555 1502
1304 1556 1830
1336 1557 1669
653 1558 1429
1551 1559 1052
1117 1560 661
264 1561 620
808 1562 1860
1362 1563 143
1247 1564 733
1152 1565 13
1160 1566 1159
1527 1567 133
652 1568 1388
1231 1569 1831
1460 1570 1093
1292 1571 1655
1190 1572 696
842 1573 352
42 1574 495
292 1575 1320
989 1576 1228
1088 1577 813
30 1578 1750
1440 1579 1354
1206 1580 1533
1486 1581 846
212 1582 1468
1244 1583 543
1497 1584 1235
727 1585 1443
978 1586 525
482 1587 201
525 1588 1557
971 1589 1237
674 1590 1307
1339 1591 1372
1314 1592 155
622 1593 461
927 1594 389
1363 1595 1126
215 1596 372
763 1597 1521
178 1598 153
1192 1599 721
1095 1600 672
1005 1601 324
1378 1602 1576
283 1603 1136
1469 1604 1049
70 1605 1047
1463 1606 35
34 1607 1430
848 1608 26
216 1609 622
1157 1610 899
650 1611 174
1582 1612 1808
1574 1613 37
1171 1614 639
1086 1615 110
1328 1616 752
16 1617 1375
1384 1618 232
658 1619 80
906 1620 1369
939 1621 789
64 1622 577
341 1623 1087
852 1624 1142
426 1625 881
527 1626 1089
812 1627 871
240 1628 1787
629 1629 911
921 1630 762
1124 1631 1648
1062 1632 1366
254 1633 928
463 1634 179
707 1635 1777
158 1636 1844
1061 1637 1478
500 1638 428
1311 1639 636
1102 1640 1537
597 1641 1021
620 1642 1644
1547 1643 538
223 1644 1494
354 1645 1308
1252 1646 796
1288 1647 1788
291 1648 504
815 1649 1872
219 1650 1412
12 1651 408
924 1652 1676
1098 1653 1149
749 1654 1475
1486 1655 783
1282 1656 226
481 1657 91
573 1658 799
355 1659 1019
956 1660 1240
156 1661 518
836 1662 316
1584 1663 885
1237 1664 1629
306 1665 600
295 1666 908
172 1667 1581
1160 1668 315
417 1669 1341
1360 1670 727
52 1671 520
453 1672 356
1278 1673 952
496 1674 554
1632 1675 7
931 1676 1599
660 1677 1408
1313 1678 1794
759 1679 1733
947 1680 528
1633 1681 1046
1407 1682 497
530 1683 1786
1390 1684 466
1226 1685 1215
294 1686 656
1131 1687 1065
289 1688 1781
1650 1689 1726
307 1690 1745
132 1691 67
635 1692 1302
972 1693 1323
314 1694 929
883 1695 535
1158 1696 1776
1032 1697 175
892 1698 1651
1665 1699 138
376 1700 909
260 1701 1545
1491 1702 1111
1676 1703 717
343 1704 1050
1605 1705 1590
776 1706 264
450 1707 530
734 1708 1161
1595 1709 234
174 1710 1710
1682 1711 1389
1084 1712 28
1079 1713 1415
1594 1714 1442
506 1715 1410
1108 1716 800
1583 1717 743
315 1718 49
721 1719 323
1708 1720 578
305 1721 1621
387 1722 1186
68 1723 755
1012 1724 769
576 1725 1271
798 1726 745
1355 1727 108
329 1728 625
1018 1729 594
488 1730 1150
1507 1731 1591
941 1732 1654
164 1733 1667
1386 1734 50
210 1735 1838
1049 1736 1070
1644 1737 1335
1270 1738 597
1220 1739 1566
1498 1740 1833
1112 1741 1397
1188 1742 1512
843 1743 1428
1604 1744 842
78 1745 700
708 1746 1734
1583 1747 1386
1549 1748 55
1159 1749 847
1145 1750 76
1196 1751 1053
950 1752 1309
1216 1753 1100
928 1754 986
853 1755 281
247 1756 937
1159 1757 1870
760 1758 1248
839 1759 1875
737 1760 68
1677 1761 1634
589 1762 1660
961 1763 1575
1708 1764 1280
1581 1765 194
1173 1766 1067
1470 1767 1004
797 1768 1616
1599 1769 1526
1571 1770 69
364 1771 906
496 1772 1855
956 1773 200
475 1774 1747
1615 1775 360
217 1776 584
812 1777 1857
1502 1778 786
1513 1779 573
1275 1780 247
1235 1781 724
1422 1782 157
481 1783 1465
1426 1784 25
575 1785 529
277 1786 1432
560 1787 1333
114 1788 965
560 1789 1129
448 1790 1219
