673 704
631 99 665
631 405 361
405 69 234
69 599 585
599 402 570
402 291 451
291 141 699
270 141 315
270 206 363
206 443 511
443 14 366
14 517 343
517 122 221
122 371 48
634 371 68
634 287 461
287 401 405
401 130 462
130 449 527
449 565 330
565 160 40
160 99 647
99 647 560
647 412 205
412 343 645
343 435 65
435 633 482
633 155 157
155 589 460
589 97 402
97 670 350
670 556 94
556 515 227
615 515 106
615 90 155
90 209 554
209 205 125
205 347 43
347 622 283
622 132 21
132 266 143
266 202 373
202 137 38
99 137 638
515 361 698
361 143 91
143 362 55
362 356 14
356 614 440
614 113 427
113 87 389
87 355 515
355 486 375
486 637 191
637 173 47
602 173 562
602 55 380
55 608 208
608 447 643
447 243 686
243 545 523
545 197 552
197 592 587
592 319 588
319 537 26
515 537 656
173 511 98
511 128 15
128 260 81
260 239 113
239 483 146
483 420 423
420 34 399
34 27 467
27 404 193
404 7 254
7 242 122
236 242 614
236 577 680
577 203 600
203 595 69
595 657 194
657 273 485
273 628 542
628 22 608
22 630 349
630 507 313
173 507 411
242 571 237
571 399 530
399 103 46
103 583 161
583 523 659
523 491 32
491 31 630
31 533 202
533 51 181
51 191 67
191 28 593
40 28 168
40 389 472
389 454 390
454 513 538
513 148 367
148 6 672
6 150 34
150 422 253
422 140 357
140 314 176
242 314 116
28 217 124
217 174 379
174 43 70
43 78 135
78 300 650
300 339 110
339 419 598
419 579 243
579 508 132
508 45 456
45 437 341
212 437 77
212 672 507
672 284 111
284 306 37
306 414 391
414 30 612
30 632 129
632 186 128
186 453 619
453 104 210
28 104 119
437 303 400
303 421 217
421 474 114
474 494 490
494 415 174
415 88 308
88 531 247
531 147 502
147 431 173
431 35 346
35 461 41
597 461 326
597 588 318
588 335 71
335 430 437
430 606 579
606 462 662
462 596 469
596 514 293
514 382 528
382 433 407
437 433 338
461 467 35
467 457 207
457 444 28
444 304 454
304 10 284
10 133 586
133 331 92
331 229 259
229 645 171
645 162 244
162 544 622
77 544 470
77 109 369
109 336 100
336 440 206
440 281 702
281 290 163
290 505 627
505 638 141
638 118 137
118 590 602
461 590 109
544 262 683
262 476 592
476 469 420
469 94 218
94 57 97
57 635 204
635 204 190
204 221 577
221 138 690
138 49 493
49 471 203
276 471 595
276 48 408
48 665 183
665 417 54
417 269 701
269 98 75
98 386 82
386 580 673
580 481 220
481 123 646
544 123 666
471 548 388
548 39 687
39 194 640
194 351 96
351 567 187
567 107 182
107 267 24
267 257 169
257 478 156
478 459 58
459 37 691
357 37 131
357 489 215
489 246 546
246 17 413
17 479 631
479 484 211
484 117 486
117 312 134
312 446 180
446 302 478
471 302 196
37 280 13
280 58 563
58 93 298
93 392 697
392 536 547
536 337 272
337 650 33
650 225 477
225 261 421
261 554 510
554 1 453
1 649 277
649 436 275
436 179 3
179 600 265
600 475 401
475 277 89
277 539 556
539 264 692
264 223 359
223 230 611
37 230 395
141 619 118
619 20 164
20 359 494
359 553 682
553 487 139
487 307 504
307 380 561
380 549 365
549 426 301
426 490 385
490 163 107
134 163 76
134 572 314
572 429 576
429 393 624
393 285 354
285 199 162
199 164 360
164 256 491
256 315 648
315 374 403
141 374 353
163 408 235
408 213 364
213 185 505
185 154 432
154 552 414
552 463 286
463 655 336
655 219 226
219 198 294
198 330 492
330 352 233
375 352 344
375 543 232
543 667 616
667 227 613
227 210 607
210 75 383
75 557 628
557 171 39
171 395 159
395 560 651
163 560 270
352 456 441
456 175 539
175 268 526
268 72 642
72 512 327
512 504 558
504 224 151
224 591 273
591 9 464
9 145 516
145 409 433
158 409 223
158 342 307
342 18 663
18 640 251
640 642 652
642 289 567
289 325 306
325 460 334
460 501 304
501 626 299
352 626 138
409 365 425
365 161 566
161 413 551
413 61 584
61 4 87
4 151 255
151 574 8
574 455 498
455 623 459
623 472 145
472 568 487
181 568 426
181 465 473
465 190 455
190 353 331
353 323 658
323 466 549
466 573 144
573 368 291
368 555 591
555 646 506
409 646 20
568 448 323
448 283 371
283 62 594
62 377 305
377 320 620
320 527 271
527 621 443
621 248 154
248 265 684
265 124 681
124 673 121
598 673 452
598 233 12
233 616 276
616 165 429
165 322 142
322 216 605
216 570 571
570 345 86
345 384 31
384 341 428
568 341 514
673 604 264
604 44 258
44 111 689
111 593 525
593 524 108
524 25 544
25 215 240
215 652 260
652 397 2
397 509 424
509 8 9
172 8 266
172 73 250
73 324 11
324 286 104
286 142 534
142 275 167
275 318 434
318 102 332
102 480 442
480 396 42
673 396 553
8 211 53
211 407 378
407 36 568
36 282 376
282 214 112
214 373 57
373 659 522
659 394 535
394 238 281
238 468 700
468 279 252
60 279 480
60 410 603
410 177 199
177 564 51
564 310 102
310 488 126
488 586 416
586 316 481
316 612 508
612 253 242
8 253 404
279 620 674
620 653 677
653 108 73
108 252 133
252 644 236
644 427 30
427 313 263
313 249 396
249 497 17
497 378 496
378 258 153
609 258 189
609 237 590
237 11 503
11 627 88
627 629 678
629 170 213
170 15 269
15 654 557
654 518 392
518 666 676
279 666 541
258 607 675
607 66 179
66 411 229
411 144 572
144 47 72
47 110 362
110 321 309
321 240 320
240 255 50
255 522 351
522 222 345
526 222 574
526 91 599
91 326 268
326 272 297
272 19 370
19 364 573
364 189 641
189 228 147
228 660 661
660 624 449
258 624 49
222 520 287
520 496 372
496 350 337
350 251 635
251 464 483
464 406 688
406 232 623
232 428 695
428 187 439
187 274 475
274 2 6
2 358 342
358 551 231
551 516 158
516 38 322
38 159 120
159 311 536
311 332 597
332 105 317
105 506 29
506 86 16
222 86 18
371 50 644
50 295 295
295 346 670
346 370 471
370 581 74
581 317 529
317 126 150
126 112 166
112 439 466
439 611 101
611 503 321
470 503 626
470 85 450
85 530 564
5 530 228
5 106 219
106 294 649
294 59 386
59 558 393
558 492 27
492 65 445
371 65 488
503 247 83
247 200 216
200 309 319
309 46 484
46 80 654
80 584 136
584 532 261
532 196 274
196 452 186
452 528 245
528 391 543
299 391 406
299 180 657
180 366 316
366 369 509
369 54 531
54 136 667
136 390 140
390 651 410
651 53 248
53 403 267
503 403 329
391 473 123
473 234 394
234 116 499
116 250 230
250 636 10
636 338 537
338 398 629
398 115 352
115 95 52
95 381 296
381 535 578
663 535 618
663 192 669
192 23 634
23 152 575
152 41 381
41 668 61
668 301 703
301 42 356
42 379 289
379 344 19
391 344 152
535 29 468
29 529 90
529 292 500
292 125 555
125 231 589
231 71 368
71 83 382
83 450 457
450 482 512
482 149 103
149 96 288
538 96 655
538 519 418
519 21 84
21 166 495
166 241 358
241 68 601
68 16 212
16 546 225
546 184 559
184 563 325
535 563 609
96 423 311
423 334 62
334 603 374
603 12 36
12 178 532
178 432 238
432 220 415
220 383 292
383 114 548
114 244 23
244 510 249
540 510 56
540 188 222
188 348 476
348 208 596
208 235 310
235 153 303
153 131 377
131 610 704
610 400 5
400 182 348
96 182 422
510 587 435
587 349 430
349 521 521
521 671 256
671 656 184
656 388 517
388 500 148
500 56 615
56 195 660
195 493 696
493 89 610
561 89 312
561 360 4
360 613 160
613 207 63
207 76 64
76 534 533
534 376 409
376 541 328
541 594 178
594 387 99
510 387 333
89 135 188
135 451 565
451 263 458
263 293 117
293 643 431
643 67 80
67 169 545
169 33 175
33 278 387
278 424 625
424 425 347
70 425 637
70 354 280
354 661 85
661 333 550
333 245 583
245 129 241
129 254 127
254 498 279
498 625 78
625 176 580
89 176 278
425 569 633
569 82 518
82 601 130
601 566 335
566 547 632
547 441 165
441 81 447
81 156 257
156 495 604
495 84 474
84 648 172
13 648 282
13 664 513
664 288 95
288 146 214
146 618 621
618 578 617
578 74 520
74 92 444
92 32 693
32 52 606
425 52 44
648 363 694
363 100 201
100 585 436
585 157 290
157 559 59
559 445 463
445 416 25
416 485 197
485 167 22
167 183 262
183 669 479
168 669 115
168 367 285
367 434 302
434 562 668
562 121 489
121 477 540
477 305 66
305 575 497
575 127 324
127 458 93
648 458 581
669 328 438
328 542 149
542 201 300
201 193 671
193 120 1
120 499 198
499 372 501
372 327 653
327 442 519
442 329 465
329 3 664
3 385 105
385 418 195
418 525 397
525 576 419
576 79 417
79 550 398
550 605 412
605 26 685
26 63 79
63 582 340
669 582 246
530 218 177
218 271 339
271 641 679
641 297 60
297 24 200
24 119 446
119 438 355
438 64 185
64 308 209
308 298 239
298 662 636
662 617 639
617 658 448
658 101 582
101 139 224
139 340 45
340 502 7
502 296 384
296 639 192
639 259 170
259 226 524
530 226 569
