609 640
129 438 160
129 432 200
432 334 17
334 100 512
100 550 413
550 213 497
91 213 284
91 541 373
541 290 339
290 55 108
55 153 15
153 500 208
500 267 99
197 267 287
197 597 11
597 349 115
349 528 3
528 307 305
307 147 57
147 438 172
438 25 534
25 115 406
115 495 315
495 306 622
306 519 156
519 44 163
44 151 232
151 465 317
465 301 302
301 107 527
360 107 582
360 455 313
455 126 529
126 386 416
386 24 191
24 54 332
54 381 322
381 170 355
170 504 354
438 504 278
107 376 599
376 353 566
353 281 401
281 89 359
89 223 210
223 269 602
269 329 193
329 325 370
325 440 425
440 476 205
181 476 249
181 382 351
382 226 196
226 514 477
514 121 236
121 586 487
586 116 19
116 18 572
18 190 266
107 190 498
476 548 257
548 158 187
158 174 268
174 346 340
346 359 590
359 594 141
594 244 277
244 451 474
451 485 455
485 302 343
471 302 341
471 105 404
105 417 472
417 502 333
502 577 300
577 364 632
364 112 399
112 429 397
429 78 104
476 78 177
302 444 289
444 448 83
448 481 82
481 313 161
313 98 633
98 208 426
208 556 178
556 12 180
12 21 636
21 345 124
252 345 430
252 80 321
80 472 143
472 253 219
253 571 520
571 300 469
300 48 465
48 604 533
604 259 13
302 259 495
345 525 525
525 168 494
168 580 503
580 547 79
547 257 116
257 523 468
523 488 539
488 304 10
304 242 389
242 173 585
540 173 371
540 139 546
139 94 410
94 203 282
203 375 16
375 156 105
156 148 588
148 87 280
87 145 301
345 145 528
173 52 244
52 356 390
356 567 619
567 606 90
606 582 238
582 569 509
569 595 563
595 288 491
288 343 314
343 513 203
371 513 429
371 431 492
431 227 240
227 248 174
248 603 346
603 588 462
588 157 342
157 159 358
159 591 242
173 591 488
513 260 66
260 535 218
535 277 93
277 280 637
280 361 149
361 179 262
179 450 328
450 59 229
59 68 145
68 394 516
529 394 545
529 497 454
497 67 423
67 185 478
185 336 562
336 176 25
176 609 441
609 164 198
164 486 536
513 486 1
394 596 84
596 125 607
125 326 26
326 443 185
443 303 517
303 41 233
41 563 594
563 324 443
324 65 319
65 489 628
489 511 258
524 511 20
524 509 367
509 424 134
424 536 312
536 419 603
419 474 80
474 180 87
180 377 586
394 377 88
489 279 290
279 575 535
575 312 613
312 34 569
34 22 164
22 418 461
418 517 62
517 251 224
251 332 368
332 167 246
410 167 35
410 239 574
239 401 47
401 542 483
542 295 325
295 330 53
330 229 631
229 602 158
602 237 378
489 237 2
167 407 400
407 400 318
400 427 130
427 441 506
441 194 50
194 196 260
196 590 395
590 372 12
372 475 463
475 1 45
1 391 234
391 231 408
231 162 571
162 470 377
470 82 225
82 46 391
46 261 405
261 561 142
561 178 94
167 178 412
213 421 548
421 206 450
206 189 526
189 404 188
404 191 215
191 393 625
393 160 256
160 289 456
289 456 148
456 348 471
585 348 532
585 297 27
297 327 166
327 10 211
10 137 297
137 187 55
187 188 451
188 275 125
275 123 596
213 123 133
348 403 411
403 374 139
374 510 303
510 142 121
142 558 438
558 347 190
347 240 524
240 217 587
217 101 51
101 518 589
62 518 627
62 458 398
458 487 476
487 392 580
392 45 513
45 38 227
38 79 61
79 53 171
53 435 620
348 435 206
518 498 350
498 299 146
299 337 552
337 146 348
146 570 640
570 104 59
104 434 601
434 221 63
221 114 553
114 172 452
130 172 519
130 245 434
245 219 604
219 318 316
318 88 433
88 20 615
20 73 67
73 256 40
256 198 294
518 198 118
172 26 505
26 108 114
108 362 575
362 182 7
182 351 381
351 266 288
266 566 14
566 70 286
70 373 81
373 17 181
479 17 460
479 232 338
232 380 306
380 83 279
83 220 320
220 405 617
405 321 235
321 30 555
30 155 418
172 155 75
17 127 119
127 16 29
16 466 243
466 124 600
124 494 18
494 430 293
430 468 549
468 218 458
218 71 629
71 363 639
4 363 559
4 543 175
543 411 32
411 47 129
47 499 23
499 557 274
557 263 28
263 398 202
398 560 169
17 560 295
363 292 92
292 287 37
287 352 616
352 284 384
284 452 195
452 166 610
166 482 502
482 422 147
422 247 421
247 574 473
106 574 365
106 316 36
316 505 74
505 317 440
317 230 467
230 527 394
527 508 499
508 515 292
515 270 9
363 270 64
574 576 71
576 415 137
415 539 70
539 503 407
503 298 558
298 5 135
5 85 542
85 119 264
119 274 353
274 530 261
581 530 52
581 357 611
357 43 349
43 278 39
278 323 38
323 241 541
241 255 445
255 152 138
152 568 44
574 568 577
530 293 554
293 464 606
464 310 417
310 592 396
592 193 331
193 276 376
276 355 173
355 545 189
545 384 392
384 521 48
559 521 111
559 56 515
56 49 8
49 555 597
555 480 500
480 161 366
161 249 214
249 512 199
512 118 623
530 118 479
521 516 285
516 291 447
291 445 459
445 437 324
437 533 635
533 565 630
565 264 449
264 520 485
520 235 109
235 534 122
138 534 216
138 368 369
368 96 508
96 23 336
23 111 207
111 447 364
447 90 78
90 433 252
433 37 77
521 37 201
534 449 43
449 271 480
271 238 504
238 598 72
598 467 217
467 583 22
583 315 344
315 28 212
28 549 605
549 2 113
2 133 241
133 149 220
149 186 5
186 102 634
102 507 453
507 268 34
268 473 363
473 243 299
243 74 598
534 74 621
267 358 329
358 6 481
6 211 153
211 413 489
413 593 49
593 320 86
320 144 591
144 7 570
7 531 131
531 171 91
314 171 457
314 97 567
97 92 275
92 150 272
150 379 550
379 61 573
61 552 626
552 132 245
132 262 507
267 262 334
171 250 157
250 453 595
453 402 168
402 117 446
117 378 357
378 286 444
286 526 382
526 120 514
120 335 387
335 109 222
572 109 237
572 32 270
32 228 415
228 184 152
184 202 69
202 390 228
390 605 431
605 426 308
426 199 383
171 199 291
109 254 186
254 224 136
224 584 209
584 333 592
333 369 97
369 428 543
428 33 335
33 340 106
340 131 96
131 423 584
222 423 230
222 607 73
607 134 330
134 491 68
491 136 510
136 39 253
39 493 54
493 454 154
454 183 380
109 183 402
423 31 422
31 460 638
460 272 194
272 579 522
579 420 388
420 51 593
51 64 56
64 387 140
387 99 424
99 19 576
573 19 128
573 57 132
57 385 551
385 273 102
273 285 100
285 484 612
484 135 6
135 236 60
236 341 337
423 341 375
19 9 530
9 463 327
463 265 103
265 50 403
50 76 281
76 11 204
11 86 439
86 215 393
215 177 126
177 141 475
13 141 560
13 200 4
200 216 255
216 409 448
409 501 372
501 207 150
207 397 165
397 589 583
589 406 271
19 406 95
141 143 608
143 84 484
84 81 531
81 506 247
506 562 101
562 95 223
95 140 30
140 553 120
553 395 33
395 201 501
436 201 523
436 205 231
205 66 98
66 389 21
389 554 182
554 412 159
412 15 614
15 309 624
309 296 107
141 296 568
201 246 356
246 63 347
63 469 466
469 40 581
40 77 151
77 14 112
14 425 618
425 457 221
457 388 307
388 367 435
483 367 493
483 75 263
75 354 269
354 36 361
36 532 298
532 175 557
175 169 556
169 339 345
339 416 311
201 416 511
367 396 609
396 462 155
462 537 127
537 210 578
210 42 579
42 477 42
477 366 432
366 399 540
399 93 184
93 72 428
122 72 213
122 311 58
311 522 436
522 459 192
459 578 283
578 599 490
599 258 360
258 564 564
564 538 565
367 538 254
72 344 544
344 331 31
331 587 518
587 322 470
322 370 110
370 338 179
338 233 248
233 212 117
212 350 250
350 551 65
308 551 427
308 608 464
608 209 486
209 165 167
165 234 442
234 154 239
154 58 374
58 319 419
319 446 41
72 446 304
551 294 267
294 283 46
283 408 176
408 342 273
342 27 409
27 35 362
35 328 162
328 546 521
546 214 561
214 3 326
3 439 352
439 110 496
110 195 183
195 69 537
69 383 276
383 461 323
461 29 296
29 204 547
204 282 123
551 282 259
511 600 420
600 163 24
163 305 379
305 414 538
414 496 226
496 442 437
442 128 251
128 544 170
544 192 309
192 103 386
103 113 197
113 8 76
8 365 85
365 492 414
492 478 385
478 225 89
225 490 144
490 601 482
601 60 310
511 60 265
