988 1034
98 72 777
98 244 924
244 384 477
384 190 533
190 932 595
932 456 781
456 773 860
679 773 45
679 774 809
774 751 798
751 64 451
64 433 150
433 459 660
459 394 144
108 394 967
108 399 789
399 292 829
292 566 367
566 20 786
20 202 735
202 501 447
501 72 656
72 379 246
379 115 730
115 282 423
282 700 380
700 114 1034
114 846 745
846 810 951
810 668 782
668 413 907
413 883 44
883 273 879
959 273 279
959 576 804
576 856 512
856 518 484
518 187 233
187 557 244
557 133 535
133 722 992
722 653 711
653 257 515
72 257 32
273 542 8
542 184 604
184 838 48
838 685 47
685 716 82
716 789 849
789 513 295
513 826 760
826 359 998
359 571 716
571 974 214
410 974 1028
410 629 394
629 643 685
643 386 106
386 78 1026
78 345 524
345 899 119
899 618 653
618 665 220
665 828 661
273 828 464
974 23 350
23 33 231
33 746 516
746 684 1025
684 207 174
207 588 404
588 280 617
280 145 630
145 910 256
910 871 363
871 388 687
362 388 105
362 667 605
667 592 666
592 155 570
155 522 49
522 642 528
642 32 491
32 163 284
163 231 720
231 662 699
974 662 198
388 623 497
623 22 1022
22 560 557
560 869 531
869 494 401
494 153 462
153 431 358
431 121 631
121 44 182
44 25 203
25 942 403
19 942 632
19 47 787
47 112 532
112 933 146
933 354 272
354 157 78
157 709 59
709 713 949
713 234 232
234 382 223
388 382 703
942 903 784
903 634 891
634 556 676
556 831 271
831 81 865
81 827 899
827 931 445
931 66 983
66 697 62
697 175 431
175 272 593
461 272 221
461 416 791
416 495 729
495 220 855
220 5 594
5 854 192
854 726 580
726 107 833
107 801 968
801 703 482
942 703 460
272 987 569
987 957 725
957 83 811
83 603 629
603 168 1015
168 449 228
449 389 421
389 787 1011
787 829 928
829 551 1009
551 165 328
344 165 14
344 284 953
284 432 103
432 99 869
99 744 763
744 675 818
675 250 12
250 158 486
158 944 311
944 299 276
272 299 956
165 69 179
69 430 419
430 678 305
678 42 946
42 600 366
600 694 234
694 391 929
391 604 299
604 792 355
792 927 381
927 526 945
661 526 648
661 304 568
304 896 522
896 325 933
325 708 995
708 300 772
300 338 985
338 481 485
481 36 71
36 111 817
165 111 310
526 79 867
79 75 616
75 353 155
353 888 390
888 613 1002
613 15 97
15 213 884
213 970 206
970 269 830
269 537 828
537 454 455
311 454 878
311 583 247
583 141 199
141 57 796
57 975 127
975 598 565
598 366 681
366 971 719
971 753 810
753 750 411
526 750 88
454 387 190
387 105 897
105 217 502
217 65 333
65 176 98
176 129 303
129 568 733
568 717 184
717 772 210
772 506 704
506 834 613
92 834 207
92 733 349
733 651 678
651 498 944
498 340 55
340 770 351
770 193 826
193 326 870
326 205 713
205 864 1006
454 864 64
834 729 122
729 291 680
291 677 109
677 860 910
860 767 771
767 103 700
103 985 374
985 706 138
706 73 293
73 835 530
835 589 68
395 589 108
395 565 38
565 535 160
535 695 342
695 782 615
782 616 800
616 637 723
637 243 495
243 162 494
162 840 307
834 840 519
589 237 903
237 169 39
169 546 386
546 946 23
946 346 189
346 972 572
972 878 963
878 523 566
523 441 402
441 248 496
248 321 757
476 321 377
476 572 635
572 235 75
235 656 326
656 18 938
18 509 917
509 638 446
638 110 601
110 877 875
877 520 334
589 520 567
321 53 422
53 256 780
256 701 282
701 27 400
27 818 347
818 192 415
192 17 114
17 330 104
330 219 1008
219 204 329
204 306 921
923 306 153
923 179 634
179 895 868
895 279 34
279 870 582
870 308 322
308 483 267
483 688 542
688 499 85
499 605 583
321 605 874
306 281 959
281 255 597
255 529 330
529 274 819
274 945 428
945 851 822
851 581 229
581 724 420
724 286 51
286 691 654
691 867 972
711 867 301
711 469 162
469 331 382
331 573 298
573 4 873
4 735 204
735 548 710
548 127 157
127 203 313
203 631 241
306 631 1032
867 766 662
766 549 176
549 434 152
434 146 383
146 799 306
799 360 769
360 514 627
514 784 461
784 764 962
764 470 694
470 596 969
872 596 399
872 666 641
666 815 281
815 447 1029
447 261 372
261 749 590
749 465 257
465 139 702
139 374 143
374 574 274
867 574 289
596 693 1014
693 660 895
660 142 202
142 940 263
940 865 384
865 837 434
837 964 443
964 822 638
822 845 1020
845 296 941
296 1 549
1 806 235
806 355 628
355 785 840
785 373 805
373 423 976
423 808 269
808 365 359
365 639 211
639 229 67
229 116 215
596 116 803
773 342 584
342 683 603
683 317 163
317 21 912
21 983 740
983 164 95
164 137 348
137 371 973
371 262 753
262 209 696
209 632 76
938 632 997
938 148 544
148 26 159
26 356 18
356 233 871
233 575 448
575 614 766
614 60 746
60 886 324
886 756 776
773 756 227
632 519 667
519 812 1024
812 765 254
765 464 575
464 633 851
633 357 26
357 671 164
671 532 300
532 206 312
206 245 335
245 136 492
208 136 245
208 904 547
904 491 546
491 151 815
151 445 180
445 935 521
935 407 647
407 40 412
40 267 57
267 14 571
632 14 882
136 553 862
553 177 927
177 952 320
952 803 268
803 672 93
672 492 251
492 289 99
289 406 72
406 225 493
225 905 831
905 879 517
955 879 984
955 738 1019
738 161 808
161 368 197
368 745 393
745 978 728
978 285 481
285 874 270
874 734 436
734 188 430
136 188 768
879 502 156
502 130 294
130 859 139
859 979 265
979 664 25
664 138 834
138 46 523
46 156 504
156 950 970
950 7 291
7 602 954
500 602 417
500 579 120
579 377 770
377 947 1013
947 862 336
862 196 652
196 963 416
963 961 797
961 41 500
41 887 659
879 887 520
602 752 977
752 343 479
343 645 337
645 411 765
411 698 117
698 35 260
35 921 21
921 747 369
747 681 690
681 212 994
212 417 11
185 417 896
185 848 846
848 170 458
170 452 187
452 396 545
396 611 820
611 727 454
727 149 718
149 333 132
333 486 316
602 486 94
417 6 679
6 620 66
620 468 555
468 70 475
70 954 469
954 77 915
77 118 467
118 779 689
779 816 932
816 9 612
9 324 614
259 324 824
259 965 466
965 101 942
101 626 3
626 621 979
621 266 442
266 444 806
444 246 414
246 644 131
644 517 926
417 517 37
324 28 173
28 538 151
538 636 738
636 288 864
288 564 529
564 900 558
900 781 84
781 718 385
718 723 405
723 915 240
915 511 239
337 511 252
337 372 89
372 124 943
124 8 859
8 725 438
725 906 823
906 739 201
739 37 939
37 120 426
120 482 1001
324 482 761
511 580 1012
580 438 657
438 376 889
376 480 639
480 125 880
125 154 36
154 173 940
173 159 611
159 226 43
226 440 69
440 593 407
82 593 872
82 295 242
295 586 440
586 929 391
929 741 168
741 967 425
967 646 61
646 881 839
881 530 919
530 488 900
511 488 83
593 913 489
913 552 230
552 880 92
880 363 102
363 512 4
512 61 599
61 307 40
307 594 540
594 937 906
937 705 931
705 732 971
10 732 536
10 160 888
160 253 283
253 508 894
508 769 365
769 981 456
981 953 388
953 797 387
797 555 674
555 894 341
593 894 918
732 186 587
186 397 842
397 919 727
919 777 626
777 117 465
117 429 695
429 436 91
436 135 490
135 56 726
56 988 785
988 610 988
920 610 887
920 609 664
609 258 743
258 902 193
902 350 250
350 545 264
545 980 167
980 49 133
49 657 81
657 820 395
732 820 248
610 450 600
450 442 958
442 714 378
714 830 920
830 578 843
578 455 675
455 863 892
863 531 128
531 715 588
715 641 280
641 446 285
497 446 353
497 939 905
939 172 1018
172 418 551
418 861 581
861 748 644
748 528 325
528 876 742
876 312 845
312 283 121
610 283 126
446 381 5
381 349 853
349 297 288
297 984 960
984 123 534
123 448 573
448 336 261
336 39 619
39 126 354
126 320 46
320 223 79
241 223 722
241 327 1017
327 471 651
471 247 914
247 352 721
352 707 514
707 113 472
113 390 209
390 335 473
335 577 236
446 577 178
223 615 73
615 761 890
761 310 602
310 814 682
814 543 978
543 771 1016
771 140 1033
140 795 691
795 183 739
183 786 554
786 358 315
689 358 343
689 658 136
658 951 74
951 868 96
868 402 100
402 924 793
924 94 277
94 515 255
515 759 838
759 84 712
223 84 338
358 608 510
608 936 881
936 676 321
676 329 841
329 901 852
901 648 589
648 916 672
916 195 802
195 587 392
587 24 166
24 841 986
628 841 799
628 625 608
625 654 435
654 682 63
682 478 296
478 147 957
147 833 22
833 907 508
907 76 773
76 477 439
358 477 13
841 554 65
554 424 309
424 332 916
332 369 563
369 54 673
54 763 80
763 222 375
222 270 850
270 986 861
986 755 948
755 2 844
2 227 645
227 601 665
601 760 548
760 521 578
521 911 113
911 74 848
74 505 212
505 731 463
731 199 222
199 224 194
841 224 620
394 339 756
339 380 858
380 232 58
232 585 698
585 412 77
412 813 1004
813 215 470
215 547 449
547 890 624
890 510 1023
510 736 795
90 736 318
90 962 556
962 584 362
584 674 857
674 197 686
197 754 87
754 427 226
427 790 893
790 421 327
421 322 110
394 322 208
736 351 991
351 230 747
230 800 825
800 88 832
88 59 774
59 943 304
943 252 42
252 63 637
63 570 218
570 89 1031
89 453 812
43 453 54
43 201 936
201 958 459
958 617 195
617 540 86
540 131 610
131 167 606
167 912 238
912 375 736
375 743 134
736 743 559
453 670 553
670 472 413
472 825 124
825 85 24
85 891 750
891 87 752
87 150 205
150 485 902
485 798 20
798 847 724
847 457 767
673 457 487
673 236 625
236 474 357
474 788 783
788 866 591
866 802 564
802 793 836
793 86 28
86 622 371
622 824 706
453 824 813
457 686 981
686 836 731
836 982 923
982 181 732
181 265 361
265 260 965
260 496 778
496 926 683
926 128 253
128 699 993
699 409 987
238 409 52
238 809 506
809 669 898
669 34 148
34 52 856
52 692 444
692 762 370
762 968 737
968 240 418
240 507 314
457 507 432
409 811 225
811 405 171
405 475 658
475 627 709
627 67 847
67 719 373
719 720 1
720 80 755
80 737 974
737 425 266
425 315 6
301 315 30
301 839 741
839 533 111
533 50 560
50 606 19
606 473 101
473 166 901
166 536 16
536 392 961
392 385 123
409 385 909
315 791 633
791 804 925
804 630 693
630 178 191
178 45 437
45 768 10
768 305 650
305 832 237
832 239 955
239 875 646
875 563 352
591 563 35
591 527 345
527 805 480
805 778 1003
778 51 410
51 152 9
152 316 196
316 817 135
817 393 715
393 210 748
315 210 1030
563 328 389
328 12 885
12 780 175
780 757 149
757 275 290
275 290 457
290 100 935
100 91 292
91 334 501
334 539 474
539 467 707
973 467 216
973 690 952
690 852 186
852 277 17
277 882 185
882 493 406
493 489 708
489 422 129
422 302 424
302 885 975
563 885 744
467 97 950
97 897 636
897 516 525
516 758 344
758 30 642
30 849 552
849 582 577
582 134 671
134 550 592
550 443 453
443 182 775
29 182 677
29 599 50
599 298 668
298 221 379
221 96 643
96 925 596
925 268 1027
268 742 125
742 370 764
370 303 697
467 303 684
182 541 499
541 439 7
439 194 669
194 401 397
401 659 908
659 569 488
569 463 115
463 419 947
419 917 177
917 842 278
842 408 147
821 408 217
821 309 368
309 562 518
562 31 302
31 106 286
106 367 262
367 928 877
928 189 876
189 95 188
95 293 33
182 293 511
408 122 640
122 776 396
776 710 1007
710 458 183
458 191 816
191 612 937
612 525 562
525 930 541
930 561 509
561 819 618
819 898 112
271 898 579
271 264 701
264 650 543
650 783 332
783 361 452
361 892 200
892 969 762
969 347 116
347 462 527
462 966 788
408 966 734
898 460 243
460 696 964
696 490 585
490 597 537
597 487 31
487 857 863
857 428 792
428 484 224
484 16 989
16 524 356
524 649 1021
702 649 609
702 200 468
200 254 663
254 68 259
68 48 550
48 807 526
807 704 576
704 567 275
567 171 1000
171 559 751
898 559 2
649 544 794
544 13 483
13 687 398
687 71 141
71 218 161
218 143 999
143 400 538
400 55 471
55 341 169
341 378 1010
378 712 821
249 712 717
249 823 886
823 640 258
640 174 503
174 38 513
38 889 340
889 414 476
414 909 498
909 313 213
313 976 165
649 976 158
712 941 866
941 624 670
624 211 107
211 287 837
287 228 29
228 403 827
403 893 145
893 844 429
844 420 801
420 144 154
144 435 655
663 435 574
663 180 287
180 619 598
619 590 790
590 922 317
922 956 249
956 655 904
655 873 754
873 242 1005
242 214 15
712 214 130
435 960 319
960 132 427
635 132 539
635 466 297
466 775 360
775 216 779
216 850 835
850 62 346
62 348 441
348 647 621
647 794 478
263 794 996
263 914 749
914 451 990
451 680 118
680 102 408
102 504 172
504 404 649
404 251 759
251 855 561
855 796 911
435 796 982
794 558 705
558 323 41
323 119 758
119 858 450
858 398 170
398 314 980
314 949 364
949 104 53
104 503 930
503 730 922
730 3 505
3 364 181
364 918 807
918 843 688
843 884 966
884 437 219
437 607 883
607 318 273
318 934 142
934 319 934
319 652 140
794 652 507
132 595 433
595 11 331
11 728 137
728 853 622
853 278 607
278 977 586
977 721 409
721 479 339
479 109 913
109 383 90
383 93 692
93 534 376
534 948 70
948 908 60
908 740 854
740 276 56
276 415 323
415 198 814
198 58 714
58 426 308
426 294 623
132 294 27
