424 470
332 417 384
332 22 203
22 94 464
70 94 173
70 340 365
340 64 129
396 64 153
396 190 286
190 385 25
385 417 42
417 259 54
259 393 269
393 26 196
26 394 158
394 329 458
299 329 296
299 287 48
287 34 341
34 24 218
417 24 127
329 125 57
125 336 357
336 37 208
37 106 234
106 424 9
183 424 451
183 231 337
231 341 159
341 212 175
329 212 64
424 381 265
381 304 132
304 334 456
334 85 322
85 214 94
404 214 198
404 345 96
345 135 311
135 47 385
424 47 128
214 158 95
158 245 10
245 10 289
10 272 308
272 395 338
46 395 91
46 239 69
239 322 17
322 186 441
214 186 106
395 405 401
405 358 161
358 386 353
386 255 11
255 370 142
357 370 216
357 315 21
315 298 238
298 416 465
395 416 375
370 284 183
284 333 149
333 338 145
338 269 30
269 149 252
49 149 76
49 364 349
364 205 73
205 346 47
370 346 101
149 27 247
27 377 111
377 220 68
220 162 119
162 145 430
422 145 66
422 264 260
264 151 383
151 95 88
149 95 425
145 39 121
39 107 364
107 100 283
100 23 304
23 74 256
155 74 368
155 331 285
331 217 79
217 198 318
145 198 316
74 232 46
232 327 358
327 348 325
348 213 35
213 361 41
117 361 37
117 274 367
274 301 267
301 76 298
74 76 319
361 146 70
146 84 141
84 112 181
112 218 300
218 314 261
51 314 50
51 237 420
237 313 378
313 11 273
361 11 335
314 83 72
252 83 214
252 144 449
144 57 314
57 21 122
251 21 228
251 142 293
142 89 454
89 137 74
314 137 170
21 415 81
415 18 115
18 118 226
118 355 333
355 229 268
197 229 134
197 265 20
265 120 40
120 44 6
21 44 185
229 170 330
170 319 32
319 328 348
328 122 126
122 243 282
61 243 248
61 266 167
266 276 329
276 204 146
229 204 399
243 28 102
28 408 55
408 222 241
222 179 343
179 60 63
376 60 139
376 371 262
371 387 418
387 349 62
243 349 403
60 35 326
35 310 374
310 73 7
73 92 373
92 1 235
1 182 272
182 133 377
133 360 14
360 337 28
60 337 366
94 268 52
268 271 446
271 153 168
153 260 320
260 291 419
202 291 195
202 50 137
50 148 163
148 114 212
94 114 120
291 372 245
372 374 388
374 368 4
368 300 442
300 159 29
87 159 448
87 289 359
289 279 321
279 418 254
291 418 469
159 91 103
91 248 309
248 297 61
297 174 467
174 273 130
7 273 438
7 38 381
38 378 275
378 81 231
159 81 344
273 59 339
59 258 360
258 335 194
335 365 193
365 342 166
343 342 13
343 420 230
420 392 36
392 82 429
273 82 453
342 199 356
199 246 253
246 31 2
31 169 422
169 234 270
152 234 386
152 241 437
241 303 23
303 312 460
342 312 431
234 131 397
131 191 169
191 219 249
219 36 112
36 216 244
295 216 56
295 375 239
375 203 19
203 124 280
234 124 414
216 421 336
421 88 395
88 128 468
128 308 276
308 109 361
9 109 123
9 403 278
403 278 116
278 165 294
216 165 197
109 104 189
104 201 428
201 143 390
143 249 24
249 347 155
389 347 327
389 42 406
42 244 58
244 15 217
109 15 427
347 55 143
55 296 447
296 156 369
156 54 215
54 208 171
77 208 323
77 206 71
206 240 136
240 307 213
347 307 404
208 67 413
67 181 65
181 139 202
139 262 179
262 194 310
40 194 85
40 6 264
6 157 380
157 294 393
208 294 77
194 69 105
69 75 147
75 30 279
30 339 257
339 398 31
380 398 297
380 367 98
367 141 125
141 98 12
194 98 205
398 105 351
105 283 156
283 193 109
193 226 466
226 150 188
90 150 224
90 103 345
103 366 227
366 200 263
398 200 219
150 282 295
282 72 135
72 221 83
221 388 342
388 215 87
4 215 8
4 224 455
224 147 328
147 263 43
150 263 433
215 275 432
275 326 324
326 163 117
163 414 229
414 12 281
309 12 16
309 129 266
129 176 99
176 285 372
215 285 104
12 78 315
78 290 347
290 302 410
302 410 84
410 2 407
2 316 389
316 20 352
20 305 44
305 423 182
12 423 255
64 116 38
116 293 362
293 391 436
391 65 114
65 350 301
127 350 90
127 230 459
230 195 89
195 25 100
64 25 164
350 400 178
400 102 34
102 209 246
209 79 292
79 382 93
56 382 151
56 140 236
140 19 288
19 406 138
350 406 131
382 280 387
280 119 408
119 211 124
211 402 392
402 362 110
261 362 221
261 32 27
32 13 45
13 270 191
382 270 461
362 379 18
379 286 284
286 97 144
97 409 190
409 180 277
80 180 462
80 353 302
353 16 133
16 29 67
362 29 398
180 134 271
134 227 307
227 257 53
257 351 400
351 288 457
352 288 201
352 225 22
225 390 92
390 171 177
180 171 192
288 397 225
397 33 312
33 235 434
235 356 82
356 96 5
48 96 160
48 223 97
223 5 86
5 267 243
288 267 417
96 188 382
188 99 299
99 45 154
45 164 152
164 126 60
71 126 426
71 318 157
318 187 108
187 101 452
96 101 258
126 168 187
168 228 371
228 317 78
317 384 1
384 123 39
175 123 206
175 344 331
344 167 172
167 292 306
126 292 233
123 62 440
62 8 334
8 68 259
68 161 402
161 306 222
324 306 415
324 166 211
166 63 350
63 108 140
123 108 354
306 238 51
238 401 394
401 53 150
53 177 250
177 41 445
354 41 237
354 58 305
58 14 332
14 247 421
306 247 303
41 321 444
321 277 435
277 419 251
419 369 220
369 233 396
185 233 463
185 413 370
413 256 148
256 253 165
41 253 107
233 86 409
86 373 204
373 236 424
236 323 423
323 320 80
66 320 376
66 189 240
189 121 232
121 254 199
233 254 75
320 154 210
154 160 291
160 138 290
138 242 363
242 399 412
196 399 313
196 115 207
115 173 186
173 363 443
320 363 391
399 113 49
113 178 174
178 359 439
359 52 411
52 110 405
281 110 162
281 184 242
184 325 176
325 93 113
399 93 470
110 210 26
210 383 379
383 407 200
407 311 118
311 3 287
3 172 33
172 250 355
250 111 15
111 17 317
110 17 209
83 330 340
330 132 346
132 130 416
130 192 3
192 411 59
411 207 274
207 43 184
43 412 223
412 136 180
83 136 450
