869 930
157 118 660
157 79 570
79 721 908
721 258 421
258 755 292
523 755 207
523 309 756
309 813 237
813 494 295
494 470 540
350 470 424
350 404 275
404 264 333
264 603 764
603 118 873
118 590 357
590 676 308
676 230 457
230 689 528
689 380 35
380 785 754
785 253 612
393 253 692
393 397 875
397 261 417
261 424 45
424 88 236
88 362 861
362 643 389
118 643 643
253 23 489
23 669 686
669 610 719
610 641 618
641 318 20
318 648 639
648 596 562
591 596 293
591 18 807
18 531 299
531 353 234
353 545 524
545 74 226
74 209 403
253 209 26
596 476 336
476 265 99
265 833 324
833 827 165
827 116 635
116 205 377
205 567 468
692 567 711
692 383 657
383 66 735
66 673 819
673 709 266
709 349 120
349 453 534
596 453 912
567 819 818
819 845 559
845 551 425
551 15 138
15 840 665
840 144 106
144 615 760
184 615 335
184 769 214
769 439 513
439 789 641
789 206 526
206 41 459
41 777 930
567 777 556
615 197 622
197 542 781
542 662 203
662 642 896
642 504 231
504 564 516
564 569 581
291 569 823
291 273 533
273 276 208
276 120 254
120 704 374
704 236 852
236 5 92
615 5 611
569 11 529
11 490 89
490 171 508
171 299 582
299 462 298
462 166 918
166 409 222
625 409 790
625 267 47
267 38 558
38 793 122
793 688 413
688 430 327
430 168 902
569 168 798
409 544 66
544 40 148
40 222 778
222 791 648
791 311 505
311 773 144
773 121 257
400 121 202
400 706 285
706 533 126
533 790 809
790 45 919
45 733 874
733 851 804
409 851 58
121 167 485
167 862 101
862 745 530
745 718 575
718 526 680
526 723 115
723 76 684
763 76 483
763 148 232
148 381 276
381 796 602
796 36 898
36 781 580
781 716 607
121 716 354
76 90 714
90 102 211
102 196 64
196 442 868
442 571 586
571 758 439
758 459 768
768 459 561
768 363 111
363 681 860
681 239 469
239 734 359
734 457 107
457 252 770
76 252 305
459 505 712
505 301 241
301 513 427
513 601 355
601 213 351
213 592 395
592 445 826
597 445 609
597 652 842
652 794 925
794 795 595
795 707 380
707 218 736
218 487 848
459 487 49
445 710 375
710 539 725
539 820 696
820 292 738
292 80 916
80 467 596
467 137 471
441 137 492
441 694 491
694 485 539
485 684 897
684 21 694
21 635 213
635 140 365
445 140 745
137 93 309
93 449 851
449 469 792
469 437 856
147 437 592
147 9 200
9 507 502
195 507 869
195 649 887
649 527 664
527 238 573
238 748 600
748 804 267
804 126 367
137 126 723
507 613 683
613 775 509
775 42 677
42 370 923
370 572 186
572 581 399
581 722 113
557 722 78
557 128 814
128 853 668
853 634 553
634 540 6
540 802 85
802 341 827
507 341 895
722 418 137
418 283 475
283 336 178
336 114 69
114 346 436
346 159 321
159 782 669
576 782 928
576 583 550
583 717 416
717 384 488
384 637 97
637 39 396
39 219 393
722 219 793
782 412 43
412 647 666
647 422 663
422 69 732
69 210 448
210 444 80
444 679 129
208 679 789
208 682 41
682 658 721
658 671 27
671 142 8
142 304 588
304 179 462
782 179 460
679 191 152
191 355 265
355 756 331
756 89 548
89 672 744
672 317 404
317 108 391
289 108 313
289 612 720
612 541 279
541 640 311
640 134 353
134 446 829
446 836 86
679 836 541
108 810 779
810 190 112
190 145 796
145 798 678
798 654 563
654 751 691
751 604 577
608 604 927
608 284 394
284 757 242
757 516 57
516 97 193
97 402 294
402 566 751
108 566 303
604 586 454
586 368 431
368 113 642
113 830 637
830 784 12
784 396 130
396 750 464
347 750 501
347 724 250
724 158 429
158 162 899
162 605 518
605 361 777
361 354 710
604 354 114
750 77 626
77 104 497
104 559 589
559 427 806
427 161 373
161 866 881
866 124 5
711 124 38
711 861 268
861 198 9
198 52 334
52 737 753
737 749 95
749 221 40
750 221 356
124 668 662
668 302 880
302 659 270
659 522 926
522 94 150
94 826 330
826 1 369
1 703 17
703 598 181
598 860 426
860 160 251
160 728 865
728 53 248
53 183 547
124 183 576
755 511 888
511 811 378
811 558 699
558 115 766
115 91 481
91 154 216
154 85 695
107 85 493
107 83 48
83 727 688
727 6 906
6 520 103
520 517 446
517 438 603
755 438 306
85 825 243
825 783 697
783 290 13
290 391 296
391 300 68
300 275 46
275 632 564
786 632 855
786 503 866
503 443 636
443 169 837
169 62 633
62 272 350
272 501 690
85 501 408
632 226 452
226 800 616
800 619 771
619 502 907
502 316 343
316 530 155
530 660 415
766 660 252
766 663 135
663 843 154
843 86 300
86 203 16
203 432 638
432 759 147
632 759 420
660 241 537
241 251 514
251 667 542
667 44 470
44 335 179
335 478 794
478 82 194
65 82 803
65 630 307
630 691 891
691 486 447
486 281 624
281 521 290
521 760 87
660 760 166
82 320 523
320 100 51
100 352 317
352 553 606
553 228 162
228 225 656
225 178 808
473 178 767
473 570 737
570 623 517
623 518 832
518 580 531
580 731 630
731 543 29
82 543 878
178 367 247
367 607 579
607 234 224
234 307 264
307 143 156
143 847 223
847 199 598
650 199 418
650 358 201
358 141 506
141 761 621
761 306 494
306 665 44
665 498 246
178 498 458
199 180 510
180 464 872
464 433 345
433 269 445
269 64 707
64 72 797
72 246 569
60 246 102
60 515 702
515 200 352
200 524 220
524 416 25
416 850 398
850 297 812
199 297 360
246 458 4
458 322 503
322 466 824
466 285 11
285 405 63
405 119 310
119 776 153
67 776 631
67 508 280
508 574 892
574 528 272
528 471 724
471 481 884
481 546 722
246 546 653
776 495 215
495 740 482
740 499 535
499 227 141
227 420 761
420 600 715
600 125 646
492 125 741
492 70 747
70 846 409
846 787 328
787 348 371
348 421 230
421 838 520
776 838 651
125 573 857
573 797 346
797 869 620
869 389 271
389 201 593
201 303 698
303 229 18
151 229 405
151 84 73
84 792 240
792 822 661
822 602 239
602 385 783
385 192 277
125 192 802
229 152 487
152 356 615
356 87 52
87 699 146
699 475 364
475 286 172
286 132 634
677 132 775
677 187 742
187 244 212
244 863 706
863 738 647
738 315 705
315 172 828
229 172 486
132 181 320
181 455 437
455 675 128
675 220 645
220 423 121
423 57 480
57 109 466
741 109 221
741 248 31
248 375 836
375 606 174
606 806 173
806 552 323
552 20 402
132 20 673
109 465 910
465 537 287
537 243 886
243 278 786
278 33 917
33 328 278
328 799 187
736 799 422
736 71 730
71 509 110
509 34 400
34 832 538
832 732 93
732 105 197
109 105 406
799 149 750
149 690 752
690 535 70
535 10 362
10 73 879
73 415 81
415 177 385
186 177 282
186 680 685
680 263 449
263 629 746
629 491 670
491 259 376
259 633 42
799 633 914
177 133 72
133 639 682
639 772 19
772 338 91
338 477 123
477 609 387
609 472 640
387 472 84
387 266 59
266 127 438
127 407 674
407 401 361
401 702 507
702 63 175
177 63 10
472 295 255
295 450 363
450 224 549
224 565 795
565 584 625
584 46 652
46 188 314
377 188 244
377 859 543
859 575 219
575 835 834
835 448 780
448 231 206
231 388 838
472 388 903
188 150 75
150 500 717
500 645 100
645 460 62
460 331 791
331 156 143
156 620 37
216 620 260
216 110 337
110 312 740
312 374 810
374 431 765
431 164 905
164 379 412
188 379 2
620 323 813
323 48 815
48 685 191
685 865 877
865 837 124
837 618 315
618 454 262
43 454 757
43 321 392
321 242 133
242 193 82
193 655 94
655 713 833
713 585 825
620 585 667
454 378 140
378 821 763
821 194 238
194 232 288
232 314 847
314 406 681
406 743 185
293 743 455
293 425 845
425 308 161
308 762 171
762 340 774
340 578 397
578 622 843
454 622 192
743 497 800
497 867 131
867 653 329
653 496 859
496 319 830
319 674 379
674 2 134
2 223 739
223 270 158
270 456 841
456 399 90
399 271 22
271 410 882
410 514 904
743 514 467
470 131 347
131 463 629
463 325 34
325 848 671
848 395 453
395 687 401
687 767 76
774 767 924
774 214 372
214 855 545
855 562 286
562 371 784
371 577 889
577 735 617
470 735 388
767 651 428
651 294 785
294 96 342
96 512 472
512 595 50
595 823 340
823 764 274
489 764 358
489 725 36
725 75 532
75 92 71
92 807 273
807 342 30
342 173 911
767 173 484
764 344 442
344 705 477
705 185 109
185 803 727
803 32 839
32 139 450
139 8 546
834 8 435
834 78 709
78 715 801
715 4 381
4 479 54
479 447 816
447 726 817
764 726 1
8 778 461
778 277 301
277 842 228
842 683 190
683 30 65
30 468 227
468 697 585
857 697 205
857 280 217
280 174 522
174 693 619
693 868 799
868 739 495
739 414 536
8 414 920
697 579 822
579 287 198
287 135 259
135 534 700
534 664 125
664 189 591
189 112 527
720 112 196
720 255 127
255 129 519
129 16 32
16 708 901
708 288 325
288 29 759
697 29 344
112 561 261
561 101 23
101 212 703
212 621 177
621 839 322
839 59 168
59 233 332
616 233 456
616 138 318
138 429 679
429 95 890
95 117 414
117 49 693
49 506 758
112 506 478
233 856 476
856 588 410
588 313 749
313 130 654
130 451 284
451 22 53
22 661 151
419 661 733
419 296 136
296 474 441
474 257 776
257 249 557
249 480 811
480 744 33
233 744 249
661 678 235
678 12 434
12 483 195
483 568 432
568 337 167
337 398 913
398 360 649
153 360 893
153 484 900
484 617 504
617 519 883
519 146 229
146 27 713
27 587 844
661 587 55
360 548 163
548 359 384
359 563 169
563 279 608
279 334 565
334 28 443
28 624 474
123 624 858
123 555 245
555 81 180
81 274 521
274 245 444
245 215 867
215 122 708
360 122 511
624 211 269
211 809 512
809 628 297
628 413 21
413 250 782
250 549 7
549 852 578
742 852 704
742 24 689
24 452 67
452 217 440
217 403 846
403 7 587
7 254 14
624 254 567
852 68 319
68 828 383
828 747 142
747 235 922
235 808 149
808 240 348
240 818 821
326 818 864
326 554 597
554 50 473
50 13 716
13 330 283
330 695 108
695 411 256
852 411 552
818 712 77
712 844 755
844 369 463
369 202 627
202 428 632
428 305 499
305 394 915
56 394 850
56 627 233
627 392 98
392 376 560
376 812 183
812 765 225
765 589 366
818 589 544
394 636 258
636 700 411
700 436 105
436 532 672
532 854 601
854 614 655
614 461 465
815 461 368
815 298 119
298 719 849
719 746 289
746 99 39
99 256 382
256 170 116
394 170 566
461 176 718
176 593 419
593 752 571
752 556 204
556 327 572
327 14 658
14 54 659
435 54 61
435 560 56
560 529 885
529 434 772
434 204 676
204 357 83
357 644 423
461 644 584
54 696 157
696 260 209
260 25 479
25 163 253
163 631 605
631 332 921
332 849 386
582 849 583
582 488 551
488 310 894
310 666 490
666 824 341
824 98 554
98 550 650
54 550 862
849 386 610
386 390 159
390 771 599
771 831 734
831 165 594
165 47 762
47 754 590
26 754 164
26 136 805
136 714 788
714 207 182
207 753 88
753 814 871
814 182 863
849 182 338
754 372 184
372 493 451
493 282 743
282 339 604
339 730 145
730 351 28
351 364 840
829 364 854
829 37 773
37 51 312
51 345 339
345 247 748
247 382 139
382 329 188
754 329 909
364 268 853
268 657 407
657 103 15
103 365 118
365 237 24
237 780 929
780 17 574
864 17 390
864 343 515
343 510 302
510 626 291
626 35 613
35 440 731
440 858 433
364 858 820
17 55 498
55 536 189
536 175 316
175 373 628
373 19 701
19 333 370
333 817 430
611 817 728
611 805 835
805 770 210
770 408 79
408 324 176
324 801 132
801 58 281
17 58 729
817 426 687
426 547 104
547 417 555
417 155 614
155 262 568
262 670 326
670 3 349
3 729 3
729 538 870
538 656 496
656 61 644
61 816 60
816 111 726
111 366 525
817 366 787
437 525 170
525 599 500
599 686 96
686 779 117
779 788 675
788 701 831
701 482 769
482 638 199
638 31 623
31 106 160
106 646 304
646 698 263
698 841 218
841 594 876
437 594 74
