660 706
67 273 257
67 275 432
275 294 57
294 466 54
466 353 298
599 353 686
599 485 525
485 515 295
515 551 614
551 526 588
15 526 229
15 530 490
530 548 204
548 236 176
236 273 388
273 547 126
547 149 59
149 472 187
472 223 216
223 528 370
528 590 454
590 453 543
576 453 136
576 79 635
79 429 592
429 68 674
68 629 349
629 70 578
70 540 628
273 540 541
453 105 226
105 63 416
63 228 680
228 467 302
467 331 443
331 373 396
373 10 236
360 10 345
360 237 111
237 250 434
250 636 549
636 214 611
214 209 608
209 84 297
453 84 212
10 610 208
610 586 156
586 272 174
272 191 537
191 543 671
543 145 73
145 622 194
21 622 632
21 277 4
277 108 402
108 86 282
86 202 3
202 125 648
125 207 17
10 207 333
622 362 220
362 635 150
635 62 392
62 246 533
246 602 180
602 583 476
583 100 196
52 100 159
52 300 107
300 490 556
490 628 173
628 307 494
307 205 51
205 90 641
622 90 518
100 85 425
85 139 366
139 541 654
541 384 701
384 477 141
477 153 574
153 185 317
357 185 377
357 216 571
216 625 508
625 390 385
390 233 569
233 9 639
9 579 445
100 579 459
185 327 275
327 112 330
112 501 391
501 438 116
438 393 412
393 448 201
448 89 217
7 89 477
7 376 227
376 613 313
613 31 312
31 196 659
196 314 162
314 159 288
185 159 323
89 217 491
217 343 69
343 504 299
504 619 430
619 315 390
315 585 39
585 549 581
30 549 278
30 173 482
173 536 542
536 40 94
40 181 222
181 224 290
224 609 352
89 609 590
549 531 678
531 94 514
94 387 627
387 18 553
18 559 300
559 525 16
525 364 395
258 364 637
258 380 473
380 464 355
464 110 577
110 459 531
644 459 211
644 325 406
549 325 699
364 415 23
415 557 203
557 637 383
637 558 246
558 157 515
157 211 80
211 320 322
382 320 274
382 121 291
121 241 337
241 169 657
169 262 546
262 565 339
565 298 670
364 298 62
320 339 316
339 533 255
533 53 241
53 656 271
656 131 218
131 606 47
606 366 264
144 366 242
144 354 68
354 587 447
587 166 205
166 452 103
452 603 580
603 124 270
320 124 513
366 573 200
573 555 500
555 556 488
556 554 353
554 8 172
8 403 640
403 269 170
450 269 71
450 170 48
170 310 231
310 365 14
365 183 506
183 532 512
532 443 450
366 443 65
269 612 319
612 643 380
643 168 389
168 308 367
308 336 618
336 257 191
257 82 18
601 82 585
601 280 325
280 560 706
560 659 186
659 389 284
389 17 691
17 322 52
269 322 314
82 283 67
283 24 287
24 405 551
405 271 563
271 231 166
231 367 96
367 172 597
627 172 137
627 595 13
595 441 161
441 49 646
49 200 669
200 13 46
13 195 293
82 195 457
172 377 133
377 422 45
422 439 379
439 534 221
534 442 418
442 614 19
614 116 97
291 116 155
291 71 609
71 638 61
638 529 214
529 75 117
75 99 239
99 326 453
172 326 620
116 616 31
616 657 99
657 127 301
127 372 11
372 213 694
213 81 175
81 1 539
1 292 596
292 335 481
335 374 456
374 598 37
598 604 460
604 470 472
470 375 223
116 375 344
353 552 153
552 32 158
32 45 398
45 309 400
309 456 252
456 400 139
400 197 463
38 197 340
38 605 626
605 78 496
78 243 655
243 146 245
146 356 305
356 404 573
353 404 152
197 418 688
418 608 1
608 319 361
319 156 485
156 130 285
130 208 673
208 120 446
514 120 593
514 19 157
19 648 554
648 284 296
284 647 326
647 363 676
363 97 548
197 97 164
120 11 154
11 220 649
220 351 348
351 401 143
401 495 91
495 265 483
265 20 523
57 20 113
57 437 530
437 340 497
340 633 405
633 266 56
266 154 407
154 132 192
120 132 260
20 578 507
578 631 197
631 248 104
248 481 606
481 433 118
433 268 144
268 206 599
352 206 209
352 460 360
460 161 8
161 654 266
654 478 44
478 136 5
136 630 108
20 630 125
206 151 228
151 523 34
523 480 682
480 118 705
118 232 253
232 95 324
95 158 600
469 158 499
469 398 689
398 482 441
482 165 587
165 72 101
72 219 100
219 50 195
206 50 566
158 386 151
386 516 82
516 489 403
489 48 181
48 203 373
203 201 504
201 39 142
572 39 105
572 563 306
563 179 189
179 238 267
238 123 399
123 577 501
577 494 603
158 494 92
39 16 478
16 160 503
160 348 60
348 43 452
43 562 414
562 396 440
396 652 145
642 652 409
642 212 148
212 567 248
567 594 362
594 361 575
361 42 394
42 175 240
39 175 38
652 69 538
69 620 604
620 44 273
44 113 27
113 91 351
91 653 350
653 476 119
431 476 169
431 582 423
582 408 130
408 98 505
98 194 672
194 128 408
128 171 410
652 171 294
476 392 258
392 588 341
588 80 469
80 64 565
64 381 562
381 270 77
270 54 184
295 54 651
295 505 511
505 632 20
632 12 653
12 426 510
426 35 320
35 517 449
476 517 428
54 59 455
59 104 83
104 416 624
416 199 213
199 106 182
106 147 479
147 33 526
358 33 138
358 182 695
182 651 86
651 646 696
646 317 630
317 379 15
379 215 183
54 215 110
33 96 93
96 568 63
568 570 567
570 188 343
188 176 127
176 410 36
410 471 489
187 471 243
187 503 327
503 83 244
83 162 622
162 129 55
129 102 318
102 287 560
33 287 281
471 640 134
640 229 283
229 592 358
592 93 338
93 499 359
499 473 617
473 167 95
417 167 558
417 178 335
178 61 681
61 267 32
267 244 595
244 263 215
263 527 527
471 527 437
167 73 529
73 77 444
77 428 354
428 432 656
432 55 76
55 14 697
14 142 684
524 142 375
524 423 516
423 519 109
519 289 625
289 226 2
226 488 704
488 624 40
167 624 677
142 177 561
177 383 420
383 334 545
334 487 521
487 399 336
399 510 310
510 621 552
463 621 35
463 420 422
420 281 89
281 465 262
465 411 160
411 513 634
513 571 374
142 571 179
621 133 667
133 227 334
227 66 224
66 184 21
184 210 376
210 615 235
615 2 210
2 242 690
242 597 90
597 305 237
305 458 629
458 346 605
346 344 247
344 58 572
621 58 647
526 138 519
138 409 474
409 421 698
421 140 363
140 259 528
259 634 492
634 491 238
436 491 129
436 41 467
41 512 480
512 117 66
117 274 98
274 88 331
88 451 381
526 451 475
491 497 234
497 119 114
119 28 276
28 542 536
542 51 259
51 492 693
492 535 544
435 535 168
435 5 397
5 544 12
544 240 106
240 6 471
6 430 602
430 4 72
491 4 591
535 304 250
304 484 280
484 639 683
639 368 308
368 522 167
522 413 328
413 297 555
323 297 332
323 87 321
87 589 356
589 440 177
440 328 286
328 397 85
397 342 638
535 342 372
297 600 369
600 26 178
26 496 165
496 313 122
313 355 140
355 27 429
27 101 660
329 101 75
329 152 466
152 74 612
74 502 439
502 34 610
34 303 277
303 359 589
297 359 7
101 256 382
256 506 419
506 264 470
264 349 421
349 230 279
230 260 132
260 279 645
580 279 64
580 424 666
424 278 547
278 47 484
47 511 49
511 330 346
330 148 232
101 148 631
279 406 30
406 449 115
449 249 22
249 122 487
122 537 438
537 611 147
611 574 535
412 574 269
412 204 41
204 475 687
475 252 198
252 143 442
143 234 124
234 596 265
279 596 502
574 341 70
341 545 664
545 22 413
22 247 700
247 25 404
25 425 436
425 650 365
369 650 199
369 454 576
454 457 364
457 150 315
150 324 393
324 508 662
508 483 87
574 483 642
650 316 84
316 301 464
301 626 254
626 276 81
276 251 342
251 103 564
103 37 131
378 37 28
378 253 652
253 446 163
446 370 112
370 155 636
155 468 658
468 225 675
650 225 188
37 414 633
414 302 311
302 312 10
312 282 524
282 455 120
455 658 495
658 391 25
623 391 263
623 222 685
222 550 417
550 235 233
235 186 202
186 617 661
617 385 292
37 385 307
391 29 613
29 649 493
649 286 329
286 92 347
92 332 462
332 427 289
427 76 665
395 76 43
395 402 219
402 444 522
444 134 42
134 388 520
388 141 601
141 509 9
391 509 616
76 479 615
479 419 411
419 655 185
655 198 623
198 500 225
500 486 668
486 193 401
180 193 619
180 566 378
566 261 431
261 114 249
114 618 123
618 593 29
593 126 461
76 126 387
193 347 540
347 36 53
36 553 586
553 493 448
493 293 24
293 318 582
318 350 128
645 350 509
645 65 88
65 521 171
521 434 74
434 345 570
345 56 650
56 239 679
193 239 532
350 23 206
23 111 465
111 174 58
174 520 272
520 518 643
518 546 368
546 254 579
255 254 371
255 461 78
461 641 251
641 190 424
190 591 146
591 584 583
584 371 102
350 371 517
254 538 598
538 337 568
337 539 703
539 306 557
306 474 607
474 137 534
137 60 451
299 60 621
299 285 207
285 163 149
163 498 50
498 333 357
333 107 261
107 115 26
254 115 584
60 164 268
164 218 435
218 607 121
607 575 644
575 581 33
581 462 415
462 3 303
3 296 498
296 394 427
394 321 594
321 189 6
189 135 550
135 407 256
407 192 309
60 192 458
459 338 193
338 561 702
561 290 486
290 311 230
311 445 384
445 564 386
564 507 426
507 569 468
569 447 135
447 245 559
245 109 79
109 288 692
288 221 663
221 46 433
459 46 304
1 660 190
