894 940
81 89 759
81 346 598
346 630 482
630 648 670
648 786 533
786 370 486
26 370 661
26 874 228
874 642 336
642 295 832
295 352 418
352 133 414
133 688 86
10 688 507
10 663 249
663 892 238
892 73 827
73 75 452
75 150 527
150 89 683
89 103 611
103 143 731
143 785 593
785 717 106
717 496 633
496 88 803
88 52 477
52 252 450
252 146 469
146 852 706
4 852 556
4 227 141
227 181 59
181 272 631
272 367 283
367 676 939
676 528 700
528 596 841
596 839 168
89 839 654
852 887 172
887 613 853
613 259 575
259 497 374
497 671 724
671 297 664
297 424 345
424 418 823
418 251 583
251 500 770
13 500 825
13 389 892
389 722 870
722 616 416
616 77 158
77 401 702
401 180 280
180 653 836
653 794 33
852 794 924
500 83 515
83 232 420
232 868 864
868 665 213
665 527 921
527 301 628
301 239 134
239 855 678
855 774 882
774 74 496
818 74 799
818 645 297
645 24 592
24 168 716
168 63 90
63 245 796
245 655 151
655 531 893
531 482 438
500 482 839
74 107 147
107 581 397
581 437 430
437 498 139
498 546 505
546 188 13
188 248 562
248 716 449
716 18 208
18 68 75
332 68 650
332 888 298
888 45 847
45 184 472
184 700 579
700 809 317
809 585 219
585 588 357
588 479 241
74 479 919
68 365 656
365 386 570
386 360 112
360 224 162
224 47 521
47 881 24
881 567 771
567 120 284
120 157 387
157 513 629
702 513 519
702 488 103
488 305 537
305 775 754
775 494 282
494 61 819
61 576 375
576 353 181
353 294 231
68 294 406
513 414 245
414 638 316
638 810 363
810 412 343
412 836 581
836 744 187
744 559 232
559 623 846
623 128 341
128 194 504
139 194 879
139 859 425
859 376 197
376 426 67
426 753 764
753 477 840
477 160 812
160 732 148
732 806 84
513 806 869
194 582 32
582 323 837
323 193 454
193 30 913
30 750 526
750 19 909
19 609 81
609 377 138
377 76 167
76 583 391
234 583 77
234 762 329
762 186 784
186 191 314
191 541 669
541 713 191
713 658 189
658 131 55
131 597 552
194 597 190
583 308 929
308 246 104
246 189 372
189 555 689
555 183 360
183 821 368
821 556 149
556 98 39
98 27 451
27 35 447
659 35 380
659 603 41
603 470 428
470 733 753
733 39 441
39 822 263
822 171 640
171 446 513
446 777 596
583 777 676
35 869 118
869 124 348
124 196 860
196 270 273
270 550 577
550 72 424
72 65 126
65 858 800
858 710 157
710 651 160
240 651 156
240 374 794
374 548 582
548 306 752
306 607 838
607 320 739
320 617 133
617 348 340
348 770 483
35 770 910
651 599 755
599 801 364
801 197 529
197 843 251
843 736 889
736 404 457
404 164 917
164 795 89
795 709 601
709 633 714
254 633 906
254 768 624
768 595 64
595 520 371
520 219 607
219 140 612
140 682 789
682 654 677
654 464 97
651 464 765
633 778 680
778 147 567
147 199 912
199 170 707
170 574 446
574 336 534
336 333 546
333 631 8
631 206 233
206 889 267
760 889 119
760 125 127
125 127 229
127 264 518
264 417 366
417 515 651
515 452 407
467 452 16
467 202 734
633 202 791
889 719 99
719 344 423
344 207 555
207 381 895
381 727 121
727 15 845
15 568 696
568 472 456
472 33 15
33 20 320
179 20 204
179 673 439
673 283 590
283 614 905
614 742 541
742 41 621
41 411 435
411 38 647
38 783 828
889 783 901
20 338 453
338 824 703
824 387 176
387 266 751
266 22 743
22 109 502
109 560 230
560 67 300
67 589 326
589 122 545
812 122 723
812 475 295
475 698 184
698 209 354
209 226 826
226 403 303
403 345 444
345 28 922
28 598 466
20 598 57
122 349 699
349 685 115
685 236 35
236 507 108
507 678 729
678 278 772
278 86 337
86 694 783
694 826 523
826 807 377
112 807 927
112 395 520
395 208 426
208 518 685
518 231 272
231 398 410
398 610 72
610 265 92
265 357 417
122 357 268
807 394 730
394 650 551
650 808 276
808 268 306
268 802 778
802 291 304
291 553 392
553 384 902
384 634 802
634 1 386
1 87 455
87 169 346
169 6 668
6 290 154
290 485 721
485 93 122
93 341 96
341 737 811
737 754 820
807 754 250
370 757 653
757 167 493
167 539 686
539 101 462
101 834 485
834 445 269
445 739 940
739 829 748
829 706 152
706 313 786
267 313 512
267 435 816
435 734 495
734 758 866
758 407 833
407 790 9
790 318 287
318 708 490
708 247 697
370 247 198
313 800 129
800 499 793
499 457 124
457 431 578
431 767 47
767 392 312
392 79 359
79 213 182
213 643 530
643 319 920
798 319 489
798 330 865
330 622 604
622 816 274
816 84 568
84 223 499
223 506 98
506 697 475
697 756 347
313 756 165
319 847 620
847 359 824
359 379 123
379 233 202
233 649 779
649 761 235
761 454 522
454 525 166
525 636 617
636 873 835
149 873 214
149 106 163
106 214 888
214 832 44
832 561 117
561 416 511
416 113 290
113 390 717
390 552 558
319 552 171
873 509 829
509 644 728
644 545 463
545 487 623
487 689 797
689 687 310
687 577 109
577 23 639
23 600 634
600 476 608
469 476 150
469 883 307
883 624 806
624 584 491
584 17 531
17 382 602
382 361 82
361 413 487
413 489 763
873 489 566
476 743 874
743 705 907
705 155 630
155 117 561
117 356 932
356 863 120
863 453 237
453 699 762
699 62 622
62 12 296
840 12 861
840 670 478
670 781 756
781 286 12
286 253 535
253 530 54
530 455 299
455 704 11
704 856 580
476 856 62
12 880 775
880 851 468
851 779 242
779 458 186
458 830 132
830 51 293
51 765 844
765 656 173
656 315 720
315 105 83
420 105 458
420 864 930
864 504 603
504 277 595
277 711 257
711 32 648
32 175 564
175 402 79
402 281 252
12 281 613
105 566 175
566 514 517
514 558 576
558 478 277
478 145 928
145 828 225
828 42 170
42 683 591
683 91 88
91 524 28
569 524 169
569 433 18
433 508 261
508 129 143
129 865 311
865 849 248
849 276 206
276 123 431
123 25 514
105 25 584
524 211 790
211 102 324
102 601 383
601 36 898
36 342 626
342 448 279
448 114 781
114 517 422
517 312 29
312 740 732
325 740 636
325 43 94
43 257 831
257 625 887
625 419 358
419 641 672
641 337 27
337 686 412
686 161 606
524 161 769
740 115 646
115 66 3
66 780 199
780 362 760
362 423 325
423 108 6
108 212 398
212 421 903
421 721 351
721 176 338
311 176 394
311 55 681
55 16 322
16 788 885
788 749 333
749 351 70
351 879 757
879 78 900
78 536 356
740 536 679
176 547 914
547 350 266
350 71 750
71 590 130
590 474 85
474 661 539
661 59 14
59 298 719
298 866 599
866 372 571
282 372 376
282 96 331
96 447 178
447 692 459
692 484 61
484 285 862
285 173 442
173 121 234
121 534 111
176 534 292
372 410 105
410 672 367
672 225 289
225 667 852
667 48 877
48 787 145
787 679 19
679 280 710
280 334 203
334 680 349
271 680 395
271 156 873
156 302 5
302 535 226
535 635 415
635 792 635
792 493 113
493 890 704
890 884 506
372 884 933
680 243 255
243 769 713
769 110 923
110 814 701
814 314 270
314 273 227
273 415 777
415 284 682
284 848 673
848 674 780
429 674 302
429 322 159
322 562 587
562 9 761
9 255 243
255 182 31
182 54 925
54 347 379
347 557 804
680 557 657
674 875 404
875 632 87
632 57 574
57 241 437
241 343 776
343 383 400
383 712 222
712 230 355
230 696 850
696 618 102
799 618 510
799 842 821
842 262 918
262 796 563
796 304 43
304 657 443
657 833 185
833 728 344
728 544 95
674 544 419
618 578 125
578 860 193
860 177 49
177 195 460
195 393 735
393 542 788
542 483 553
483 684 712
684 471 875
471 563 253
725 563 448
725 587 73
587 100 23
100 92 747
92 310 434
310 99 179
99 845 655
845 604 2
604 218 509
618 218 815
563 594 209
594 628 396
628 789 433
789 570 353
570 434 744
434 317 479
317 249 215
249 7 390
7 119 801
119 2 662
2 870 21
870 815 216
815 647 440
647 831 817
831 159 911
159 165 856
165 675 369
675 371 693
371 640 830
563 640 361
688 450 256
450 14 409
14 316 384
316 817 212
817 803 808
803 321 465
321 726 849
726 210 66
210 835 110
835 292 403
492 292 34
492 703 742
703 440 25
440 130 389
130 701 536
701 409 471
409 707 936
707 205 934
205 652 388
688 652 177
292 876 695
876 820 842
820 827 880
827 724 774
724 148 937
148 132 481
132 885 258
885 138 436
138 784 727
784 422 91
142 422 236
142 250 694
250 823 321
823 94 40
94 501 597
501 503 101
503 511 560
511 58 709
58 242 867
292 242 899
422 825 7
825 480 610
480 575 749
575 626 46
626 21 733
21 460 883
460 695 726
695 331 313
331 608 155
608 857 4
287 857 854
287 406 476
406 838 549
838 405 792
405 571 785
571 56 180
56 573 218
573 178 68
178 502 500
422 502 221
857 606 492
606 388 548
388 396 20
396 49 767
49 274 294
274 521 323
521 639 725
639 444 740
444 677 164
677 510 884
141 510 758
141 439 715
439 819 618
819 491 652
491 850 641
850 126 247
126 456 339
456 364 805
364 327 281
857 327 37
510 516 544
516 523 56
523 309 262
309 591 538
591 369 897
369 64 30
64 846 224
846 481 868
481 118 658
118 894 528
204 894 795
204 490 588
490 299 542
299 293 210
293 438 692
438 144 74
144 877 378
877 813 741
813 891 508
510 891 429
894 486 315
486 693 871
693 185 271
185 172 45
172 615 687
615 366 667
366 841 649
841 752 382
752 755 285
755 537 301
37 537 22
37 554 470
554 31 665
31 811 239
811 430 585
430 522 798
522 533 878
533 116 896
116 220 196
894 220 688
537 134 718
134 329 632
329 572 265
572 715 605
715 592 926
592 691 807
691 60 594
60 95 328
95 436 663
436 340 503
505 340 264
505 358 194
358 192 174
192 861 114
861 751 201
751 738 413
738 731 497
731 355 691
355 427 1
537 427 484
340 612 554
612 269 408
269 540 399
540 772 135
772 495 220
495 871 858
871 296 684
296 153 773
153 135 480
135 151 50
872 151 107
872 637 286
637 163 768
163 50 644
50 586 421
586 34 565
34 662 547
662 368 305
368 326 365
340 326 550
151 275 467
275 723 872
723 773 288
773 605 153
605 29 675
29 111 330
111 198 915
198 203 586
203 400 217
400 335 461
279 335 240
279 461 674
461 664 342
664 862 192
862 543 711
543 221 76
221 263 385
263 549 736
549 797 71
151 797 188
335 328 609
328 538 309
538 80 26
80 385 559
385 791 698
791 11 393
11 747 746
747 759 625
759 854 938
854 215 904
526 215 318
526 300 137
300 152 818
152 289 886
289 391 600
391 748 332
748 763 614
763 735 813
735 166 116
335 166 319
215 512 572
512 771 881
771 878 48
878 200 362
200 244 51
244 729 275
729 451 17
451 190 259
190 174 381
174 462 619
529 462 473
529 793 10
793 627 335
627 463 908
463 690 370
690 378 58
378 718 142
718 82 195
82 154 80
215 154 136
462 565 38
565 44 642
44 473 890
473 397 427
397 324 246
324 441 128
441 837 93
837 363 876
363 90 627
90 660 569
375 660 916
375 425 524
425 764 42
764 222 671
222 766 863
766 666 616
666 158 894
158 228 766
228 216 891
462 216 183
660 260 411
260 720 516
720 468 855
468 380 63
380 235 352
235 53 334
53 844 659
844 620 708
620 229 140
229 580 53
137 580 722
137 373 782
373 428 532
428 5 401
5 97 589
97 238 848
238 187 525
187 85 737
85 201 131
660 201 643
580 681 822
681 307 69
307 621 666
621 256 690
256 217 494
217 465 814
465 776 474
776 354 373
354 714 205
714 408 843
579 408 859
579 162 52
162 668 78
668 69 857
69 886 244
886 746 738
746 564 705
564 339 464
339 745 660
580 745 498
408 532 260
532 804 308
804 629 488
629 459 810
459 882 254
882 261 211
261 602 402
602 442 834
442 70 146
70 3 200
3 741 615
741 40 223
40 8 144
8 432 501
432 258 787
258 669 851
669 853 207
853 466 573
466 399 100
408 399 350
452 46 65
46 893 278
893 551 543
551 805 60
805 303 557
303 611 745
611 867 291
867 619 445
619 519 161
519 237 432
237 593 935
593 449 405
449 136 540
136 646 638
646 104 931
104 288 637
288 782 645
782 443 809
443 730 36
452 730 327
