1303 1364
202 593 554
202 1251 966
1251 527 685
527 670 684
670 750 347
750 1044 77
1044 945 154
284 945 321
284 481 643
481 33 1025
33 142 330
142 1284 921
1284 1009 1281
1009 24 747
227 24 993
227 98 1233
98 647 288
647 46 498
46 1000 653
1000 666 1098
666 880 545
880 593 593
593 1113 459
1113 97 836
97 1164 564
1164 190 1075
190 197 807
197 296 596
296 958 195
958 1179 1080
1179 164 340
164 861 47
861 758 968
147 758 488
147 385 421
385 679 698
679 998 425
998 1109 1212
1109 914 263
914 417 664
417 395 1200
395 521 652
521 374 1176
593 374 371
758 741 673
741 517 1215
517 1137 32
1137 660 825
660 1302 1241
1302 1136 1240
1136 320 345
320 1103 170
1103 44 1299
44 873 1314
873 1186 279
169 1186 355
169 371 917
371 432 447
432 828 457
828 441 765
441 1222 196
1222 731 1347
731 1128 1295
1128 456 588
456 152 630
758 152 985
1186 1052 87
1052 580 179
580 419 563
419 401 860
401 860 151
860 280 246
280 675 939
675 960 272
960 771 671
771 1239 982
1239 350 6
654 350 598
654 1107 941
1107 1202 1266
1202 780 338
780 435 763
435 1181 1341
1181 942 1158
942 359 944
359 1225 887
1225 928 67
1186 928 312
350 531 164
531 589 361
589 412 876
412 864 662
864 55 583
55 5 631
5 1224 169
1224 558 520
558 245 381
245 495 295
495 285 266
391 285 522
391 204 735
204 974 835
974 783 133
783 438 727
438 1076 927
1076 676 1170
676 228 156
228 25 1009
25 708 129
350 708 844
285 1057 254
1057 967 1139
967 586 118
586 324 961
324 658 1165
658 1232 269
1232 1015 1012
1015 68 113
68 842 896
842 982 1271
982 79 797
1086 79 258
1086 201 650
201 1214 1094
1214 136 240
136 70 158
70 1207 840
1207 882 390
882 779 109
779 12 344
12 913 392
285 913 1253
79 635 103
635 36 587
36 130 268
130 1072 1031
1072 200 1196
200 466 248
466 1235 1333
1235 1049 1001
1049 1090 798
1090 753 375
753 1106 865
821 1106 911
821 896 1008
896 634 842
634 1020 199
1020 995 444
995 900 1121
900 1247 363
1247 737 71
737 199 308
199 637 817
79 637 7
1106 188 580
188 289 107
289 1074 886
1074 850 126
850 595 859
595 149 962
149 701 467
701 626 607
626 1267 1116
1267 585 89
585 124 1115
1133 124 830
1133 961 462
961 465 837
465 1258 95
1258 810 52
810 113 478
113 1014 506
1014 1233 367
1233 208 1249
208 699 585
1106 699 811
124 100 1171
100 746 1134
746 830 68
830 107 482
107 211 1024
211 567 456
567 541 1203
541 716 1142
716 1047 343
1047 1036 909
1036 1303 354
1236 1303 661
1236 903 1153
903 1083 651
1083 404 916
404 792 919
792 1140 352
1140 1127 255
1127 516 29
516 1005 61
1005 352 618
124 352 905
1303 1097 147
1097 968 205
968 617 1182
617 469 483
469 434 1311
434 724 418
724 749 200
749 268 1076
268 606 748
606 953 484
953 904 867
437 904 1108
437 806 845
806 843 432
843 931 1123
931 841 801
841 556 785
556 643 708
643 964 980
964 309 1217
309 393 360
1303 393 489
904 1119 239
1119 969 561
969 80 1046
80 836 613
836 271 395
271 65 492
65 171 920
171 578 414
578 1272 559
1272 207 1315
207 236 1180
1168 236 476
1168 31 847
31 503 1128
503 415 357
415 642 1334
642 1016 1087
1016 1263 411
1263 827 221
827 305 125
305 111 1304
904 111 594
236 333 839
333 788 426
788 363 1360
363 1227 72
1227 736 541
736 611 138
611 335 695
335 427 351
427 616 882
616 407 1239
407 1166 1093
689 1166 111
689 905 194
905 56 1148
56 154 538
154 948 122
948 859 963
859 487 1218
487 1226 742
1226 332 976
332 899 39
236 899 988
1166 966 1132
966 856 99
856 196 569
196 584 135
584 763 116
763 1134 967
1134 561 1035
561 632 74
632 162 1122
162 17 568
17 891 1048
244 891 1160
244 158 833
158 789 810
789 358 55
358 818 290
818 420 289
420 52 1069
52 671 720
671 1176 869
1176 835 493
1166 835 734
891 277 656
277 62 17
62 877 281
877 366 280
366 784 318
784 194 832
194 472 999
472 314 623
314 832 98
832 935 1257
935 329 700
1037 329 971
1037 276 744
276 500 1006
500 1027 1059
1027 480 1230
480 240 831
240 944 890
944 991 757
991 1244 1324
1244 266 1351
891 266 152
329 612 575
612 732 1155
732 210 341
210 927 88
927 449 1053
449 607 1061
607 215 317
215 389 1150
389 467 315
467 1221 291
1221 488 1161
121 488 1339
121 388 8
388 853 1355
853 1088 501
1088 1087 923
1087 1085 448
1085 269 712
269 993 434
993 43 858
43 259 523
329 259 11
488 300 1245
300 709 805
709 22 1209
22 370 1244
370 140 913
140 297 791
297 1260 733
1260 354 81
354 189 1030
189 544 31
544 1006 311
165 1006 1242
165 337 185
337 57 130
57 744 51
744 550 528
550 125 5
125 195 578
195 1064 451
1064 214 567
214 1297 250
488 1297 193
1006 560 463
560 1054 187
1054 786 56
786 728 1336
728 1141 235
1141 298 1052
298 520 1220
520 764 219
764 16 90
16 815 958
815 687 150
170 687 1275
170 1150 1164
1150 213 423
213 1294 173
1294 706 628
706 922 409
922 462 745
462 63 44
63 145 527
145 226 820
1006 226 556
687 1254 142
1254 347 1183
347 956 1111
956 1216 702
1216 601 965
601 119 1168
119 757 97
757 1073 551
1073 505 625
505 667 1078
667 498 746
1118 498 699
1118 304 471
304 400 1106
400 109 1319
109 439 128
439 677 761
677 924 131
924 340 602
340 665 737
665 191 225
687 191 479
498 723 1147
723 1152 1301
1152 823 907
823 799 464
799 1293 1361
1293 743 900
743 641 688
641 977 945
977 829 686
829 106 1029
106 857 1125
775 857 1070
775 501 369
501 327 1211
327 338 238
338 831 792
831 1123 514
1123 112 228
112 59 937
59 1257 1221
1257 970 1162
498 970 204
857 192 751
192 727 793
727 96 35
96 82 1174
82 263 366
263 41 1181
41 1174 37
1174 1092 244
1092 985 1082
985 725 764
725 292 1066
91 292 1213
91 362 601
362 528 212
528 198 1316
198 283 327
283 217 1028
217 493 1348
493 1189 1358
1189 782 553
782 256 574
857 256 874
292 47 888
47 769 566
769 933 658
933 331 148
331 592 691
592 1285 1353
1285 774 58
774 644 325
644 1068 1138
1068 1250 647
1250 1 349
1 377 1277
377 502 912
502 1156 624
1156 490 891
490 1194 182
1194 1243 59
1243 691 534
691 137 23
137 657 1169
657 461 638
292 461 167
945 94 353
94 444 400
444 1157 1197
1157 18 1306
18 278 161
278 1145 709
1145 598 829
598 418 873
418 301 387
301 1209 636
1209 478 935
705 478 826
705 620 1039
620 678 232
678 1278 490
1278 937 171
937 361 396
361 390 1054
390 747 1057
747 423 180
423 1116 202
945 1116 208
478 392 1189
392 627 772
627 1120 655
1120 161 34
161 1200 220
1200 1046 477
1046 183 577
183 446 226
446 881 285
881 804 1060
804 1193 1356
1084 1193 1359
1084 429 515
429 1004 18
1004 1108 828
1108 424 1290
424 179 323
179 565 1088
565 568 1049
568 232 940
232 619 824
478 619 172
1193 257 1135
257 870 679
870 323 524
323 851 1129
851 579 717
579 166 1038
166 1158 1058
1158 182 413
182 965 497
965 303 1247
303 253 634
866 253 1037
866 10 864
10 854 96
854 102 1260
102 470 100
470 349 329
349 668 509
668 132 1261
132 713 740
713 101 372
1193 101 346
253 151 696
151 1206 1308
1206 566 972
566 250 1338
250 833 1234
833 949 458
949 38 1010
38 840 904
840 92 557
92 947 257
947 30 1051
1129 30 775
1129 103 247
103 919 1191
919 302 640
302 794 902
794 372 21
372 791 875
791 1007 649
1007 73 1219
73 761 1077
253 761 672
30 766 382
766 146 983
146 994 438
994 1081 1
1081 205 1250
205 264 374
264 939 537
939 630 608
630 141 229
141 494 1280
494 61 222
540 61 1173
540 381 69
381 1280 25
1280 916 706
916 451 442
451 1183 350
1183 48 274
48 867 267
867 781 605
781 299 866
30 299 690
61 122 991
122 720 439
720 1175 309
1175 273 703
273 1091 491
1091 326 348
326 925 1041
925 886 155
886 1196 1282
1196 770 959
770 1038 93
1191 1038 1177
1191 491 175
491 157 1045
157 1256 134
1256 1055 64
1055 1219 606
1219 1059 1232
1059 1053 1166
1053 367 762
367 249 22
61 249 242
1038 798 843
798 583 28
583 957 1285
957 463 78
463 506 1036
506 1017 1283
1017 1149 431
1149 1039 393
1039 834 871
834 95 675
95 26 570
748 26 589
748 1286 162
1286 184 558
184 471 786
471 1010 1231
1010 233 1112
233 610 1300
610 508 224
508 473 1073
473 669 998
1038 669 893
26 474 1119
474 812 197
812 546 1005
546 181 819
181 39 852
39 288 802
288 547 294
547 218 454
218 513 383
513 1029 931
1029 526 1303
907 526 368
907 603 635
603 787 65
787 684 94
684 431 1270
431 820 753
820 71 517
71 726 629
726 482 472
482 1089 1227
26 1089 461
526 351 1085
351 230 543
230 777 981
777 989 648
989 773 9
773 1300 1252
1300 893 814
893 286 1101
286 382 450
382 694 642
694 1241 547
1173 1241 123
1173 597 190
597 1223 42
1223 848 19
848 1259 724
1259 443 487
443 1147 287
1147 636 778
636 316 443
316 976 1167
526 976 794
1241 952 188
952 37 92
37 312 857
312 659 40
659 45 705
45 172 743
172 963 1102
963 343 924
343 209 1214
209 1105 1342
1105 1034 75
535 1034 550
535 1011 45
1011 785 1042
785 185 604
185 772 769
772 203 975
203 887 1062
887 662 508
662 752 1086
752 839 1294
1241 839 1130
1034 909 943
909 574 4
574 156 3
156 745 405
745 99 1243
99 596 403
596 762 846
762 342 572
342 697 445
697 599 1223
599 1023 1199
35 1023 1056
35 64 249
64 538 529
538 1160 1325
1160 673 36
673 265 386
265 1288 297
1288 885 1258
885 751 378
751 360 576
1034 360 987
1023 457 665
457 353 565
353 403 1202
403 1291 216
1291 307 468
307 1220 854
1220 852 930
852 796 326
796 511 947
511 398 1184
398 1172 768
992 1172 861
992 368 511
368 239 992
239 1238 1143
1238 86 283
86 1213 1321
1213 917 1137
917 801 973
801 542 654
542 572 750
1023 572 1194
1172 120 104
120 986 1349
986 1298 1293
1298 74 957
74 590 741
590 319 1317
319 1277 337
1277 428 286
428 1075 101
1075 816 1120
816 260 394
241 260 946
241 1281 808
1281 755 526
755 313 731
313 638 261
638 575 666
575 954 299
954 1093 370
1093 1112 385
1112 1268 14
1172 1268 207
260 290 925
290 1042 725
1042 563 419
563 554 1090
554 464 633
464 275 1019
275 1110 1034
1110 1169 1190
1169 951 305
951 1028 800
1028 110 863
295 110 908
295 175 391
175 664 592
664 379 82
379 386 428
386 1159 60
1159 281 1343
281 66 880
66 384 715
384 416 676
260 416 1318
110 1130 954
1130 255 486
255 628 1141
628 889 936
889 262 540
262 93 942
93 1205 1187
1205 143 657
143 322 1064
322 306 1195
306 127 812
1115 127 1331
1115 397 1337
397 383 815
383 707 215
707 460 609
460 336 1092
336 425 1205
425 178 1320
178 440 1000
440 287 336
110 287 412
127 809 420
809 1155 660
1155 483 970
483 623 1117
623 1255 121
1255 409 141
409 458 995
458 422 758
422 710 214
710 618 622
618 674 1154
507 674 1004
507 609 332
609 539 1175
539 837 27
837 1041 739
1041 768 1100
768 1040 278
1040 1295 176
1295 712 781
712 910 1272
127 910 645
674 1177 784
1177 291 1204
291 625 153
625 328 1274
328 348 620
348 231 373
231 844 1284
844 1154 851
1154 824 1251
824 411 505
411 918 48
27 918 474
27 14 1144
14 1031 499
1031 148 469
148 34 166
34 84 303
84 1104 292
1104 718 277
718 135 1065
135 243 102
674 243 24
918 602 168
602 760 1040
760 734 243
734 365 127
365 605 853
605 492 146
492 1063 595
1063 274 110
274 369 211
369 1178 689
1178 318 233
920 318 1192
920 1146 1044
1146 9 1149
9 640 822
640 858 621
858 187 841
187 50 710
50 894 1103
894 569 1328
569 1142 663
918 1142 328
318 375 159
375 486 70
486 582 716
582 60 1225
60 703 759
703 6 519
6 696 143
696 950 571
950 865 209
865 813 1269
813 1001 284
608 1001 1104
608 932 603
932 1138 1185
1138 1135 470
1135 261 440
261 1125 546
1125 661 91
661 341 1178
341 622 1047
622 557 885
318 557 767
1001 242 1362
242 1143 251
1143 173 1208
173 139 1016
139 1203 879
1203 447 157
447 822 86
822 405 441
405 614 1291
614 863 304
863 2 455
2 69 1329
69 587 616
587 1273 1296
1273 87 955
87 1148 119
1148 410 1140
410 180 1263
180 1013 1018
1013 270 402
270 800 1327
1001 800 544
24 1266 1026
1266 941 536
941 1270 198
1270 543 1350
543 224 399
224 1296 760
1296 515 186
515 1265 1262
1265 1051 144
1051 805 453
805 849 335
40 849 1110
40 895 1003
895 1032 191
1032 934 57
934 206 1133
206 988 192
988 1056 227
1056 1048 12
1048 892 1152
892 980 324
24 980 668
849 862 749
862 345 1071
345 1201 105
1201 1124 1312
1124 512 956
512 930 711
930 317 626
317 174 1017
174 247 1020
247 624 1206
624 504 473
692 504 774
692 672 415
672 225 990
225 1025 73
1025 715 504
715 1102 79
1102 339 776
339 846 683
846 875 85
875 1162 404
849 1162 738
504 1276 713
1276 23 1156
23 1035 1346
1035 497 1292
497 496 1238
496 118 1023
118 874 986
874 19 771
19 237 895
237 396 929
396 1045 730
533 1045 362
533 576 582
576 1228 1079
1228 971 114
971 847 160
847 978 259
978 1070 1015
1070 1161 379
1161 325 2
325 1096 270
504 1096 33
1045 153 1264
153 683 795
683 1077 298
1077 1208 531
1208 704 723
704 421 1354
421 1246 677
1246 845 262
845 221 1063
221 888 1345
888 408 997
1079 408 217
1079 90 641
90 1197 76
1197 975 552
975 414 1027
414 972 66
972 990 953
990 524 704
524 15 264
15 1078 996
1045 1078 938
408 1095 573
1095 1019 718
1019 534 15
534 537 1305
537 871 799
871 573 989
573 510 979
510 652 615
652 754 293
754 514 790
514 604 140
714 604 1307
714 1030 915
1030 293 804
293 921 619
921 1275 300
1275 901 1043
901 795 145
795 1061 108
1061 356 535
356 1003 1363
408 1003 117
604 615 1136
615 1240 1083
1240 797 964
797 248 884
248 525 932
525 468 899
468 790 754
790 254 933
254 1264 1313
406 1264 1159
406 1279 952
1198 1279 181
1198 621 10
621 445 903
445 1117 984
1117 738 435
738 67 406
67 688 339
688 334 136
334 104 1186
104 235 1278
604 235 755
1279 983 271
983 21 599
21 216 518
216 477 512
477 212 475
212 430 838
430 929 579
929 735 674
735 555 1007
555 639 849
639 117 586
1262 117 223
1262 1234 878
1234 1022 275
1022 1012 503
1012 246 1118
246 1195 539
1195 570 358
570 629 313
629 1163 480
1163 1180 1268
1279 1180 694
117 1132 481
1132 58 513
58 229 301
229 776 494
776 693 314
693 681 678
681 1287 977
1287 49 779
49 88 834
88 739 429
739 1292 1198
682 1292 1095
682 577 282
577 756 408
756 310 926
310 912 1096
912 475 614
475 150 1105
150 1043 26
1043 1094 206
1094 876 549
117 876 384
1292 126 960
126 802 30
802 651 1297
651 765 427
765 176 1014
176 729 1109
729 1131 639
1131 646 680
646 571 237
571 826 502
826 1099 1265
402 1099 752
402 1210 1288
1210 979 787
979 740 253
740 123 124
123 7 1068
7 1098 1072
1098 311 1335
311 442 20
442 78 1310
1292 78 809
1099 1237 646
1237 453 667
453 648 855
648 1002 870
1002 81 1074
81 1188 388
1188 454 1188
454 730 210
730 54 1084
54 548 914
548 267 377
1187 267 611
1187 1261 1146
1261 346 1330
346 631 165
631 817 163
817 690 796
690 655 1050
655 133 617
133 898 736
898 1067 149
1099 1067 273
267 51 213
51 1065 1179
1065 807 407
807 1274 1222
1274 330 1216
330 1024 234
1024 869 510
869 649 682
649 1192 1302
1192 522 265
522 879 918
1139 879 178
1139 186 507
186 279 1013
279 1215 722
1215 163 449
163 1100 112
1100 1033 897
1033 721 773
721 908 184
908 455 719
267 455 827
879 1165 1172
1165 116 1113
116 355 397
355 962 256
962 1122 850
1122 1062 316
1062 518 1344
518 1217 922
1217 177 189
177 656 803
656 997 310
1249 997 948
1249 413 1289
413 855 84
855 1101 1022
1101 8 276
8 1282 319
1282 700 417
700 811 1255
811 484 365
484 808 115
879 808 591
997 220 659
220 1170 380
1170 562 460
562 650 106
650 878 177
878 803 1145
803 53 562
53 530 422
530 711 806
711 1212 43
1212 1126 584
1242 1126 877
1242 1171 1124
1171 984 231
984 759 424
759 1080 201
1080 1199 376
1199 588 714
588 943 872
943 545 1032
545 1082 777
997 1082 1107
1126 529 485
529 160 756
160 1185 542
1185 767 848
767 459 1286
459 134 726
134 1058 780
1058 1253 137
1253 144 465
144 825 1067
825 523 693
915 523 41
915 633 1357
633 1231 707
1231 742 183
742 308 816
308 549 788
549 819 934
819 138 1248
138 89 883
89 387 333
1126 387 1323
523 28 410
28 923 38
923 1060 430
1060 1211 669
1211 884 46
884 131 1127
131 75 218
75 973 260
973 1121 548
1121 499 359
499 1229 416
1252 1229 1126
1252 485 692
485 594 1309
594 436 862
436 663 1287
663 987 637
987 552 1235
552 42 1326
42 564 302
564 1144 610
523 1144 590
1229 936 16
936 1218 533
1218 72 1228
72 695 1279
695 717 1364
717 722 951
722 1153 252
1153 536 50
536 733 49
733 686 342
686 364 687
1071 364 334
1071 399 331
399 105 1332
105 613 516
613 129 1207
129 32 174
32 479 555
479 600 823
600 902 644
902 551 132
1229 551 1259
364 452 1163
452 77 1273
77 1283 296
1283 1299 701
1299 940 1254
940 702 521
702 1066 525
1066 911 910
911 509 898
509 1111 969
1111 223 1089
981 223 80
981 778 1322
778 1248 1055
1248 1008 868
1008 959 632
959 193 120
193 20 813
20 581 1256
581 645 818
645 159 364
364 159 1352
223 167 452
167 872 1033
872 1182 1236
1182 222 560
222 591 13
591 272 581
272 996 600
996 115 821
115 448 597
448 321 1193
321 294 1226
251 294 1091
251 890 1157
890 376 500
376 868 889
868 653 950
653 85 729
85 1114 681
1114 1245 63
1245 114 894
114 1190 1081
223 1190 1340
294 519 53
519 897 612
897 1018 398
1018 1271 1131
1271 357 627
357 128 241
128 433 994
433 1069 466
1069 252 1002
252 838 530
838 698 1224
1289 698 1099
1289 378 203
378 489 928
489 394 1021
394 1204 54
1204 282 230
282 719 433
719 76 732
76 426 770
426 1290 389
294 1290 789
698 380 721
380 680 1267
680 450 1210
450 883 306
883 559 697
559 1184 1229
1184 926 901
926 955 856
955 1151 892
1151 1167 1114
1167 3 782
3 553 1246
553 1050 139
1050 234 236
234 108 1097
108 1021 356
1021 685 783
685 938 532
938 1301 320
1301 168 1298
168 238 83
698 238 670
1264 906 766
906 11 1151
11 1230 978
1230 1269 949
1269 373 62
373 793 436
793 1026 728
1026 532 906
532 258 307
258 219 1276
219 4 446
4 344 974
344 315 322
315 13 495
13 946 1201
946 83 437
83 999 496
999 814 245
814 476 401
476 155 881
155 29 1011
1264 29 1237
