559 620
480 21 258
480 536 468
536 222 572
226 222 363
226 197 169
197 495 51
444 495 360
444 441 26
441 108 533
108 21 289
21 163 586
163 170 326
170 33 534
33 88 463
88 47 56
237 47 74
237 322 320
322 146 401
146 101 459
21 101 393
47 224 186
224 294 359
294 279 70
279 555 277
555 521 366
535 521 8
535 14 545
14 512 179
512 282 578
47 282 228
521 41 44
41 115 66
115 484 114
484 39 465
39 450 364
423 450 212
423 64 301
64 277 96
277 116 467
521 116 101
450 330 536
330 443 539
443 113 62
113 258 31
258 405 494
74 405 547
74 265 106
265 362 80
362 284 325
450 284 361
405 75 6
75 295 521
295 525 124
525 338 592
338 311 416
466 311 15
466 328 414
328 156 262
156 194 131
405 194 305
311 470 409
470 462 43
462 296 469
296 372 323
372 551 530
424 551 32
424 137 382
137 85 334
85 140 158
311 140 23
551 537 333
537 543 566
543 27 446
27 503 16
503 293 602
190 293 362
190 397 620
397 489 173
489 272 332
551 272 48
293 36 588
36 34 441
34 281 156
281 465 149
465 124 404
409 124 347
409 142 160
142 152 271
152 534 185
293 534 384
124 513 432
513 221 505
221 45 513
45 206 242
206 451 418
166 451 38
166 547 449
547 263 420
263 129 373
124 129 171
451 463 40
463 244 352
244 353 252
353 63 497
63 432 177
247 432 47
247 94 338
94 210 528
210 54 440
451 54 324
432 308 561
308 133 207
133 125 501
125 497 33
497 300 340
59 300 178
59 434 318
434 556 246
556 396 354
432 396 335
300 325 254
325 389 206
389 514 461
514 48 53
48 235 379
22 235 556
22 285 214
285 363 557
363 50 327
300 50 471
235 394 59
394 371 483
371 29 507
29 147 211
147 270 608
271 270 518
271 335 152
335 209 531
209 184 492
235 184 439
270 491 164
491 336 247
336 201 477
201 516 147
516 548 383
11 548 306
11 268 144
268 26 435
26 195 84
270 195 577
548 53 618
53 84 137
84 518 399
518 128 309
128 367 302
378 367 83
378 283 392
283 240 69
240 406 613
548 406 87
367 377 612
377 359 610
359 149 345
149 188 141
188 554 472
274 554 243
274 104 560
104 492 202
492 500 5
367 500 609
554 523 100
523 180 251
180 44 78
44 334 216
334 114 220
71 114 222
71 352 105
352 415 116
415 392 28
554 392 193
114 481 544
481 162 458
162 355 298
355 99 272
99 246 89
288 246 21
288 477 452
477 427 442
427 278 604
114 278 579
246 490 462
490 223 310
223 467 180
467 453 218
453 559 295
220 559 585
220 403 344
403 379 611
379 250 574
246 250 240
559 106 496
106 358 168
358 327 519
327 312 595
312 1 444
1 46 122
46 155 112
155 238 488
238 232 550
559 232 395
222 476 134
476 340 36
340 62 601
62 418 127
418 442 491
437 442 174
437 185 331
185 230 194
230 100 543
222 100 175
442 70 587
70 399 176
399 287 329
287 77 303
77 404 605
16 404 239
16 143 524
143 454 30
454 42 456
442 42 450
404 421 490
421 408 520
408 89 336
89 103 541
103 134 506
342 134 279
342 496 599
496 52 342
52 309 226
404 309 200
134 557 428
557 324 94
324 382 166
382 109 438
109 351 314
339 351 118
339 171 142
171 428 410
428 165 514
134 165 282
351 157 172
157 248 103
248 501 276
501 242 121
242 82 489
169 82 576
169 76 299
76 400 1
400 262 423
351 262 405
82 57 273
57 446 58
446 241 381
241 121 571
121 213 498
456 213 290
456 473 512
473 35 419
35 187 330
82 187 368
213 164 88
164 499 184
499 391 261
391 257 508
257 346 597
542 346 253
542 280 24
280 239 294
239 508 236
213 508 370
346 181 542
181 56 250
56 347 398
347 95 447
95 469 559
276 469 358
276 20 346
20 153 431
153 478 10
346 478 266
469 8 296
8 5 321
5 426 453
426 464 278
464 73 195
255 73 291
255 366 421
366 488 183
488 435 257
469 435 425
73 17 37
17 266 155
266 550 224
550 61 317
61 538 60
4 538 146
4 7 411
7 107 377
107 172 154
73 172 192
538 65 376
65 92 407
92 472 573
472 214 245
214 398 380
507 398 386
507 504 304
504 510 117
510 531 532
538 531 17
398 345 292
345 193 563
193 233 64
233 127 110
127 264 49
479 264 12
479 369 129
369 111 583
111 168 223
398 168 269
264 273 217
273 175 79
175 302 71
302 301 68
301 436 120
314 436 233
314 460 546
460 208 107
208 433 348
264 433 115
436 112 482
112 386 238
386 122 503
122 212 197
212 431 163
350 431 287
350 275 86
275 200 339
200 253 515
436 253 582
431 158 594
158 374 102
374 438 580
438 380 119
380 303 388
136 303 549
136 494 415
494 15 286
15 310 22
431 310 7
303 329 50
329 522 76
522 485 4
485 305 35
305 32 553
102 32 25
102 515 615
515 416 270
416 217 584
303 217 280
32 225 426
225 430 525
430 549 99
549 18 504
18 388 516
234 388 311
234 387 308
387 81 413
81 216 125
32 216 315
388 447 263
447 259 67
259 471 145
471 198 90
198 243 616
390 243 316
390 203 406
203 297 355
297 307 417
388 307 466
243 299 473
299 51 157
51 110 20
110 117 454
117 10 210
384 10 481
384 539 596
539 483 283
483 381 153
243 381 565
10 498 18
498 218 460
218 186 448
186 251 85
251 2 260
2 545 387
545 530 312
530 344 540
344 148 61
10 148 248
495 517 307
517 448 529
448 119 378
119 292 57
292 252 357
160 252 55
160 558 389
558 229 95
229 532 268
495 532 98
252 376 297
376 261 500
261 173 259
173 402 619
402 139 300
440 139 371
440 178 478
178 132 241
132 318 569
252 318 564
139 78 288
78 411 91
411 393 476
393 304 527
304 93 148
192 93 437
192 540 436
540 361 244
361 475 140
139 475 109
93 135 82
135 141 188
141 364 457
364 19 205
19 130 523
67 130 73
67 72 284
72 502 403
502 179 97
93 179 230
130 317 555
317 174 187
174 144 293
144 23 394
23 493 575
368 493 229
368 12 443
12 474 182
474 31 19
130 31 402
493 228 123
228 199 191
199 202 14
202 511 479
511 123 34
245 123 390
245 383 39
383 40 2
40 30 63
493 30 537
123 9 130
9 290 165
290 420 391
420 87 590
87 461 581
96 461 433
96 289 143
289 126 427
126 486 464
123 486 522
461 546 396
546 445 341
445 553 132
553 219 568
219 49 606
227 49 554
227 55 502
55 204 208
204 343 255
461 343 231
49 528 215
528 43 139
43 249 614
249 487 45
487 410 535
519 410 201
519 506 104
506 458 265
458 68 526
49 68 422
410 91 113
91 38 487
38 6 343
6 176 374
176 28 92
356 28 235
356 60 133
60 414 274
414 231 511
410 231 517
28 449 509
449 25 267
25 306 93
306 524 249
524 177 349
58 177 375
58 161 510
161 90 136
90 349 203
28 349 232
177 315 52
315 69 480
69 439 445
439 375 227
375 544 372
98 544 499
98 357 434
357 529 108
529 120 412
177 120 65
544 118 138
118 326 319
326 429 9
429 413 13
413 138 495
189 138 41
189 321 470
321 333 591
333 254 42
544 254 408
138 452 234
452 354 281
354 395 219
395 80 181
80 341 27
455 341 337
455 319 46
319 348 570
348 482 356
138 482 209
341 286 589
286 236 607
236 505 365
505 167 486
167 291 451
401 291 126
401 320 128
320 313 603
313 24 285
341 24 167
291 131 111
131 360 600
360 66 322
66 86 430
86 541 400
419 541 72
419 407 617
407 83 484
83 533 429
291 533 548
541 154 264
154 552 3
552 520 313
520 298 199
298 526 455
373 526 256
373 159 150
159 527 29
527 267 190
541 267 353
526 370 475
370 151 350
151 97 328
97 457 369
457 105 196
37 105 11
37 145 221
145 269 81
269 150 551
526 150 474
105 365 538
365 205 54
205 215 598
215 196 351
196 412 204
13 412 397
13 332 275
332 260 593
260 207 237
105 207 562
412 422 213
422 417 75
509 417 558
509 79 189
79 3 225
3 256 485
256 191 552
191 385 135
385 468 170
412 468 162
417 183 198
183 323 161
323 331 159
331 459 493
459 211 367
211 316 385
316 425 567
425 182 151
182 337 424
417 337 77
