1429 1496
87 1377 995
87 538 308
538 1197 773
1197 7 893
7 132 449
132 348 1033
348 225 408
1040 225 220
1040 1265 191
1265 549 246
549 306 1291
306 560 897
560 1209 913
1209 14 241
71 14 1025
71 135 734
135 329 1290
329 209 1151
209 1084 244
1084 8 1142
8 793 1306
793 1377 1393
1377 1220 803
1220 963 435
963 344 705
344 541 621
541 1400 1485
1400 192 584
192 882 655
882 733 1127
733 113 1020
113 1321 775
1321 1194 200
666 1194 503
666 191 368
191 920 688
920 1355 1375
1355 307 829
307 65 1241
65 372 245
372 635 432
635 390 665
390 1133 1186
1377 1133 400
1194 1253 243
1253 448 531
448 862 1180
862 1268 1369
1268 1041 254
1041 1423 107
1423 1347 781
1347 248 744
248 997 1030
997 407 1160
407 392 555
381 392 1083
381 916 529
916 1005 62
1005 533 119
533 885 677
885 1091 1107
1091 856 58
856 452 841
452 371 84
371 642 974
1194 642 1277
392 79 1301
79 1391 964
1391 323 279
323 1317 1434
1317 1177 1358
1177 687 137
687 774 250
774 797 440
797 957 1487
957 508 420
508 1025 1496
918 1025 1354
918 427 1046
427 658 1320
658 644 761
644 1027 748
1027 183 1284
183 215 64
215 631 576
631 1131 415
1131 159 795
392 159 786
1025 110 839
110 709 1344
709 224 540
224 378 1282
378 416 1296
416 391 657
391 217 1012
217 647 364
647 1205 438
1205 1244 173
1244 490 543
799 490 1148
799 1128 188
1128 817 312
817 172 473
172 722 136
722 1031 1090
1031 662 809
662 599 50
599 1142 834
1142 1143 395
1025 1143 1325
490 271 325
271 739 1259
739 897 915
897 462 785
462 119 1453
119 902 266
902 1015 1475
1015 72 1405
72 164 59
164 1363 1067
1363 588 978
182 588 225
182 1003 1473
1003 996 640
996 1033 934
1033 790 672
790 732 993
732 94 1368
94 1008 639
1008 47 1029
47 487 962
490 487 1251
588 286 1440
286 101 1257
101 153 358
153 272 104
272 226 72
226 397 911
397 1267 904
1267 706 1165
706 965 805
965 151 703
151 1293 837
871 1293 611
871 572 618
572 726 1479
726 1398 702
1398 492 763
492 424 484
424 1258 1388
1258 1152 582
1152 254 684
254 283 345
588 283 1207
1293 147 1006
147 1213 1385
1213 201 158
201 15 157
15 1379 643
1379 85 1258
85 1349 1122
1349 62 335
62 1180 323
1180 1417 713
1417 451 908
364 451 989
364 1351 547
1351 267 823
267 204 1057
204 904 980
904 718 396
718 259 1268
259 581 98
581 278 1195
278 528 474
1293 528 733
451 1410 865
1410 355 1244
355 973 1128
973 1338 857
1338 1004 636
1004 441 475
441 393 381
393 867 388
867 676 1263
676 530 1336
530 1404 340
1319 1404 101
1319 841 1370
841 1250 907
1250 927 9
927 102 717
102 1235 1429
1235 398 899
398 431 638
431 59 1161
59 29 1004
451 29 874
1404 888 479
888 1390 33
1390 277 840
277 1021 283
1021 1306 866
1306 1179 287
1179 715 229
715 912 410
912 264 384
264 438 1279
438 1046 1411
1120 1046 808
1120 752 1028
752 524 704
524 1002 1338
1002 1388 284
1388 1350 309
1350 627 375
627 832 275
832 187 226
187 689 670
1404 689 8
1046 1305 1381
1305 1270 1076
1270 421 1447
421 419 1232
419 729 122
729 250 218
250 161 1248
161 177 231
177 1130 205
1130 294 380
294 660 228
463 660 337
463 583 560
583 646 1042
646 874 780
874 534 751
534 1009 722
1009 1095 260
1095 1399 921
1399 632 981
632 78 14
1046 78 424
660 1318 45
1318 992 19
992 468 40
468 1371 10
1371 723 425
723 1055 1187
1055 1307 470
1307 106 73
106 310 1136
310 620 817
620 884 948
1356 884 49
1356 911 311
911 69 1493
69 772 729
772 495 777
495 1314 603
1314 506 238
506 559 1205
559 725 728
725 30 1055
660 30 382
884 114 1066
114 816 116
816 282 1222
282 679 1430
679 1094 992
1094 171 1149
171 503 298
503 1065 767
1065 380 291
380 1140 1089
1140 1182 217
1316 1182 566
1316 751 419
751 650 827
650 493 69
493 720 994
720 318 1064
318 697 1371
697 76 202
76 242 214
242 337 401
884 337 339
1182 1119 204
1119 900 455
900 475 562
475 839 828
839 1047 273
1047 437 355
437 795 1048
795 1187 1238
1187 394 801
394 197 471
197 1405 1026
1249 1405 271
1249 96 1204
96 499 559
499 1383 956
1383 386 1194
386 942 515
942 958 794
958 1302 630
1302 332 1166
332 640 444
1182 640 2
1405 522 215
522 1102 711
1102 1125 255
1125 244 102
244 580 937
580 755 928
755 898 517
898 851 1027
851 206 1380
206 523 1307
523 1374 1286
17 1374 596
17 1290 1017
1290 1335 1359
1335 802 163
802 990 1252
990 1083 111
1083 73 884
73 1013 360
1013 157 1045
157 253 646
1405 253 1206
1374 296 564
296 1344 504
1344 1167 549
1167 704 1349
704 336 162
336 865 855
865 820 232
820 1112 1352
1112 228 286
228 1246 187
1246 930 1225
1304 930 614
1304 1322 1155
1322 1283 983
1283 1108 153
1108 469 1228
469 813 350
813 425 626
425 480 1051
480 384 347
384 1076 371
1374 1076 1044
930 218 602
218 95 1333
95 624 292
624 959 445
959 383 671
383 1309 135
1309 160 1272
160 595 327
595 754 905
754 123 1137
123 208 877
1087 208 96
1087 90 727
90 126 869
126 1420 505
1420 1217 35
1217 929 986
929 312 715
312 1259 351
1259 1242 1281
1242 891 972
930 891 1193
208 1291 216
1291 1225 955
1225 819 1023
819 1109 1000
1109 1219 779
1219 185 230
185 488 183
488 649 264
649 961 676
961 1001 207
1001 934 1227
652 934 1179
652 748 863
748 1370 184
1370 883 1329
883 762 1062
762 1010 502
1010 439 1428
439 794 1372
794 1286 960
1286 890 109
208 890 171
934 562 724
562 852 568
852 589 1139
589 1216 44
1216 1280 285
1280 1148 1183
1148 420 1018
420 1007 764
1007 1061 1131
1061 1162 1002
1162 246 606
262 246 7
262 200 1053
200 1035 206
1035 166 838
166 121 695
121 1418 1299
1418 1386 1367
1386 399 86
399 343 1489
343 1273 1129
934 1273 762
246 146 277
146 671 76
671 895 616
895 213 1322
213 324 685
324 377 242
377 308 247
308 251 437
251 155 819
155 886 1171
886 333 460
661 333 1143
661 1028 952
1028 80 41
80 406 1123
406 796 534
796 82 24
82 252 1425
252 1096 426
1096 363 97
363 971 814
246 971 74
333 1223 791
1223 328 608
328 1401 891
1401 1252 307
1252 901 356
901 866 1036
866 98 1289
98 966 1390
966 81 5
81 422 1437
422 1067 472
291 1067 881
291 395 680
395 174 1223
174 214 288
214 173 1470
173 446 1059
446 66 492
66 507 518
507 370 429
370 207 490
333 207 1218
1067 947 1327
947 1151 1101
1151 633 514
633 1175 833
1175 417 1469
417 617 1099
617 812 1240
812 791 249
791 1226 296
1226 741 451
741 1328 103
1353 1328 175
1353 54 182
54 907 1443
907 1276 649
1276 39 1314
39 601 199
601 653 961
653 975 1401
975 402 975
402 946 682
1067 946 149
1328 1082 710
1082 1362 613
1362 366 872
366 738 1185
738 1409 944
1409 779 461
779 937 942
937 1248 458
1248 127 624
127 668 738
668 1 1226
1 1114 1072
1114 778 810
778 149 933
149 863 858
863 413 959
413 905 1209
905 585 391
585 1221 34
1221 1103 332
1103 21 367
1328 21 1456
225 148 629
148 444 821
444 257 1022
257 763 1413
763 412 898
412 699 513
699 362 512
362 775 465
775 567 303
567 263 1118
263 844 315
311 844 459
311 1229 1460
1229 1301 541
1301 455 918
455 623 1379
623 1000 929
1000 1036 854
1036 1419 1323
1419 543 853
543 105 1140
225 105 971
844 1166 57
1166 136 1159
136 1202 46
1202 584 894
584 1043 577
1043 330 434
330 373 1119
373 1340 1280
1340 903 662
903 511 1063
511 1081 788
496 1081 91
496 240 520
240 621 1088
621 375 99
375 317 674
317 665 1427
665 433 1021
433 1204 167
1204 974 1392
974 163 333
844 163 1201
1081 234 1386
234 280 843
280 290 999
290 952 746
952 1086 55
1086 1048 977
1048 88 725
88 833 1319
833 28 300
28 1239 233
1239 1122 1049
58 1122 289
58 553 1079
553 156 331
156 579 846
579 1233 276
1233 1211 950
1211 269 398
269 639 625
639 568 627
568 557 1294
1081 557 1484
1122 509 876
509 428 825
428 785 604
785 1139 85
1139 502 533
502 941 883
941 684 698
684 993 726
993 1272 1040
1272 1247 151
1247 928 1467
1210 928 28
1210 74 1490
74 1303 1224
1303 983 1409
983 181 667
181 415 661
415 1199 1177
1199 641 890
641 1212 998
1212 542 1495
1122 542 864
928 179 796
179 346 320
346 289 678
289 34 923
34 18 760
18 1315 1310
1315 301 1153
301 1026 353
1026 798 259
798 594 575
594 597 1432
807 597 407
807 229 1481
229 821 442
821 1421 871
1421 664 1117
664 743 144
743 124 949
124 822 486
988 822 342
988 1274 1402
928 1274 421
597 1018 1346
1018 1022 145
1022 1365 1121
1365 948 1442
948 526 26
526 609 1373
609 1085 774
1085 1068 493
1068 1348 569
1348 1381 348
1381 1146 570
1116 1146 1439
1116 61 507
61 964 305
964 681 772
681 199 1242
199 138 982
138 1407 1014
1407 1238 888
1238 1277 181
1277 300 836
597 300 195
1146 1106 129
1106 436 124
436 459 1337
459 638 1406
638 1257 159
1257 334 790
334 99 1093
99 1284 329
1284 303 1191
303 443 1363
443 470 477
969 470 875
969 925 1309
925 1263 1255
1263 1387 1302
1387 1289 916
1289 622 29
622 881 789
881 504 94
504 453 1113
453 342 1326
1146 342 1295
470 223 589
223 939 537
939 473 1208
473 1050 1383
1050 91 42
91 870 1061
870 1425 588
1425 618 1264
618 945 895
945 801 219
801 1150 357
744 1150 126
744 663 1235
663 552 544
552 908 1130
908 369 383
369 233 60
233 818 597
818 634 1078
634 1256 453
1256 837 1267
470 837 483
1150 1032 831
1032 93 152
93 152 423
152 1075 1013
1075 1072 1287
1072 221 36
221 749 731
749 1016 1126
1016 575 1345
575 539 953
539 1357 697
1428 1357 797
1428 325 412
325 1408 1399
1408 1118 693
1118 1056 579
1056 835 1395
835 1364 1459
1364 170 721
170 1227 147
1227 914 142
1150 914 212
1357 531 25
531 1126 1215
1126 745 1426
745 842 1455
842 578 758
578 1092 485
1092 1331 310
1331 418 1446
418 1334 164
1334 109 1324
109 1299 370
1231 1299 850
1231 1260 192
1260 53 1239
53 840 1494
840 1282 900
1282 921 701
921 319 237
319 414 1133
414 691 397
691 788 557
1357 788 580
1299 1054 365
1054 544 262
544 893 257
893 274 1106
274 878 689
878 956 1234
956 692 176
692 836 16
836 1208 1065
1208 130 1024
130 440 741
284 440 494
284 230 793
230 359 1416
359 982 737
982 1034 765
1034 365 1082
365 505 52
505 600 996
600 625 554
625 287 925
1299 287 82
440 582 1190
582 25 830
25 302 236
302 577 938
577 1163 1435
1163 536 1382
536 241 1216
241 237 1269
237 268 1271
268 849 709
849 1011 1169
548 1011 599
548 550 81
550 773 418
773 610 148
610 561 404
561 12 742
12 690 946
690 995 272
995 680 1019
680 255 787
440 255 1488
1011 239 812
239 626 631
626 717 3
717 872 623
872 353 32
353 1030 882
1030 1312 258
1312 994 1355
994 629 379
629 36 235
36 521 51
405 521 967
405 591 1361
591 108 957
108 477 114
477 1023 88
1023 245 769
245 845 539
845 1271 656
1271 1336 644
1336 144 441
1011 144 1164
521 906 739
906 984 304
984 1135 87
1135 292 595
292 570 694
570 1224 941
1224 1426 917
1426 220 1278
220 1264 295
1264 843 1200
843 989 23
275 989 1221
275 1078 141
1078 139 1135
139 335 1308
335 195 210
195 554 106
554 825 497
825 410 997
410 1287 771
1287 776 1163
521 776 439
989 757 820
757 1161 824
1161 529 252
529 1147 1115
1147 1406 427
1406 167 815
167 1020 508
1020 1012 1037
1012 52 168
52 831 816
831 586 574
860 586 1266
860 876 278
876 606 290
606 701 38
701 1113 750
1113 1089 683
1089 1024 970
1024 321 466
321 249 108
249 823 906
989 823 637
586 474 143
474 515 411
515 931 89
931 746 201
746 193 63
193 630 1104
630 1071 552
1071 1137 1138
1137 1396 1214
1396 696 565
696 938 1156
24 938 963
24 968 930
968 847 716
847 814 1145
814 22 1047
22 426 526
426 592 524
592 432 336
432 761 973
761 500 180
586 500 499
938 1184 1285
1184 789 1220
789 476 1461
476 514 1418
514 1149 387
1149 547 594
547 518 177
518 590 203
590 404 1146
404 175 1436
175 232 366
382 232 979
382 86 609
86 46 487
46 67 1463
67 411 198
411 1110 650
1110 367 573
367 1053 363
1053 118 1424
118 657 1176
938 657 1438
232 926 452
926 747 776
747 564 578
564 604 326
604 176 1229
176 352 1331
352 1019 1124
1019 63 635
63 400 1109
400 759 591
759 1320 443
35 1320 1444
35 602 4
602 1090 532
1090 1101 669
1101 89 1318
89 571 12
571 429 511
429 1185 194
1185 953 720
953 1121 1313
232 1121 910
1320 1288 1015
1288 525 139
525 672 361
672 915 835
915 189 190
189 374 165
374 178 1219
178 143 902
143 800 138
800 540 1275
540 655 13
1195 655 1410
1195 614 113
614 702 654
702 936 799
936 258 521
258 1393 1396
1393 879 1486
879 265 239
265 651 1003
651 710 598
1320 710 1246
655 1164 747
1164 198 1249
198 1222 1005
1222 643 314
643 556 523
556 517 849
517 216 1110
216 188 1114
188 464 498
464 194 125
194 768 1184
877 768 1167
877 1311 313
1311 1369 752
1369 40 1357
40 645 1116
645 358 798
358 1300 491
1300 1415 1328
1415 858 489
858 721 1097
655 721 766
768 142 1098
142 41 253
41 467 612
467 827 567
827 656 1096
656 145 431
145 1214 692
1214 1326 1458
1326 685 376
685 736 301
736 1330 784
667 1330 1365
667 1183 500
1183 83 394
83 168 480
168 454 131
454 695 848
695 49 68
49 1297 1366
1297 430 1086
430 853 782
768 853 1420
1330 1093 1454
1093 445 832
445 1136 528
1136 133 373
133 673 856
673 1392 65
1392 31 482
31 1339 1298
1339 786 556
786 1372 121
1372 2 870
2 764 170
764 279 240
279 892 633
892 612 344
612 305 988
305 923 1152
923 769 369
769 512 1102
512 607 984
607 50 166
1330 50 1134
14 693 1477
693 338 269
338 409 127
409 1278 280
1278 932 1
932 1346 745
1346 1045 811
1045 955 592
955 917 553
917 1058 378
1058 389 1010
165 389 406
165 1341 922
1341 484 197
484 442 927
442 573 155
573 1269 1132
1269 465 1350
465 700 1360
700 154 1001
154 327 1343
14 327 95
389 1117 686
1117 603 634
603 1138 903
1138 331 1274
331 434 321
434 1343 403
1343 913 768
913 4 31
4 1384 546
1384 1378 509
1378 1200 377
1261 1200 736
1261 1097 15
1097 707 297
707 256 316
256 1171 211
1171 806 130
806 231 53
231 1413 1321
1413 1342 1173
1342 137 6
389 137 1466
1200 688 1311
688 368 446
368 479 822
479 315 1468
315 1123 1247
1123 782 581
782 1266 1111
1266 100 234
100 23 1050
23 1427 352
1427 1296 328
826 1296 79
826 1325 852
1325 238 293
238 1275 561
1275 1313 1043
1313 576 349
576 1144 1112
1144 896 409
896 1367 1330
1367 1176 263
1200 1176 1141
1296 787 169
787 703 1335
703 347 457
347 33 1417
33 128 666
128 112 390
112 64 538
64 1295 281
1295 1196 735
1196 977 265
977 203 120
784 203 1376
784 1173 1075
1173 859 1297
859 698 1315
698 737 496
737 117 1157
117 873 1471
873 1251 1069
1251 574 222
574 1354 1472
1296 1354 679
203 708 563
708 777 1250
777 10 1188
10 48 743
48 456 56
456 1366 1347
1366 998 1211
998 1323 966
1323 1145 1260
1145 349 542
349 354 274
1073 354 105
1073 196 1189
196 186 1174
186 1234 645
1234 619 1431
619 569 1419
569 1389 951
1389 1327 945
1327 42 947
42 276 468
203 276 1245
354 37 464
37 227 987
227 611 1450
611 150 842
150 435 1125
435 297 730
297 1228 61
1228 1044 1332
1044 1236 889
1236 593 931
593 780 1041
944 780 1052
944 1104 658
1104 77 932
77 341 818
341 954 940
954 401 610
401 960 516
960 43 535
43 466 1421
466 281 619
354 281 161
780 20 433
20 1198 887
1198 1038 1105
1038 111 690
111 57 30
57 513 179
513 70 417
70 486 675
486 1105 405
1105 1375 1007
1375 848 723
351 848 990
351 705 806
705 846 251
846 1294 362
1294 485 844
485 760 399
760 408 527
408 510 1056
510 293 20
293 1190 430
780 1190 1483
848 1345 851
1345 304 867
304 1127 1441
1127 756 100
756 1134 270
1134 566 1292
566 122 18
122 388 985
388 104 601
104 675 1293
675 713 343
894 713 847
894 899 1073
899 1029 1192
1029 497 530
497 970 54
970 212 196
212 180 1182
180 11 813
11 824 792
824 742 140
848 742 306
713 19 936
19 472 1462
472 1397 759
1397 1132 1273
1132 520 428
520 1361 1415
1361 598 1032
598 1157 1092
1157 1172 1197
1172 919 879
919 460 590
1416 460 1492
1416 940 386
940 1232 47
1232 834 1391
834 482 1162
482 1100 402
1100 360 935
360 654 488
654 103 43
103 361 248
713 361 1081
460 266 1091
266 949 749
949 32 647
32 724 1158
724 1063 374
1063 299 302
299 1165 174
1165 771 1448
771 385 1175
385 1411 1374
1411 976 1378
1230 976 802
1230 1042 550
1042 483 1480
483 1088 1276
1088 838 299
838 5 261
5 1394 330
1394 828 154
828 1169 663
1169 1292 501
460 1292 1300
976 1240 1085
1240 116 1254
116 1298 1449
1298 356 845
356 235 706
235 1141 755
1141 131 1231
131 211 462
211 887 909
887 519 860
519 875 804
184 875 267
184 999 454
999 202 586
202 134 341
134 714 495
714 1324 385
1324 683 346
683 628 885
628 1376 1398
1376 44 1217
976 44 224
875 677 1288
677 922 732
922 162 673
162 854 1334
854 140 1422
140 587 294
587 1403 718
1403 981 469
981 1174 39
1174 767 632
767 857 1403
1380 857 178
1380 804 1100
804 1285 924
1285 1064 1039
1064 1193 227
1193 608 926
608 861 1080
861 1206 132
1206 670 324
670 16 1317
875 16 1212
857 792 652
792 51 1303
51 1329 134
1329 565 160
565 1181 112
1181 532 1087
532 309 1397
309 1424 1351
1424 322 185
322 783 668
783 1098 1270
423 1098 826
423 967 681
967 471 172
471 933 756
933 731 1265
731 1107 757
1107 1153 359
1153 450 1170
450 669 1016
669 613 912
857 613 1203
1098 864 66
864 1201 800
1201 935 208
935 345 536
345 1049 372
1049 648 92
648 1332 1445
1332 1360 83
1360 55 859
55 987 319
987 979 687
1429 979 1233
1429 880 447
880 972 17
972 978 11
978 740 1150
740 636 1154
636 563 571
563 758 660
758 910 93
910 815 1070
1098 815 976
979 1385 413
1385 1059 1210
1059 516 67
516 527 653
527 1115 1256
1115 1237 1387
1237 1124 1476
1124 811 21
811 481 318
481 558 807
558 808 651
314 808 600
314 498 1035
498 686 1423
686 247 901
247 735 478
735 84 1071
84 489 1412
489 27 1253
27 712 896
712 980 558
979 980 80
808 943 1031
943 260 422
260 92 525
92 535 714
535 26 110
26 730 659
730 494 463
494 326 943
326 350 389
350 537 1054
537 637 886
1039 637 1108
1039 1079 354
1079 313 1236
313 950 1058
950 60 186
60 45 641
45 829 213
829 1156 1394
1156 659 1341
659 1191 1340
808 1191 1408
637 1215 1011
1215 1017 90
1017 750 691
750 1402 617
1402 38 1084
38 678 1457
678 682 334
682 1192 1008
1192 716 1262
716 1245 338
1245 339 1404
457 339 78
457 1057 778
1057 1243 1364
1243 545 939
545 991 71
991 1254 322
1254 169 1009
169 1308 783
1308 1382 1414
1382 158 648
637 158 1356
339 781 958
781 1129 965
1129 1189 414
1189 869 128
869 809 48
809 1188 189
1188 1368 282
1368 1358 393
1358 1060 622
1060 205 1198
205 1037 37
501 1037 1068
501 719 1384
719 288 1199
288 1006 522
1006 1414 317
1414 889 221
889 491 754
491 1051 664
1051 243 1377
243 1395 156
339 1395 551
1037 1066 1304
1066 1155 150
1155 985 1452
985 674 448
674 1203 1181
1203 555 548
555 1158 22
1158 986 1339
986 125 699
125 219 919
219 1310 1261
1014 1310 1230
1014 1186 696
1186 1111 1451
1111 1160 481
1160 1218 615
1218 924 1243
924 1337 1353
1337 97 118
97 1241 642
1241 1207 1433
1037 1207 1342
1310 770 587
770 810 914
810 379 209
379 615 1316
615 909 510
909 616 1362
616 1422 1172
1422 210 740
210 120 1060
120 1333 862
1333 850 1095
1077 850 968
1077 951 1120
951 403 1237
403 1069 1312
1069 1052 878
1052 803 436
803 1159 707
1159 75 545
75 236 392
236 316 193
1310 316 268
850 141 1094
141 855 605
855 1080 1407
1080 1279 70
1279 107 753
107 396 868
396 1262 450
1262 1154 880
1154 129 628
129 447 133
447 1170 1147
605 1170 620
605 765 476
765 766 892
766 56 1283
56 1074 712
1074 9 223
9 115 1196
115 1281 1213
1281 734 1103
734 261 1400
850 261 1389
1170 1099 115
1099 1373 969
1373 285 708
285 1062 506
1062 222 1348
222 546 954
546 298 700
298 68 519
68 458 861
458 6 1168
6 3 873
3 1412 1491
1412 270 1474
270 478 1034
478 805 583
805 962 1038
962 320 467
320 376 456
376 1070 1074
1070 1359 1077
1359 711 123
1170 711 1465
822 728 117
728 449 1305
449 551 991
551 1255 1482
1255 13 146
13 694 1202
694 1168 607
1168 830 1478
830 387 1144
387 273 572
273 727 27
727 596 920
596 461 75
461 1352 770
1352 295 416
295 1178 585
1178 868 1464
868 753 1178
753 340 256
340 357 719
357 190 593
822 190 77
