953 1020
338 300 416
338 899 931
899 230 30
230 839 336
839 869 358
63 869 540
63 396 433
396 332 779
332 89 348
89 848 265
724 848 441
724 518 140
518 475 663
475 792 461
792 300 934
300 98 813
98 248 878
248 473 793
473 767 411
767 774 940
774 789 574
789 714 138
728 714 58
728 346 751
346 68 555
68 901 266
901 576 104
576 530 114
530 238 894
300 238 3
714 846 33
846 33 366
33 104 31
104 92 549
92 143 380
143 476 858
476 102 648
180 102 571
180 523 749
523 494 576
494 881 181
881 416 979
416 295 517
295 493 597
714 493 575
102 362 861
362 73 730
73 355 275
355 524 272
524 150 92
150 356 430
356 947 950
329 947 642
329 75 498
75 716 594
716 404 499
404 343 843
343 595 23
595 584 998
102 584 955
947 674 287
674 41 303
41 711 173
711 132 453
132 95 622
95 875 758
875 79 795
653 79 607
653 442 257
442 591 791
591 544 306
544 805 733
805 55 881
55 934 194
947 934 926
79 612 601
612 905 591
905 884 300
884 702 640
702 459 586
459 183 363
183 893 747
317 893 478
317 202 893
202 798 674
798 888 977
888 273 463
273 206 1011
206 270 270
79 270 481
893 927 357
927 185 50
185 861 834
861 88 916
88 676 662
676 433 705
433 776 641
235 776 624
235 696 391
696 526 436
526 862 945
862 613 148
613 580 502
580 806 27
893 806 503
776 616 533
616 589 534
589 309 374
309 722 736
722 463 746
463 650 593
650 546 174
20 546 869
20 636 28
636 679 134
679 573 220
573 282 550
282 898 808
898 174 929
776 174 324
546 263 924
263 935 710
935 275 210
275 103 477
103 939 631
939 288 464
288 794 199
128 794 165
128 503 728
503 485 992
485 241 169
241 620 375
620 436 207
436 330 115
546 330 857
794 198 536
198 170 310
170 596 22
596 357 346
357 763 12
763 221 974
221 303 714
173 303 442
173 293 810
293 385 182
385 119 203
119 492 828
492 312 102
312 827 611
794 827 273
303 831 616
831 208 708
208 387 398
387 565 260
565 159 446
159 17 621
17 376 919
460 376 369
460 842 675
842 836 330
836 605 299
605 807 1014
807 116 1009
116 69 201
303 69 128
376 859 873
859 745 471
745 845 819
845 167 131
167 519 333
519 227 860
227 129 343
481 129 63
481 712 112
712 525 342
525 721 797
721 606 695
606 488 865
488 210 649
376 210 602
129 945 41
945 851 145
851 946 318
946 409 255
409 268 1010
268 372 670
372 694 216
345 694 415
345 885 666
885 506 248
506 299 762
299 316 898
316 553 944
553 919 74
129 919 683
694 394 546
394 359 986
359 187 782
187 472 127
472 514 570
514 70 164
70 32 412
339 32 146
339 435 932
435 34 669
34 110 588
110 139 133
139 438 368
438 58 820
694 58 123
32 817 470
817 587 589
587 852 231
852 539 777
539 419 617
419 333 187
333 543 691
477 543 327
477 23 468
23 556 116
556 755 613
755 142 879
142 118 615
118 770 863
32 770 547
543 252 620
252 678 735
678 832 356
832 833 1006
833 448 308
448 80 213
80 781 269
558 781 1002
558 384 787
384 541 862
541 645 703
645 405 659
405 440 301
440 192 761
543 192 935
781 627 999
627 882 596
882 786 417
786 900 454
900 265 518
265 823 449
823 56 712
772 56 190
772 666 556
666 590 488
590 515 528
515 715 650
715 437 687
437 793 633
781 793 184
56 292 630
292 883 69
883 706 800
706 777 755
777 628 154
628 403 276
403 665 322
449 665 1020
449 402 384
402 397 10
397 585 26
585 611 376
611 209 721
209 42 232
56 42 89
665 423 467
423 91 49
91 203 150
203 567 323
567 393 48
393 304 261
304 490 311
26 490 462
26 858 393
858 373 520
373 501 459
501 120 290
120 865 474
865 354 566
665 354 829
490 867 907
867 196 61
196 431 465
431 310 679
310 369 282
369 713 963
713 533 991
84 533 874
84 904 830
904 655 921
655 47 975
47 422 635
422 193 320
193 53 161
490 53 78
533 464 238
464 447 629
447 923 62
923 302 603
302 829 776
829 841 71
841 775 836
243 775 230
243 179 685
179 294 137
294 61 277
61 199 460
199 736 483
736 197 351
533 197 372
775 121 426
121 286 757
286 261 183
261 407 871
407 877 298
877 689 516
689 853 262
615 853 274
615 82 120
82 215 994
215 134 739
134 950 218
950 703 634
703 163 744
775 163 160
853 575 345
575 637 425
637 341 170
341 528 900
528 819 902
819 762 4
762 1 922
1 99 872
99 347 722
347 733 489
733 439 844
439 814 175
814 632 172
632 154 794
853 154 331
869 602 139
602 176 537
176 742 9
742 949 490
949 897 435
897 624 314
624 557 740
178 557 1007
178 109 892
109 452 923
452 222 228
222 487 91
487 799 5
799 809 962
869 809 413
557 430 853
430 667 938
667 107 81
107 325 774
325 370 772
370 324 32
324 943 1008
469 943 208
469 289 158
289 133 958
133 392 493
392 552 315
552 361 818
361 671 108
557 671 132
943 483 267
483 631 514
631 908 614
908 334 770
334 872 35
872 496 567
496 688 698
545 688 392
545 415 264
415 146 717
146 471 405
471 669 741
669 895 815
895 801 908
943 801 427
688 10 99
10 398 383
398 171 279
171 242 623
242 264 506
264 37 491
37 912 673
432 912 153
432 115 700
115 529 658
529 226 590
226 184 694
184 757 456
757 31 752
688 31 386
912 717 552
717 782 790
782 879 961
879 652 1017
652 638 965
638 249 19
249 22 202
837 22 360
837 322 988
322 822 188
822 828 1
828 406 243
406 427 789
427 609 501
912 609 799
22 915 497
915 610 553
610 123 451
123 327 925
327 555 332
555 158 316
158 504 390
916 504 838
916 921 783
921 189 51
189 662 1019
662 83 548
83 412 7
412 424 723
22 424 350
504 783 100
783 323 809
323 130 515
130 77 693
77 214 608
214 534 11
534 802 143
479 802 928
479 564 826
564 512 720
512 491 155
491 647 632
647 155 618
155 502 246
504 502 845
802 379 423
379 351 995
351 318 64
318 328 244
328 930 850
930 559 403
559 350 494
443 350 883
443 307 281
307 278 312
278 641 14
641 90 278
90 451 87
451 500 126
802 500 288
350 284 792
284 337 271
337 649 219
649 389 855
389 74 211
74 164 167
164 601 479
548 601 969
548 76 283
76 71 912
71 644 652
644 510 124
510 796 83
796 608 472
350 608 848
601 344 90
344 708 564
708 8 313
8 308 849
308 96 899
96 486 509
486 340 538
461 340 250
461 147 340
147 929 349
929 18 396
18 228 505
228 750 371
750 778 457
601 778 672
340 654 987
654 797 421
797 825 54
825 672 56
672 360 559
360 386 419
386 255 103
562 255 105
562 137 889
137 401 492
401 259 395
259 151 949
151 237 918
237 625 486
340 625 760
255 790 664
790 542 526
542 870 625
870 108 377
108 607 438
607 906 321
906 920 43
283 920 245
283 378 681
378 748 280
748 617 951
617 577 996
577 190 1015
190 455 707
255 455 825
920 29 512
29 623 628
623 547 251
547 566 689
566 13 544
13 291 842
291 537 896
313 537 106
313 219 107
219 224 897
224 383 136
383 4 347
4 239 487
239 314 967
920 314 6
537 181 993
181 231 604
231 847 859
847 162 530
162 740 1000
740 375 196
375 51 225
581 51 432
581 200 34
200 233 117
233 579 678
579 66 406
66 835 422
835 517 978
537 517 25
51 840 249
840 759 686
759 816 868
816 413 500
413 701 667
701 326 580
326 569 973
35 569 786
35 135 482
135 45 895
45 951 284
951 583 381
583 429 851
429 395 1013
51 395 200
569 705 38
705 618 846
618 704 939
704 753 21
753 933 45
933 599 40
599 907 856
86 907 997
86 952 811
952 166 561
166 114 729
114 244 917
244 7 852
7 700 909
569 700 592
907 880 80
880 568 920
568 43 206
43 509 212
509 600 401
600 145 77
145 896 585
791 896 111
791 489 55
489 247 763
247 277 242
277 207 44
207 936 885
936 367 644
907 367 933
896 172 76
172 382 180
382 692 304
692 826 542
826 482 785
482 400 639
400 152 68
301 152 440
301 458 713
458 444 748
444 191 149
191 59 905
59 516 221
516 800 378
896 800 223
152 27 151
27 803 215
803 744 448
744 131 904
131 754 226
754 297 156
297 664 65
864 664 394
864 388 98
388 205 513
205 761 956
761 420 677
420 342 527
342 658 302
152 658 256
664 892 125
892 902 447
902 747 254
747 830 328
830 195 297
195 246 805
246 673 684
657 673 976
657 811 606
811 156 79
156 687 97
687 697 53
697 725 906
725 25 599
664 25 742
673 686 699
686 891 688
891 211 37
211 168 179
168 795 252
795 821 822
821 889 476
391 889 731
391 597 655
597 643 654
643 922 725
922 280 968
280 532 400
532 603 237
673 603 1005
889 622 682
622 592 95
592 820 13
820 855 511
855 813 765
813 67 189
67 2 560
2 738 837
738 320 205
320 940 186
940 245 1012
245 220 495
220 125 397
125 787 85
889 787 159
848 910 835
910 381 627
381 305 551
305 450 289
450 554 954
554 399 519
399 470 661
250 470 195
250 560 637
560 810 309
810 258 557
258 65 253
65 593 647
593 414 529
848 414 738
470 942 217
942 751 880
751 619 439
619 766 402
766 707 177
707 538 769
538 136 980
60 136 382
60 331 646
331 216 399
216 886 890
886 710 854
710 122 236
122 161 913
470 161 96
136 232 876
232 441 524
441 768 152
768 924 715
924 93 122
93 926 750
926 857 247
106 857 609
106 457 142
457 12 709
12 824 801
824 160 385
160 85 877
85 522 817
136 522 445
857 454 268
454 182 339
182 731 434
731 690 911
690 621 656
621 868 754
868 540 778
87 540 129
87 642 581
642 909 47
909 465 653
465 527 753
527 860 72
860 756 806
857 756 227
540 256 109
256 582 1001
582 11 690
11 371 326
371 260 352
260 682 387
682 269 645
808 269 831
808 729 329
729 737 841
737 271 110
271 111 82
111 201 610
201 771 39
540 771 711
269 614 24
614 685 404
685 953 732
953 296 726
296 734 259
734 894 839
894 262 317
928 262 66
928 462 775
462 298 510
298 730 239
730 917 191
917 251 595
251 718 915
269 718 665
262 497 816
497 498 784
498 21 807
21 878 696
878 743 379
743 785 866
785 639 365
773 639 823
773 890 364
890 663 759
663 81 305
81 511 214
511 474 727
474 887 8
262 887 814
508 639 914
508 28 198
28 418 429
418 240 767
240 863 605
863 374 563
374 727 234
931 727 990
931 352 418
352 223 407
223 760 70
760 732 466
732 54 18
54 874 344
874 639 67
727 752 936
752 105 176
105 446 803
446 410 420
410 480 258
480 113 716
113 572 1004
14 572 798
14 844 888
844 229 636
229 588 734
588 78 768
78 117 118
117 24 437
727 24 144
572 157 579
157 266 901
266 499 16
499 871 780
871 691 388
691 138 766
138 656 719
505 656 373
505 349 168
349 604 209
604 834 930
834 315 651
315 948 773
948 213 971
572 213 525
656 177 444
177 408 1016
408 348 147
348 640 285
640 141 294
141 311 743
311 6 870
520 6 966
520 225 93
225 377 676
377 719 307
719 918 668
918 144 428
144 758 756
656 758 985
6 735 745
735 126 531
126 434 57
434 659 341
659 648 450
648 428 572
428 843 927
234 843 480
234 913 484
913 484 455
484 72 568
72 366 583
366 535 361
535 254 702
6 254 469
843 411 577
411 550 135
550 287 36
287 380 543
380 764 171
764 594 46
594 531 235
749 531 224
749 281 982
281 788 178
788 336 771
336 38 946
38 335 558
335 127 113
843 127 832
531 186 319
186 46 338
46 495 166
495 812 293
812 364 981
364 39 706
39 5 718
50 5 17
50 937 222
937 681 692
681 876 73
876 693 1003
693 677 458
677 856 891
531 856 598
5 188 942
188 478 948
478 570 804
570 124 504
124 425 701
425 941 884
941 513 354
40 513 84
40 680 29
680 9 565
9 723 532
723 818 535
818 651 192
651 646 485
5 646 334
513 944 812
944 668 335
668 175 960
175 866 619
866 52 612
52 236 643
236 838 286
739 838 389
739 746 584
746 149 953
149 274 724
274 578 475
578 456 704
456 466 781
513 466 764
838 363 94
363 365 582
365 62 508
62 30 157
30 165 587
165 574 295
574 598 337
353 598 355
353 684 121
684 97 424
97 100 75
100 670 847
670 321 443
321 779 119
838 779 821
598 815 2
815 938 204
938 698 600
698 306 15
306 421 240
421 19 796
19 765 943
94 765 362
94 741 573
741 290 20
290 417 983
417 571 886
571 561 937
561 16 193
598 16 101
765 368 867
368 48 972
48 285 887
285 563 507
563 629 52
629 720 521
720 699 989
633 699 910
633 15 680
15 467 60
467 769 626
769 153 984
153 453 370
453 64 964
765 64 903
699 635 408
635 873 359
873 445 291
445 536 959
536 849 410
849 426 833
426 101 539
507 101 657
507 257 473
257 521 1018
521 549 824
549 626 947
626 276 562
276 57 141
699 57 296
101 217 638
217 272 86
272 468 554
468 695 42
695 854 697
854 267 875
267 661 864
169 661 941
169 683 957
683 390 840
390 279 197
279 634 496
634 660 414
660 850 952
101 850 788
661 44 292
44 932 130
932 675 541
675 319 325
319 112 452
112 218 522
218 3 578
3 551 59
551 204 241
204 780 545
780 49 737
49 140 233
140 804 882
804 630 802
661 630 660
639 36 229
36 914 353
914 586 367
586 358 163
358 726 185
726 194 88
194 253 671
253 925 569
925 212 162
212 903 523
903 148 827
148 911 409
911 709 970
709 784 431
639 784 263
