603 902
1 4 343
4 5 177
5 1 490
4 6 105
6 7 449
7 4 739
6 8 839
8 9 24
9 6 379
8 10 309
10 11 677
11 8 60
10 12 125
12 13 611
13 10 437
12 14 134
14 15 130
15 12 148
14 16 823
16 17 642
17 14 156
16 18 312
18 19 729
19 16 8
18 20 153
20 21 349
21 18 591
20 22 441
22 23 500
23 20 631
22 24 154
24 25 469
25 22 131
24 26 846
26 27 470
27 24 656
26 28 427
28 29 745
29 26 780
28 30 482
30 31 774
31 28 168
30 32 842
32 33 465
33 30 101
32 34 478
34 35 834
35 32 278
34 36 741
36 37 316
37 34 260
36 38 680
38 39 851
39 36 820
38 40 734
40 41 655
41 38 171
40 42 365
42 43 392
43 40 12
42 44 328
44 45 757
45 42 691
44 46 749
46 47 582
47 44 579
46 48 330
48 49 635
49 46 545
48 50 473
50 51 247
51 48 231
50 52 837
52 53 721
53 50 537
52 54 773
54 55 493
55 52 218
54 56 382
56 57 464
57 54 804
56 58 638
58 59 669
59 56 233
58 60 196
60 61 872
61 58 281
60 62 590
62 63 387
63 60 423
62 64 356
64 65 144
65 62 491
64 66 711
66 67 896
67 64 626
66 68 696
68 69 694
69 66 853
68 70 595
70 71 45
71 68 612
70 72 639
72 73 185
73 70 4
72 74 754
74 75 760
75 72 581
74 76 511
76 77 389
77 74 557
76 78 647
78 79 135
79 76 315
78 80 255
80 81 600
81 78 124
80 82 378
82 83 519
83 80 713
82 84 204
84 85 874
85 82 261
84 86 117
86 87 13
87 84 724
86 88 661
88 89 243
89 86 587
88 90 17
90 91 33
91 88 598
90 92 571
92 93 16
93 90 113
92 94 575
94 95 319
95 92 888
94 96 838
96 97 802
97 94 649
96 98 514
98 99 608
99 96 92
98 100 786
100 101 779
101 98 601
100 102 18
102 103 553
103 100 413
102 104 169
104 105 285
105 102 25
104 106 31
106 107 764
107 104 21
106 108 641
108 109 686
109 106 442
108 110 852
110 111 893
111 108 887
110 112 881
112 113 329
113 110 262
112 114 593
114 115 338
115 112 42
114 116 151
116 117 644
117 114 57
116 118 704
118 119 750
119 116 529
118 120 578
120 121 847
121 118 2
120 122 546
122 123 610
123 120 523
122 124 671
124 125 525
125 122 895
124 126 700
126 127 104
127 124 270
126 128 337
128 129 833
129 126 347
128 130 772
130 131 430
131 128 568
130 132 277
132 133 599
133 130 208
132 134 85
134 135 250
135 132 693
134 136 618
136 137 762
137 134 758
136 138 232
138 139 869
139 136 121
138 140 477
140 141 884
141 138 715
140 142 195
142 143 624
143 140 386
142 144 497
144 145 454
145 142 494
144 146 769
146 147 712
147 144 348
146 148 890
148 149 78
149 146 398
148 150 271
150 151 344
151 148 854
150 152 708
152 153 771
153 150 432
152 154 775
154 155 403
155 152 633
154 156 787
156 157 657
157 154 72
156 158 202
158 159 84
159 156 803
158 160 668
160 161 683
161 158 417
160 162 451
162 163 273
163 160 735
162 164 723
164 165 524
165 162 128
164 166 508
166 167 481
167 164 446
166 168 71
168 169 396
169 166 394
168 170 197
170 171 902
171 168 559
170 172 327
172 173 484
173 170 115
172 174 812
174 175 615
175 172 570
174 176 878
176 177 51
177 174 123
176 178 165
178 179 540
179 176 541
178 180 289
180 181 393
181 178 855
180 182 411
182 183 564
183 180 186
182 184 220
184 185 572
185 182 239
184 186 627
186 187 742
187 184 645
186 188 193
188 189 48
189 186 304
188 190 719
190 191 87
191 188 830
190 192 726
192 193 625
193 190 152
192 194 781
194 195 558
195 192 748
194 196 265
196 197 840
197 194 740
196 198 776
198 199 873
199 196 805
198 200 770
200 201 311
201 198 891
200 202 521
202 203 862
203 200 815
202 204 798
204 205 898
205 202 831
204 206 279
206 207 687
207 204 406
206 208 448
208 209 501
209 206 10
208 210 488
210 211 296
211 208 22
210 212 676
212 213 640
213 210 114
212 214 50
214 215 703
215 212 666
214 216 137
216 217 637
217 214 793
216 218 870
218 219 865
219 216 408
218 220 863
220 221 395
221 218 253
220 222 61
222 223 164
223 220 67
222 224 535
224 225 355
225 222 567
224 226 530
226 227 513
227 224 390
226 228 187
228 229 167
229 226 562
228 230 461
230 231 551
231 228 859
230 232 1
232 233 221
233 230 380
232 234 515
234 235 189
235 232 216
234 236 26
236 237 651
237 234 453
236 238 800
238 239 897
239 236 670
238 240 332
240 241 91
241 238 361
240 242 866
242 243 643
243 240 707
242 244 357
244 245 603
245 242 736
244 246 797
246 247 58
247 244 431
246 248 727
248 249 563
249 246 828
248 250 613
250 251 457
251 248 556
250 252 634
252 253 763
253 250 755
252 254 665
254 255 480
255 252 118
254 256 9
256 257 345
257 254 832
256 258 79
258 259 586
259 256 886
258 260 479
260 261 210
261 258 89
260 262 504
262 263 110
263 260 336
262 264 876
264 265 59
265 262 266
264 266 249
266 267 326
267 264 248
266 268 720
268 269 219
269 266 673
268 270 485
270 271 880
271 268 566
270 272 227
272 273 844
273 270 520
272 274 306
274 275 531
275 272 324
274 276 678
276 277 816
277 274 268
276 278 466
278 279 150
279 276 684
278 280 788
280 281 607
281 278 237
280 282 496
282 283 756
283 280 474
282 284 456
284 285 518
285 282 90
284 286 583
286 287 445
287 284 574
286 288 37
288 289 620
289 286 516
288 290 191
290 291 366
291 288 225
290 292 440
292 293 487
293 290 900
292 294 892
294 295 15
295 292 621
294 296 628
296 297 433
297 294 28
296 298 159
298 299 489
299 296 573
298 300 425
300 301 246
301 298 539
300 302 307
302 303 5
303 300 849
302 304 238
304 305 605
305 302 351
304 306 212
306 307 817
307 304 421
306 308 371
308 309 660
309 306 692
308 310 602
310 311 340
311 308 588
310 312 824
312 313 80
313 310 44
312 314 412
314 315 689
315 312 507
314 316 32
316 317 35
317 314 597
316 318 623
318 319 70
319 316 420
318 320 790
320 321 737
321 318 205
320 322 46
322 323 385
323 320 377
322 324 245
324 325 40
325 322 841
324 326 254
326 327 400
327 324 746
326 328 434
328 329 310
329 326 443
328 330 3
330 331 93
331 328 782
330 332 77
332 333 213
333 330 860
332 334 418
334 335 211
335 332 589
334 336 698
336 337 29
337 334 308
336 338 675
338 339 766
339 336 388
338 340 829
340 341 743
341 338 468
340 342 244
342 343 731
343 340 701
342 344 109
344 345 549
345 342 335
344 346 142
346 347 346
347 344 429
346 348 617
348 349 422
349 346 119
348 350 405
350 351 298
351 348 778
350 352 180
352 353 242
353 350 182
352 354 542
354 355 543
355 352 796
354 356 174
356 357 334
357 354 407
356 358 768
358 359 609
359 356 554
358 360 331
360 361 826
361 358 75
360 362 789
362 363 447
363 360 263
362 364 264
364 365 526
365 362 527
364 366 808
366 367 69
367 364 178
366 368 819
368 369 717
369 366 512
368 370 577
370 371 341
371 368 594
370 372 149
372 373 534
373 370 801
372 374 372
374 375 111
375 372 287
374 376 252
376 377 632
377 374 616
376 378 339
378 379 368
379 376 269
378 380 813
380 381 402
381 378 333
380 382 192
382 383 718
383 380 258
382 384 133
384 385 272
385 382 444
384 386 426
386 387 136
387 384 679
386 388 550
388 389 175
389 386 66
388 390 845
390 391 108
391 388 65
390 392 424
392 393 653
393 390 716
392 394 383
394 395 129
395 392 462
394 396 498
396 397 88
397 394 27
396 398 659
398 399 166
399 396 552
398 400 100
400 401 667
401 398 471
400 402 132
402 403 194
403 400 116
402 404 147
404 405 460
405 402 362
404 406 730
406 407 452
407 404 857
406 408 416
408 409 143
409 406 533
408 410 179
410 411 14
411 408 102
410 412 370
412 413 894
413 410 257
412 414 561
414 415 517
415 412 199
414 416 848
416 417 428
417 414 438
416 418 753
418 419 472
419 416 209
418 420 284
420 421 96
421 418 274
420 422 439
422 423 690
423 420 809
422 424 30
424 425 560
425 422 228
424 426 373
426 427 68
427 424 728
426 428 320
428 429 82
429 426 103
428 430 314
430 431 157
431 428 20
430 432 359
432 433 170
433 430 276
432 434 899
434 435 112
435 432 810
434 436 141
436 437 868
437 434 350
436 438 827
438 439 584
439 436 783
438 440 56
440 441 36
441 438 230
440 442 871
442 443 592
443 440 458
442 444 127
444 445 738
445 442 706
444 446 733
446 447 376
447 444 318
446 448 596
448 449 235
449 446 83
448 450 354
450 451 181
451 448 732
450 452 399
452 453 882
453 450 502
452 454 313
454 455 11
455 452 409
454 456 576
456 457 52
457 454 889
456 458 714
458 459 236
459 456 414
458 460 901
460 461 158
461 458 305
460 462 709
462 463 467
463 460 629
462 464 63
464 465 459
465 462 198
464 466 98
466 467 835
467 464 97
466 468 821
468 469 499
469 466 836
468 470 184
470 471 510
471 468 861
470 472 317
472 473 172
473 470 843
472 474 663
474 475 360
475 472 223
474 476 688
476 477 877
477 474 94
476 478 215
478 479 120
479 476 682
478 480 207
480 481 585
481 478 548
480 482 569
482 483 280
483 480 397
482 484 74
484 485 792
485 482 241
484 486 126
486 487 751
487 484 283
486 488 367
488 489 636
489 486 23
488 490 604
490 491 509
491 488 672
490 492 664
492 493 55
493 490 240
492 494 363
494 495 476
495 492 662
494 496 6
496 497 291
497 494 49
496 498 275
498 499 506
499 496 784
498 500 38
500 501 486
501 498 858
500 502 288
502 503 64
503 500 173
502 504 725
504 505 879
505 502 622
504 506 106
506 507 375
507 504 419
506 508 62
508 509 201
509 506 761
508 510 107
510 511 759
511 508 200
510 512 374
512 513 155
513 510 806
512 514 503
514 515 825
515 512 532
514 516 214
516 517 295
517 514 224
516 518 190
518 519 76
519 516 41
518 520 226
520 521 292
521 518 883
520 522 522
522 523 146
523 520 39
522 524 286
524 525 492
525 522 654
524 526 744
526 527 799
527 524 145
526 528 229
528 529 415
529 526 538
528 530 475
530 531 811
531 528 722
530 532 321
532 533 885
533 530 875
532 534 528
534 535 364
535 532 301
534 536 785
536 537 352
537 534 555
536 538 140
538 539 234
539 536 81
538 540 294
540 541 765
541 538 818
540 542 544
542 543 630
543 540 648
542 544 791
544 545 256
545 542 565
544 546 864
546 547 300
547 544 410
546 548 455
548 549 807
549 546 547
548 550 54
550 551 697
551 548 867
550 552 19
552 553 463
553 550 767
552 554 536
554 555 652
555 552 369
554 556 505
556 557 282
557 554 303
556 558 381
558 559 188
559 556 47
558 560 695
560 561 699
561 558 73
560 562 139
562 563 7
563 560 290
562 564 483
564 565 43
565 562 705
564 566 404
566 567 580
567 564 34
566 568 176
568 569 619
569 566 450
568 570 856
570 571 53
571 568 160
570 572 99
572 573 222
573 570 267
572 574 850
574 575 606
575 572 747
574 576 342
576 577 495
577 574 702
576 578 299
578 579 325
579 576 814
578 580 323
580 581 358
581 578 822
580 582 650
582 583 203
583 580 322
582 584 658
584 585 86
585 582 293
584 586 122
586 587 795
587 584 391
586 588 710
588 589 259
589 586 752
588 590 401
590 591 163
591 588 674
590 592 777
592 593 206
593 590 794
592 594 384
594 595 162
595 592 138
594 596 681
596 597 217
597 594 297
596 598 436
598 599 161
599 596 614
598 600 183
600 601 95
601 598 353
600 602 302
602 603 646
603 600 435
602 2 685
304 3 251
