1293 1360
166 1157 684
166 508 1299
508 841 636
841 989 1244
989 616 1203
616 818 392
1185 818 45
1185 1241 342
1241 843 1245
843 953 1261
953 496 481
496 1170 511
1170 611 878
859 611 248
859 13 594
13 1100 492
1100 149 139
149 542 292
542 141 719
141 1157 1262
1157 600 1215
600 1240 588
1240 899 1143
899 1258 162
1258 619 246
619 363 1260
363 906 758
906 581 1254
581 1254 77
1254 439 851
999 439 295
999 864 341
864 406 1236
406 894 283
894 351 165
351 930 1195
930 537 355
537 392 161
392 494 1225
1157 494 65
439 426 408
426 815 1142
815 33 917
33 332 193
332 70 7
70 1282 61
1282 40 882
40 1194 686
1194 499 667
499 703 253
290 703 1101
290 731 861
731 1216 1326
1216 397 676
397 407 269
407 1061 1099
1061 409 370
409 1186 1292
1186 806 771
439 806 1241
703 1197 46
1197 1035 698
1035 385 499
385 553 1037
553 46 40
46 317 272
317 1203 76
1203 793 910
793 579 657
579 404 488
523 404 793
523 157 78
157 700 149
700 860 1218
860 803 672
803 84 67
84 1244 29
1244 847 72
847 1094 708
703 1094 237
404 423 1256
423 1012 425
1012 1122 1121
1122 888 839
888 462 825
462 1080 1155
1080 24 256
24 946 261
946 67 948
67 1079 1330
1287 1079 936
1287 477 798
477 630 113
630 1276 323
1276 865 837
865 1087 1309
1087 654 542
654 606 739
606 481 925
404 481 732
1079 748 746
748 295 1270
295 386 759
386 276 543
276 111 198
111 926 296
926 500 770
500 1270 452
1270 671 1157
671 895 137
1117 895 662
1117 193 404
193 457 93
457 162 796
162 283 518
283 25 315
25 432 440
432 889 524
889 214 691
1079 214 573
895 822 1026
822 334 724
334 1042 913
1042 1033 1056
1033 545 547
545 981 938
981 300 967
300 342 1092
342 145 1140
145 277 725
1235 277 993
1235 168 940
168 1056 1044
1056 707 327
707 97 563
97 28 204
28 917 110
917 192 1107
192 699 17
895 699 705
277 751 915
751 44 426
44 413 537
413 567 409
567 480 641
480 1113 870
1113 585 496
585 1255 217
1255 931 73
931 284 206
1063 284 552
1063 670 505
670 377 382
377 725 156
725 740 975
740 161 154
161 785 235
785 875 1083
875 434 762
277 434 343
284 583 38
583 341 24
341 229 378
229 259 1213
259 960 35
960 17 448
17 343 1185
343 288 423
288 420 396
420 73 399
1286 73 1007
1286 512 305
512 1001 752
1001 827 1280
827 1045 527
1045 78 515
78 257 1027
257 1149 685
1149 929 1290
284 929 1019
73 469 1031
469 402 1313
402 872 1050
872 116 525
116 855 764
855 154 611
154 326 1265
326 812 562
812 11 744
11 983 997
274 983 1076
274 416 1102
416 1163 44
1163 255 1338
255 796 1052
796 892 852
892 1231 743
1231 891 105
891 1230 980
73 1230 784
983 220 1249
220 948 1340
948 60 546
60 433 136
433 178 560
178 403 150
403 689 1356
689 242 710
242 1260 1115
1260 1156 815
1023 1156 447
1023 696 1276
696 1028 958
1028 665 829
665 645 599
645 1280 879
1280 603 148
603 1228 987
1228 562 1039
983 562 293
1156 130 550
130 336 1136
336 532 354
532 982 227
982 802 901
802 275 888
275 293 224
293 652 566
652 395 1350
395 1253 984
286 1253 450
286 1196 756
1196 417 788
417 1162 1293
1162 261 157
261 453 1104
453 122 80
122 156 1158
156 920 1081
1156 920 981
1253 578 1301
578 1189 1135
1189 344 346
344 711 1247
711 493 1080
493 123 25
123 623 367
623 550 14
550 159 845
159 1047 502
479 1047 487
479 902 945
902 529 50
529 1109 306
1109 936 1310
936 102 87
102 30 726
30 1098 805
1098 784 304
1253 784 905
1047 456 88
456 749 906
749 383 942
383 1293 581
1293 640 549
640 339 393
339 211 966
211 1173 971
1173 337 55
337 647 1002
1168 647 1315
1168 536 66
536 1285 858
1285 167 400
167 1214 334
1214 450 460
450 951 1255
951 400 969
400 1057 887
1047 1057 326
647 720 904
720 1208 490
1208 14 34
14 614 680
614 831 603
831 262 1174
262 120 548
120 359 753
359 315 728
315 979 479
272 979 350
272 1211 18
1211 240 220
240 762 411
762 88 31
88 304 106
304 572 1165
572 321 1177
321 1290 1047
647 1290 847
979 593 1251
593 726 438
726 187 564
187 1238 259
1238 131 172
131 79 254
79 534 328
534 988 638
988 1014 922
1014 1252 891
543 1252 1097
543 1165 551
1165 4 990
4 596 1137
596 743 116
743 484 585
484 639 693
639 903 436
903 1049 1264
979 1049 391
1252 394 1062
394 778 809
778 1017 94
1017 1096 386
1096 1217 718
1217 298 280
298 638 134
638 12 307
12 741 491
741 730 458
758 730 836
758 83 344
83 483 812
483 757 275
757 340 794
340 1284 351
1284 53 356
53 495 842
495 365 800
1252 365 366
730 461 32
461 939 8
939 87 160
87 863 332
863 627 1089
627 807 243
807 641 1126
641 458 755
458 121 1079
121 1034 291
768 1034 336
768 1237 475
1237 1092 1038
1092 816 223
816 492 37
492 955 337
955 50 824
50 922 986
922 464 1206
730 464 509
1034 442 1065
442 577 902
577 1064 688
1064 160 1271
160 634 1016
634 604 340
604 976 247
976 1207 658
1207 55 1051
55 729 57
448 729 517
448 199 972
199 682 703
682 881 583
881 1069 951
1069 128 647
128 303 797
303 170 163
170 1005 928
1034 1005 717
729 923 831
923 366 153
366 1221 1352
1221 414 1208
414 1257 884
1257 1201 324
1201 113 608
113 446 632
446 29 1224
29 519 1164
830 519 320
830 518 6
518 704 266
704 172 1360
172 942 773
942 58 169
58 908 1273
908 1118 701
1118 396 170
729 396 274
519 165 998
165 632 952
632 235 968
235 1232 112
1232 769 659
769 125 1294
125 1153 999
1153 1067 41
1067 451 144
451 77 1100
825 77 294
825 1106 1344
1106 319 461
319 1138 792
1138 971 991
971 1020 872
1020 357 1233
357 1288 843
1288 747 1220
519 747 946
77 429 1180
429 1219 532
1219 842 168
842 233 1151
233 38 82
38 919 142
919 223 451
223 1082 600
1082 388 617
388 247 582
1112 247 574
1112 99 880
99 589 609
589 685 497
685 521 826
521 1124 318
1124 1053 1152
1053 554 302
554 950 791
77 950 117
247 387 757
387 15 860
15 687 1095
687 217 921
217 775 721
775 528 995
528 241 211
241 586 166
586 1038 1345
1038 1 231
1 331 427
331 966 108
966 1176 911
1176 158 694
158 913 1125
913 1039 555
1039 509 1146
509 370 330
370 126 941
247 126 276
818 1262 413
1262 258 696
258 352 523
352 398 1202
398 876 480
876 602 595
602 644 1296
644 1043 483
1043 1021 1333
1021 346 776
194 346 895
194 323 873
323 136 931
136 201 761
201 1234 352
1234 1261 977
1261 1266 626
1266 993 1323
993 379 290
818 379 465
346 559 11
559 322 565
322 851 468
851 69 949
69 1175 1166
1175 372 747
372 962 251
962 680 70
680 1289 690
1289 1145 282
148 1145 329
148 37 16
37 118 1096
118 441 1049
441 443 964
443 1236 147
1236 838 434
838 1161 1186
1161 992 63
346 992 854
1145 574 579
574 90 250
90 19 813
19 1091 1043
1091 813 152
813 51 675
51 203 1122
203 653 695
653 367 360
367 96 1085
1158 96 12
1158 1037 706
1037 1010 683
1010 1107 866
1107 250 176
250 376 1120
376 636 371
636 718 115
718 714 1199
1145 714 1351
96 571 840
571 474 1239
474 1267 463
1267 129 118
129 143 184
143 1278 886
1278 401 175
401 1178 1308
1178 208 1118
208 356 1231
153 356 1258
153 435 422
435 297 929
297 181 890
181 135 806
135 649 734
649 507 143
507 93 766
93 375 1188
96 375 856
356 595 1332
595 739 97
739 210 104
210 624 834
624 761 816
761 1204 203
1204 622 125
622 273 287
273 1072 265
1072 1152 221
774 1152 312
774 626 151
626 954 1314
954 1200 736
1200 1150 456
1150 1251 1145
1251 945 1159
945 637 586
637 733 1149
356 733 205
1152 540 819
540 1051 188
1051 963 135
963 374 303
374 133 482
133 839 228
839 658 648
658 539 730
539 896 737
896 867 907
419 867 644
419 254 830
254 669 120
669 114 431
114 264 865
264 305 1058
305 716 1222
716 452 1117
452 701 501
1152 701 774
867 318 264
318 590 430
590 437 374
437 422 1347
422 330 316
330 232 558
232 1011 1193
1011 849 22
849 22 1032
22 1077 1127
530 1077 731
530 987 1329
987 621 959
621 1086 15
1086 41 466
41 737 808
737 970 1307
970 1247 783
1247 601 215
867 601 428
1077 384 707
384 105 1069
105 226 285
226 353 674
353 333 1034
333 880 849
880 1147 1057
1147 204 387
204 408 433
408 916 1229
1146 916 186
1146 1078 1035
1078 243 1268
243 1060 1192
1060 249 666
249 921 943
921 779 429
779 6 777
6 618 1353
1077 618 1103
916 278 765
278 265 1074
265 915 954
915 973 738
973 538 1072
538 558 477
558 109 1068
109 853 1230
853 724 1328
724 1009 1349
39 1009 1191
39 961 388
961 693 750
693 455 1337
455 650 1128
650 721 3
721 56 1061
56 795 308
795 428 979
916 428 1053
1009 285 145
285 427 1093
427 1022 896
1022 185 571
185 1058 677
1058 260 1119
260 256 376
256 686 567
686 517 795
517 692 1207
485 692 1134
485 588 763
588 901 818
901 972 1343
972 1212 961
1212 546 1090
546 514 69
514 196 368
196 10 405
1009 10 1259
692 139 1285
139 325 111
325 798 1223
798 436 1036
436 490 833
490 188 615
188 898 49
898 764 1219
764 591 874
591 364 1284
418 364 855
418 668 75
668 207 877
207 230 604
230 794 506
794 520 54
520 810 645
810 1188 994
1188 949 1029
692 949 284
364 1070 822
1070 308 782
308 510 513
510 874 1
874 871 178
871 137 48
137 710 956
710 1242 363
1242 391 1022
391 164 489
780 164 119
780 107 908
107 49 317
49 54 454
54 183 508
183 294 462
294 1040 1042
1040 943 62
786 943 1252
364 786 704
164 1007 398
1007 549 899
549 497 373
497 1195 700
1195 246 140
246 754 512
754 1159 601
1159 678 79
678 708 1170
708 688 208
1275 688 918
1275 811 1212
811 940 1041
940 900 863
900 475 1055
475 52 876
52 248 380
248 887 325
887 1102 19
164 1102 893
688 1044 445
1044 175 735
175 1115 1064
1115 173 122
173 348 130
348 231 257
231 568 1253
568 635 289
635 1016 1045
1016 570 568
1088 570 591
1088 561 100
561 967 1183
967 1111 536
1111 1127 722
1127 617 554
617 1066 569
1066 7 624
7 482 98
688 482 814
570 886 903
886 1226 1282
1226 646 197
646 958 189
958 684 1303
684 473 101
473 679 486
679 1199 974
1199 287 1221
287 734 633
1074 734 768
1074 1032 173
1032 301 288
301 1181 1147
1181 505 348
505 706 232
706 879 441
879 449 27
449 371 103
570 371 1201
734 937 474
937 742 159
742 1263 652
1263 1065 185
1065 565 621
565 393 538
393 1249 1059
1249 1006 751
1006 189 1112
189 16 107
1141 16 59
1141 986 790
986 103 395
103 924 580
924 381 1098
381 980 470
980 430 618
430 1027 933
1027 59 1060
734 59 932
16 870 799
870 771 682
771 177 598
177 676 200
676 535 909
535 1223 802
1223 239 1359
239 928 233
928 281 1071
281 76 772
1125 76 439
1125 918 414
918 817 71
817 1052 335
1052 662 649
662 200 114
200 597 377
597 952 92
952 1148 781
16 1148 339
76 85 916
85 1026 786
1026 244 869
244 673 982
673 1182 258
1182 832 535
832 905 1298
905 809 596
809 390 322
390 814 1033
628 814 1316
628 43 333
43 605 503
605 81 740
81 1218 210
1218 1000 545
1000 788 867
788 1279 653
1279 1273 561
76 1273 1311
814 21 912
21 176 681
176 299 1130
299 296 357
296 1095 85
1095 777 435
777 756 1141
756 1142 962
1142 1136 214
1136 361 572
31 361 381
31 957 883
957 1084 665
1084 1227 544
1227 106 850
106 789 331
789 691 95
691 994 1279
994 861 84
814 861 521
361 998 920
998 1099 338
1099 746 418
746 1233 889
1233 8 249
8 935 1178
935 744 300
744 752 1197
752 466 606
466 68 835
307 68 30
307 471 196
471 698 857
698 1291 500
1291 412 671
412 661 540
661 138 853
138 820 273
820 938 996
361 938 442
68 857 52
857 877 1011
877 516 714
516 1054 985
1054 672 575
672 206 514
206 124 817
124 1097 1331
1097 225 803
225 310 146
134 310 1318
134 57 416
57 1265 472
1265 213 669
213 1123 957
1123 557 716
557 1281 673
1281 329 13
329 667 216
68 667 432
310 380 1266
380 1151 47
1151 833 832
833 1110 385
1110 234 1173
234 837 526
837 1089 279
1089 463 226
463 1036 844
1036 2 534
2 219 310
219 369 1046
369 717 720
717 719 1348
719 767 471
767 625 643
625 415 1013
415 564 1269
564 362 702
310 362 1110
611 1271 225
1271 445 362
445 506 741
506 152 281
152 191 260
191 150 262
150 964 570
964 1283 692
1283 1018 785
1018 266 68
35 266 453
35 202 821
202 292 123
292 425 1354
425 576 141
576 504 801
504 1154 43
1154 209 711
209 1137 1324
611 1137 841
266 648 444
648 642 309
642 20 1194
20 1174 1006
1174 491 99
491 197 1291
197 620 1091
620 799 379
799 613 533
613 349 1317
1030 349 473
1030 1076 780
1076 82 778
82 1103 1070
1103 829 1113
829 438 91
438 1015 983
1015 478 126
478 316 1005
266 316 132
349 763 459
763 221 263
221 411 616
411 378 1077
378 932 252
932 1277 420
1277 797 1277
797 1160 89
1160 551 484
551 552 989
447 552 375
447 713 402
713 728 1030
728 844 623
844 354 1250
354 977 687
977 190 875
190 1068 213
1068 563 593
349 563 1248
552 990 655
990 335 828
335 47 1075
47 212 495
212 34 1154
34 956 267
956 745 127
745 547 403
547 312 278
312 198 1132
1029 198 268
1029 1019 372
1019 787 1288
787 108 748
108 1256 155
1256 115 1283
115 862 476
862 328 1342
328 821 639
552 821 199
198 755 240
755 440 804
440 155 937
155 80 230
80 897 864
897 238 358
238 1071 218
1071 186 1335
186 804 950
804 773 313
846 773 415
846 424 1278
424 268 131
268 1202 678
1202 502 446
502 1264 859
1264 925 190
925 560 401
560 1129 407
198 1129 1105
773 858 1216
858 62 270
62 1177 1009
1177 98 1267
98 42 939
42 66 924
66 854 171
854 1083 1204
1083 1139 1003
1139 1114 1200
978 1114 862
978 629 1156
629 985 897
985 132 1210
132 1121 1196
1121 697 365
697 355 1153
355 389 1272
389 760 180
773 760 1148
1114 840 1160
840 969 689
969 750 1281
750 694 1327
694 65 1322
65 169 121
169 914 177
914 541 1325
541 184 679
184 468 953
228 468 181
228 18 589
18 996 810
996 850 605
850 1008 612
1008 101 664
101 23 64
23 64 353
64 476 219
1114 476 1274
468 1191 713
1191 732 697
732 594 504
594 368 133
368 907 729
907 1245 892
1245 171 299
171 1239 1133
1239 991 494
991 823 183
179 823 369
179 127 195
127 715 640
715 882 1242
882 598 715
598 459 124
459 580 607
580 94 576
94 1164 767
468 1164 779
823 1046 637
1046 1225 321
1225 119 1287
119 313 723
313 74 361
74 501 1129
501 1081 1169
1081 927 627
927 643 602
643 1268 934
1093 1268 789
1093 525 625
525 995 1346
995 884 622
884 182 963
182 555 191
555 1101 944
1101 772 1187
772 421 349
823 421 245
1268 944 239
944 1215 1138
1215 48 158
48 347 1341
347 738 510
738 1055 1182
1055 753 1114
753 664 1300
664 765 345
765 848 656
1274 848 927
1274 834 128
834 444 642
444 410 1339
410 1048 443
1048 997 493
997 1105 311
1105 674 775
674 592 56
1268 592 410
848 681 51
681 1104 192
1104 1132 620
1132 909 236
909 112 1000
112 224 1334
224 566 138
566 146 1232
146 1133 1228
1133 511 900
666 511 1198
666 302 769
302 805 935
805 1192 1087
1192 1134 209
1134 1131 1226
1131 609 578
609 599 529
599 498 646
848 498 516
511 828 83
828 770 507
770 216 1304
216 1259 1205
1259 660 455
660 869 347
869 1272 590
1272 1198 635
1198 1155 1066
1155 1126 823
1031 1126 1181
1031 910 970
910 1050 1048
1050 631 651
631 280 242
280 382 222
382 1167 314
1167 1269 1082
1269 657 1238
511 657 129
1126 1041 827
1041 253 42
253 1209 23
1209 835 1302
835 350 556
350 808 457
808 1116 754
1116 195 1020
195 1179 559
1179 1220 1235
86 1220 424
86 766 437
766 1002 1017
1002 531 965
531 61 86
61 36 1012
36 947 109
947 237 238
237 723 557
1126 723 1021
1220 314 1162
314 1210 1161
1210 633 1209
633 615 390
615 852 297
852 358 485
358 736 1295
736 1059 1175
1059 526 1067
526 245 709
291 245 1357
291 1024 1306
1024 1119 885
1119 575 286
575 405 1168
405 454 1234
454 215 298
215 883 846
883 147 1289
1220 147 421
245 324 1131
324 1003 1086
1003 1120 733
1120 282 1319
282 677 167
677 544 498
544 1206 1078
1206 72 539
72 431 1227
431 270 1336
1128 270 631
1128 727 614
727 819 587
819 95 923
95 683 36
683 222 1015
222 63 848
63 345 1111
345 140 519
245 140 1010
270 1222 760
1222 1180 464
1180 269 5
269 801 1008
801 1140 1124
1140 705 359
705 569 650
569 655 384
655 776 1163
776 465 1014
104 465 1263
104 89 712
89 338 164
338 527 1217
527 151 21
151 267 1001
267 790 1214
790 1025 74
1025 824 668
270 824 419
465 656 749
656 783 577
783 1205 663
1205 320 389
320 912 39
912 1144 1116
1144 472 1189
472 911 1109
911 759 610
759 1108 628
941 1108 530
941 218 1108
218 868 417
868 75 1176
75 663 1150
663 712 33
712 878 1275
878 610 1139
610 486 522
465 486 1320
1108 311 60
311 263 1054
263 100 1246
100 373 4
373 533 9
533 856 1243
856 1143 244
1143 460 960
460 1243 201
1243 1292 955
110 1292 301
110 1187 699
1187 1004 727
1004 488 28
488 1090 277
1090 1166 81
1166 873 1305
873 9 531
9 522 660
1108 522 26
1292 45 10
45 227 20
227 968 1211
968 1085 319
1085 965 187
965 782 881
782 1183 1004
1183 1013 613
1013 933 898
933 690 102
163 690 364
163 584 1018
584 503 397
503 467 1040
467 651 1237
651 722 212
722 587 947
587 144 992
144 1248 838
1292 1248 174
690 513 1023
513 271 742
271 1184 976
1184 360 670
360 180 661
180 251 1312
251 709 1063
709 791 973
791 1250 1179
1250 71 179
904 71 926
904 836 58
836 32 234
32 826 406
826 735 1167
735 695 467
695 252 1358
252 659 807
659 959 2
690 959 1088
71 1073 241
1073 487 1144
487 399 745
399 1075 1123
1075 5 1257
5 934 1172
934 890 597
890 1246 528
1246 612 96
612 92 255
117 92 820
117 236 1286
236 142 182
142 845 553
845 26 271
26 306 811
306 984 930
984 548 871
548 974 1184
71 974 1240
92 524 1355
524 607 1025
607 515 478
515 1169 919
1169 781 1028
781 608 53
608 470 1024
470 91 629
91 1193 592
1193 3 90
3 1130 868
1130 1135 541
1135 556 469
556 1062 1106
1062 174 988
174 792 1190
792 279 634
279 27 194
27 289 1094
92 289 202
943 675 1084
675 702 978
702 573 654
573 1213 412
1213 489 449
489 885 1073
885 1171 584
1171 866 894
866 975 630
975 1172 229
1172 800 520
800 205 383
205 1224 619
1224 893 914
893 582 1321
582 309 207
309 1229 1171
1229 1190 1297
1190 327 787
943 327 394
