1500 2000
1 4 1795
4 5 595
1 5 1776
1 6 1978
6 7 147
1 7 111
1 8 1095
8 9 1920
1 9 1914
1 10 116
10 11 1016
1 11 865
1 12 467
12 13 681
1 13 512
1 14 1160
14 15 1742
1 15 876
1 16 34
16 17 33
1 17 241
11 18 168
18 19 972
11 19 1928
18 20 1878
20 21 1861
18 21 461
18 22 1660
22 23 1687
18 23 353
1 24 284
24 25 742
1 25 20
5 26 19
26 27 347
5 27 1068
1 28 1719
28 29 141
1 29 364
1 30 307
30 31 220
1 31 301
29 32 1679
32 33 614
29 33 887
1 34 541
34 35 65
1 35 1987
1 36 439
36 37 1140
1 37 237
16 38 999
38 39 1724
16 39 842
1 40 506
40 41 1115
1 41 97
18 42 1728
42 43 1903
18 43 1802
1 44 1823
44 45 242
1 45 489
1 46 1900
46 47 47
1 47 674
45 48 554
48 49 402
45 49 907
1 50 820
50 51 320
1 51 174
1 52 188
52 53 471
1 53 329
1 54 1817
54 55 1029
1 55 1846
1 56 1751
56 57 1045
1 57 1126
1 58 1144
58 59 735
1 59 1954
1 60 1104
60 61 624
1 61 314
1 62 376
62 63 394
1 63 330
1 64 687
64 65 693
1 65 430
1 66 519
66 67 432
1 67 930
1 68 57
68 69 1859
1 69 1781
1 70 1885
70 71 104
1 71 625
1 72 194
72 73 101
1 73 291
44 74 1067
74 75 398
44 75 794
1 76 1939
76 77 1048
1 77 6
1 78 1676
78 79 1119
1 79 393
57 80 796
80 81 10
57 81 929
1 82 937
82 83 521
1 83 337
60 84 1097
84 85 697
60 85 1094
1 86 1034
86 87 412
1 87 695
1 88 1902
88 89 844
1 89 677
1 90 1691
90 91 1638
1 91 791
1 92 561
92 93 1907
1 93 1012
55 94 1031
94 95 821
55 95 914
1 96 1752
96 97 1865
1 97 38
1 98 530
98 99 162
1 99 1843
1 100 294
100 101 749
1 101 5
1 102 1057
102 103 311
1 103 705
90 104 1038
104 105 1063
90 105 587
100 106 1098
106 107 971
100 107 1172
1 108 552
108 109 1792
1 109 540
55 110 1755
110 111 841
55 111 143
24 112 1812
112 113 1736
24 113 1650
1 114 173
114 115 1991
1 115 22
1 116 1152
116 117 1778
1 117 1787
68 118 670
118 119 166
68 119 72
92 120 1972
120 121 245
92 121 260
1 122 652
122 123 468
1 123 727
1 124 1173
124 125 1886
1 125 850
108 126 1179
126 127 980
108 127 557
1 128 417
128 129 73
1 129 1940
125 130 281
130 131 1666
125 131 798
46 132 1883
132 133 103
46 133 1922
46 134 807
134 135 851
46 135 963
112 136 460
136 137 1897
112 137 1733
29 138 375
138 139 285
29 139 945
1 140 603
140 141 758
1 141 1739
1 142 315
142 143 480
1 143 1699
1 144 719
144 145 1011
145 146 951
146 147 960
147 148 230
148 149 426
149 150 1981
150 151 539
151 152 536
152 153 41
153 154 327
154 155 558
155 156 469
156 157 290
157 158 1858
1 158 969
1 159 566
159 160 754
1 160 1632
1 161 215
161 162 259
1 162 1754
99 163 390
163 164 265
99 164 599
1 165 1409
165 166 51
1 166 1717
12 167 247
167 168 368
12 168 21
1 169 62
169 170 1705
1 170 1769
1 171 176
171 172 1041
1 172 239
120 173 1133
173 174 1984
120 174 1165
1 175 584
175 176 838
1 176 1959
1 177 615
177 178 731
1 178 1080
106 179 514
179 180 422
106 180 231
1 181 177
181 182 425
1 182 891
103 183 515
183 184 643
103 184 234
1 185 1722
185 186 661
1 186 856
1 187 657
187 188 857
1 188 698
1 189 818
189 190 782
1 190 1930
1 191 1822
191 192 1950
1 192 770
1 193 1956
193 194 362
1 194 846
1 195 190
195 196 1808
1 196 648
1 197 31
197 198 203
1 198 902
12 199 1059
199 200 1816
12 200 1039
1 201 224
201 202 105
1 202 1970
106 203 1813
203 204 145
106 204 450
1 205 1109
205 206 1934
1 206 382
1 207 1123
207 208 660
1 208 42
1 209 882
209 210 720
1 210 1645
68 211 861
211 212 1963
68 212 40
151 213 1139
213 214 1062
151 214 511
77 215 149
215 216 1015
77 216 1911
198 217 87
217 218 208
198 218 586
1 219 583
219 220 331
1 220 736
1 221 71
221 222 1628
1 222 855
1 223 601
223 224 1951
1 224 1166
67 225 1696
225 226 221
67 226 1082
1 227 75
227 228 90
1 228 318
1 229 771
229 230 1019
1 230 629
1 231 452
231 232 524
1 232 120
65 233 790
233 234 1046
65 234 547
1 235 1892
235 236 917
1 236 1054
177 237 781
237 238 1830
177 238 957
44 239 35
239 240 767
44 240 423
233 241 1774
241 242 1706
233 242 1832
1 243 30
243 244 904
1 244 1805
212 245 739
245 246 608
212 246 1868
1 247 502
247 248 551
1 248 866
147 249 279
249 250 438
147 250 39
1 251 1176
251 252 1174
1 252 378
1 253 240
253 254 699
1 254 501
1 255 682
255 256 477
1 256 1170
1 257 1784
257 258 202
1 258 88
1 259 1662
259 260 367
1 260 1700
1 261 509
261 262 988
1 262 298
1 263 1183
263 264 1962
1 264 1729
1 265 525
265 266 1895
1 266 1835
25 267 1108
267 268 233
25 268 1647
1 269 1935
269 270 114
1 270 89
1 271 714
271 272 459
1 272 827
1 273 107
273 274 579
1 274 1103
134 275 1730
275 276 68
134 276 1894
99 277 654
277 278 616
99 278 1637
1 279 1107
279 280 522
1 280 1681
145 281 944
281 282 893
145 282 125
92 283 564
283 284 560
92 284 732
1 285 1985
285 286 187
1 286 1188
1 287 634
287 288 983
1 288 890
1 289 258
289 290 349
1 290 1904
1 291 261
291 292 216
1 292 947
281 293 787
293 294 1837
281 294 93
1 295 1018
295 296 95
1 296 493
139 297 518
297 298 667
139 298 789
1 299 1709
299 300 363
1 300 49
1 301 817
301 302 1002
1 302 1695
146 303 475
303 304 544
146 304 713
278 305 1021
305 306 1906
278 306 773
1 307 573
307 308 295
1 308 671
1 309 335
309 310 1120
1 310 617
1 311 1833
311 312 769
1 312 718
224 313 785
313 314 396
224 314 199
6 315 27
315 316 1627
6 316 995
82 317 685
317 318 1636
82 318 707
291 319 13
319 320 179
291 320 223
1 321 1096
321 322 74
1 322 733
1 323 925
323 324 1990
1 324 443
1 325 1836
325 326 372
1 326 768
317 327 1673
327 328 209
317 328 627
119 329 1157
329 330 689
119 330 805
188 331 862
331 332 755
188 332 548
1 333 692
333 334 63
1 334 1162
102 335 1112
335 336 675
102 336 433
1 337 1721
337 338 966
1 338 523
1 339 1635
339 340 811
1 340 1147
1 341 892
341 342 370
1 342 359
130 343 1948
343 344 948
130 344 1024
1 345 55
345 346 1967
1 346 1889
1 347 380
347 348 1852
1 348 310
1 349 15
349 350 1130
1 350 257
218 351 263
351 352 1680
218 352 716
1 353 434
353 354 94
1 354 641
1 355 119
355 356 408
1 356 496
233 357 336
357 358 386
233 358 1849
54 359 940
359 360 1105
54 360 812
87 361 142
361 362 700
87 362 1657
1 363 655
363 364 932
1 364 1977
1 365 219
365 366 973
1 366 872
1 367 218
367 368 159
1 368 46
1 369 783
369 370 728
1 370 444
1 371 1753
371 372 1913
1 372 340
1 373 487
373 374 1683
1 374 577
185 375 360
375 376 157
185 376 678
1 377 67
377 378 730
1 378 775
1 379 186
379 380 222
1 380 723
1 381 414
381 382 133
1 382 996
1 383 1161
383 384 413
1 384 845
1 385 227
385 386 1150
1 386 1189
200 387 1169
387 388 1659
200 388 1923
1 389 585
389 390 449
1 390 911
1 391 772
391 392 858
1 392 550
359 393 1821
393 394 399
359 394 1780
22 395 1957
395 396 610
22 396 317
1 397 251
397 398 572
1 398 316
1 399 153
399 400 1866
1 400 1773
1 401 1788
401 402 1980
1 402 759
1 403 1044
403 404 1146
1 404 2
1 405 1642
405 406 676
1 406 1743
206 407 235
407 408 1685
206 408 323
1 409 799
409 410 205
1 410 1652
1 411 1857
411 412 854
1 412 974
1 413 357
413 414 752
1 414 582
1 415 1806
415 416 1055
1 416 1114
1 417 44
417 418 254
1 418 405
1 419 454
419 420 970
1 420 1716
1 421 1184
421 422 1824
1 422 784
1 423 1154
423 424 86
1 424 102
1 425 1775
425 426 481
1 426 637
1 427 334
427 428 738
1 428 753
15 429 672
429 430 1004
15 430 419
1 431 830
431 432 1946
1 432 628
394 433 1070
433 434 1654
394 434 1965
1 435 520
435 436 1789
1 436 264
1 437 810
437 438 1014
1 438 905
1 439 899
439 440 283
1 440 832
1 441 1122
441 442 1640
1 442 178
264 443 665
443 444 404
264 444 533
1 445 1782
445 446 269
1 446 1164
1 447 1779
447 448 300
1 448 267
1 449 1758
449 450 1881
1 450 949
1 451 653
451 452 1668
1 452 435
1 453 952
453 454 1704
1 454 172
26 455 451
455 456 632
26 456 928
269 457 66
457 458 492
269 458 597
1 459 129
459 460 553
1 460 1871
1 461 715
461 462 14
1 462 371
326 463 792
463 464 1163
326 464 464
1 465 883
465 466 91
1 466 1794
1 467 483
467 468 869
1 468 1890
419 469 488
469 470 92
419 470 1760
1 471 126
471 472 813
1 472 122
1 473 271
473 474 369
1 474 531
106 475 1117
475 476 1929
106 476 1888
170 477 1629
477 478 150
170 478 1916
132 479 466
479 480 1790
132 480 776
267 481 920
481 482 1798
267 482 1757
468 483 445
483 484 395
468 484 680
1 485 517
485 486 1960
1 486 457
285 487 211
487 488 303
285 488 1661
1 489 977
489 490 559
1 490 1803
1 491 1630
491 492 1702
1 492 180
1 493 543
493 494 1043
1 494 555
1 495 255
495 496 415
1 496 472
164 497 1800
497 498 83
164 498 319
39 499 1648
499 500 630
39 500 356
1 501 1025
501 502 900
1 502 32
315 503 1947
503 504 1899
315 504 777
1 505 976
505 506 987
1 506 1142
1 507 146
507 508 1128
1 508 837
1 509 609
509 510 631
1 510 228
1 511 486
511 512 1033
1 512 1767
246 513 206
513 514 592
246 514 1937
61 515 958
515 516 933
61 516 779
1 517 1847
517 518 1966
1 518 959
354 519 348
519 520 478
354 520 456
1 521 277
521 522 332
1 522 575
109 523 448
523 524 1707
109 524 556
1 525 709
525 526 745
1 526 1732
1 527 763
527 528 1841
1 528 344
1 529 273
529 530 542
1 530 622
527 531 458
531 532 978
527 532 428
1 533 877
533 534 436
1 534 338
124 535 132
535 536 683
124 536 1053
1 537 108
537 538 1036
1 538 115
189 539 1049
539 540 192
189 540 602
22 541 1994
541 542 1918
22 542 880
1 543 1187
543 544 831
1 544 484
1 545 875
545 546 196
546 547 1027
547 548 1690
548 549 644
549 550 498
550 551 529
551 552 696
552 553 1912
553 554 979
554 555 934
555 556 440
556 557 272
557 558 1825
558 559 70
559 560 137
560 561 1186
561 562 1023
562 563 1715
563 564 1634
564 565 1740
565 566 397
566 567 884
567 568 1145
568 569 635
569 570 804
570 571 649
571 572 1675
572 573 1873
573 574 1856
574 575 1924
575 576 751
576 577 252
577 578 1100
578 579 1891
579 580 161
580 581 54
581 582 908
582 583 128
583 584 565
584 585 280
585 586 1998
586 587 1077
587 588 1973
588 589 183
589 590 197
590 591 1844
591 592 1765
592 593 606
593 594 322
594 595 268
1 595 270
1 596 576
596 597 1735
1 597 1072
1 598 305
598 599 485
1 599 918
401 600 1155
600 601 12
401 601 361
175 602 1910
602 603 1969
175 603 690
1 604 906
604 605 1177
1 605 538
82 606 1880
606 607 939
82 607 806
1 608 18
608 609 788
1 609 1085
1 610 1921
610 611 802
1 611 1992
1 612 302
612 613 686
613 614 828
1 614 1932
1 615 903
615 616 45
1 616 1996
1 617 1099
617 618 421
1 618 262
1 619 500
619 620 411
1 620 1672
467 621 1814
621 622 950
467 622 1999
1 623 1810
623 624 647
1 624 741
1 625 1820
625 626 286
1 626 886
198 627 354
627 628 646
198 628 870
68 629 69
629 630 843
68 630 1065
1 631 1693
631 632 574
1 632 1125
1 633 1111
633 634 138
1 634 1756
1 635 1167
635 636 342
1 636 863
1 637 1829
637 638 710
1 638 1158
1 639 1086
639 640 1815
1 640 1694
16 641 473
641 642 1153
16 642 1665
1 643 673
643 644 117
1 644 96
510 645 1744
645 646 534
510 646 762
1 647 816
647 648 1079
1 648 1786
551 649 118
649 650 1052
551 650 874
271 651 527
651 652 943
271 652 1747
1 653 941
653 654 410
1 654 204
1 655 968
655 656 427
1 656 504
85 657 664
657 658 896
85 658 213
1 659 668
659 660 1958
1 660 1971
485 661 1905
661 662 1678
485 662 346
160 663 761
663 664 766
160 664 214
643 665 998
665 666 1181
643 666 198
40 667 994
667 668 1863
40 668 495
1 669 1698
669 670 946
1 670 226
1 671 618
671 672 155
1 672 23
153 673 537
673 674 607
153 674 1761
1 675 746
675 676 722
1 676 786
165 677 815
677 678 185
165 678 1783
1 679 1955
679 680 420
1 680 1869
1 681 1988
681 682 1682
1 682 747
642 683 381
683 684 1653
642 684 1671
1 685 1182
685 686 1838
1 686 1013
1 687 964
687 688 463
1 688 562
643 689 1127
689 690 961
643 690 52
48 691 1138
691 692 1826
48 692 441
1 693 1092
693 694 633
1 694 1839
1 695 1066
695 696 1121
1 696 1850
1 697 1714
697 698 1791
1 698 212
363 699 135
699 700 993
363 700 645
1 701 312
701 702 11
1 702 1925
477 703 431
703 704 333
477 704 1926
1 705 446
705 706 1644
1 706 823
1 707 505
707 708 740
1 708 1875
1 709 808
709 710 1749
1 710 77
169 711 1090
711 712 136
169 712 1703
8 713 756
713 714 124
8 714 1938
179 715 795
715 716 1089
179 716 151
22 717 289
717 718 1667
22 718 246
1 719 1799
719 720 729
1 720 593
1 721 80
721 722 339
1 722 1083
1 723 110
723 724 797
1 724 1763
1 725 1136
725 726 938
1 726 793
589 727 343
727 728 612
589 728 1684
1 729 148
729 730 1131
1 730 287
692 731 1658
731 732 1084
692 732 309
30 733 152
733 734 1896
30 734 909
1 735 1006
735 736 106
1 736 36
1 737 1738
737 738 638
1 738 1982
731 739 860
739 740 1919
731 740 1887
1 741 1831
741 742 1961
1 742 848
1 743 1093
743 744 935
1 744 256
1 745 1862
745 746 328
1 746 1047
1 747 1061
747 748 878
1 748 922
1 749 1777
749 750 1860
1 750 1037
1 751 1030
751 752 1159
1 752 1003
101 753 1078
753 754 123
101 754 7
1 755 470
755 756 121
1 756 154
1 757 889
757 758 839
1 758 1834
1 759 1664
759 760 400
1 760 85
1 761 528
761 762 1964
1 762 407
1 763 389
763 764 296
1 764 1725
1 765 913
765 766 491
1 766 1132
1 767 613
767 768 56
1 768 1141
1 769 701
769 770 1879
1 770 113
285 771 453
771 772 1007
285 772 650
383 773 299
773 774 1639
383 774 912
1 775 81
775 776 997
1 776 750
1 777 1633
777 778 513
1 778 1058
245 779 1113
779 780 248
245 780 1842
1 781 1828
781 782 1051
1 782 1872
1 783 1000
783 784 308
1 784 50
403 785 1116
785 786 748
403 786 1851
112 787 82
787 788 829
112 788 594
1 789 499
789 790 1807
1 790 1882
150 791 567
791 792 1720
150 792 169
30 793 926
793 794 623
30 794 864
751 795 1874
795 796 482
751 796 921
405 797 1091
797 798 16
405 798 563
1 799 490
799 800 684
1 800 658
1 801 250
801 802 325
1 802 916
1 803 1745
803 804 569
1 804 373
1 805 1688
805 806 156
1 806 181
1 807 366
807 808 1727
1 808 365
1 809 871
809 810 1915
1 810 184
1 811 1953
811 812 962
1 812 991
293 813 383
813 814 620
293 814 1898
118 815 822
815 816 803
118 816 418
356 817 568
817 818 1989
356 818 1908
1 819 1555
819 820 1428
820 821 1491
821 822 1560
822 823 1462
823 824 1467
824 825 1534
825 826 1619
826 827 1506
827 828 1517
828 829 1623
829 830 1450
830 831 1496
831 832 1493
832 833 1469
833 834 1442
834 835 1486
835 836 1444
836 837 1586
837 838 1509
838 839 1490
839 840 1501
840 841 1616
841 842 1519
842 843 1447
843 844 1497
844 845 1558
845 846 1512
846 847 1513
847 848 1430
848 849 1489
849 850 1611
850 851 1590
851 852 1457
852 853 1425
853 854 1566
854 855 1474
855 856 1411
856 857 1458
857 858 1546
858 859 1583
859 860 1598
860 861 1500
861 862 1485
862 863 1423
863 864 1572
864 865 1432
865 866 1618
866 867 1547
867 868 1624
868 869 1516
869 870 1427
870 871 1429
871 872 1445
872 873 1524
873 874 1551
874 875 1502
875 876 1441
876 877 1472
877 878 1604
878 879 1479
879 880 1613
880 881 1568
881 882 1621
882 883 1448
883 884 1573
884 885 1602
885 886 1594
886 887 1537
887 888 1476
888 889 1420
889 890 1520
890 891 1550
891 892 1579
892 893 1609
893 894 1478
894 895 1477
895 896 1597
896 897 1610
897 898 1468
898 899 1488
899 900 1465
900 901 1418
901 902 1529
902 903 1414
903 904 1561
904 905 1548
905 906 1463
906 907 1544
907 908 1440
908 909 1424
909 910 1508
910 911 1511
911 912 1505
912 913 1545
913 914 1438
914 915 1625
915 916 1580
916 917 1426
917 918 1439
918 919 1536
919 920 1525
920 921 1622
921 922 1451
922 923 1608
923 924 1556
924 925 1461
925 926 1415
926 927 1538
927 928 1591
928 929 1617
929 930 1503
930 931 1498
931 932 1504
932 933 1592
933 934 1510
934 935 1595
935 936 1533
936 937 1626
937 938 1454
938 939 1574
939 940 1585
940 941 1557
941 942 1514
942 943 1459
943 944 1581
944 945 1470
945 946 1569
946 947 1417
947 948 1542
948 949 1487
949 950 1578
950 951 1589
951 952 1413
952 953 1484
953 954 1523
954 955 1559
955 956 1422
956 957 1567
957 958 1435
958 959 1475
959 960 1614
960 961 1433
961 962 1563
962 963 1464
963 964 1549
964 965 1596
965 966 1507
966 967 1565
967 968 1436
968 969 1612
969 970 1443
970 971 1575
971 972 1416
972 973 1531
973 974 1449
974 975 1552
975 976 1601
976 977 1528
977 978 1456
978 979 1562
979 980 1452
980 981 1535
981 982 1620
982 983 1434
983 984 1483
984 985 1410
985 986 1473
986 987 1582
987 988 1593
988 989 1492
989 990 1543
990 991 1530
991 992 1412
992 993 1518
993 994 1584
994 995 1554
995 996 1570
996 997 1482
997 998 1615
998 999 1600
999 1000 1466
1000 1001 1553
1001 1002 1494
1002 1003 1606
1003 1004 1532
1004 1005 1541
1005 1006 1499
1006 1007 1588
1007 1008 1527
1008 1009 1564
1009 1010 1431
1010 1011 1460
1011 1012 1453
1012 1013 1480
1013 1014 1495
1014 1015 1419
1015 1016 1607
1016 1017 1521
1017 1018 1599
1018 1019 1421
1019 1020 1539
1020 1021 1577
1021 1022 1576
1022 1023 1515
1023 1024 1603
1024 1025 1587
1025 1026 1540
1026 1027 1571
1027 1028 1605
1028 1029 1471
1029 1030 1455
1030 1031 1446
1031 1032 1481
1032 1033 1522
1033 1034 1437
3 1034 1526
2 3 236
2 1035 1358
1035 1036 1229
1036 1037 1365
1037 1038 1325
1038 1039 1276
1039 1040 1299
1040 1041 1345
1041 1042 1320
1042 1043 1274
1043 1044 1388
1044 1045 1262
1045 1046 1392
1046 1047 1329
1047 1048 1236
1048 1049 1282
1049 1050 1226
1050 1051 1290
1051 1052 1243
1052 1053 1193
1053 1054 1244
1054 1055 1221
1055 1056 1383
1056 1057 1238
1057 1058 1334
1058 1059 1356
1059 1060 1331
1060 1061 1341
1061 1062 1407
1062 1063 1287
1063 1064 1291
1064 1065 1281
1065 1066 1249
1066 1067 1207
1067 1068 1343
1068 1069 1209
1069 1070 1245
1070 1071 1404
1071 1072 1216
1072 1073 1256
1073 1074 1347
1074 1075 1203
1075 1076 1295
1076 1077 1353
1077 1078 1385
1078 1079 1311
1079 1080 1403
1080 1081 1351
1081 1082 1225
1082 1083 1230
1083 1084 1316
1084 1085 1384
1085 1086 1298
1086 1087 1196
1087 1088 1279
1088 1089 1336
1089 1090 1273
1090 1091 1373
1091 1092 1197
1092 1093 1271
1093 1094 1206
1094 1095 1318
1095 1096 1402
1096 1097 1250
1097 1098 1359
1098 1099 1228
1099 1100 1332
1100 1101 1261
1101 1102 1268
1102 1103 1267
1103 1104 1252
1104 1105 1386
1105 1106 1405
1106 1107 1370
1107 1108 1357
1108 1109 1326
1109 1110 1235
1110 1111 1208
1111 1112 1322
1112 1113 1272
1113 1114 1222
1114 1115 1212
1115 1116 1194
1116 1117 1362
1117 1118 1205
1118 1119 1375
1119 1120 1387
1120 1121 1204
1121 1122 1217
1122 1123 1304
1123 1124 1379
1124 1125 1234
1125 1126 1213
1126 1127 1248
1127 1128 1303
1128 1129 1305
1129 1130 1285
1130 1131 1200
1131 1132 1339
1132 1133 1283
1133 1134 1211
1134 1135 1307
1135 1136 1284
1136 1137 1219
1137 1138 1220
1138 1139 1315
1139 1140 1396
1140 1141 1242
1141 1142 1201
1142 1143 1366
1143 1144 1215
1144 1145 1263
1145 1146 1390
1146 1147 1406
1147 1148 1327
1148 1149 1246
1149 1150 1293
1150 1151 1408
1151 1152 1381
1152 1153 1350
1153 1154 1275
1154 1155 1364
1155 1156 1346
1156 1157 1377
1157 1158 1309
1158 1159 1198
1159 1160 1354
1160 1161 1292
1161 1162 1260
1162 1163 1300
1163 1164 1393
1164 1165 1399
1165 1166 1378
1166 1167 1321
1167 1168 1363
1168 1169 1280
1169 1170 1286
1170 1171 1231
1171 1172 1240
1172 1173 1278
1173 1174 1337
1174 1175 1264
1175 1176 1247
1176 1177 1348
1177 1178 1374
1178 1179 1368
1179 1180 1192
1180 1181 1297
1181 1182 1314
1182 1183 1218
1183 1184 1328
1184 1185 1195
1185 1186 1277
1186 1187 1352
1187 1188 1335
1188 1189 1382
1189 1190 1340
1190 1191 1227
1191 1192 1330
1192 1193 1254
1193 1194 1319
1194 1195 1369
1195 1196 1400
1196 1197 1237
1197 1198 1257
1198 1199 1312
1199 1200 1344
1200 1201 1395
1201 1202 1394
1202 1203 1323
1203 1204 1265
1204 1205 1289
1205 1206 1317
1206 1207 1360
1207 1208 1232
1208 1209 1367
1209 1210 1313
1210 1211 1210
1211 1212 1398
1212 1213 1380
1213 1214 1324
1214 1215 1224
1215 1216 1301
1216 1217 1306
1217 1218 1361
1218 1219 1259
1219 1220 1308
1220 1221 1338
1221 1222 1269
1222 1223 1233
1223 1224 1391
1224 1225 1372
1225 1226 1349
1226 1227 1258
1227 1228 1397
1228 1229 1251
1229 1230 1401
1230 1231 1376
1231 1232 1389
1232 1233 1296
1233 1234 1266
1234 1235 1270
1235 1236 1223
1236 1237 1342
1237 1238 1253
1238 1239 1333
1239 1240 1371
1240 1241 1214
1241 1242 1302
1242 1243 1239
1243 1244 1199
1244 1245 1355
1245 1246 1255
1246 1247 1294
1247 1248 1202
1248 1249 1241
1249 1250 1288
1 1250 1310
1 1251 462
1251 1252 321
1 1252 704
1 1253 725
1253 1254 1993
1 1254 229
1 1255 1129
1255 1256 825
1 1256 497
1 1257 465
1257 1258 406
1 1258 131
530 1259 1124
1259 1260 651
530 1260 1804
1 1261 596
1261 1262 1655
1 1262 1022
1 1263 304
1263 1264 1986
1 1264 391
1 1265 737
1265 1266 1796
1 1266 165
1 1267 1768
1267 1268 604
1 1268 989
1 1269 639
1269 1270 1643
1 1270 1759
1 1271 532
1271 1272 1060
1 1272 570
554 1273 28
1273 1274 721
554 1274 377
1 1275 1718
1275 1276 1102
1 1276 927
1 1277 191
1277 1278 1040
1 1278 666
1 1279 1818
1279 1280 1741
1 1280 990
1 1281 894
1281 1282 479
1 1282 1968
1 1283 833
1283 1284 112
1 1284 1737
1 1285 956
1285 1286 43
1 1286 516
1 1287 409
1287 1288 986
1 1288 549
1 1289 1056
1289 1290 600
1 1290 1853
1 1291 29
1291 1292 1171
1 1292 1701
162 1293 809
1293 1294 130
162 1294 1801
1116 1295 910
1295 1296 924
1116 1296 442
286 1297 326
1297 1298 1771
286 1298 967
1 1299 210
1299 1300 379
1 1300 1689
1 1301 726
1301 1302 1032
1 1302 669
1 1303 243
1303 1304 351
1 1304 774
1 1305 1827
1305 1306 437
1 1306 1952
734 1307 1927
1307 1308 1731
734 1308 1811
1277 1309 1009
1309 1310 824
1277 1310 619
689 1311 238
1311 1312 1663
689 1312 37
840 1313 1151
1313 1314 494
840 1314 266
539 1315 1766
1315 1316 53
539 1316 1110
704 1317 1884
1317 1318 1175
704 1318 58
1 1319 385
1319 1320 401
1 1320 1712
1092 1321 778
1321 1322 201
1092 1322 1748
773 1323 859
1323 1324 164
773 1324 1677
1138 1325 1069
1325 1326 207
1138 1326 826
1 1327 1670
1327 1328 17
1328 1329 598
1329 1330 931
1 1330 1168
778 1331 1750
1331 1332 942
778 1332 1734
1 1333 1028
1333 1334 1746
1 1334 79
1048 1335 139
1335 1336 545
1048 1336 232
1 1337 160
1337 1338 915
1 1338 712
1 1339 662
1339 1340 1656
1 1340 694
1 1341 975
1341 1342 1793
1 1342 1050
1 1343 1854
1343 1344 853
1 1344 1723
305 1345 757
1345 1346 1651
305 1346 244
1 1347 1979
1347 1348 1697
1 1348 1855
1 1349 589
1349 1350 350
1 1350 626
1060 1351 3
1351 1352 1087
1060 1352 170
1 1353 659
1353 1354 580
1 1354 99
422 1355 656
1355 1356 981
422 1356 374
1 1357 1864
1357 1358 936
1 1358 171
1 1359 590
1359 1360 642
1 1360 708
1 1361 1010
1361 1362 158
1 1362 1762
1 1363 688
1363 1364 1
1 1364 1649
348 1365 1909
1365 1366 711
348 1366 1042
1 1367 734
1367 1368 1692
1 1368 60
24 1369 724
1369 1370 1641
24 1370 355
1 1371 611
1371 1372 1148
1 1372 282
1 1373 1876
1373 1374 898
1 1374 1713
654 1375 163
1375 1376 293
654 1376 895
1 1377 923
1377 1378 288
1 1378 76
1 1379 1669
1379 1380 1983
1 1380 901
1 1381 578
1381 1382 275
1 1382 61
1 1383 621
1383 1384 819
1 1384 1001
1 1385 1708
1385 1386 1135
1 1386 919
328 1387 345
1387 1388 1075
328 1388 352
1 1389 455
1389 1390 1101
1 1390 388
162 1391 476
1391 1392 429
162 1392 992
1041 1393 1005
1393 1394 1942
1041 1394 780
347 1395 1134
1395 1396 144
347 1396 852
1 1397 1848
1397 1398 78
1 1398 764
1 1399 1845
1399 1400 526
1 1400 1008
1 1401 1143
1401 1402 510
1 1402 1686
840 1403 1764
1403 1404 1772
840 1404 835
1 1405 605
1405 1406 225
1 1406 98
1 1407 1088
1407 1408 26
1 1408 1081
832 1409 965
1409 1410 1785
832 1410 140
1 1411 588
1411 1412 1974
1 1412 358
1 1413 984
1413 1414 1933
1 1414 679
353 1415 1137
1415 1416 834
353 1416 1156
1158 1417 1026
1417 1418 1809
1158 1418 1949
1 1419 25
1419 1420 1118
1 1420 873
1 1421 663
1421 1422 1149
1 1422 193
1320 1423 1726
1423 1424 100
1320 1424 182
1 1425 1074
1425 1426 703
1 1426 508
1 1427 691
1427 1428 840
1 1428 341
1 1429 1941
1429 1430 403
1 1430 387
1 1431 1064
1431 1432 200
1 1432 1185
1 1433 744
1433 1434 64
1 1434 1976
1 1435 127
1435 1436 59
1 1436 424
1007 1437 955
1437 1438 447
1007 1438 134
1 1439 1191
1439 1440 1797
1 1440 867
1 1441 313
1441 1442 814
1 1442 546
1 1443 9
1443 1444 1178
1 1444 706
1 1445 2000
1445 1446 801
1 1446 1073
1 1447 8
1447 1448 879
1 1448 195
1 1449 571
1449 1450 836
1 1450 1017
1 1451 1020
1451 1452 1711
1 1452 24
938 1453 702
1453 1454 274
938 1454 1944
1 1455 885
1455 1456 1870
1 1456 297
1 1457 392
1457 1458 1945
1 1458 760
1 1459 1035
1459 1460 109
1 1460 189
1139 1461 1893
1461 1462 1840
1139 1462 1975
1 1463 1931
1463 1464 1936
1 1464 636
1 1465 743
1465 1466 503
1 1466 1877
610 1467 276
1467 1468 324
610 1468 1710
1 1469 1180
1469 1470 84
1 1470 982
286 1471 278
1471 1472 581
286 1472 953
119 1473 253
1473 1474 717
119 1474 1076
283 1475 384
1475 1476 306
283 1476 1106
1 1477 640
1477 1478 765
1 1478 507
1 1479 1674
1479 1480 868
1 1480 292
1 1481 954
1481 1482 175
1 1482 849
1 1483 1867
1483 1484 1943
1 1484 1901
1233 1485 535
1485 1486 4
1233 1486 1770
1 1487 591
1487 1488 217
1 1488 1071
971 1489 1819
1489 1490 249
971 1490 416
1 1491 1646
1491 1492 48
1 1492 985
705 1493 1190
1493 1494 474
705 1494 167
1405 1495 881
1495 1496 1631
1405 1496 800
1 1497 1997
1497 1498 888
1 1498 1995
1 1499 847
1499 1500 897
1 1500 1917
