703 1052
1 4 506
4 5 554
1 5 603
5 6 784
6 7 359
5 7 606
7 8 778
8 9 522
7 9 609
9 10 992
10 11 579
9 11 612
11 12 398
12 13 859
11 13 615
13 14 307
14 15 325
13 15 618
15 16 661
16 17 977
15 17 621
17 18 731
18 19 74
17 19 624
19 20 263
20 21 928
19 21 627
21 22 173
22 23 934
21 23 630
23 24 685
24 25 955
23 25 633
25 26 692
26 27 733
25 27 636
27 28 538
28 29 101
27 29 639
29 30 480
30 31 860
29 31 642
31 32 602
32 33 415
31 33 645
33 34 145
34 35 935
33 35 648
35 36 149
36 37 407
35 37 651
37 38 94
38 39 486
37 39 654
39 40 365
40 41 644
39 41 657
41 42 470
42 43 848
41 43 660
43 44 376
44 45 281
43 45 663
45 46 787
46 47 140
45 47 666
47 48 422
48 49 1037
47 49 669
49 50 559
50 51 492
49 51 672
51 52 674
52 53 23
51 53 675
53 54 811
54 55 596
53 55 678
55 56 516
56 57 917
55 57 681
57 58 1034
58 59 991
57 59 684
59 60 317
60 61 589
59 61 687
61 62 500
62 63 742
61 63 690
63 64 763
64 65 1052
63 65 693
65 66 52
66 67 513
65 67 696
67 68 1036
68 69 587
67 69 699
69 70 529
70 71 38
69 71 702
71 72 922
72 73 740
71 73 705
73 74 482
74 75 134
73 75 708
75 76 466
76 77 166
75 77 711
77 78 250
78 79 1040
77 79 714
79 80 567
80 81 904
79 81 717
81 82 488
82 83 594
81 83 720
83 84 833
84 85 827
83 85 723
85 86 701
86 87 754
85 87 726
87 88 839
88 89 980
87 89 729
89 90 418
90 91 525
89 91 732
91 92 1019
92 93 107
91 93 735
93 94 982
94 95 947
93 95 738
95 96 277
96 97 65
95 97 741
97 98 552
98 99 655
97 99 744
99 100 46
100 101 310
99 101 747
101 102 406
102 103 49
101 103 750
103 104 809
104 105 355
103 105 753
105 106 449
106 107 158
105 107 756
107 108 766
108 109 155
107 109 759
109 110 590
110 111 290
109 111 762
111 112 475
112 113 196
111 113 765
113 114 110
114 115 565
113 115 768
115 116 412
116 117 682
115 117 771
117 118 862
118 119 28
117 119 774
119 120 238
120 121 949
119 121 777
121 122 943
122 123 371
121 123 780
123 124 600
124 125 577
123 125 783
125 126 582
126 127 439
125 127 786
127 128 537
128 129 973
127 129 789
129 130 512
130 131 430
129 131 792
131 132 275
132 133 346
131 133 795
133 134 164
134 135 667
133 135 798
135 136 845
136 137 1022
135 137 801
137 138 395
138 139 472
137 139 804
139 140 706
140 141 671
139 141 807
141 142 329
142 143 1009
141 143 810
143 144 301
144 145 722
143 145 813
145 146 758
146 147 485
145 147 816
147 148 785
148 149 968
147 149 819
149 150 1028
150 151 761
149 151 822
151 152 382
152 153 986
151 153 825
153 154 745
154 155 998
153 155 828
155 156 448
156 157 585
155 157 831
157 158 446
158 159 473
157 159 834
159 160 490
160 161 719
159 161 837
161 162 175
162 163 659
161 163 840
163 164 331
164 165 598
163 165 843
165 166 650
166 167 370
165 167 846
167 168 847
168 169 893
167 169 849
169 170 112
170 171 558
169 171 852
171 172 703
172 173 471
171 173 855
173 174 842
174 175 455
173 175 858
175 176 799
176 177 571
175 177 861
177 178 474
178 179 25
177 179 864
179 180 1049
180 181 389
179 181 867
181 182 838
182 183 1027
181 183 870
183 184 898
184 185 456
183 185 873
185 186 896
186 187 193
185 187 876
187 188 139
188 189 483
187 189 879
189 190 956
190 191 62
189 191 882
191 192 941
192 193 670
191 193 885
193 194 869
194 195 946
193 195 888
195 196 797
196 197 161
195 197 891
197 198 1039
198 199 794
197 199 894
199 200 397
200 201 530
199 201 897
201 202 680
202 203 841
201 203 900
203 204 211
204 205 913
203 205 903
205 206 868
206 207 911
205 207 906
207 208 16
208 209 853
207 209 909
209 210 146
210 211 544
209 211 912
211 212 617
212 213 421
211 213 915
213 214 1016
214 215 85
213 215 918
215 216 815
216 217 971
215 217 921
217 218 531
218 219 362
217 219 924
219 220 17
220 221 549
219 221 927
221 222 916
222 223 208
221 223 930
223 224 241
224 225 901
223 225 933
225 226 545
226 227 385
225 227 936
227 228 464
228 229 673
227 229 939
229 230 779
230 231 608
229 231 942
231 232 979
232 233 1046
231 233 945
233 234 194
234 235 749
233 235 948
235 236 652
236 237 715
235 237 951
237 238 1004
238 239 769
237 239 954
239 240 152
240 241 536
239 241 957
241 242 844
242 243 5
241 243 960
243 244 425
244 245 323
243 245 963
245 246 1006
246 247 55
245 247 966
247 248 443
248 249 662
247 249 969
249 250 245
250 251 179
249 251 972
251 252 835
252 253 959
251 253 975
253 254 61
254 255 958
253 255 978
255 256 950
256 257 707
255 257 981
257 258 223
258 259 748
257 259 984
259 260 335
260 261 814
259 261 987
261 262 442
262 263 266
261 263 990
263 264 892
264 265 890
263 265 993
265 266 932
266 267 202
265 267 996
267 268 295
268 269 13
267 269 999
269 270 451
270 271 597
269 271 1002
271 272 872
272 273 812
271 273 1005
273 274 148
274 275 50
273 275 1008
275 276 1012
276 277 463
275 277 1011
277 278 169
278 279 865
277 279 1014
279 280 44
280 281 653
279 281 1017
281 282 130
282 283 501
281 283 1020
283 284 314
284 285 67
283 285 1023
285 286 592
286 287 361
285 287 1026
287 288 551
288 289 907
287 289 1029
289 290 191
290 291 829
289 291 1032
291 292 580
292 293 851
291 293 1035
293 294 746
294 295 857
293 295 1038
295 296 185
296 297 914
295 297 1041
297 298 388
298 299 367
297 299 1044
299 300 453
300 301 232
299 301 1047
301 302 229
302 303 154
301 303 1050
303 304 400
304 305 494
303 305 445
305 306 468
306 307 257
305 307 272
307 308 465
308 309 952
307 309 533
309 310 905
310 311 805
309 311 824
311 312 410
312 313 337
311 313 457
313 314 109
314 315 803
313 315 454
315 316 632
316 317 58
315 317 254
317 318 203
318 319 233
317 319 262
319 320 163
320 321 593
319 321 1043
321 322 752
322 323 940
321 323 40
323 324 557
324 325 106
323 325 278
325 326 694
326 327 215
325 327 53
327 328 724
328 329 118
327 329 820
329 330 235
330 331 1021
329 331 71
331 332 629
332 333 452
331 333 883
333 334 622
334 335 574
333 335 561
335 336 555
336 337 88
335 337 419
337 338 770
338 339 713
337 339 976
339 340 725
340 341 1
339 341 961
341 342 573
342 343 553
341 343 640
343 344 743
344 345 190
343 345 95
345 346 791
346 347 665
345 347 79
347 348 569
348 349 607
347 349 1033
349 350 1018
350 351 886
349 351 8
351 352 793
352 353 572
351 353 131
353 354 1051
354 355 923
353 355 605
355 356 100
356 357 296
355 357 322
357 358 830
358 359 459
357 359 887
359 360 583
360 361 356
359 361 187
361 362 37
362 363 634
361 363 983
363 364 850
364 365 974
363 365 938
365 366 311
366 367 334
365 367 760
367 368 1003
368 369 755
367 369 326
369 370 619
370 371 427
369 371 142
371 372 509
372 373 2
371 373 499
373 374 689
374 375 481
373 375 251
375 376 70
376 377 899
375 377 498
377 378 637
378 379 628
377 379 944
379 380 167
380 381 700
379 381 115
381 382 1030
382 383 517
381 383 611
383 384 260
384 385 524
383 385 508
385 386 497
386 387 836
385 387 818
387 388 182
388 389 727
387 389 11
389 390 433
390 391 1007
389 391 184
391 392 535
392 393 712
391 393 230
393 394 751
394 395 98
393 395 1013
395 396 86
396 397 160
395 397 964
397 398 424
398 399 476
397 399 119
399 400 962
400 401 77
399 401 401
401 402 242
402 403 677
401 403 181
403 2 728
1 404 43
404 405 3
1 405 710
405 406 528
406 407 6
405 407 518
407 408 341
408 409 9
407 409 796
409 410 570
410 411 12
409 411 925
411 412 688
412 413 15
411 413 658
413 414 313
414 415 18
413 415 550
415 416 635
416 417 21
415 417 496
417 418 1042
418 419 24
417 419 800
419 420 709
420 421 27
419 421 563
421 422 493
422 423 30
421 423 875
423 424 469
424 425 33
423 425 539
425 426 620
426 427 36
425 427 562
427 428 895
428 429 39
427 429 510
429 430 773
430 431 42
429 431 988
431 432 56
432 433 45
431 433 802
433 434 697
434 435 48
433 435 908
435 436 244
436 437 51
435 437 349
437 438 416
438 439 54
437 439 143
439 440 664
440 441 57
439 441 616
441 442 239
442 443 60
441 443 19
443 444 368
444 445 63
443 445 656
445 446 515
446 447 66
445 447 197
447 448 757
448 449 69
447 449 284
449 450 206
450 451 72
449 451 338
451 452 73
452 453 75
451 453 767
453 454 599
454 455 78
453 455 997
455 456 298
456 457 81
455 457 170
457 458 878
458 459 84
457 459 31
459 460 889
460 461 87
459 461 614
461 462 556
462 463 90
461 463 781
463 464 34
464 465 93
463 465 484
465 466 772
466 467 96
465 467 647
467 468 874
468 469 99
467 469 566
469 470 124
470 471 102
469 471 253
471 472 995
472 473 105
471 473 205
473 474 380
474 475 108
473 475 626
475 476 604
476 477 111
475 477 584
477 478 503
478 479 114
477 479 350
479 480 832
480 481 117
479 481 967
481 482 236
482 483 120
481 483 1048
483 484 212
484 485 123
483 485 487
485 486 505
486 487 126
485 487 578
487 488 601
488 489 129
487 489 856
489 490 22
490 491 132
489 491 35
491 492 953
492 493 135
491 493 775
493 494 1010
494 495 138
493 495 1000
495 496 104
496 497 141
495 497 89
497 498 511
498 499 144
497 499 226
499 500 436
500 501 147
499 501 383
501 502 347
502 503 150
501 503 586
503 504 478
504 505 153
503 505 125
505 506 548
506 507 156
505 507 668
507 508 214
508 509 159
507 509 546
509 510 221
510 511 162
509 511 91
511 512 788
512 513 165
511 513 157
513 514 676
514 515 168
513 515 353
515 516 502
516 517 171
515 517 695
517 518 641
518 519 174
517 519 736
519 520 1025
520 521 177
519 521 7
521 522 340
522 523 180
521 523 691
523 524 926
524 525 183
523 525 4
525 526 217
526 527 186
525 527 64
527 528 764
528 529 189
527 529 826
529 530 514
530 531 192
529 531 523
531 532 293
532 533 195
531 533 610
533 534 289
534 535 198
533 535 259
535 536 625
536 537 201
535 537 646
537 538 467
538 539 204
537 539 461
539 540 877
540 541 207
539 541 1031
541 542 151
542 543 210
541 543 76
543 544 404
544 545 213
543 545 386
545 546 319
546 547 216
545 547 854
547 548 576
548 549 219
547 549 489
549 550 919
550 551 222
549 551 863
551 552 462
552 553 225
551 553 790
553 554 122
554 555 228
553 555 431
555 556 532
556 557 231
555 557 716
557 558 121
558 559 234
557 559 373
559 560 575
560 561 237
559 561 268
561 562 127
562 563 240
561 563 299
563 564 256
564 565 243
563 565 358
565 566 199
566 567 246
565 567 247
567 568 59
568 569 249
567 569 541
569 570 434
570 571 252
569 571 308
571 572 817
572 573 255
571 573 730
573 574 437
574 575 258
573 575 14
575 576 41
576 577 261
575 577 172
577 578 823
578 579 264
577 579 413
579 580 884
580 581 267
579 581 304
581 582 286
582 583 270
581 583 902
583 584 403
584 585 273
583 585 698
585 586 631
586 587 276
585 587 806
587 588 683
588 589 279
587 589 1015
589 590 970
590 591 282
589 591 495
591 592 866
592 593 285
591 593 521
593 594 534
594 595 288
593 595 686
595 596 392
596 597 291
595 597 391
597 598 248
598 599 294
597 599 638
599 600 274
600 601 297
599 601 271
601 602 560
602 603 300
601 603 332
603 604 871
604 605 303
603 605 116
605 606 460
606 607 306
605 607 428
607 608 649
608 609 309
607 609 965
609 610 305
610 611 312
609 611 302
611 612 440
612 613 315
611 613 328
613 614 80
614 615 318
613 615 821
615 616 929
616 617 321
615 617 103
617 618 527
618 619 324
617 619 613
619 620 782
620 621 327
619 621 26
621 622 920
622 623 330
621 623 1045
623 624 394
624 625 333
623 625 29
625 626 47
626 627 336
625 627 994
627 628 543
628 629 339
627 629 479
629 630 283
630 631 342
629 631 178
631 632 564
632 633 345
631 633 287
633 634 137
634 635 348
633 635 176
635 636 379
636 637 351
635 637 458
637 638 734
638 639 354
637 639 32
639 640 280
640 641 357
639 641 377
641 642 374
642 643 360
641 643 507
643 644 595
644 645 363
643 645 591
645 646 910
646 647 366
645 647 718
647 648 218
648 649 369
647 649 881
649 650 320
650 651 372
649 651 188
651 652 542
652 653 375
651 653 504
653 654 20
654 655 378
653 655 343
655 656 128
656 657 381
655 657 136
657 658 540
658 659 384
657 659 989
659 660 224
660 661 387
659 661 643
661 662 985
662 663 390
661 663 83
663 664 10
664 665 393
663 665 937
665 666 704
666 667 396
665 667 679
667 668 227
668 669 399
667 669 739
669 670 1024
670 671 402
669 671 547
671 672 352
672 673 405
671 673 364
673 674 581
674 675 408
673 675 209
675 676 737
676 677 411
675 677 409
677 678 588
678 679 414
677 679 880
679 680 316
680 681 417
679 681 520
681 682 133
682 683 420
681 683 491
683 684 200
684 685 423
683 685 1001
685 686 776
686 687 426
685 687 269
687 688 220
688 689 429
687 689 568
689 690 808
690 691 432
689 691 519
691 692 82
692 693 435
691 693 97
693 694 68
694 695 438
693 695 292
695 696 113
696 697 441
695 697 623
697 698 477
698 699 444
697 699 931
699 700 344
700 701 447
699 701 721
701 702 265
702 703 450
701 703 526
703 3 92
