1335 2000
1 4 171
4 5 90
1 5 526
4 6 1020
6 7 1263
4 7 111
1 8 1784
8 9 846
1 9 1370
4 10 979
10 11 817
4 11 191
10 12 792
12 13 1682
10 13 512
12 14 1334
14 15 1308
12 15 515
6 16 1456
16 17 33
6 17 1260
15 18 168
18 19 1219
15 19 1618
17 20 1851
20 21 336
17 21 396
19 22 593
22 23 1131
19 23 353
8 24 284
24 25 418
8 25 20
25 26 1345
26 27 1344
25 27 1670
13 28 1437
28 29 1671
13 29 397
23 30 1160
30 31 1650
23 31 1454
7 32 1245
32 33 832
7 33 1679
18 34 1364
34 35 65
18 35 1526
6 36 679
36 37 1787
6 37 1825
37 38 763
38 39 1394
37 39 1919
8 40 1562
40 41 372
8 41 1519
36 42 1773
42 43 1973
36 43 1091
24 44 1913
44 45 1312
24 45 489
1 46 291
46 47 47
1 47 1289
8 48 1096
48 49 498
8 49 958
9 50 109
50 51 1066
9 51 663
30 52 815
52 53 917
30 53 1668
41 54 703
54 55 1029
41 55 1173
25 56 1127
56 57 487
25 57 831
39 58 735
58 59 1168
39 59 1330
31 60 196
60 61 746
31 61 1058
24 62 864
62 63 1408
24 63 2
56 64 1993
64 65 1332
56 65 110
27 66 504
66 67 105
27 67 1443
49 68 1612
68 69 1820
49 69 135
18 70 1605
70 71 104
18 71 702
20 72 194
72 73 101
20 73 95
43 74 1890
74 75 398
43 75 1505
5 76 70
76 77 93
5 77 6
26 78 236
78 79 1119
26 79 761
19 80 1223
80 81 639
19 81 1962
5 82 1772
82 83 521
5 83 1429
46 84 318
84 85 1022
46 85 1759
80 86 1189
86 87 1701
80 87 1968
27 88 1591
88 89 275
27 89 1185
8 90 994
90 91 421
8 91 1547
55 92 561
92 93 619
55 93 99
85 94 161
94 95 491
85 95 301
10 96 1553
96 97 238
10 97 1416
92 98 1876
98 99 453
92 99 1073
42 100 294
100 101 1524
42 101 243
52 102 1714
102 103 461
52 103 1756
9 104 758
104 105 1063
9 105 1908
79 106 1201
106 107 241
79 107 1259
101 108 1705
108 109 1177
101 109 540
104 110 1970
110 111 136
104 111 1581
94 112 594
112 113 865
94 113 1967
24 114 173
114 115 1685
24 115 22
48 116 1537
116 117 1085
48 117 1
109 118 640
118 119 166
109 119 1253
12 120 1840
120 121 661
12 121 260
55 122 777
122 123 1719
55 123 425
9 124 1998
124 125 1861
9 125 541
59 126 1660
126 127 349
59 127 460
48 128 1442
128 129 1836
48 129 1031
80 130 1755
130 131 12
80 131 806
68 132 1832
132 133 103
68 133 1589
82 134 85
134 135 1961
82 135 339
119 136 1143
136 137 1586
119 137 1797
108 138 375
138 139 1751
108 139 1768
49 140 603
140 141 1472
49 141 1409
10 142 1465
142 143 480
10 143 1255
119 144 719
144 145 1904
119 145 1611
70 146 1963
146 147 230
70 147 426
51 148 759
148 149 539
51 149 464
102 150 1939
150 151 327
102 151 1176
19 152 1267
152 153 1766
19 153 471
94 154 530
154 155 566
94 155 1896
27 156 1198
156 157 215
27 157 259
34 158 1252
158 159 1540
34 159 950
9 160 1646
160 161 112
9 161 788
92 162 140
162 163 890
92 163 1857
8 164 155
164 165 441
8 165 147
48 166 1445
166 167 1004
48 167 1120
106 168 1786
168 169 669
106 169 906
160 170 1810
170 171 1954
160 171 1938
170 172 825
172 173 536
170 173 869
6 174 848
174 175 1113
6 175 1133
85 176 231
176 177 177
85 177 1870
119 178 1141
178 179 1796
119 179 567
144 180 1789
180 181 1476
144 181 281
180 182 1138
182 183 657
180 183 1829
129 184 347
184 185 1720
129 185 874
124 186 1560
186 187 128
124 187 1229
23 188 638
188 189 1664
23 189 362
16 190 1088
190 191 267
16 191 680
140 192 648
192 193 31
140 193 1958
105 194 902
194 195 532
105 195 1224
70 196 317
196 197 993
70 197 64
10 198 1489
198 199 1916
10 199 145
168 200 1813
200 201 1776
168 201 995
135 202 617
202 203 961
135 203 660
27 204 138
204 205 937
27 205 1226
23 206 1301
206 207 1691
23 207 871
88 208 769
208 209 370
88 209 1859
94 210 454
210 211 1180
94 211 1298
28 212 1601
212 213 1965
28 213 954
123 214 1940
214 215 289
123 215 121
11 216 1081
216 217 808
11 217 535
42 218 499
218 219 1368
42 219 552
135 220 1997
220 221 863
135 221 221
163 222 546
222 223 1569
163 223 706
209 224 1015
224 225 1478
209 225 557
76 226 1084
226 227 1977
76 227 26
12 228 1453
228 229 1533
12 229 198
1 230 584
230 231 1458
1 231 1109
99 232 1495
232 233 801
99 233 1396
89 234 1690
234 235 271
89 235 767
43 236 185
236 237 1156
43 237 1742
143 238 915
238 239 30
143 239 360
181 240 1422
240 241 1947
181 241 608
40 242 662
242 243 502
40 243 354
44 244 1403
244 245 279
44 245 445
47 246 1427
246 247 1833
47 247 1898
202 248 378
248 249 1367
202 249 1195
238 250 308
250 251 1608
238 251 56
43 252 408
252 253 1677
43 253 202
166 254 672
254 255 463
166 255 367
177 256 1615
256 257 509
177 257 988
65 258 1130
258 259 887
65 259 473
171 260 843
260 261 525
171 261 482
15 262 1268
262 263 1834
15 263 1831
250 264 1026
264 265 936
250 265 1887
206 266 1017
266 267 1174
206 267 27
25 268 39
268 269 107
25 269 1952
118 270 1461
270 271 1162
118 271 1318
126 272 1498
272 273 654
126 273 886
147 274 569
274 275 1827
147 275 373
171 276 1711
276 277 944
171 277 1220
90 278 1121
278 279 1247
90 279 725
124 280 511
280 281 870
124 281 1428
183 282 32
282 283 1847
183 283 1565
118 284 131
284 285 1981
118 285 1986
86 286 821
286 287 180
86 287 216
218 288 1594
288 289 1811
218 289 1636
240 290 497
290 291 1108
240 291 1949
189 292 523
292 293 826
189 293 1466
292 294 789
294 295 1903
292 295 1717
73 296 1724
296 297 1583
73 297 242
200 298 616
298 299 1821
200 299 1584
292 300 363
300 301 804
292 301 1596
9 302 501
302 303 1866
9 303 1718
86 304 1545
304 305 768
86 305 143
301 306 310
306 307 1053
301 307 853
5 308 1423
308 309 712
5 309 1250
202 310 186
310 311 149
202 311 1193
91 312 377
312 313 219
91 313 1286
79 314 830
314 315 1178
79 315 696
12 316 634
316 317 1480
12 317 225
15 318 818
318 319 384
15 319 1684
168 320 517
320 321 1518
168 321 1479
264 322 1692
322 323 1530
264 323 209
4 324 635
324 325 387
4 325 656
22 326 805
326 327 1781
22 327 802
27 328 80
328 329 692
27 329 63
60 330 1258
330 331 137
60 331 659
296 332 605
332 333 1287
296 333 1426
316 334 1099
334 335 430
316 335 68
78 336 322
336 337 1118
78 337 448
81 338 359
338 339 966
81 339 94
197 340 1794
340 341 1128
197 341 1306
16 342 881
342 343 380
16 343 1451
217 344 415
344 345 15
217 345 1115
226 346 1235
346 347 18
226 347 1943
293 348 475
348 349 1413
293 349 690
173 350 641
350 351 119
173 351 1576
129 352 433
352 353 688
129 353 386
73 354 3
354 355 940
73 355 1567
189 356 1763
356 357 226
189 357 888
264 358 287
358 359 591
264 359 1491
113 360 321
360 361 254
113 361 942
276 362 1912
362 363 218
276 363 159
207 364 183
364 365 558
207 365 1955
40 366 1054
366 367 947
40 367 328
69 368 1595
368 369 1001
69 369 1249
211 370 828
370 371 842
211 371 324
292 372 1910
372 373 751
292 373 1552
340 374 1920
374 375 333
340 375 542
182 376 723
376 377 1049
182 377 133
52 378 1346
378 379 1704
52 379 1712
223 380 1867
380 381 227
223 381 264
226 382 1419
382 383 406
226 383 814
128 384 1799
384 385 1934
128 385 675
244 386 1964
386 387 1371
244 387 858
198 388 1024
388 389 1075
198 389 1021
118 390 1631
390 391 1414
391 392 601
118 392 1525
205 393 340
393 394 1378
205 394 683
125 395 1814
395 396 1432
125 396 1339
333 397 962
397 398 533
333 398 934
249 399 28
399 400 163
249 400 1256
206 401 1475
401 402 776
206 402 705
300 403 1753
403 404 1342
300 404 582
38 405 799
405 406 205
38 406 816
132 407 493
407 408 1331
132 408 974
144 409 357
409 410 1028
144 410 1603
272 411 1485
411 412 1915
272 412 1303
193 413 1578
413 414 1935
193 414 442
280 415 298
415 416 970
280 416 134
14 417 1213
417 418 932
14 418 1016
312 419 1871
419 420 1848
312 420 1737
316 421 946
421 422 1873
316 422 637
402 423 1319
423 424 1542
402 424 684
245 425 1960
425 426 779
245 426 469
124 427 481
427 428 1448
124 428 628
144 429 277
429 430 116
144 430 172
23 431 520
431 432 1355
23 432 1697
315 433 1208
433 434 1072
315 434 1686
167 435 1284
435 436 283
167 436 985
411 437 1122
437 438 1139
411 438 1592
203 439 1068
439 440 404
203 440 891
323 441 483
441 442 269
323 442 1320
57 443 492
443 444 300
57 444 176
276 445 358
445 446 72
276 446 949
439 447 1025
447 448 840
439 448 1401
27 449 1153
449 450 248
27 450 1835
76 451 851
451 452 376
76 452 1699
368 453 1512
453 454 573
368 454 919
203 455 1278
455 456 1248
203 456 49
16 457 282
457 458 1675
16 458 1868
396 459 586
459 460 631
396 460 1782
218 461 1994
461 462 1802
218 462 524
377 463 820
463 464 519
377 464 1516
448 465 488
465 466 1399
448 466 1056
204 467 1818
467 468 468
204 468 749
224 469 1002
469 470 1644
224 470 975
56 471 1511
471 472 102
56 472 76
368 473 1125
473 474 598
368 474 330
238 475 1182
475 476 1356
238 476 883
312 477 920
477 478 1310
312 478 458
239 479 1629
479 480 900
239 480 1307
85 481 807
481 482 1849
85 482 1957
89 483 211
483 484 1366
89 484 1343
177 485 977
485 486 559
177 486 1982
245 487 414
487 488 1616
245 488 1869
213 489 1764
489 490 1302
213 490 1809
84 491 1727
491 492 1074
84 492 1350
305 493 752
493 494 82
305 494 1204
473 495 1292
495 496 1914
473 496 1499
445 497 1102
497 498 952
445 498 1077
148 499 1439
499 500 1588
148 500 1929
393 501 86
501 502 1069
393 502 948
260 503 697
503 504 1214
260 504 554
60 505 734
505 506 1050
60 506 1828
480 507 1539
507 508 1580
480 508 1116
191 509 151
509 510 217
191 510 1657
179 511 114
511 512 933
179 512 52
76 513 1142
513 514 1190
76 514 1262
369 515 348
515 516 452
369 516 307
487 517 1758
517 518 1097
487 518 1899
58 519 1931
519 520 955
58 520 945
203 521 597
521 522 178
203 522 1822
266 523 633
523 524 1236
266 524 1976
184 525 1992
525 526 882
184 526 787
335 527 1070
527 528 978
335 528 784
306 529 237
529 530 436
306 530 1494
392 531 1400
531 532 13
392 532 1471
45 533 1469
533 534 1036
45 534 1610
301 535 1123
535 536 1321
301 536 602
444 537 1389
537 538 344
444 538 486
38 539 1362
539 540 446
38 540 484
423 541 192
541 542 716
423 542 320
278 543 981
543 544 879
278 544 1924
387 545 1747
545 546 1808
387 546 570
216 547 73
547 548 604
216 548 11
358 549 472
549 550 1506
358 550 689
140 551 424
551 552 1425
140 552 1009
138 553 1385
553 554 253
138 554 434
115 555 1013
555 556 550
115 556 1145
368 557 466
557 558 81
368 558 44
172 559 1335
559 560 1856
172 560 1202
34 561 1614
561 562 1137
34 562 1996
443 563 967
563 564 666
443 564 1956
410 565 551
565 566 385
410 566 1926
477 567 1749
567 568 8
477 568 925
80 569 256
569 570 1349
80 570 1803
82 571 671
571 572 941
82 572 456
438 573 1548
573 574 1777
438 574 1863
560 575 1276
575 576 576
560 576 1264
570 577 997
577 578 1593
570 578 876
144 579 326
579 580 88
144 580 164
176 581 1669
581 582 1534
176 582 1661
159 583 255
583 584 416
159 584 306
215 585 1894
585 586 1985
215 586 273
171 587 1880
587 588 862
171 588 1314
236 589 1770
589 590 810
236 590 1398
33 591 508
591 592 783
33 592 709
540 593 965
593 594 1622
540 594 405
141 595 383
595 596 531
141 596 1194
507 597 239
597 598 655
507 598 1875
368 599 1546
599 600 1238
368 600 1380
297 601 1231
601 602 1696
297 602 1470
346 603 1975
603 604 714
346 604 1296
124 605 286
605 606 1573
124 606 1225
421 607 1417
607 608 249
421 608 1625
271 609 1937
609 610 1681
271 610 1503
165 611 1083
611 612 1654
612 613 1111
165 613 1420
353 614 352
614 615 1216
353 615 74
516 616 1246
616 617 676
516 617 710
342 618 1917
618 619 1862
342 619 1921
548 620 1715
620 621 847
548 621 1883
151 622 1619
622 623 1273
151 623 1804
388 624 1726
624 625 1316
388 625 621
571 626 762
626 627 592
571 627 1473
315 628 392
628 629 302
315 629 1341
243 630 1901
630 631 527
243 631 852
390 632 537
632 633 1129
390 633 410
357 634 775
634 635 626
357 635 545
402 636 748
636 637 664
402 637 234
485 638 1450
638 639 741
485 639 1045
526 640 315
640 641 774
526 641 1338
316 642 1377
642 643 69
316 643 1046
422 644 1844
644 645 299
422 645 590
419 646 973
646 647 1729
419 647 884
103 648 503
648 649 839
103 649 1792
160 650 1710
650 651 618
160 651 1672
154 652 1632
652 653 963
154 653 607
8 654 700
654 655 1291
8 655 722
600 656 786
656 657 10
600 657 1076
612 658 809
658 659 1080
612 659 1817
652 660 1279
660 661 649
652 661 996
532 662 1665
662 663 381
532 663 1860
112 664 1521
664 665 1941
112 665 1192
665 666 290
666 667 130
665 667 297
212 668 986
668 669 860
212 669 1743
613 670 1854
670 671 1508
613 671 548
662 672 698
672 673 1317
662 673 245
620 674 1006
674 675 1005
620 675 1126
528 676 1652
676 677 823
528 677 1541
116 678 1841
678 679 1434
116 679 827
276 680 1352
680 681 331
276 681 622
632 682 394
682 683 1877
632 683 1837
175 684 4
684 685 579
175 685 122
387 686 1637
686 687 577
387 687 665
90 688 391
688 689 1879
90 689 609
39 690 77
690 691 1090
39 691 189
13 692 1501
692 693 1687
13 693 1536
121 694 1100
694 695 795
121 695 1327
373 696 1528
696 697 1930
373 697 1325
495 698 1556
698 699 1277
495 699 1098
328 700 1815
700 701 953
328 701 959
113 702 1607
702 703 1888
113 703 560
695 704 753
704 705 1136
695 705 1695
466 706 455
706 707 544
466 707 1196
380 708 694
708 709 1551
380 709 87
601 710 1418
710 711 1089
601 711 1911
262 712 1222
712 713 152
262 713 1891
685 714 1816
714 715 71
685 715 1700
501 716 653
716 717 747
501 717 785
237 718 1336
718 719 645
237 719 144
165 720 732
720 721 578
165 721 980
578 722 742
722 723 1093
578 723 1333
567 724 982
724 725 319
567 725 1179
82 726 911
726 727 334
82 727 170
523 728 1163
728 729 1886
523 729 280
175 730 1060
730 731 1030
175 731 60
29 732 1853
732 733 1078
29 733 1234
661 734 1474
734 735 67
661 735 771
173 736 1043
736 737 496
173 737 1035
532 738 1114
738 739 740
532 739 1564
421 740 1509
740 741 1468
421 741 1282
625 742 1754
742 743 431
625 743 342
679 744 1689
744 745 913
679 745 1460
216 746 257
746 747 1101
216 747 513
451 748 757
748 749 1435
451 749 500
728 750 113
750 751 246
728 751 412
703 752 650
752 753 797
703 753 1444
417 754 704
754 755 1007
417 755 79
273 756 506
756 757 943
273 757 382
24 758 29
758 759 1233
24 759 258
604 760 1624
760 761 1254
604 761 1051
140 762 837
762 763 268
140 763 651
400 764 1165
764 765 262
400 765 764
178 766 199
766 767 1730
178 767 829
454 768 1240
768 769 1738
454 769 1486
581 770 1571
770 771 1257
581 771 1587
57 772 1674
772 773 668
57 773 1991
387 774 1197
774 775 350
387 775 1382
91 776 1387
776 777 1698
91 777 40
662 778 1950
778 779 401
662 779 1086
605 780 1780
780 781 1140
605 781 1373
417 782 1200
782 783 83
417 783 1359
345 784 1285
784 785 1322
345 785 1923
241 786 78
786 787 395
241 787 1570
521 788 222
788 789 158
521 789 467
469 790 1082
790 791 311
469 791 1666
43 792 707
792 793 1600
43 793 1723
494 794 129
794 795 1523
494 795 1621
637 796 1549
796 797 124
637 797 765
107 798 1598
798 799 992
107 799 462
278 800 889
800 801 369
278 801 1055
522 802 1155
802 803 229
522 803 1626
505 804 1167
804 805 154
505 805 835
567 806 1415
806 807 736
567 807 1769
663 808 1558
808 809 1309
663 809 644
406 810 1688
810 811 1490
406 811 1391
487 812 1538
812 813 620
487 813 750
274 814 1653
814 815 916
274 815 1874
188 816 1744
816 817 23
188 817 411
238 818 1228
818 819 1062
238 819 115
556 820 288
820 821 904
556 821 303
376 822 1974
822 823 1221
376 823 276
166 824 1785
824 825 896
166 825 1406
312 826 1132
826 827 1094
312 827 514
626 828 780
828 829 1728
626 829 894
150 830 1497
830 831 1146
150 831 1795
470 832 1651
832 833 1721
470 833 1361
73 834 43
834 835 918
73 835 413
73 836 678
836 837 549
73 837 459
492 838 1959
838 839 232
492 839 174
405 840 1135
840 841 210
405 841 595
582 842 1150
842 843 490
582 843 156
422 844 21
844 845 1655
422 845 766
572 846 5
846 847 859
572 847 1635
97 848 1411
848 849 223
97 849 388
274 850 1864
850 851 1623
274 851 1734
496 852 1735
852 853 928
496 853 1649
238 854 1482
854 855 857
238 855 1042
837 856 677
856 857 984
837 857 1384
116 858 1884
858 859 1106
116 859 1297
306 860 647
860 861 1170
306 861 465
147 862 494
862 863 1369
147 863 66
371 864 1351
864 865 976
371 865 737
834 866 1379
866 867 1805
834 867 1446
99 868 901
868 869 1283
99 869 312
144 870 1323
870 871 1740
144 871 304
677 872 729
872 873 613
677 873 1374
61 874 1645
874 875 507
61 875 715
845 876 17
876 877 1207
845 877 711
684 878 1918
878 879 62
684 879 1433
143 880 877
880 881 1410
143 881 931
603 882 1003
882 883 402
603 883 629
575 884 658
884 885 798
575 885 1171
206 886 1299
886 887 1648
206 887 1040
10 888 1658
888 889 1037
10 889 1441
36 890 1716
890 891 84
36 891 606
885 892 92
892 893 1079
885 893 16
417 894 833
894 895 1071
417 895 1638
574 896 956
896 897 589
574 897 1907
719 898 938
898 899 600
719 899 721
776 900 35
900 901 34
776 901 562
619 902 1535
902 903 1978
619 903 849
505 904 733
904 905 1290
505 905 1014
734 906 1678
906 907 1402
734 907 642
709 908 708
908 909 1613
709 909 1493
112 910 1169
910 911 1922
112 911 1244
487 912 803
912 913 1383
487 913 46
575 914 1702
914 915 720
575 915 368
358 916 323
916 917 1288
358 917 9
898 918 575
918 919 1806
898 919 1166
801 920 1304
920 921 1945
801 921 1395
354 922 957
922 923 585
354 923 1293
896 924 895
924 925 1791
896 925 1157
102 926 1363
926 927 1280
102 927 824
705 928 1902
928 929 1158
705 929 1568
8 930 800
930 931 1640
8 931 1211
250 932 1858
932 933 1881
250 933 53
235 934 1376
934 935 345
235 935 1557
512 936 880
936 937 693
512 937 791
861 938 667
938 939 1354
861 939 361
321 940 1946
940 941 1467
321 941 1232
284 942 1693
942 943 89
284 943 207
233 944 1315
944 945 1266
233 945 1609
12 946 518
946 947 581
12 947 1203
510 948 141
948 949 905
510 949 1059
366 950 568
950 951 914
366 951 1892
524 952 355
952 953 457
524 953 1819
951 954 822
954 955 495
951 955 364
352 956 417
956 957 120
352 957 1948
96 958 1527
958 959 588
96 959 1313
82 960 1012
960 961 1117
82 961 1746
315 962 37
962 963 1824
315 963 743
590 964 1663
964 965 1328
590 965 187
435 966 96
966 967 1124
435 967 244
234 968 1295
968 969 1725
234 969 636
759 970 1713
970 971 951
759 971 510
379 972 1520
972 973 337
379 973 42
393 974 1642
974 975 19
393 975 1838
884 976 341
976 977 1513
884 977 1112
779 978 400
978 979 1463
779 979 1462
151 980 1532
980 981 208
151 981 435
240 982 1405
982 983 1105
240 983 794
297 984 898
984 985 793
297 985 206
961 986 935
986 987 1095
961 987 596
207 988 266
988 989 1707
207 989 332
763 990 477
990 991 470
763 991 1507
797 992 1275
992 993 1980
797 993 1855
495 994 611
994 995 1148
495 995 1745
678 996 1971
996 997 292
678 997 1210
904 998 534
998 999 1788
904 999 1358
803 1000 790
1000 1001 343
803 1001 1694
370 1002 1239
1002 1003 403
370 1003 739
292 1004 1673
1004 1005 1032
292 1005 1925
396 1006 910
1006 1007 1990
396 1007 108
630 1008 819
1008 1009 1481
630 1009 1000
135 1010 1104
1010 1011 1839
135 1011 701
854 1012 674
1012 1013 1459
854 1013 1575
800 1014 1807
1014 1015 691
800 1015 1550
125 1016 476
1016 1017 57
125 1017 1452
413 1018 990
1018 1019 1633
413 1019 1186
366 1020 146
1020 1021 583
366 1021 48
515 1022 1431
1022 1023 1038
515 1023 1900
892 1024 479
1024 1025 1561
892 1025 1464
485 1026 338
1026 1027 867
485 1027 1347
471 1028 1034
1028 1029 169
471 1029 1212
768 1030 755
1030 1031 233
768 1031 1010
737 1032 630
1032 1033 1767
737 1033 1842
887 1034 451
1034 1035 893
887 1035 132
571 1036 854
1036 1037 1188
571 1037 1517
738 1038 1057
1038 1039 555
738 1039 139
823 1040 1846
2 1040 1885
2 823 1041
582 1041 1397
1041 1042 1206
582 1042 1628
218 1043 274
1043 1044 1531
218 1044 55
985 1045 1872
1045 1046 1103
985 1046 420
599 1047 1641
1047 1048 528
599 1048 1388
250 1049 329
1049 1050 1175
250 1050 1149
916 1051 1656
1051 1052 903
916 1052 1750
318 1053 1514
1053 1054 522
318 1054 1590
707 1055 614
1055 1056 1599
707 1056 756
501 1057 162
1057 1058 1969
501 1058 440
385 1059 444
1059 1060 1757
385 1060 200
695 1061 1151
1061 1062 744
695 1062 195
1025 1063 1577
3 1063 127
3 1025 652
471 1064 861
1064 1065 427
471 1065 547
228 1066 447
1066 1067 1850
228 1067 1191
789 1068 1579
1068 1069 1183
789 1069 313
799 1070 1722
1070 1071 610
799 1071 1966
954 1072 100
1072 1073 1972
954 1073 1047
1053 1074 371
1074 1075 1412
1053 1075 796
948 1076 213
1076 1077 97
948 1077 1357
454 1078 836
1078 1079 379
454 1079 726
820 1080 1771
1080 1081 24
820 1081 927
1031 1082 1790
1082 1083 1187
1031 1083 885
640 1084 1270
1084 1085 1134
640 1085 907
999 1086 1199
1086 1087 1709
999 1087 1559
479 1088 713
1088 1089 1639
479 1089 580
647 1090 972
1090 1091 1522
647 1091 1667
1062 1092 1265
1092 1093 429
1062 1093 1023
6 1094 1337
1094 1095 1630
6 1095 1390
191 1096 1566
1096 1097 1455
191 1097 1942
969 1098 699
1098 1099 1305
969 1099 235
652 1100 1793
1100 1101 1324
652 1101 1274
810 1102 41
1102 1103 1242
810 1103 1008
468 1104 1215
1104 1105 912
468 1105 1261
886 1106 1572
1106 1107 760
886 1107 1326
102 1108 1662
1108 1109 184
102 1109 868
85 1110 1659
1110 1111 1440
85 1111 278
835 1112 987
1112 1113 1181
835 1113 1634
194 1114 75
1114 1115 866
194 1115 36
542 1116 38
1116 1117 971
542 1117 1500
413 1118 1152
1118 1119 681
413 1119 1732
672 1120 374
1120 1121 1353
672 1121 45
368 1122 1999
1122 1123 909
368 1123 14
234 1124 1778
1124 1125 474
234 1125 167
373 1126 646
1126 1127 1033
373 1127 1209
748 1128 1110
1128 1129 346
748 1129 305
60 1130 478
1130 1131 1407
60 1131 1496
481 1132 1052
1132 1133 897
481 1133 643
92 1134 1159
1134 1135 673
92 1135 1067
19 1136 125
1136 1137 1365
19 1137 1823
786 1138 563
1138 1139 157
786 1139 1731
1095 1140 1477
1140 1141 1765
1095 1141 1627
12 1142 969
1142 1143 409
12 1143 564
268 1144 1449
1144 1145 148
268 1145 924
241 1146 1329
1146 1147 438
241 1147 450
411 1148 179
1148 1149 272
411 1149 1243
170 1150 1602
1150 1151 1184
170 1151 439
957 1152 1447
1152 1153 930
957 1153 731
407 1154 1237
1154 1155 964
407 1155 1144
6 1156 1706
1156 1157 1676
6 1157 1983
1066 1158 1271
1158 1159 1272
1066 1159 1812
853 1160 625
1160 1161 1147
853 1161 1989
139 1162 1300
1162 1163 1783
139 1163 351
1100 1164 998
1164 1165 1218
1100 1165 1487
365 1166 1436
1166 1167 812
365 1167 1897
482 1168 845
1168 1169 1574
482 1169 203
467 1170 1801
1170 1171 599
467 1171 1107
853 1172 190
1172 1173 150
853 1173 1585
785 1174 770
1174 1175 123
785 1175 1830
975 1176 1775
1176 1177 1987
975 1177 529
1 1178 728
1178 1179 1708
1 1179 224
895 1180 1543
1180 1181 204
895 1181 1205
433 1182 878
1182 1183 1617
433 1183 118
783 1184 58
1184 1185 2000
783 1185 1761
87 1186 296
1186 1187 855
87 1187 1683
554 1188 1865
1188 1189 1164
554 1189 485
61 1190 685
1190 1191 1741
61 1191 7
713 1192 1230
1192 1193 247
713 1193 50
755 1194 1492
1194 1195 265
755 1195 1620
693 1196 1381
1196 1197 968
693 1197 1647
932 1198 505
1198 1199 1241
932 1199 263
278 1200 201
1200 1201 1953
278 1201 571
1060 1202 1893
1202 1203 1752
1060 1203 687
191 1204 850
1204 1205 929
191 1205 1294
518 1206 1372
1206 1207 1515
518 1207 813
214 1208 730
1208 1209 250
214 1209 428
214 1210 1736
1210 1211 295
214 1211 587
561 1212 1044
1212 1213 1065
561 1213 983
52 1214 695
1214 1215 1424
52 1215 98
293 1216 443
1216 1217 778
293 1217 1703
281 1218 1438
1218 1219 51
281 1219 1936
779 1220 407
1220 1221 754
779 1221 270
427 1222 1760
1222 1223 390
427 1223 193
1174 1224 365
1224 1225 389
1174 1225 670
657 1226 188
1226 1227 1019
657 1227 1457
415 1228 1510
1228 1229 175
415 1229 1011
865 1230 1544
1230 1231 1889
865 1231 960
1042 1232 1927
1232 1233 1554
1042 1233 419
1027 1234 624
1234 1235 717
1027 1235 1597
249 1236 25
1236 1237 1895
249 1237 1092
1147 1238 999
1238 1239 1484
1147 1239 834
219 1240 240
1240 1241 1392
219 1241 309
975 1242 989
1242 1243 182
975 1243 922
258 1244 856
1244 1245 1269
258 1245 1779
1044 1246 449
1246 1247 565
1044 1247 682
919 1248 727
1248 1249 261
919 1249 623
965 1250 1563
1250 1251 627
965 1251 1217
368 1252 892
1252 1253 142
368 1253 1018
934 1254 1979
1254 1255 1027
934 1255 875
1122 1256 1393
1256 1257 1933
1122 1257 926
698 1258 1281
1258 1259 1555
698 1259 1087
266 1260 393
1260 1261 1048
266 1261 1843
855 1262 106
1262 1263 1064
855 1263 1421
524 1264 1800
1264 1265 872
524 1265 1852
775 1266 228
1266 1267 1748
775 1267 366
163 1268 772
1268 1269 1529
163 1269 939
1158 1270 1386
1270 1271 437
1158 1271 212
1038 1272 1928
1272 1273 1995
1038 1273 1340
690 1274 153
1274 1275 1988
690 1275 553
481 1276 1061
1276 1277 538
481 1277 61
932 1278 738
1278 1279 612
932 1279 293
511 1280 921
1280 1281 1311
511 1281 54
721 1282 556
1282 1283 923
721 1283 1360
987 1284 1172
1284 1285 811
987 1285 1502
843 1286 844
1286 1287 1845
843 1287 1905
51 1288 745
1288 1289 1039
51 1289 773
918 1290 1944
1290 1291 1882
918 1291 572
15 1292 615
1292 1293 1826
15 1293 908
1132 1294 252
1294 1295 220
1132 1295 316
832 1296 991
1296 1297 1643
832 1297 516
916 1298 1932
1298 1299 1375
916 1299 1404
461 1300 356
1300 1301 1430
461 1301 432
882 1302 1161
1302 1303 1984
882 1303 399
496 1304 1798
1304 1305 251
496 1305 543
521 1306 841
1306 1307 718
521 1307 285
980 1308 1251
1308 1309 632
980 1309 197
975 1310 117
1310 1311 214
975 1311 574
291 1312 314
1312 1313 1604
291 1313 165
470 1314 126
1314 1315 1582
470 1315 160
905 1316 1488
1316 1317 1606
905 1317 59
583 1318 1227
1318 1319 899
583 1319 781
740 1320 335
1320 1321 1348
740 1321 1878
998 1322 1483
1322 1323 422
998 1323 724
1228 1324 1733
1324 1325 1951
1228 1325 873
307 1326 423
1326 1327 1762
307 1327 1909
1070 1328 1739
1328 1329 1504
1070 1329 1154
182 1330 782
1330 1331 91
182 1331 686
387 1332 1906
1332 1333 838
387 1333 325
617 1334 181
1334 1335 1680
617 1335 1774
