1335 2000
1 4 895
4 5 405
1 5 1094
4 6 1850
6 7 825
4 7 1619
1 8 1271
8 9 1202
1 9 1484
4 10 268
10 11 1198
4 11 408
1 12 1135
12 13 200
1 13 70
4 14 1159
14 15 92
4 15 1696
7 16 463
16 17 1311
7 17 1088
1 18 76
18 19 145
1 19 1631
1 20 1048
20 21 1772
1 21 1955
1 22 232
22 23 595
1 23 333
8 24 355
24 25 699
8 25 1973
1 26 416
26 27 1748
1 27 1968
1 28 1869
28 29 1282
1 29 1482
11 30 745
30 31 1037
11 31 793
1 32 1727
32 33 1411
1 33 1207
14 34 1017
34 35 1386
14 35 67
1 36 492
36 37 843
1 37 1421
21 38 1342
38 39 724
21 39 1871
38 40 1060
40 41 1793
38 41 1563
1 42 374
42 43 562
1 43 481
1 44 1197
44 45 263
1 45 470
9 46 97
46 47 788
9 47 342
1 48 48
48 49 1292
1 49 851
1 50 15
50 51 1164
1 51 683
1 52 1626
52 53 176
1 53 149
1 54 22
54 55 1982
1 55 1759
1 56 1889
56 57 1838
1 57 1241
1 58 664
58 59 985
1 59 1216
1 60 1583
60 61 1331
1 61 1571
1 62 1372
62 63 1656
1 63 146
1 64 1900
64 65 17
1 65 185
1 66 1618
66 67 432
1 67 1536
19 68 64
68 69 756
19 69 697
1 70 1432
70 71 1498
1 71 1182
1 72 1794
72 73 114
1 73 1950
19 74 260
74 75 1938
19 75 1312
1 76 937
76 77 1732
1 77 272
1 78 771
78 79 896
1 79 104
21 80 991
80 81 806
21 81 1226
1 82 809
82 83 1773
1 83 1131
1 84 581
84 85 1979
1 85 320
1 86 1895
86 87 696
1 87 1130
1 88 1800
88 89 1399
1 89 1765
1 90 1641
90 91 875
1 91 1083
1 92 577
92 93 915
1 93 940
1 94 236
94 95 1690
1 95 1104
1 96 1103
96 97 1508
1 97 858
1 98 1827
98 99 1858
1 99 997
44 100 23
100 101 90
44 101 1559
1 102 1393
102 103 75
1 103 1442
1 104 558
104 105 651
1 105 1314
14 106 1010
106 107 1678
14 107 1204
104 108 545
108 109 1318
104 109 644
1 110 186
110 111 190
1 111 1398
1 112 775
112 113 421
1 113 1553
1 114 1557
114 115 1516
1 115 1068
1 116 491
116 117 1521
1 117 677
54 118 585
118 119 1493
54 119 642
1 120 605
120 121 74
1 121 1965
1 122 1874
122 123 1235
1 123 1961
1 124 894
124 125 1963
1 125 550
46 126 1307
126 127 93
46 127 160
21 128 352
128 129 1806
21 129 750
1 130 161
130 131 1142
1 131 257
1 132 1016
132 133 1927
1 133 1666
1 134 1322
134 135 1837
1 135 1492
78 136 753
136 137 14
78 137 1146
1 138 705
138 139 1403
1 139 1279
121 140 287
140 141 1528
121 141 833
1 142 301
142 143 1047
1 143 1028
1 144 1273
144 145 752
1 145 450
80 146 1700
146 147 930
80 147 1496
1 148 1992
148 149 1723
1 149 1423
1 150 360
150 151 1063
1 151 1417
123 152 1879
152 153 654
123 153 1784
1 154 1059
154 155 1512
1 155 1990
1 156 1112
156 157 1054
1 157 784
142 158 28
158 159 770
142 159 368
74 160 322
160 161 136
74 161 601
1 162 1645
162 163 1831
1 163 356
1 164 1242
164 165 639
1 165 580
1 166 673
166 167 1647
1 167 1999
1 168 824
168 169 964
1 169 1150
1 170 916
170 171 1173
1 171 636
1 172 503
172 173 1382
1 173 908
1 174 944
174 175 192
1 175 1616
1 176 516
176 177 106
1 177 1611
1 178 1591
178 179 62
1 179 1695
1 180 1364
180 181 698
1 181 1258
1 182 10
182 183 330
1 183 1758
53 184 285
184 185 111
53 185 844
1 186 1676
186 187 632
1 187 1956
1 188 798
188 189 1316
1 189 920
81 190 1079
190 191 779
81 191 1373
1 192 1205
192 193 1947
1 193 271
1 194 1138
194 195 205
1 195 976
44 196 534
196 197 1857
44 197 739
1 198 1457
198 199 1275
1 199 1359
75 200 931
200 201 1995
75 201 938
1 202 574
202 203 1427
1 203 477
1 204 208
204 205 392
1 205 453
1 206 1252
206 207 318
1 207 1506
1 208 1073
208 209 759
1 209 372
1 210 1121
210 211 676
1 211 456
1 212 862
212 213 1301
1 213 457
1 214 349
214 215 1603
1 215 305
204 216 564
216 217 123
204 217 1981
1 218 235
218 219 1949
1 219 1691
1 220 863
220 221 1608
1 221 704
1 222 471
222 223 749
1 223 269
1 224 962
224 225 1448
1 225 30
1 226 1232
226 227 774
1 227 1652
1 228 1901
228 229 443
1 229 427
1 230 490
230 231 1155
1 231 66
1 232 566
232 233 1803
1 233 1126
1 234 803
234 235 1818
1 235 772
1 236 316
236 237 769
1 237 1788
1 238 187
238 239 1816
1 239 1741
58 240 31
240 241 240
58 241 1654
1 242 381
242 243 666
1 243 220
84 244 966
244 245 1823
84 245 684
1 246 728
246 247 482
1 247 1243
116 248 1438
248 249 234
116 249 380
1 250 586
250 251 1549
1 251 309
16 252 546
252 253 58
16 253 1715
58 254 1686
254 255 1285
58 255 674
1 256 448
256 257 369
1 257 358
1 258 1201
258 259 469
1 259 1943
8 260 695
260 261 1383
8 261 617
37 262 1917
262 263 484
37 263 1190
44 264 1308
264 265 302
44 265 1123
205 266 1996
266 267 1233
205 267 1019
1 268 805
268 269 1086
1 269 441
1 270 529
270 271 760
1 271 1412
1 272 442
272 273 1122
1 273 2
152 274 656
274 275 957
152 275 12
119 276 1148
276 277 670
119 277 1967
1 278 1766
278 279 542
1 279 445
1 280 865
280 281 34
1 281 513
1 282 1808
282 283 1525
1 283 861
1 284 164
284 285 1224
1 285 958
199 286 1625
286 287 1274
199 287 1351
1 288 339
288 289 1397
1 289 900
1 290 1377
290 291 1440
1 291 95
225 292 1735
292 293 1429
225 293 1945
1 294 1443
294 295 1306
1 295 797
78 296 1172
296 297 1206
78 297 399
1 298 403
298 299 338
1 299 1776
1 300 414
300 301 1195
1 301 1621
230 302 379
302 303 1985
230 303 213
1 304 1325
304 305 1639
1 305 303
221 306 1269
306 307 629
221 307 312
202 308 315
308 309 1997
202 309 1295
103 310 1761
310 311 882
103 311 1036
1 312 19
312 313 1880
1 313 1184
1 314 867
314 315 497
1 315 886
201 316 383
316 317 63
201 317 328
1 318 826
318 319 1111
1 319 1674
1 320 1859
320 321 1535
1 321 300
189 322 540
322 323 1878
189 323 1040
1 324 60
324 325 365
1 325 1807
1 326 389
326 327 1984
1 327 638
1 328 1763
328 329 618
1 329 959
1 330 340
330 331 169
1 331 49
1 332 762
332 333 1143
1 333 626
265 334 521
334 335 467
265 335 597
183 336 1293
336 337 1774
183 337 1526
1 338 623
338 339 253
1 339 1657
1 340 743
340 341 1552
1 341 1439
335 342 1211
342 343 1376
335 343 883
223 344 1600
344 345 1988
223 345 417
1 346 606
346 347 1118
1 347 259
1 348 841
348 349 1665
1 349 614
113 350 1002
350 351 496
113 351 1430
1 352 637
352 353 855
1 353 1739
1 354 1165
354 355 1646
1 355 1283
1 356 400
356 357 955
1 357 1337
1 358 956
358 359 702
1 359 289
1 360 880
360 361 812
1 361 1738
1 362 1780
362 363 1845
1 363 478
1 364 838
364 365 413
1 365 832
1 366 560
366 367 157
1 367 373
1 368 1084
368 369 1607
1 369 1414
1 370 183
370 371 741
1 371 830
1 372 1710
372 373 1265
1 373 879
1 374 1783
374 375 816
1 375 151
1 376 1110
376 377 544
1 377 1728
1 378 59
378 379 703
1 379 319
1 380 640
380 381 343
1 381 1588
1 382 1650
382 383 1560
1 383 572
1 384 1724
384 385 570
1 385 1545
1 386 298
386 387 1687
1 387 1935
133 388 133
388 389 1196
133 389 1026
1 390 243
390 391 121
1 391 790
1 392 905
392 393 646
1 393 172
1 394 370
394 395 1281
1 395 1586
1 396 1918
396 397 897
1 397 1659
1 398 1511
398 399 1937
1 399 1699
1 400 29
400 401 662
1 401 498
1 402 827
402 403 1826
1 403 1692
379 404 237
404 405 1747
379 405 1760
1 406 1487
406 407 175
1 407 514
1 408 1595
408 409 1289
1 409 1835
1 410 1904
410 411 1948
1 411 1531
1 412 1180
412 413 519
1 413 1828
125 414 1191
414 415 387
125 415 488
1 416 1733
416 417 904
1 417 1210
40 418 1749
418 419 502
40 419 1278
1 420 1189
420 421 495
1 421 1178
1 422 1141
422 423 455
1 423 842
1 424 1246
424 425 275
1 425 1266
214 426 665
426 427 1005
214 427 252
238 428 523
428 429 486
238 429 242
1 430 565
430 431 1520
1 431 174
1 432 1946
432 433 159
1 433 1385
1 434 584
434 435 1064
1 435 1015
81 436 1514
436 437 1798
81 437 152
1 438 1817
438 439 1797
1 439 224
228 440 1120
440 441 406
228 441 1726
1 442 817
442 443 1533
1 443 1129
289 444 1576
444 445 596
289 445 1447
427 446 82
446 447 634
427 447 359
1 448 1614
448 449 914
1 449 1555
130 450 410
450 451 1785
130 451 1489
1 452 244
452 453 378
1 453 1006
1 454 311
454 455 171
1 455 804
183 456 1356
456 457 1998
183 457 1313
1 458 1095
458 459 72
1 459 363
1 460 1257
460 461 1090
1 461 1277
1 462 1849
462 463 1405
1 463 1642
1 464 1333
464 465 1518
1 465 1736
1 466 1114
466 467 385
1 467 125
1 468 99
468 469 266
1 469 32
1 470 876
470 471 1045
1 471 533
1 472 563
472 473 327
1 473 202
1 474 720
474 475 1923
1 475 1913
1 476 1873
476 477 814
1 477 936
1 478 802
478 479 1445
1 479 1601
1 480 1169
480 481 902
1 481 782
1 482 839
482 483 989
1 483 706
53 484 1888
484 485 1922
53 485 751
1 486 53
486 487 1590
1 487 1309
1 488 1661
488 489 364
1 489 1018
1 490 1027
490 491 1476
1 491 1954
340 492 1852
492 493 1846
340 493 1270
1 494 754
494 495 887
1 495 1604
1 496 291
496 497 1341
1 497 551
1 498 1903
498 499 505
1 499 1677
1 500 40
500 501 1746
1 501 1213
1 502 1434
502 503 329
1 503 189
1 504 723
504 505 212
1 505 199
292 506 736
506 507 1517
292 507 98
1 508 1574
508 509 1200
1 509 308
363 510 401
510 511 1547
363 511 493
1 512 859
512 513 1970
1 513 1175
1 514 1145
514 515 1779
1 515 1298
248 516 350
516 517 233
248 517 112
1 518 348
518 519 1872
1 519 335
1 520 163
520 521 1071
1 521 1976
1 522 1877
522 523 281
1 523 1151
1 524 1117
524 525 717
1 525 1556
1 526 231
526 527 975
1 527 1098
1 528 1542
528 529 65
1 529 799
1 530 582
530 531 1096
1 531 1578
1 532 42
532 533 1825
1 533 963
1 534 928
534 535 438
1 535 277
1 536 789
536 537 943
1 537 1843
1 538 712
538 539 346
1 539 678
408 540 397
540 541 116
408 541 1199
1 542 982
542 543 118
1 543 971
1 544 1620
544 545 536
1 545 925
141 546 710
546 547 1632
141 547 557
511 548 658
548 549 952
511 549 1693
1 550 1387
550 551 1051
1 551 1209
221 552 1575
552 553 247
221 553 5
1 554 472
554 555 598
1 555 1024
1 556 1167
556 557 552
1 557 1769
1 558 543
558 559 207
1 559 1847
1 560 1668
560 561 1669
1 561 1160
1 562 541
562 563 718
1 563 1720
1 564 517
564 565 630
1 565 50
1 566 273
566 567 1630
1 567 1501
29 568 1203
568 569 1558
29 569 1055
1 570 1568
570 571 69
1 571 1032
1 572 1276
572 573 1263
1 573 524
1 574 994
574 575 1670
1 575 141
1 576 763
576 577 1844
1 577 420
1 578 313
578 579 325
1 579 1860
509 580 415
580 581 978
509 581 466
495 582 1564
582 583 1305
495 583 1259
1 584 981
584 585 1931
1 585 1627
83 586 1596
586 587 131
83 587 700
1 588 881
588 589 1853
1 589 555
1 590 535
590 591 877
1 591 461
327 592 510
592 593 1185
327 593 1822
396 594 468
594 595 737
396 595 1108
216 596 1701
596 597 1109
216 597 1606
1 598 1247
598 599 984
1 599 181
258 600 1
600 601 113
258 601 590
1 602 1395
602 603 1497
1 603 429
1 604 1500
604 605 716
1 605 1009
234 606 620
606 607 583
234 607 1161
1 608 1711
608 609 255
1 609 1544
315 610 1384
610 611 1317
315 611 1021
1 612 1300
612 613 668
1 613 134
1 614 250
614 615 1368
1 615 1485
1 616 1745
616 617 279
1 617 1350
1 618 1371
618 619 1530
1 619 1991
1 620 813
620 621 1610
1 621 1181
1 622 796
622 623 1388
1 623 215
1 624 295
624 625 1390
1 625 1358
1 626 1125
626 627 1792
1 627 711
1 628 109
628 629 297
1 629 1515
337 630 135
630 631 1770
337 631 1802
1 632 800
632 633 256
1 633 1193
1 634 1425
634 635 961
1 635 1162
435 636 1781
636 637 974
435 637 1737
1 638 818
638 639 1662
1 639 1905
462 640 530
640 641 532
462 641 407
1 642 423
642 643 489
1 643 1315
1 644 947
644 645 331
1 645 795
1 646 248
646 647 1649
1 647 361
1 648 1875
648 649 1050
1 649 1796
421 650 1570
650 651 810
421 651 1375
1 652 1072
652 653 950
1 653 785
1 654 288
654 655 1039
1 655 866
1 656 1682
656 657 1569
1 657 871
1 658 808
658 659 1811
1 659 893
476 660 83
660 661 1755
476 661 1483
581 662 1355
662 663 719
581 663 1815
421 664 115
664 665 1623
421 665 1679
178 666 856
666 667 1469
178 667 1158
1 668 144
668 669 1231
1 669 1369
1 670 1912
670 671 1240
1 671 520
529 672 1453
672 673 1418
529 673 635
154 674 675
674 675 1042
154 675 1354
1 676 903
676 677 154
1 677 1824
1 678 1681
678 679 1362
1 679 1127
183 680 648
680 681 193
183 681 46
1 682 729
682 683 396
1 683 1379
1 684 912
684 685 1721
1 685 1799
175 686 828
686 687 1712
175 687 579
577 688 730
688 689 210
577 689 1234
1 690 1290
690 691 1751
1 691 852
1 692 1740
692 693 1597
1 693 1319
615 694 462
694 695 41
615 695 1840
1 696 977
696 697 480
1 697 1916
1 698 1007
698 699 1757
1 699 1775
632 700 701
700 701 1718
632 701 209
1 702 25
702 703 1924
1 703 968
1 704 821
704 705 1834
1 705 1297
388 706 230
706 707 849
388 707 1795
1 708 1605
40 709 1134
709 710 226
40 710 55
1 711 1458
711 712 1908
1 712 221
1 713 647
713 714 1378
1 714 1100
472 715 1115
715 716 168
472 716 1787
1 717 1400
717 718 776
1 718 973
1 719 307
719 720 1565
1 720 1551
417 721 1648
721 722 1972
417 722 1264
1 723 280
723 724 1891
1 724 1449
405 725 1909
725 726 132
405 726 547
1 727 1092
727 728 398
1 728 1708
1 729 21
729 730 1786
1 730 686
1 731 1320
731 732 1085
1 732 1856
1 733 3
733 734 682
1 734 791
1 735 1136
735 736 786
1 736 1237
1 737 1066
737 738 1344
1 738 1406
1 739 139
739 740 138
1 740 1420
42 741 1883
741 742 1286
42 742 888
1 743 890
743 744 559
1 744 473
416 745 229
745 746 1335
416 746 694
1 747 1067
747 748 1303
1 748 781
1 749 515
749 750 1491
1 750 655
1 751 310
751 752 404
1 752 393
263 753 1294
753 754 934
263 754 345
598 755 1014
755 756 1944
598 756 660
299 757 126
757 758 120
299 758 1324
215 759 1154
759 760 1058
215 760 13
531 761 1097
761 762 1225
531 762 286
1 763 1933
763 764 1396
1 764 628
259 765 191
765 766 494
259 766 1906
1 767 766
767 768 201
1 768 1437
1 769 409
769 770 1842
1 770 249
1 771 780
771 772 1229
1 772 1260
251 773 1133
773 774 341
251 774 1470
1 775 1541
775 776 996
1 776 16
700 777 837
777 778 906
700 778 948
169 779 1928
779 780 71
169 780 526
159 781 1299
781 782 829
159 782 1546
1 783 715
783 784 1504
1 784 1230
12 785 439
785 786 251
12 786 1675
1 787 765
787 788 1413
1 788 1980
1 789 627
789 790 1644
1 790 613
1 791 927
791 792 102
1 792 1971
1 793 465
793 794 884
1 794 1885
1 795 1503
795 796 1582
1 796 625
1 797 390
797 798 616
1 798 1791
1 799 945
799 800 1925
1 800 446
1 801 578
801 802 61
1 802 11
1 803 807
803 804 758
1 804 382
1 805 8
805 806 847
1 806 156
585 807 283
807 808 440
585 808 45
1 809 1907
809 810 822
1 810 621
1 811 508
811 812 1848
1 812 747
741 813 1220
813 814 1291
741 814 84
1 815 1867
815 816 1340
1 816 1685
681 817 1214
817 818 1463
681 818 1284
768 819 1302
819 820 422
768 820 1137
1 821 117
821 822 1725
1 822 1841
1 823 1152
823 824 1171
1 824 998
288 825 334
825 826 395
288 826 1029
181 827 179
827 828 1550
181 828 1099
1 829 1473
829 830 1323
1 830 1001
1 831 81
831 832 241
1 832 366
1 833 1730
833 834 1865
1 834 631
1 835 892
835 836 1361
1 836 1357
650 837 1707
837 838 1424
650 838 304
622 839 1539
839 840 1360
622 840 1468
1 841 1911
841 842 685
1 842 267
1 843 870
843 844 1153
1 844 1643
1 845 1502
845 846 854
1 846 1078
1 847 554
847 848 633
1 848 1529
842 849 1579
849 850 454
842 850 735
267 851 7
851 852 1705
267 852 211
1 853 425
853 854 293
1 854 853
1 855 687
855 856 624
1 856 204
197 857 1810
857 858 587
197 858 38
445 859 528
859 860 1222
445 860 377
9 861 1107
861 862 1882
9 862 1509
162 863 608
863 864 1030
162 864 1215
721 865 68
865 866 499
721 866 1124
579 867 459
867 868 1926
579 868 1053
1 869 768
869 870 1166
1 870 913
1 871 314
871 872 1223
1 872 1116
1 873 1638
873 874 869
1 874 437
654 875 184
875 876 391
654 876 726
1 877 1778
877 878 20
1 878 108
236 879 681
879 880 153
236 880 960
373 881 278
881 882 911
373 882 158
1 883 1035
883 884 1091
1 884 1743
699 885 196
885 886 1239
699 886 1132
1 887 451
887 888 1987
1 888 1655
1 889 1428
889 890 1433
1 890 1886
22 891 86
891 892 1977
22 892 691
258 893 1441
893 894 1113
258 894 1942
1 895 531
895 896 1409
1 896 1415
1 897 1218
897 898 740
1 898 52
1 899 1366
899 900 1101
1 900 1884
433 901 1640
901 902 1456
433 902 1864
1 903 1494
903 904 921
1 904 426
1 905 1983
905 906 1585
1 906 1008
463 907 988
907 908 679
463 908 1249
829 909 933
909 910 294
829 910 1254
105 911 1248
911 912 1013
105 912 1513
171 913 265
913 914 1617
171 914 1343
1 915 1689
915 916 917
1 916 999
1 917 1567
917 918 922
1 918 88
1 919 282
919 920 1951
1 920 972
1 921 509
921 922 430
1 922 1065
1 923 1020
923 924 1777
1 924 1764
1 925 254
925 926 386
1 926 910
367 927 645
927 928 47
367 928 820
1 929 929
929 930 1572
1 930 932
1 931 1731
931 932 1932
1 932 148
1 933 1941
933 934 898
1 934 1140
1 935 428
935 936 162
1 936 128
1 937 1070
937 938 1651
1 938 1688
398 939 203
939 940 1454
398 940 689
1 941 1102
941 942 1481
1 942 1921
1 943 1338
943 944 1767
1 944 44
716 945 402
945 946 1176
716 946 549
42 947 1339
947 948 1460
42 948 222
1 949 1004
949 950 1958
1 950 1105
1 951 51
951 952 1719
1 952 219
1 953 1251
953 954 946
1 954 1702
1 955 299
955 956 1328
1 956 434
1 957 522
957 958 1599
1 958 100
410 959 1329
959 960 748
410 960 1862
1 961 1540
961 962 1147
1 962 367
1 963 507
963 964 431
1 964 1334
1 965 150
965 966 436
1 966 1716
1 967 713
967 968 1809
1 968 663
1 969 332
969 970 1081
1 970 1455
1 971 1898
971 972 1459
1 972 1003
1 973 1404
973 974 1450
1 974 1347
1 975 292
975 976 1061
1 976 1452
1 977 1416
977 978 1658
1 978 1929
1 979 1221
979 980 1894
1 980 1805
868 981 1820
981 982 1573
868 982 1255
28 983 995
983 984 1156
28 984 1628
1 985 1960
985 986 1238
1 986 1952
786 987 1680
987 988 731
786 988 1584
1 989 1768
989 990 1594
1 990 1966
1 991 1407
991 992 39
1 992 987
1 993 9
993 994 918
1 994 1505
1 995 604
995 996 1986
1 996 672
526 997 1919
997 998 1119
526 998 198
1 999 173
999 1000 1349
1 1000 1782
1 1001 216
1001 1002 899
1 1002 101
1 1003 1580
1003 1004 901
1 1004 846
1 1005 1262
1005 1006 1187
1 1006 1170
1 1007 1486
1007 1008 306
1 1008 1861
50 1009 140
1009 1010 1288
50 1010 1756
535 1011 592
1011 1012 227
535 1012 1363
1 1013 649
1013 1014 939
1 1014 167
1 1015 755
1015 1016 692
1 1016 1527
649 1017 641
1017 1018 170
649 1018 1581
1 1019 1854
1019 1020 1593
1 1020 419
1 1021 501
1021 1022 1519
1 1022 206
835 1023 1267
1023 1024 923
835 1024 612
1 1025 1561
1025 1026 659
1 1026 1742
1 1027 476
1027 1028 96
1 1028 1790
415 1029 1819
1029 1030 1253
415 1030 1436
674 1031 1157
1031 1032 787
674 1032 1920
522 1033 909
1033 1034 573
522 1034 1168
937 1035 761
1035 1036 1629
937 1036 371
320 1037 1236
1037 1038 1075
320 1038 506
922 1039 165
1039 1040 1612
922 1040 669
1 1041 783
1041 1042 166
1 1042 848
1 1043 147
1043 1044 569
1 1044 1532
1 1045 1663
1045 1046 57
1 1046 868
1 1047 1074
1047 1048 1881
1 1048 1370
1 1049 850
1049 1050 980
1 1050 970
149 1051 87
1051 1052 1389
149 1052 1467
1 1053 757
1053 1054 823
1 1054 661
491 1055 1936
1055 1056 792
491 1056 1268
329 1057 1499
1057 1058 1522
329 1058 1188
279 1059 85
1059 1060 1477
279 1060 1353
1 1061 588
1061 1062 1771
1 1062 567
1 1063 1635
1063 1064 725
1 1064 262
1 1065 1667
1065 1066 1524
1 1066 1479
706 1067 607
1067 1068 874
706 1068 1034
1 1069 1706
1069 1070 1431
1 1070 511
215 1071 714
1071 1072 1989
215 1072 317
1 1073 738
1073 1074 1057
1 1074 891
1 1075 548
1075 1076 326
1 1076 1709
1 1077 926
1077 1078 261
1 1078 1554
1052 1079 1812
1079 1080 667
1052 1080 1993
1 1081 258
1081 1082 1365
1 1082 94
246 1083 6
1083 1084 811
246 1084 447
1 1085 1633
1085 1086 992
1 1086 1959
376 1087 424
1087 1088 73
376 1088 873
42 1089 1471
1089 1090 1548
42 1090 845
1 1091 24
1091 1092 815
1 1092 1622
1 1093 1734
1093 1094 1589
1 1094 1814
1 1095 1887
1095 1096 1304
1 1096 452
1 1097 1346
1097 1098 130
1 1098 690
800 1099 1261
1099 1100 1179
800 1100 238
347 1101 527
1101 1102 245
347 1102 1076
1 1103 965
1103 1104 568
1 1104 1401
161 1105 336
1105 1106 1974
161 1106 357
1 1107 1327
1107 1108 89
1 1108 504
1 1109 1461
1109 1110 591
1 1110 1713
1 1111 727
1111 1112 953
1 1112 1562
1 1113 1969
1113 1114 518
1 1114 195
1 1115 1592
1115 1116 835
1 1116 836
1 1117 857
1117 1118 1753
1 1118 1813
932 1119 1868
1119 1120 474
932 1120 1174
1 1121 274
1121 1122 744
1 1122 155
1 1123 993
1123 1124 1475
1 1124 1012
393 1125 979
1125 1126 1830
393 1126 1897
134 1127 1219
1127 1128 376
134 1128 575
1 1129 1402
1129 1130 1367
1 1130 137
1 1131 324
1131 1132 600
1 1132 819
1 1133 1833
1133 1134 264
1 1134 18
1 1135 1717
1135 1136 1836
1 1136 594
1 1137 214
1137 1138 889
1 1138 1426
30 1139 1994
1139 1140 1899
30 1140 1272
1 1141 1598
1141 1142 1250
1 1142 1087
1018 1143 1609
1143 1144 553
1018 1144 907
1 1145 1025
1145 1146 1660
1 1146 1866
1099 1147 375
1147 1148 1444
1099 1148 1697
540 1149 1046
1149 1150 1422
540 1150 840
1 1151 1022
1151 1152 1893
1 1152 218
1 1153 571
1153 1154 1227
1 1154 657
167 1155 43
1155 1156 561
167 1156 1762
1 1157 1244
1157 1158 1391
1 1158 110
968 1159 619
1159 1160 1634
968 1160 433
318 1161 693
1161 1162 951
318 1162 537
590 1163 525
1163 1164 1033
590 1164 354
4 1165 1534
1165 1166 1321
4 1166 2000
1 1167 919
1167 1168 746
1 1168 602
1 1169 35
1169 1170 622
1 1170 1939
1 1171 1031
1171 1172 1851
1 1172 1671
1 1173 1876
1173 1174 986
1 1174 1510
1 1175 1043
1175 1176 270
1 1176 78
499 1177 603
1177 1178 460
499 1178 1729
675 1179 487
1179 1180 1381
675 1180 129
992 1181 412
1181 1182 1410
992 1182 1478
818 1183 831
1183 1184 941
818 1184 1587
1 1185 26
1185 1186 119
1 1186 500
1 1187 1044
1 1188 444
1188 1189 1380
1 1189 1310
1 1190 767
1190 1191 538
1 1191 949
1 1192 1495
1192 1193 556
1 1193 225
1 1194 671
1194 1195 1089
1 1195 1069
951 1196 351
1196 1197 1978
951 1197 1537
1 1198 1192
1198 1199 935
1 1199 56
1 1200 103
1200 1201 1056
1 1201 969
1 1202 653
1202 1203 650
1 1203 1023
335 1204 127
1204 1205 1896
335 1205 942
14 1206 344
1206 1207 1914
14 1207 1465
355 1208 188
1208 1209 483
355 1209 418
42 1210 1446
1210 1211 1280
42 1211 983
1 1212 1613
1212 1213 1672
1 1213 1636
1 1214 990
1214 1215 353
1 1215 652
1 1216 347
1216 1217 1538
1 1217 1466
1 1218 1962
1218 1219 885
1 1219 362
1176 1220 1011
1220 1221 794
1176 1221 599
1 1222 142
1222 1223 615
1 1223 1832
780 1224 1683
1224 1225 239
780 1225 1829
860 1226 1694
1226 1227 1052
860 1227 609
1 1228 1698
1228 1229 197
1 1229 80
684 1230 1930
1230 1231 1038
684 1231 1228
285 1232 1149
1232 1233 801
285 1233 860
1 1234 539
1234 1235 734
1 1235 834
1 1236 1212
1236 1237 688
1 1237 4
1 1238 1752
1238 1239 733
1 1239 878
1 1240 1523
1240 1241 1975
1 1241 1093
1 1242 290
1242 1243 143
1 1243 475
1 1244 864
1244 1245 1507
1 1245 1435
1 1246 1953
1246 1247 1348
1 1247 1245
506 1248 1714
3 1248 1217
3 506 1673
1 1249 37
1249 1250 1964
1 1250 54
1 1251 773
1251 1252 709
1 1252 178
1 1253 967
1253 1254 1754
1 1254 778
1 1255 479
1255 1256 223
1 1256 464
1 1257 1566
1257 1258 1287
1 1258 1106
1 1259 1345
1259 1260 1186
1 1260 1330
567 1261 1637
1261 1262 721
567 1262 79
764 1263 1902
1263 1264 1080
764 1264 1940
1 1265 1722
1265 1266 1464
1 1266 124
1 1267 1801
1267 1268 1684
1 1268 1451
488 1269 1704
1269 1270 91
488 1270 337
1 1271 1890
1271 1272 742
1 1272 610
1 1273 954
1273 1274 1144
1 1274 1208
803 1275 1062
1275 1276 1082
803 1276 1934
221 1277 1256
1277 1278 1000
221 1278 708
1 1279 1804
1279 1280 1957
1 1280 1041
298 1281 388
1281 1282 589
298 1282 1490
57 1283 1543
1283 1284 1408
57 1284 722
808 1285 707
1285 1286 1049
808 1286 1194
1 1287 1296
1287 1288 194
1 1288 1163
1 1289 1462
1289 1290 1839
1 1290 872
1 1291 1392
1291 1292 1139
1 1292 1910
1 1293 576
1293 1294 1577
1 1294 593
1 1295 107
1295 1296 1750
1 1296 1892
1 1297 1394
1297 1298 1336
1 1298 384
1 1299 1128
1299 1300 435
1 1300 643
584 1301 284
1301 1302 611
584 1302 323
233 1303 105
1303 1304 1374
233 1304 1474
710 1305 1863
2 1305 732
2 710 27
1 1306 276
1306 1307 1915
1 1307 1419
1 1308 1624
1308 1309 1472
1 1309 180
1 1310 1821
1310 1311 182
1 1311 1870
1 1312 177
1312 1313 1480
1 1313 411
1 1314 36
1314 1315 1664
1 1315 764
530 1316 1183
1316 1317 1077
530 1317 33
1 1318 1653
1318 1319 1855
1 1319 777
1 1320 1332
1320 1321 1789
1 1321 122
1 1322 1177
1322 1323 321
1 1323 77
1 1324 1352
1324 1325 485
1 1325 449
1 1326 1488
1326 1327 1326
1 1327 512
1 1328 1602
1328 1329 228
1 1329 924
554 1330 217
1330 1331 1615
554 1331 1703
1 1332 296
1332 1333 394
1 1333 458
1 1334 680
1334 1335 246
1 1335 1744
