1335 2000
1 4 22
4 5 179
1 5 98
4 6 534
6 7 1028
4 7 1271
1 8 119
8 9 1792
1 9 854
4 10 1378
10 11 987
4 11 93
11 12 34
12 13 825
11 13 199
9 14 800
14 15 1690
9 15 520
15 16 1342
16 17 1316
15 17 523
12 18 1
18 19 1464
12 19 38
17 20 1268
20 21 176
17 21 1227
16 22 1626
22 23 1859
16 23 344
23 24 404
24 25 601
23 25 1139
18 26 13
26 27 361
18 27 292
21 28 426
28 29 24
21 29 1353
29 30 1352
30 31 1678
29 31 1445
28 32 1679
32 33 405
28 33 1168
24 34 1658
34 35 1462
24 35 1253
26 36 61
36 37 840
26 37 1687
28 38 1372
38 39 72
28 39 1534
34 40 687
40 41 1795
34 41 1833
38 42 771
42 43 1402
38 43 1927
36 44 49
44 45 1570
36 45 380
41 46 1527
46 47 1781
41 47 1981
40 48 1099
48 49 1921
40 49 1320
40 50 497
50 51 299
40 51 53
48 52 1297
52 53 1104
48 53 506
53 54 966
54 55 117
53 55 1074
50 56 671
56 57 823
50 57 925
43 58 1676
58 59 711
43 59 1037
45 60 1181
60 61 1135
45 61 495
53 62 839
62 63 743
53 63 1176
44 64 1338
3 64 204
3 44 12
50 65 754
65 66 1066
50 66 872
51 67 1416
67 68 3
51 68 326
48 69 1340
69 70 118
48 70 512
59 71 113
71 72 1451
59 72 1620
69 73 1828
73 74 143
69 74 1613
58 75 112
75 76 710
58 76 202
54 77 109
77 78 103
54 78 1898
67 79 406
79 80 1513
67 80 77
75 81 101
81 82 7
75 82 244
58 83 1127
83 84 769
58 84 1231
80 85 647
85 86 1970
80 86 1780
68 87 529
87 88 1437
68 88 694
85 89 1030
89 90 1767
85 90 1197
74 91 1709
91 92 1976
74 92 1599
92 93 283
93 94 1193
92 94 1002
65 95 429
95 96 1555
65 96 569
85 97 627
97 98 107
85 98 169
77 99 499
99 100 309
77 100 1561
90 101 246
101 102 1424
90 102 1884
74 103 461
103 104 1081
74 104 302
97 105 1532
105 106 251
97 106 1722
75 107 469
107 108 1764
75 108 766
102 109 1071
109 110 1916
102 110 1209
97 111 249
111 112 1267
97 112 1713
92 113 1185
113 114 548
92 114 1978
97 115 144
115 116 1589
97 116 602
115 117 873
117 118 1975
115 118 181
109 119 1693
119 120 26
109 120 1545
108 121 1093
121 122 2
108 122 648
94 123 174
123 124 1261
94 124 1848
85 125 669
125 126 268
85 126 785
115 127 1727
127 128 433
115 128 1301
103 129 1869
129 130 549
103 130 1668
100 131 357
131 132 468
100 132 1450
114 133 1844
133 134 1039
114 134 1763
95 135 15
135 136 814
95 136 1840
114 137 111
137 138 1597
114 138 92
100 139 1969
139 140 347
100 140 1151
102 141 1594
141 142 1805
102 142 383
97 143 1759
143 144 1776
97 144 611
120 145 1480
145 146 1417
120 146 1473
100 147 488
147 148 1263
100 148 727
111 149 1912
149 150 1619
111 150 1971
127 151 238
151 152 434
127 152 767
142 153 547
153 154 472
142 154 1947
148 155 335
155 156 1184
148 156 1275
147 157 1774
157 158 479
147 158 538
107 159 574
159 160 1904
107 160 1206
128 161 223
161 162 267
128 162 1260
139 163 1548
163 164 958
139 164 1654
161 165 120
165 166 796
161 166 148
147 167 898
167 168 1865
147 168 163
161 169 449
169 170 155
161 170 1453
170 171 1012
171 172 1128
170 172 1794
160 173 677
173 174 914
160 174 1818
149 175 1962
175 176 846
149 176 833
149 177 544
177 178 877
149 178 856
125 179 1121
179 180 1141
125 180 239
176 181 185
181 182 1878
176 182 1149
126 183 1804
183 184 575
126 184 1797
158 185 1484
185 186 289
158 186 1146
181 187 665
187 188 1837
181 188 355
152 189 1728
189 190 882
152 190 1568
178 191 136
191 192 1237
178 192 646
180 193 1672
193 194 370
180 194 1096
164 195 275
195 196 688
164 196 656
135 197 36
197 198 1966
135 198 910
146 199 540
199 200 1232
146 200 325
145 201 1001
201 202 71
145 202 1497
178 203 1924
203 204 153
178 204 1821
183 205 1784
205 206 1003
183 206 625
151 207 969
207 208 668
151 208 146
200 209 945
209 210 1234
200 210 1309
146 211 1699
211 212 879
146 212 777
162 213 378
213 214 1867
162 214 462
210 215 1188
215 216 1306
210 216 1609
182 217 1973
217 218 962
182 218 1948
151 219 297
219 220 99
151 220 1089
148 221 816
221 222 543
148 222 507
198 223 1376
223 224 560
198 224 1387
194 225 871
225 226 229
194 226 554
172 227 1577
227 228 714
172 228 1023
224 229 1486
229 230 565
224 230 1092
173 231 1985
231 232 30
173 232 1461
176 233 1541
233 234 206
176 234 592
180 235 1466
235 236 1117
180 236 1503
179 237 809
237 238 1404
179 238 1698
191 239 279
239 240 775
191 240 193
204 241 1164
241 242 1750
204 242 923
166 243 35
243 244 368
166 244 1430
225 245 1955
245 246 616
225 246 670
246 247 510
247 248 362
246 248 1411
217 249 287
249 250 453
217 250 1435
173 251 1841
251 252 1906
173 252 386
198 253 1375
253 254 1203
198 254 316
201 255 1616
255 256 63
201 256 416
253 257 1685
257 258 210
253 258 680
210 259 471
259 260 375
210 260 1623
217 261 517
261 262 996
217 262 1138
197 263 895
263 264 481
197 264 851
208 265 533
265 266 490
208 266 1276
224 267 1842
267 268 1839
224 268 1034
208 269 944
269 270 1895
208 270 1025
202 271 1182
271 272 31
202 272 44
236 273 115
273 274 1960
236 274 1469
243 275 1170
275 276 1326
243 276 1506
232 277 662
277 278 894
232 278 577
259 279 1835
279 280 381
259 280 1719
205 281 952
281 282 1228
205 282 1129
239 283 1255
283 284 733
239 284 519
263 285 878
285 286 1436
263 286 37
193 287 1855
287 288 1573
193 288 139
214 289 1989
289 290 1994
214 290 829
269 291 188
291 292 224
269 292 1602
196 293 1819
293 294 1644
196 294 505
285 295 1116
295 296 1957
285 296 531
248 297 834
297 298 1474
248 298 797
291 299 1911
299 300 1725
291 300 1732
224 301 1591
301 302 250
224 302 624
222 303 1829
303 304 1592
222 304 371
206 305 812
305 306 1604
206 306 509
209 307 1874
307 308 1726
209 308 1553
248 309 776
309 310 151
248 310 318
273 311 1061
311 312 861
273 312 1431
210 313 720
313 314 1258
210 314 194
215 315 157
315 316 1201
215 316 385
218 317 227
317 318 1294
218 318 838
313 319 1186
319 320 704
313 320 642
229 321 1488
321 322 233
229 322 826
289 323 392
323 324 1692
289 324 525
296 325 1526
325 326 1487
296 326 1700
237 327 1538
327 328 217
237 328 643
319 329 395
329 330 664
319 330 813
241 331 1789
331 332 810
241 332 87
309 333 700
333 334 70
309 334 1266
324 335 145
335 336 667
324 336 613
274 337 1295
337 338 1434
274 338 1107
327 339 438
339 340 75
327 340 330
231 341 1126
341 342 456
231 342 367
283 343 974
343 344 102
283 344 1802
286 345 1136
345 346 1314
286 346 889
304 347 388
347 348 1459
304 348 423
321 349 18
349 350 1123
321 350 1243
277 351 21
351 352 1951
277 352 483
327 353 1421
353 354 698
327 354 649
269 355 127
355 356 1584
269 356 441
256 357 696
357 358 394
256 358 4
286 359 948
359 360 1575
286 360 1771
307 361 234
361 362 896
307 362 295
270 363 599
363 364 1499
270 364 329
312 365 262
365 366 950
312 366 1920
297 367 226
367 368 167
297 368 191
256 369 566
369 370 1963
256 370 1062
264 371 955
371 372 336
264 372 1603
302 373 1009
373 374 1257
302 374 836
323 375 850
375 376 332
323 376 1918
336 377 759
377 378 1560
336 378 1928
298 379 341
379 380 550
298 380 731
378 381 1057
381 382 141
378 382 1354
268 383 1712
383 384 1720
268 384 1875
313 385 235
385 386 272
313 386 1427
370 387 414
387 388 822
370 388 1807
322 389 1942
389 390 683
390 391 1972
322 391 1379
382 392 866
392 393 1032
382 393 1083
361 394 1029
394 395 1639
361 395 1422
322 396 609
396 397 1533
322 397 348
367 398 1386
398 399 691
367 399 1822
329 400 1440
400 401 1347
329 401 970
392 402 541
402 403 942
392 403 32
371 404 171
404 405 1264
371 405 1483
289 406 784
406 407 713
289 407 1761
337 408 1350
408 409 590
337 409 807
344 410 213
410 411 824
344 411 501
410 412 1339
412 413 982
410 413 365
372 414 1036
414 415 1611
372 415 1493
283 416 1923
416 417 1311
283 417 1586
401 418 1943
418 419 450
401 419 306
341 420 978
420 421 142
341 421 1221
352 422 940
422 423 1024
352 423 1879
294 424 1856
424 425 1745
294 425 954
367 426 1881
426 427 645
367 427 1327
386 428 1550
428 429 692
386 429 1968
315 430 787
430 431 477
315 431 489
425 432 1456
432 433 636
425 433 285
302 434 124
434 435 180
302 435 528
328 436 1363
436 437 1705
328 437 1216
393 438 1080
438 439 1694
393 439 1292
300 440 291
440 441 993
300 441 1130
403 442 1147
442 443 1600
403 443 1076
397 444 412
444 445 899
397 445 491
408 446 277
446 447 1328
408 447 500
326 448 308
448 449 184
326 449 366
418 450 79
450 451 957
418 451 1033
420 452 848
452 453 1409
420 453 1161
345 454 256
454 455 1843
345 455 859
348 456 384
456 457 1707
348 457 1520
393 458 581
458 459 927
393 459 1286
429 460 1256
460 461 55
429 461 290
414 462 1683
462 463 1876
414 463 594
350 464 639
464 465 1790
350 465 129
463 466 1810
466 467 532
463 467 828
385 468 527
468 469 1524
385 469 496
442 470 1407
470 471 1064
442 471 1826
344 472 476
472 473 757
344 473 1010
411 474 1652
474 475 983
411 475 1519
406 476 110
476 477 83
406 477 1133
356 478 606
478 479 338
356 479 1190
412 480 1364
480 481 891
412 481 928
443 482 1318
482 483 466
443 483 1637
456 484 908
484 485 1315
456 485 815
338 486 1857
486 487 1965
338 487 219
376 488 1374
488 489 1351
376 489 985
393 490 567
490 491 1990
393 491 422
374 492 1624
492 493 1877
374 493 1772
479 494 1310
494 495 1817
479 495 1735
415 496 1082
496 497 1358
415 497 760
408 498 89
498 499 1212
408 499 1300
431 500 1922
500 501 1507
431 501 1110
498 502 960
502 503 1085
498 503 1447
347 504 1596
504 505 1937
347 505 94
412 506 1077
506 507 956
412 507 705
481 508 1222
508 509 562
481 509 742
451 510 1058
510 511 1836
451 511 1547
350 512 1588
512 513 1124
350 513 159
449 514 225
514 515 1665
449 515 122
413 516 941
516 517 58
413 517 1150
442 518 1198
518 519 1270
442 519 356
401 520 460
520 521 315
401 521 1766
437 522 1105
522 523 1907
437 523 1939
384 524 963
524 525 953
384 525 605
385 526 186
526 527 1830
385 527 641
381 528 1244
528 529 1984
381 529 2000
510 530 890
530 531 795
510 531 1078
447 532 986
532 533 792
447 533 245
399 534 444
534 535 1502
399 535 1408
365 536 16
536 537 1479
365 537 1477
470 538 1044
538 539 1618
470 539 1131
508 540 1329
540 541 610
508 541 1397
463 542 352
542 543 494
463 543 1370
482 544 454
544 545 492
482 545 200
384 546 724
546 547 328
384 547 989
530 548 887
548 549 1932
530 549 1755
549 550 1816
550 551 578
549 551 80
550 552 612
552 553 14
550 553 480
544 554 1514
554 555 697
544 555 432
391 556 1433
556 557 1017
391 557 1393
481 558 261
558 559 442
481 559 1021
513 560 558
560 561 1153
513 561 474
561 562 88
562 563 50
561 563 1343
518 564 1864
564 565 1210
518 565 1622
413 566 1145
566 567 260
413 567 975
423 568 674
568 569 1964
423 569 559
420 570 393
570 571 1934
420 571 1757
435 572 9
572 573 933
435 573 264
426 574 1357
574 575 1811
426 575 679
443 576 949
576 577 464
443 577 1556
393 578 1785
578 579 1871
393 579 1284
522 580 584
580 581 1272
522 581 1005
423 582 1601
582 583 884
423 583 334
516 584 96
584 585 172
516 585 1677
483 586 1542
586 587 1669
483 587 263
552 588 424
588 589 314
552 589 1902
582 590 1993
590 591 281
582 591 1888
469 592 870
592 593 1322
469 593 1778
580 594 818
594 595 1406
580 595 516
483 596 791
596 597 717
483 597 973
575 598 1630
598 599 413
575 599 391
431 600 539
600 601 1202
431 601 247
506 602 663
602 603 1883
506 603 1554
601 604 1246
604 605 1388
601 605 1239
472 606 1704
606 607 1478
472 607 1983
446 608 722
608 609 1304
446 609 294
495 610 1581
610 611 1233
611 612 1425
495 612 257
570 613 1633
613 614 1945
570 614 1689
539 615 1511
615 616 1091
539 616 1662
496 617 1119
617 618 1428
496 618 360
550 619 1224
619 620 81
550 620 1254
592 621 684
621 622 718
592 622 1925
453 623 1870
623 624 1929
453 624 1723
514 625 855
625 626 1891
514 626 1627
608 627 1281
627 628 1812
608 628 1734
610 629 1324
629 630 629
610 630 770
564 631 600
631 632 1481
564 632 400
501 633 310
633 634 1349
501 634 1909
484 635 535
635 636 860
484 636 545
522 637 1137
637 638 418
522 638 783
515 639 634
639 640 553
515 640 756
527 641 672
641 642 242
527 642 1458
550 643 749
643 644 1053
550 644 323
561 645 782
645 646 1346
561 646 1385
510 647 76
647 648 1054
510 648 1852
538 649 307
649 650 598
538 650 981
539 651 1737
651 652 892
539 652 511
644 653 847
653 654 1800
644 654 1718
463 655 626
655 656 1680
463 656 1640
613 657 971
657 658 615
613 658 708
479 659 1299
659 660 730
479 660 794
479 661 11
661 662 1084
479 662 817
444 663 1088
663 664 1825
444 664 1287
593 665 657
665 666 1004
593 666 1673
598 667 389
667 668 1868
598 668 1529
609 669 1949
669 670 1200
609 670 298
628 671 138
671 672 305
628 672 994
582 673 868
673 674 1751
582 674 1862
478 675 1516
675 676 556
478 676 706
630 677 1325
677 678 253
630 678 1014
653 679 1013
679 680 1134
653 680 1660
620 681 831
681 682 1549
620 682 1849
634 683 1442
683 684 835
634 684 1360
510 685 339
685 686 630
510 686 402
611 687 1885
687 688 1845
611 688 5
624 689 587
689 690 130
624 690 1645
616 691 585
691 692 673
616 692 399
594 693 1887
693 694 617
594 694 84
492 695 1098
695 696 197
492 696 1509
534 697 1695
697 698 1544
534 698 1108
643 699 803
699 700 1335
643 700 1536
655 701 1938
701 702 1333
655 702 1564
627 703 1285
703 704 1106
627 704 1823
514 705 961
705 706 967
514 706 1615
568 707 1896
707 708 568
568 708 761
495 709 1144
709 710 1703
495 710 463
678 711 552
711 712 1204
678 712 702
485 713 1559
713 714 95
485 714 1426
480 715 1097
715 716 1688
480 716 1230
508 717 160
717 718 1899
508 718 1824
708 719 78
719 720 1708
708 720 661
574 721 755
721 722 793
574 722 1344
692 723 653
723 724 152
692 724 740
668 725 586
725 726 988
668 726 750
609 727 1101
727 728 1341
609 728 990
568 729 327
729 730 1187
568 730 919
515 731 342
731 732 178
515 732 1171
663 733 1894
733 734 288
663 734 1068
606 735 1038
735 736 67
606 736 1861
586 737 1086
737 738 1242
586 738 1482
643 739 74
739 740 779
643 740 1051
673 741 504
741 742 1043
673 742 1122
560 743 748
743 744 1572
560 744 1517
668 745 1476
745 746 1290
668 746 1762
623 747 439
747 748 350
623 748 1697
707 749 921
749 750 1468
707 750 265
700 751 1109
751 752 521
700 752 765
561 753 1443
753 754 508
561 754 121
740 755 254
755 756 420
740 756 658
546 757 805
757 758 1452
546 758 712
650 759 1015
759 760 86
650 760 514
649 761 951
761 762 390
649 762 33
721 763 1241
763 764 266
721 764 1632
740 765 1262
765 766 1059
740 766 845
531 767 276
767 768 659
531 768 1173
713 769 270
769 770 772
713 770 207
601 771 1738
771 772 837
601 772 1248
529 773 1746
773 774 1494
529 774 1579
603 775 1265
775 776 1595
603 776 1682
728 777 676
777 778 1999
728 778 1205
626 779 358
779 780 1390
626 780 1395
746 781 1706
781 782 45
746 782 1958
730 783 409
783 784 1094
730 784 1788
659 785 1148
785 786 1381
659 786 1208
536 787 90
787 788 1367
536 788 1293
595 789 1330
789 790 1931
595 790 85
726 791 403
791 792 1578
726 792 230
617 793 166
793 794 475
617 794 1090
756 795 319
795 796 1674
756 796 715
559 797 1608
797 798 1731
559 798 137
726 799 1531
799 800 1629
726 800 1557
579 801 132
801 802 773
579 802 1606
743 803 1000
803 804 470
743 804 897
709 805 377
805 806 1063
709 806 1163
658 807 237
807 808 1634
658 808 1175
799 809 162
809 810 843
799 810 1423
775 811 744
811 812 1777
775 812 1566
563 813 1317
813 814 652
563 814 1696
789 815 1498
815 816 1399
789 816 1546
598 817 628
817 818 758
598 818 1661
684 819 924
819 820 1882
684 820 1752
807 821 27
821 822 419
807 822 1236
801 823 1070
823 824 123
801 824 296
752 825 912
825 826 311
752 826 1982
794 827 1229
827 828 284
794 828 1793
689 829 904
829 830 1414
689 830 1140
647 831 1102
831 832 522
647 832 788
673 833 1736
833 834 902
673 834 1505
834 835 1154
835 836 1803
834 836 1659
745 837 1729
837 838 1369
745 838 48
641 839 926
839 840 421
641 840 686
716 841 557
841 842 467
716 842 1967
636 843 240
843 844 182
636 844 1143
797 845 218
845 846 603
797 846 1158
601 847 498
847 848 164
601 848 25
602 849 1663
849 850 774
602 850 6
812 851 867
851 852 1643
812 852 1419
771 853 231
853 854 396
771 854 1872
780 855 1631
855 856 1742
780 856 1743
856 857 936
857 858 1657
856 858 1490
621 859 865
859 860 1050
621 860 685
710 861 992
861 862 1392
710 862 1892
822 863 1114
863 864 1305
822 864 655
695 865 1178
865 866 473
695 866 502
635 867 1377
867 868 73
635 868 1359
731 869 984
869 870 745
731 870 189
654 871 1813
871 872 1454
654 872 909
767 873 1291
873 874 320
767 874 1331
632 875 1748
875 876 312
632 876 737
656 877 621
877 878 1382
656 878 1653
616 879 515
879 880 723
616 880 20
658 881 1215
881 882 719
658 882 1926
876 883 69
883 884 1441
876 884 885
692 885 1418
885 886 939
692 886 1011
595 887 410
887 888 637
595 888 666
610 889 806
889 890 1179
610 890 1307
802 891 1656
891 892 1048
802 892 1666
881 893 1045
893 894 1449
881 894 1724
849 895 91
895 896 614
849 896 100
653 897 1087
897 898 19
653 898 841
842 899 1079
899 900 1646
842 900 964
888 901 597
901 902 1915
888 902 946
780 903 608
903 904 729
780 904 40
779 905 39
905 906 570
779 906 1543
655 907 1986
907 908 857
655 908 741
609 909 1298
909 910 1022
609 910 1686
731 911 1410
911 912 650
731 912 716
726 913 1621
913 914 1501
726 914 1177
865 915 1930
915 916 1252
865 916 811
771 917 1391
917 918 52
771 918 1710
754 919 728
919 920 376
754 920 331
730 921 1296
921 922 10
730 922 583
620 923 1814
923 924 1174
620 924 1312
871 925 1953
925 926 1403
871 926 965
800 927 593
927 928 333
800 928 903
880 929 1799
929 930 1165
880 930 1371
796 931 1288
931 932 832
796 932 1910
669 933 1166
933 934 1576
669 934 808
663 935 1648
935 936 1219
663 936 1866
782 937 1889
937 938 59
782 938 1384
920 939 353
939 940 1565
920 940 888
844 941 701
941 942 799
844 942 675
745 943 1362
943 944 369
745 944 1954
819 945 1475
945 946 1240
819 946 1701
827 947 97
947 948 215
827 948 1323
708 949 1274
949 950 1617
708 950 526
753 951 589
951 952 1211
753 952 149
783 953 913
953 954 1067
783 954 576
740 955 922
955 956 1900
740 956 363
885 957 465
957 958 1827
885 958 830
823 959 503
959 960 372
823 960 425
786 961 128
961 962 1956
786 962 1535
839 963 596
963 964 1321
839 964 1020
957 965 1125
965 966 1754
957 966 42
712 967 1832
967 968 751
712 968 1671
708 969 1336
969 970 195
708 970 104
853 971 1132
971 972 252
853 972 1303
831 973 1733
973 974 644
831 974 1721
907 975 959
975 976 518
907 976 1528
893 977 345
977 978 47
893 978 1650
771 979 23
979 980 1846
771 980 349
846 981 1521
981 982 1120
846 982 408
979 983 1471
983 984 1470
979 984 1540
841 985 216
985 986 443
841 986 1413
880 987 1113
987 988 802
880 988 906
802 989 801
989 990 214
802 990 943
845 991 1103
991 992 604
845 992 274
868 993 1715
993 994 340
868 994 485
808 995 478
995 996 1515
808 996 1283
719 997 1988
997 998 1863
719 998 619
912 999 1156
999 1000 1753
912 1000 1979
817 1001 300
1001 1002 1218
817 1002 542
731 1003 1796
1003 1004 1366
731 1004 798
899 1005 351
1005 1006 1702
899 1006 1247
750 1007 411
1007 1008 747
750 1008 1681
850 1009 1040
1009 1010 1933
850 1010 918
799 1011 1998
1011 1012 116
799 1012 827
771 1013 1489
1013 1014 1008
771 1014 1112
851 1015 1847
1015 1016 709
851 1016 682
934 1017 1467
1017 1018 1583
934 1018 1815
797 1019 699
1019 1020 1558
797 1020 484
738 1021 64
1021 1022 1460
738 1022 998
879 1023 1641
1023 1024 1194
879 1024 154
883 1025 591
1025 1026 54
883 1026 1439
923 1027 1046
1027 1028 1908
923 1028 487
949 1029 1569
1029 1030 1472
949 1030 346
924 1031 875
1031 1032 1355
924 1032 1042
979 1033 177
1033 1034 1220
979 1034 763
1007 1035 241
1035 1036 1018
1007 1036 638
804 1037 1775
1037 1038 1850
804 1038 459
898 1039 901
1039 1040 140
898 1040 862
952 1041 1196
1041 1042 1525
952 1042 1065
855 1043 563
1043 1044 147
855 1044 1854
947 1045 1893
1045 1046 1049
947 1046 1405
818 1047 1214
1047 1048 1636
818 1048 282
861 1049 1539
1049 1050 62
861 1050 1880
967 1051 1111
1051 1052 428
967 1052 1649
703 1053 536
1053 1054 1396
703 1054 337
751 1055 1183
1055 1056 1157
751 1056 1664
947 1057 911
1057 1058 1758
947 1058 1522
869 1059 530
1059 1060 1598
869 1060 622
909 1061 1607
1061 1062 764
909 1062 170
826 1063 1977
1063 1064 448
826 1064 452
931 1065 1765
1065 1066 208
931 1066 1159
736 1067 752
1067 1068 203
736 1068 1585
1008 1069 135
1069 1070 660
1008 1070 869
735 1071 435
1071 1072 555
735 1072 455
924 1073 1858
1073 1074 1199
924 1074 1587
765 1075 1191
1075 1076 321
765 1076 1730
853 1077 618
1077 1078 1974
853 1078 108
822 1079 1980
1079 1080 1055
822 1080 379
889 1081 1420
1081 1082 804
889 1082 221
814 1083 105
1083 1084 1365
814 1084 844
781 1085 387
1085 1086 734
781 1086 1779
818 1087 28
1087 1088 935
818 1088 1798
1084 1089 1195
1089 1090 893
1084 1090 1278
914 1091 1142
1091 1092 915
914 1092 1207
744 1093 1717
1093 1094 1567
744 1094 721
850 1095 1647
1095 1096 588
850 1096 980
754 1097 1530
1097 1098 1675
754 1098 1273
738 1099 437
1099 1100 1031
738 1100 1345
930 1101 1638
1101 1102 1398
930 1102 1574
1009 1103 1463
1103 1104 1950
1009 1104 707
740 1105 1313
1105 1106 243
740 1106 1801
805 1107 1332
1107 1108 1282
805 1108 46
799 1109 1250
1109 1110 1016
799 1110 1223
1051 1111 920
1111 1112 1269
1051 1112 1580
1053 1113 768
1113 1114 1334
1053 1114 1670
846 1115 192
1115 1116 876
846 1116 1667
787 1117 1448
1117 1118 286
787 1118 995
985 1119 1189
1119 1120 1642
985 1120 82
849 1121 874
1121 1122 41
849 1122 43
750 1123 979
1123 1124 1508
750 1124 1160
1017 1125 689
1125 1126 1740
1017 1126 382
1070 1127 1361
1127 1128 51
1070 1128 1069
966 1129 917
1129 1130 17
966 1130 1786
789 1131 482
1131 1132 175
789 1132 654
1030 1133 1041
1133 1134 1217
1030 1134 1118
848 1135 354
1135 1136 313
848 1136 486
878 1137 1415
1137 1138 1504
878 1138 1060
876 1139 905
1139 1140 651
876 1140 1167
974 1141 681
1141 1142 1075
974 1142 133
958 1143 1373
1143 1144 1831
958 1144 571
1007 1145 165
1145 1146 1739
1007 1146 1485
766 1147 1773
1147 1148 1635
766 1148 977
990 1149 417
1149 1150 572
990 1150 1457
875 1151 156
1151 1152 932
875 1152 1337
965 1153 446
1153 1154 458
965 1154 187
792 1155 280
1155 1156 1251
792 1156 1610
1087 1157 1192
1157 1158 447
1087 1158 1455
911 1159 938
1159 1160 739
911 1160 1245
789 1161 972
1161 1162 1152
789 1162 1714
1074 1163 1684
1163 1164 1991
1074 1164 1279
955 1165 1280
1165 1166 1820
955 1166 633
1139 1167 1155
1167 1168 1997
1139 1168 1308
968 1169 1791
1169 1170 359
968 1170 1006
954 1171 1226
1171 1172 1495
954 1172 1444
1129 1173 820
1173 1174 1905
1129 1174 853
1016 1175 1582
1175 1176 211
1016 1176 1809
1114 1177 607
1177 1178 1115
1114 1178 198
855 1179 158
1179 1180 1593
855 1180 778
1093 1181 131
1181 1182 1838
1093 1182 1783
1054 1183 1995
1183 1184 537
1054 1184 736
838 1185 1716
1185 1186 232
838 1186 1551
920 1187 212
1187 1188 1213
920 1188 886
846 1189 1625
1189 1190 126
846 1190 65
1160 1191 1919
1191 1192 1769
1160 1192 304
848 1193 863
1193 1194 1691
848 1194 1873
937 1195 1172
1195 1196 493
937 1196 693
811 1197 1749
1197 1198 8
811 1198 1238
1154 1199 255
1199 1200 56
1154 1200 1500
874 1201 273
1201 1202 1628
874 1202 1389
1120 1203 976
1203 1204 1655
1120 1204 513
1199 1205 1249
1205 1206 271
1199 1206 209
1143 1207 1961
1207 1208 579
1143 1208 1901
876 1209 1760
1209 1210 695
876 1210 858
1002 1211 937
1211 1212 1302
1002 1212 1380
916 1213 1523
1213 1214 821
916 1214 738
1104 1215 258
1215 1216 436
1104 1216 1744
1149 1217 303
1217 1218 595
1149 1218 1052
977 1219 1073
1219 1220 991
977 1220 703
918 1221 1432
1221 1222 106
918 1222 451
1031 1223 786
1223 1224 1711
1031 1224 1446
1078 1225 57
1225 1226 1944
1078 1226 415
1075 1227 762
1227 1228 278
1075 1228 1768
881 1229 398
1229 1230 201
881 1230 373
1108 1231 397
1231 1232 678
1108 1232 196
877 1233 1027
1233 1234 1465
877 1234 1518
1178 1235 183
1235 1236 1019
1178 1236 1552
1069 1237 1897
1237 1238 968
1069 1238 1935
890 1239 1562
1239 1240 427
890 1240 632
1088 1241 725
1241 1242 1605
1088 1242 29
1059 1243 1903
1243 1244 1100
1059 1244 1007
1071 1245 1492
1245 1246 842
1071 1246 248
923 1247 1400
1247 1248 317
923 1248 997
1066 1249 190
2 1249 930
2 1066 864
1115 1250 1277
1250 1251 1787
1115 1251 457
1009 1252 573
1252 1253 690
1009 1253 735
903 1254 269
1254 1255 631
903 1255 1571
1052 1256 635
1256 1257 1225
1052 1257 900
970 1258 150
1258 1259 1026
970 1259 1987
1035 1260 1035
1260 1261 883
1035 1261 1401
883 1262 1941
1262 1263 934
883 1263 1289
1133 1264 1563
1264 1265 1095
1133 1265 401
1104 1266 1056
1266 1267 1851
1104 1267 114
1018 1268 1072
1268 1269 1429
1018 1269 1808
1266 1270 880
1270 1271 1860
1266 1271 236
1269 1272 1756
1272 1273 374
1269 1273 780
970 1274 1537
1274 1275 947
970 1275 1394
1084 1276 445
1276 1277 220
1084 1277 1936
981 1278 1946
1278 1279 1348
981 1279 161
1034 1280 1996
1280 1281 561
1034 1281 1782
1102 1282 546
1282 1283 68
1102 1283 746
1253 1284 620
1284 1285 301
1253 1285 929
1069 1286 1319
1286 1287 60
1069 1287 564
872 1288 931
1288 1289 1368
872 1289 1180
1090 1290 819
1290 1291 1510
1090 1291 852
1233 1292 1853
1292 1293 1913
1233 1293 753
867 1294 1047
1294 1295 781
867 1295 1952
1148 1296 1890
1296 1297 580
1148 1297 623
1074 1298 1834
1298 1299 916
1074 1299 1914
1258 1300 228
1300 1301 324
1258 1301 999
1265 1302 1651
1302 1303 524
1265 1303 1940
1099 1304 1383
1304 1305 1412
1099 1305 364
986 1306 1438
1306 1307 440
986 1307 1169
1093 1308 1992
1308 1309 407
1093 1309 1806
998 1310 259
1310 1311 551
998 1311 849
1005 1312 726
1312 1313 293
1005 1313 1259
1122 1314 640
1314 1315 205
1122 1315 125
1122 1316 222
1316 1317 582
1122 1317 322
952 1318 1612
1318 1319 173
952 1319 134
998 1320 1590
1320 1321 168
998 1321 1496
1108 1322 1614
1322 1323 66
1108 1323 1235
1029 1324 907
1324 1325 789
1029 1325 343
1070 1326 1356
1326 1327 1886
1070 1327 1491
1221 1328 430
1328 1329 732
1221 1329 1741
1136 1330 1959
1330 1331 881
1136 1331 431
1196 1332 1770
1332 1333 1917
1196 1333 1747
967 1334 1512
1334 1335 1162
967 1335 790
