2000 2000
1 4 1814
1 5 349
5 6 1891
6 7 604
7 8 942
8 9 1705
9 10 420
10 11 1272
11 12 635
11 13 972
13 14 1624
14 15 781
15 16 1356
16 17 740
11 18 1532
7 19 448
19 20 922
20 21 837
13 22 149
22 23 449
23 24 365
24 25 360
25 26 556
20 27 1572
27 28 1475
11 29 1262
29 30 127
1 31 389
31 32 269
25 33 499
24 34 637
34 35 616
35 36 1632
24 37 475
37 38 730
38 39 1254
15 40 550
17 41 576
41 42 329
37 43 1358
43 44 768
44 45 1346
45 46 807
46 47 901
9 48 248
48 49 1006
49 50 943
50 51 748
51 52 1697
16 53 148
41 54 1413
54 55 266
55 56 1551
56 57 1427
57 58 1066
58 59 1625
59 60 1438
60 61 267
5 62 570
62 63 1727
63 64 1417
64 65 1018
65 66 1852
66 67 1978
7 68 1041
53 69 868
38 70 1857
70 71 1568
71 72 1029
72 73 1384
73 74 521
56 75 1495
75 76 660
76 77 986
77 78 1017
48 79 1949
79 80 1958
80 81 1107
81 82 1602
82 83 587
34 84 1875
84 85 92
85 86 308
86 87 268
87 88 238
88 89 252
89 90 1942
90 91 226
91 92 1611
31 93 1970
93 94 1070
94 95 82
71 96 495
96 97 1337
97 98 1359
98 99 125
99 100 208
18 101 898
101 102 711
102 103 1937
7 104 1951
104 105 1202
105 106 1001
94 107 1175
107 108 1016
108 109 746
89 110 1189
110 111 1945
111 112 464
112 113 548
113 114 1451
114 115 1826
115 116 1048
116 117 685
117 118 907
118 119 378
119 120 745
120 121 1036
28 122 771
122 123 1105
63 124 605
120 125 1872
125 126 958
126 127 1250
127 128 96
128 129 1655
129 130 27
130 131 336
131 132 204
132 133 1524
133 134 1684
47 135 1818
135 136 1549
136 137 1188
133 138 682
94 139 964
139 140 1407
140 141 826
141 142 1244
142 143 335
143 144 950
144 145 579
145 146 1811
146 147 1867
147 148 722
148 149 1198
149 150 1238
150 151 50
151 152 19
3 152 1610
36 153 562
153 154 1934
154 155 1503
155 156 171
156 157 1763
157 158 968
158 159 1926
159 160 875
160 161 468
161 162 1439
162 163 518
148 164 531
11 165 1195
165 166 676
166 167 430
167 168 1215
168 169 1829
169 170 1380
170 171 452
171 172 366
172 173 154
173 174 867
174 175 865
175 176 1639
176 177 1797
129 178 654
178 179 1775
15 180 1306
109 181 1646
181 182 733
164 183 1256
36 184 1794
105 185 1281
109 186 1122
186 187 353
187 188 1176
188 189 380
189 190 1777
138 191 1834
191 192 1389
192 193 1416
193 194 471
194 195 1292
195 196 1173
196 197 1799
197 198 1954
198 199 1124
162 200 1812
200 201 1375
201 202 1693
202 203 1263
203 204 567
37 205 315
205 206 129
167 207 1376
207 208 814
74 209 1896
13 210 97
210 211 1589
211 212 1242
212 213 1093
148 214 343
13 215 937
181 216 1304
216 217 406
217 218 1434
218 219 886
219 220 1386
220 221 1142
48 222 1141
222 223 1588
223 224 1939
224 225 568
225 226 1722
226 227 496
227 228 88
228 229 1161
229 230 1005
230 231 1209
231 232 1144
232 233 930
77 234 1461
234 235 299
36 236 779
236 237 612
237 238 735
238 239 528
239 240 85
240 241 274
241 242 913
242 243 280
243 244 1320
244 245 1928
245 246 1019
246 247 1816
124 248 1421
248 249 1428
249 250 45
34 251 1063
251 252 1298
252 253 1341
253 254 86
254 255 1500
255 256 1351
237 257 1398
257 258 753
258 259 301
47 260 1365
260 261 1127
261 262 1452
262 263 1971
263 264 636
264 265 1382
265 266 766
266 267 648
267 268 52
268 269 58
269 270 84
270 271 29
271 272 1044
272 273 1232
273 274 1265
274 275 446
275 276 239
276 277 1025
277 278 1874
278 279 1671
279 280 1866
280 281 866
281 282 241
282 283 863
283 284 351
284 285 1288
285 286 1026
286 287 1909
287 288 1147
288 289 1229
289 290 1988
290 291 1863
291 292 1754
292 293 383
293 294 1840
294 295 615
295 296 426
296 297 1562
297 298 1796
298 299 695
299 300 1630
300 301 233
301 302 1277
302 303 257
303 304 1938
304 305 1074
305 306 1000
306 307 1640
307 308 564
308 309 1293
309 310 83
310 311 1412
311 312 1694
312 313 1431
313 314 339
314 315 1778
315 316 1685
316 317 203
317 318 1773
318 319 338
319 320 811
320 321 1552
321 322 1726
322 323 772
323 324 1661
324 325 1134
325 326 1146
326 327 1487
327 328 1106
328 329 1108
329 330 1686
330 331 39
331 332 1766
332 333 1013
333 334 1071
334 335 625
335 336 1435
336 337 140
337 338 128
338 339 1474
339 340 317
340 341 312
341 342 1607
342 343 582
343 344 1592
344 345 212
345 346 1743
346 347 1825
347 348 1401
348 349 1587
349 350 720
350 351 2
351 352 952
352 353 282
353 354 1165
354 355 185
355 356 1486
356 357 1667
357 358 1307
358 359 1913
359 360 885
360 361 1643
361 362 22
362 363 623
363 364 487
364 365 1046
365 366 1237
366 367 21
367 368 170
368 369 1703
369 370 754
370 371 1613
371 372 1899
372 373 542
373 374 888
374 375 1518
375 376 1488
376 377 1992
377 378 659
378 379 670
379 380 116
380 381 895
381 382 187
382 383 1906
383 384 1810
384 385 291
385 386 1581
386 387 413
387 388 1513
388 389 501
389 390 1609
390 391 28
391 392 1657
392 393 933
393 394 590
394 395 634
395 396 884
396 397 1650
397 398 1916
398 399 923
399 400 1228
400 401 714
401 402 710
402 403 1887
403 404 1220
404 405 1286
405 406 809
406 407 650
407 408 215
408 409 1050
409 410 1091
410 411 834
411 412 1082
412 413 1677
413 414 549
414 415 385
415 416 1387
416 417 815
417 418 694
418 419 1886
419 420 762
420 421 900
421 422 7
422 423 1952
423 424 935
424 425 1546
425 426 1941
426 427 1313
427 428 294
428 429 742
429 430 1651
430 431 1529
431 432 165
432 433 1089
433 434 899
434 435 1965
435 436 458
436 437 1457
437 438 1445
438 439 1786
439 440 848
440 441 1806
441 442 1440
442 443 1324
443 444 1273
444 445 1634
445 446 1979
446 447 971
447 448 273
448 449 1648
449 450 16
450 451 20
451 452 663
452 453 755
453 454 169
454 455 1143
455 456 578
456 457 877
457 458 1672
458 459 647
459 460 434
460 461 1225
461 462 1961
462 463 1905
463 464 1564
464 465 1577
465 466 109
466 467 1751
467 468 976
468 469 1051
469 470 159
470 471 1067
471 472 846
472 473 192
473 474 474
474 475 750
475 476 472
476 477 34
477 478 1020
478 479 1239
479 480 1251
480 481 1744
481 482 1297
482 483 1880
483 484 1603
484 485 1975
485 486 1357
486 487 1862
487 488 871
488 489 362
489 490 1284
490 491 656
491 492 588
492 493 953
493 494 1730
494 495 998
495 496 1424
496 497 93
497 498 225
498 499 1271
499 500 1042
500 501 30
501 502 712
502 503 387
503 504 1675
504 505 1617
505 506 1453
506 507 1725
507 508 1140
508 509 1186
509 510 929
510 511 1739
511 512 1448
512 513 1877
513 514 1348
514 515 1283
515 516 1224
516 517 618
517 518 1123
518 519 1573
519 520 161
520 521 673
521 522 1064
522 523 71
523 524 1168
524 525 1543
525 526 996
526 527 1578
527 528 816
528 529 1791
529 530 237
530 531 1449
531 532 1849
532 533 162
533 534 799
534 535 1355
535 536 1027
536 537 1199
537 538 979
538 539 1690
539 540 1670
540 541 1807
541 542 1569
542 543 1094
543 544 371
544 545 1372
545 546 1191
546 547 691
547 548 1482
548 549 1181
549 550 110
550 551 412
551 552 37
552 553 1391
553 554 1069
554 555 1831
555 556 1370
556 557 1788
557 558 23
558 559 1838
559 560 1544
560 561 1996
561 562 1608
562 563 819
563 564 151
564 565 1216
565 566 306
566 567 999
567 568 1911
568 569 202
569 570 223
570 571 1923
571 572 59
572 573 827
573 574 1682
574 575 1787
575 576 1853
576 577 1103
577 578 38
578 579 978
579 580 454
580 581 142
581 582 1065
582 583 1378
583 584 341
584 585 724
585 586 1205
586 587 1767
587 588 1517
588 589 80
589 590 490
590 591 945
591 592 392
592 593 961
593 594 1765
594 595 1830
595 596 1097
596 597 1883
597 598 1644
598 599 1633
599 600 1402
600 601 906
601 602 1756
602 603 756
603 604 1528
604 605 1471
605 606 4
606 607 121
607 608 1497
608 609 1615
609 610 905
610 611 1752
611 612 1255
612 613 1305
613 614 235
614 615 1369
615 616 1711
616 617 293
617 618 32
618 619 1289
619 620 515
620 621 858
621 622 1039
622 623 1583
623 624 1586
624 625 361
625 626 1512
626 627 333
627 628 1837
628 629 1131
629 630 1724
630 631 1443
631 632 1062
632 633 1190
633 634 1430
634 635 1316
635 636 393
636 637 9
637 638 262
638 639 31
639 640 1012
640 641 734
641 642 1059
642 643 690
643 644 1236
644 645 1119
645 646 1620
646 647 1930
647 648 1742
648 649 457
649 650 265
650 651 1425
651 652 405
652 653 795
653 654 1676
654 655 1731
655 656 176
656 657 891
657 658 489
658 659 904
659 660 1179
660 661 376
661 662 73
662 663 1819
663 664 1098
664 665 450
665 666 1291
666 667 1480
667 668 934
668 669 954
669 670 1580
670 671 1748
671 672 377
672 673 1848
673 674 1034
674 675 519
675 676 1196
676 677 1678
677 678 164
678 679 1882
679 680 919
680 681 1383
681 682 1353
682 683 1115
683 684 135
684 685 1702
685 686 1038
686 687 114
687 688 857
688 689 970
689 690 1414
690 691 1197
691 692 641
692 693 545
693 694 1333
694 695 941
695 696 416
696 697 297
697 698 1246
698 699 1446
699 700 1072
700 701 1206
701 702 938
702 703 1599
703 704 1836
704 705 1264
705 706 821
706 707 1854
707 708 977
708 709 1822
709 710 713
710 711 1075
711 712 400
712 713 99
713 714 500
714 715 708
715 716 399
716 717 1614
717 718 1563
718 719 1415
719 720 994
720 721 1403
721 722 348
722 723 1757
723 724 145
724 725 1660
725 726 583
726 727 1987
727 728 1519
728 729 1903
729 730 1715
730 731 1040
731 732 35
732 733 1618
733 734 737
734 735 180
735 736 639
736 737 236
737 738 1746
738 739 732
739 740 997
740 741 1218
741 742 14
742 743 1120
743 744 427
744 745 1279
745 746 1647
746 747 117
747 748 106
748 749 1641
749 750 48
750 751 1116
751 752 473
752 753 1556
753 754 1995
754 755 256
755 756 368
756 757 451
757 758 601
758 759 1296
759 760 820
760 761 1515
761 762 870
762 763 944
763 764 418
764 765 860
765 766 1847
766 767 984
767 768 264
768 769 928
769 770 41
770 771 1314
771 772 1584
772 773 119
773 774 321
774 775 1991
775 776 967
776 777 939
777 778 1537
778 779 1194
779 780 1781
780 781 234
781 782 1090
782 783 12
783 784 822
784 785 1035
785 786 1582
786 787 989
787 788 1659
788 789 836
789 790 1347
790 791 1963
791 792 1542
792 793 1085
793 794 940
794 795 1674
795 796 1638
796 797 651
797 798 1621
798 799 876
799 800 1808
800 801 532
801 802 838
802 803 1527
803 804 1721
804 805 911
805 806 1915
806 807 1009
807 808 1501
808 809 43
809 810 1145
810 811 404
811 812 1371
812 813 318
813 814 1455
814 815 1247
815 816 206
816 817 415
817 818 526
818 819 914
819 820 824
820 821 561
821 822 758
822 823 704
823 824 782
824 825 1207
825 826 818
826 827 1570
827 828 138
828 829 571
829 830 1922
830 831 1148
831 832 1764
832 833 1114
833 834 1155
834 835 1210
835 836 409
836 837 1096
837 838 787
838 839 18
839 840 800
840 841 1929
841 842 1770
842 843 956
843 844 1884
844 845 1921
845 846 1707
846 847 1832
847 848 470
848 849 1932
849 850 438
850 851 1136
851 852 1860
852 853 1585
853 854 1956
854 855 1331
855 856 1128
856 857 1406
857 858 1692
858 859 686
859 860 619
860 861 1458
861 862 763
862 863 1073
863 864 1352
864 865 281
865 866 1571
866 867 173
867 868 279
868 869 172
869 870 66
870 871 1696
871 872 760
872 873 486
873 874 1759
874 875 1160
875 876 1856
876 877 158
877 878 797
878 879 455
879 880 1377
880 881 1619
881 882 1805
882 883 1728
883 884 1121
884 885 915
885 886 394
886 887 358
887 888 217
888 889 1465
889 890 372
890 891 1476
891 892 1699
892 893 655
893 894 1328
894 895 1083
895 896 1470
896 897 379
897 898 1933
898 899 1171
899 900 98
900 901 432
901 902 419
902 903 44
903 904 1466
904 905 1363
905 906 657
906 907 608
907 908 599
908 909 115
909 910 1379
910 911 1804
911 912 1768
912 913 803
913 914 1948
914 915 240
915 916 817
916 917 883
917 918 1200
918 919 1919
919 920 1507
920 921 678
921 922 1432
922 923 1565
923 924 17
924 925 397
925 926 1362
926 927 1541
927 928 1680
928 929 1007
929 930 767
930 931 508
931 932 231
932 933 1758
933 934 1628
934 935 391
935 936 666
936 937 422
937 938 1158
938 939 213
939 940 700
940 941 775
941 942 792
942 943 693
943 944 5
944 945 47
945 946 761
946 947 589
947 948 1429
948 949 1268
949 950 1294
950 951 1622
951 952 141
952 953 1037
953 954 350
954 955 491
955 956 667
956 957 1253
957 958 841
958 959 1436
959 960 123
960 961 1596
961 962 1935
962 963 591
963 964 1828
964 965 1738
965 966 136
966 967 1594
967 968 1931
968 969 774
969 970 156
970 971 1698
971 972 687
972 973 445
973 974 10
974 975 1456
975 976 1399
976 977 1433
977 978 466
978 979 706
979 980 577
980 981 536
981 982 1045
982 983 1663
983 984 1741
984 985 1290
985 986 765
986 987 1014
987 988 74
988 989 1154
989 990 1732
990 991 785
991 992 1576
992 993 1631
993 994 1701
994 995 1183
995 996 718
996 997 1159
997 998 524
998 999 738
999 1000 493
1000 1001 565
1001 1002 304
1002 1003 103
1003 1004 1423
1004 1005 1827
1005 1006 1835
1006 1007 228
1007 1008 46
1008 1009 927
1009 1010 1986
1010 1011 805
1011 1012 1336
1012 1013 1762
1013 1014 638
1014 1015 331
1015 1016 985
1016 1017 1068
1017 1018 105
1018 1019 75
1019 1020 62
1020 1021 244
1021 1022 476
1022 1023 1708
1023 1024 1301
1024 1025 1554
1025 1026 1111
1026 1027 275
1027 1028 284
1028 1029 534
1029 1030 1924
1030 1031 69
1031 1032 1907
1032 1033 1917
1033 1034 1326
1034 1035 1129
1035 1036 672
1036 1037 783
1037 1038 118
1038 1039 951
1039 1040 684
1040 1041 620
1041 1042 729
1042 1043 65
1043 1044 498
1044 1045 1479
1045 1046 270
1046 1047 980
1047 1048 363
1048 1049 1774
1049 1050 113
1050 1051 1547
1051 1052 407
1052 1053 467
1053 1054 1514
1054 1055 1654
1055 1056 1137
1056 1057 1460
1057 1058 1859
1058 1059 1354
1059 1060 1780
1060 1061 640
1061 1062 1342
1062 1063 1649
1063 1064 630
1064 1065 249
1065 1066 520
1066 1067 580
1067 1068 55
1068 1069 469
1069 1070 1015
1070 1071 552
1071 1072 91
1072 1073 332
1073 1074 698
1074 1075 861
1075 1076 303
1076 1077 709
1077 1078 1953
1078 1079 1850
1079 1080 1192
1080 1081 1673
1081 1082 1182
1082 1083 1985
1083 1084 410
1084 1085 893
1085 1086 1771
1086 1087 791
1087 1088 1846
1088 1089 1520
1089 1090 1319
1090 1091 431
1091 1092 780
1092 1093 408
1093 1094 1710
1094 1095 211
1095 1096 541
1096 1097 1946
1097 1098 835
1098 1099 594
1099 1100 662
1100 1101 1539
1101 1102 1994
1102 1103 1310
1103 1104 1865
1104 1105 575
1105 1106 1936
1106 1107 120
1107 1108 326
1108 1109 78
1109 1110 327
1110 1111 1845
1111 1112 1642
1112 1113 1024
1113 1114 1977
1114 1115 1419
1115 1116 831
1116 1117 681
1117 1118 749
1118 1119 1248
1119 1120 1187
1120 1121 643
1121 1122 741
1122 1123 882
1123 1124 184
1124 1125 516
1125 1126 197
1126 1127 1330
1127 1128 1340
1128 1129 259
1129 1130 854
1130 1131 1033
1131 1132 1203
1132 1133 627
1133 1134 1871
1134 1135 1303
2 1135 323
2 1136 1275
1136 1137 849
1137 1138 1054
1138 1139 1339
1139 1140 1325
1140 1141 506
1141 1142 220
1142 1143 219
1143 1144 453
1144 1145 230
1145 1146 808
1146 1147 324
1147 1148 286
1148 1149 829
1149 1150 1820
1150 1151 1521
1151 1152 1409
1152 1153 1645
1153 1154 1280
1154 1155 987
1155 1156 832
1156 1157 1481
1157 1158 1717
1158 1159 936
1159 1160 995
1160 1161 873
1161 1162 227
1162 1163 1442
1163 1164 1719
1164 1165 1575
1165 1166 352
1166 1167 1366
1167 1168 1779
1168 1169 522
1169 1170 1898
1170 1171 1318
1171 1172 897
1172 1173 1967
1173 1174 194
1174 1175 1809
1175 1176 104
1176 1177 186
1177 1178 1536
1178 1179 1813
1179 1180 658
1180 1181 1984
1181 1182 547
1182 1183 1080
1183 1184 993
1184 1185 1957
1185 1186 1950
1186 1187 507
1187 1188 1118
1188 1189 134
1189 1190 107
1190 1191 631
1191 1192 544
1192 1193 1078
1193 1194 1817
1194 1195 777
1195 1196 163
1196 1197 674
1197 1198 689
1198 1199 146
1199 1200 535
1200 1201 916
1201 1202 1245
1202 1203 102
1203 1204 1130
1204 1205 1557
1205 1206 584
1206 1207 699
1207 1208 823
1208 1209 1666
1209 1210 229
1210 1211 833
1211 1212 1704
1212 1213 1548
1213 1214 1227
1214 1215 1993
1215 1216 166
1216 1217 563
1217 1218 1545
1218 1219 739
1219 1220 1540
1220 1221 402
1221 1222 1664
1222 1223 1964
1223 1224 1334
1224 1225 514
1225 1226 459
1226 1227 1878
1227 1228 1213
1228 1229 398
1229 1230 287
1230 1231 1553
1231 1232 1691
1232 1233 271
1233 1234 1469
1234 1235 1598
1235 1236 1606
1236 1237 642
1237 1238 364
1238 1239 147
1239 1240 477
1240 1241 1498
1241 1242 1410
1242 1243 210
1243 1244 1491
1244 1245 139
1245 1246 1201
1246 1247 696
1247 1248 813
1248 1249 1117
1249 1250 1908
1250 1251 124
1251 1252 478
1252 1253 1714
1253 1254 955
1254 1255 36
1255 1256 610
1256 1257 181
1257 1258 1735
1258 1259 1723
1259 1260 1295
1260 1261 1925
1261 1262 1981
1262 1263 26
1263 1264 201
1264 1265 703
1265 1266 272
1266 1267 1408
1267 1268 1496
1268 1269 947
1269 1270 1683
1270 1271 1566
1271 1272 497
1272 1273 8
1273 1274 442
1274 1275 1462
1275 1276 1135
1276 1277 1976
1277 1278 300
1278 1279 1688
1279 1280 743
1280 1281 1153
1281 1282 183
1282 1283 1411
1283 1284 513
1284 1285 488
1285 1286 1597
1286 1287 403
1287 1288 1561
1288 1289 283
1289 1290 617
1290 1291 983
1291 1292 664
1292 1293 193
1293 1294 307
1294 1295 948
1295 1296 1259
1296 1297 757
1297 1298 480
1298 1299 250
1299 1300 1749
1300 1301 1522
1301 1302 1022
1302 1303 1843
1303 1304 1133
1304 1305 214
1305 1306 611
1306 1307 178
1307 1308 356
1308 1309 1393
1309 1310 1335
1310 1311 1101
1311 1312 1502
1312 1313 1516
1313 1314 425
1314 1315 769
1315 1316 1345
1316 1317 633
1317 1318 1833
1318 1319 1170
1319 1320 1088
1320 1321 242
1321 1322 1839
1322 1323 1368
1323 1324 1736
1324 1325 441
1325 1326 1139
1326 1327 1032
1327 1328 1815
1328 1329 892
1329 1330 1902
1330 1331 1125
1331 1332 853
1332 1333 1753
1333 1334 692
1334 1335 1223
1335 1336 1309
1336 1337 1010
1337 1338 94
1338 1339 1718
1339 1340 1138
1340 1341 1126
1341 1342 251
1342 1343 1060
1343 1344 1483
1344 1345 1901
1345 1346 1315
1346 1347 42
1347 1348 788
1348 1349 512
1349 1350 1904
1350 1351 1803
1351 1352 254
1352 1353 862
1353 1354 680
1354 1355 1057
1355 1356 533
1356 1357 13
1357 1358 484
1358 1359 40
1359 1360 95
1360 1361 1420
1361 1362 1422
1362 1363 924
1363 1364 903
1364 1365 1795
1365 1366 258
1366 1367 1166
1367 1368 1484
1368 1369 1322
1369 1370 613
1370 1371 554
1371 1372 810
1372 1373 543
1373 1374 1792
1374 1375 1560
1375 1376 199
1376 1377 205
1377 1378 878
1378 1379 581
1379 1380 908
1380 1381 168
1381 1382 1910
1382 1383 263
1383 1384 679
1384 1385 70
1385 1386 1535
1386 1387 218
1387 1388 414
1388 1389 1890
1389 1390 190
1390 1391 1627
1391 1392 551
1392 1393 1879
1393 1394 1308
1394 1395 1626
1395 1396 1800
1396 1397 1531
1397 1398 1652
1398 1399 255
1399 1400 974
1400 1401 1534
1401 1402 346
1402 1403 598
1403 1404 719
1404 1405 1888
1405 1406 1870
1406 1407 855
1407 1408 137
1408 1409 1266
1409 1410 1151
1410 1411 1241
1411 1412 1282
1412 1413 309
1413 1414 51
1414 1415 688
1415 1416 717
1416 1417 191
1417 1418 61
1418 1419 1510
1419 1420 1113
1420 1421 1360
1421 1422 246
1422 1423 1361
1423 1424 1002
1424 1425 494
1425 1426 649
1426 1427 1968
1427 1428 54
1428 1429 247
1429 1430 946
1430 1431 632
1431 1432 311
1432 1433 920
1433 1434 975
1434 1435 216
1435 1436 334
1436 1437 957
1437 1438 1989
1438 1439 57
1439 1440 160
1440 1441 440
1441 1442 1972
1442 1443 1162
1443 1444 629
1444 1445 1493
1445 1446 436
1446 1447 697
1447 1448 1653
1448 1449 510
1449 1450 529
1450 1451 1980
1451 1452 111
1452 1453 260
1453 1454 504
1454 1455 1538
1455 1456 812
1456 1457 973
1457 1458 435
1458 1459 859
1459 1460 1505
1460 1461 1055
1461 1462 232
1462 1463 1274
1463 1464 1665
1464 1465 1864
1465 1466 887
1466 1467 902
1467 1468 1526
1468 1469 1734
1469 1470 1233
1470 1471 894
1471 1472 603
1472 1473 1776
1473 1474 1750
1474 1475 337
1475 1476 25
1476 1477 889
1477 1478 1737
1478 1479 1912
1479 1480 1043
1480 1481 665
1481 1482 1156
1482 1483 546
1483 1484 1343
1484 1485 1367
1485 1486 1824
1486 1487 354
1487 1488 325
1488 1489 374
1489 1490 1761
1490 1491 1706
1491 1492 1243
1492 1493 1689
1493 1494 1444
1494 1495 1700
1495 1496 72
1496 1497 1267
1497 1498 606
1498 1499 1240
1499 1500 1713
1500 1501 253
1501 1502 806
1502 1503 1311
1503 1504 153
1504 1505 1914
1505 1506 1459
1506 1507 1982
1507 1508 918
1508 1509 1821
1509 1510 1873
1510 1511 1418
1511 1512 1944
1512 1513 624
1513 1514 386
1514 1515 1052
1515 1516 759
1516 1517 1312
1517 1518 586
1518 1519 373
1519 1520 726
1520 1521 1087
1521 1522 1150
1522 1523 1300
1523 1524 1784
1524 1525 130
1525 1526 1858
1526 1527 1467
1527 1528 801
1528 1529 602
1529 1530 429
1530 1531 1842
1531 1532 1396
1532 1533 15
1533 1534 1669
1534 1535 1400
1535 1536 1385
1536 1537 1177
1537 1538 776
1538 1539 1454
1539 1540 1099
1540 1541 1219
1541 1542 925
1542 1543 790
1543 1544 523
1544 1545 558
1545 1546 1217
1546 1547 423
1547 1548 1049
1548 1549 1212
1549 1550 133
1550 1551 1881
1551 1552 53
1552 1553 319
1553 1554 1230
1554 1555 1023
1555 1556 1729
1556 1557 751
1557 1558 1204
1558 1559 1897
1559 1560 1889
1560 1561 1374
1561 1562 1287
1562 1563 295
1563 1564 716
1564 1565 462
1565 1566 921
1566 1567 1270
1567 1568 1600
1568 1569 68
1569 1570 540
1570 1571 825
1571 1572 864
1572 1573 24
1573 1574 517
1574 1575 1755
1575 1576 1164
1576 1577 990
1577 1578 463
1578 1579 525
1579 1580 1695
1580 1581 668
1581 1582 384
1582 1583 784
1583 1584 621
1584 1585 770
1585 1586 851
1586 1587 622
1587 1588 347
1588 1589 221
1589 1590 209
1590 1591 1679
1591 1592 1593
1592 1593 342
1593 1594 1591
1594 1595 965
1595 1596 1733
1596 1597 959
1597 1598 1285
1598 1599 1234
1599 1600 701
1600 1601 1567
1601 1602 1855
1602 1603 79
1603 1604 482
1604 1605 1637
1605 1606 1823
1606 1607 1235
1607 1608 340
1608 1609 560
1609 1610 388
1610 1611 150
1611 1612 89
1612 1613 1783
1613 1614 369
1614 1615 715
1615 1616 607
1616 1617 1785
1617 1618 503
1618 1619 731
1619 1620 879
1620 1621 644
1621 1622 796
1622 1623 949
1623 1624 1918
1624 1625 11
1625 1626 56
1626 1627 1394
1627 1628 1390
1628 1629 932
1629 1630 1709
1630 1631 298
1631 1632 991
1632 1633 33
1633 1634 597
1634 1635 443
1635 1636 1772
1636 1637 1893
1637 1638 1604
1638 1639 794
1639 1640 174
1640 1641 305
1641 1642 747
1642 1643 1110
1643 1644 359
1644 1645 596
1645 1646 1152
1646 1647 179
1647 1648 744
1648 1649 447
1649 1650 1061
1650 1651 395
1651 1652 428
1652 1653 1397
1653 1654 1447
1654 1655 1053
1655 1656 126
1656 1657 1998
1657 1658 390
1658 1659 1790
1659 1660 786
1660 1661 723
1661 1662 322
1662 1663 1997
1663 1664 981
1664 1665 1221
1665 1666 1463
1666 1667 1208
1667 1668 355
1668 1669 1793
1669 1670 1533
1670 1671 538
1671 1672 277
1672 1673 456
1673 1674 1079
1674 1675 793
1675 1676 502
1676 1677 652
1677 1678 411
1678 1679 675
1679 1680 1590
1680 1681 926
1681 1682 1955
1682 1683 572
1683 1684 1269
1684 1685 131
1685 1686 314
1686 1687 328
1687 1688 1861
1688 1689 1278
1689 1690 1492
1690 1691 537
1691 1692 1231
1692 1693 856
1693 1694 200
1694 1695 310
1695 1696 1579
1696 1697 869
1697 1698 49
1698 1699 969
1699 1700 890
1700 1701 1494
1701 1702 992
1702 1703 683
1703 1704 367
1704 1705 1211
1705 1706 6
1706 1707 1490
1707 1708 844
1708 1709 1021
1709 1710 1629
1710 1711 1092
1711 1712 614
1712 1713 1885
1713 1714 1499
1714 1715 1252
1715 1716 728
1716 1717 1868
1717 1718 1157
1718 1719 1338
1719 1720 1163
1720 1721 1959
1721 1722 802
1722 1723 224
1723 1724 1258
1724 1725 628
1725 1726 505
1726 1727 320
1727 1728 60
1728 1729 881
1729 1730 1555
1730 1731 492
1731 1732 653
1732 1733 988
1733 1734 1595
1734 1735 1468
1735 1736 1257
1736 1737 1323
1737 1738 1477
1738 1739 963
1739 1740 509
1740 1741 1969
1741 1742 982
1742 1743 646
1743 1744 344
1744 1745 479
1745 1746 1999
1746 1747 736
1747 1748 1769
1748 1749 669
1749 1750 1299
1750 1751 1473
1751 1752 465
1752 1753 609
1753 1754 1332
1754 1755 290
1755 1756 1574
1756 1757 600
1757 1758 721
1758 1759 931
1759 1760 872
1760 1761 1966
1761 1762 1489
1762 1763 1011
1763 1764 155
1764 1765 830
1765 1766 592
1766 1767 330
1767 1768 585
1768 1769 910
1769 1770 1747
1770 1771 840
1771 1772 1084
1772 1773 1635
1773 1774 316
1774 1775 1047
1775 1776 177
1776 1777 1472
1777 1778 188
1778 1779 313
1779 1780 1167
1780 1781 1058
1781 1782 778
1782 1783 1983
1783 1784 1612
1784 1785 1523
1785 1786 1616
1786 1787 437
1787 1788 573
1788 1789 555
1789 1790 1892
1790 1791 1658
1791 1792 527
1792 1793 1373
1793 1794 1668
1794 1795 182
1795 1796 1364
1796 1797 296
1797 1798 175
1798 1799 2000
1799 1800 195
1800 1801 1395
1801 1802 1844
1802 1803 1876
1803 1804 1350
1804 1805 909
1805 1806 880
1806 1807 439
1807 1808 539
1808 1809 798
1809 1810 1174
1810 1811 382
1811 1812 143
1812 1813 198
1813 1814 1178
1814 1815 1
1815 1816 1327
1816 1817 245
1817 1818 1193
1818 1819 132
1819 1820 661
1820 1821 1149
1821 1822 1508
1822 1823 707
1823 1824 1605
1824 1825 1485
1825 1826 345
1826 1827 112
1827 1828 1003
1828 1829 962
1829 1830 167
1830 1831 593
1831 1832 553
1832 1833 845
1833 1834 1317
1834 1835 189
1835 1836 1004
1836 1837 702
1837 1838 626
1838 1839 557
1839 1840 1321
1840 1841 292
1841 1842 1895
1842 1843 1530
1843 1844 1302
1844 1845 1801
1845 1846 1109
1846 1847 1086
1847 1848 764
1848 1849 671
1849 1850 530
1850 1851 1077
1851 1852 1900
1852 1853 63
1853 1854 574
1854 1855 705
1855 1856 1601
1856 1857 874
1857 1858 67
1858 1859 1525
1859 1860 1056
1860 1861 850
1861 1862 1687
1862 1863 485
1863 1864 289
1864 1865 1464
1865 1866 1102
1866 1867 278
1867 1868 144
1868 1869 1716
1869 1870 1920
1870 1871 1405
1871 1872 1132
1872 1873 122
1873 1874 1509
1874 1875 276
1875 1876 81
1876 1877 1802
1877 1878 511
1878 1879 1226
1879 1880 1392
1880 1881 481
1881 1882 1550
1882 1883 677
1883 1884 595
1884 1885 842
1885 1886 1712
1886 1887 417
1887 1888 401
1888 1889 1404
1889 1890 1559
1890 1891 1388
1891 1892 3
1892 1893 1789
1893 1894 1636
1894 1895 1940
1895 1896 1841
1896 1897 207
1897 1898 1558
1898 1899 1169
1899 1900 370
1900 1901 1851
1901 1902 1344
1902 1903 1329
1903 1904 727
1904 1905 1349
1905 1906 461
1906 1907 381
1907 1908 1030
1908 1909 1249
1909 1910 285
1910 1911 1381
1911 1912 566
1912 1913 1478
1913 1914 357
1914 1915 1504
1915 1916 804
1916 1917 396
1917 1918 1031
1918 1919 1623
1919 1920 917
1920 1921 1869
1921 1922 843
1922 1923 828
1923 1924 569
1924 1925 1028
1925 1926 1260
1926 1927 157
1927 1928 1990
1928 1929 243
1929 1930 839
1930 1931 645
1931 1932 966
1932 1933 847
1933 1934 896
1934 1935 152
1935 1936 960
1936 1937 1104
1937 1938 100
1938 1939 302
1939 1940 222
1940 1941 1894
1941 1942 424
1942 1943 87
1943 1944 1960
1944 1945 1511
1945 1946 108
1946 1947 1095
1947 1948 1962
1948 1949 912
1949 1950 76
1950 1951 1185
1951 1952 101
1952 1953 421
1953 1954 1076
1954 1955 196
1955 1956 1681
1956 1957 852
1957 1958 1184
1958 1959 77
1959 1960 1720
1960 1961 1943
1961 1962 460
1962 1963 1947
1963 1964 789
1964 1965 1222
1965 1966 433
1966 1967 1760
1967 1968 1172
1968 1969 1426
1969 1970 1740
1970 1971 90
1971 1972 261
1972 1973 1441
1973 1974 1974
1974 1975 1973
1975 1976 483
1976 1977 1276
1977 1978 1112
1978 1979 64
1979 1980 444
1980 1981 1450
1981 1982 1261
1982 1983 1506
1983 1984 1782
1984 1985 1180
1985 1986 1081
1986 1987 1008
1987 1988 725
1988 1989 288
1989 1990 1437
1990 1991 1927
1991 1992 773
1992 1993 375
1993 1994 1214
1994 1995 1100
1995 1996 752
1996 1997 559
1997 1998 1662
1998 1999 1656
1999 2000 1745
270 2000 1798
