1500 1900
1 4 1705
4 5 772
1 5 1615
4 6 1580
6 7 685
4 7 164
1 8 910
8 9 1697
1 9 813
4 10 143
10 11 1195
4 11 1196
4 12 1731
12 13 1756
4 13 407
5 14 1210
14 15 784
5 15 272
8 16 1198
16 17 1478
8 17 438
1 18 237
18 19 1894
1 19 763
8 20 421
20 21 819
8 21 1066
10 22 878
22 23 1715
10 23 1838
22 24 895
24 25 146
22 25 742
12 26 994
26 27 523
12 27 533
22 28 754
28 29 352
22 29 606
5 30 1018
30 31 453
5 31 397
25 32 586
32 33 719
25 33 1784
30 34 961
34 35 374
30 35 1690
35 36 673
36 37 816
35 37 562
21 38 1667
38 39 342
21 39 253
25 40 858
40 41 263
25 41 538
29 42 1768
42 43 1326
29 43 1720
32 44 1765
44 45 1009
32 45 1832
6 46 340
46 47 1472
6 47 640
43 48 176
48 49 316
43 49 1774
47 50 1721
50 51 734
47 51 1404
36 52 1215
52 53 175
36 53 951
45 54 588
54 55 1856
45 55 1307
44 56 1685
56 57 1296
44 57 983
38 58 503
58 59 1802
38 59 811
50 60 1726
60 61 278
50 61 1289
30 62 94
62 63 645
30 63 905
40 64 848
64 65 1324
40 65 210
32 66 88
66 67 832
67 68 1482
68 69 230
69 70 1485
32 70 199
65 71 1095
71 72 964
65 72 1247
35 73 954
73 74 1072
35 74 1672
63 75 165
75 76 1700
63 76 774
30 77 651
77 78 1450
30 78 1729
46 79 1850
79 80 1317
46 80 1671
37 81 513
81 82 1447
37 82 1309
8 83 1139
83 84 1225
8 84 1001
8 85 432
85 86 723
8 86 1783
9 87 125
87 88 124
9 88 690
23 89 1411
89 90 1322
23 90 456
47 91 348
91 92 1515
47 92 1813
1 93 1877
93 94 874
1 94 1392
40 95 1344
95 96 851
40 96 1319
86 97 941
97 98 1186
86 98 1696
1 99 517
99 100 10
1 100 385
20 101 234
101 102 32
20 102 648
11 103 912
103 104 309
11 104 820
103 105 1109
105 106 1006
103 106 852
57 107 443
107 108 1864
57 108 1743
90 109 1512
109 110 853
90 110 837
31 111 861
111 112 250
31 112 1513
80 113 490
113 114 6
80 114 106
53 115 170
115 116 1885
53 116 955
74 117 1812
117 118 166
74 118 282
31 119 1343
119 120 1760
31 120 384
61 121 74
121 122 67
61 122 252
27 123 1498
123 124 689
27 124 1863
46 125 857
125 126 223
46 126 1545
80 127 839
127 128 1609
80 128 629
16 129 583
129 130 1542
16 130 1584
24 131 262
131 132 1466
24 132 1274
84 133 737
133 134 942
84 134 653
85 135 1645
135 136 1504
85 136 1543
119 137 99
137 138 703
119 138 1659
86 139 966
139 140 751
86 140 1455
68 141 900
141 142 386
68 142 624
10 143 1027
143 144 551
10 144 93
136 145 1367
145 146 1042
136 146 876
14 147 1572
147 148 944
14 148 1637
51 149 247
149 150 1695
51 150 1283
97 151 1227
151 152 1612
97 152 1876
23 153 182
153 154 310
23 154 392
56 155 1033
155 156 1376
56 156 1052
137 157 356
157 158 97
137 158 1032
91 159 1202
159 160 1155
91 160 145
51 161 581
161 162 1683
51 162 22
54 163 1160
163 164 1140
54 164 1089
67 165 1795
165 166 759
67 166 687
80 167 1770
167 168 822
80 168 1814
82 169 217
169 170 914
82 170 500
135 171 161
171 172 510
135 172 177
101 173 54
173 174 441
101 174 1234
68 175 1752
175 176 805
68 176 700
126 177 1536
177 178 1156
126 178 387
91 179 190
179 180 56
91 180 1112
64 181 1810
181 182 836
64 182 1107
14 183 1100
183 184 1166
14 184 1650
81 185 1816
185 186 18
81 186 1691
144 187 1387
187 188 985
144 188 1527
21 189 1342
189 190 86
21 190 649
5 191 960
191 192 1145
5 192 171
120 193 1158
193 194 1508
120 194 335
129 195 1000
195 196 1184
129 196 923
188 197 1165
197 198 388
188 198 1622
115 199 1374
199 200 1288
115 200 1290
15 201 1596
201 202 804
15 202 771
108 203 781
203 204 1900
108 204 1583
129 205 329
205 206 381
129 206 1220
120 207 1185
207 208 353
120 208 939
115 209 1530
209 210 956
115 210 149
33 211 224
211 212 482
33 212 1248
24 213 1132
213 214 1843
24 214 410
23 215 68
215 216 1792
23 216 935
64 217 1607
217 218 1157
64 218 1433
28 219 1766
219 220 1188
28 220 642
214 221 1893
221 222 1625
214 222 1070
198 223 446
223 224 301
198 224 1059
42 225 1822
225 226 1474
42 226 1778
108 227 1663
227 228 285
108 228 862
57 229 903
229 230 721
57 230 560
115 231 64
231 232 831
115 232 53
159 233 1808
233 234 1723
159 234 733
22 235 770
235 236 1427
22 236 130
212 237 883
237 238 661
212 238 904
112 239 38
239 240 305
112 240 1330
146 241 568
241 242 229
146 242 1085
196 243 1147
243 244 1785
244 245 1738
245 246 455
246 247 834
247 248 1629
248 249 1727
249 250 1338
250 251 670
251 252 376
252 253 802
253 254 669
254 255 794
255 256 845
256 257 1176
257 258 911
258 259 47
259 260 714
260 261 367
261 262 1121
262 263 890
263 264 587
264 265 1553
265 266 302
266 267 1689
267 268 499
268 269 174
269 270 144
270 271 206
271 272 261
272 273 290
273 274 507
274 275 1446
275 276 1470
196 276 225
204 277 767
277 278 764
204 278 1199
23 279 1328
279 280 42
23 280 429
95 281 1394
281 282 695
95 282 1540
130 283 1143
283 284 1575
130 284 476
253 285 1658
285 286 462
253 286 15
115 287 447
287 288 1395
115 288 315
68 289 540
289 290 1750
68 290 544
145 291 1226
291 292 1880
145 292 1888
183 293 924
293 294 1769
183 294 1807
166 295 1375
295 296 25
166 296 1167
225 297 600
297 298 1551
225 298 1561
57 299 1403
299 300 769
57 300 514
288 301 398
301 302 632
288 302 1170
149 303 121
303 304 1436
149 304 1082
280 305 989
305 306 1510
280 306 1476
106 307 21
307 308 1741
106 308 1431
154 309 254
309 310 483
154 310 154
229 311 1093
311 312 1853
229 312 328
266 313 408
313 314 644
266 314 1127
312 315 943
315 316 1898
312 316 946
239 317 41
317 318 998
239 318 361
277 319 129
319 320 1004
277 320 741
136 321 1579
321 322 789
136 322 782
142 323 406
323 324 1573
142 324 1554
121 325 1020
325 326 1332
121 326 1759
11 327 1557
327 328 997
11 328 1643
63 329 1529
329 330 934
63 330 1352
317 331 1796
331 332 1297
317 332 404
53 333 1665
333 334 686
53 334 1638
91 335 1341
335 336 776
91 336 311
215 337 442
337 338 875
215 338 1524
130 339 566
339 340 1594
130 340 1849
114 341 940
341 342 163
114 342 1762
148 343 1725
343 344 1661
148 344 1483
340 345 1270
345 346 563
340 346 1201
6 347 614
347 348 383
6 348 249
277 349 1316
349 350 1378
277 350 82
266 351 1669
351 352 1285
352 353 633
353 354 389
354 355 1449
355 356 1496
356 357 251
357 358 1171
358 359 1181
359 360 115
360 361 428
361 362 1035
362 363 1094
363 364 142
364 365 557
365 366 938
366 367 1790
367 368 694
368 369 899
369 370 35
370 371 1271
371 372 603
372 373 1800
373 374 1105
374 375 1595
375 376 1102
376 377 1007
377 378 1060
378 379 556
379 380 36
380 381 850
381 382 1688
382 383 849
383 384 838
384 385 57
385 386 1389
386 387 411
387 388 1674
388 389 1019
389 390 1163
390 391 413
391 392 891
392 393 1836
393 394 1259
394 395 978
395 396 1781
396 397 1570
397 398 209
398 399 841
399 400 1600
400 401 725
401 402 750
402 403 532
403 404 518
404 405 1559
405 406 1686
406 407 339
407 408 1837
408 409 51
409 410 496
410 411 833
411 412 1079
412 413 486
413 414 1779
414 415 355
415 416 1789
416 417 1242
417 418 1701
418 419 1088
419 420 660
420 421 617
421 422 1471
422 423 1587
423 424 1673
424 425 599
425 426 1212
426 427 736
427 428 235
428 429 1209
429 430 187
430 431 638
431 432 1442
432 433 43
433 434 379
434 435 76
435 436 1867
436 437 1277
437 438 1237
438 439 1318
439 440 1122
440 441 1406
441 442 1713
442 443 957
443 444 1282
444 445 1062
445 446 578
446 447 423
447 448 662
448 449 870
449 450 525
450 451 1110
451 452 1120
452 453 39
453 454 779
454 455 1846
455 456 1119
456 457 1568
457 458 1519
458 459 1077
459 460 1266
460 461 498
461 462 1003
462 463 1104
463 464 574
464 465 1566
465 466 864
466 467 1591
467 468 1443
468 469 975
469 470 1073
470 471 207
471 472 865
472 473 1138
473 474 828
474 475 840
475 476 186
476 477 667
477 478 1582
478 479 430
479 480 506
480 481 1891
481 482 1377
482 483 1250
483 484 825
484 485 584
485 486 717
486 487 66
487 488 679
488 489 324
489 490 1494
490 491 448
491 492 89
492 493 671
493 494 1616
494 495 147
495 496 279
496 497 1218
497 498 109
498 499 701
499 500 195
500 501 1115
501 502 1623
502 503 739
503 504 1305
504 505 1269
505 506 801
506 507 573
507 508 350
508 509 601
509 510 1045
510 511 738
511 512 1733
512 513 1126
513 514 630
514 515 1464
515 516 369
516 517 366
517 518 646
518 519 1249
519 520 49
520 521 1619
521 522 1649
522 523 1086
523 524 1687
524 525 1734
525 526 641
526 527 1878
527 528 1345
528 529 1897
529 530 765
530 531 1454
531 532 5
532 533 478
533 534 243
534 535 775
535 536 179
536 537 126
537 538 1175
538 539 1753
539 540 1023
540 541 521
541 542 400
542 543 999
543 544 1058
544 545 1383
545 546 1736
546 547 258
547 548 652
2 548 1761
2 549 200
549 550 1061
550 551 1272
551 552 744
552 553 1022
553 554 755
554 555 1569
555 556 800
556 557 1648
557 558 1775
558 559 1278
559 560 375
560 561 901
561 562 1083
562 563 639
563 564 1896
564 565 44
565 566 1398
566 567 338
567 568 1245
568 569 122
569 570 1794
570 571 554
571 572 1293
572 573 1845
573 574 1025
574 575 1420
575 576 1585
576 577 926
577 578 1256
578 579 345
579 580 71
580 581 1704
581 582 580
582 583 193
583 584 664
584 585 656
585 586 787
586 587 458
587 588 33
588 589 1336
589 590 706
590 591 949
591 592 1620
592 593 1670
593 594 1737
594 595 1492
595 596 555
596 597 203
597 598 803
598 599 1463
599 600 37
600 601 708
601 602 927
602 603 1458
603 604 1414
604 605 242
605 606 1848
606 607 1872
607 608 1111
608 609 24
609 610 394
610 611 683
611 612 1493
612 613 393
613 614 1608
614 615 427
615 616 346
616 617 297
617 618 2
618 619 1177
619 620 108
620 621 688
621 622 481
622 623 1306
623 624 1380
624 625 607
625 626 1520
626 627 298
627 628 461
628 629 973
629 630 17
630 631 1640
631 632 1134
632 633 740
633 634 1546
634 635 460
635 636 1037
636 637 1709
637 638 893
638 639 1740
639 640 370
640 641 1255
641 642 1325
642 643 1776
643 644 1428
644 645 1407
645 646 710
646 647 659
647 648 368
648 649 752
649 650 296
650 651 257
651 652 887
652 653 1034
653 654 1129
654 655 1300
655 656 1805
656 657 84
657 658 962
658 659 9
659 660 1191
660 661 1711
661 662 50
662 663 1528
663 664 1029
664 665 26
665 666 150
666 667 1284
667 668 245
668 669 1782
669 670 1097
670 671 637
671 672 1818
672 673 1231
673 674 627
674 675 1490
675 676 1526
676 677 341
677 678 95
678 679 564
679 680 362
680 681 1228
681 682 266
682 683 159
683 684 537
684 685 184
685 686 628
686 687 552
687 688 1879
688 689 1799
689 690 1151
690 691 371
691 692 1417
692 693 1117
693 694 91
694 695 536
695 696 534
696 697 137
697 698 153
698 699 158
699 700 1611
700 701 1363
701 702 968
702 703 181
703 704 55
704 705 1453
705 706 1348
706 707 160
707 708 336
708 709 1507
709 710 619
710 711 625
711 712 1208
712 713 1499
713 714 1049
714 715 1125
715 716 602
716 717 1593
717 718 1116
718 719 1633
719 720 134
720 721 484
721 722 213
722 723 1101
723 724 28
724 725 1276
725 726 913
726 727 1714
727 728 1182
728 729 349
729 730 1422
730 731 1603
731 732 1500
732 733 806
733 734 1192
734 735 1388
735 736 378
736 737 545
737 738 1046
738 739 792
739 740 1164
740 741 31
741 742 1552
742 743 1728
743 744 1327
744 745 522
266 745 205
441 746 715
746 747 1707
441 747 337
53 748 351
748 749 90
53 749 916
127 750 1024
750 751 1577
127 751 1021
396 752 7
752 753 373
396 753 148
662 754 880
754 755 248
662 755 1842
282 756 906
756 757 963
282 757 1174
124 758 1505
758 759 1550
124 759 1462
756 760 1096
760 761 288
756 761 417
580 762 1168
762 763 731
580 763 756
370 764 1451
764 765 1360
370 765 1153
238 766 1786
766 767 993
238 767 1038
693 768 472
768 769 318
693 769 1252
735 770 1233
770 771 519
735 771 306
722 772 489
772 773 139
722 773 194
561 774 450
774 775 215
561 775 1068
678 776 452
776 777 1385
678 777 1825
291 778 745
778 779 1465
291 779 75
229 780 1514
780 781 1194
229 781 103
759 782 168
782 783 308
759 783 596
248 784 1739
784 785 1780
248 785 280
69 786 46
786 787 812
69 787 917
533 788 101
788 789 1108
533 789 202
317 790 1187
790 791 856
317 791 1522
692 792 1576
792 793 1069
692 793 1634
338 794 783
794 795 1141
338 795 622
242 796 1581
796 797 1169
242 797 548
385 798 1693
798 799 1368
385 799 1036
645 800 1488
800 801 81
645 801 1361
494 802 275
802 803 1873
494 803 1353
296 804 1203
804 805 435
296 805 1487
598 806 1626
806 807 1216
598 807 932
178 808 34
808 809 1548
178 809 1588
143 810 469
810 811 454
143 811 696
18 812 286
812 813 120
18 813 1606
568 814 615
814 815 457
568 815 1040
519 816 152
816 817 530
817 818 1448
818 819 62
819 820 1321
820 821 1365
821 822 1055
519 822 1402
338 823 1604
823 824 1461
338 824 1586
378 825 1359
825 826 40
378 826 542
601 827 465
827 828 909
601 828 707
652 829 693
829 830 907
652 830 728
28 831 1346
831 832 208
28 832 1287
135 833 818
833 834 1692
135 834 1087
408 835 231
835 836 226
408 836 807
161 837 515
837 838 981
161 838 790
184 839 933
839 840 1340
184 840 1005
525 841 1544
841 842 212
525 842 1653
81 843 1051
843 844 663
81 844 892
141 845 1722
845 846 1537
141 846 868
785 847 1314
847 848 1044
785 848 228
214 849 1811
849 850 1114
214 850 1012
802 851 1386
851 852 1597
802 852 697
795 853 330
853 854 531
795 854 704
511 855 598
855 856 1291
511 856 1190
585 857 1495
857 858 27
585 858 1106
787 859 945
859 860 971
787 860 327
714 861 1829
861 862 104
714 862 623
221 863 1362
863 864 1179
221 864 1682
243 865 612
865 866 1755
243 866 565
752 867 1136
867 868 1090
752 868 434
138 869 716
869 870 1562
138 870 357
837 871 676
871 872 1031
837 872 572
242 873 240
873 874 1081
242 874 1745
780 875 1396
875 876 444
780 876 516
396 877 100
877 878 922
396 878 824
364 879 1819
879 880 1613
364 880 268
625 881 877
881 882 529
625 882 1214
607 883 616
883 884 527
607 884 1067
138 885 267
885 886 965
138 886 151
646 887 604
887 888 762
646 888 264
513 889 1240
889 890 1054
513 890 654
113 891 872
891 892 847
113 892 1423
632 893 609
893 894 605
632 894 377
855 895 593
895 896 1426
855 896 1654
29 897 869
897 898 666
29 898 449
542 899 1840
899 900 808
542 900 1858
612 901 1369
901 902 313
612 902 1890
370 903 786
903 904 1424
370 904 1080
503 905 1844
905 906 626
503 906 118
469 907 239
907 908 974
469 908 1534
319 909 402
909 910 1207
319 910 281
15 911 1678
911 912 358
15 912 1468
228 913 1303
913 914 1899
228 914 844
570 915 1748
915 916 930
570 916 1601
670 917 233
917 918 260
670 918 320
169 919 283
919 920 1400
169 920 238
678 921 1539
921 922 1851
678 922 543
902 923 894
923 924 289
902 924 269
509 925 422
925 926 925
509 926 977
830 927 431
927 928 511
830 928 1777
757 929 1627
929 930 918
757 930 691
495 931 372
931 932 773
495 932 1875
561 933 1075
933 934 1621
561 934 512
324 935 882
935 936 1870
324 936 287
723 937 304
937 938 140
723 938 967
870 939 323
939 940 1835
870 940 1064
83 941 814
941 942 888
83 942 1320
268 943 953
943 944 11
268 944 12
143 945 1618
945 946 19
143 946 395
620 947 1860
947 948 497
620 948 232
414 949 988
949 950 1517
414 950 1809
722 951 1323
951 952 1144
722 952 866
198 953 582
953 954 16
198 954 1334
843 955 579
955 956 1547
843 956 1103
327 957 73
957 958 992
327 958 1664
806 959 650
959 960 1265
806 960 303
301 961 1236
961 962 1244
301 962 1246
396 963 1351
963 964 119
396 964 414
63 965 220
965 966 835
63 966 1477
216 967 1457
967 968 827
216 968 1523
42 969 937
969 970 255
42 970 1641
325 971 1221
971 972 591
325 972 1694
745 973 1257
973 974 1113
745 974 1337
767 975 570
975 976 1401
767 976 1222
258 977 722
977 978 1223
258 978 102
354 979 312
979 980 672
354 980 636
885 981 1675
981 982 936
885 982 1742
454 983 1868
983 984 795
984 985 732
985 986 1239
986 987 1304
987 988 547
988 989 1797
989 990 1881
990 991 1415
991 992 1532
992 993 1279
993 994 1219
994 995 613
995 996 1294
996 997 1413
997 998 658
998 999 495
999 1000 524
1000 1001 705
1001 1002 1746
1002 1003 192
1003 1004 1408
1004 1005 879
1005 1006 590
1006 1007 713
1007 1008 1264
1008 1009 1882
1009 1010 1798
1010 1011 597
1011 1012 219
1012 1013 821
1013 1014 505
1014 1015 1434
1015 1016 1028
1016 1017 293
454 1017 87
686 1018 294
1018 1019 1063
686 1019 1421
745 1020 726
1020 1021 1267
745 1021 1632
677 1022 80
1022 1023 475
1023 1024 1372
1024 1025 1592
1025 1026 809
1026 1027 1773
1027 1028 1589
1028 1029 1149
1029 1030 1258
1030 1031 657
1031 1032 777
1032 1033 78
1033 1034 1841
1034 1035 117
1035 1036 1350
1036 1037 1393
1037 1038 1719
1038 1039 1333
1039 1040 1050
1040 1041 1445
1041 1042 501
1042 1043 113
1043 1044 592
1044 1045 138
1045 1046 1193
1046 1047 1010
1047 1048 128
1048 1049 1206
1049 1050 92
1050 1051 796
1051 1052 59
1052 1053 898
1053 1054 396
1054 1055 1335
1055 1056 354
1056 1057 1754
1057 1058 466
1058 1059 1313
1059 1060 1211
1060 1061 1329
1061 1062 743
1062 1063 1241
1063 1064 365
1064 1065 1804
1065 1066 1039
1066 1067 480
1067 1068 277
1068 1069 172
1069 1070 136
1070 1071 681
1071 1072 1026
1072 1073 1624
1073 1074 860
1074 1075 1801
1075 1076 1310
1076 1077 1224
1077 1078 473
1078 1079 987
1079 1080 1437
1080 1081 1430
1081 1082 1724
1082 1083 1772
1083 1084 1677
1084 1085 1017
1085 1086 929
1086 1087 984
1087 1088 1074
1088 1089 855
1089 1090 1541
1090 1091 1011
1091 1092 1708
1092 1093 211
1093 1094 980
1094 1095 1131
1095 1096 1535
1096 1097 1481
1097 1098 1298
1098 1099 1479
1099 1100 292
1100 1101 420
1101 1102 227
1102 1103 635
1103 1104 502
1104 1105 1857
1105 1106 778
1106 1107 1475
1107 1108 1405
1108 1109 698
1109 1110 1817
1110 1111 947
1111 1112 1056
1112 1113 274
1113 1114 889
1114 1115 539
1115 1116 1698
1116 1117 1815
1117 1118 135
1118 1119 1311
1119 1120 399
1120 1121 409
1121 1122 1092
1122 1123 1749
1123 1124 720
1124 1125 1866
1125 1126 1159
1126 1127 1243
1127 1128 1013
1128 1129 426
1129 1130 72
1130 1131 1382
1131 1132 594
1132 1133 799
1133 1134 1275
1134 1135 1644
1135 1136 1676
1136 1137 127
1137 1138 1628
1138 1139 1268
1139 1140 758
1140 1141 1262
1141 1142 1525
1142 1143 846
1143 1144 1712
1144 1145 1639
1145 1146 729
1146 1147 1292
1147 1148 884
1148 1149 1118
1149 1150 1135
1150 1151 1884
1151 1152 1123
1152 1153 347
1153 1154 798
1154 1155 1758
1155 1156 1355
1156 1157 440
1157 1158 1806
1158 1159 321
1159 1160 1286
1160 1161 1452
1161 1162 433
1162 1163 1354
1163 1164 1830
1164 1165 1710
1165 1166 1590
1166 1167 1657
1167 1168 585
1168 1169 621
1169 1170 1660
1170 1171 1315
1171 1172 390
1172 1173 116
1173 1174 1008
1174 1175 508
1175 1176 110
1176 1177 928
1177 1178 1435
1178 1179 859
1179 1180 684
1180 1181 204
1181 1182 1826
1182 1183 1230
1183 1184 757
1184 1185 1771
1185 1186 1757
1186 1187 1015
1187 1188 921
1188 1189 753
1189 1190 668
1190 1191 950
1191 1192 191
1192 1193 1565
1193 1194 1148
1194 1195 1473
1195 1196 391
1196 1197 575
1197 1198 65
1198 1199 1469
1199 1200 332
1200 1201 1381
1201 1202 437
1202 1203 1229
1203 1204 20
1204 1205 1373
1205 1206 1839
1206 1207 1371
1207 1208 96
1208 1209 494
1209 1210 1486
1210 1211 98
1211 1212 1484
1212 1213 990
1213 1214 982
1214 1215 1699
1215 1216 829
1216 1217 1652
1217 1218 749
1218 1219 766
1219 1220 643
1220 1221 1065
1221 1222 509
1222 1223 1506
1223 1224 178
1224 1225 867
1225 1226 886
1226 1227 1571
1227 1228 1764
1228 1229 1883
1229 1230 197
1230 1231 919
1231 1232 1497
1232 1233 863
1233 1234 284
1234 1235 1744
1235 1236 436
1236 1237 1874
1237 1238 157
677 1238 162
465 1239 952
1239 1240 131
465 1240 1833
535 1241 1204
1241 1242 1521
535 1242 611
706 1243 780
1243 1244 1518
706 1244 969
335 1245 1232
1245 1246 485
335 1246 1416
626 1247 830
1247 1248 276
626 1248 817
37 1249 471
1249 1250 307
1250 1251 1680
1251 1252 1263
1252 1253 1668
1253 1254 1142
1254 1255 1370
1255 1256 259
3 1256 1048
3 1257 1751
1257 1258 1161
1258 1259 401
1259 1260 1364
1260 1261 188
1261 1262 198
1262 1263 1041
1263 1264 183
37 1264 788
731 1265 1213
1265 1266 995
731 1266 1747
1176 1267 920
1267 1268 424
1176 1268 896
1106 1269 380
1269 1270 464
1106 1270 1820
122 1271 1599
1271 1272 468
122 1272 1666
312 1273 558
1273 1274 1821
312 1274 425
725 1275 1084
1275 1276 1630
725 1276 1787
48 1277 1467
1277 1278 618
48 1278 1703
1007 1279 610
1279 1280 709
1007 1280 550
128 1281 1501
1281 1282 214
128 1282 463
53 1283 1598
1283 1284 403
53 1284 970
497 1285 908
1285 1286 1869
497 1286 459
95 1287 4
1287 1288 976
95 1288 631
28 1289 300
1289 1290 189
28 1290 730
465 1291 1016
1291 1292 576
465 1292 996
671 1293 1302
1293 1294 1440
671 1294 620
139 1295 1299
1295 1296 871
139 1296 487
130 1297 528
1297 1298 295
130 1298 1057
708 1299 1574
1299 1300 1556
708 1300 553
867 1301 1154
1301 1302 1887
867 1302 885
281 1303 1014
1303 1304 1852
281 1304 1002
446 1305 319
1305 1306 768
446 1306 185
921 1307 1803
1307 1308 854
921 1308 221
893 1309 1099
1309 1310 1855
893 1310 3
293 1311 647
1311 1312 1763
293 1312 1197
735 1313 674
1313 1314 746
735 1314 1180
640 1315 291
1315 1316 655
640 1316 1347
365 1317 326
1317 1318 991
365 1318 1173
675 1319 1412
1319 1320 363
675 1320 1563
838 1321 1886
1321 1322 1295
838 1322 873
785 1323 972
1323 1324 1854
785 1324 1647
22 1325 216
1325 1326 479
22 1326 1419
840 1327 785
1327 1328 1235
840 1328 1823
543 1329 470
1329 1330 1409
543 1330 196
1095 1331 1651
1331 1332 1636
1095 1332 711
1090 1333 675
1333 1334 270
1090 1334 1646
949 1335 1491
1335 1336 1043
949 1336 1124
88 1337 1871
1337 1338 1847
88 1338 1441
1158 1339 405
1339 1340 201
1158 1340 1444
254 1341 493
1341 1342 1767
254 1342 334
839 1343 1217
1343 1344 477
839 1344 1558
801 1345 52
1345 1346 1533
801 1346 504
353 1347 747
1347 1348 114
353 1348 105
9 1349 577
1349 1350 541
9 1350 1251
1027 1351 1410
1351 1352 1358
1027 1352 1146
286 1353 1834
1353 1354 1531
286 1354 1861
1274 1355 1076
1355 1356 236
1274 1356 1717
1356 1357 79
1357 1358 559
1356 1358 677
1054 1359 535
1359 1360 382
1054 1360 48
306 1361 273
1361 1362 1030
306 1362 979
166 1363 1238
1363 1364 218
166 1364 141
677 1365 8
1365 1366 1390
677 1366 1489
489 1367 107
1367 1368 571
489 1368 1892
364 1369 1567
1369 1370 735
364 1370 1
508 1371 1862
1371 1372 902
508 1372 1366
48 1373 791
1373 1374 1439
48 1374 815
348 1375 1418
1375 1376 595
348 1376 881
1151 1377 29
1377 1378 1791
1151 1378 1684
347 1379 1732
1379 1380 1312
347 1380 60
163 1381 70
1381 1382 1047
163 1382 344
876 1383 1356
1383 1384 492
876 1384 85
1226 1385 364
1385 1386 897
1226 1386 111
215 1387 1895
1387 1388 13
215 1388 1718
1271 1389 665
1389 1390 678
1271 1390 1859
1288 1391 699
1391 1392 748
1288 1392 360
938 1393 958
1393 1394 793
938 1394 439
310 1395 1253
1395 1396 156
310 1396 1509
1260 1397 1091
1397 1398 1273
1260 1398 1549
1234 1399 1152
1399 1400 1397
1234 1400 412
85 1401 1538
1401 1402 256
85 1402 692
520 1403 1331
1403 1404 1078
520 1404 14
698 1405 1460
1405 1406 1429
698 1406 467
773 1407 173
1407 1408 702
773 1408 491
58 1409 1617
1409 1410 1502
58 1410 61
1282 1411 322
1411 1412 1662
1282 1412 58
77 1413 418
1413 1414 244
77 1414 1459
1018 1415 1357
1415 1416 1301
1018 1416 69
186 1417 712
1417 1418 797
186 1418 1172
735 1419 333
1419 1420 567
735 1420 959
601 1421 549
1421 1422 823
601 1422 123
1376 1423 45
1423 1424 359
1376 1424 931
311 1425 1564
1425 1426 1793
311 1426 569
940 1427 520
1427 1428 1716
940 1428 317
486 1429 1788
1429 1430 724
486 1430 241
1041 1431 474
1431 1432 1260
1041 1432 1281
730 1433 843
1433 1434 526
730 1434 1349
335 1435 83
1435 1436 1610
335 1436 1339
830 1437 810
1437 1438 1432
830 1438 419
693 1439 343
1439 1440 1205
693 1440 265
554 1441 1053
1441 1442 169
554 1442 132
1010 1443 246
1443 1444 1391
1010 1444 271
806 1445 1384
1445 1446 826
806 1446 1098
33 1447 1555
1447 1448 1560
33 1448 331
638 1449 1642
1449 1450 1827
638 1450 948
1088 1451 1456
1451 1452 1824
1088 1452 1865
592 1453 1071
1453 1454 1438
592 1454 1889
1129 1455 63
1455 1456 1516
1129 1456 1679
962 1457 1189
1457 1458 546
962 1458 561
74 1459 30
1459 1460 1480
74 1460 1128
1091 1461 1308
1461 1462 915
1091 1462 314
1170 1463 1137
1463 1464 727
1170 1464 608
1132 1465 1656
1465 1466 760
1132 1466 488
540 1467 112
1467 1468 1162
540 1468 1605
1407 1469 445
1469 1470 1635
1407 1470 1614
81 1471 77
1471 1472 1379
81 1472 1130
935 1473 1735
1473 1474 1200
935 1474 1681
811 1475 1706
1475 1476 180
811 1476 155
248 1477 1828
1477 1478 1399
248 1478 589
828 1479 1254
1479 1480 1578
828 1480 1183
711 1481 1655
1481 1482 761
711 1482 986
1017 1483 1511
1483 1484 1178
1017 1484 222
107 1485 133
1485 1486 680
107 1486 842
45 1487 415
1487 1488 1261
45 1488 1280
561 1489 1503
1489 1490 1425
561 1490 167
73 1491 1631
1491 1492 1602
73 1492 416
523 1493 1831
1493 1494 1133
523 1494 634
1395 1495 1702
1495 1496 325
1395 1496 23
1394 1497 1730
1497 1498 718
1394 1498 682
1193 1499 451
1499 1500 1150
1193 1500 299
