1800 1900
1 4 200
4 5 722
1 3 1605
4 6 136
5 7 321
4 8 1201
4 9 207
8 10 1552
10 11 1535
9 12 1184
7 13 483
12 14 1891
7 15 469
10 16 1839
9 17 76
16 18 1132
13 19 832
14 20 1596
13 21 788
14 22 30
20 23 1754
16 24 54
17 25 1347
18 26 329
20 27 906
22 28 38
22 29 1376
29 30 1830
22 30 1213
28 31 20
22 32 1681
29 33 1631
30 34 581
33 35 1246
35 36 1266
33 36 1788
36 37 441
31 38 26
38 39 315
31 40 235
30 41 452
34 42 1051
38 43 808
33 44 1544
39 45 1889
38 46 1578
33 47 1735
35 48 830
40 49 1106
45 50 1392
38 51 1378
49 52 769
49 53 310
44 54 22
53 55 534
50 56 1475
46 57 882
52 58 1204
47 59 1715
56 60 206
54 61 1353
60 62 566
45 63 1550
52 64 1316
52 65 1194
61 66 1519
57 67 599
63 68 955
47 69 347
67 70 1185
67 71 1843
64 72 575
57 73 1510
58 74 299
52 75 1043
71 76 15
62 77 177
65 78 785
74 79 927
57 80 1834
72 81 496
57 82 834
60 83 1040
79 84 1603
70 85 1669
58 86 1305
83 87 1168
87 88 975
83 88 1591
73 89 866
89 90 1671
73 90 741
85 91 1124
91 92 1020
85 92 197
90 93 180
76 94 486
77 95 743
94 96 1851
69 97 1824
95 98 193
96 99 1454
78 100 1565
78 101 211
90 102 1525
100 103 172
96 104 1844
81 105 771
90 106 1699
104 107 1242
80 108 1800
97 109 578
96 110 773
84 111 1394
98 112 119
106 113 875
110 114 1296
81 115 1161
90 116 115
95 117 487
91 118 1229
117 119 1114
101 120 1651
100 121 950
106 122 1195
85 123 620
102 124 325
119 125 1869
112 126 406
88 127 1340
112 128 1534
104 129 318
112 130 1192
101 131 1778
111 132 897
98 133 4
98 134 212
98 135 215
131 136 1261
114 137 156
137 138 357
114 138 1555
104 139 522
95 140 1707
122 141 1439
132 142 1489
121 143 1317
126 144 728
102 145 1666
139 146 1502
144 147 1281
145 148 1434
143 149 969
105 150 475
129 151 1751
136 152 140
149 153 1038
139 154 636
112 155 227
115 156 793
115 157 1079
119 158 1660
117 159 1118
122 160 1575
109 161 1576
142 162 1405
118 163 561
162 164 1898
142 165 1548
134 166 1252
151 167 607
160 168 106
132 169 573
159 170 977
165 171 1566
137 172 1636
159 173 77
124 174 1787
169 175 1832
172 176 96
176 177 910
172 177 717
173 178 1072
146 179 672
170 180 1721
177 181 290
138 182 1543
180 183 606
134 184 257
184 185 666
134 185 1806
146 186 1247
166 187 101
158 188 659
188 189 1723
149 190 1173
162 191 95
173 192 970
139 193 1311
178 194 1
170 195 1178
162 196 1429
180 197 1688
177 198 833
183 199 1708
194 200 60
200 201 7
175 202 303
188 203 967
189 204 1790
150 205 104
157 206 137
157 207 647
140 208 1820
208 209 138
140 209 1829
207 210 536
155 211 945
168 212 757
208 213 292
158 214 1796
178 215 1209
166 216 365
194 217 1668
156 218 241
151 219 1284
149 220 159
162 221 471
195 222 275
211 223 1542
190 224 1059
164 225 974
209 226 1722
199 227 1199
227 228 40
228 229 1278
227 229 304
186 230 428
217 231 1615
185 232 1233
176 233 225
228 234 350
228 235 576
167 236 1216
224 237 1222
181 238 676
163 239 1383
182 240 820
228 241 1868
214 242 479
240 243 531
190 244 612
220 245 1686
216 246 262
199 247 1463
168 248 1733
242 249 189
185 250 306
217 251 1151
190 252 985
226 253 1496
242 254 254
177 255 1390
220 256 336
183 257 547
255 258 1163
249 259 1077
225 260 1073
217 261 984
205 262 1154
240 263 1846
235 264 1344
183 265 1112
239 266 330
258 267 229
193 268 1142
214 269 539
245 270 1781
244 271 1143
252 272 478
265 273 594
234 274 1588
244 275 629
218 276 1553
276 277 1349
218 277 586
209 278 962
216 279 1494
257 280 1066
234 281 186
209 282 1356
228 283 220
267 284 1388
209 285 390
250 286 1283
200 287 1165
201 288 619
255 289 646
244 290 74
267 291 883
248 292 1695
292 293 1321
248 293 208
268 294 237
209 295 1373
231 296 258
260 297 724
229 298 1644
214 299 563
238 300 53
220 301 323
248 302 1457
215 303 1092
221 304 1361
288 305 39
212 306 1313
291 307 1892
223 308 132
282 309 1572
279 310 1397
233 311 5
311 312 786
233 312 311
210 313 1325
214 314 127
262 315 1453
315 316 1881
262 316 490
283 317 24
302 318 274
310 319 439
291 320 1539
320 321 908
291 321 397
278 322 1259
307 323 264
305 324 652
231 325 1176
278 326 1275
290 327 1484
264 328 1677
319 329 850
264 330 1885
234 331 888
309 332 1078
223 333 725
254 334 69
253 335 1365
288 336 590
333 337 242
265 338 1279
262 339 1007
256 340 1014
229 341 870
292 342 425
275 343 1271
295 344 141
274 345 1410
243 346 1485
241 347 474
272 348 679
307 349 1627
288 350 1438
263 351 530
330 352 223
283 353 944
285 354 1487
348 355 1010
335 356 1749
257 357 934
269 358 1720
276 359 1375
266 360 1253
337 361 1674
341 362 1360
304 363 648
328 364 1153
356 365 1219
345 366 1459
291 367 1452
282 368 1058
296 369 938
326 370 1610
264 371 860
355 372 877
349 373 1359
265 374 1108
302 375 1895
297 376 1273
316 377 294
364 378 1256
314 379 673
283 380 1876
338 381 1712
346 382 419
303 383 1466
337 384 334
375 385 1015
349 386 1238
369 387 431
387 388 1826
369 388 1172
331 389 455
352 390 1637
364 391 1718
334 392 129
289 393 727
386 394 482
338 395 905
295 396 1794
380 397 925
305 398 1730
355 399 842
330 400 1227
315 401 689
355 402 976
397 403 446
328 404 1567
299 405 395
370 406 1857
371 407 708
391 408 1303
405 409 468
392 410 1028
331 411 355
378 412 1746
404 413 696
356 414 238
414 415 1190
356 415 1663
402 416 400
338 417 1026
360 418 960
412 419 558
281 420 1725
305 421 1332
402 422 641
364 423 489
384 424 331
424 425 1691
384 425 37
343 426 1062
396 427 1064
298 428 1198
297 429 1137
392 430 417
311 431 1241
356 432 1158
341 433 1070
373 434 1345
336 435 1446
320 436 41
338 437 527
386 438 814
301 439 403
353 440 556
306 441 761
298 442 553
393 443 1798
433 444 1307
299 445 867
331 446 1685
328 447 645
351 448 1152
320 449 1314
420 450 545
450 451 1589
420 451 423
352 452 13
303 453 1894
437 454 228
410 455 1030
322 456 1828
443 457 360
351 458 154
458 459 511
351 459 965
367 460 280
366 461 250
415 462 1512
407 463 843
431 464 408
311 465 11
423 466 1728
365 467 1110
410 468 97
324 469 120
382 470 1323
322 471 438
465 472 328
404 473 1370
411 474 710
404 475 1130
434 476 1528
353 477 1016
472 478 81
452 479 810
344 480 819
386 481 822
348 482 519
349 483 804
393 484 840
330 485 609
361 486 687
486 487 1008
361 487 1270
484 488 862
361 489 704
425 490 1472
381 491 791
475 492 476
411 493 1009
381 494 582
438 495 1017
462 496 1640
460 497 1374
363 498 702
477 499 865
361 500 500
456 501 911
367 502 1342
466 503 143
451 504 660
458 505 709
383 506 799
506 507 1682
383 507 453
456 508 1289
480 509 818
427 510 364
374 511 251
448 512 921
408 513 987
513 514 55
408 514 1214
440 515 217
365 516 1899
490 517 1035
475 518 277
432 519 1606
407 520 677
464 521 1331
412 522 624
439 523 1034
473 524 466
456 525 1509
358 526 265
466 527 844
354 528 685
495 529 1055
457 530 893
469 531 853
413 532 458
465 533 1520
418 534 1488
422 535 456
480 536 1823
480 537 434
396 538 997
418 539 1783
539 540 167
418 540 1308
474 541 309
434 542 726
455 543 1626
531 544 62
488 545 879
518 546 1789
404 547 1013
499 548 1854
542 549 1831
390 550 998
416 551 173
445 552 951
502 553 72
531 554 243
543 555 1592
403 556 112
556 557 1052
403 557 890
388 558 33
413 559 513
461 560 1135
384 561 1371
461 562 1658
535 563 286
418 564 1427
497 565 737
477 566 1084
552 567 349
428 568 759
485 569 1729
508 570 1024
431 571 281
424 572 1412
483 573 1437
396 574 682
470 575 1860
559 576 67
519 577 1113
434 578 1724
572 579 1455
471 580 1847
434 581 1164
521 582 904
528 583 188
572 584 171
543 585 738
585 586 503
543 586 742
541 587 618
504 588 252
432 589 801
556 590 1618
571 591 1498
554 592 1762
522 593 1422
566 594 611
544 595 297
452 596 126
552 597 1337
512 598 1299
408 599 845
463 600 543
526 601 1476
556 602 1162
484 603 1732
546 604 1769
591 605 283
455 606 1220
406 607 1257
417 608 1369
422 609 1586
442 610 664
470 611 891
522 612 158
582 613 1267
566 614 1601
468 615 658
581 616 1180
587 617 437
440 618 1678
607 619 1559
546 620 1263
523 621 463
581 622 298
578 623 213
490 624 376
592 625 1759
504 626 1424
545 627 937
595 628 337
469 629 1430
462 630 790
517 631 1608
564 632 713
514 633 1659
607 634 639
536 635 194
525 636 523
538 637 1033
595 638 915
508 639 781
547 640 634
445 641 1334
466 642 190
642 643 692
466 643 972
486 644 935
624 645 720
461 646 1821
624 647 184
472 648 392
534 649 1085
552 650 1739
616 651 246
574 652 541
489 653 1858
531 654 361
618 655 698
449 656 701
444 657 597
543 658 1444
493 659 1465
463 660 549
660 661 961
661 662 504
660 662 1138
548 663 415
593 664 1045
589 665 776
647 666 667
666 667 939
647 667 980
551 668 1117
585 669 427
501 670 999
610 671 680
450 672 719
621 673 1697
484 674 681
586 675 517
616 676 1690
577 677 508
532 678 1402
551 679 1379
593 680 1523
592 681 421
472 682 524
476 683 492
611 684 1504
645 685 1657
584 686 656
651 687 1747
463 688 1643
512 689 856
689 690 182
512 690 1880
569 691 699
619 692 670
656 693 1771
556 694 2
543 695 1581
486 696 307
656 697 346
471 698 564
663 699 407
674 700 148
529 701 1399
626 702 1623
691 703 1120
477 704 1503
621 705 1562
693 706 1593
603 707 1710
567 708 966
513 709 588
593 710 608
541 711 1088
504 712 809
712 713 92
504 713 610
628 714 98
592 715 1044
549 716 1134
703 717 1312
694 718 1449
536 719 1122
578 720 1160
580 721 1150
672 722 1260
612 723 1647
723 724 1748
612 724 1363
721 725 1582
571 726 1304
544 727 219
696 728 909
638 729 591
555 730 930
727 731 457
511 732 1245
501 733 1518
529 734 1533
571 735 1597
652 736 1175
641 737 1418
637 738 1258
618 739 52
739 740 1431
618 740 108
511 741 993
740 742 113
630 743 1779
619 744 1179
609 745 691
579 746 1611
597 747 1121
686 748 873
723 749 1495
507 750 663
531 751 1436
613 752 1381
658 753 1630
674 754 78
754 755 322
674 755 1879
744 756 19
752 757 1107
540 758 654
701 759 510
544 760 1850
734 761 160
761 762 807
734 762 1005
517 763 876
540 764 1554
691 765 1069
622 766 525
575 767 1292
521 768 613
675 769 1115
653 770 1667
650 771 501
712 772 1701
575 773 1614
693 774 794
667 775 43
709 776 740
616 777 497
550 778 1797
693 779 942
528 780 1357
604 781 454
775 782 1852
534 783 971
656 784 1126
693 785 529
595 786 498
702 787 248
576 788 1758
740 789 499
562 790 1280
656 791 1354
582 792 1448
568 793 1065
595 794 1177
779 795 1128
549 796 1471
646 797 48
710 798 1882
583 799 17
645 800 204
625 801 82
653 802 1676
740 803 1155
640 804 1218
762 805 1341
716 806 1131
619 807 502
677 808 1501
718 809 413
643 810 481
652 811 548
811 812 623
652 812 947
781 813 1775
704 814 1545
609 815 1827
686 816 342
546 817 1768
588 818 1864
714 819 552
705 820 1833
713 821 959
566 822 716
593 823 1123
823 824 1041
593 824 1491
558 825 384
701 826 1090
610 827 507
638 828 1293
828 829 1250
638 829 518
694 830 90
658 831 461
818 832 885
832 833 1855
818 833 354
734 834 1414
787 835 1023
603 836 779
771 837 1635
817 838 116
832 839 796
770 840 385
624 841 1861
603 842 567
800 843 1046
729 844 990
653 845 57
716 846 300
689 847 1622
789 848 868
713 849 1063
584 850 1841
579 851 344
573 852 1406
707 853 580
609 854 635
731 855 899
734 856 551
852 857 949
720 858 1221
598 859 1243
701 860 135
839 861 1082
647 862 892
708 863 1818
605 864 1147
776 865 1619
792 866 933
722 867 605
695 868 409
709 869 25
741 870 1600
854 871 333
832 872 758
812 873 181
646 874 520
800 875 1558
776 876 1583
672 877 1814
852 878 662
613 879 1773
706 880 1419
832 881 1235
785 882 1224
605 883 1031
712 884 532
632 885 1598
749 886 1628
642 887 1322
686 888 411
659 889 1662
818 890 79
890 891 1642
818 891 1420
603 892 760
781 893 1649
866 894 1300
809 895 903
661 896 370
868 897 669
726 898 1675
855 899 651
745 900 382
739 901 693
808 902 1499
823 903 1291
903 904 812
823 904 1268
845 905 366
905 906 218
845 906 1887
635 907 846
690 908 1232
875 909 894
790 910 124
711 911 574
736 912 1807
687 913 1480
723 914 1251
765 915 68
686 916 1210
707 917 1737
895 918 1395
742 919 855
892 920 433
628 921 686
708 922 287
735 923 1411
830 924 1812
698 925 477
742 926 736
905 927 209
685 928 1054
928 929 153
685 929 198
918 930 816
708 931 668
748 932 1181
891 933 232
777 934 88
634 935 416
860 936 174
728 937 1819
657 938 1744
837 939 694
939 940 1018
837 940 1358
713 941 1568
824 942 269
888 943 260
828 944 1705
739 945 533
829 946 1570
905 947 1451
902 948 881
886 949 1563
686 950 1288
699 951 772
680 952 1432
908 953 1890
642 954 1516
954 955 559
642 955 572
679 956 697
644 957 1333
764 958 1515
842 959 1324
871 960 1569
783 961 1276
961 962 795
783 962 1893
854 963 352
820 964 505
846 965 512
777 966 368
685 967 1508
967 968 1188
685 968 569
727 969 353
948 970 398
772 971 495
756 972 514
673 973 981
677 974 1351
912 975 94
686 976 1661
880 977 1873
780 978 872
884 979 593
722 980 1036
962 981 432
976 982 1417
916 983 424
805 984 1875
664 985 472
964 986 920
734 987 1042
839 988 661
843 989 544
848 990 538
814 991 1025
918 992 1119
991 993 157
793 994 1753
732 995 83
676 996 858
911 997 1032
768 998 75
978 999 744
871 1000 690
841 1001 880
911 1002 1865
824 1003 1522
895 1004 1200
742 1005 1764
915 1006 42
1006 1007 579
915 1007 1401
824 1008 968
843 1009 550
852 1010 1404
1010 1011 1326
852 1011 381
1002 1012 231
984 1013 1632
871 1014 1878
880 1015 442
974 1016 886
884 1017 443
936 1018 826
832 1019 289
970 1020 1254
802 1021 1664
778 1022 798
903 1023 449
794 1024 1320
819 1025 183
948 1026 268
771 1027 1145
946 1028 1309
758 1029 1883
993 1030 267
952 1031 345
961 1032 161
949 1033 1310
1021 1034 1585
934 1035 898
866 1036 1335
1036 1037 589
866 1037 674
825 1038 1633
915 1039 1474
848 1040 739
928 1041 1799
1041 1042 861
928 1042 1228
1029 1043 313
966 1044 1711
724 1045 1561
797 1046 1116
830 1047 1792
934 1048 1458
735 1049 1157
710 1050 1755
805 1051 1428
1007 1052 1530
755 1053 1641
835 1054 1816
704 1055 1391
815 1056 1225
800 1057 49
1022 1058 789
795 1059 387
1046 1060 1473
892 1061 485
1021 1062 1745
847 1063 273
714 1064 600
1056 1065 122
1048 1066 802
720 1067 1095
723 1068 695
1025 1069 163
799 1070 1037
873 1071 731
836 1072 778
917 1073 748
972 1074 857
903 1075 93
899 1076 1609
763 1077 817
1018 1078 1656
941 1079 828
780 1080 1425
1080 1081 493
1081 1082 839
1080 1082 16
735 1083 1867
812 1084 745
731 1085 583
1029 1086 1506
998 1087 445
865 1088 688
907 1089 1694
834 1090 1470
924 1091 1447
829 1092 276
1092 1093 279
829 1093 1287
893 1094 1074
825 1095 1294
823 1096 901
1096 1097 1367
823 1097 1750
987 1098 750
1070 1099 259
811 1100 464
1048 1101 377
1038 1102 270
994 1103 836
945 1104 1546
1038 1105 1098
1059 1106 448
1106 1107 1231
1059 1107 749
856 1108 118
741 1109 626
768 1110 266
965 1111 604
1111 1112 296
965 1112 1167
1052 1113 1166
760 1114 87
1074 1115 1579
1076 1116 1413
1077 1117 1599
815 1118 402
1004 1119 196
791 1120 1877
962 1121 766
1121 1122 338
962 1122 827
908 1123 201
919 1124 775
1075 1125 640
1072 1126 973
1126 1127 1866
1072 1127 1804
1069 1128 10
850 1129 70
1119 1130 1673
786 1131 1208
929 1132 1012
826 1133 1802
918 1134 429
1094 1135 1529
898 1136 133
1007 1137 1297
1006 1138 65
1071 1139 125
930 1140 1468
900 1141 1770
1092 1142 444
802 1143 234
998 1144 1049
845 1145 6
820 1146 1765
1028 1147 1380
898 1148 58
1053 1149 1244
1133 1150 1482
975 1151 1409
1151 1152 1187
975 1152 222
1081 1153 956
1153 1154 1670
1081 1154 1217
1000 1155 29
987 1156 535
1115 1157 1638
854 1158 244
1085 1159 1212
988 1160 837
839 1161 378
1127 1162 630
1162 1163 895
1127 1163 245
1113 1164 1687
835 1165 919
1077 1166 1105
836 1167 1403
875 1168 414
1162 1169 1091
1027 1170 121
932 1171 1856
1133 1172 1159
1156 1173 948
835 1174 240
1134 1175 1339
1002 1176 918
920 1177 1587
927 1178 1517
843 1179 399
1113 1180 1285
970 1181 1727
1049 1182 447
1064 1183 110
1183 1184 896
1064 1184 1205
829 1185 762
796 1186 34
812 1187 192
1104 1188 1757
801 1189 1689
1189 1190 864
801 1190 954
865 1191 170
858 1192 373
1004 1193 1067
994 1194 1672
1044 1195 391
811 1196 631
959 1197 768
1123 1198 335
871 1199 751
844 1200 139
1161 1201 1646
1002 1202 644
1132 1203 1302
1100 1204 1837
1187 1205 35
920 1206 637
830 1207 943
913 1208 1886
1018 1209 506
822 1210 356
832 1211 1464
1115 1212 389
1210 1213 1709
1014 1214 339
878 1215 1004
1098 1216 1328
1186 1217 236
1173 1218 351
966 1219 823
1022 1220 151
1022 1221 1713
1095 1222 295
844 1223 226
1197 1224 1239
1224 1225 1616
1197 1225 1144
1046 1226 992
1096 1227 528
894 1228 1450
1107 1229 941
886 1230 800
1151 1231 863
928 1232 1146
1124 1233 1653
910 1234 117
869 1235 1193
1120 1236 1896
1066 1237 622
1237 1238 932
1066 1238 1740
974 1239 1264
965 1240 422
957 1241 756
937 1242 86
1036 1243 1493
1180 1244 460
835 1245 562
1157 1246 1075
858 1247 1080
1101 1248 199
1230 1249 746
1249 1250 316
1230 1250 465
1233 1251 1742
871 1252 64
841 1253 147
1164 1254 1835
983 1255 1352
917 1256 1071
1234 1257 302
912 1258 924
1229 1259 488
1100 1260 1002
910 1261 324
900 1262 1057
1013 1263 1612
847 1264 1277
1223 1265 1776
1265 1266 1629
1011 1267 542
1267 1268 436
1011 1268 1000
921 1269 665
1017 1270 1083
1144 1271 1524
1233 1272 621
1272 1273 1366
1233 1273 1234
882 1274 130
895 1275 838
1042 1276 521
958 1277 1817
982 1278 272
1084 1279 450
1023 1280 1526
1204 1281 23
1104 1282 1462
1096 1283 285
1131 1284 1364
1127 1285 1019
901 1286 1319
900 1287 61
1021 1288 824
1084 1289 1385
1057 1290 291
1259 1291 813
1068 1292 982
1140 1293 386
1109 1294 375
1146 1295 314
1083 1296 1679
1131 1297 754
903 1298 1350
979 1299 348
941 1300 1338
1197 1301 1148
1073 1302 1479
1294 1303 632
1131 1304 491
1031 1305 584
947 1306 1607
1306 1307 305
947 1307 516
909 1308 372
947 1309 27
953 1310 1862
892 1311 51
1072 1312 706
1206 1313 1203
1166 1314 783
937 1315 1683
1218 1316 247
913 1317 1435
1148 1318 1355
1017 1319 1696
1170 1320 1594
1036 1321 293
1062 1322 1703
1223 1323 263
1256 1324 1104
1128 1325 50
1090 1326 1874
1188 1327 114
1303 1328 958
1050 1329 1763
1329 1330 320
1050 1330 1492
1268 1331 729
1231 1332 1557
1208 1333 1053
1128 1334 705
1153 1335 1226
1068 1336 1056
1010 1337 166
1290 1338 889
1151 1339 1426
913 1340 1648
1266 1341 1207
1092 1342 358
1296 1343 963
1084 1344 595
1344 1345 1170
1084 1345 871
1073 1346 1813
1304 1347 1809
1162 1348 1027
903 1349 767
1028 1350 917
1196 1351 929
941 1352 1761
1146 1353 617
960 1354 1654
1092 1355 650
1127 1356 1129
1298 1357 1407
1222 1358 587
1031 1359 1100
1187 1360 202
920 1361 653
1174 1362 770
1169 1363 994
967 1364 1551
931 1365 152
1203 1366 1384
1095 1367 782
1367 1368 596
1095 1368 363
934 1369 145
1101 1370 1780
1007 1371 1700
1090 1372 1650
1053 1373 1665
1165 1374 683
1165 1375 1842
1305 1376 451
1370 1377 1141
1134 1378 825
920 1379 747
1336 1380 1290
1253 1381 989
1316 1382 380
1382 1383 326
1316 1383 102
1044 1384 602
1384 1385 1760
1044 1385 312
1260 1386 1097
1261 1387 379
1170 1388 1467
1307 1389 1803
1299 1390 1348
1382 1391 255
1105 1392 1272
1279 1393 684
1341 1394 396
1364 1395 1460
1395 1396 1196
1364 1396 1702
1354 1397 1140
1334 1398 829
1305 1399 509
1016 1400 1109
957 1401 1087
1325 1402 56
1314 1403 625
1182 1404 1680
1207 1405 1808
1275 1406 1368
1023 1407 953
1366 1408 1717
1137 1409 1206
1297 1410 1756
1089 1411 340
1292 1412 359
1392 1413 1490
1241 1414 367
1191 1415 555
1054 1416 146
1413 1417 1486
1417 1418 859
1413 1418 1398
960 1419 1306
1419 1420 288
960 1420 780
1310 1421 261
1421 1422 1825
1310 1422 615
1182 1423 940
1269 1424 1870
1258 1425 841
1374 1426 150
1295 1427 732
1041 1428 711
1267 1429 1772
1180 1430 1136
1116 1431 1655
1252 1432 1011
1123 1433 546
1177 1434 73
1248 1435 1782
1351 1436 480
1402 1437 1571
1402 1438 1853
1281 1439 1001
1034 1440 996
1224 1441 1237
1181 1442 763
1163 1443 66
1085 1444 554
1152 1445 1716
1160 1446 1048
1117 1447 707
1089 1448 1336
1075 1449 105
1098 1450 1346
1091 1451 1624
1243 1452 494
1270 1453 1191
1453 1454 1101
1270 1454 1537
1414 1455 1845
1455 1456 764
1414 1456 131
1447 1457 9
1426 1458 1719
1458 1459 1531
1426 1459 1613
1164 1460 332
1457 1461 1767
1209 1462 1884
1097 1463 230
1463 1464 187
1097 1464 44
1284 1465 848
1150 1466 1156
1298 1467 1625
1304 1468 169
1054 1469 1602
1145 1470 63
1106 1471 1433
1055 1472 8
1415 1473 284
1373 1474 797
1115 1475 142
1266 1476 1805
1074 1477 1400
1477 1478 912
1074 1478 643
1261 1479 1704
1348 1480 1094
1351 1481 733
1294 1482 991
1048 1483 1726
1447 1484 103
1463 1485 175
1220 1486 418
1237 1487 983
1097 1488 1003
1348 1489 988
1489 1490 1513
1348 1490 319
1087 1491 1698
1303 1492 1815
1179 1493 164
1306 1494 165
1125 1495 1795
1495 1496 46
1125 1496 1169
1362 1497 1752
1410 1498 723
1045 1499 755
1277 1500 913
1256 1501 1645
1465 1502 1081
1110 1503 633
1154 1504 1236
1203 1505 282
1144 1506 467
1268 1507 1595
1109 1508 89
1188 1509 577
1509 1510 734
1188 1510 1387
1440 1511 1590
1217 1512 18
1171 1513 765
1384 1514 922
1021 1515 1171
1034 1516 907
1110 1517 638
1502 1518 1549
1114 1519 84
1323 1520 1785
1440 1521 3
1099 1522 540
1449 1523 1372
1302 1524 655
1252 1525 1125
1059 1526 383
1147 1527 777
1276 1528 1327
1167 1529 1538
1373 1530 806
1530 1531 239
1373 1531 1286
1271 1532 1714
1237 1533 614
1440 1534 902
1184 1535 1810
1535 1536 1741
1184 1536 884
1460 1537 730
1420 1538 1527
1082 1539 1547
1145 1540 565
1088 1541 362
1371 1542 923
1193 1543 1330
1302 1544 784
1479 1545 32
1348 1546 1060
1456 1547 1086
1526 1548 1840
1417 1549 874
1259 1550 176
1126 1551 404
1551 1552 1215
1126 1552 1836
1118 1553 515
1130 1554 1102
1055 1555 928
1376 1556 715
1137 1557 308
1280 1558 1584
1060 1559 1262
1083 1560 752
1139 1561 1408
1361 1562 931
1136 1563 1442
1444 1564 123
1175 1565 1736
1247 1566 1295
1330 1567 1423
1348 1568 1507
1209 1569 1127
1236 1570 712
1279 1571 585
1189 1572 657
1183 1573 162
1283 1574 1021
1315 1575 926
1559 1576 430
1362 1577 1068
1201 1578 1443
1578 1579 149
1201 1579 803
1331 1580 224
1264 1581 85
1136 1582 1211
1195 1583 91
1473 1584 1255
1244 1585 1186
1261 1586 374
1076 1587 936
1419 1588 835
1551 1589 341
1190 1590 642
1339 1591 1362
1145 1592 1477
1348 1593 31
1289 1594 526
1068 1595 1382
1211 1596 1822
1596 1597 462
1211 1597 253
1278 1598 1223
1070 1599 203
1496 1600 1249
1198 1601 703
1217 1602 440
1566 1603 1693
1112 1604 1692
1586 1605 1139
1398 1606 301
1297 1607 1386
1607 1608 700
1297 1608 1573
1252 1609 109
1541 1610 1441
1610 1611 805
1541 1611 1469
1400 1612 1389
1529 1613 1560
1313 1614 986
1359 1615 1801
1271 1616 144
1181 1617 205
1438 1618 1274
1581 1619 735
1359 1620 1093
1443 1621 394
1371 1622 1282
1622 1623 1617
1371 1623 59
1307 1624 1521
1376 1625 1481
1486 1626 405
1153 1627 1536
1265 1628 371
1471 1629 185
1204 1630 233
1630 1631 195
1204 1631 601
1186 1632 435
1619 1633 1564
1231 1634 1240
1562 1635 484
1239 1636 592
1524 1637 412
1360 1638 1766
1293 1639 627
1275 1640 256
1165 1641 1743
1367 1642 47
1547 1643 1652
1431 1644 957
1483 1645 1848
1622 1646 675
1646 1647 1301
1622 1647 1621
1152 1648 1315
1452 1649 1734
1500 1650 979
1495 1651 1111
1230 1652 426
1258 1653 714
1139 1654 753
1416 1655 369
1559 1656 1149
1634 1657 155
1531 1658 1580
1322 1659 1039
1587 1660 21
1316 1661 1099
1509 1662 1483
1199 1663 1248
1209 1664 821
1659 1665 649
1523 1666 1456
1236 1667 1421
1631 1668 616
1591 1669 1396
1285 1670 1050
1148 1671 1202
1322 1672 1731
1354 1673 1540
1363 1674 851
1215 1675 628
1505 1676 1197
1535 1677 721
1191 1678 1505
1337 1679 916
1659 1680 1871
1680 1681 847
1659 1681 1329
1325 1682 1811
1346 1683 134
1627 1684 774
1217 1685 1440
1321 1686 278
1228 1687 1511
1651 1688 560
1260 1689 1838
1327 1690 1604
1660 1691 1888
1570 1692 178
1692 1693 36
1570 1693 568
1534 1694 210
1399 1695 1849
1614 1696 1096
1161 1697 1863
1492 1698 410
1487 1699 1577
1344 1700 221
1170 1701 811
1338 1702 459
1587 1703 1089
1357 1704 111
1668 1705 1706
1355 1706 1189
1146 1707 1461
1286 1708 1183
1382 1709 1556
1605 1710 191
1625 1711 952
1235 1712 1478
1425 1713 1416
1440 1714 1620
1545 1715 1777
1481 1716 964
1450 1717 1415
1236 1718 914
1274 1719 1574
1656 1720 1103
1527 1721 1343
1239 1722 900
1385 1723 978
1289 1724 214
1570 1725 671
1397 1726 1684
1170 1727 557
1649 1728 100
1443 1729 1497
1301 1730 401
1684 1731 849
1535 1732 473
1305 1733 216
1275 1734 28
1678 1735 571
1487 1736 179
1486 1737 854
1237 1738 80
1528 1739 1318
1739 1740 1639
1528 1740 1265
1358 1741 1784
1367 1742 14
1465 1743 1634
1697 1744 887
1598 1745 1445
1552 1746 71
1570 1747 107
1202 1748 1532
1748 1749 271
1202 1749 603
1314 1750 1738
1619 1751 1791
1247 1752 792
1464 1753 99
1328 1754 815
1710 1755 1514
1364 1756 570
1673 1757 869
1531 1758 1230
1333 1759 420
1326 1760 678
1614 1761 1897
1447 1762 598
1392 1763 878
1296 1764 1377
1339 1765 1793
1320 1766 852
1631 1767 1047
1729 1768 1182
1613 1769 1133
1364 1770 249
1221 1771 128
1488 1772 1500
1664 1773 1774
1770 1774 1900
1271 1775 1022
1560 1776 1393
1286 1777 1029
1289 1778 393
1693 1779 1174
1439 1780 1061
1720 1781 787
1232 1782 718
1220 1783 327
1278 1784 831
1667 1785 1076
1458 1786 1541
1455 1787 343
1768 1788 1269
1579 1789 946
1360 1790 1786
1438 1791 45
1320 1792 995
2 1791 12
1727 1793 317
1361 1794 1006
1706 1795 470
1448 1796 388
1796 1797 1298
1448 1797 1859
1213 1798 168
1432 1799 537
1348 1800 1872
