1335 2000
1 4 973
4 5 403
1 5 1091
4 6 1792
6 7 823
4 7 1615
1 8 1268
8 9 1199
1 9 1481
4 10 1095
10 11 303
4 11 406
1 12 1132
12 13 198
1 13 407
4 14 1156
14 15 784
4 15 1692
7 16 1016
16 17 1308
7 17 1085
1 18 237
18 19 143
1 19 1627
1 20 1046
20 21 1950
1 21 230
1 22 593
22 23 331
1 23 353
8 24 697
24 25 1968
8 25 414
1 26 1744
26 27 1963
1 27 1865
1 28 1279
28 29 1479
1 29 743
11 30 1035
30 31 791
11 31 1723
1 32 1408
32 33 541
1 33 1015
14 34 1383
34 35 65
14 35 490
1 36 841
36 37 559
1 37 1339
21 38 722
38 39 345
21 39 1825
38 40 1560
40 41 372
38 41 560
1 42 746
42 43 552
1 43 261
1 44 1076
44 45 95
1 45 786
9 46 882
46 47 47
9 47 1289
1 48 849
48 49 1766
1 49 1161
1 50 681
50 51 1622
1 51 174
1 52 147
52 53 1960
1 53 1977
1 54 1755
54 55 1885
1 55 1834
1 56 1238
56 57 662
1 57 933
1 58 1213
58 59 1923
1 59 1328
1 60 1262
60 61 1369
1 61 1652
1 62 144
62 63 1896
1 63 479
1 64 183
64 65 1614
1 65 430
1 66 1533
66 67 62
1 67 754
19 68 695
68 69 1429
19 69 1495
1 70 884
70 71 1790
1 71 112
1 72 1946
72 73 258
1 73 1934
19 74 1309
74 75 935
19 75 1728
1 76 270
76 77 1158
1 77 894
1 78 102
78 79 989
1 79 804
21 80 1223
80 81 807
21 81 1686
1 82 1128
82 83 579
1 83 1974
1 84 318
84 85 1891
1 85 694
1 86 1127
86 87 1796
1 87 1396
1 88 1761
88 89 1637
1 89 873
1 90 1080
90 91 575
1 91 913
1 92 938
92 93 234
1 93 1777
1 94 1101
94 95 851
1 95 1505
1 96 856
96 97 1823
1 97 936
1 98 995
98 99 23
1 99 88
44 100 1556
100 101 1390
44 101 73
1 102 1439
102 103 556
1 103 649
1 104 1311
104 105 1008
1 105 1886
14 106 1201
106 107 543
14 107 950
104 108 642
108 109 184
104 109 625
1 110 1593
110 111 773
1 111 419
1 112 1550
112 113 1554
1 113 1513
1 114 1065
114 115 489
1 115 1726
1 116 675
116 117 583
1 117 1490
54 118 640
118 119 603
54 119 72
1 120 770
120 121 1870
1 121 1232
1 122 1903
122 123 892
1 123 1958
1 124 548
124 125 1304
1 125 91
46 126 158
126 127 350
46 127 1715
21 128 748
128 129 699
21 129 1811
1 130 255
130 131 1014
1 131 540
1 132 1978
132 133 1319
1 133 1643
1 134 1489
134 135 751
1 135 14
78 136 1143
136 137 1405
78 137 1665
1 138 1276
138 139 285
1 139 1525
121 140 831
140 141 299
121 141 1045
1 142 1026
142 143 551
1 143 750
1 144 448
144 145 516
1 145 928
80 146 1493
146 147 1987
80 147 1822
1 148 1420
148 149 358
1 149 1428
1 150 1812
150 151 1875
1 151 1385
123 152 1780
152 153 1057
123 153 1509
1 154 1256
154 155 1109
1 155 547
1 156 782
156 157 27
1 157 768
142 158 1810
158 159 320
142 159 134
74 160 599
160 161 1641
74 161 22
1 162 354
162 163 266
1 163 637
1 164 578
164 165 671
1 165 1402
1 166 1994
166 167 1595
1 167 962
1 168 1147
168 169 597
1 169 1170
1 170 634
170 171 501
1 171 1379
1 172 906
172 173 942
1 173 190
1 174 1612
174 175 514
1 175 104
1 176 1607
176 177 1587
1 177 60
1 178 1691
178 179 1361
1 179 696
1 180 1703
180 181 239
1 181 328
1 182 1863
182 183 283
1 183 109
53 184 275
184 185 1672
53 185 630
1 186 1583
186 187 271
1 187 1904
1 188 918
188 189 1678
1 189 777
81 190 1370
190 191 1364
81 191 1943
1 192 269
192 193 347
1 193 203
1 194 974
194 195 532
1 195 1853
44 196 608
196 197 1454
44 197 1418
1 198 1356
198 199 929
1 199 1990
75 200 1704
200 201 572
75 201 1869
1 202 1553
202 203 206
1 203 390
1 204 451
204 205 1249
1 205 11
1 206 1503
206 207 1070
1 207 757
1 208 370
208 209 1118
1 209 674
1 210 454
210 211 860
1 211 1298
1 212 455
212 213 425
1 213 1864
1 214 1400
214 215 562
1 215 121
204 216 1976
216 217 233
204 217 1945
1 218 1687
218 219 861
1 219 1604
1 220 1842
220 221 1151
1 221 620
1 222 267
222 223 960
1 223 1445
1 224 29
224 225 1229
1 225 772
1 226 1648
226 227 1897
1 227 441
1 228 468
228 229 488
1 229 1152
1 230 732
230 231 564
1 231 1740
1 232 1123
232 233 801
1 233 53
1 234 1259
234 235 284
1 235 767
1 236 1784
236 237 185
1 237 796
1 238 1737
238 239 30
1 239 238
58 240 1650
240 241 379
58 241 664
1 242 218
242 243 964
1 243 1819
84 244 682
244 245 726
84 245 1100
1 246 1240
246 247 1435
1 247 670
116 248 378
248 249 584
116 249 1546
1 250 307
250 251 471
1 251 56
16 252 1711
252 253 1682
16 253 1282
58 254 672
254 255 446
58 255 367
1 256 356
256 257 1198
1 257 467
1 258 1868
258 259 1523
1 259 1380
8 260 615
260 261 1913
8 261 482
37 262 1187
262 263 1305
37 263 300
44 264 1120
264 265 1991
44 265 1230
205 266 1017
266 267 803
205 267 1083
1 268 439
268 269 527
1 269 758
1 270 1409
270 271 440
1 271 1119
1 272 2
272 273 654
1 273 1662
152 274 12
274 275 15
152 275 668
119 276 1521
276 277 1762
119 277 1486
1 278 443
278 279 863
1 279 33
1 280 511
280 281 1745
1 281 1522
1 282 859
282 283 162
1 283 1430
1 284 956
284 285 1621
1 285 1271
199 286 1348
286 287 314
199 287 1394
1 288 1354
288 289 1374
1 289 1437
1 290 93
290 291 893
1 291 1426
225 292 1941
292 293 1440
225 293 1303
1 294 795
294 295 1169
1 295 1203
78 296 397
296 297 401
78 297 336
1 298 1772
298 299 412
1 299 1192
1 300 1617
300 301 377
1 301 1980
230 302 211
302 303 1322
230 303 1635
1 304 301
304 305 1384
1 305 627
221 306 310
306 307 313
221 307 1992
202 308 1292
308 309 1757
202 309 880
103 310 1034
310 311 563
103 311 1876
1 312 1181
312 313 1514
1 313 1020
1 314 1838
314 315 381
1 315 337
201 316 1589
316 317 824
201 317 371
1 318 1670
318 319 1855
1 319 1532
1 320 1962
320 321 538
1 321 645
189 322 686
322 323 90
189 323 1750
1 324 626
324 325 387
1 325 1979
1 326 636
326 327 1759
1 327 616
1 328 957
328 329 338
1 329 167
1 330 48
330 331 760
1 331 1140
1 332 624
332 333 519
1 333 1917
265 334 595
334 335 1290
265 335 1779
183 336 705
336 337 621
183 337 251
1 338 1653
338 339 741
1 339 1549
1 340 1436
340 341 1208
1 341 1373
335 342 881
342 343 1908
335 343 1592
223 344 415
344 345 604
223 345 1115
1 346 257
346 347 839
1 347 212
1 348 612
348 349 1000
1 349 494
113 350 1366
350 351 635
113 351 853
1 352 1735
352 353 1162
1 353 1632
1 354 1280
354 355 398
1 355 953
1 356 1334
356 357 954
1 357 700
1 358 287
358 359 878
1 359 810
1 360 1734
360 361 1776
1 361 1768
1 362 476
362 363 836
1 363 192
1 364 44
364 365 558
1 365 155
1 366 969
366 367 1081
1 367 1603
1 368 228
368 369 181
1 369 739
1 370 828
370 371 209
1 371 59
1 372 877
372 373 1765
1 373 814
1 374 149
374 375 1107
1 375 542
1 376 50
376 377 57
1 377 701
1 378 317
378 379 461
1 379 341
1 380 1951
380 381 1646
1 381 1557
1 382 570
382 383 885
1 383 568
1 384 1542
384 385 296
1 385 1683
1 386 1783
386 387 131
1 387 1193
133 388 1024
388 389 241
133 389 119
1 390 736
390 391 903
1 391 644
1 392 170
392 393 368
1 393 1278
1 394 1582
394 395 1914
1 395 895
1 396 1655
396 397 1468
1 397 1933
1 398 1858
398 399 28
1 399 660
1 400 496
400 401 825
1 401 248
1 402 1688
402 403 235
1 403 1743
379 404 1597
404 405 1484
379 405 173
1 406 512
406 407 1591
1 407 1286
1 408 1831
408 409 289
1 409 1944
1 410 1528
410 411 1177
1 411 517
1 412 1824
412 413 1188
1 413 385
125 414 486
414 415 1729
125 415 902
1 416 1207
416 417 327
1 417 500
40 418 1275
418 419 1186
40 419 493
1 420 159
420 421 481
1 421 453
1 422 1048
422 423 1243
1 423 273
1 424 1263
424 425 663
1 425 1003
214 426 250
426 427 521
214 427 484
238 428 240
428 429 1718
238 429 1517
1 430 172
430 431 1942
1 431 157
1 432 1382
432 433 582
1 433 477
1 434 1013
434 435 1511
1 435 1794
81 436 150
436 437 967
81 437 1793
1 438 985
438 439 1117
1 439 404
228 440 1722
440 441 815
228 441 1530
1 442 1126
442 443 1573
1 443 594
289 444 1444
444 445 80
289 445 632
427 446 357
446 447 1610
427 447 912
1 448 1552
448 449 408
1 449 1781
130 450 366
450 451 242
130 451 376
1 452 1004
452 453 309
1 453 169
1 454 802
454 455 1353
1 455 1993
183 456 1310
456 457 1028
183 457 70
1 458 361
458 459 1254
1 459 1087
1 460 1274
460 461 478
1 461 1625
1 462 1638
462 463 1330
1 463 1515
1 464 1387
464 465 1111
1 465 1023
1 466 123
466 467 97
1 467 264
1 468 31
468 469 874
1 469 188
1 470 531
470 471 561
1 471 1287
1 472 1598
472 473 718
1 473 499
1 474 1909
474 475 1939
1 475 812
1 476 934
476 477 776
1 477 1194
1 478 1146
478 479 1166
1 479 900
1 480 780
480 481 837
1 481 987
1 482 704
482 483 1884
1 483 1918
53 484 749
484 485 52
53 485 1586
1 486 1306
486 487 1657
1 487 362
1 488 1043
488 489 822
1 489 1473
1 490 1767
490 491 1848
1 491 340
340 492 1267
492 493 752
340 493 1295
1 494 580
494 495 1663
1 495 1338
1 496 549
496 497 1899
1 497 503
1 498 1828
498 499 39
1 499 1742
1 500 1210
500 501 58
1 501 1108
1 502 187
502 503 721
1 503 210
1 504 197
504 505 734
1 505 781
292 506 96
506 507 1571
292 507 927
1 508 306
508 509 399
1 509 1544
363 510 491
510 511 857
363 511 1912
1 512 1172
512 513 1142
1 513 1775
1 514 1453
514 515 348
1 515 231
248 516 1956
516 517 175
248 517 1516
1 518 333
518 519 161
1 519 1068
1 520 1971
520 521 710
1 521 279
1 522 1148
522 523 1114
1 523 715
1 524 753
524 525 229
1 525 1620
1 526 17
526 527 1539
1 527 63
1 528 1985
528 529 1255
1 529 1093
1 530 1575
530 531 41
1 531 1821
1 532 961
532 533 926
1 533 436
1 534 351
534 535 952
1 535 941
1 536 1839
536 537 966
1 537 344
1 538 676
538 539 395
1 539 114
408 540 1196
540 541 1160
408 541 116
1 542 1321
542 543 1616
1 543 534
1 544 923
544 545 708
1 545 1628
141 546 555
546 547 656
141 547 1182
511 548 1689
548 549 1029
511 549 1049
1 550 1206
550 551 1720
1 551 728
221 552 5
552 553 470
221 553 596
1 554 1022
554 555 1164
1 555 550
1 556 1144
556 557 1401
1 557 205
1 558 1966
558 559 840
1 559 1922
1 560 1157
560 561 539
1 561 716
1 562 1584
562 563 515
1 563 833
1 564 49
564 565 1999
1 565 1626
1 566 1498
566 567 1200
1 567 1555
29 568 1053
568 569 1565
29 569 67
1 570 1030
570 571 137
1 571 1260
1 572 522
572 573 992
1 573 1666
1 574 139
574 575 761
1 575 1840
1 576 418
576 577 311
1 577 323
1 578 1739
578 579 413
1 579 976
509 580 1175
580 581 1561
509 581 1302
495 582 1997
582 583 979
495 583 1927
1 584 1623
584 585 1116
1 585 129
83 586 698
586 587 879
83 587 1849
1 588 553
588 589 533
1 589 875
1 590 459
590 591 508
1 591 64
327 592 1706
592 593 100
327 593 569
396 594 1105
594 595 1697
396 595 1106
216 596 1602
596 597 1244
216 597 982
1 598 179
598 599 431
1 599 111
258 600 588
600 601 1392
258 601 1494
1 602 1451
602 603 1497
1 603 714
1 604 1007
604 605 618
1 605 581
234 606 1813
606 607 1818
234 607 253
1 608 1541
608 609 1381
1 609 1314
315 610 1019
610 611 1297
315 611 666
1 612 132
612 613 1919
1 613 1365
1 614 1482
614 615 1741
1 615 277
1 616 1347
616 617 1368
1 617 1527
1 618 1986
618 619 811
1 619 1606
1 620 1178
620 621 794
1 621 756
1 622 213
622 623 293
1 623 1313
1 624 1355
624 625 1122
1 625 81
1 626 709
626 627 107
1 627 141
1 628 1512
628 629 133
1 629 1769
337 630 1798
630 631 798
337 631 254
1 632 1190
632 633 1422
1 633 959
1 634 1901
634 635 1685
1 635 972
435 636 1733
636 637 156
435 637 1658
1 638 797
638 639 528
1 639 530
462 640 1518
640 641 421
462 641 487
1 642 1312
642 643 945
1 643 329
1 644 793
644 645 246
1 645 1645
1 646 359
646 647 1025
1 647 800
1 648 650
648 649 1567
1 649 544
421 650 1372
650 651 1069
421 651 948
1 652 1
652 653 286
1 653 1037
1 654 864
654 655 1969
1 655 1566
1 656 869
656 657 1799
1 657 1965
1 658 891
658 659 1270
1 659 1954
476 660 652
660 661 1590
476 661 717
581 662 1809
662 663 113
581 663 1619
421 664 1675
664 665 854
421 665 1466
178 666 1155
666 667 142
178 667 1228
1 668 1664
668 669 1714
1 669 1237
1 670 518
670 671 1450
1 671 1415
529 672 633
672 673 673
529 673 1129
154 674 1351
674 675 901
154 675 152
1 676 1820
676 677 1996
1 677 1359
1 678 1124
678 679 646
1 679 191
183 680 45
680 681 19
183 681 394
1 682 1376
682 683 910
1 683 465
1 684 1795
684 685 826
1 685 693
175 686 577
686 687 965
175 687 208
577 688 1231
688 689 680
577 689 818
1 690 850
690 691 1736
1 691 1983
1 692 1316
692 693 460
1 693 40
615 694 1836
694 695 975
615 695 1789
1 696 1805
696 697 1707
1 697 1815
1 698 1771
698 699 727
1 699 1594
632 700 207
700 701 25
632 701 1920
1 702 628
702 703 819
1 703 1830
1 704 1294
704 705 1236
1 705 847
388 706 1791
706 707 1721
388 707 1131
1 708 224
40 709 1455
709 710 1661
40 710 1806
1 711 1846
711 712 1375
1 712 1097
1 713 1112
713 714 166
1 714 1273
472 715 1397
715 716 774
472 716 971
1 717 305
717 718 1562
1 718 1548
1 719 1866
719 720 1967
1 720 1261
417 721 61
721 722 1887
417 722 1446
1 723 1905
723 724 130
1 724 545
405 725 1089
725 726 396
405 726 1802
1 727 21
727 728 1782
1 728 684
1 729 1317
729 730 1082
1 730 1852
1 731 3
731 732 1424
1 732 789
1 733 1133
733 734 10
1 734 1234
1 735 1063
735 736 1341
1 736 1403
1 737 363
737 738 136
1 738 1417
1 739 1879
739 740 1283
1 740 886
42 741 888
741 742 557
42 742 747
1 743 227
743 744 1332
1 744 692
416 745 1064
745 746 1300
416 746 779
1 747 513
747 748 872
1 748 653
1 749 308
749 750 402
1 750 391
1 751 1291
751 752 932
1 752 343
263 753 1012
753 754 1940
263 754 658
598 755 124
755 756 118
598 756 1005
299 757 1695
757 758 1056
299 758 13
215 759 1094
759 760 1222
215 760 1488
531 761 1929
761 762 1393
531 762 1524
1 763 1924
763 764 492
1 764 1902
259 765 764
765 766 199
259 766 829
1 767 1202
767 768 712
1 768 247
1 769 778
769 770 1226
1 770 1257
1 771 326
771 772 339
1 772 1467
251 773 1538
773 774 994
251 774 16
1 775 835
775 776 110
1 776 1266
700 777 806
777 778 69
700 778 524
169 779 1296
779 780 827
169 780 1543
159 781 713
781 782 1501
159 782 1227
1 783 437
783 784 249
1 784 1671
12 785 763
785 786 1410
12 786 1975
1 787 865
787 788 1640
1 788 611
1 789 925
789 790 1580
1 790 1948
1 791 463
791 792 816
1 792 1881
1 793 1500
793 794 1579
1 794 623
1 795 388
795 796 614
1 796 1787
1 797 943
797 798 1921
1 798 444
1 799 576
799 800 711
1 800 1220
1 801 805
801 802 1427
1 802 380
1 803 8
803 804 845
1 804 154
1 805 1145
805 806 438
1 806 2000
585 807 1845
807 808 820
585 808 619
1 809 506
809 810 1844
1 810 745
1 811 1217
811 812 1288
1 812 82
741 813 1753
813 814 1337
741 814 1681
1 815 1211
815 816 1460
1 816 1281
681 817 1195
817 818 1320
681 818 1134
768 819 115
819 820 1600
768 820 1837
1 821 1149
821 822 1168
1 822 996
1 823 332
823 824 393
1 824 1027
288 825 177
825 826 1816
288 826 1096
181 827 1470
827 828 1052
181 828 999
1 829 79
829 830 1241
1 830 364
1 831 1239
831 832 1814
1 832 629
1 833 890
833 834 1358
1 834 1952
1 835 1746
835 836 1421
1 836 302
650 837 1536
837 838 1357
650 838 1465
622 839 1907
839 840 683
622 840 788
1 841 226
841 842 1150
1 842 1639
1 843 346
843 844 852
1 844 1075
1 845 85
845 846 631
1 846 1526
1 847 1576
847 848 1159
1 848 733
842 849 7
849 850 1701
842 850 983
267 851 423
851 852 1350
267 852 1066
1 853 685
853 854 622
1 854 202
1 855 1508
855 856 585
1 856 37
197 857 526
857 858 1219
197 858 375
445 859 1104
859 860 1878
445 860 1506
9 861 606
861 862 702
9 862 1212
162 863 66
863 864 497
162 864 1121
721 865 457
865 866 1955
721 866 1051
579 867 735
867 868 1163
579 868 911
1 869 312
869 870 1443
1 870 1113
1 871 1634
871 872 867
1 872 435
1 873 182
873 874 389
1 874 724
654 875 1774
875 876 20
654 876 106
1 877 679
877 878 151
1 878 958
236 879 930
879 880 909
236 880 1456
373 881 1033
881 882 1088
373 882 1867
1 883 194
883 884 1221
1 884 808
699 885 449
885 886 1982
699 886 1651
1 887 1425
887 888 1596
1 888 1882
1 889 84
889 890 1972
1 890 689
22 891 1438
891 892 1110
22 892 1938
258 893 529
893 894 1406
258 894 1412
1 895 1215
895 896 738
1 896 51
1 897 1363
897 898 1098
1 898 1880
1 899 1636
899 900 1871
1 900 1860
433 901 1491
901 902 919
433 902 424
1 903 1770
903 904 1272
1 904 1006
1 905 1601
905 906 677
1 906 427
463 907 931
907 908 292
463 908 1251
829 909 1245
909 910 1011
829 910 1510
105 911 263
911 912 1613
105 912 1340
171 913 281
913 914 915
171 914 520
1 915 1564
915 916 920
1 916 86
1 917 280
917 918 1947
1 918 970
1 919 507
919 920 428
1 920 1062
1 921 1018
921 922 1773
1 922 1760
1 923 252
923 924 384
1 924 908
1 925 643
925 926 46
1 926 452
367 927 222
927 928 1569
367 928 691
1 929 1727
929 930 1928
1 930 146
1 931 1937
931 932 896
1 932 1137
1 933 426
933 934 1449
1 934 126
1 935 1067
935 936 1647
1 936 1684
1 937 316
937 938 830
1 938 243
398 939 1099
939 940 1478
398 940 200
1 941 1335
941 942 1763
1 942 43
1 943 400
943 944 1173
1 944 1499
716 945 1336
945 946 1457
716 946 1463
42 947 1002
947 948 1716
42 948 1102
1 949 291
949 950 1702
1 950 217
1 951 1248
951 952 944
1 952 1698
1 953 1092
953 954 1325
1 954 432
1 955 1197
955 956 219
1 956 98
1 957 420
957 958 1633
1 958 1694
410 959 1537
959 960 1547
410 960 365
1 961 505
961 962 429
1 962 1331
1 963 148
963 964 434
1 964 1712
1 965 1732
965 966 1299
1 966 661
1 967 330
967 968 1078
1 968 1452
1 969 1894
969 970 1395
1 970 1001
1 971 898
971 972 1447
1 972 766
1 973 290
973 974 1058
1 974 1315
1 975 1413
975 976 1654
1 976 1925
1 977 1218
977 978 1890
1 978 1801
1 979 1414
979 980 1719
1 980 1252
868 981 993
981 982 1153
868 982 590
28 983 1588
983 984 1235
28 984 1841
1 985 1676
985 986 729
1 986 1581
786 987 1764
987 988 1724
786 988 1961
1 989 1404
989 990 38
1 990 1674
1 991 9
991 992 916
1 992 1502
1 993 602
993 994 1981
1 994 411
1 995 1915
995 996 1135
1 996 196
526 997 171
997 998 1346
526 998 1778
1 999 214
999 1000 897
1 1000 99
1 1001 1577
1001 1002 899
1 1002 844
1 1003 1411
1003 1004 1184
1 1004 1167
1 1005 1483
1005 1006 304
1 1006 1857
1 1007 138
1007 1008 1285
1 1008 1752
50 1009 1277
1009 1010 225
50 1010 1360
535 1011 647
1011 1012 937
535 1012 165
1 1013 464
1013 1014 690
1 1014 771
1 1015 639
1015 1016 955
1 1016 1578
649 1017 1850
1017 1018 409
649 1018 417
1 1019 383
1019 1020 1138
1 1020 204
1 1021 1264
1021 1022 921
1 1022 610
835 1023 1558
1023 1024 657
835 1024 1738
1 1025 474
1025 1026 94
1 1026 1786
1 1027 1861
1027 1028 1250
1 1028 1433
415 1029 1154
1029 1030 785
415 1030 1916
674 1031 907
1031 1032 571
674 1032 1165
522 1033 759
1033 1034 1892
522 1034 369
937 1035 1434
1035 1036 1072
937 1036 504
320 1037 163
1037 1038 1608
320 1038 667
922 1039 298
1039 1040 164
922 1040 846
1 1041 145
1041 1042 567
1 1042 1529
1 1043 1659
1043 1044 55
1 1044 866
1 1045 1071
1045 1046 1877
1 1046 1367
1 1047 848
1047 1048 978
1 1048 968
1 1049 1731
1049 1050 1386
1 1050 1572
149 1051 755
1051 1052 1570
149 1052 659
1 1053 1803
1053 1054 790
1 1054 1265
491 1055 1496
1055 1056 1519
491 1056 1185
329 1057 1179
1057 1058 1474
329 1058 586
279 1059 274
1059 1060 838
279 1060 1631
1 1061 723
1061 1062 260
1 1062 1469
1 1063 469
1063 1064 986
1 1064 605
1 1065 510
1065 1066 160
1 1066 1044
706 1067 245
1067 1068 1326
706 1068 601
1 1069 703
1069 1070 1754
1 1070 1224
215 1071 1352
1071 1072 889
215 1072 546
1 1073 324
1073 1074 1705
1 1074 924
1 1075 259
1075 1076 1551
1 1076 1808
1 1077 665
1077 1078 1988
1 1078 256
1052 1079 1362
1079 1080 92
1052 1080 6
1 1081 809
1081 1082 445
1 1082 1629
246 1083 990
1083 1084 783
246 1084 422
1 1085 71
1085 1086 871
1 1086 1797
376 1087 687
1087 1088 843
376 1088 24
42 1089 813
1089 1090 1618
42 1090 1730
1 1091 1585
1091 1092 525
1 1092 1431
1 1093 1301
1093 1094 450
1 1094 1343
1 1095 128
1095 1096 688
1 1096 1258
1 1097 1176
1097 1098 236
1 1098 1883
800 1099 195
1099 1100 1873
800 1100 963
347 1101 566
1101 1102 1398
347 1102 334
1 1103 1677
1103 1104 355
1 1104 1324
161 1105 87
1105 1106 502
161 1106 1458
1 1107 589
1107 1108 1709
1 1108 725
1 1109 951
1109 1110 1559
1 1110 1964
1 1111 1059
1111 1112 405
1 1112 737
1 1113 997
1113 1114 201
1 1114 855
1 1115 1749
1115 1116 1888
1 1116 1900
1 1117 472
1117 1118 1171
1 1118 272
932 1119 1898
1119 1120 1480
932 1120 991
1 1121 1472
1121 1122 1649
1 1122 278
1 1123 1826
1123 1124 1893
1 1124 1216
393 1125 374
1125 1126 573
393 1126 1399
134 1127 947
1127 1128 117
134 1128 322
1 1129 598
1129 1130 817
1 1130 1829
1 1131 262
1131 1132 18
1 1132 1713
1 1133 1432
1133 1134 1130
1 1134 1872
1 1135 887
1135 1136 1423
1 1136 1989
1 1137 1895
1137 1138 1269
1 1138 1419
30 1139 265
1139 1140 295
30 1140 1605
1 1141 883
1141 1142 1040
1 1142 1998
1018 1143 1656
1143 1144 1862
1018 1144 373
1 1145 1441
1145 1146 1693
1 1146 998
1099 1147 186
1147 1148 1416
1099 1148 1751
540 1149 638
1149 1150 1464
540 1150 821
1 1151 1055
1151 1152 655
1 1152 42
1 1153 1476
1153 1154 1758
1 1154 168
167 1155 1388
1155 1156 108
167 1156 617
1 1157 1630
1157 1158 1568
1 1158 1442
968 1159 949
1159 1160 535
968 1160 523
318 1161 1031
1161 1162 352
318 1162 1531
590 1163 862
1163 1164 342
590 1164 917
4 1165 744
1165 1166 600
4 1166 34
1 1167 416
1167 1168 1247
1 1168 1931
1 1169 1889
1169 1170 1667
1 1170 480
1 1171 1717
1171 1172 1507
1 1172 1214
1 1173 1599
1173 1174 76
1 1174 1788
1 1175 458
1175 1176 1725
1 1176 485
499 1177 1378
1177 1178 127
499 1178 410
675 1179 1407
1179 1180 1475
675 1180 554
992 1181 68
1181 1182 730
992 1182 537
818 1183 939
1183 1184 1349
818 1184 1042
1 1185 442
1185 1186 1377
1 1186 1307
1 1187 765
1 1188 536
1188 1189 135
1 1189 1492
1 1190 498
1190 1191 223
1 1191 669
1 1192 1086
1192 1193 574
1 1193 349
1 1194 1973
1194 1195 1534
1 1195 1189
951 1196 1756
1196 1197 1038
951 1197 101
1 1198 1054
1198 1199 4
1 1199 651
1 1200 648
1200 1201 1021
1 1201 125
1 1202 1624
1202 1203 940
1 1203 980
335 1204 1911
1204 1205 1462
335 1205 1084
14 1206 1574
1206 1207 1874
14 1207 1039
355 1208 1060
1208 1209 1843
355 1209 1609
42 1210 988
1210 1211 232
42 1211 189
1 1212 220
1212 1213 904
1 1213 1242
1 1214 1041
1214 1215 1233
1 1215 1957
1 1216 905
1216 1217 360
1 1217 1009
1 1218 792
1218 1219 216
1 1219 140
1176 1220 613
1220 1221 54
1176 1221 1679
1 1222 1936
1222 1223 742
1 1223 1690
780 1224 1050
1224 1225 607
780 1225 1959
860 1226 1984
1226 1227 78
860 1227 1926
1 1228 1036
1228 1229 1225
1 1229 466
684 1230 799
1230 1231 858
684 1231 1471
285 1232 325
1232 1233 1807
285 1233 1209
1 1234 1205
1234 1235 1061
1 1235 1953
1 1236 731
1236 1237 876
1 1237 1520
1 1238 1970
1238 1239 1090
1 1239 288
1 1240 1910
1240 1241 473
1 1241 1995
1 1242 1504
1242 1243 592
1 1243 1949
1 1244 1345
1244 1245 1535
1 1245 1710
1 1246 268
1246 1247 315
1 1247 36
506 1248 1073
3 1248 1318
3 506 382
1 1249 297
1249 1250 176
1 1250 1344
1 1251 1696
1251 1252 1644
1 1252 1804
1 1253 221
1253 1254 462
1 1254 1563
1 1255 1284
1255 1256 1103
1 1256 1342
1 1257 1183
1257 1258 1327
1 1258 1642
1 1259 719
1259 1260 77
1 1260 153
567 1261 1077
1261 1262 1668
567 1262 1748
764 1263 1461
1263 1264 122
764 1264 1545
1 1265 1680
1265 1266 1448
1 1266 1700
1 1267 89
1267 1268 335
1 1268 1673
488 1269 740
1269 1270 1669
488 1270 946
1 1271 1141
1271 1272 178
1 1272 276
1 1273 1079
1273 1274 1930
1 1274 1253
803 1275 509
1275 1276 706
803 1276 1854
221 1277 1800
1277 1278 762
221 1278 386
1 1279 587
1279 1280 1487
1 1280 1540
298 1281 495
1281 1282 720
298 1282 914
57 1283 1047
1283 1284 1191
57 1284 834
808 1285 83
1285 1286 1139
808 1286 1459
1 1287 1835
1287 1288 870
1 1288 1389
1 1289 1136
1289 1290 1906
1 1290 1747
1 1291 1935
1291 1292 591
1 1292 105
1 1293 1932
1293 1294 1827
1 1294 1391
1 1295 1333
1295 1296 707
1 1296 1125
1 1297 433
1297 1298 641
1 1298 282
1 1299 609
1299 1300 321
1 1300 103
584 1301 1371
1301 1302 1180
584 1302 1859
233 1303 26
1303 1304 565
233 1304 1246
710 1305 1847
2 1305 984
2 710 1293
1 1306 769
1306 1307 1817
1 1307 180
1 1308 1832
1308 1309 74
1 1309 1477
1 1310 475
1310 1311 35
1 1311 1660
1 1312 981
1312 1313 832
1 1313 1074
1 1314 32
1314 1315 977
1 1315 1851
530 1316 775
1316 1317 1329
530 1317 1785
1 1318 120
1318 1319 1174
1 1319 319
1 1320 75
1320 1321 193
1 1321 483
1 1322 447
1322 1323 1485
1 1323 1323
1 1324 1032
1324 1325 1833
1 1325 787
1 1326 922
1326 1327 215
1 1327 1611
1 1328 1699
1328 1329 294
1 1329 392
554 1330 456
1330 1331 678
554 1331 244
1 1332 1856
1332 1333 1010
1 1333 868
1 1334 1708
1334 1335 842
1 1335 1204
