782 784
703 224 198
486 455 209
167 466 587
553 618 751
267 355 142
305 604 574
750 495 188
419 286 16
558 467 598
286 75 67
777 472 668
2 526 62
2 262 70
136 459 761
622 627 467
398 781 8
13 107 408
642 170 694
591 291 236
467 482 205
346 123 662
147 239 480
215 413 622
54 358 335
2 53 143
106 614 454
35 713 249
764 717 138
119 40 192
755 56 783
454 456 230
100 137 243
2 769 47
485 532 189
563 68 87
481 282 376
568 530 767
58 260 623
464 411 624
287 408 517
675 782 626
2 184 52
679 180 114
711 32 690
544 396 223
19 109 621
310 572 33
514 504 428
712 306 79
97 642 102
311 744 242
760 553 42
297 498 505
395 412 125
2 99 720
590 172 387
2 18 197
90 462 600
2 14 516
131 425 479
238 718 301
620 665 12
338 662 564
2 171 678
604 567 620
2 142 683
761 361 10
456 304 149
445 735 515
479 310 13
154 91 672
666 368 349
29 605 617
690 21 181
581 378 492
342 414 108
2 394 642
574 493 201
689 140 49
239 311 300
519 566 323
2 354 163
179 721 571
424 370 679
2 337 528
682 15 320
140 2 35
289 487 579
288 19 375
2 536 191
7 27 166
82 267 430
631 557 782
2 635 599
600 716 639
46 700 330
193 441 474
389 759 659
144 33 597
778 693 178
556 746 543
469 7 50
293 647 671
448 534 331
2 161 486
531 363 753
221 118 684
143 681 76
617 678 297
345 150 322
2 512 691
150 195 693
390 644 523
2 714 43
116 270 308
2 135 484
668 308 567
366 667 286
2 334 625
218 393 313
81 249 281
662 293 206
647 318 390
2 619 275
292 147 54
2 294 380
552 31 728
8 570 237
2 371 749
466 652 707
650 636 557
570 155 374
625 97 418
567 483 687
313 421 368
2 520 730
540 52 703
687 143 28
220 203 202
719 448 379
2 245 545
612 34 5
109 745 25
2 149 633
416 213 510
491 409 283
412 73 558
534 424 685
2 488 68
319 166 723
423 775 218
336 261 582
56 124 731
392 105 569
52 712 619
500 774 334
68 26 295
472 167 199
134 640 674
176 35 388
165 601 608
2 521 711
699 583 82
130 689 461
291 255 746
735 58 91
686 366 478
2 169 310
726 360 580
325 392 204
593 562 359
685 263 559
181 608 551
717 139 726
2 450 226
2 159 183
2 30 604
437 387 100
493 398 370
768 492 397
411 765 74
657 12 575
248 523 176
2 639 464
2 178 676
2 546 346
89 491 547
2 405 7
2 734 34
261 729 495
463 768 90
2 257 29
433 547 493
22 125 396
2 683 718
213 428 585
428 685 57
2 356 1
295 231 158
477 206 572
274 767 78
65 98 139
495 703 651
155 173 170
413 741 20
196 292 122
340 660 306
664 586 342
2 522 2
524 543 282
2 773 227
658 348 735
743 86 496
2 223 661
120 664 403
608 287 371
298 25 460
32 43 151
584 205 588
328 284 271
767 464 592
206 144 384
355 457 45
2 452 652
61 110 697
367 551 175
646 578 211
2 669 481
2 87 538
2 85 31
576 37 326
474 437 373
665 5 556
259 649 239
645 525 576
2 189 19
465 754 128
2 212 420
2 114 234
387 216 610
480 50 760
278 108 51
121 38 32
2 648 350
284 502 247
83 297 737
2 57 245
25 207 755
2 602 27
2 254 603
360 168 740
264 552 772
694 236 440
166 248 278
63 352 378
204 728 455
107 383 525
649 698 445
2 598 758
432 327 618
2 76 630
373 145 277
182 680 712
2 299 548
596 654 491
2 349 524
279 129 273
434 71 752
2 117 450
700 611 536
2 335 220
671 494 293
2 80 267
632 218 451
123 710 124
561 138 738
351 192 262
2 329 254
2 528 664
296 780 716
306 389 121
2 302 210
471 88 146
187 591 424
636 568 299
275 268 118
74 600 321
671 403 447
236 234 341
588 510 463
211 533 366
654 42 744
2 565 272
277 668 296
111 136 157
2 404 294
2 273 109
470 582 369
2 458 285
737 185 80
408 332 61
23 558 402
425 328 415
633 183 508
301 431 509
473 215 207
2 691 411
122 686 115
545 49 727
442 47 168
234 331 699
86 440 698
2 48 120
415 359 733
408 515 453
2 79 562
733 365 721
745 119 352
775 16 714
260 544 86
230 8 287
95 733 110
231 690 81
667 386 444
393 288 553
348 96 231
2 723 745
601 174 426
611 748 566
2 704 96
42 148 104
739 576 602
323 83 736
2 507 156
2 475 24
199 556 577
2 341 377
640 133 466
173 724 441
1 163 595
2 93 289
222 373 208
163 445 710
153 758 573
2 484 756
468 592 186
2 77 425
258 432 763
634 290 72
186 176 244
688 720 757
2 6 318
762 590 422
676 696 412
615 737 549
746 615 615
530 679 519
421 574 743
2 177 171
695 447 423
779 461 534
203 606 546
2 501 700
303 175 497
110 134 560
37 661 291
33 763 741
781 580 135
2 476 298
118 345 179
324 111 216
2 126 682
15 309 232
443 276 132
2 555 89
64 777 36
326 545 337
406 325 255
742 74 140
438 486 126
322 711 383
11 23 395
59 17 381
510 451 222
55 346 490
363 232 701
2 372 56
2 379 160
5 517 765
34 671 123
235 497 759
72 61 406
309 634 511
573 277 578
88 687 382
482 78 194
2 280 180
210 506 645
2 102 475
2 670 734
384 485 407
422 535 302
718 616 215
724 375 702
2 350 472
2 227 392
2 162 401
754 645 17
2 653 431
156 112 706
595 505 307
2 66 354
2 436 601
444 295 568
2 417 303
175 430 732
96 251 483
623 596 133
606 199 688
369 9 238
517 650 469
2 550 353
548 757 360
2 20 284
559 321 347
2 146 328
191 338 692
2 198 48
2 317 768
270 477 92
382 259 409
710 479 696
2 629 643
2 541 487
2 503 784
543 296 581
459 624 561
2 343 663
2 499 459
431 395 253
138 101 339
132 326 541
1 305 605
16 22 324
2 702 258
263 384 584
2 418 288
721 732 709
2 347 634
141 715 269
2 84 274
583 750 520
26 622 315
217 561 26
2 24 256
330 707 512
2 265 769
2 113 657
207 312 439
2 564 217
483 433 164
539 620 531
332 460 290
504 279 184
2 549 563
2 630 338
624 154 15
2 209 489
2 674 421
509 612 485
386 121 724
244 201 405
352 217 612
36 211 97
557 141 399
2 152 498
562 454 504
518 633 167
2 571 60
38 623 22
728 554 228
446 253 708
282 92 417
532 692 116
497 362 470
715 595 105
582 756 434
706 235 616
94 736 468
2 256 385
655 599 265
378 739 75
300 406 193
2 638 780
249 376 190
361 200 213
763 156 364
678 584 476
613 513 586
2 357 673
713 747 554
2 701 591
605 320 614
2 752 477
2 771 53
729 307 649
47 182 644
426 478 304
125 45 305
2 740 145
566 120 393
508 540 456
592 416 762
2 202 669
105 722 69
160 560 59
108 340 40
2 766 771
2 241 357
2 697 452
21 196 667
2 364 590
137 81 113
9 164 266
765 755 257
554 631 636
170 719 627
31 770 85
2 157 607
462 480 628
2 772 462
133 559 704
41 303 653
447 221 361
494 225 638
2 391 270
708 518 680
589 3 229
449 214 640
748 577 778
2 226 442
644 59 654
490 401 101
774 524 632
529 762 141
246 230 362
533 688 187
164 382 264
27 272 355
626 469 656
112 742 173
168 531 776
2 44 325
2 637 501
2 219 722
2 603 233
2 610 131
478 300 147
2 281 172
2 39 365
460 490 437
381 255 316
560 165 465
707 548 63
243 258 729
2 641 329
2 188 117
727 301 414
730 246 154
597 130 675
2 402 83
290 278 200
62 41 344
320 761 6
383 238 182
652 474 235
496 508 336
2 190 394
2 385 88
663 496 169
2 673 436
757 336 152
430 587 773
2 579 446
2 628 196
661 316 499
722 380 3
2 659 219
2 197 666
4 399 522
511 369 502
513 764 221
627 594 774
139 423 613
585 419 340
400 122 739
725 237 99
365 743 9
696 367 94
251 351 58
321 289 413
380 322 332
732 538 250
487 344 177
271 585 443
201 160 641
397 632 529
2 435 161
741 738 779
401 621 240
362 705 742
200 625 473
457 471 594
78 65 503
451 13 356
148 444 488
10 36 73
43 776 260
195 509 155
316 666 65
2 410 46
272 243 23
158 727 38
333 749 39
308 514 119
2 67 41
104 588 527
92 229 530
376 429 715
214 298 261
2 266 647
2 731 544
698 4 144
747 46 449
575 617 655
2 656 526
192 95 695
2 489 535
515 158 95
2 269 539
2 537 606
3 675 77
403 415 433
2 751 507
331 220 398
618 55 766
358 94 631
2 677 660
429 400 506
396 342 705
2 420 203
498 529 224
45 330 533
705 408 542
2 127 635
776 726 550
71 470 458
185 10 689
353 181 98
225 434 648
523 72 214
2 377 21
359 643 438
304 244 279
307 153 748
756 323 589
101 613 521
216 274 11
40 753 514
375 116 681
594 778 103
285 779 71
205 54 500
2 247 159
318 100 570
174 187 185
2 69 770
753 575 64
268 313 84
327 104 537
237 90 670
312 676 372
572 589 66
660 63 107
440 11 148
2 651 717
145 671 134
720 725 419
103 333 658
17 597 44
129 397 111
614 275 427
253 29 112
547 89 18
599 730 637
2 128 432
2 51 225
427 443 312
759 324 311
680 539 363
73 210 386
250 694 404
586 388 137
2 609 532
229 708 650
681 426 410
374 626 130
414 82 482
2 516 448
693 519 343
180 593 162
2 194 263
98 706 725
535 682 319
388 285 629
2 228 280
224 468 686
692 442 195
2 242 750
770 179 55
738 271 317
577 381 555
2 70 150
580 695 471
621 374 713
124 422 174
2 607 309
2 151 127
461 446 565
780 204 136
744 465 153
12 663 416
2 542 314
455 573 400
749 657 212
2 252 333
2 439 246
616 60 276
315 64 596
506 103 251
716 407 367
183 222 611
93 250 358
368 655 292
492 131 327
2 208 165
276 315 775
407 658 665
172 500 129
505 511 719
2 233 4
2 283 268
587 193 106
2 672 781
2 569 248
551 699 345
314 390 351
502 132 259
75 191 391
758 481 241
525 563 14
2 339 513
50 106 348
2 453 777
2 527 389
2 28 646
2 709 37
578 438 429
782 319 457
643 646 677
538 463 518
2 684 252
91 62 583
232 581 593
441 314 747
370 353 552
49 186 764
2 115 540
60 427 609
344 264 494
736 760 754
2 240 93
409 473 30
399 449 435
