1350 1350
2 679 419
957 1199 963
737 661 513
59 595 1155
2 431 216
526 277 1150
1334 971 67
2 219 1199
518 946 724
210 1037 897
2 965 1142
489 1035 63
632 478 284
2 360 815
1049 1189 56
879 1267 456
346 139 1014
278 554 593
2 195 1115
3 143 878
602 34 1187
858 1251 463
926 783 751
2 1162 427
1320 528 205
147 872 324
1193 1191 180
1277 46 215
2 29 99
889 657 484
2 343 495
2 331 959
79 620 1130
2 1324 573
163 346 543
206 197 387
2 560 1071
1255 1109 966
242 168 1244
2 1171 61
2 458 262
301 867 66
610 639 831
2 1081 289
702 541 1173
226 1260 359
267 823 330
1206 423 875
2 991 1169
115 934 804
2 136 104
2 26 55
1178 1112 863
815 1285 1210
372 577 52
2 200 15
768 1026 740
1031 476 902
104 589 470
1076 917 793
495 105 40
967 114 889
1285 1024 12
1329 433 380
2 723 985
2 794 42
2 1289 7
713 473 1218
233 1147 621
2 635 168
543 571 302
2 1136 706
1203 156 1108
2 1340 532
1328 1091 303
497 327 674
1091 760 1222
2 1111 748
2 325 183
17 405 1338
830 1210 147
125 411 156
14 979 930
1323 860 406
232 602 1100
507 1175 1335
2 844 245
2 65 780
807 70 799
2 461 413
549 924 1083
2 534 1221
1069 24 519
2 43 923
2 684 743
1095 289 718
1266 651 778
2 700 556
305 1020 29
1238 82 1144
676 1016 197
574 1291 127
552 1068 754
895 558 51
211 1344 426
417 280 228
2 998 787
80 531 272
551 810 1137
329 1069 1270
981 292 218
2 764 405
707 403 993
524 837 403
1168 334 802
793 437 159
557 386 149
477 515 423
876 206 589
2 1028 759
474 591 320
747 384 918
491 1255 844
156 623 1195
421 1273 305
850 217 635
2 86 102
1173 261 926
1006 181 494
1299 117 298
479 44 265
758 1284 684
2 1347 561
105 687 803
587 151 489
584 942 554
717 638 896
159 1259 277
753 414 235
1040 779 764
2 514 1055
2 130 357
167 1009 1085
2 927 379
799 902 524
1056 1248 1106
2 950 81
381 526 846
386 951 117
750 803 944
194 463 297
2 769 839
241 210 597
1261 370 349
469 796 689
2 106 82
137 609 984
980 1059 879
2 248 116
2 611 811
2 308 396
675 715 1025
178 201 340
1086 163 1027
1236 553 731
394 439 281
1098 387 1087
1127 791 70
345 22 407
655 617 868
2 564 301
583 172 1303
170 787 493
2 496 733
783 372 417
71 566 852
511 1132 1269
1055 1297 708
852 297 450
1200 1195 27
1191 1100 1241
1125 12 1245
884 889 79
2 682 462
539 272 348
1163 925 410
1291 524 429
93 578 774
251 856 813
649 91 233
595 811 739
148 301 953
2 943 973
2 849 931
1146 774 858
2 4 1242
2 683 101
619 271 591
593 373 471
2 975 1074
1073 196 550
1210 454 490
1159 159 713
733 1331 1131
795 315 25
1296 479 214
800 1148 442
894 846 398
2 174 323
2 480 946
230 984 592
686 258 978
459 345 343
2 1131 206
1114 230 28
492 253 5
504 1074 789
1156 625 111
2 348 460
493 1327 1177
2 388 816
101 499 601
2 452 692
825 1300 634
39 768 662
749 309 876
1051 1198 533
2 471 106
87 637 459
863 744 679
2 193 590
327 1318 856
2 152 190
429 1236 1309
1109 16 139
2 347 486
1318 77 910
810 1107 1099
1068 742 769
678 1197 1157
656 93 1314
780 192 529
385 27 1225
790 573 1176
157 1310 87
990 180 941
1108 688 664
1083 1329 974
2 1010 783
2 585 1118
2 400 1076
2 52 737
2 490 853
701 799 603
985 982 1132
756 38 1090
2 287 1145
311 1066 972
1262 580 670
2 285 824
2 801 454
221 636 41
379 311 632
1066 1277 308
2 63 131
2 738 1209
460 124 1107
13 1040 681
572 1159 437
2 634 892
575 579 537
535 966 108
1144 961 818
37 362 1105
297 915 678
24 520 913
2 789 138
695 1250 1267
1172 395 596
569 1019 729
102 863 166
418 841 979
2 627 1226
2 754 13
362 146 1138
463 1311 1050
2 542 1104
336 1299 598
842 422 44
487 669 1347
2 1228 736
426 1065 436
2 465 1103
2 68 1231
2 1041 300
2 49 1259
804 685 151
2 1177 130
2 855 784
403 203 295
772 204 171
2 424 71
2 929 75
349 563 653
1141 1174 125
1115 675 961
74 104 378
834 624 264
1227 525 522
2 319 381
1157 483 643
314 286 572
2 615 401
124 1055 893
2 1305 469
620 672 402
639 980 1277
2 1139 1301
2 8 1300
2 1241 121
1170 57 1003
169 1167 938
229 782 209
353 1204 26
367 129 744
2 530 1281
898 53 638
503 110 1246
1132 1097 385
263 1113 47
1045 169 637
2 1104 339
506 1057 825
2 164 1272
2 603 441
50 109 761
2 188 1282
1308 484 1010
977 1249 332
1013 678 163
577 654 827
2 1215 580
835 1142 213
444 455 1321
873 676 465
235 523 800
2 588 1072
405 1110 185
847 244 154
172 358 721
2 1082 1318
805 751 1227
1024 1178 525
1350 1309 408
139 1304 607
2 1118 958
628 138 142
143 587 563
1225 1173 46
2 798 1082
384 876 453
2 970 1206
914 835 738
731 367 370
1237 853 842
326 547 577
2 959 474
1335 267 680
25 725 1337
2 1316 364
763 1343 1020
2 1226 1095
42 1268 1213
663 1102 1126
1213 342 1088
529 229 587
846 1192 411
606 1152 307
44 957 144
2 517 64
1327 434 310
1009 537 1156
2 1229 757
2 1060 1151
1 363 329
2 1145 1344
2 1221 36
1339 575 1052
728 468 393
468 1292 1005
404 1092 455
2 234 1275
82 544 389
833 633 841
1267 857 1114
399 112 161
875 1265 1342
41 1051 208
189 47 691
2 824 1167
455 740 313
2 352 316
2 960 114
2 482 611
836 81 112
2 341 84
272 64 169
2 848 354
803 323 491
934 491 186
414 67 377
2 614 1315
601 1212 90
1274 500 668
2 1330 552
968 559 968
2 748 175
652 1217 758
631 865 1
1190 689 880
2 1314 1170
117 1061 1152
1143 178 118
1182 854 492
334 255 606
523 879 105
203 988 24
1188 85 650
2 697 187
2 36 1089
995 185 1197
618 274 477
996 344 770
134 584 1332
1273 1243 1080
244 116 292
2 653 269
306 214 619
774 1088 449
2 1079 1322
558 466 335
796 1187 207
1044 887 521
2 681 1123
151 1044 1136
1304 71 687
1122 137 604
659 39 582
544 2 439
2 154 179
133 1155 785
2 519 1022
2 816 361
541 237 261
261 233 391
1295 981 16
2 706 890
1310 1070 776
467 565 229
1286 6 219
260 357 608
499 1058 184
720 74 22
1303 543 659
2 962 345
901 1227 575
1258 1127 515
621 100 583
948 390 315
223 1232 59
609 663 199
46 538 790
280 462 912
204 33 367
2 249 1204
528 1335 1037
2 293 432
2 1313 833
710 1253 506
118 170 562
589 954 1178
363 833 1054
2 567 745
2 576 30
1202 793 1007
273 572 236
185 508 624
2 430 511
2 183 135
2 55 202
397 429 409
1019 1053 424
64 121 173
2 952 129
1244 527 31
2 721 962
837 987 1331
448 785 1262
1332 251 1349
2 76 765
316 1149 861
387 875 1039
2 1281 1016
677 326 567
126 741 722
910 158 479
771 619 1134
1192 1238 1180
785 840 1163
2 732 965
1326 349 488
851 518 1065
2 734 3
1279 977 1302
2 1000 467
2 144 735
935 118 1252
2 536 832
351 805 93
220 1062 843
2 704 443
2 1004 309
945 444 1202
2 96 145
598 394 353
149 648 558
2 1223 698
32 752 935
56 402 242
2 817 1024
905 836 1216
10 364 74
1124 1240 227
2 166 1326
187 731 805
625 670 798
457 730 271
579 141 1240
2 62 952
190 493 909
2 416 1266
2 371 996
2 250 35
451 1153 677
2 976 622
624 1242 905
2 486 859
236 453 1053
2 1018 877
2 382 201
2 276 925
1246 448 415
2 449 772
38 240 136
2 383 997
900 1307 98
12 1001 649
1222 552 526
1152 749 1056
693 737 1238
227 1056 133
556 381 480
2 802 358
281 883 881
370 1133 916
1186 597 651
2 540 504
2 644 1073
2 176 882
277 32 1139
2 1278 1184
47 647 312
1321 495 34
2 266 1068
2 955 466
119 25 821
2 1071 366
1155 351 1046
2 788 937
91 418 342
237 551 1341
2 645 448
2 1272 468
1256 13 1265
1175 379 654
1265 733 1292
2 546 376
633 759 829
2 1093 119
413 369 231
2 909 198
1230 1315 211
2 173 18
1052 177 779
2 778 847
1116 132 279
2 350 153
2 419 288
555 318 666
1062 712 967
2 622 222
2 1224 1006
2 108 254
545 316 447
2 906 1193
2 1134 425
2 719 355
2 838 461
2 90 819
342 487 1127
1063 561 404
110 726 849
1158 1150 964
1201 1182 869
1243 1121 837
132 1158 1135
11 149 1041
2 407 1069
2 1341 438
2 179 1004
238 133 69
484 1271 545
406 990 797
925 467 487
67 1239 655
2 1047 749
192 1339 1159
483 153 1036
2 870 1017
321 770 1291
520 115 891
1205 1011 263
2 904 1254
2 949 224
2 944 126
841 713 989
2 626 331
2 938 327
53 222 1284
1333 245 766
298 1334 1015
1183 1263 970
16 288 311
2 992 1276
85 501 939
1280 209 1333
2 516 1264
1161 10 1002
727 847 557
295 92 428
2 208 566
642 1172 1174
2 755 304
553 931 585
814 513 625
18 333 922
2 231 1121
2 1337 1293
2 592 464
2 441 864
27 745 1148
2 674 225
629 985 711
2 1220 247
186 220 1075
2 994 599
2 72 1185
2 532 414
481 1140 690
2 986 259
437 631 672
2 1293 671
2 1287 812
2 335 76
243 254 1092
296 498 730
2 1322 544
2 338 275
116 1146 230
946 147 368
2 1290 268
83 328 1077
2 767 746
2 918 132
1053 1064 1042
181 1203 1044
2 1094 446
2 94 1346
999 396 155
428 1230 669
415 1122 399
271 884 223
357 88 830
245 102 872
2 488 1323
315 295 1317
286 20 734
741 1115 527
667 1043 1232
2 337 933
171 1050 1079
473 148 848
1270 698 1230
1097 1032 1021
673 568 862
1154 324 72
141 750 1312
872 912 178
177 1208 1233
630 1144 955
73 1188 663
288 247 1094
2 98 203
289 442 865
1231 892 762
2 1269 1217
638 569 750
201 73 96
608 1076 1308
1058 427 886
2 724 350
2 1003 505
2 97 726
1294 507 9
1348 464 1289
275 757 723
726 436 1062
2 1166 907
954 421 280
2 103 676
402 239 165
228 502 1306
521 550 174
51 1124 697
591 747 516
456 797 291
781 42 252
559 664 363
2 806 191
2 262 57
33 120 1038
1057 967 934
253 1021 95
2 438 325
716 1328 483
392 66 683
2 218 1140
1212 901 78
1283 1090 626
812 728 717
2 819 23
282 485 920
320 456 1117
1298 1156 103
690 780 894
2 871 1128
1037 716 383
114 832 418
770 1308 120
2 257 777
2 1103 336
2 746 715
2 983 1198
2 113 140
69 1332 500
1032 242 640
498 1012 1224
2 1312 840
1011 1114 239
2 877 433
669 503 1040
1169 707 553
75 693 1263
2 35 188
2 409 1057
2 729 458
831 408 760
2 666 97
2 202 594
961 850 88
2 359 1340
1149 1029 850
689 549 249
364 1099 299
1038 284 451
1025 859 971
436 212 107
859 795 1237
1211 807 217
375 710 472
1338 1349 1200
1257 1256 1298
513 238 60
759 376 1063
2 913 1146
2 718 1011
2 175 623
205 598 536
1250 1025 89
393 1211 346
604 305 990
2 930 115
2 896 134
1346 642 50
2 58 535
1167 964 936
865 241 1234
20 581 999
1297 1205 901
92 999 1348
964 809 160
422 939 673
2 1264 189
2 354 1141
1218 658 14
478 336 221
779 69 948
2 680 273
140 1052 609
2 1067 1162
2 650 576
475 898 899
2 279 1125
1319 1151 260
153 1117 333
1084 941 1097
2 1185 341
1251 1137 1112
880 374 588
2 131 693
239 613 43
811 256 518
654 451 478
1078 340 1243
2 1087 917
2 505 929
984 1214 615
121 935 1194
209 432 152
568 574 768
365 708 394
886 839 365
2 303 520
617 933 123
2 322 1271
613 711 148
1199 771 595
2 207 702
2 1288 612
450 932 782
1026 99 919
2 922 176
213 763 253
1345 1186 960
1088 1031 888
2 843 232
307 1320 969
974 205 195
916 656 547
978 223 1124
671 790 501
2 398 705
1197 111 53
408 583 660
744 582 714
2 1033 991
1216 1190 1236
216 162 170
410 123 614
146 393 1255
687 1168 1154
647 1138 694
1140 56 1248
2 861 1212
2 818 48
323 874 226
99 945 549
2 699 20
1181 48 158
2 377 420
2 294 564
1046 406 569
2 252 1091
2 586 924
640 1157 1035
2 921 720
1101 3 956
1112 410 855
648 365 62
427 900 457
531 307 631
1007 1218 270
1253 329 314
1059 54 755
2 956 1186
668 548 137
2 509 10
685 1085 951
2 291 822
109 601 1219
711 968 809
1204 1294 58
453 570 1320
2 389 1023
581 671 546
2 1194 1113
1249 475 728
240 426 1000
2 23 540
2 881 237
2 937 1229
2 1014 473
752 428 276
30 1086 1223
401 385 1334
573 1143 565
826 1072 835
2 445 122
2 845 851
2 259 752
1102 1298 988
854 590 656
274 686 94
324 30 884
328 1098 551
730 1225 128
537 1006 1093
2 1036 954
138 1008 836
696 1222 83
580 1073 194
2 270 980
651 1216 700
1074 705 742
951 160 528
2 264 806
527 1270 579
2 813 322
1080 435 645
1268 660 1288
2 366 246
941 1346 1208
129 1154 995
54 420 150
222 472 1273
924 1169 210
1072 227 1045
2 1276 817
2 1017 1161
2 703 1280
412 766 898
672 842 539
2 890 192
596 1323 928
2 777 710
2 923 887
2 1022 1249
1208 1007 356
77 852 32
2 953 854
2 936 306
1020 773 496
2 827 2
899 1235 613
254 521 510
1214 1181 38
2 743 600
966 211 416
1064 314 857
476 629 642
972 610 786
692 804 258
907 895 193
2 332 248
715 628 1029
196 167 1012
2 1275 1031
2 1247 212
2 784 282
740 1123 932
931 142 1164
832 974 1110
88 1345 1181
751 1170 157
571 140 65
2 616 1311
782 1246 1324
142 415 921
2 1128 636
2 1030 801
423 79 866
1096 851 1048
2 380 113
776 1163 1034
2 443 943
773 594 542
411 665 555
550 1280 1086
912 894 808
917 1034 908
2 224 1049
2 736 648
1187 828 321
462 126 620
1034 727 390
745 125 602
2 31 485
66 873 1287
2 1129 1051
2 269 338
563 361 796
2 355 976
856 60 1153
2 722 17
2 605 641
698 529 503
81 1213 629
688 1045 1228
485 413 1257
2 1317 371
1001 1261 704
739 281 452
657 1005 904
809 630 530
2 765 162
987 497 1102
2 1196 164
2 1165 1274
2 1075 975
1012 187 1060
892 265 977
757 1266 1325
891 481 1250
168 135 994
508 1141 885
853 1054 628
1198 668 476
2 368 741
2 1254 502
2 283 771
333 696 617
1042 800 685
2 1306 1111
2 662 686
2 150 947
160 1237 578
340 1201 1239
1311 1126 992
1107 1063 1001
637 606 286
958 739 1009
70 477 388
570 489 548
1029 972 482
256 470 141
787 87 559
214 1326 775
2 165 1067
942 37 1307
2 612 1030
464 907 1343
2 940 727
1240 375 794
566 1257 1279
933 51 512
2 84 1296
1061 826 1058
1153 831 574
760 958 618
660 673 1297
658 1258 37
885 1105 347
180 1296 568
887 1283 200
2 762 665
1 1083 251
2 903 682
1065 134 1171
2 330 701
1100 978 435
5 512 1261
15 1161 360
2 1120 91
1189 1321 1305
2 761 143
2 1119 998
2 89 167
2 310 375
1300 916 430
1035 599 256
1309 50 883
2 95 675
2 107 927
823 652 712
120 392 372
512 511 1313
1344 404 826
466 1286 1160
2 1207 238
979 397 85
1242 353 1196
2 127 1026
60 1342 293
864 1219 287
643 593 274
2 607 146
111 232 267
2 19 73
290 1231 1330
1092 1200 982
915 278 1043
284 886 828
369 474 906
292 1013 395
597 417 19
191 469 1203
2 199 753
112 758 250
1085 753 1328
590 911 1345
197 1274 657
433 830 1207
318 391 444
565 226 860
1160 296 823
932 459 374
2 1336 610
561 596 756
57 216 1190
2 312 33
2 963 204
705 814 255
2 1184 1192
2 1233 507
158 812 616
2 313 445
2 339 109
501 1042 285
1174 80 570
100 228 747
500 75 814
1105 772 11
2 1015 1319
1260 5 100
862 1319 257
1307 2 795
446 1348 1299
2 268 661
2 869 1316
742 891 6
594 701 384
2 425 422
2 9 1013
2 792 871
2 897 4
2 562 382
1043 692 240
2 866 1211
911 539 627
2 145 1098
623 1108 949
1099 1262 820
2 1180 509
1217 1183 981
2 821 1295
2 714 1175
6 119 400
982 1245 1214
797 298 49
1021 221 421
582 1078 1078
472 290 1260
2 533 45
1292 412 652
361 1350 1166
1113 1096 244
2 317 220
1147 776 481
1271 862 1310
439 1301 508
2 775 983
247 556 1283
1301 225 1278
578 659 571
661 1302 667
1342 260 895
1245 1193 21
2 299 1201
857 880 1294
135 1106 1129
2 378 1286
1070 213 1133
1123 21 605
34 506 838
2 1234 124
1138 1038 1101
376 1295 431
971 1101 763
212 401 8
2 600 791
867 1338 1188
2 1209 523
599 834 1116
217 275 475
1349 321 1215
908 885 362
2 691 1122
1148 720 942
258 868 266
828 655 54
554 186 1158
840 781 874
2 1089 373
1110 18 1168
2 198 1205
2 45 531
1248 399 716
2 997 68
2 7 900
712 926 1350
434 1303 92
2 447 77
2 893 914
2 920 767
2 829 243
665 101 283
395 504 352
2 820 1018
902 1252 911
2 40 703
255 1244 294
1235 1333 699
2 161 709
2 888 807
2 1176 1339
2 969 867
708 17 788
2 735 560
162 535 1047
1142 1125 538
435 690 181
860 618 196
548 194 834
1195 450 39
1150 189 182
2 1039 328
21 882 1258
1239 910 873
358 243 957
1133 235 1033
1054 11 1285
1232 236 517
1005 1160 1290
265 905 633
874 41 870
225 557 1304
2 1135 1019
2 1048 1247
1259 632 296
2 510 1172
123 899 1081
2 993 498
2 1179 773
470 1046 647
2 947 584
1219 1206 541
670 1095 278
878 460 1329
839 858 177
22 191 110
939 28 845
1050 604 334
2 1130 945
525 649 1028
1343 59 392
1151 1279 644
494 457 317
1121 263 1183
2 215 1064
725 825 950
988 157 326
344 282 337
309 302 1182
2 973 639
420 914 1251
1252 320 1191
2 304 1008
2 522 940
2 694 725
2 184 1253
2 786 630
2 1282 586
1284 948 658
1137 995 1189
1331 996 1165
1090 190 1066
2 246 1070
2 155 792
2 919 1147
1016 677 319
791 1049 318
2 61 514
2 989 172
442 878 1256
2 78 1084
2 356 732
302 545 1059
373 756 719
1126 494 234
2 1077 1179
391 1202 986
538 14 707
48 1084 1096
2 128 241
502 306 412
883 621 1149
766 608 696
882 273 351
390 15 1143
1315 695 903
2 1023 344
1302 908 440
28 446 695
2 928 987
2 1325 1032
547 555 534
2 1002 1336
396 717 1119
1263 1080 1268
2 300 1109
2 122 497
1117 667 434
2 709 646
2 1027 915
1106 815 86
432 83 1327
2 808 369
664 643 80
636 171 1235
1008 492 781
2 641 581
2 182 397
2 646 1061
454 702 386
515 1116 1120
868 864 688
2 440 290
374 640 810
2 822 499
2 1164 1220
