586 588
334 241 468
256 503 462
261 186 279
121 205 535
291 198 164
52 42 126
529 239 389
533 363 432
125 385 406
488 347 455
313 450 116
580 346 165
368 18 270
524 211 245
219 102 363
266 56 99
420 188 460
404 444 562
69 567 93
98 530 58
27 447 219
471 339 44
337 160 536
555 10 26
419 326 223
321 552 24
325 120 575
581 218 52
525 386 39
457 196 469
343 500 190
283 397 263
131 486 64
173 319 301
214 483 238
38 55 341
311 391 97
234 467 453
491 465 29
567 167 332
251 269 292
475 323 222
422 509 417
185 183 22
9 122 362
397 204 189
428 264 153
299 537 322
30 209 434
432 168 81
82 49 475
329 502 28
391 37 366
83 111 267
91 564 289
102 488 186
68 25 566
345 273 20
231 301 300
350 270 80
23 85 461
482 194 379
158 544 246
17 343 33
147 177 357
18 306 353
440 59 117
39 570 268
390 459 333
213 563 545
499 344 221
408 523 285
532 263 328
210 510 184
423 271 479
57 96 356
246 401 582
400 493 173
203 358 360
189 367 60
164 166 50
132 484 576
228 516 375
495 185 327
249 165 135
180 395 115
45 407 376
298 427 330
144 253 141
536 101 248
407 336 470
501 353 548
252 129 19
361 208 449
244 375 156
216 352 316
534 157 37
502 286 467
454 133 16
94 408 541
442 138 394
41 554 476
463 107 540
59 438 438
115 379 557
254 436 154
507 39 549
271 19 171
280 282 200
257 425 408
448 479 288
462 46 236
35 423 242
33 115 412
188 330 86
16 584 11
162 95 67
20 247 427
427 430 532
165 409 551
418 232 286
492 14 136
154 128 241
222 279 244
237 507 456
498 557 6
191 304 483
505 345 403
87 556 386
141 351 217
413 17 505
285 119 423
26 86 251
114 305 585
72 267 85
490 577 122
303 149 312
21 226 539
383 62 488
353 219 489
287 174 89
483 431 359
169 238 314
360 322 531
526 466 444
53 153 560
118 480 486
145 337 430
586 508 315
367 12 234
576 299 335
243 276 229
468 197 47
101 235 106
331 81 321
579 38 95
55 100 258
385 522 513
133 302 373
519 410 212
431 225 269
242 80 533
453 36 174
294 89 5
32 3 12
265 506 538
250 135 302
177 578 396
186 356 296
44 130 517
181 406 108
578 99 484
110 221 78
528 542 163
546 310 514
193 519 411
64 275 587
562 360 424
584 546 527
356 250 413
438 476 370
351 242 313
40 382 297
182 576 74
149 340 196
92 551 56
435 283 306
317 585 272
103 317 46
292 478 31
282 325 298
275 491 572
97 455 474
530 252 518
196 182 511
364 435 185
403 116 329
112 27 584
111 396 274
225 88 109
333 492 224
436 290 547
449 44 395
264 520 247
268 453 426
184 334 331
441 583 510
306 24 410
224 164 273
67 91 211
99 472 210
150 361 160
573 201 276
379 387 447
142 400 553
537 26 256
401 456 130
455 222 525
430 179 21
183 147 515
480 442 71
233 137 42
553 536 25
571 490 201
508 52 351
195 440 570
276 237 235
221 72 465
302 370 152
25 74 493
520 23 459
399 233 568
341 303 260
270 123 150
370 434 227
349 70 112
286 517 528
451 381 35
124 335 349
247 428 559
108 496 123
402 464 113
558 20 555
156 228 124
378 543 14
308 48 63
197 31 204
326 254 90
412 215 501
477 575 445
426 265 133
24 284 554
120 481 581
240 541 546
476 43 323
245 426 216
137 176 336
119 565 157
417 462 504
373 473 233
446 362 563
386 474 567
71 103 32
335 191 290
11 2 283
223 139 352
139 312 54
47 548 68
4 280 161
312 414 13
159 189 415
204 331 188
540 329 209
175 84 199
348 566 421
574 399 213
541 151 387
43 217 495
405 152 3
320 371 521
209 452 481
10 328 350
307 348 265
557 418 464
171 504 72
342 311 121
531 368 308
414 251 111
472 257 55
178 51 264
49 402 324
362 76 41
314 568 347
466 292 498
354 50 345
152 274 169
365 220 183
88 309 191
77 268 364
484 244 59
332 458 34
437 229 167
153 58 441
61 105 319
336 294 577
340 71 187
535 159 338
496 560 287
474 307 425
388 29 512
398 531 529
473 364 137
456 7 182
554 383 143
109 285 149
143 175 96
363 524 520
415 515 490
46 15 304
393 558 372
585 547 155
392 245 48
545 293 255
297 35 291
22 574 326
140 573 325
138 471 84
327 64 73
409 117 197
358 260 88
582 65 206
129 538 40
206 21 69
322 60 487
510 392 151
323 54 257
527 569 342
347 277 307
461 341 556
15 8 400
218 108 36
163 230 337
411 528 384
202 512 385
470 13 295
54 142 355
226 272 293
1 553 377
518 178 239
348 258 282
452 398 225
168 321 266
563 376 66
460 112 382
176 66 346
260 77 76
127 28 65
89 163 578
381 4 142
479 132 79
19 533 405
445 412 45
374 92 15
74 540 299
84 354 450
522 372 53
352 97 573
543 497 416
187 216 509
300 545 181
542 207 407
215 559 320
56 243 159
126 365 388
36 83 83
369 90 87
2 419 348
81 190 473
37 534 62
269 320 477
2 155 506
151 586 354
278 45 402
232 143 343
29 33 344
357 156 129
172 308 277
305 40 374
208 5 7
167 261 435
229 79 569
8 234 439
577 6 452
344 495 101
155 34 203
28 136 168
382 549 508
487 494 530
116 144 472
128 417 340
387 16 534
241 369 383
107 98 128
50 213 466
406 75 361
447 581 9
389 359 371
564 561 110
123 288 522
396 349 208
130 150 176
512 416 114
274 437 180
295 206 574
277 350 271
211 521 368
583 41 43
503 73 499
500 154 586
395 140 457
346 377 275
315 184 565
478 187 132
78 355 178
433 11 309
494 203 205
380 514 118
259 68 558
272 327 500
6 236 148
539 259 494
75 429 8
85 94 437
58 460 49
538 405 390
73 32 491
550 262 433
95 300 104
70 470 392
284 256 471
100 482 303
425 333 503
504 161 564
205 432 145
549 295 250
79 518 448
199 439 214
192 124 446
410 529 94
544 338 365
253 443 524
14 145 393
258 411 38
166 526 571
551 535 10
434 394 125
330 22 420
212 266 542
31 511 231
288 180 17
511 550 61
13 134 2
217 451 523
517 579 284
493 249 228
376 61 404
289 318 98
65 278 1
310 248 30
90 513 91
96 223 440
117 287 399
547 118 378
486 106 193
160 297 51
509 169 102
328 389 380
548 78 485
464 181 75
239 445 492
134 289 281
458 2 583
51 501 127
136 67 172
570 562 478
190 499 147
281 195 334
238 114 139
146 374 140
255 148 318
516 125 436
5 9 480
467 298 230
227 539 431
293 296 278
497 113 519
424 421 588
279 415 294
489 413 418
568 532 429
122 393 249
48 555 507
561 571 442
338 446 259
148 87 131
1 449 381
318 3 502
220 477 397
106 231 369
444 422 207
248 210 195
485 202 310
42 227 158
469 457 175
339 127 220
515 487 561
34 193 170
273 69 194
521 324 496
429 378 317
104 224 280
12 420 409
296 214 463
174 404 451
552 580 218
366 485 543
450 469 179
194 170 237
560 357 311
105 172 398
355 281 144
207 53 119
7 315 162
439 313 401
157 158 4
236 82 23
569 173 579
86 424 166
459 314 138
481 505 103
262 171 100
290 454 458
384 388 526
324 384 552
359 316 70
377 498 254
235 212 202
304 146 92
394 47 107
301 121 580
267 403 120
113 366 544
66 110 215
375 200 252
559 380 243
161 373 339
416 199 105
316 448 428
514 468 240
565 30 146
556 572 516
443 441 18
179 342 261
523 461 443
80 582 422
76 104 57
465 433 262
201 475 232
135 192 391
60 162 226
371 131 454
93 525 192
566 255 367
575 390 414
309 63 27
372 57 82
513 291 305
198 527 358
230 332 537
200 109 550
63 463 253
421 141 77
319 348 482
572 240 198
62 126 134
170 489 419
263 93 177
506 246 497
