900 900
420 776 314
842 758 194
458 874 731
850 19 265
139 610 558
883 537 425
624 608 645
382 394 162
15 191 125
116 845 89
453 425 640
450 737 181
128 156 849
451 509 131
504 87 334
794 104 116
310 336 49
284 824 365
195 530 563
189 533 203
146 141 507
503 373 671
489 600 399
844 356 112
858 481 327
192 121 443
646 177 588
364 34 622
156 321 315
763 443 463
834 620 585
152 588 724
105 406 873
893 90 543
756 715 246
16 346 866
575 326 61
827 469 497
109 701 887
290 786 380
568 519 633
782 309 262
840 419 798
814 3 377
774 136 720
589 206 424
759 203 129
437 840 426
708 400 17
667 391 230
282 197 422
692 467 890
619 367 505
882 355 500
851 698 546
373 510 263
735 641 354
544 449 604
806 484 828
69 554 241
363 120 37
472 397 616
409 583 404
767 564 208
63 669 871
597 165 809
483 895 707
134 730 692
308 584 222
249 79 681
721 439 696
395 308 80
405 463 351
218 334 317
777 843 753
75 371 173
533 613 567
114 261 451
219 558 852
749 404 72
789 553 371
238 606 440
302 721 780
197 470 176
870 133 737
742 542 105
390 382 776
481 875 487
884 290 10
604 815 523
500 158 193
560 395 805
675 313 705
561 502 503
101 746 735
508 179 535
471 198 659
359 409 367
199 725 710
809 422 318
880 639 847
470 332 875
232 146 166
746 866 155
137 574 86
227 36 174
454 35 386
98 339 349
741 279 704
9 99 732
287 328 201
887 739 24
1 113 889
659 586 578
351 47 361
440 378 16
173 78 867
810 314 270
209 16 474
340 700 171
42 153 679
686 491 666
701 315 891
493 853 730
155 173 9
823 489 309
641 609 698
690 338 227
611 473 47
875 171 132
541 244 14
257 13 130
56 267 502
312 681 238
422 230 272
651 93 818
826 770 598
890 707 653
653 444 884
29 329 358
77 67 184
695 733 362
622 673 355
138 894 192
487 110 482
621 271 249
869 208 878
688 231 687
172 176 553
671 652 517
252 388 846
394 548 823
583 109 302
161 507 811
825 498 104
529 808 850
432 772 582
423 532 250
304 595 841
66 421 175
495 670 449
570 365 8
84 254 606
337 374 292
447 174 319
362 873 103
367 100 493
389 785 602
202 581 322
158 125 749
230 370 120
67 716 439
523 194 76
37 687 106
108 551 160
511 243 84
333 347 532
385 273 273
442 237 593
779 685 488
804 690 12
843 756 402
35 447 527
898 593 141
608 844 511
445 864 880
429 635 228
482 788 539
94 872 363
839 361 267
477 712 560
55 319 144
899 226 91
865 560 2
99 804 217
301 827 885
3 260 575
773 292 307
860 351 411
369 175 843
113 147 111
151 783 491
642 813 20
662 9 244
23 251 813
44 275 628
291 152 583
53 354 64
683 626 590
846 238 218
829 753 754
678 675 276
136 516 691
766 674 396
57 897 433
133 883 291
305 450 195
668 857 210
576 838 826
485 215 277
419 550 286
404 445 69
607 185 703
835 723 251
557 760 683
824 462 245
737 163 128
174 345 187
85 569 650
819 101 50
775 792 623
738 53 471
170 567 490
424 151 528
393 835 257
728 879 542
245 63 591
78 504 134
867 454 814
537 544 882
462 229 60
793 424 801
434 598 326
221 64 204
591 69 226
676 623 35
255 7 510
229 301 518
334 513 146
54 527 158
762 68 224
251 459 397
411 453 822
643 779 658
439 578 895
171 520 762
295 762 235
207 164 797
184 757 305
711 233 883
885 196 446
801 458 42
381 402 56
698 592 594
157 664 4
498 812 734
791 777 190
713 240 470
639 248 577
861 695 118
438 597 394
888 340 135
342 740 178
370 184 408
206 341 657
590 60 212
135 789 220
396 317 409
315 446 746
402 515 793
444 684 536
640 193 331
104 500 379
89 799 716
859 457 763
181 306 221
194 540 412
129 858 544
380 732 464
580 890 660
316 212 216
812 477 164
147 398 459
330 217 759
479 277 876
416 190 627
463 896 738
647 884 384
271 735 664
761 166 465
488 648 541
117 288 153
350 228 419
198 211 874
556 802 259
468 622 559
467 89 198
276 488 531
776 594 126
566 612 854
4 46 643
542 159 353
21 72 592
317 823 1
278 43 29
332 410 599
296 621 74
729 888 100
832 429 165
753 127 656
505 364 796
682 48 169
201 426 501
379 88 773
747 405 771
433 250 243
528 235 25
180 479 652
68 534 792
615 819 462
452 750 282
125 820 552
297 688 448
681 629 15
679 167 764
895 493 856
269 809 789
531 614 405
179 95 677
612 236 345
799 807 428
486 801 530
46 764 678
855 81 360
660 771 340
154 227 644
254 344 751
786 10 441
26 293 108
233 769 356
112 178 73
92 62 835
574 256 312
800 8 57
413 717 143
348 396 350
234 26 442
176 369 140
562 362 673
526 294 344
501 134 115
314 529 142
628 503 189
166 870 635
685 591 18
320 148 817
760 525 98
132 562 686
673 234 864
123 596 626
215 643 81
124 103 478
455 656 900
10 140 807
383 452 617
87 94 668
90 549 44
740 52 725
378 899 283
845 731 40
788 692 508
160 585 438
65 743 551
815 116 298
484 563 566
427 703 107
31 645 667
313 27 570
41 123 728
547 850 783
496 161 509
745 536 636
803 817 857
626 689 271
338 436 761
864 677 214
522 86 252
225 880 479
594 331 23
730 546 837
240 806 803
693 676 182
169 266 824
525 117 63
149 255 338
712 137 427
74 42 860
700 556 274
769 420 278
578 242 447
17 501 199
371 102 287
780 252 768
751 107 863
577 441 836
400 885 519
435 202 893
521 514 437
709 615 303
293 859 676
431 209 898
821 511 51
750 204 514
808 182 46
212 474 6
669 51 48
357 742 406
216 774 341
652 678 620
247 751 812
848 21 460
460 451 605
387 150 215
637 632 888
787 531 717
279 661 782
755 11 418
148 268 382
593 699 172
857 403 82
731 666 348
892 98 357
656 745 26
515 568 802
602 668 639
811 76 261
18 625 410
142 696 333
224 876 161
687 65 467
592 131 78
606 83 579
822 366 610
91 579 859
785 299 630
376 75 477
565 505 625
188 765 600
328 431 293
609 490 431
581 738 550
228 667 330
97 302 30
672 283 289
141 727 300
14 672 695
36 497 450
677 455 788
661 23 576
300 724 268
573 767 232
732 296 489
102 526 675
744 837 119
532 327 862
12 663 649
764 523 456
707 482 372
748 401 398
377 97 800
664 881 709
853 183 145
509 82 727
535 841 723
120 263 778
324 17 672
235 257 88
415 284 180
283 218 472
790 637 233
286 214 202
366 654 569
706 304 167
241 423 565
200 793 791
852 878 637
375 634 38
418 486 755
414 618 554
697 476 54
436 871 323
896 276 133
645 74 94
506 752 521
428 706 53
96 480 770
873 761 21
50 61 381
353 833 391
614 704 247
210 887 185
263 747 748
265 12 829
193 512 423
754 778 634
408 440 831
165 854 150
554 499 248
336 811 416
524 162 603
633 132 504
551 821 641
275 647 90
469 342 609
871 105 669
710 416 595
703 832 183
285 286 234
457 485 631
605 782 342
267 849 308
480 168 177
347 900 694
177 709 892
346 805 96
877 435 281
548 889 564
208 719 715
103 50 188
874 126 615
849 213 301
72 702 236
27 814 34
95 528 288
80 575 689
62 358 55
76 220 613
43 353 706
261 538 825
48 573 461
497 828 383
631 557 332
886 29 149
491 720 499
704 847 879
264 143 688
596 221 700
546 96 5
88 413 306
374 357 191
816 524 886
720 15 869
237 245 19
6 711 537
795 54 494
118 686 385
813 4 77
716 249 662
559 566 492
492 893 388
715 571 845
130 433 868
11 587 685
655 842 584
549 264 197
582 603 469
318 694 269
881 607 114
403 186 452
894 295 693
778 223 821
638 71 157
25 392 207
93 865 574
856 494 31
327 222 743
425 130 713
534 40 27
743 611 765
891 438 209
530 253 237
490 728 313
220 195 179
358 114 264
211 70 526
190 80 682
446 867 690
792 822 137
726 349 316
518 418 458
739 797 785
79 617 168
552 580 520
259 383 58
175 541 432
797 545 163
289 780 711
268 886 842
634 385 524
770 559 453
159 108 719
341 572 840
196 442 547
802 657 697
280 565 540
507 247 62
449 640 375
355 506 647
231 225 897
854 590 429
223 665 830
343 754 28
187 826 231
784 310 745
126 430 457
298 517 370
70 616 296
52 604 206
718 330 721
617 200 455
270 135 529
185 653 844
73 38 41
34 24 515
727 630 364
121 602 392
587 41 496
242 790 772
536 846 445
145 417 11
421 282 522
186 861 784
613 461 311
143 37 346
579 210 7
771 518 747
476 633 618
205 2 787
539 803 476
277 269 229
5 77 757
325 412 328
258 124 138
648 791 804
519 718 741
781 831 320
182 399 275
553 415 254
796 650 97
162 258 290
473 291 861
699 39 568
658 57 714
513 800 299
719 495 739
563 414 122
140 561 387
629 628 376
426 384 525
71 407 756
872 381 22
122 860 486
680 232 359
110 535 736
540 855 473
339 386 420
805 129 339
461 376 343
830 658 121
588 324 786
39 389 70
616 465 596
820 359 225
670 335 881
514 852 573
752 680 368
696 627 148
260 154 556
465 363 545
644 307 597
868 390 213
47 863 68
319 393 580
168 869 533
441 380 466
33 705 71
757 320 614
8 848 127
702 619 806
517 662 557
847 834 712
550 241 718
586 714 223
798 636 109
60 492 93
321 496 548
167 599 67
214 205 816
19 659 481
222 379 99
632 368 607
58 856 701
417 736 587
153 387 663
818 360 538
292 216 284
107 149 435
306 795 702
256 66 611
807 868 45
262 722 629
248 642 795
543 30 484
392 32 32
273 44 378
331 798 729
244 768 483
878 298 389
600 741 726
59 487 124
309 280 3
64 305 110
30 784 744
866 337 266
391 825 95
183 543 674
630 316 85
178 56 297
360 224 665
836 300 775
38 262 655
598 521 838
311 199 586
841 601 733
601 708 624
862 644 279
236 188 646
372 649 512
226 631 170
512 55 779
545 207 347
635 577 767
361 693 75
266 781 211
765 605 498
772 816 670
246 898 651
217 651 851
722 28 294
281 91 799
163 201 395
13 322 256
386 270 285
352 483 335
828 759 589
831 281 858
345 323 752
368 106 413
239 297 794
610 333 506
649 112 325
625 170 638
725 468 324
494 432 894
595 713 740
516 570 87
82 683 819
326 372 485
204 138 750
443 33 83
459 456 832
636 582 436
456 157 390
83 810 642
356 84 601
32 122 680
49 2 648
674 20 468
569 729 337
410 180 833
299 734 495
723 646 329
510 466 280
388 142 769
694 189 722
430 343 321
344 411 258
51 181 43
119 22 760
475 763 480
734 285 242
466 73 444
724 691 401
213 839 654
758 749 92
879 428 699
666 31 374
294 187 834
689 671 66
322 475 839
833 472 154
397 272 430
603 522 205
307 427 239
274 471 820
783 49 708
657 160 366
115 655 136
768 891 777
838 796 815
24 45 581
164 145 253
365 6 152
572 829 403
131 448 549
665 274 219
448 111 855
691 118 59
571 539 513
45 576 621
335 794 516
86 547 781
349 325 790
81 775 808
464 851 352
323 14 415
863 139 400
250 755 742
520 377 810
399 169 612
100 836 159
585 172 608
329 460 200
714 303 632
623 265 571
106 239 151
401 318 101
897 92 872
558 278 13
733 589 156
28 115 758
817 128 79
406 352 877
654 660 310
538 555 827
599 59 336
663 219 393
127 119 766
22 624 454
502 830 407
203 25 661
527 311 475
272 787 414
717 892 369
564 882 899
837 508 36
191 312 117
736 434 572
618 155 562
111 246 896
253 437 65
150 464 848
384 478 33
650 710 304
243 726 102
412 85 295
478 679 853
900 818 147
7 58 555
584 766 186
876 408 684
474 259 240
889 348 260
303 877 139
499 375 196
407 552 561
288 144 39
567 289 434
1 287 113
61 773 52
144 862 123
40 350 534
684 682 417
620 638 774
705 18 255
555 5 870
627 748 619
398 744 421
354 697 865
20 192 373
