2000 2000
494 211 1184
1510 1853 1328
1040 766 1375
1982 489 255
565 1755 617
236 1794 800
1549 1924 174
252 1451 428
1613 1516 1904
1979 438 1087
1036 474 369
254 1470 594
1462 390 847
204 510 483
824 1019 1993
1851 446 1232
773 772 1968
547 1512 1585
1020 1611 1169
1894 1359 495
235 1682 1146
1094 518 566
351 218 1059
735 711 106
1345 1738 830
504 654 1596
643 1609 661
1918 176 1118
1712 840 633
372 1644 357
424 1551 1338
415 1304 1105
854 1607 1042
556 649 249
645 902 450
1525 1246 1532
894 164 1924
1815 1714 1988
212 1305 842
173 737 539
47 809 1753
1482 823 875
1112 24 534
1321 148 1640
1916 375 1223
1070 1225 1691
672 1168 822
921 224 698
1023 911 980
469 253 1939
1972 1762 1975
704 1168 216
1051 344 585
1843 699 261
1826 1675 253
1044 767 1027
193 1177 811
460 425 154
207 1164 1271
649 1896 1016
581 872 1856
415 1887 272
1300 1885 574
395 689 984
1812 1315 1788
818 678 1579
1390 240 848
818 205 1748
1457 1552 416
1385 768 882
444 53 1247
1990 1461 1962
1352 1826 911
119 344 910
743 1386 1934
388 903 144
789 1090 1651
1528 871 1730
64 1477 572
1389 1694 408
945 84 1751
1554 878 743
1322 290 246
1795 1676 373
1966 1606 1092
1857 1420 301
435 1596 710
1306 360 609
667 883 558
715 1975 161
1922 1583 1171
1336 138 134
1620 1718 711
537 1708 1415
201 464 1964
1345 1070 568
194 200 573
1565 1963 619
1828 1651 797
363 1184 105
1931 840 944
1355 154 1249
1223 226 432
41 1858 763
837 1923 100
1908 151 24
364 1709 1180
283 677 857
1301 577 1618
255 331 1514
486 1464 363
587 1103 1296
100 1896 653
1577 1325 263
608 1158 1794
1187 1960 1958
328 559 1859
72 421 1430
1561 541 624
1282 1092 1332
1793 406 418
205 1334 1341
1539 1400 1800
1897 455 1084
1696 812 1253
1095 1474 908
1378 26 745
1194 817 1525
1310 292 1851
905 1449 896
1936 1244 1883
549 819 302
352 1535 1379
22 855 92
1254 1988 1298
1322 477 506
1200 1118 148
795 1069 342
929 1501 1706
1280 578 488
836 954 1835
1117 1666 1337
993 958 168
1268 1801 76
947 1363 1974
1198 1304 1938
1847 51 1945
1930 1557 137
175 1473 1301
487 1529 1989
1020 1228 485
703 928 269
476 1856 499
787 1416 58
1428 1387 1605
912 466 1392
125 1841 924
471 149 541
600 695 1508
1947 740 1086
1753 440 90
1756 866 1040
1576 827 423
1404 433 425
1332 1778 468
1775 589 793
1749 1891 370
727 1959 143
167 999 780
707 340 175
351 1922 1504
1235 650 239
936 1575 192
1928 493 7
923 1493 170
1208 1402 544
1483 896 336
1022 1601 1060
195 527 867
1917 1575 989
870 1099 1396
529 1761 1181
273 982 850
601 1768 248
208 1952 1490
505 619 1583
30 237 1025
560 1092 1746
1445 125 1839
341 7 593
102 347 1386
826 1514 173
699 1772 623
1801 960 1837
1009 1378 1520
1579 1783 782
198 609 1075
582 602 1382
1267 1370 1897
1138 1397 1474
10 153 899
108 906 1546
389 1797 1048
1997 329 1754
1883 654 1250
1258 231 1213
1479 157 1201
1437 330 1089
858 730 1384
373 279 1036
847 1180 912
1418 880 1207
728 1098 1317
113 918 1266
937 886 1670
1671 324 52
1742 933 1632
1942 1235 1369
1615 1450 1607
629 78 1300
1900 1732 834
1570 1628 1709
546 1051 1489
65 860 1058
1350 873 1126
1662 1703 814
1887 1723 583
935 1081 1838
669 1391 1937
755 1953 1731
1572 1337 1406
774 335 1956
404 783 1770
575 1823 1440
698 1796 1356
970 160 1239
1183 1727 1453
333 1787 1531
1439 1355 172
374 718 1368
303 507 477
60 969 1416
887 143 1892
719 1398 1482
1786 177 1793
1033 407 83
1934 1704 1806
723 115 184
98 1008 34
810 481 838
97 1646 798
418 588 512
1638 1788 55
1132 567 934
750 894 4
1866 1401 688
1578 1057 1411
435 86 1662
126 309 1795
1091 1430 1013
398 1545 54
1084 172 955
1985 71 114
329 1274 789
1292 32 840
1619 810 1050
1909 963 577
957 749 687
1686 280 152
312 1349 1486
1893 1180 1888
989 1599 62
1189 631 1815
646 1142 665
1096 781 1195
991 497 816
1000 75 690
1908 241 1723
399 137 1216
1810 68 1314
657 1615 1660
1366 143 751
638 1830 604
1335 807 985
1414 1468 1677
963 1108 723
1640 1197 667
1892 314 1930
1548 1811 293
1864 1877 496
275 453 813
1004 1594 1189
828 1157 289
308 1533 1860
1598 844 1316
1856 1115 1190
1750 1140 1752
1074 15 1037
1958 1734 1205
1460 1436 1224
334 412 86
1052 1497 132
470 1957 332
1558 1097 945
954 11 1082
1714 1313 1619
1424 413 1071
98 1601 1465
1691 1361 464
512 213 1014
471 1178 1654
1328 971 988
256 1346 379
788 367 1877
1493 1563 439
588 1659 1913
779 530 629
972 1519 1104
1105 420 841
1356 1869 605
1018 73 1481
358 389 1405
753 687 1517
507 1158 562
1454 1278 1633
264 889 779
668 1835 1783
712 753 1462
239 1 1227
986 1473 580
222 1421 1015
1087 195 303
66 1038 742
1758 1367 1778
427 1456 1183
282 428 177
764 1094 1769
52 1639 666
775 313 1737
1633 1871 998
371 528 435
1621 1797 138
1248 931 977
893 835 1168
651 147 1595
1483 1949 1351
1998 177 947
1040 27 1371
1849 876 1063
539 570 410
1986 84 766
514 694 1005
602 1743 1425
170 552 1424
1014 1046 550
1874 774 772
709 1504 30
1469 1641 1241
750 299 738
515 710 1519
1771 1262 1394
118 1792 864
379 178 111
679 49 458
1952 1875 1355
368 1539 470
1479 836 1270
740 1971 1767
238 797 11
980 1825 167
181 1077 669
1569 729 996
1677 1025 84
540 1943 463
384 31 500
833 1880 693
1454 1041 696
846 1367 1137
91 40 313
1726 106 489
431 552 1276
1632 486 1702
766 1198 913
849 1028 597
1048 856 438
136 1049 904
496 1569 1035
1652 85 791
1581 1853 713
1522 560 399
768 228 1165
793 1431 1650
69 1749 400
1145 78 1807
493 572 1657
708 539 1107
1404 90 1844
1382 594 1879
1987 432 390
1825 305 393
1113 1087 1967
1006 551 909
1609 362 1197
978 1752 1442
1024 1309 440
354 117 509
241 1238 819
846 634 80
1437 394 829
662 418 350
1360 289 536
935 665 891
1073 202 831
1271 607 959
877 759 1635
1978 491 69
1218 1792 1327
1299 1012 121
787 736 1947
1074 841 1139
1741 490 1292
1651 443 1109
1215 1511 163
1216 1166 1984
419 1059 164
1710 593 1810
116 1798 768
754 1766 8
928 1354 1133
859 1052 1530
1975 909 979
478 577 103
951 1227 1638
1243 1155 1935
1209 871 341
1306 401 1673
1512 1252 444
1042 1778 385
340 1940 315
1152 1529 405
1959 853 530
674 1176 1553
683 911 1242
1257 603 437
1807 39 1733
1143 1342 589
1340 1173 1801
863 1175 1963
210 1253 1899
1260 232 35
1288 188 794
1438 57 1111
885 2 1450
1813 1576 553
1275 1719 1765
1698 752 1840
501 1329 1515
1813 375 364
1677 1224 1136
107 1573 1395
1929 495 1696
1175 897 1268
1172 882 374
1426 624 309
1127 1647 1637
512 152 1070
908 1761 1990
1992 856 165
1722 239 1917
873 1697 366
1667 1818 1094
108 491 1831
1075 874 1269
632 1629 1872
1527 995 1062
1369 234 1712
23 1050 241
475 630 545
707 1415 1710
690 641 1310
625 1757 1570
524 728 837
1291 17 14
1572 1402 1559
721 299 151
957 1100 895
812 405 990
1403 1513 140
1964 1057 380
1376 498 1421
4 326 1335
381 1464 1629
1984 12 893
494 501 1750
596 1881 20
1706 811 290
240 1430 1484
1786 718 1299
877 676 153
1560 1954 375
888 1078 1661
497 1500 1589
1877 409 1313
1460 1316 1112
1487 1321 1977
407 1733 136
1992 821 795
946 1888 1476
1035 777 406
1735 522 1312
1518 1614 1186
1559 570 252
950 1417 563
729 1981 1219
605 1203 1257
440 1955 1217
1806 1089 1902
1682 477 759
1262 576 675
1283 814 809
1214 814 1985
349 1583 1228
100 997 1281
1360 1603 1894
385 1247 1471
1544 1021 1495
1558 1364 1188
521 542 1254
850 627 1160
958 657 441
367 1373 1041
1774 232 1093
1521 964 672
1234 139 43
1093 955 898
822 459 411
1002 473 1428
410 67 1437
670 646 40
1924 1314 978
464 804 158
988 1884 803
1534 1891 1350
920 1588 176
333 1275 478
1939 1271 1176
1954 269 1358
1652 1449 1922
746 1432 1326
825 1670 355
36 511 1192
274 171 1903
679 1215 454
1772 443 1236
1340 1741 1602
1762 1443 786
961 799 1510
1827 1320 89
1960 916 1667
759 1107 806
1274 24 1264
23 369 324
1211 862 513
521 1927 940
1015 694 1994
1561 1630 22
949 1765 1679
6 1744 96
33 532 872
1026 1710 1002
1594 1458 1364
1155 347 79
519 1179 97
725 1882 63
1793 562 741
1206 775 1613
46 610 267
450 153 650
861 1755 686
791 264 330
376 400 1028
1516 1038 703
989 52 227
1388 865 1955
583 1362 53
1056 1862 637
152 1676 1863
82 431 1828
38 513 446
1502 1901 1811
674 121 987
1384 1436 1663
592 563 190
1337 499 12
1061 1376 1277
1161 148 1412
1784 1989 384
934 1522 614
1080 619 1591
1007 222 1928
217 1348 1616
709 820 1698
317 537 1032
1919 1063 283
1702 1624 320
1098 913 923
1528 1994 1366
263 1379 1456
1201 174 88
168 991 1252
747 910 704
1472 719 1357
1342 1202 1130
1150 432 598
754 334 1321
781 680 918
1980 1149 5
327 1162 1826
1747 1981 98
1673 1718 1580
780 827 1625
1270 884 1245
398 1154 193
244 518 119
1852 613 1446
326 1287 1832
687 1183 1448
1377 1821 1079
270 551 317
309 1266 662
744 437 1279
1411 1191 1979
1665 642 29
1961 346 1841
1716 192 812
293 80 654
1394 221 586
1453 1428 639
1837 1724 638
1148 93 964
968 151 1083
1895 392 1816
1354 247 835
200 165 1741
302 487 1503
1298 173 914
19 1946 1760
1743 1543 1398
1921 399 1554
35 1222 578
1965 948 1880
1043 291 1491
1568 1645 113
215 1395 636
1371 761 1564
594 293 1303
1878 1603 1600
1210 575 750
1171 869 804
1956 1970 1876
1641 724 27
1125 1278 630
1118 686 1998
439 189 1749
737 756 274
453 1723 338
1751 910 287
943 1980 709
147 879 371
288 337 1526
1763 1250 880
1849 981 533
88 1776 1161
1 441 1550
900 878 519
1001 400 1479
1880 130 1212
140 15 1460
913 1425 787
952 1446 1304
1478 425 1521
1854 1221 1680
1906 611 815
1068 622 1049
384 1498 1226
1058 1149 579
1182 1277 268
1966 268 256
1964 1186 952
34 644 277
842 1293 1346
1527 888 1867
523 336 376
1694 1393 1359
1787 1010 1295
300 1769 377
1547 1904 1606
36 842 48
7 1392 1542
1871 1844 1692
777 971 1353
1805 1126 801
965 1368 582
1197 554 611
1765 1700 1574
262 843 1339
517 1774 1445
762 392 754
565 1203 668
1433 227 87
1888 590 93
1604 225 1389
1804 357 389
1747 1720 1426
1258 422 1797
1794 1855 1362
1863 408 1983
403 1249 1378
1736 1905 1231
803 1331 1896
1824 1517 724
864 1421 1668
328 610 286
454 1828 721
1649 1731 1817
422 87 1393
1809 345 753
1882 353 1373
1277 1861 1529
1840 1685 1417
962 917 1101
564 1128 1439
1408 439 1145
936 298 1115
872 323 1822
765 412 1114
947 1842 1942
489 1228 359
881 355 1103
824 1881 1004
1299 1699 575
8 965 333
1210 576 82
785 1680 760
1808 1410 127
1379 599 1106
883 591 1901
128 1442 939
701 508 1263
1554 1944 658
1190 1823 282
919 402 950
1819 884 727
1541 857 708
1134 138 1812
932 1914 1862
96 1152 767
1961 618 1172
13 1733 518
1746 488 744
1736 1002 1624
585 103 1630
739 906 104
1968 1016 1824
536 1487 1403
1926 313 351
908 1309 757
660 1029 427
1490 107 1147
1519 1680 1971
970 631 1636
1728 1217 356
155 730 1202
1563 534 862
1948 1946 1020
258 950 1655
739 1515 1418
1429 922 877
1770 986 326
1635 1543 169
738 915 1914
982 1148 196
1621 1012 1046
492 1681 1156
288 12 1653
1802 653 556
659 275 679
712 1852 1932
1674 790 264
1369 1973 886
160 1323 388
1371 1504 832
310 168 166
946 1230 451
1332 1128 507
1866 1365 1085
301 1517 99
895 1226 251
1895 1509 1715
1120 1232 6
1507 1717 702
320 1252 1940
1127 267 542
47 1027 659
1385 1605 1601
1520 868 560
1480 1564 1609
830 702 1164
1683 901 520
145 1011 1234
1301 1068 57
1540 1587 635
1639 1425 291
417 1745 226
640 734 683
1505 43 276
885 516 1117
1953 977 1128
1251 1759 407
1426 1317 1187
549 1937 1466
324 969 47
115 540 1865
34 1169 1599
1253 1408 1523
1669 1623 1388
283 235 1887
574 1967 1684
1310 257 409
29 6 25
1730 683 413
372 545 792
1325 1760 1743
1174 917 221
1974 1550 643
1832 267 876
1658 1672 482
1116 996 250
1679 582 1615
1657 1338 265
373 636 319
1984 651 39
509 1339 1290
573 751 997
305 808 1906
11 1059 1182
1929 962 13
27 1466 67
1071 778 1834
1579 176 183
1484 1663 1669
1170 642 897
868 357 1707
1917 192 1333
732 909 1747
209 1117 1033
1933 1910 108
1111 1938 1976
773 1636 1612
169 673 1882
898 797 1131
1084 1940 774
142 427 1010
62 1780 362
758 1140 1740
1490 105 1344
1382 470 179
246 543 1586
258 632 1039
898 184 1843
141 1440 920
1407 1861 569
1159 1233 1211
1943 1284 1072
1914 559 42
1884 1083 836
852 58 778
1129 321 1475
1570 1913 890
196 1831 671
852 1949 1648
1555 696 70
1631 555 1055
1577 1207 1258
1320 1937 1291
671 1684 790
1812 608 1233
1996 1189 1717
1873 647 1441
1845 1532 879
1595 751 412
1763 1273 1855
1305 1556 493
314 377 1376
1182 271 486
984 83 130
449 1712 852
1091 600 535
533 35 201
903 274 1980
140 1771 1199
242 1758 1836
647 1531 1735
1647 743 386
1173 126 1522
1789 61 1590
896 1685 1925
1669 764 126
76 530 402
1362 938 74
1638 1661 73
1123 1977 211
1475 1656 383
595 670 646
1766 482 1575
318 833 941
1298 1004 1158
1357 1976 616
526 208 1790
1297 1373 871
469 56 1024
1903 144 1132
659 1269 606
1722 692 157
1607 480 953
1162 1170 1639
703 79 1272
783 1536 1951
546 745 1786
1893 580 1610
1064 1324 1400
862 614 1080
1295 611 1551
1097 613 254
1250 1578 1528
1102 629 1909
953 349 1057
1141 1153 1429
525 19 748
796 1213 564
336 587 916
874 622 1549
1836 1879 1861
1030 1665 101
1039 567 304
1585 1689 1302
1602 1637 347
1292 1901 1210
745 1453 1237
1308 1061 752
1571 799 1294
106 522 689
1160 472 925
879 175 1511
20 534 262
186 1897 1582
532 1932 1823
395 234 1584
1764 505 414
895 1612 1380
1945 732 1895
87 1591 1842
92 352 1155
1783 967 640
934 937 1012
1883 1283 1274
393 1036 1764
488 1836 1498
680 813 1664
953 697 1477
350 1807 993
599 1691 1524
1834 1571 1120
1308 1324 1220
244 1100 1686
990 279 1694
483 805 343
866 1928 540
1067 1753 431
688 156 49
1447 1679 992
755 1699 1781
296 1452 1438
1628 380 64
89 990 284
1130 978 1306
1241 948 591
1983 760 312
558 1514 180
1406 296 487
1302 112 1548
675 1397 981
531 985 971
1195 1412 1959
579 1806 1799
584 1255 372
665 1705 844
113 1163 340
1843 1892 1076
1811 1083 1019
303 779 1372
484 945 570
339 211 1718
940 1359 740
620 1822 352
1589 250 1982
1179 849 1921
1392 48 1997
214 308 1246
802 330 863
1661 1500 1552
867 1150 965
1739 955 260
1972 272 310
1898 1104 331
1008 1568 60
1326 1742 1708
1358 144 1293
1832 828 1000
705 1600 775
1956 1971 1284
1822 472 1518
892 1133 1683
1242 1821 921
55 1709 187
956 1265 1088
1606 479 56
1167 285 581
1351 1989 1286
568 1381 1194
209 1608 1352
1192 788 603
1692 1902 856
639 1411 1124
1536 584 387
1105 1353 210
25 233 298
531 319 1436
1643 1422 869
1564 1314 162
682 141 531
1526 1160 33
927 1063 1739
322 1035 1973
76 782 1927
1069 406 783
845 1045 1852
795 681 203
685 1177 684
335 996 266
705 124 1265
550 130 1869
1498 1282 1875
445 1773 1108
462 161 883
605 343 1099
1868 1281 937
90 572 224
1653 461 23
358 465 178
278 813 1191
1721 387 475
1521 886 349
845 1502 1689
10 1467 1305
411 99 1336
80 1279 1944
1387 1734 1593
1542 261 1095
272 423 466
1735 1452 307
1172 1970 874
1838 1441 1410
1224 50 1789
253 129 197
1545 1566 999
1256 854 1419
1029 1850 1716
1016 56 628
972 1417 932
190 1915 1535
838 284 305
1427 711 641
1829 887 124
268 1409 796
259 137 160
834 859 10
1106 1867 1026
257 142 208
915 1889 1729
1031 1625 1587
1044 1401 85
645 726 532
446 516 471
977 1400 1069
1935 45 1472
661 686 1936
875 1524 1423
1648 1967 1056
573 695 1681
1462 1732 731
434 401 1972
165 1472 739
614 786 318
1599 616 32
131 994 746
662 1317 396
1115 979 1054
301 1110 422
1635 198 1390
893 1634 452
1444 1141 504
1995 554 1966
1585 1857 736
826 485 734
466 727 1780
28 1818 817
429 273 28
118 166 1311
1221 180 973
1296 904 1825
1703 1119 1196
1738 633 1235
1701 320 1034
1153 1204 1929
368 1698 225
1678 1174 1726
1147 261 818
1933 386 1805
513 652 613
1803 474 861
1870 265 922
1686 1550 429
1295 294 1854
1276 691 1534
1538 1795 459
1389 1047 378
1660 574 1144
410 233 420
481 959 1682
8 1885 1776
648 1184 1926
32 1290 1365
1855 1286 1138
1343 992 733
1239 13 21
1245 1017 769
1370 1727 1858
278 1161 1473
104 591 1763
307 1864 1463
289 731 1370
1267 1440 1561
1655 1208 1881
1078 361 963
370 1259 784
1071 295 1949
924 595 917
382 1664 1758
197 1414 529
1193 831 673
678 1109 1330
905 636 1494
1037 217 808
696 1649 391
1867 1584 1454
598 770 1757
1997 1438 344
721 1263 19
187 1627 1915
571 1590 91
975 503 758
760 593 1756
748 1137 1260
1962 348 1802
1873 1764 546
1624 1126 1645
1693 596 1999
155 1507 1349
237 717 107
561 1934 182
838 433 846
1573 802 335
456 684 1
1993 1779 1230
1715 508 511
1361 708 820
191 1039 527
924 306 292
1773 676 296
1101 199 1061
1678 921 551
1164 914 1798
1593 1664 1030
1007 1976 275
1745 808 1122
724 1796 403
1634 949 1714
325 243 901
1058 172 1931
1079 1865 207
722 1506 773
1312 1319 1307
756 256 1762
1293 1347 299
1294 1666 1433
1757 918 212
26 1530 1244
201 1018 1873
1616 1338 948
386 1636 873
1713 523 677
146 1800 206
1562 1079 1912
706 1740 1874
206 1947 279
190 715 516
964 1531 1222
1255 1565 514
919 245 974
1103 617 1409
1492 981 1218
49 1533 45
1444 1791 300
673 656 1427
1560 338 685
1307 1 329
1281 571 522
1673 416 1893
1341 864 1185
566 111 719
1667 1334 16
1003 1380 887
103 260 810
1076 29 1123
1154 1110 554
1617 1724 949
771 109 1315
85 776 236
1165 1978 1847
378 643 358
1073 688 443
1264 979 1766
1808 295 1208
345 1612 622
1499 569 1009
1915 863 71
1394 563 1251
1488 650 102
1582 266 205
1862 341 1248
1505 1775 610
1406 495 125
1213 1480 528
139 1230 1516
1363 1138 1367
1648 943 515
1515 1985 884
114 302 1933
1613 700 1174
805 94 1725
557 1032 1483
1614 381 749
1234 1674 561
1055 1948 1051
1418 1633 214
1469 44 1996
122 1844 462
114 1748 473
1865 414 367
1941 782 59
280 1468 927
891 655 1360
1582 901 966
1021 1584 1556
1622 520 381
402 801 595
1663 1608 1603
1991 1351 631
216 156 1470
1645 899 523
1846 1567 1886
717 1816 1792
983 623 1021
1348 21 1457
1028 437 1029
216 653 1501
70 436 1700
88 298 1485
1990 1790 843
342 667 885
1591 123 421
752 265 1018
180 1495 951
939 1135 695
318 606 112
1427 286 1868
557 1777 135
1574 806 498
944 1303 220
1188 791 149
1754 765 946
1618 1395 656
586 1854 680
533 664 1065
287 332 986
393 1273 1203
1675 1181 1685
46 706 1687
74 1313 480
1546 1780 1119
1424 1186 510
321 811 503
457 48 280
249 1080 1238
1737 1523 295
1269 1658 213
1263 1226 1850
1973 42 1431
1448 38 1722
1420 252 615
555 635 1348
967 763 1693
1114 1951 1920
1399 1991 1713
101 925 549
62 482 417
277 1804 2
184 1553 1568
1476 255 1162
1130 1839 1540
1489 134 120
1587 558 854
1899 1219 1791
612 1448 491
904 848 1066
626 1902 142
105 1146 31
327 1687 706
285 1335 1719
1851 693 122
1872 1374 1885
1056 1042 1848
424 1245 866
359 1133 1910
224 1958 691
702 890 1695
161 1194 1322
1805 1506 1179
980 1875 543
428 251 346
248 1692 1031
1983 354 701
1296 704 1558
1534 792 365
1860 362 235
1131 355 612
31 37 547
634 757 694
858 736 1273
1719 1889 1571
1232 1660 716
535 1412 1566
598 306 571
246 1657 1143
1586 1216 607
1496 1782 1256
1090 806 240
1439 315 218
459 1589 1152
1390 1236 348
1050 270 1001
1300 397 728
720 1030 1401
1656 1236 3
1375 1062 894
260 1625 1543
1085 1139 718
72 361 133
1646 1270 960
526 276 1634
851 1463 198
1330 1923 1870
722 655 209
60 1013 1500
64 761 191
231 30 1560
1191 1474 826
292 615 712
999 129 1110
1921 1890 1649
1151 1423 156
663 1327 726
325 900 361
1017 1456 460
1122 1240 181
197 111 1905
167 158 648
796 1860 1555
189 245 931
1931 187 1374
1776 525 1864
1231 1441 765
597 1259 1444
681 1022 322
1199 254 231
457 615 1675
1485 75 1957
1102 606 1221
536 998 1073
1726 366 257
1767 1848 596
1932 1870 1846
666 1777 1744
1192 185 94
1626 672 242
365 1187 730
1207 41 777
1632 1526 1077
769 997 1435
63 801 490
73 832 1782
1839 319 1098
520 758 354
1463 158 353
1311 1963 714
697 976 1225
1695 442 537
1316 794 938
1668 1535 118
784 1684 1319
1688 421 1588
585 626 1206
502 191 1493
1015 899 1420
875 350 1038
346 841 538
413 405 983
821 1243 732
1366 1944 234
1344 1939 889
332 1247 404
658 163 1849
492 793 1404
726 1962 707
1707 1132 625
426 1200 1497
1817 1781 627
1835 1913 1464
3 28 453
1670 353 1742
1272 1729 1755
203 1817 237
956 974 1166
202 322 1890
994 1899 608
1054 1445 1285
1403 902 1768
426 1088 1772
25 243 678
820 1751 1557
1886 1711 328
914 1706 1151
1845 18 1449
465 556 308
342 1497 821
1336 586 1908
1248 500 1952
1027 1065 1853
1023 716 1280
1752 1760 525
1001 44 1096
1767 199 1149
1447 1496 200
409 311 878
1620 188 508
656 1868 970
185 377 1541
45 1167 676
1799 1499 1943
829 447 321
1131 416 244
1254 1920 1262
1739 1466 497
1193 485 1289
1650 1019 270
276 825 1907
1770 500 1833
467 583 223
792 1785 185
1089 162 652
1546 1120 1814
1455 1364 1434
420 83 1163
691 9 526
164 310 1622
1930 1156 1447
1508 785 968
120 1869 1646
1626 1326 1385
1443 716 1287
1995 348 1697
451 1413 645
1590 1653 171
387 1041 1987
1391 1111 1544
1206 1435 1527
1093 1383 159
1695 1567 1809
1495 865 557
181 1188 954
1196 1906 1918
1790 930 1871
250 1109 110
973 1912 457
1112 1288 1255
1781 1886 323
514 480 1022
186 930 360
1410 294 195
1416 1863 681
463 1859 905
1343 604 825
131 624 972
1399 635 128
316 359 670
1700 2000 1507
1831 366 935
33 749 729
819 1979 430
1135 475 238
1081 1485 36
1144 1729 1627
1544 1704 1135
1955 444 1081
1838 763 1774
1010 110 1845
450 1034 1576
1055 229 1598
287 1524 1331
1375 1708 1478
592 1285 699
1011 1911 1377
1491 297 1506
834 1537 1699
637 1858 202
1123 391 1652
1537 1501 991
1748 685 942
3 441 674
1833 734 933
1814 1352 1011
1241 504 442
1969 206 649
698 1927 1399
9 974 1275
383 1640 1461
1671 733 1354
1199 920 484
1800 55 1387
1297 452 1153
1333 37 1804
74 1720 1830
102 545 655
1432 1272 1779
404 356 1363
1088 262 1592
1503 1890 1329
1225 1227 1604
1169 880 481
621 127 1361
1099 1942 1690
1715 1280 1969
1396 1435 705
1451 1218 915
1222 171 1538
1249 1433 1878
1251 660 1884
1459 1476 66
590 1060 620
1847 291 1889
1829 515 956
607 1434 186
380 230 958
603 666 18
61 1290 868
1911 1815 1091
1668 81 1432
1814 43 502
543 1144 906
1434 771 599
1471 1687 1567
150 1347 1068
857 742 1703
212 1077 345
1176 266 26
668 1672 1761
124 1066 1539
1000 625 824
430 742 657
778 1555 805
123 132 555
1405 248 1278
1185 1121 1569
150 1837 155
1114 382 697
1229 1415 219
1654 1349 1656
1756 542 807
110 553 930
498 59 1813
1610 1159 859
2000 1124 576
277 1381 1923
851 675 839
1054 830 601
159 1642 1919
226 193 109
1205 641 306
360 396 1621
174 1195 1620
589 1820 1496
890 1690 1665
566 442 761
1178 1511 621
82 848 1736
1237 1789 1533
973 664 1961
379 701 492
145 1294 762
77 119 1995
1318 163 217
1266 300 325
816 1053 1381
476 1520 415
776 987 771
136 988 465
1185 1629 433
449 133 926
1848 1925 44
1627 1289 1643
1484 1918 1671
798 1165 1641
1129 1655 2000
1717 1356 1177
1145 1702 1499
960 1393 1666
1429 251 881
1969 1553 1391
597 1951 392
374 468 77
847 1999 1547
1556 316 785
780 804 311
1211 1643 776
436 1650 1608
1549 65 395
1602 179 1688
479 922 1745
1229 853 281
92 304 501
227 50 258
1740 1791 592
1101 1357 969
14 242 1623
1082 757 1647
135 1879 559
1993 1898 722
1405 448 851
876 867 215
429 448 1642
468 499 1759
1201 713 436
1033 1523 1808
225 1810 1407
1548 1085 1678
627 79 285
1157 403 1676
1396 219 567
1834 1446 682
1705 1383 1100
581 1116 1140
926 1113 1023
343 1286 828
1788 1086 1308
271 541 975
1909 1876 1309
1998 458 1658
1072 16 1064
315 1240 1572
1121 1744 46
1163 897 700
281 93 1323
807 1353 976
14 1037 1347
390 1696 461
1592 5 1502
383 1644 602
438 1302 1545
1654 1279 1288
417 370 1724
1256 178 382
1878 762 1594
462 1737 1777
17 1181 1711
112 1166 139
1581 1107 853
1318 1013 1017
1532 689 222
923 1450 479
1086 510 1705
671 230 476
744 817 1325
219 57 1198
966 1204 799
1798 1659 1078
548 408 888
183 456 1003
376 89 1340
1291 1365 1775
1455 391 1941
1143 4 1320
1759 735 278
1681 1662 1701
931 1244 1261
1900 511 1127
1551 1261 1821
229 339 1820
1950 127 1090
1586 528 78
1147 1465 230
1122 1151 1818
985 648 445
218 454 1991
1492 1344 903
99 628 1626
1986 1124 339
1209 59 1946
1936 1830 1043
170 1220 865
519 881 644
1014 397 1451
385 71 833
547 1988 1414
58 767 1659
134 1987 188
1372 1067 855
693 1459 68
992 1064 664
1912 684 494
1926 1026 81
1220 1330 297
1386 869 41
835 790 204
907 1237 1452
1725 1328 1173
1458 1214 1167
568 1547 1159
789 1470 1672
1600 128 647
524 506 1597
1142 40 1204
1045 1907 1150
238 1319 967
621 630 455
445 1134 1243
983 259 368
1260 578 1458
1630 1095 337
535 1481 233
1212 286 1950
1156 1471 1459
1488 1461 1954
998 281 1536
1409 204 1720
66 725 1141
1598 1631 1704
941 1047 334
101 907 1565
1423 993 1116
1465 562 982
829 1315 1422
18 506 327
458 1032 1785
179 1920 1784
1617 467 929
1974 638 1891
1003 832 65
86 1538 1074
816 1785 919
1693 263 1334
364 1846 1283
1637 1574 245
369 1380 115
1859 1125 259
741 784 1953
146 1327 715
307 1941 1193
1642 800 995
1697 1542 123
132 463 447
517 5 1175
1346 1265 1857
932 269 1562
1233 677 1129
529 1276 247
944 120 394
290 844 1674
473 1494 1509
484 1725 426
16 1616 590
855 1264 755
182 63 1611
166 236 1492
987 548 273
1541 966 642
228 1261 725
912 870 1732
618 249 1916
183 1066 1728
1146 1731 1727
1597 1799 735
223 1407 957
741 1377 764
411 733 1121
843 133 618
633 478 1965
1622 628 588
1202 1688 1970
690 1311 1563
637 1552 472
1938 612 626
889 942 1488
1605 815 849
414 284 141
941 1690 902
388 1082 194
1595 1246 228
21 692 189
1358 1350 456
975 67 634
490 663 962
1803 1503 870
860 419 397
580 939 1537
223 1903 1413
1457 1289 1240
1048 221 1343
933 169 1443
1611 97 1318
1604 394 129
1072 104 1047
1171 1486 1469
1009 1833 1134
1312 196 892
959 1597 61
1106 91 1803
54 203 1148
1108 1482 117
569 1916 294
1508 916 943
823 1333 756
423 1025 587
831 1442 1402
1768 882 823
1540 661 1992
304 1721 692
968 538 1297
1713 210 1052
1750 363 1383
710 509 1513
951 1422 474
447 714 1209
1876 1384 1215
1489 338 1053
1284 623 660
682 317 314
1596 1139 1577
1618 527 398
77 121 651
839 1588 1154
976 658 860
927 94 131
1238 116 1578
159 803 1342
1816 1494 1282
1910 1239 827
1977 553 271
1136 162 1581
1580 1730 1455
1919 247 1787
1190 455 243
1060 1398 1229
430 822 524
1372 772 961
1842 1872 720
54 452 199
1874 1689 1986
604 550 449
748 1809 1981
1827 1907 747
1043 800 517
1034 544 552
1368 1137 9
850 1905 1397
1119 69 845
1053 1046 1487
22 952 1467
1303 617 936
337 926 1345
1065 746 1960
157 1388 1214
1850 1559 316
1950 1212 781
720 798 1170
503 109 1819
1841 1307 469
640 434 1512
579 1374 1617
1904 1431 1324
194 1784 1007
984 1323 548
1510 1593 1614
1820 1982 37
365 282 907
837 39 1142
207 1006 1045
1104 1096 600
1509 794 1125
1062 1566 288
20 861 1200
1707 1711 788
451 1075 1259
1049 809 75
564 1477 434
1005 1419 1097
51 1491 229
1475 616 146
1242 609 50
639 1257 802
1999 502 1721
95 1331 737
214 323 1480
215 70 1067
669 1136 147
371 182 1738
891 460 419
1341 723 1978
1530 815 1157
538 738 1771
496 1481 928
483 942 1468
1968 42 1796
154 220 1773
961 1562 584
1619 1217 232
644 1525 1408
135 1840 116
356 396 994
925 1486 1911
1467 1329 1628
220 1339 72
122 53 448
714 149 95
1223 1076 1827
1592 747 1113
1957 892 401
1945 1610 17
1513 1518 1573
652 81 1829
786 1746 770
1196 713 1102
117 1580 1044
95 1782 145
213 1802 51
297 1287 858
1231 1925 505
1779 601 1948
1623 1701 632
544 1268 900
700 1819 1900
731 331 1006
1478 1996 717
1994 929 424
770 1683 521
1728 1754 1898
995 1769 1505
1205 1031 38
1413 1024 150
96 561 467
461 1824 1734
1005 1716 1866
312 940 15
620 769 565
1965 938 1631
378 1935 1267
68 1285 1008
1419 1557 663
1219 1894 1178
839 311 1644
