586 588
254 194 91
203 411 432
61 565 451
532 517 107
328 399 111
161 502 551
335 107 439
96 185 30
145 210 27
315 410 180
571 317 566
327 553 34
8 563 31
275 440 308
32 184 132
171 515 157
494 327 319
535 57 35
289 258 191
563 571 124
319 312 586
549 155 520
218 105 77
539 451 350
251 148 174
345 527 275
123 450 9
66 212 56
221 473 68
442 305 8
558 512 13
94 464 154
172 417 409
293 508 12
89 62 18
156 485 120
114 173 527
245 291 318
406 503 469
478 301 463
50 491 59
582 93 370
189 250 532
432 341 578
1 234 219
496 545 480
481 457 542
474 101 49
106 557 48
467 580 562
324 375 271
544 91 544
212 363 540
438 227 195
301 170 84
290 351 28
163 70 200
279 378 126
557 405 41
79 442 293
157 266 561
283 81 321
586 476 403
115 131 382
427 29 503
402 159 250
241 493 134
77 19 29
273 10 408
84 429 579
567 24 374
459 167 109
282 396 273
380 102 229
119 263 539
545 466 243
242 88 23
74 127 171
370 251 222
551 254 353
238 575 515
78 550 398
103 214 163
420 432 55
64 358 291
307 371 130
392 79 297
495 27 104
39 209 384
12 561 138
576 439 1
566 376 541
208 501 404
62 384 228
67 156 518
359 278 510
105 342 479
521 430 471
113 232 296
440 534 574
305 276 234
255 343 459
492 468 421
502 133 88
583 386 283
308 172 209
368 271 4
387 67 146
235 181 72
470 171 498
248 51 5
395 199 141
447 273 342
184 393 537
421 216 277
166 112 213
431 586 185
397 522 511
112 385 554
561 74 36
182 506 355
529 355 367
155 233 411
577 126 20
536 58 430
516 443 58
233 366 377
451 176 474
560 511 363
13 5 86
26 20 397
164 76 15
99 206 313
144 421 67
154 136 153
460 237 425
10 259 326
297 373 90
232 161 547
209 226 168
313 536 112
287 572 309
286 50 359
522 208 485
524 3 278
461 92 108
47 382 345
575 559 311
4 567 221
111 365 448
564 409 435
228 448 380
479 110 135
436 129 32
196 59 162
250 104 236
446 261 16
472 347 584
210 532 290
403 333 320
360 202 441
329 150 155
269 428 83
371 264 478
207 94 226
520 364 395
90 164 312
298 548 140
234 492 429
374 82 259
518 319 78
323 488 248
475 200 585
147 483 25
91 542 366
500 441 289
382 80 573
43 89 546
178 556 455
491 174 10
150 83 465
309 403 274
316 381 258
314 581 526
358 585 117
428 247 457
197 120 559
453 108 194
498 318 327
258 14 482
225 513 19
300 335 364
122 114 360
412 475 188
468 436 54
14 352 294
480 245 492
110 68 231
153 331 349
179 387 57
92 489 483
230 523 220
541 143 232
330 28 394
51 18 401
364 207 230
87 269 389
40 262 338
86 146 106
553 541 211
249 135 210
489 444 470
173 519 116
341 524 428
206 177 516
134 145 565
116 132 316
419 2 256
471 97 45
574 175 202
405 494 149
546 147 79
135 139 456
400 95 238
388 520 529
216 37 165
80 189 505
57 361 94
23 282 74
139 293 206
136 46 198
58 117 203
229 191 288
185 369 101
264 77 358
21 569 156
175 579 577
256 484 224
262 15 376
559 225 443
131 547 563
333 238 467
424 292 76
236 215 302
425 230 489
318 6 300
344 4 261
352 193 172
152 55 507
372 395 66
253 564 357
93 433 453
1 458 475
25 267 500
128 383 431
366 3 218
396 162 299
267 121 183
511 47 170
448 141 387
321 359 247
515 447 556
292 546 266
340 330 362
413 499 315
466 370 263
237 427 564
367 277 417
194 426 390
550 310 410
568 255 51
404 240 348
102 260 73
162 578 182
304 311 26
570 16 580
97 340 115
204 2 145
411 12 368
542 253 412
530 66 405
534 64 292
188 481 105
193 248 488
5 249 496
391 153 386
312 41 419
462 99 233
127 518 176
450 368 159
573 431 85
288 573 282
48 96 60
100 323 196
101 401 447
501 418 99
65 48 87
177 118 476
260 309 257
22 566 246
377 286 325
508 166 244
361 182 418
195 552 509
224 109 472
514 304 576
231 265 513
525 543 14
54 332 142
296 583 557
190 350 148
247 32 167
191 540 133
356 425 437
346 8 265
107 72 217
339 49 436
192 211 38
69 54 17
578 205 160
70 374 62
476 244 422
270 63 423
390 42 351
278 344 301
33 357 137
363 22 189
464 71 571
426 392 361
469 44 543
538 353 416
354 504 558
505 379 583
369 539 582
60 246 497
547 125 486
211 85 494
337 320 208
219 152 560
35 160 356
132 142 514
272 53 113
268 279 538
409 339 442
452 35 147
373 471 523
138 455 388
565 469 272
486 538 199
415 416 24
202 465 324
151 43 575
581 576 80
265 389 373
562 570 121
252 13 340
277 537 251
477 452 235
165 45 143
512 407 193
362 65 329
401 398 264
302 461 129
29 349 192
499 224 392
332 149 175
55 39 122
52 252 279
444 115 454
407 179 42
410 388 414
46 294 555
75 397 354
519 438 71
73 372 506
320 470 239
124 419 127
509 119 379
18 31 378
579 423 152
133 467 396
174 315 64
85 324 552
355 298 89
104 61 521
343 486 286
423 322 260
454 34 347
429 103 207
439 362 269
503 138 477
281 533 365
49 283 535
422 73 204
554 558 166
27 220 381
246 151 131
200 17 82
95 69 449
527 505 426
399 509 205
408 303 473
585 169 63
338 113 93
379 290 281
11 526 481
143 297 487
53 33 69
146 394 33
17 460 270
528 124 123
201 158 280
213 334 570
137 422 371
322 348 519
331 472 331
533 256 268
384 562 303
317 122 287
497 308 533
125 52 103
169 111 322
118 336 323
148 56 490
310 30 136
311 445 400
484 367 536
130 204 214
215 474 169
82 402 125
457 60 255
227 195 2
485 178 444
382 40 468
473 521 151
430 36 317
299 584 314
44 134 524
349 116 7
271 229 452
294 390 161
180 236 344
350 289 240
217 221 433
378 231 522
121 218 495
572 487 295
244 406 150
37 302 399
548 510 508
7 404 3
517 462 440
507 560 252
38 180 369
199 326 179
109 437 223
214 90 186
357 183 548
375 391 102
16 356 517
45 239 581
417 235 466
580 420 40
348 154 568
59 549 181
394 459 462
205 140 242
382 337 434
365 555 39
285 321 212
239 400 98
149 414 305
280 480 402
416 84 128
186 382 253
295 270 298
555 454 391
41 165 164
88 198 97
257 424 46
263 354 406
513 100 190
552 507 201
159 287 502
187 338 144
385 203 336
19 544 407
488 328 284
584 574 245
483 98 424
56 196 530
303 192 197
266 23 512
291 490 337
381 242 446
28 313 285
383 26 335
15 446 110
120 408 567
393 316 254
414 186 550
158 500 484
434 300 65
336 435 549
456 222 227
126 241 375
168 529 249
226 514 450
117 144 304
129 217 96
389 187 118
449 380 493
325 75 307
72 157 341
140 190 81
540 295 215
482 299 460
81 582 95
141 284 415
83 528 22
569 7 385
443 325 445
487 38 346
531 223 438
342 275 534
435 551 184
493 377 37
42 496 531
24 106 225
98 329 491
465 257 528
222 21 43
183 86 420
198 525 525
433 306 393
437 137 427
76 25 114
347 516 343
31 11 75
351 498 53
6 197 92
386 128 47
240 531 330
71 413 52
306 477 572
9 535 178
418 463 139
259 497 458
63 314 504
537 163 501
463 495 6
490 568 383
181 453 588
441 346 119
68 360 372
261 272 262
274 188 310
526 213 332
376 243 187
334 168 339
142 449 61
220 478 50
160 285 241
30 434 267
223 123 216
398 577 11
243 280 499
284 479 464
34 296 587
504 219 413
556 281 328
36 554 545
382 456 177
543 288 100
20 9 352
510 345 306
523 228 237
170 130 44
176 87 70
506 482 276
326 201 461
276 415 334
445 530 333
353 268 158
108 78 173
458 307 21
455 274 569
167 412 553
