586 588
100 368 458
396 5 149
275 145 83
99 520 552
70 487 432
105 239 70
342 405 10
406 266 249
475 415 154
68 516 7
295 333 556
412 428 375
192 402 438
328 265 551
282 258 361
125 196 570
375 309 559
37 331 457
197 74 545
66 301 344
41 104 435
356 64 576
482 170 580
75 437 153
371 50 194
517 101 275
568 577 232
567 583 347
71 31 104
188 344 284
56 229 147
511 14 563
402 243 256
378 63 82
313 432 460
138 94 183
256 466 411
231 240 348
266 458 224
417 340 536
108 193 293
516 252 571
244 412 60
97 374 100
267 72 524
139 518 493
363 508 449
283 512 578
457 86 324
252 391 165
435 559 316
543 349 446
48 450 586
28 444 429
80 489 234
386 154 355
92 406 346
61 435 378
162 410 92
319 98 43
69 352 395
474 55 233
147 392 128
563 84 313
408 366 544
190 268 172
88 338 523
148 511 222
379 455 441
210 468 6
440 57 248
302 539 481
142 23 371
476 485 437
397 385 168
420 201 116
292 228 529
156 192 474
285 187 246
564 8 143
574 362 587
67 271 34
532 436 3
9 345 218
186 260 533
372 43 272
277 514 202
170 127 393
446 434 223
216 263 289
348 81 167
174 568 59
137 320 414
559 566 210
546 202 189
305 327 331
367 176 151
582 324 550
530 123 333
53 124 44
226 244 526
291 359 468
570 403 330
127 544 29
123 29 444
380 143 117
298 501 514
583 378 350
347 211 497
512 135 538
317 80 266
337 138 579
51 186 311
322 139 512
426 133 263
133 449 76
518 334 106
131 103 510
350 313 397
297 48 127
351 363 496
126 38 422
278 454 558
289 175 426
487 259 401
238 498 238
58 307 120
260 522 63
478 91 423
470 148 290
366 310 462
212 515 419
463 214 260
215 219 452
560 280 298
425 132 405
265 197 575
558 477 513
389 555 299
336 297 387
469 540 445
185 20 455
345 279 80
232 373 490
321 56 314
510 393 318
128 478 31
443 10 208
120 417 2
499 355 164
72 561 97
182 68 400
329 61 24
203 150 9
555 18 345
586 85 396
234 330 265
361 215 282
146 173 480
47 430 225
172 178 258
398 533 499
382 249 521
352 33 150
102 137 50
419 208 295
450 134 91
251 277 75
165 1 193
299 346 372
124 195 173
465 416 66
22 119 171
515 312 229
109 254 476
392 299 349
222 30 502
436 486 520
554 325 581
479 115 329
447 275 373
357 160 398
441 401 36
112 131 456
24 573 582
45 41 537
505 304 303
50 88 477
34 152 95
461 255 297
225 395 247
11 159 425
218 281 169
577 554 25
15 440 394
110 528 304
485 126 410
432 2 577
556 453 494
312 22 320
228 329 309
385 112 87
526 585 285
284 96 569
541 546 321
439 537 315
452 236 312
410 580 148
551 556 528
318 398 94
224 504 500
44 16 515
401 251 287
130 65 557
331 13 357
353 459 483
43 125 416
496 490 84
537 242 390
84 316 235
177 387 242
206 306 68
550 541 89
274 256 39
581 360 160
201 502 356
524 586 459
193 117 370
338 291 174
364 431 540
330 357 406
153 168 27
455 558 62
562 71 55
480 207 220
468 27 447
286 542 436
159 167 126
96 409 574
553 49 241
508 322 240
95 76 221
272 190 385
531 388 498
490 367 505
285 535 79
30 200 191
270 245 71
429 274 8
134 414 364
578 495 495
155 571 473
83 557 585
65 151 487
296 174 509
442 234 33
230 364 516
308 336 161
459 290 389
344 130 133
544 209 451
59 121 573
316 379 115
451 494 326
507 217 157
229 210 111
114 237 470
122 216 507
416 552 383
290 60 328
7 375 567
528 17 86
223 308 353
60 221 572
538 224 26
150 226 280
117 35 506
433 1 338
164 353 301
415 335 276
29 383 565
16 399 158
63 183 362
414 463 30
180 574 203
279 548 310
94 397 213
395 6 352
194 390 90
115 206 130
239 156 539
285 572 584
183 527 41
430 351 427
86 222 166
491 289 369
242 227 190
373 44 135
377 212 139
255 89 434
448 513 279
320 448 442
359 120 187
301 372 196
169 550 518
202 122 440
87 99 484
175 321 417
509 75 201
52 358 286
472 204 113
549 483 207
135 213 64
569 87 145
495 339 206
36 318 51
157 162 547
374 384 146
418 534 588
413 332 200
434 34 205
467 506 564
189 328 384
287 419 49
325 464 413
486 408 264
54 21 343
456 235 270
73 470 180
409 425 103
191 231 96
253 314 511
166 90 99
428 497 535
411 247 478
19 400 555
326 475 464
340 377 278
400 472 407
404 389 358
407 9 360
181 253 386
259 371 327
506 110 20
285 341 155
220 429 57
309 107 28
327 303 38
522 445 176
107 67 108
10 116 367
200 447 288
365 172 273
473 47 546
484 302 56
521 523 226
276 261 215
31 283 340
79 457 583
246 433 341
21 547 15
271 108 283
209 443 467
81 188 250
355 109 479
25 220 492
213 70 351
85 492 379
341 562 296
527 579 228
315 97 73
445 337 170
6 532 181
219 169 420
98 12 12
111 438 508
104 191 531
437 36 58
149 233 368
303 158 501
503 100 450
32 386 525
268 69 269
571 129 323
249 465 243
536 488 342
178 58 140
294 264 554
179 456 259
339 461 219
444 7 561
40 46 439
211 177 88
163 165 195
552 499 61
370 149 156
158 525 119
311 496 182
502 471 453
533 342 152
250 282 125
18 257 463
464 267 409
471 569 418
403 32 136
580 53 231
82 51 339
187 248 424
547 404 403
57 39 197
458 543 37
167 292 542
520 113 325
391 205 93
492 411 488
17 4 217
453 298 308
548 294 404
168 24 132
423 140 374
173 180 517
523 407 122
281 296 129
535 381 408
497 238 192
5 114 124
360 106 294
500 482 503
64 62 54
387 474 522
247 223 560
258 105 5
195 421 519
227 382 300
323 460 21
74 394 237
184 505 74
237 128 13
572 93 392
152 78 306
483 564 69
205 164 302
121 181 469
90 293 105
333 185 141
466 582 52
332 153 236
23 521 461
376 553 47
310 273 381
264 500 261
399 423 134
236 576 399
26 295 465
540 356 142
514 269 184
103 276 18
273 232 1
196 370 227
525 262 35
384 42 448
288 503 131
462 250 402
362 203 337
519 141 454
143 73 475
136 531 363
38 136 102
198 536 443
422 420 267
263 530 489
13 538 527
539 189 252
285 157 78
334 479 466
199 25 175
489 413 188
481 144 335
33 199 365
14 300 159
154 155 72
77 45 491
513 179 216
119 462 307
76 184 549
248 519 534
529 578 254
233 481 415
390 166 471
368 560 144
438 584 482
254 92 366
545 380 46
8 507 199
151 439 251
106 376 121
91 491 109
116 396 244
566 182 162
101 230 211
240 350 380
208 225 177
245 563 428
542 19 548
358 270 245
579 467 277
78 194 268
383 77 376
27 95 255
269 37 118
488 278 332
49 545 114
561 52 138
393 241 107
280 361 212
504 427 257
300 526 421
140 446 305
243 476 433
145 451 178
89 272 163
449 347 430
421 426 67
257 315 45
132 484 382
335 319 101
261 517 472
241 549 209
354 509 77
207 54 568
460 305 377
46 473 562
204 147 85
381 26 486
12 11 334
576 311 40
584 323 186
388 424 110
39 246 291
427 565 230
304 163 566
498 354 412
565 3 553
494 288 65
369 286 19
575 581 354
501 442 317
394 343 504
55 452 485
349 284 98
129 161 14
160 142 4
431 2 543
217 317 388
343 82 336
141 469 11
214 529 214
314 83 123
171 567 17
144 365 431
62 118 391
93 575 532
306 146 32
35 66 322
293 111 281
42 218 541
118 171 271
573 15 530
324 493 204
4 524 16
405 102 42
235 59 274
221 198 262
493 570 239
161 369 137
20 28 22
262 3 198
176 480 48
346 441 112
477 422 23
113 510 179
424 551 185
534 287 359
285 40 292
454 418 253
307 348 53
585 326 81
557 79 319
