100 100 100
92 84 80 63 33 57 45 27 56 75 66 91 41 79 76 75 13 46 99 53 36 60 91 46 20 38 59 16 38 54 52 57 45 41 58 36 3 80 88 87 45 21 22 45 58 80 10 65 15 60 52 21 45 41 36 7 22 55 42 36 13 16 36 49 81 45 33 6 80 17 94 8 57 66 56 58 26 86 43 36 84 62 24 11 58 68 86 65 57 55 50 11 63 33 33 3 29 69 47 90
20 10 24 41 19 21 62 80 53 75 73 1 82 3 49 93 78 55 5 11 14 7 50 38 52 33 89 60 36 28 83 84 22 8 6 57 4 9 66 29 88 74 90 2 32 56 26 54 40 100 48 46 95 16 44 18 71 67 27 99 45 68 61 97 64 92 94 87 12 37 23 34 43 35 91 51 15 85 69 58 72 47 77 70 30 31 17 81 98 39 42 63 96 59 13 86 65 79 25 76
2 57 53
2 62 53
2 37 15
2 98 86
2 50 16
2 98 70
2 26 79
2 66 21
2 18 26
2 100 95
2 23 27
2 48 79
2 25 7
2 56 61
2 22 1
2 15 57
2 40 8
2 94 81
2 60 6
2 77 30
2 49 15
2 49 20
2 62 33
2 45 89
2 90 35
2 80 90
2 7 51
2 16 75
2 95 31
2 94 61
2 63 73
2 77 38
2 69 33
2 63 28
2 23 91
2 64 46
2 22 77
2 45 56
2 82 23
2 70 89
2 41 69
2 21 82
2 4 12
2 42 44
2 38 35
2 9 9
2 22 71
2 83 94
2 89 24
2 5 62
2 100 82
2 10 2
2 38 22
2 3 69
2 78 49
2 57 87
2 57 19
2 16 74
2 27 9
2 98 86
2 43 76
2 75 91
2 47 21
2 56 88
2 18 67
2 58 28
2 64 40
2 96 47
2 26 98
2 53 89
2 89 14
2 9 19
2 44 24
2 12 5
2 64 87
2 2 44
2 77 41
2 2 21
2 85 4
2 91 82
2 19 83
2 49 71
2 13 65
2 10 56
2 20 98
2 55 12
2 15 27
2 66 33
2 89 34
2 91 73
2 98 15
2 56 39
2 69 62
2 31 65
2 5 10
2 60 82
2 57 8
2 2 2
2 65 33
2 56 61
