100 100 100
25 25 8 20 63 66 67 78 8 78 63 20 66 84 8 63 67 8 63 78 63 66 8 78 78 25 66 84 67 63 67 84 63 63 63 66 66 8 8 78 78 8 78 63 78 66 8 20 84 84 78 66 63 84 78 78 78 78 8 84 63 84 78 66 25 78 78 25 8 78 78 75 8 8 78 63 63 78 78 84 63 78 67 78 8 8 66 8 63 8 20 63 78 78 63 8 8 78 25 78
92 69 52 13 70 65 83 30 77 54 90 94 44 8 66 16 23 95 78 64 24 10 37 73 31 1 49 5 67 96 6 98 41 22 51 3 93 87 91 14 53 7 56 34 57 35 36 50 42 38 97 11 47 2 85 27 33 58 18 17 59 48 9 29 43 79 25 61 89 68 40 19 46 15 84 4 99 26 71 20 63 28 74 72 81 55 39 88 21 45 86 12 32 62 76 80 100 60 75 82
2 80 35
2 85 44
2 93 75
2 6 46
2 31 29
2 54 1
2 9 33
2 53 42
2 85 50
2 43 38
2 72 54
2 68 24
2 34 26
2 13 5
2 32 89
2 12 84
2 13 47
2 86 64
2 40 45
2 20 17
2 62 24
2 72 90
2 77 72
2 87 24
2 4 90
2 33 44
2 96 75
2 9 81
2 21 98
2 30 48
2 76 36
2 91 71
2 4 34
2 37 46
2 1 54
2 12 25
2 10 87
2 43 6
2 78 12
2 100 91
2 62 6
2 34 59
2 64 84
2 4 16
2 9 37
2 32 88
2 2 56
2 49 14
2 47 69
2 79 14
2 82 87
2 69 78
2 35 45
2 94 75
2 92 84
2 6 95
2 3 3
2 64 16
2 58 44
2 34 10
2 58 43
2 6 17
2 42 6
2 72 63
2 62 67
2 76 61
2 53 87
2 80 51
2 9 27
2 16 95
2 95 60
2 73 75
2 72 84
2 89 46
2 20 97
2 33 34
2 11 21
2 65 27
2 88 71
2 42 24
2 75 1
2 96 56
2 93 88
2 95 35
2 64 9
2 35 43
2 10 11
2 96 17
2 30 68
2 18 13
2 26 77
2 52 96
2 24 30
2 33 8
2 47 79
2 5 52
2 7 92
2 31 16
2 46 32
2 35 5
