100 100 100
61 15 35 76 53 19 26 79 85 6 78 88 11 21 48 86 40 16 33 52 7 7 65 32 7 9 19 10 42 76 40 45 14 72 47 9 48 36 88 84 79 39 31 25 37 21 31 84 86 39 3 44 27 50 56 12 50 64 44 93 12 94 32 6 2 32 13 88 61 78 31 60 64 54 98 94 77 48 68 13 45 97 89 91 77 2 53 44 42 62 38 54 44 47 47 97 45 22 79 27
28 63 26 20 24 84 55 8 48 79 92 86 29 65 74 9 87 51 70 21 15 31 57 98 93 62 94 38 35 59 68 33 99 19 85 100 67 11 17 76 40 96 72 56 34 50 75 81 90 13 91 45 43 39 52 66 14 18 82 77 61 42 36 95 46 32 23 4 69 44 5 16 47 41 49 12 78 88 37 89 64 73 30 3 54 7 58 22 53 2 10 83 1 6 27 25 80 71 97 60
2 15 79
2 34 25
2 33 5
2 60 79
2 7 79
2 55 40
2 70 94
2 32 41
2 75 20
2 57 47
2 45 87
2 96 34
2 20 53
2 5 15
2 72 71
2 20 13
2 92 99
2 43 26
2 39 21
2 23 12
2 100 53
2 26 63
2 86 53
2 20 72
2 58 36
2 53 82
2 63 3
2 87 82
2 76 82
2 2 45
2 64 31
2 77 43
2 82 26
2 54 98
2 59 14
2 39 6
2 25 83
2 73 97
2 45 57
2 58 7
2 38 2
2 32 24
2 47 29
2 27 24
2 93 94
2 58 21
2 33 33
2 89 54
2 44 70
2 37 63
2 85 29
2 72 3
2 90 13
2 12 20
2 18 85
2 99 5
2 48 35
2 22 17
2 32 93
2 15 15
2 2 83
2 74 60
2 85 14
2 28 25
2 74 46
2 89 24
2 99 79
2 96 71
2 20 33
2 51 96
2 5 36
2 88 96
2 17 88
2 83 55
2 70 8
2 21 76
2 72 27
2 47 74
2 94 84
2 11 96
2 57 71
2 42 99
2 61 15
2 89 47
2 81 84
2 58 7
2 63 7
2 67 76
2 23 27
2 3 69
2 54 52
2 98 45
2 45 16
2 75 72
2 59 24
2 97 34
2 33 61
2 50 11
2 43 27
2 79 40
