100 100 100
87 76 20 29 37 46 67 93 49 28 78 97 62 6 92 60 23 22 12 18 11 22 47 96 75 96 92 68 38 1 97 72 89 66 24 4 62 6 60 72 19 28 89 21 3 77 40 23 20 90 55 45 33 34 87 44 76 56 16 64 96 49 25 78 32 71 54 96 99 71 4 64 24 17 53 79 62 45 37 18 55 36 99 20 46 79 28 92 67 29 42 83 37 61 71 57 15 77 38 42
52 11 7 79 84 15 66 85 13 27 87 70 59 71 74 90 47 14 68 82 32 18 10 60 28 39 42 63 21 41 25 67 1 99 57 94 4 46 36 97 22 83 96 6 30 81 72 76 2 23 48 3 35 100 24 20 93 78 5 31 26 86 17 89 56 91 38 29 88 75 58 54 53 16 43 80 77 61 33 95 34 49 64 12 62 37 8 44 40 50 9 69 55 92 65 45 19 98 73 51
2 43 36
2 16 25
2 21 40
2 55 35
2 37 99
2 8 1
2 6 19
2 63 99
2 61 45
2 86 21
2 96 17
2 61 2
2 70 85
2 60 92
2 4 94
2 95 91
2 27 59
2 10 49
2 55 35
2 61 53
2 81 2
2 12 74
2 43 65
2 6 15
2 62 44
2 69 19
2 26 22
2 59 49
2 80 84
2 59 69
2 49 63
2 32 84
2 59 35
2 72 47
2 3 81
2 18 22
2 30 96
2 38 32
2 5 89
2 87 50
2 100 67
2 81 33
2 27 33
2 88 85
2 10 22
2 96 50
2 96 1
2 33 16
2 29 18
2 3 85
2 60 94
2 26 26
2 65 25
2 88 51
2 60 85
2 55 85
2 45 39
2 17 58
2 76 1
2 63 61
2 98 41
2 42 23
2 71 31
2 70 14
2 93 30
2 87 95
2 28 66
2 75 22
2 63 97
2 7 86
2 88 55
2 54 72
2 93 7
2 88 49
2 19 8
2 32 37
2 6 99
2 31 77
2 33 99
2 42 22
2 38 69
2 96 42
2 48 43
2 40 33
2 12 90
2 85 66
2 14 84
2 12 42
2 50 93
2 45 47
2 63 34
2 82 87
2 82 25
2 27 30
2 32 43
2 52 38
2 21 24
2 13 24
2 25 87
2 73 93
