100 100 100
38 77 77 77 100 77 44 83 77 77 63 77 77 73 84 8 77 26 77 5 77 95 77 77 77 7 77 66 77 77 18 99 77 14 93 77 77 53 1 42 77 43 68 22 77 50 77 77 11 34 77 70 69 77 57 77 46 77 77 40 77 77 63 77 77 91 31 39 96 67 77 77 16 15 77 77 35 77 77 77 77 77 74 97 77 77 77 77 52 77 49 77 20 77 55 89 32 77 28 60
1 2 3 5 8 9 11 12 16 18 20 22 23 24 26 28 29 32 35 36 40 42 44 46 47 50 53 55 57 58 60 61 63 64 70 71 74 75 77 78 79 80 81 84 85 86 87 89 91 93 97 56 43 31 73 41 69 7 82 49 95 45 6 66 14 59 39 76 72 92 96 54 52 10 21 37 98 38 65 17 90 100 15 25 27 33 68 51 99 30 34 83 13 48 94 19 88 62 4 67
2 7 2
2 8 21
2 33 82
2 39 50
2 17 20
2 11 13
2 15 13
2 7 40
2 26 99
2 14 85
2 36 74
2 37 8
2 8 17
2 48 87
2 18 6
2 17 80
2 35 9
2 18 85
2 33 19
2 18 7
2 50 2
2 39 91
2 17 59
2 50 48
2 34 13
2 25 50
2 6 96
2 43 12
2 2 47
2 12 89
2 20 92
2 40 9
2 23 86
2 39 81
2 2 68
2 31 17
2 32 32
2 32 55
2 24 72
2 20 45
2 13 22
2 23 54
2 48 11
2 29 45
2 7 64
2 37 88
2 15 63
2 48 3
2 17 31
2 9 22
2 44 12
2 11 73
2 25 35
2 42 86
2 27 89
2 33 65
2 8 10
2 42 85
2 24 15
2 20 91
2 15 50
2 7 60
2 19 19
2 4 38
2 49 66
2 4 89
2 22 77
2 41 45
2 37 16
2 42 91
2 22 92
2 29 59
2 1 56
2 19 91
2 14 18
2 43 24
2 13 55
2 15 20
2 27 94
2 18 61
2 10 27
2 32 85
2 31 27
2 24 30
2 43 27
2 23 87
2 11 61
2 13 24
2 6 37
2 41 26
2 22 34
2 11 67
2 37 94
2 12 32
2 34 89
2 46 21
2 15 17
2 41 60
2 25 65
2 32 84
