100 100 100
38 77 77 77 100 77 44 83 77 77 63 77 77 73 84 8 77 26 77 5 77 95 77 77 77 7 77 66 77 77 18 99 77 14 93 77 77 53 1 42 77 43 68 22 77 50 77 77 11 34 77 70 69 77 57 77 46 77 77 40 77 77 63 77 77 91 31 39 96 67 77 77 16 15 77 77 35 77 77 77 77 77 74 97 77 77 77 77 52 77 49 77 20 77 55 89 32 77 28 60
2 3 4 6 9 10 12 13 17 19 21 23 24 25 27 29 30 33 36 37 41 45 47 48 51 54 56 58 59 61 62 64 65 71 72 75 76 78 79 80 81 82 85 86 87 88 90 92 94 98 43 31 73 69 57 7 22 60 40 49 95 26 66 28 46 70 14 39 35 97 96 18 52 91 8 74 38 11 100 15 89 63 16 20 68 55 32 93 99 77 42 34 83 5 53 84 1 44 50 67
2 7 2
2 8 21
2 33 82
2 39 50
2 17 20
2 11 13
2 15 13
2 7 40
2 26 99
2 14 85
2 36 74
2 37 8
2 8 17
2 48 87
2 18 6
2 17 80
2 35 9
2 18 85
2 33 19
2 18 7
2 1 62
2 46 11
2 30 3
2 24 22
2 7 60
2 25 5
2 48 98
2 6 83
2 24 12
2 45 20
2 46 25
2 5 59
2 43 21
2 41 46
2 34 62
2 9 40
2 16 92
2 28 36
2 36 99
2 23 60
2 11 37
2 27 41
2 6 38
2 23 44
2 32 24
2 44 21
2 32 16
2 2 69
2 16 42
2 11 81
2 6 39
2 37 42
2 18 99
2 43 81
2 45 75
2 33 76
2 5 61
2 43 70
2 8 16
2 46 1
2 25 30
2 30 2
2 10 92
2 19 72
2 33 23
2 45 96
2 39 17
2 23 83
2 8 67
2 46 79
2 46 98
2 30 70
2 28 90
2 46 72
2 9 57
2 12 78
2 28 85
2 10 98
2 47 16
2 31 81
2 14 97
2 43 38
2 14 29
2 15 21
2 14 70
2 44 8
2 31 41
2 12 88
2 19 1
2 13 73
2 17 63
2 34 3
2 47 50
2 16 28
2 45 80
2 11 13
2 9 12
2 30 14
2 33 55
2 42 29
