JA
4469
353 2
353 30
353 3
353 1000
352 11
352 30
352 3
352 1000
352 999
190 8
190 10
190 20
190 6
190 1000
190 23
190 998
565 18
565 13
565 997
177 10
177 13
177 27
177 996
539 25
539 23
539 995
504 999
504 995
504 1000
504 994
360 997
360 27
360 13
360 20
360 6
360 994
360 993
789 20
789 6
789 994
789 993
789 1000
789 1
789 992
208 992
208 991
564 1000
564 993
564 994
564 6
564 13
564 27
564 990
829 991
829 1
829 993
829 994
829 6
829 13
829 27
829 989
372 1
372 993
372 988
122 989
122 27
122 13
122 6
122 994
122 988
122 995
122 987
759 995
759 988
759 994
759 6
759 986
912 3
912 988
912 4
912 985
136 23
136 4
136 988
136 30
136 984
993 983
223 988
223 994
223 982
146 28
146 998
146 994
146 982
146 6
146 986
146 13
146 27
146 981
806 982
806 6
806 986
806 13
806 27
806 981
806 980
498 981
498 27
498 13
498 986
498 6
498 979
533 27
533 13
533 978
820 980
820 13
820 978
820 986
820 6
820 979
820 977
268 987
268 977
268 976
643 976
643 979
643 975
323 983
323 979
323 975
323 6
323 986
323 978
323 974
563 996
563 13
563 990
563 973
742 29
742 975
742 972
189 990
189 974
189 978
189 986
189 6
189 972
189 994
189 971
168 977
168 994
168 972
168 6
168 986
168 978
168 970
897 14
897 972
897 6
897 986
897 978
897 970
897 974
897 969
135 6
135 30
135 984
135 968
694 994
694 967
985 30
985 966
741 966
741 965
344 965
344 964
145 964
145 986
145 978
145 970
145 974
145 969
145 963
343 21
343 986
343 962
359 967
359 962
359 978
359 961
176 986
176 978
176 961
176 970
176 974
176 969
176 963
176 13
176 960
309 961
309 959
134 13
134 963
134 969
134 974
134 970
134 959
134 984
134 968
134 958
404 4
404 984
404 979
404 957
96 959
96 979
96 957
96 956
481 958
481 968
481 957
481 9
481 955
721 962
721 9
721 979
721 954
133 956
133 979
133 957
133 968
133 953
579 9
579 957
579 954
579 952
652 963
652 969
652 974
652 970
652 952
652 954
652 951
836 957
836 951
836 950
764 979
764 950
764 949
111 978
111 949
111 954
111 952
111 970
111 974
111 948
740 969
740 948
740 974
740 970
740 952
740 954
740 947
861 948
861 974
861 970
861 952
861 954
861 946
601 950
601 947
601 945
378 970
378 974
378 944
578 972
578 945
578 946
578 943
705 946
705 949
705 942
992 947
992 941
76 949
76 943
76 954
76 952
76 974
76 940
351 944
351 940
351 974
351 952
351 954
351 943
351 951
351 939
480 939
480 951
480 955
480 938
457 941
457 955
457 971
457 937
110 984
110 971
110 943
110 954
110 952
110 974
110 936
456 937
456 935
469 954
469 952
469 974
469 936
469 940
469 934
167 955
167 943
167 952
167 974
167 936
167 940
167 933
19 951
19 952
19 943
19 932
144 934
144 931
720 943
720 974
720 930
489 974
489 930
489 936
489 940
489 933
489 929
248 931
248 929
248 928
247 973
247 929
247 928
247 927
798 932
798 930
798 5
798 926
950 930
950 5
950 945
950 925
207 929
207 928
207 927
207 933
207 940
207 936
207 945
207 5
207 924
917 945
917 936
917 940
917 933
917 927
917 923
527 927
527 933
527 940
527 936
527 5
527 922
497 922
497 921
424 921
424 920
928 923
928 933
928 940
928 936
928 5
928 920
928 919
318 919
318 925
318 918
503 933
503 940
503 936
503 5
503 920
503 945
258 940
258 936
258 5
258 920
258 945
258 925
258 916
143 920
143 5
143 936
143 915
629 916
629 918
629 914
860 918
860 925
860 913
66 925
66 968
66 3
591 952
591 968
591 924
591 911
440 936
440 5
440 945
440 913
440 910
308 968
308 924
308 909
788 910
788 909
788 911
788 908
939 924
939 907
423 911
423 906
206 906
206 908
206 905
488 915
488 5
488 904
871 908
871 903
358 903
358 909
358 902
422 907
422 909
422 901
896 914
896 901
896 902
896 913
896 945
896 904
896 5
896 900
974 902
974 913
974 945
974 904
974 5
974 899
317 913
317 901
317 898
949 901
949 898
949 14
948 900
948 899
948 5
948 904
948 945
948 898
948 14
948 914
413 5
413 899
413 895
984 971
984 14
984 894
65 904
65 945
65 898
65 894
65 3
65 893
377 3
377 894
377 898
377 945
377 899
377 895
377 892
667 892
667 891
771 894
771 890
159 898
159 890
159 889
805 942
805 889
805 890
805 945
805 899
805 895
805 891
805 888
390 12
390 890
390 887
288 975
288 887
288 14
288 886
476 888
476 891
476 895
476 899
476 945
476 14
476 909
476 885
859 886
859 909
859 14
859 884
40 14
40 884
40 883
797 914
797 884
797 926
797 882
983 905
983 926
983 881
121 926
121 881
121 885
121 880
267 881
267 885
267 879
796 891
796 895
796 899
796 945
796 883
796 879
796 882
796 878
693 878
693 882
693 880
693 877
770 960
770 895
770 899
770 945
770 883
770 879
770 880
770 876
577 876
577 880
577 875
18 899
18 945
18 883
18 879
18 875
18 880
18 885
18 874
673 885
673 873
973 923
973 945
973 883
973 872
389 872
389 879
389 875
389 880
389 873
389 908
916 908
916 873
916 880
916 875
916 879
916 883
916 870
858 873
858 880
858 869
132 893
132 953
132 868
895 870
895 867
526 867
526 883
526 879
526 875
526 869
526 880
526 866
430 879
430 875
430 869
430 880
430 866
430 865
336 887
336 865
336 864
835 864
835 863
1000 866
1000 880
1000 869
1000 875
1000 883
1000 862
727 884
727 863
727 880
727 869
727 875
727 883
727 862
727 900
516 880
516 918
287 918
287 909
287 886
335 909
335 873
475 873
475 877
475 857
357 862
357 883
357 875
357 869
357 856
819 877
819 855
257 883
257 875
257 869
257 856
257 855
257 854
628 863
628 853
153 855
153 852
222 865
222 854
222 852
222 851
904 869
904 856
904 851
904 852
904 935
904 850
804 889
804 935
804 852
804 851
804 856
804 875
804 900
804 849
642 852
642 851
642 848
525 848
525 851
525 847
777 847
777 851
777 856
777 875
777 900
777 849
777 846
590 856
590 851
590 874
590 845
769 874
769 844
371 850
371 844
371 843
600 843
600 842
429 842
429 841
403 849
403 900
403 875
403 851
403 841
403 845
403 840
342 846
342 900
342 875
342 851
342 841
342 845
342 839
31 875
31 838
515 839
515 837
813 900
813 838
813 851
813 841
813 845
813 837
813 857
813 957
818 851
818 841
818 845
818 837
818 857
818 864
719 953
719 864
719 857
719 834
532 838
532 841
532 845
532 833
845 833
845 837
845 834
845 857
845 832
316 841
316 833
316 837
316 834
316 857
316 832
316 853
316 831
750 833
750 837
750 834
750 857
750 832
750 853
750 830
402 830
402 840
402 991
421 853
421 840
421 828
947 991
947 828
947 831
947 827
221 840
221 826
439 826
439 825
275 837
275 824
238 831
238 957
238 823
883 834
883 857
883 832
883 825
883 957
883 864
883 822
982 864
982 821
412 821
412 957
412 825
412 832
412 857
412 824
412 980
672 824
672 857
672 832
672 825
672 957
672 877
109 828
109 877
109 957
109 825
109 832
109 857
109 851
216 823
216 957
216 817
188 817
188 844
188 816
882 844
882 822
882 815
502 827
502 822
502 825
502 814
511 825
511 814
511 832
511 857
511 851
511 980
511 900
999 957
999 814
999 832
999 857
999 851
999 980
999 900
999 812
286 857
286 832
286 886
286 811
108 30
108 886
108 832
108 851
108 980
108 900
108 810
12 890
12 832
12 877
12 809
266 851
266 877
266 808
768 822
768 808
768 807
370 807
370 864
704 809
704 864
704 935
704 942
703 935
703 942
703 889
844 942
844 803
828 864
828 803
828 877
828 980
828 900
828 810
828 812
828 802
726 980
726 900
726 810
726 812
726 802
726 801
120 877
120 814
120 800
562 808
562 814
562 900
562 810
562 812
562 802
562 801
562 945
562 799
17 814
17 900
17 803
17 932
50 810
50 803
50 900
50 914
142 932
142 900
142 803
142 812
142 802
142 801
142 945
142 891
787 891
787 945
787 801
787 802
787 812
787 803
787 900
787 795
576 803
576 794
870 945
870 801
870 802
870 812
870 794
870 900
870 793
158 816
158 793
158 792
575 795
575 792
575 900
575 791
599 900
599 790
30 886
30 790
30 791
30 794
30 812
30 802
30 20
72 794
72 910
827 914
827 791
827 910
827 812
827 802
827 20
827 801
827 891
220 910
220 812
220 786
350 812
350 800
350 785
438 800
438 786
438 784
894 786
894 784
894 802
894 20
894 801
894 891
894 783
274 783
274 782
237 891
237 801
237 20
237 802
237 784
237 785
237 781
131 781
131 785
131 815
131 868
131 780
29 854
29 815
29 784
29 802
29 20
29 801
29 779
95 802
95 784
95 792
95 778
334 938
334 792
334 847
561 847
561 784
561 20
561 801
561 779
561 782
561 799
561 776
141 799
141 775
692 775
692 782
692 779
692 801
692 20
692 784
692 785
692 774
524 782
524 779
524 801
524 20
524 784
524 785
524 773
446 773
446 868
446 772
215 815
215 868
215 786
175 779
175 945
175 960
749 774
749 786
749 874
315 791
315 822
834 801
834 20
834 784
834 785
834 874
834 767
598 767
598 766
991 778
991 765
94 822
94 766
94 765
94 979
420 765
420 763
333 979
333 763
333 762
574 784
574 785
574 874
574 761
589 20
589 785
589 874
589 761
589 762
589 763
589 760
332 785
332 874
332 761
332 762
332 763
332 995
691 995
691 786
691 758
468 772
468 786
468 763
468 762
468 761
468 874
468 945
468 757
857 762
857 756
236 868
236 763
236 758
236 755
152 786
152 758
152 756
152 754
428 754
428 756
428 753
881 760
881 753
881 758
881 752
946 758
946 766
946 751
376 756
376 761
376 874
376 945
376 757
376 833
938 792
938 766
938 755
938 774
107 755
107 761
107 874
107 945
107 757
107 748
903 761
903 793
903 747
748 757
748 945
748 874
748 793
748 746
256 757
256 945
256 874
256 793
256 746
256 745
130 833
130 945
130 874
130 793
130 746
130 745
130 752
130 780
130 744
273 745
273 746
273 793
273 874
273 945
273 743
684 998
684 747
684 752
684 763
684 854
331 743
331 945
331 874
331 793
331 746
331 763
331 966
619 752
619 966
619 763
619 746
619 793
619 874
619 945
619 969
39 753
39 763
39 746
39 739
445 746
445 780
445 738
869 874
869 793
869 739
869 780
869 737
812 737
812 774
812 736
739 780
739 774
739 735
64 766
64 735
64 738
64 734
129 738
129 734
129 744
129 733
49 734
49 751
49 732
119 969
119 945
119 793
119 780
119 774
119 751
119 736
119 731
63 731
63 736
63 744
63 730
833 945
833 793
833 780
833 774
833 751
833 744
833 729
285 966
285 729
285 811
285 728
627 744
627 811
627 732
627 884
151 736
151 732
151 811
151 980
832 811
832 725
467 729
467 725
467 980
467 751
467 774
467 780
467 793
467 724
573 763
573 980
573 751
573 723
666 723
666 774
666 780
666 793
666 724
666 722
118 774
118 751
118 732
118 962
738 732
738 943
444 942
444 943
444 730
444 953
388 962
388 730
388 718
725 718
725 751
725 780
725 793
725 724
725 722
725 717
963 717
963 722
963 724
963 793
963 780
963 751
963 716
231 716
231 718
231 747
231 715
538 718
538 714
427 722
427 724
427 793
427 780
427 751
427 714
427 713
702 713
702 889
702 712
786 953
786 889
786 980
786 711
737 980
737 710
157 733
157 889
157 710
157 709
85 711
85 709
85 747
85 708
868 854
868 747
868 707
322 707
322 714
322 751
322 780
322 793
322 706
660 724
660 706
660 793
660 780
660 751
660 714
660 758
401 793
401 780
401 751
401 714
401 758
401 709
401 809
387 706
387 780
387 751
387 714
387 758
387 709
387 935
831 935
831 713
307 780
307 751
307 714
307 758
307 709
307 713
307 701
455 884
455 701
455 708
455 700
945 751
945 714
945 758
945 709
945 713
945 708
945 701
945 699
28 715
28 700
28 701
28 708
28 713
28 709
28 758
28 698
369 713
369 708
369 697
230 809
230 697
230 701
230 700
230 696
811 701
811 730
811 695
587 714
587 698
587 758
587 709
587 708
587 730
587 695
587 994
795 697
795 695
795 943
795 878
299 730
299 708
299 709
299 758
299 698
299 775
736 994
736 943
736 995
510 995
510 708
510 709
510 758
510 698
510 775
510 690
856 709
856 689
718 708
718 689
718 688
843 689
843 687
880 687
880 710
880 686
651 690
651 775
651 698
651 758
651 688
651 710
651 685
229 685
229 700
229 696
229 998
474 698
474 758
474 688
474 710
474 700
474 943
474 683
400 683
400 943
400 695
400 682
830 695
830 681
972 699
972 681
972 700
972 710
972 688
972 758
972 680
523 710
523 700
523 679
826 700
826 688
826 758
826 680
826 775
826 678
671 688
671 679
671 677
479 680
479 758
479 679
479 677
479 735
479 676
57 678
57 775
57 675
437 682
437 735
437 677
437 674
867 775
867 675
867 758
867 679
867 674
867 677
867 885
487 686
487 885
487 677
487 674
487 679
487 758
487 824
501 674
501 688
522 735
522 677
522 670
235 885
235 670
235 943
235 669
650 670
650 943
650 668
272 688
272 679
272 758
272 824
272 675
272 892
641 728
641 668
641 679
641 723
314 892
314 675
314 824
314 758
314 723
314 679
314 681
314 665
486 679
486 723
486 758
486 824
486 664
785 664
785 824
785 758
785 723
785 681
785 677
785 663
784 758
784 723
784 681
784 677
784 663
784 662
38 668
38 663
38 677
38 661
825 677
825 661
825 681
825 723
825 824
825 675
825 724
634 661
634 701
634 659
626 681
626 701
626 665
626 658
824 675
824 724
824 657
521 665
521 656
166 662
166 656
166 701
166 723
166 675
166 724
166 655
550 701
550 663
550 654
537 669
537 663
537 653
665 653
665 723
665 675
665 724
665 655
665 657
665 717
466 717
466 690
62 690
62 657
62 655
62 724
62 675
62 723
62 943
62 670
990 657
990 655
990 724
990 675
990 723
990 943
990 656
990 649
187 776
187 655
187 724
187 675
187 723
187 943
187 656
187 696
187 648
214 649
214 696
214 647
776 655
776 724
776 646
717 646
717 675
717 723
717 943
717 656
717 645
186 696
186 647
186 648
186 644
659 648
659 976
610 976
610 852
549 852
549 654
549 728
701 654
701 712
701 639
150 724
150 675
150 723
150 943
150 656
150 645
150 638
473 943
473 656
473 645
473 638
473 712
473 663
473 637
794 712
794 663
794 878
794 636
411 648
411 878
411 663
411 638
411 645
411 656
411 723
411 635
981 723
981 656
981 645
981 638
981 663
981 661
454 661
454 644
454 633
842 644
842 632
485 632
485 663
485 638
485 645
485 656
485 631
271 635
271 630
520 663
520 908
625 630
625 631
625 656
625 645
625 638
625 908
625 658
625 863
716 658
716 908
716 744
715 998
715 633
715 908
715 744
715 681
664 656
664 631
664 630
330 744
330 624
586 645
586 638
586 681
586 624
586 637
586 623
255 623
255 637
255 622
879 631
879 638
879 681
879 624
879 622
879 670
879 621
313 908
313 670
313 863
313 620
453 620
453 863
453 670
453 752
496 638
496 681
496 624
496 622
496 670
496 618
998 633
998 752
998 618
998 670
998 622
998 624
998 681
998 630
998 617
165 863
165 670
165 622
165 624
165 681
165 630
165 616
633 752
633 618
633 622
633 878
633 615
61 622
61 878
61 621
61 614
71 637
71 621
71 624
71 613
572 621
572 624
572 613
572 612
164 613
164 612
164 681
164 630
164 616
164 611
658 612
658 976
298 647
298 976
298 681
298 630
298 616
298 611
298 617
298 609
228 617
228 611
228 616
228 630
228 681
228 878
228 618
228 608
297 609
297 607
254 611
254 616
254 630
254 681
254 878
254 606
980 606
980 605
410 616
410 607
410 604
618 605
618 878
618 681
618 630
618 607
618 604
618 603
306 878
306 602
93 605
93 602
93 976
93 930
657 603
657 604
657 607
657 630
657 681
657 976
657 689
368 976
368 689
368 900
265 747
265 900
265 767
465 624
465 767
465 689
465 681
465 630
465 607
465 604
465 597
560 930
560 689
560 681
560 630
560 607
560 604
560 597
560 675
560 596
106 689
106 681
106 630
106 607
106 604
106 597
106 595
649 681
649 630
649 594
92 594
92 630
92 593
656 595
656 597
656 604
656 607
656 630
656 592
937 602
937 592
937 767
937 952
356 767
356 630
356 709
484 630
484 709
484 607
484 604
484 597
484 20
48 607
48 709
48 670
48 588
915 675
915 714
758 597
758 645
185 670
185 592
185 585
724 596
724 714
724 584
548 709
548 592
548 728
548 583
559 588
559 728
559 592
559 604
559 645
559 20
559 584
559 714
559 582
936 584
936 20
936 645
936 604
936 592
936 952
936 581
962 581
962 952
962 580
234 580
234 952
234 9
624 9
624 952
624 728
624 699
841 714
841 20
841 645
841 604
841 592
841 728
841 876
571 593
571 876
571 728
571 803
16 790
16 728
16 876
16 697
757 645
757 604
757 597
91 803
91 876
91 697
91 763
233 614
233 697
233 952
233 621
399 699
399 952
399 763
399 593
284 763
284 583
284 570
585 583
585 621
585 569
655 582
655 20
655 604
655 597
655 592
655 876
655 621
655 568
367 621
367 568
367 567
305 569
305 567
305 566
723 597
723 604
723 899
714 899
714 604
714 592
714 876
714 568
714 866
174 570
174 566
174 866
174 568
174 876
174 592
174 604
174 960
174 996
47 866
47 952
47 808
927 604
927 592
927 876
927 568
927 952
927 847
398 847
398 593
398 930
623 567
623 593
623 808
623 588
617 592
617 960
617 558
452 960
452 876
452 568
452 952
452 808
452 583
452 557
767 583
767 556
227 593
227 556
227 557
227 608
227 555
11 889
11 697
11 557
11 930
11 554
355 554
355 930
355 808
355 553
735 930
735 808
735 552
893 557
893 552
893 553
893 952
893 568
893 876
893 558
893 551
609 551
609 558
609 876
609 568
609 952
609 553
609 654
840 553
840 654
840 852
713 654
713 709
464 709
464 952
464 568
464 876
464 558
464 547
173 556
173 852
173 952
173 568
173 876
173 558
173 547
173 996
173 546
219 996
219 547
219 558
219 876
219 568
219 545
213 952
213 544
140 544
140 545
140 568
140 876
140 558
140 547
140 543
971 566
971 545
971 568
971 876
971 558
971 547
971 542
296 568
296 876
296 558
296 547
296 542
296 543
296 541
914 588
914 876
914 558
914 547
914 542
914 543
914 541
914 540
283 808
283 558
283 545
283 25
264 540
264 541
264 543
264 542
264 547
264 545
264 708
690 541
690 543
690 542
690 547
690 545
690 708
690 852
690 669
970 542
970 536
472 536
472 547
472 545
472 708
472 852
472 669
472 535
683 535
683 669
683 900
683 534
375 900
375 852
375 708
375 545
375 547
375 543
375 838
105 852
105 708
105 545
105 547
105 543
105 531
463 25
463 708
463 545
463 547
463 543
463 531
463 838
463 530
531 529
366 608
366 545
366 528
246 528
246 547
246 543
246 529
246 838
246 604
37 838
37 529
37 543
37 848
616 604
616 530
616 782
570 708
570 547
570 848
570 710
10 530
10 529
10 543
10 710
10 848
10 558
10 930
926 930
926 558
926 653
734 653
734 663
558 663
558 848
558 710
558 543
558 529
558 782
558 20
558 519
90 669
90 848
90 663
90 518
139 782
139 20
139 517
866 663
866 687
766 676
766 687
766 839
654 710
654 839
654 514
304 545
304 514
304 513
478 517
478 20
478 529
478 543
478 839
478 513
478 687
478 512
303 529
303 543
303 839
303 513
303 687
303 677
979 518
979 677
979 995
639 995
639 687
639 509
291 509
291 508
911 687
911 728
911 507
689 677
689 728
689 848
689 506
712 508
712 505
935 848
935 506
935 957
997 519
997 20
997 933
944 933
944 543
944 839
944 513
944 505
944 506
944 876
944 588
36 995
36 876
36 506
36 674
84 506
84 514
84 500
56 543
56 839
56 499
104 514
104 674
104 505
104 513
104 499
104 597
419 674
419 922
26 505
26 513
26 499
26 597
26 638
536 638
536 597
536 499
536 513
536 922
536 495
70 534
70 495
70 922
70 494
9 957
9 922
9 728
9 493
426 922
426 728
426 492
205 494
205 492
205 493
205 491
204 493
204 491
204 490
670 491
670 902
409 839
409 675
878 902
878 552
878 686
855 492
855 679
961 552
961 632
329 675
329 597
329 499
329 513
329 679
329 632
329 630
688 632
688 630
688 728
688 483
793 499
793 513
793 679
793 630
793 728
793 636
793 482
128 636
128 686
128 697
128 958
349 500
349 686
349 483
349 924
530 513
530 679
530 680
270 597
270 517
733 958
733 697
733 483
733 477
295 728
295 630
295 680
295 679
295 517
295 888
495 477
495 873
25 547
25 873
25 630
25 680
25 679
25 517
25 698
103 512
103 630
103 680
103 679
103 517
103 698
103 943
321 924
321 680
321 679
321 517
321 698
321 943
321 638
535 680
535 679
535 471
615 471
615 517
615 698
615 943
615 638
615 888
615 470
149 638
149 943
149 698
149 954
60 686
60 517
60 483
60 772
184 483
184 517
184 729
774 954
774 698
774 943
774 888
774 470
774 646
810 698
810 517
810 679
810 957
711 490
711 679
711 517
711 709
183 697
183 772
183 517
183 729
183 462
365 679
365 729
365 461
172 873
172 461
172 709
172 943
172 888
172 470
172 646
172 546
172 460
282 546
282 646
282 470
282 888
282 943
282 709
282 461
282 459
648 471
648 461
648 458
783 646
783 470
783 888
783 943
783 709
783 458
783 729
783 941
182 470
182 888
182 943
182 709
182 458
182 729
182 462
182 602
622 602
622 462
622 588
622 884
386 941
386 588
386 661
46 661
46 884
46 620
75 884
75 729
75 458
75 709
75 943
75 960
436 729
436 458
436 451
328 960
328 943
328 709
328 451
328 458
328 450
608 462
608 450
608 449
773 449
773 458
773 451
773 709
773 943
773 888
773 448
364 588
364 458
364 447
960 888
960 943
960 709
960 451
960 447
960 449
978 876
978 449
978 746
792 630
792 746
792 482
792 942
127 458
127 482
127 517
127 772
127 443
35 517
35 447
35 442
546 448
546 943
546 709
546 451
546 442
546 447
546 459
546 441
55 459
55 447
55 442
55 451
55 709
55 584
854 477
854 447
854 442
854 700
302 460
302 943
302 584
302 709
302 451
302 700
302 442
302 800
8 709
8 451
8 700
8 442
8 800
8 482
8 682
301 584
301 451
301 700
301 442
301 800
301 482
301 729
663 729
663 482
663 800
663 442
663 700
663 451
663 435
682 482
682 447
682 434
621 800
621 447
621 620
621 433
925 620
925 432
102 20
102 435
102 451
102 431
245 441
245 432
245 447
245 442
245 700
245 431
245 631
514 447
514 644
853 442
853 754
509 754
509 700
509 431
509 631
509 451
509 722
232 451
232 631
232 431
232 700
232 644
232 957
232 922
451 631
451 431
451 700
451 644
451 957
451 450
451 425
418 450
418 921
732 921
732 687
934 722
934 431
934 700
934 644
934 957
934 687
934 922
934 907
435 431
435 700
435 644
435 957
435 687
435 442
747 434
747 922
747 765
763 765
763 674
607 442
607 674
607 450
24 907
24 450
24 674
24 687
24 957
24 644
24 417
924 450
924 674
924 416
933 700
933 417
933 644
933 957
933 687
933 416
933 674
933 415
312 644
312 957
312 687
312 416
312 674
312 433
312 414
969 417
969 957
969 5
212 425
212 433
212 821
632 674
632 821
632 461
632 471
244 772
244 461
244 821
244 416
244 687
244 5
244 604
803 416
803 687
803 5
803 604
803 957
803 839
385 415
385 821
385 408
943 839
943 957
943 604
943 5
943 687
943 408
943 414
943 407
959 408
959 414
959 406
290 431
290 957
290 604
290 5
290 687
290 414
290 405
545 433
545 406
545 432
545 4
101 405
101 414
101 687
101 5
101 849
384 482
384 432
384 695
968 821
968 695
968 414
968 687
968 5
968 849
968 499
687 414
687 695
687 680
942 695
942 407
942 699
494 414
494 407
494 847
584 604
584 499
584 849
584 5
584 407
584 847
584 680
584 397
341 680
341 396
910 396
910 507
910 395
892 499
892 394
852 507
852 847
852 393
544 847
544 4
544 392
614 461
614 4
614 393
614 407
614 5
614 849
614 394
614 391
631 394
631 849
631 5
631 407
631 393
631 471
631 890
630 746
630 471
630 890
23 392
23 890
23 393
23 407
23 5
23 849
23 872
583 393
583 397
583 581
891 872
891 391
891 706
15 471
15 397
15 432
15 941
686 406
686 432
686 581
686 415
203 581
203 941
203 482
462 432
462 941
462 407
462 5
462 849
462 391
462 706
462 383
263 383
263 706
263 391
263 849
263 5
263 407
263 382
606 382
606 381
613 381
613 407
613 5
613 849
613 391
613 706
613 380
7 415
7 407
7 482
7 379
320 482
320 5
320 849
320 391
320 706
320 542
605 941
605 5
605 3
218 3
218 849
218 756
300 849
300 900
202 397
202 900
202 379
202 374
493 379
493 373
89 373
89 374
89 1
181 374
181 5
181 850
383 380
383 542
383 706
383 391
383 756
383 5
383 807
569 407
569 807
569 5
569 710
69 1
69 5
69 710
69 976
710 976
710 800
83 976
83 850
83 432
201 4
201 850
201 5
201 679
6 5
6 679
6 588
45 679
45 699
45 363
977 807
977 699
977 362
461 850
461 362
461 800
461 756
461 391
461 706
461 542
461 361
557 362
557 800
557 756
557 391
557 706
557 542
557 361
557 957
557 519
348 957
348 361
348 542
348 706
348 391
348 756
348 699
348 967
839 361
839 542
839 706
839 391
839 756
839 699
839 761
22 588
22 761
22 699
22 756
22 391
22 706
22 862
731 967
731 699
731 393
14 393
14 761
14 554
243 756
243 391
243 706
243 862
243 354
443 800
443 2
126 554
126 761
126 2
126 800
126 889
996 542
996 700
417 700
417 354
417 862
417 706
417 391
417 2
417 382
450 699
450 382
450 432
450 500
802 2
802 391
802 706
802 862
802 354
802 957
163 957
163 354
163 347
620 432
620 363
620 346
709 347
709 862
709 706
709 391
709 345
327 449
327 363
327 965
700 354
700 862
700 706
700 391
700 345
700 965
700 363
700 21
408 965
408 345
408 391
408 706
408 862
408 846
597 846
597 862
597 706
597 391
597 345
597 363
597 680
294 680
294 363
294 345
294 391
294 706
294 862
294 340
890 363
890 345
890 391
890 706
890 862
890 340
890 339
100 340
100 338
508 391
508 706
508 862
508 338
508 339
508 337
681 761
681 345
681 922
681 887
746 900
746 922
746 909
477 887
477 909
477 922
477 900
13 337
13 339
13 338
13 862
13 706
13 922
13 345
13 518
162 555
162 500
162 345
162 922
162 706
162 862
162 338
162 595
138 922
138 706
138 862
138 338
138 595
138 339
138 743
156 706
156 744
889 800
889 744
889 862
889 338
889 595
889 339
889 743
889 675
21 862
21 338
21 595
21 339
21 743
21 888
699 382
699 338
699 862
699 449
180 363
180 862
180 345
180 326
877 345
877 744
877 325
791 346
791 744
791 695
791 324
790 395
790 695
790 324
782 888
782 743
782 339
782 595
782 324
782 518
782 905
492 324
492 518
492 707
471 900
471 707
471 338
471 382
253 338
253 482
756 518
756 595
756 339
756 319
262 500
262 326
262 482
262 919
340 743
340 319
340 339
340 595
340 919
340 913
888 319
888 675
888 899
941 482
941 913
941 744
941 346
801 675
801 899
801 499
902 744
902 913
902 908
99 908
99 913
99 919
99 595
99 339
99 899
99 644
117 905
117 919
117 382
117 311
44 499
44 644
44 899
44 339
44 595
44 382
44 346
44 310
261 382
261 346
261 552
932 919
932 552
932 311
932 821
137 311
137 346
137 595
137 339
137 899
137 644
137 780
363 862
363 346
363 744
809 552
809 744
809 821
809 407
901 821
901 913
901 433
54 433
54 913
54 595
54 339
54 899
54 644
54 529
171 595
171 339
171 899
171 644
171 529
171 780
171 361
171 460
800 325
800 339
800 899
800 644
800 529
800 780
800 361
800 604
838 780
838 529
838 644
838 899
838 849
638 529
638 644
638 899
638 730
200 849
200 744
200 647
507 744
507 730
507 899
507 644
507 361
507 604
507 551
382 899
382 730
382 568
851 730
851 728
817 568
817 680
923 519
923 551
923 604
923 361
923 644
923 728
923 680
923 293
416 680
416 293
416 292
434 909
434 292
434 293
434 754
193 346
193 293
193 754
193 728
193 644
193 361
193 604
193 551
193 431
199 407
199 754
199 647
199 289
680 728
680 647
680 292
680 975
647 292
647 918
637 754
637 918
637 292
637 762
449 292
449 913
449 966
604 361
604 644
604 762
604 913
604 765
397 707
397 765
397 289
397 808
887 975
887 289
887 913
887 762
887 644
887 361
887 551
887 448
326 966
326 913
326 281
82 281
82 913
82 280
242 808
242 913
242 762
242 644
242 361
242 551
242 279
161 644
161 361
161 551
161 279
161 278
506 762
506 361
506 551
506 279
506 278
506 448
506 277
252 361
252 276
823 918
823 276
823 551
823 279
823 278
823 448
823 277
823 837
407 276
407 551
407 279
407 278
407 448
407 277
407 837
407 646
636 279
636 278
636 745
34 745
34 674
406 280
406 278
406 674
406 448
406 277
406 837
406 646
406 635
269 646
269 635
269 846
53 431
53 846
53 635
53 646
931 635
931 646
931 837
931 277
931 448
931 674
931 551
931 987
396 551
396 913
396 760
148 913
148 674
148 730
679 674
679 289
679 909
612 289
612 730
612 448
612 277
612 837
612 646
612 540
374 730
374 448
374 277
374 837
374 646
374 540
374 380
226 448
226 278
226 966
226 500
500 966
500 278
500 277
500 899
958 325
958 339
958 277
958 260
491 260
491 259
995 292
995 259
995 899
995 837
995 646
995 540
995 380
995 940
241 339
241 277
241 899
241 837
241 646
241 540
241 380
241 675
52 837
52 646
52 540
52 380
52 675
52 645
930 760
930 646
930 987
930 567
967 567
967 987
967 540
967 380
967 675
967 645
967 611
762 540
762 338
922 338
922 361
596 846
596 940
596 611
596 645
596 675
596 380
596 361
596 251
603 611
603 645
603 675
603 380
603 361
603 251
603 250
251 250
251 249
460 645
460 635
192 310
192 249
192 250
192 361
192 380
192 675
192 635
192 940
192 519
865 909
865 250
865 528
281 528
281 293
281 441
876 259
876 293
876 899
876 772
33 899
33 361
33 518
781 987
781 361
781 646
781 808
125 772
125 277
125 339
957 940
957 635
957 675
957 380
957 518
957 646
957 765
957 240
339 277
339 765
339 239
425 278
425 239
425 848
98 848
98 646
98 518
98 380
98 675
98 872
678 635
678 872
678 675
678 380
678 518
678 646
678 250
678 975
59 250
59 765
59 885
519 872
519 675
519 380
519 518
519 646
519 765
519 580
58 580
58 885
58 850
74 885
74 765
74 646
74 518
74 380
74 394
381 765
381 289
780 380
780 518
780 646
780 289
780 808
780 552
513 394
513 518
513 646
513 289
513 808
513 685
966 239
966 685
966 808
966 289
966 646
966 518
966 592
347 592
347 518
347 646
347 289
347 808
347 361
347 593
730 361
730 448
755 448
755 808
755 289
755 646
755 225
754 593
754 808
754 289
754 646
754 225
754 224
211 518
211 224
211 225
211 646
211 289
211 988
677 552
677 988
677 975
677 909
635 675
635 224
635 225
635 646
635 289
635 553
380 646
380 289
380 553
380 975
380 551
913 551
913 975
913 553
913 289
913 225
913 224
913 542
816 685
816 975
816 3
81 3
81 975
81 217
582 872
582 542
582 224
582 225
582 289
582 553
582 975
582 808
582 918
676 240
676 808
676 909
676 815
198 975
198 909
198 988
198 761
976 988
976 952
448 952
448 217
448 278
240 808
240 217
240 909
240 553
240 289
240 225
240 518
556 918
556 909
556 553
556 289
556 225
556 518
556 224
556 542
556 210
956 761
956 553
956 217
956 209
88 224
88 518
88 225
88 289
88 217
88 553
88 778
555 239
555 278
555 553
555 217
555 289
555 225
555 518
555 542
555 210
555 929
518 225
518 289
518 217
518 906
147 645
147 210
147 542
147 225
147 289
147 217
147 414
260 906
260 379
415 909
415 379
415 581
955 778
955 581
955 209
955 707
875 225
875 289
875 217
875 414
875 209
875 850
875 4
975 209
975 850
975 849
581 849
581 379
581 276
289 217
289 414
289 850
289 209
965 209
965 850
965 414
965 217
965 197
217 414
217 850
217 196
459 379
459 196
459 850
459 414
459 197
459 542
459 195
116 850
116 196
116 276
116 194
543 195
543 542
543 197
543 414
543 196
543 276
543 441
543 346
43 276
43 441
43 249
43 310
864 849
864 249
864 191
483 191
483 441
483 196
483 414
483 197
483 592
458 249
458 441
458 196
458 414
458 197
458 592
458 542
458 611
259 293
259 196
259 568
554 441
554 568
554 414
554 197
554 592
554 542
554 611
554 929
554 872
395 695
395 414
395 568
395 696
602 553
602 568
602 906
362 4
362 906
362 191
124 696
124 191
124 906
124 277
124 697
293 196
293 906
293 197
293 592
293 542
293 611
293 929
293 470
210 470
210 929
210 611
210 542
210 592
210 197
210 361
280 568
280 361
280 346
280 862
669 194
669 346
669 179
179 361
179 178
51 346
51 361
51 197
51 592
51 542
51 611
51 394
698 592
698 197
698 906
698 986
662 191
662 906
662 197
662 542
662 611
662 394
662 929
662 779
279 197
279 862
279 708
346 361
346 918
278 178
278 862
278 708
278 873
653 708
653 595
197 595
197 906
197 170
886 414
886 906
886 542
886 611
886 394
886 929
886 779
886 169
808 707
808 542
808 918
808 807
5 918
5 170
5 778
196 986
196 170
196 778
196 191
42 906
42 778
42 310
42 863
921 310
921 765
772 277
772 765
772 611
772 394
772 929
772 779
772 169
772 940
225 169
225 779
225 929
225 394
225 611
225 862
225 178
225 239
850 611
850 644
849 191
849 862
849 644
849 898
900 542
900 644
900 178
900 685
123 862
123 178
123 765
123 697
123 325
872 940
872 779
872 929
872 394
872 898
872 765
872 697
872 325
534 815
534 697
534 706
611 765
611 898
611 394
611 929
611 779
611 155
433 685
433 706
433 898
433 154
499 155
499 779
499 929
499 394
499 154
499 324
442 324
442 898
442 325
442 953
115 325
115 807
115 994
191 178
191 807
191 898
191 154
191 394
191 929
191 779
191 940
191 846
595 898
595 551
170 551
170 154
170 394
170 929
170 779
170 940
170 470
170 645
224 940
224 779
224 929
224 394
224 154
224 706
224 239
224 752
898 706
898 239
898 752
325 239
325 964
994 964
994 154
994 394
994 929
994 779
994 470
994 722
753 807
753 154
753 394
753 929
753 779
753 920
4 953
4 394
4 154
4 919
292 551
292 154
292 929
292 779
292 920
292 470
292 722
292 799
155 799
155 722
155 470
155 920
155 779
155 929
155 847
482 752
482 847
482 929
482 779
482 920
482 470
482 319
490 919
490 929
490 338
250 338
250 311
542 644
542 311
542 873
542 392
920 779
920 873
920 918
885 918
885 873
885 779
885 470
885 319
885 722
885 337
989 337
989 722
989 319
989 470
989 779
989 873
989 929
989 761
874 470
874 779
874 873
874 929
874 394
874 953
685 847
685 394
685 964
685 987
373 964
373 929
373 873
373 779
373 319
373 722
373 751
668 392
668 929
668 310
761 310
761 706
779 873
779 706
779 310
779 249
195 751
195 722
195 319
195 873
195 706
195 310
195 249
195 441
873 706
873 310
873 249
873 953
873 277
441 953
441 277
394 277
394 953
394 696
778 953
778 696
778 862
822 863
822 696
822 249
822 310
822 706
822 319
822 722
822 337
393 249
393 862
393 760
919 760
919 862
919 345
884 345
884 310
884 706
884 319
884 722
884 337
884 354
848 310
848 706
848 954
3 706
3 862
3 905
432 862
432 954
432 765
729 954
729 239
2 765
2 239
2 905
2 114
41 354
41 337
41 722
41 319
41 239
41 905
41 696
41 113
169 722
169 337
169 645
169 112
505 905
505 239
505 319
505 337
505 645
505 112
697 696
697 154
697 986
277 154
277 929
277 566
988 929
988 114
988 178
909 987
909 114
909 953
909 414
594 953
594 952
987 114
987 952
987 178
987 552
249 178
249 744
745 239
745 744
745 447
954 447
954 311
954 512
553 154
553 311
553 744
553 319
553 337
553 645
553 112
553 846
553 20
708 744
708 319
708 405
73 319
73 405
73 337
73 645
73 112
73 743
80 112
80 645
80 337
80 405
80 311
80 908
918 311
918 310
541 846
541 743
541 645
541 337
541 405
541 310
541 566
541 97
354 743
354 645
354 337
354 405
354 310
354 209
431 20
431 645
431 337
431 405
431 310
431 209
431 765
940 405
940 310
940 209
940 765
940 566
940 113
940 863
178 113
178 908
178 752
646 209
646 765
646 566
646 908
646 953
68 752
68 953
68 908
68 728
580 908
580 952
580 194
517 952
517 964
319 964
319 728
319 566
319 765
319 310
319 405
908 728
908 414
908 86
392 97
392 414
392 552
392 760
815 696
815 552
815 540
414 540
414 929
209 310
209 765
209 566
209 929
209 528
154 953
154 528
154 706
752 528
752 706
752 929
752 566
752 765
752 112
588 760
588 79
593 194
593 929
593 78
338 78
338 77
379 77
379 821
863 821
863 345
645 337
645 405
645 112
645 765
645 566
645 345
645 311
592 345
592 311
592 964
847 706
847 964
847 311
847 391
345 391
345 311
345 929
345 194
675 405
675 112
675 765
675 566
675 311
675 929
675 552
675 696
674 552
674 696
86 696
86 79
86 1
79 964
79 528
568 528
568 964
568 929
568 67
765 566
765 311
765 67
765 929
765 862
528 964
528 862
528 929
528 67
528 311
528 470
953 862
953 929
953 512
953 707
470 311
470 67
470 512
470 194
470 567
661 194
661 512
661 67
661 311
661 566
661 112
661 846
447 512
447 929
447 862
899 929
899 862
899 964
744 862
744 78
862 78
862 728
722 112
722 846
722 751
324 67
324 728
324 77
78 77
78 964
78 706
77 964
77 706
552 706
552 728
552 311
552 566
552 846
552 751
552 337
552 20
551 986
551 728
551 311
551 566
551 846
551 751
551 337
551 20
337 751
337 846
337 566
337 311
337 837
929 837
929 567
929 361
707 567
707 311
707 391
743 20
743 751
743 846
743 566
743 391
743 311
743 964
32 964
32 311
32 67
728 311
728 512
760 1
760 512
760 194
361 194
361 706
821 706
821 67
821 391
821 566
821 846
821 751
821 799
706 67
706 391
706 276
907 194
907 391
907 696
907 906
799 20
512 696
512 113
986 311
986 113
986 696
986 807
540 97
276 696
276 97
751 846
751 310
696 97
696 113
696 311
695 906
695 113
695 311
837 311
837 952
567 952
567 97
567 239
644 952
644 97
644 311
814 67
814 311
814 964
239 566
239 310
239 846
239 112
964 566
964 310
964 846
964 112
97 566
97 310
97 846
97 112
846 112
566 310
566 112
566 905
67 311
67 112
67 905
807 905
807 391
807 194
391 905
391 1
194 905
194 1
114 905
114 951
310 1
310 112
905 951
905 112
905 113
951 112
951 113
951 1
112 113
