JA
1837
479 453
479 998
478 998
478 997
998 997
998 996
997 996
997 995
477 995
477 994
996 994
996 993
476 993
476 992
475 992
475 991
474 991
474 990
995 990
995 989
994 989
994 988
993 988
993 987
473 987
473 986
472 986
472 985
992 985
992 984
991 984
991 983
990 983
990 982
989 982
989 981
471 981
471 980
988 980
988 979
987 979
987 978
986 978
986 977
985 977
985 976
470 976
470 975
469 975
469 974
468 974
468 973
984 973
984 972
983 972
983 971
982 971
982 970
981 970
981 969
980 969
980 968
467 968
467 967
466 967
466 966
465 966
465 965
452 426
452 961
961 960
960 959
959 958
451 958
451 957
450 957
450 956
958 956
958 955
449 955
449 954
957 954
957 953
956 953
956 952
448 952
448 951
955 951
955 950
447 950
447 949
954 949
954 948
953 948
953 947
446 947
446 946
445 946
445 945
952 945
952 944
444 944
444 943
951 943
951 942
950 942
950 941
949 941
949 940
443 940
443 939
442 939
442 938
948 938
948 937
947 937
947 936
441 936
441 935
946 935
946 934
440 934
440 933
945 933
945 932
439 932
439 931
438 931
438 930
944 930
944 929
437 929
437 928
436 928
436 927
943 927
943 926
48 25
48 925
925 924
924 923
923 922
716 922
716 921
425 921
425 920
583 920
583 919
715 919
715 918
582 918
582 917
177 917
177 916
424 916
424 915
176 915
176 914
47 914
47 913
714 913
714 912
581 912
581 911
922 911
922 910
175 910
175 909
713 909
713 908
423 908
423 907
422 907
422 906
921 906
921 905
174 905
174 904
173 904
173 903
421 903
421 902
46 902
46 901
580 901
580 900
712 900
712 899
420 899
420 898
172 898
172 897
920 897
920 896
711 896
711 895
636 77
636 893
635 893
635 892
893 892
893 891
892 891
892 890
97 890
97 889
396 889
396 888
395 888
395 887
891 887
891 886
96 886
96 885
95 885
95 884
394 884
394 883
634 883
634 882
393 882
393 881
392 881
392 880
633 880
633 879
890 879
890 878
889 878
889 877
94 877
94 876
391 876
391 875
632 875
632 874
93 874
93 873
390 873
390 872
92 872
92 871
368 338
368 870
870 869
869 868
868 867
367 867
367 866
867 866
867 865
866 865
866 864
865 864
865 863
366 863
366 862
864 862
864 861
365 861
365 860
863 860
863 859
364 859
364 858
862 858
862 857
861 857
861 856
363 856
363 855
860 855
860 854
362 854
362 853
361 853
361 852
360 852
360 851
359 851
359 850
859 850
859 849
858 849
858 848
358 848
358 847
857 847
857 846
357 846
357 845
356 845
356 844
355 844
355 843
856 843
856 842
855 842
855 841
854 841
854 840
354 840
354 839
853 839
853 838
353 838
353 837
852 837
852 836
352 836
352 835
851 835
851 834
729 1
729 833
153 833
153 832
24 832
24 831
271 831
271 830
559 830
559 829
507 829
507 828
558 828
558 827
506 827
506 826
23 826
23 825
22 825
22 824
557 824
557 823
505 823
505 822
504 822
504 821
660 821
660 820
728 820
728 819
659 819
659 818
270 818
270 817
76 817
76 816
658 816
658 815
337 308
337 814
336 814
336 813
814 813
814 812
335 812
335 811
334 811
334 810
813 810
813 809
333 809
333 808
812 808
812 807
332 807
332 806
811 806
811 805
810 805
810 804
331 804
331 803
809 803
809 802
330 802
330 801
808 801
808 800
329 800
329 799
807 799
807 798
328 798
328 797
327 797
327 796
326 796
326 795
325 795
325 794
806 794
806 793
805 793
805 792
324 792
324 791
804 791
804 790
323 790
323 789
322 789
322 788
803 788
803 787
127 98
127 786
126 786
126 785
786 785
786 784
785 784
785 783
528 783
528 782
125 782
125 781
784 781
784 780
124 780
124 779
783 779
783 778
527 778
527 777
782 777
782 776
526 776
526 775
525 775
525 774
123 774
123 773
122 773
122 772
781 772
781 771
780 771
780 770
524 770
524 769
121 769
121 768
523 768
523 767
779 767
779 766
120 766
120 765
522 765
522 764
521 764
521 763
119 763
119 762
520 762
520 761
307 272
307 759
306 759
306 758
759 758
759 757
758 757
758 756
305 756
305 755
304 755
304 754
303 754
303 753
302 753
302 752
301 752
301 751
300 751
300 750
757 750
757 749
299 749
299 748
298 748
298 747
756 747
756 746
755 746
755 745
297 745
297 744
296 744
296 743
295 743
295 742
754 742
754 741
294 741
294 740
293 740
293 739
753 739
753 738
292 738
292 737
752 737
752 736
291 736
291 735
751 735
751 734
750 734
750 733
290 733
290 732
749 732
749 731
289 731
289 730
556 815
556 1
503 1
503 820
152 820
152 727
727 726
502 726
502 725
75 725
75 724
21 724
21 723
501 723
501 722
555 722
555 721
657 721
657 720
833 720
833 719
74 719
74 718
151 718
151 717
710 895
710 911
45 911
45 913
419 913
419 909
418 909
418 900
918 900
918 896
171 896
171 895
417 895
417 708
917 708
917 707
708 707
708 706
416 706
416 705
579 705
579 704
170 704
170 703
578 703
578 702
44 702
44 701
169 701
169 700
415 700
415 699
168 699
168 698
414 698
414 697
167 697
167 696
413 696
413 695
43 695
43 694
707 694
707 693
706 693
706 692
42 692
42 691
916 691
916 690
705 690
705 689
41 689
41 688
412 688
412 687
248 203
248 684
247 684
247 683
246 683
246 682
245 682
245 681
244 681
244 680
684 680
684 679
243 679
243 678
242 678
242 677
241 677
241 676
240 676
240 675
683 675
683 674
682 674
682 673
239 673
239 672
238 672
238 671
237 671
237 670
236 670
236 669
681 669
681 668
235 668
235 667
680 667
680 666
234 666
234 665
233 665
233 664
679 664
679 663
232 663
232 662
231 662
231 661
726 717
726 821
832 821
832 819
20 819
20 816
725 816
725 721
150 721
150 656
831 656
831 655
19 655
19 654
269 654
269 653
656 653
656 652
268 652
268 651
554 651
554 650
830 650
830 649
553 649
553 648
267 648
267 647
500 647
500 646
655 646
655 645
552 645
552 644
551 644
551 643
18 643
18 642
17 642
17 641
829 641
829 640
499 640
499 639
149 639
149 638
266 638
266 637
888 871
888 77
91 77
91 887
90 887
90 883
89 883
89 880
389 880
389 875
388 875
388 631
887 631
887 630
631 630
631 629
387 629
387 628
886 628
886 627
88 627
88 626
630 626
630 625
87 625
87 624
629 624
629 623
628 623
628 622
86 622
86 621
386 621
386 620
85 620
85 619
627 619
627 618
626 618
626 617
84 617
84 616
83 616
83 615
885 615
885 614
625 614
625 613
82 613
82 612
202 178
202 608
608 607
607 606
606 605
201 605
201 604
200 604
200 603
199 603
199 602
198 602
198 601
605 601
605 600
197 600
197 599
604 599
604 598
196 598
196 597
195 597
195 596
194 596
194 595
603 595
603 594
602 594
602 593
193 593
193 592
192 592
192 591
601 591
601 590
600 590
600 589
599 589
599 588
191 588
191 587
598 587
598 586
597 586
597 585
190 585
190 584
577 687
577 897
166 897
166 900
576 900
576 912
40 912
40 901
165 901
165 690
915 690
915 703
575 703
575 687
574 687
574 900
39 900
39 703
38 703
38 687
411 687
411 573
410 573
410 572
573 572
573 571
914 571
914 570
704 570
704 569
37 569
37 568
572 568
572 567
913 567
913 566
571 566
571 565
409 565
409 564
703 564
703 563
408 563
408 562
570 562
570 561
912 561
912 560
498 637
498 650
550 650
550 828
148 828
148 824
16 824
16 815
147 815
147 722
265 722
265 651
497 651
497 649
828 649
828 645
827 645
827 644
15 644
15 650
146 650
146 549
724 549
724 548
264 548
264 547
14 547
14 546
723 546
723 545
13 545
13 544
145 544
145 543
73 543
73 542
654 542
654 541
72 541
72 540
71 540
71 539
496 539
496 538
722 538
722 537
549 537
549 536
263 536
263 535
70 535
70 534
653 534
653 533
69 533
69 532
68 532
68 531
67 531
67 530
144 530
144 529
118 761
118 767
519 767
519 778
518 778
518 776
517 776
517 775
778 775
778 770
117 770
117 768
116 768
116 765
516 765
516 764
515 764
515 762
514 762
514 767
777 767
777 775
775 765
115 765
115 764
114 764
114 762
774 762
774 512
773 512
773 511
113 511
113 510
112 510
112 509
111 509
111 508
262 529
262 641
548 641
548 645
652 645
652 823
66 823
66 822
826 822
826 1
651 1
651 717
12 717
12 546
547 546
547 647
495 647
495 640
494 640
494 637
650 637
650 1
825 1
825 539
11 539
11 647
143 647
143 640
546 640
546 493
65 493
65 492
261 492
261 491
721 491
721 490
493 490
493 489
545 489
545 488
649 488
649 487
648 487
648 486
647 486
647 485
824 485
824 484
720 484
720 483
64 483
64 482
260 482
260 481
646 481
646 480
979 965
979 453
978 453
978 971
977 971
977 972
464 972
464 969
463 969
463 971
462 971
462 973
976 973
976 965
975 965
975 453
461 453
461 970
974 970
974 973
973 965
460 965
460 970
459 970
459 968
458 968
458 967
457 967
457 966
971 966
971 969
970 969
970 966
969 966
969 453
968 453
968 965
967 965
967 966
456 966
456 453
455 453
455 965
454 965
454 966
966 453
965 453
942 926
942 426
435 426
435 938
434 938
434 927
940 927
940 933
939 933
939 926
938 926
938 937
937 935
936 935
936 930
433 930
433 927
432 927
432 933
431 933
431 934
430 934
430 932
429 932
429 931
934 931
934 929
428 929
428 928
933 928
933 426
932 426
932 926
931 926
931 930
427 930
427 927
930 927
930 928
929 928
929 926
928 926
928 426
927 426
927 926
164 560
164 906
569 906
569 691
911 691
911 908
36 908
36 907
910 907
910 903
35 903
35 899
34 899
34 567
163 567
163 895
33 895
33 693
568 693
568 700
908 700
908 698
407 698
407 696
162 696
162 688
702 688
702 687
907 687
907 693
32 693
32 565
701 565
701 563
700 563
700 698
31 698
31 406
406 405
906 405
906 404
699 404
699 403
905 403
905 402
405 402
405 401
698 401
698 400
904 400
904 399
903 399
903 398
567 398
567 397
624 612
624 878
385 878
385 871
384 871
384 884
81 884
81 882
383 882
383 881
623 881
623 876
622 876
622 873
80 873
80 880
884 880
884 875
883 875
883 612
620 612
620 878
382 878
382 871
619 871
619 882
882 878
618 878
618 381
881 381
881 380
381 380
381 379
380 379
380 378
880 378
880 377
879 377
879 376
379 376
379 375
878 375
878 374
378 374
378 373
79 373
79 372
877 372
877 371
876 371
876 370
377 370
377 369
351 834
351 338
850 338
850 849
849 842
350 842
350 847
848 847
848 338
349 338
349 843
348 843
348 841
847 841
847 839
347 839
347 837
846 837
846 835
346 835
346 841
845 841
845 837
345 837
345 841
344 841
344 840
843 840
843 838
842 838
842 836
841 836
841 834
343 834
343 838
840 838
840 338
839 338
839 838
838 338
837 338
837 835
836 835
836 338
342 338
342 835
835 834
341 834
341 338
340 338
340 834
339 834
339 338
834 338
321 787
321 308
802 308
802 793
320 793
320 801
801 794
800 794
800 788
319 788
319 799
799 791
798 791
798 308
797 308
797 794
796 794
796 791
318 791
318 308
317 308
317 794
316 794
316 792
315 792
315 790
314 790
314 789
794 789
794 787
792 787
792 788
313 788
313 308
790 308
790 789
312 789
312 787
311 787
311 308
310 308
310 788
309 788
309 787
788 787
788 308
748 730
748 272
288 272
288 734
287 734
287 746
286 746
286 742
285 742
285 739
746 739
746 737
745 737
745 735
284 735
284 732
744 732
744 730
283 730
283 737
282 737
282 732
281 732
281 741
280 741
280 740
742 740
742 738
279 738
279 736
741 736
741 733
278 733
278 731
740 731
740 272
277 272
277 734
276 734
276 731
738 731
738 735
275 735
275 730
736 730
736 732
735 732
735 730
734 730
734 731
274 731
274 733
733 272
273 272
273 730
10 480
10 534
492 534
492 818
491 818
491 542
544 542
544 645
142 645
142 487
543 487
543 638
259 638
259 538
258 538
258 641
141 641
141 536
542 536
542 529
541 529
541 534
490 534
490 482
540 482
540 638
140 638
140 538
719 538
719 257
63 257
63 256
139 256
139 255
539 255
539 254
538 254
538 253
257 253
257 252
489 252
489 251
138 251
138 250
62 250
62 249
678 661
678 203
230 203
230 667
229 667
229 675
228 675
228 674
227 674
227 669
677 669
677 664
226 664
226 661
225 661
225 669
224 669
224 673
223 673
223 672
675 672
675 671
674 671
674 670
222 670
222 668
221 668
221 666
673 666
673 665
220 665
220 663
672 663
672 662
671 662
671 203
219 203
219 667
670 667
670 663
218 663
218 662
669 662
669 664
217 664
217 661
668 661
668 662
216 662
216 666
215 666
215 667
667 661
214 661
214 665
213 665
213 203
212 203
212 663
211 663
211 664
666 664
666 662
210 662
210 664
209 664
209 661
208 661
208 203
664 203
664 663
663 662
207 662
207 203
206 203
206 661
205 661
205 203
204 203
204 661
203 661
189 584
189 178
188 178
188 591
187 591
187 589
596 589
596 595
595 594
594 590
593 590
593 587
186 587
186 586
592 586
592 589
185 589
185 590
184 590
184 586
183 586
183 588
591 588
591 585
182 585
182 584
181 584
181 178
180 178
180 588
590 588
590 587
587 586
179 586
179 585
586 585
586 584
585 584
585 178
404 397
404 694
566 694
566 690
30 690
30 687
697 687
697 403
403 400
161 400
161 898
565 898
565 896
902 896
902 562
696 562
696 898
160 898
160 397
695 397
695 687
694 687
694 897
402 897
402 901
159 901
159 560
158 560
158 398
693 398
693 562
401 562
401 400
564 400
564 898
157 898
157 901
400 901
400 560
692 560
692 898
399 898
399 156
691 156
691 155
563 155
563 154
718 249
718 484
537 484
537 820
9 820
9 249
8 249
8 818
645 818
645 639
61 639
61 488
717 488
717 815
488 815
488 637
644 637
644 536
60 536
60 530
823 530
823 486
59 486
59 818
643 818
643 641
137 641
137 638
58 638
58 256
7 256
7 251
6 251
6 641
57 641
57 136
822 136
822 135
136 135
136 134
256 134
256 133
642 133
642 132
641 132
641 131
487 131
487 130
640 130
640 129
56 129
56 128
772 508
772 98
771 98
771 508
110 508
110 767
109 767
109 98
512 98
512 762
511 762
511 98
510 98
510 769
509 769
509 766
108 766
108 763
770 763
770 761
769 761
769 763
508 763
508 768
107 768
107 765
106 765
106 764
768 764
768 762
105 762
105 98
767 98
767 761
104 761
104 763
766 763
766 98
103 98
103 763
102 763
102 764
101 764
101 765
100 765
100 762
765 762
765 761
764 761
764 98
762 98
762 761
99 761
99 98
875 369
875 370
78 370
78 376
617 376
617 615
616 615
616 372
376 372
376 874
874 872
375 872
375 77
374 77
374 872
873 872
873 369
615 369
615 871
77 871
77 614
373 614
373 371
372 371
372 612
614 612
614 369
612 369
612 871
370 871
370 872
872 369
871 369
55 128
55 817
486 817
486 816
639 816
639 254
638 254
638 131
135 131
135 529
821 529
821 482
485 482
485 535
54 535
54 533
134 533
134 532
484 532
484 531
53 531
53 530
5 530
5 534
820 534
820 483
255 483
255 253
483 253
483 250
536 250
536 816
819 816
819 250
254 250
254 817
535 817
535 250
133 250
133 132
818 132
818 129
482 129
482 128
52 128
52 817
534 817
534 531
132 531
132 128
637 128
637 51
253 51
253 50
533 50
533 49
690 154
690 25
901 25
901 687
900 687
900 896
899 896
899 156
898 156
898 688
29 688
29 397
689 397
689 560
562 560
562 397
398 397
398 687
28 687
28 25
688 25
688 155
27 155
27 156
26 156
26 397
25 397
25 560
156 560
156 154
155 154
155 397
397 687
560 687
560 154
687 154
131 49
131 529
4 529
4 49
252 49
252 1
481 1
481 532
130 532
130 816
51 816
51 1
532 1
532 531
817 531
817 250
531 250
531 129
251 129
251 128
530 128
530 1
3 1
3 49
529 49
529 815
50 815
50 816
2 816
2 480
816 480
816 250
1 250
1 249
250 249
250 815
815 129
480 129
480 128
249 128
249 49
49 128
