JA
1613
704 602
704 1000
605 1000
605 700
605 697
605 999
941 74
941 998
998 819
998 995
998 351
998 350
998 997
835 997
835 75
835 996
940 819
940 994
997 75
997 993
626 599
626 992
600 992
600 991
625 991
625 990
624 990
624 989
992 989
992 988
991 988
991 987
990 987
990 986
989 986
989 985
988 985
988 984
599 984
599 983
434 974
974 973
973 972
972 971
637 971
637 970
971 970
971 969
970 969
970 968
969 968
969 967
968 967
968 966
967 966
967 965
966 965
966 964
965 964
965 963
964 963
964 962
963 962
963 961
962 961
962 960
961 960
961 959
960 959
960 958
959 958
959 957
958 957
958 956
15 955
876 428
876 954
954 874
954 611
954 149
954 953
384 375
384 378
384 376
384 952
383 378
383 376
383 952
383 951
382 951
382 950
381 376
381 952
381 950
381 949
380 952
380 950
380 949
380 948
379 950
379 949
379 948
379 947
952 949
952 946
621 414
621 944
421 417
421 942
939 76
939 862
939 996
939 993
939 350
939 351
939 995
939 994
939 74
863 350
863 351
863 995
863 994
863 74
863 819
533 298
533 833
533 819
533 74
533 994
533 995
533 351
533 993
533 996
533 862
533 76
76 862
76 996
76 938
75 993
75 938
75 937
573 415
573 933
933 932
932 931
480 109
480 929
929 928
109 928
109 475
109 474
109 927
479 475
479 926
928 926
928 925
927 474
927 925
927 924
926 924
926 923
478 923
478 922
477 474
477 925
477 922
477 921
342 314
342 920
440 915
100 9
100 914
99 89
99 271
99 291
99 285
99 982
99 95
99 914
99 913
362 359
362 907
361 907
361 906
360 906
360 905
804 45
804 904
728 192
728 903
196 903
196 195
196 193
196 902
195 193
195 902
195 901
292 271
292 900
291 900
291 899
290 596
290 914
290 95
290 982
290 285
290 900
290 899
290 898
289 898
289 897
356 352
356 353
356 896
472 896
472 353
472 895
355 895
355 353
355 894
896 894
896 353
896 893
895 893
895 892
354 892
354 353
354 891
353 891
353 890
894 890
894 891
894 889
164 163
164 662
164 162
164 888
518 255
518 887
887 886
258 886
258 257
258 885
526 253
526 883
525 883
525 882
616 173
616 881
881 880
615 880
615 879
871 300
871 878
413 303
413 878
413 411
413 301
413 877
875 874
875 428
611 428
611 874
874 873
717 53
717 872
306 877
306 301
306 411
306 300
305 300
305 870
304 870
304 869
878 869
878 868
387 868
387 869
387 867
870 869
870 866
869 866
869 865
447 357
447 864
996 937
996 938
996 350
432 431
432 199
432 861
694 82
694 860
268 860
268 86
268 692
268 87
268 859
710 3
710 77
710 1
710 2
710 858
709 858
709 857
147 37
147 38
147 854
38 854
38 141
38 484
38 36
38 853
146 141
146 852
854 851
853 36
853 484
853 852
853 851
853 850
37 850
37 851
37 852
37 484
37 36
37 849
145 851
145 852
145 848
737 852
737 848
737 484
737 36
737 849
737 847
36 849
36 847
736 848
736 484
736 849
736 847
141 849
141 847
446 743
446 864
446 846
824 154
824 743
824 864
824 10
824 845
358 442
358 846
358 10
358 845
358 844
598 897
598 899
598 900
598 285
598 982
598 95
598 913
598 843
900 899
900 842
581 842
581 899
581 285
581 982
581 90
581 841
597 843
597 840
914 913
914 839
288 899
288 838
228 221
228 210
228 837
227 837
227 836
995 351
995 350
995 993
938 993
938 350
938 351
938 994
938 74
938 834
110 832
832 831
72 827
659 827
659 826
827 826
827 825
532 743
532 154
745 10
745 846
745 442
745 823
925 922
925 921
925 822
924 822
924 821
819 834
819 74
819 994
819 351
819 350
819 993
819 937
819 862
74 994
74 351
74 350
74 993
74 937
74 862
112 872
112 814
112 712
112 815
111 814
111 712
111 815
872 712
872 815
716 54
716 815
716 813
122 113
122 811
811 810
121 810
121 809
800 28
800 808
799 808
799 807
798 807
798 806
87 692
87 86
87 805
499 44
499 46
499 367
499 904
499 45
50 46
50 803
785 803
785 367
785 802
803 367
803 802
803 904
803 45
803 801
797 806
797 28
796 28
796 808
795 29
795 792
795 808
795 807
35 807
35 806
775 32
775 806
775 28
397 806
397 28
397 808
397 792
397 29
572 808
572 28
572 794
808 28
808 793
34 29
34 792
34 793
34 791
33 791
33 790
807 790
807 789
27 23
27 22
27 788
567 22
567 787
566 787
566 786
49 904
49 802
49 367
374 801
374 45
374 802
374 367
374 784
373 45
373 802
373 367
373 784
373 782
372 48
372 783
372 46
372 782
372 781
371 781
371 780
784 779
370 780
370 778
406 802
406 367
406 779
406 904
406 47
406 777
369 778
369 776
571 789
571 794
571 32
396 794
396 793
396 792
396 774
172 955
172 578
172 729
172 14
172 12
172 13
172 772
773 14
773 12
773 13
773 771
21 578
21 729
21 12
21 13
21 771
21 770
171 770
171 772
171 769
767 772
767 771
767 13
767 12
767 729
767 768
170 771
170 769
170 766
169 769
169 766
169 765
57 762
762 56
762 761
761 760
760 759
136 759
136 758
135 758
135 757
134 757
134 756
133 756
133 755
759 755
759 754
132 754
132 753
131 753
131 752
130 752
130 751
758 751
758 750
56 749
843 840
843 748
287 839
287 95
287 90
287 982
287 285
287 838
287 747
98 747
98 838
98 285
98 982
98 90
98 95
98 748
98 746
445 823
445 442
445 846
445 10
531 10
531 845
531 864
531 154
531 742
69 68
69 740
740 739
73 739
73 738
851 484
851 848
456 766
456 13
456 734
168 765
168 733
20 13
20 732
579 733
579 732
579 734
579 12
579 14
579 11
579 731
578 768
578 729
578 14
578 11
578 731
955 729
955 14
955 11
955 731
766 734
766 12
766 731
766 11
766 14
766 730
727 193
727 192
726 192
726 193
725 193
725 192
903 192
903 193
194 901
194 723
715 813
715 53
55 815
55 54
815 54
815 53
815 813
54 53
54 714
714 813
714 713
713 711
708 2
708 857
708 858
81 857
81 2
176 2
176 707
707 858
707 706
858 705
1000 700
1000 602
604 602
604 697
604 999
604 703
703 999
703 697
703 702
702 701
603 701
603 697
603 999
603 699
602 697
602 999
602 699
999 699
701 699
701 698
700 698
700 696
699 696
699 695
86 805
86 82
692 805
692 82
692 691
691 690
85 690
85 689
84 689
84 688
267 688
267 82
267 805
267 859
267 687
266 82
266 805
266 859
266 687
266 686
265 805
265 859
265 687
265 686
805 859
805 687
805 686
82 687
82 686
690 686
690 685
7 735
7 682
735 682
682 681
681 680
680 679
679 678
678 677
677 676
676 675
675 674
673 674
806 32
806 793
806 393
378 946
378 948
378 947
378 664
834 994
834 351
834 350
834 993
834 937
834 862
834 663
163 662
163 162
163 888
163 661
162 888
162 661
888 661
341 920
341 660
658 825
658 826
657 826
657 825
623 983
623 984
987 984
987 985
986 985
986 984
985 984
985 983
620 944
620 414
619 414
619 944
618 944
618 414
414 944
880 879
880 173
879 173
429 873
429 428
429 149
429 953
429 610
428 149
428 953
428 610
953 610
873 149
286 838
286 609
833 994
833 351
833 350
833 993
833 937
833 862
833 663
994 351
994 350
994 993
994 937
994 862
994 663
994 606
993 937
993 862
993 663
937 862
942 418
285 609
285 897
97 746
97 840
59 58
59 812
59 583
59 584
58 812
58 583
58 584
812 583
812 584
584 582
284 897
284 842
96 842
96 609
96 982
96 90
96 95
96 748
96 840
96 580
167 12
167 732
167 733
95 748
95 840
95 580
95 577
94 609
94 982
94 90
94 748
94 840
94 580
94 577
94 576
842 982
842 90
842 748
842 840
842 580
842 577
842 576
842 575
841 580
841 577
841 576
841 575
841 574
416 931
416 415
931 415
794 393
794 28
793 28
793 789
32 28
32 789
32 570
31 774
31 792
31 570
31 569
565 786
565 22
564 22
564 787
563 788
563 787
563 786
562 787
562 786
562 22
26 22
26 786
26 787
25 786
25 787
25 560
24 787
24 560
24 559
787 560
787 559
787 558
23 559
23 558
23 557
22 558
22 557
560 557
560 556
559 556
559 555
558 555
558 554
297 862
297 350
297 351
862 350
862 351
350 351
530 742
530 743
444 442
444 846
444 845
444 10
529 844
529 864
529 154
529 743
529 742
357 10
357 154
357 864
357 844
823 846
823 845
823 154
823 864
823 844
846 845
846 154
846 864
846 528
845 154
845 864
845 528
845 527
883 882
883 253
254 253
254 882
254 520
254 521
253 882
253 520
253 521
882 520
882 521
521 519
517 885
517 257
517 255
257 885
256 255
256 885
256 514
255 885
255 514
255 513
885 514
885 513
907 905
907 509
906 509
906 508
780 776
780 44
48 783
48 46
48 782
48 44
48 498
779 904
779 498
779 497
47 498
47 497
47 496
368 367
368 904
368 497
368 496
368 495
783 46
783 782
783 44
783 495
783 496
783 494
782 44
782 495
782 496
782 494
782 492
46 44
46 495
46 496
46 494
46 491
778 491
778 490
405 490
405 492
405 498
405 777
405 489
404 495
404 496
404 494
404 492
404 498
404 777
404 489
781 498
781 777
781 489
492 494
492 496
492 488
144 848
144 847
144 487
487 847
487 486
850 486
850 485
486 485
486 483
457 821
457 822
476 822
476 475
475 923
822 923
822 921
822 922
822 474
821 921
821 922
821 474
921 922
352 889
352 891
352 890
889 891
889 890
893 890
893 471
771 732
771 455
443 527
443 10
10 528
10 864
10 154
743 844
743 528
743 864
743 154
743 442
742 844
742 528
742 864
742 154
742 442
441 844
441 528
441 864
441 154
441 442
442 527
844 528
844 864
844 154
844 527
154 527
864 527
199 431
861 431
430 431
420 418
420 417
419 417
419 418
417 418
386 867
386 303
303 865
303 410
411 301
411 409
868 410
868 408
867 865
867 408
867 407
498 777
498 489
498 497
498 904
498 802
367 802
367 904
367 497
367 489
367 490
491 490
491 494
491 496
491 488
491 495
570 569
570 789
570 28
792 569
792 789
792 393
30 569
30 789
30 393
30 395
569 789
569 393
569 395
569 28
569 394
789 393
789 395
789 28
789 394
395 392
791 394
791 391
394 391
394 28
394 392
394 390
302 409
302 301
302 407
302 410
385 301
385 407
385 410
385 408
385 865
410 407
410 301
951 664
951 947
951 948
951 375
950 375
950 946
377 947
377 664
949 946
949 376
948 376
948 946
947 664
947 376
947 946
947 375
664 376
664 946
664 375
946 375
802 904
802 801
497 801
497 45
490 494
490 496
490 488
490 495
490 44
366 496
366 777
365 44
365 495
365 488
365 777
365 776
364 776
364 494
496 494
496 489
496 801
496 45
496 904
777 489
777 494
489 488
489 495
489 44
488 495
488 44
904 45
904 801
904 494
904 495
904 44
363 45
363 801
363 494
363 495
363 44
45 801
45 494
45 495
45 44
45 776
801 494
801 495
494 495
509 508
509 359
508 359
508 905
892 471
892 891
891 890
471 890
283 574
283 575
283 576
283 577
283 840
283 748
283 90
283 343
340 660
340 314
339 314
339 920
338 920
338 660
337 660
337 314
336 314
336 920
335 920
335 660
334 660
334 314
333 314
333 920
332 920
332 660
331 323
331 660
331 314
330 314
330 920
660 323
920 323
329 323
329 314
328 314
328 323
327 323
327 314
326 314
326 323
325 323
325 314
324 314
324 323
323 314
409 301
409 877
301 877
301 407
301 408
301 300
877 407
877 408
407 408
226 836
226 299
282 343
282 271
343 271
343 90
343 748
343 840
343 577
343 576
343 913
343 596
913 596
281 90
281 898
280 575
280 596
280 576
280 577
280 840
280 748
280 898
280 899
279 596
279 576
279 577
279 840
279 748
279 898
279 899
279 838
278 838
278 897
93 576
93 574
277 897
277 271
577 840
577 748
577 898
577 899
577 271
577 90
92 90
92 271
92 899
92 898
92 748
92 840
92 574
92 575
91 271
91 899
91 898
91 748
91 840
91 574
91 575
91 596
276 899
276 838
899 838
899 897
576 596
576 575
576 574
576 840
576 748
576 898
576 897
576 838
609 838
609 897
609 898
609 748
609 840
609 574
609 839
609 275
982 897
982 898
982 748
982 840
982 574
982 839
982 275
840 574
840 839
840 275
840 575
840 274
575 275
575 839
575 574
575 748
575 898
575 273
580 272
747 273
747 898
747 748
747 574
747 272
898 270
689 685
689 860
83 860
83 688
688 687
687 859
299 210
299 221
836 210
836 221
225 221
225 210
224 210
224 221
223 221
223 210
222 210
222 221
221 210
810 809
810 201
201 114
201 200
902 193
902 192
723 193
723 192
901 193
901 192
80 705
80 2
2 1
2 77
2 175
1 77
1 175
174 706
174 77
174 175
14 730
14 729
19 733
19 455
19 770
770 732
733 455
733 732
733 769
166 769
166 732
166 765
769 732
769 12
731 12
731 165
143 847
143 849
849 483
849 848
142 848
142 483
142 847
757 750
757 755
756 755
756 751
755 751
755 750
754 750
754 751
753 751
753 750
752 750
752 751
129 751
129 750
750 128
128 127
126 127
120 114
120 113
119 113
119 809
118 809
118 114
117 114
117 113
116 113
116 809
115 200
115 809
115 114
114 113
90 270
90 748
90 574
90 272
90 839
90 275
90 274
90 9
275 839
275 272
275 574
275 748
275 89
274 839
274 272
274 574
274 748
274 89
274 273
89 748
89 574
89 272
89 839
89 9
89 746
273 897
272 574
272 748
272 897
272 838
88 746
88 596
271 838
271 270
270 838
897 838
574 748
574 838
746 596
746 9
746 839
746 748
746 838
9 839
9 748
9 838
748 838
596 839
596 838
860 859
860 685
859 685
79 77
79 175
79 857
78 857
78 705
705 175
705 77
857 175
857 77
68 738
68 739
738 739
29 390
29 392
29 28
29 790
393 392
393 390
790 391
28 391
774 390
774 391
392 391
392 390
557 554
557 556
556 555
555 786
13 165
13 12
13 11
13 730
13 729
13 768
730 11
730 12
730 165
165 765
165 455
729 11
729 12
729 765
729 455
12 11
12 768
12 18
11 768
11 18
765 768
765 18
455 768
455 18
768 18
17 18
