JA
5260
458 299
458 300
458 481
458 298
458 999
999 998
302 300
302 997
402 21
402 39
402 36
402 268
402 37
402 32
402 996
270 996
270 32
270 396
270 20
270 995
649 112
649 340
649 471
649 258
649 967
649 647
649 116
649 113
649 994
474 114
474 342
474 471
474 340
474 993
994 113
994 116
994 647
994 967
994 258
994 340
994 993
994 992
314 342
314 344
314 259
314 991
313 112
313 992
313 993
313 471
313 344
313 259
313 991
873 993
873 471
873 344
873 259
873 991
767 87
767 651
767 908
767 33
767 188
767 185
767 155
767 990
527 70
527 500
527 186
527 89
527 732
527 154
527 989
189 651
189 908
189 33
189 188
189 185
189 155
189 990
189 92
189 988
463 908
463 33
463 188
463 185
463 987
653 500
653 186
653 89
653 732
653 154
653 989
653 711
653 525
653 52
653 777
653 91
653 33
653 986
859 456
859 559
859 309
859 738
859 306
859 557
859 416
859 985
974 95
974 574
974 198
974 132
974 193
974 110
974 984
565 58
565 193
565 132
565 198
565 574
565 983
386 380
386 982
487 982
487 383
487 981
978 383
978 981
982 981
982 980
981 980
981 979
385 979
385 383
513 32
513 396
513 977
469 995
469 20
469 977
469 396
469 996
469 615
469 34
469 976
814 983
814 574
814 190
814 120
814 975
564 574
564 95
743 574
743 95
743 190
743 120
743 975
743 744
743 309
743 738
743 973
138 744
138 140
138 403
138 118
138 972
200 196
200 311
200 310
200 109
200 377
200 108
200 971
67 996
67 396
67 267
67 970
511 39
511 36
511 268
511 37
511 267
511 970
448 970
448 267
448 37
448 969
263 258
263 340
263 344
263 471
263 992
263 112
263 473
263 117
263 42
263 968
648 43
648 472
648 117
648 473
648 112
648 992
648 471
648 344
648 340
648 967
648 647
648 116
648 113
648 966
395 471
395 992
395 41
395 965
394 965
394 964
968 42
968 473
968 112
968 41
968 964
968 963
393 963
393 962
123 472
123 117
123 112
123 40
123 961
473 40
473 41
473 964
473 992
473 960
604 42
604 40
604 41
604 961
604 959
262 966
262 113
262 116
262 647
262 967
262 340
262 344
262 960
262 992
262 964
262 961
262 41
262 40
262 958
882 208
882 835
882 467
882 475
882 248
882 957
881 247
881 475
881 248
881 957
881 956
467 835
467 246
467 955
957 248
957 835
957 246
957 954
248 835
248 475
248 953
956 835
956 475
956 246
956 954
956 952
867 91
867 68
867 156
867 951
735 777
735 52
735 525
735 711
735 989
735 154
735 732
735 89
735 186
735 950
951 156
951 68
951 91
951 362
951 72
951 949
363 949
363 72
363 362
363 91
363 52
363 948
688 360
688 399
688 986
688 947
503 92
503 990
503 155
503 987
503 185
503 188
503 947
503 986
503 399
503 946
757 46
757 945
734 986
734 33
734 52
734 948
734 525
734 711
734 989
734 154
734 732
734 89
734 186
734 950
734 944
362 91
362 948
362 525
362 943
834 88
834 651
834 33
834 52
834 525
834 68
834 942
55 909
55 711
55 989
55 154
55 717
55 941
547 160
547 68
547 943
547 989
547 154
547 717
547 732
547 89
547 940
944 950
944 186
944 940
944 89
944 732
944 717
944 154
944 989
944 939
94 942
94 943
94 525
94 52
94 938
943 525
943 939
943 937
597 69
597 188
597 185
597 987
597 155
597 990
597 988
597 73
597 936
911 938
911 947
911 185
911 188
911 935
480 937
480 939
480 525
480 156
480 158
480 934
861 935
861 188
861 185
861 947
861 52
861 525
861 156
861 158
861 934
54 686
54 186
54 940
54 89
54 732
54 717
54 941
54 933
482 997
482 481
482 298
482 998
482 932
301 932
301 998
301 298
301 481
301 931
300 931
300 930
359 358
359 928
387 928
387 927
928 927
928 926
813 377
813 574
813 95
813 190
813 120
813 975
813 140
813 925
631 193
631 132
631 198
631 975
631 140
631 925
631 924
199 574
199 108
199 971
199 923
822 132
822 198
822 975
822 140
822 925
822 924
822 875
822 119
822 56
822 922
107 60
107 105
107 104
107 920
107 264
107 578
107 106
107 103
107 921
591 921
591 103
591 106
591 578
591 264
591 920
591 104
591 105
591 919
579 264
579 920
579 104
579 918
812 975
812 140
812 925
812 924
812 875
812 917
150 924
150 875
150 917
150 309
150 738
150 973
150 306
150 557
150 916
611 923
611 971
611 108
611 95
611 190
611 120
611 875
611 924
611 915
336 140
336 925
336 924
336 875
336 120
336 190
336 95
336 109
336 310
336 311
336 197
336 643
336 630
336 121
336 914
457 309
457 917
457 875
457 924
457 925
457 198
457 913
796 216
796 973
796 738
796 917
796 912
687 52
687 938
361 941
361 154
361 989
361 939
361 910
596 988
596 73
596 936
596 907
733 651
733 33
733 938
733 525
733 156
733 910
733 939
733 989
733 154
733 717
733 732
733 89
733 940
733 950
733 906
732 89
732 940
732 950
732 906
732 905
546 987
546 185
546 947
546 525
546 156
546 910
546 939
546 989
546 154
546 717
546 89
546 940
546 904
53 989
53 154
53 717
53 89
53 933
53 903
731 934
731 158
731 939
731 154
731 717
731 89
731 933
731 940
731 904
731 950
731 906
731 905
731 902
935 188
935 947
935 185
935 901
52 156
52 910
52 154
52 717
52 89
52 933
52 940
52 903
52 900
526 902
526 905
526 906
526 950
526 904
526 903
526 900
424 912
424 875
424 924
424 120
424 190
424 95
424 109
424 899
821 915
821 120
821 924
821 875
821 119
821 56
821 922
821 898
163 898
163 922
163 56
163 119
163 875
163 924
163 120
163 897
137 922
137 56
137 119
137 875
137 403
137 118
137 972
137 895
306 557
306 916
306 416
306 985
306 894
820 403
820 875
820 119
820 56
820 893
245 971
245 242
245 218
245 892
742 875
742 917
742 738
742 557
742 891
293 432
293 868
293 294
888 432
888 868
888 294
431 295
431 883
431 868
431 294
433 233
433 868
433 294
433 432
297 883
297 294
297 868
297 887
869 887
869 868
869 432
869 886
887 868
887 432
887 294
887 885
432 294
432 886
432 884
868 294
868 886
868 884
349 952
349 208
466 208
466 955
466 880
876 897
876 120
876 924
876 917
876 738
876 557
876 559
876 879
282 62
282 612
282 64
282 273
282 63
282 878
613 878
613 63
613 273
613 64
613 612
613 877
610 133
610 984
610 110
610 198
610 925
610 924
610 120
610 897
472 117
472 112
472 41
472 961
472 964
472 992
472 993
563 914
563 121
563 630
563 643
563 197
563 311
563 310
563 899
563 109
563 95
563 190
563 872
627 945
627 227
627 47
627 602
627 210
627 45
627 871
544 227
544 47
544 602
544 535
544 74
544 870
296 885
296 884
296 886
296 294
399 910
399 154
399 717
399 89
399 933
399 940
399 900
399 903
399 904
399 950
399 906
399 186
399 686
399 866
398 936
398 73
398 990
398 155
398 901
398 185
398 525
398 154
398 717
398 89
398 933
398 940
398 900
398 903
398 904
398 950
398 906
398 186
398 686
398 866
777 940
777 900
777 903
777 904
777 950
777 906
777 186
777 686
777 866
595 158
595 939
595 933
595 89
595 717
595 154
595 525
595 185
595 901
595 155
595 990
595 73
595 907
595 865
766 154
766 525
766 185
766 901
766 155
766 990
766 73
766 864
730 947
730 901
730 185
730 525
730 717
730 89
730 900
730 903
730 904
730 950
730 906
730 186
730 686
730 866
730 905
730 863
765 68
765 900
765 89
765 717
765 525
765 185
765 155
765 990
765 73
765 864
765 862
910 525
910 185
910 155
910 901
910 188
925 924
925 120
925 872
925 190
925 95
925 109
925 899
925 310
925 311
925 197
925 643
925 630
925 121
925 860
875 738
875 557
875 559
875 879
875 456
576 215
576 924
576 120
576 872
576 190
576 95
576 109
576 899
576 310
576 311
576 197
576 858
281 275
281 63
281 857
280 483
280 530
280 291
280 183
280 857
280 856
184 877
184 612
184 64
184 273
184 856
184 857
184 183
184 291
184 530
184 61
184 855
279 857
279 854
829 79
829 174
829 102
829 853
375 235
375 852
852 851
851 850
374 850
374 849
240 849
240 848
850 848
850 847
373 847
373 846
849 846
849 845
848 845
848 844
372 844
372 843
847 843
847 842
846 842
846 841
239 841
239 840
371 840
371 839
845 839
845 838
238 838
238 837
844 837
844 836
70 863
70 905
70 866
70 686
70 186
70 906
70 950
70 904
70 903
70 89
70 717
70 185
70 938
70 33
70 88
729 946
729 525
729 938
729 185
729 717
729 89
729 903
729 904
729 950
729 906
729 186
729 686
729 866
729 905
729 833
764 833
764 905
764 866
764 686
764 186
764 906
764 950
764 904
764 903
764 89
764 717
764 185
764 155
764 901
764 990
764 73
764 864
764 862
764 832
763 155
763 901
763 990
763 73
763 864
763 862
763 832
763 831
811 557
811 830
679 174
679 79
678 853
678 102
678 79
678 828
177 828
177 79
177 102
177 827
176 79
176 102
176 827
176 826
677 102
677 825
828 825
828 827
828 826
828 824
676 824
676 826
676 827
676 823
456 879
456 559
456 830
456 917
456 190
456 872
456 120
456 913
456 132
609 895
609 972
609 118
609 917
609 190
609 872
609 897
609 915
226 310
226 899
226 109
226 95
226 897
226 872
226 190
226 403
924 913
924 120
924 872
924 897
924 95
924 109
924 899
924 311
924 197
924 858
924 643
924 630
924 121
924 860
924 819
562 95
562 818
899 109
899 818
899 897
899 872
899 120
899 817
694 891
694 559
694 830
694 403
694 190
694 872
694 120
694 817
694 198
694 110
694 816
491 643
491 858
491 197
491 311
491 109
491 818
491 897
491 120
491 872
491 190
491 119
491 56
491 893
491 815
121 630
121 858
121 197
121 311
121 109
121 818
121 897
121 120
121 983
644 972
644 118
644 917
644 119
644 190
644 872
644 983
644 120
644 897
644 818
644 377
898 815
898 893
898 56
898 190
898 872
898 983
898 817
898 198
898 975
810 120
810 817
810 983
810 872
810 557
561 816
561 110
561 975
561 198
561 983
561 817
561 120
142 118
142 917
142 119
142 557
142 190
142 56
142 893
142 809
560 190
560 872
560 817
560 120
560 808
311 197
311 807
119 557
119 872
119 817
119 120
119 983
119 198
119 975
119 110
119 984
119 806
643 807
643 197
643 109
643 377
643 805
809 893
809 56
809 817
809 804
819 860
819 630
819 858
819 197
819 109
819 377
819 805
819 818
819 897
819 808
819 983
819 120
819 804
819 817
819 56
819 893
819 803
559 830
559 403
559 817
559 804
559 120
559 983
559 802
305 984
305 110
305 975
305 198
305 983
305 120
305 804
305 817
305 403
305 830
305 916
305 416
305 985
305 894
305 801
141 817
141 56
141 893
141 803
141 800
789 234
789 798
81 17
81 797
916 830
916 973
916 216
708 216
708 973
708 403
708 56
708 872
708 557
708 917
708 795
532 183
532 291
532 530
532 61
532 483
532 793
532 19
532 794
117 112
117 41
117 961
117 964
117 992
117 993
117 960
117 344
117 340
117 967
117 647
117 116
117 113
117 792
347 958
347 40
347 964
347 961
347 41
347 791
450 792
450 113
450 116
450 647
450 967
450 340
450 344
450 960
450 993
450 962
450 790
788 798
788 234
319 234
319 787
207 143
207 144
207 786
523 180
523 785
785 781
785 31
785 367
785 365
785 124
785 784
784 782
522 782
522 124
522 365
522 367
522 31
522 781
522 780
438 131
438 779
295 884
295 886
295 294
295 778
443 776
442 775
442 776
779 775
779 776
131 775
131 776
776 774
775 774
775 773
774 773
774 772
773 772
773 771
772 771
772 770
160 900
160 717
160 89
160 903
160 904
160 950
160 769
728 903
728 904
728 950
728 769
728 906
728 186
728 686
728 866
728 905
728 768
652 768
652 905
652 866
652 686
652 186
652 906
652 769
652 950
652 904
652 89
652 185
652 901
652 87
93 905
93 866
93 686
93 186
93 906
93 769
93 950
93 904
93 89
93 185
93 901
93 87
93 154
989 185
989 901
989 717
989 68
727 72
727 91
727 948
727 717
727 901
727 89
727 904
727 950
727 769
727 906
727 186
727 686
727 866
727 833
525 938
525 154
525 155
950 904
950 89
950 901
950 717
950 948
950 91
950 762
762 91
762 948
762 717
762 87
762 155
762 990
762 73
762 864
762 862
762 832
762 831
762 761
159 833
159 866
159 686
159 186
159 906
159 769
159 760
726 990
726 155
726 87
726 901
726 89
726 904
726 760
726 769
726 906
726 186
726 686
726 866
726 759
594 186
594 906
594 769
594 760
594 904
594 89
594 901
594 87
594 155
594 73
594 864
594 862
594 832
594 831
594 761
594 907
594 865
594 758
213 228
213 870
213 74
213 535
213 602
213 47
213 46
266 46
266 47
266 602
266 535
266 74
266 870
266 228
266 756
265 47
265 602
265 535
265 74
265 870
265 228
265 756
542 49
542 232
542 228
542 756
75 74
75 210
75 45
75 871
75 755
756 870
756 210
756 535
756 602
756 754
232 753
626 754
626 602
626 535
626 45
626 871
626 755
626 751
536 751
536 755
536 871
536 45
536 210
536 870
536 228
536 753
536 750
625 755
625 749
602 535
602 210
602 748
51 750
51 753
51 228
51 747
355 212
355 598
355 752
355 48
355 535
355 210
355 748
355 45
355 871
355 749
355 746
335 872
335 804
335 120
335 802
335 808
335 897
335 818
335 805
335 377
335 109
335 197
335 858
335 630
335 860
335 745
225 804
225 738
304 110
304 975
304 198
304 983
304 802
304 120
304 738
304 56
304 403
304 830
304 416
304 985
304 894
304 801
304 741
379 416
379 830
379 973
379 740
198 983
198 802
198 120
198 808
198 897
198 818
198 805
198 108
198 242
198 739
921 103
921 106
921 578
921 920
921 736
942 933
942 87
942 901
942 940
92 907
92 761
92 831
92 832
92 862
92 864
92 73
92 986
69 188
69 864
69 73
69 986
69 33
69 88
69 651
68 901
68 155
68 33
68 88
68 651
524 760
524 904
524 89
524 940
524 155
524 33
524 88
524 651
866 686
866 906
866 769
866 904
866 89
866 940
866 155
866 33
866 87
866 939
866 934
909 711
909 155
909 33
909 87
909 88
909 651
909 986
909 73
909 864
909 947
502 947
502 864
502 73
502 986
502 154
502 938
502 946
941 89
941 940
941 33
941 87
941 903
331 939
331 88
331 717
331 948
331 91
331 72
91 948
91 717
91 651
91 154
91 990
908 990
908 986
908 73
908 864
908 725
271 986
271 73
271 864
271 725
271 724
725 864
725 73
725 154
725 651
725 903
725 87
725 33
725 940
725 904
725 769
725 906
725 686
725 759
725 723
865 761
865 831
865 832
865 862
865 864
865 73
865 154
865 651
865 903
865 88
865 934
865 722
769 904
769 721
686 906
686 904
686 721
686 940
686 33
686 87
686 88
686 903
686 651
686 720
988 831
988 832
988 862
988 864
988 73
988 154
988 720
988 651
988 903
988 901
988 719
949 72
949 718
987 73
987 154
987 720
987 651
987 903
987 901
987 719
987 716
685 724
685 720
685 651
685 903
685 715
864 154
864 651
864 903
864 715
864 901
864 719
864 934
864 722
864 714
940 33
940 87
940 88
940 713
724 720
724 903
724 715
724 901
724 719
724 934
724 713
724 88
724 87
724 33
724 721
724 904
724 906
724 759
724 723
724 712
907 832
907 862
907 154
907 651
907 715
907 903
907 710
647 116
647 113
647 709
915 808
915 738
915 56
915 403
915 973
915 740
915 216
558 197
558 109
558 377
558 108
558 805
558 818
558 897
558 707
897 707
897 738
897 120
897 802
897 706
423 403
423 56
423 120
423 738
423 707
423 818
423 805
423 705
429 706
429 802
429 738
429 120
429 56
429 973
429 740
429 830
429 985
429 894
429 801
429 741
429 587
429 874
429 704
891 985
891 894
891 801
891 741
891 587
891 874
891 704
303 892
303 218
303 739
303 242
303 705
303 805
303 818
303 707
303 120
303 56
303 973
303 740
303 830
303 894
303 801
303 741
303 587
303 874
303 704
858 109
858 377
858 108
858 805
858 818
858 707
858 120
858 56
858 973
858 740
858 830
858 894
858 801
858 741
858 587
858 874
858 704
315 975
315 983
315 802
315 738
315 973
315 740
315 830
315 894
315 801
315 741
315 587
315 874
315 704
586 273
586 856
586 854
586 703
703 291
703 530
703 702
285 120
285 56
285 740
285 973
285 738
285 913
285 701
197 377
197 108
197 805
197 818
197 705
197 242
197 700
955 699
783 780
783 781
783 31
783 367
783 365
783 124
783 698
367 697
479 697
479 31
479 781
479 780
479 520
479 696
548 780
548 520
548 696
31 781
31 520
31 696
782 698
782 695
741 587
741 985
196 108
196 805
196 818
196 705
196 242
196 700
196 693
224 808
224 973
224 830
224 894
224 692
223 740
223 830
223 894
223 692
223 691
427 214
427 220
427 243
427 800
427 803
427 893
427 691
427 896
427 690
860 630
860 109
860 805
860 818
860 705
860 242
860 707
860 56
860 830
860 894
860 692
860 896
860 690
661 795
661 917
661 557
661 690
661 896
661 692
661 894
661 830
661 56
661 707
661 700
661 693
661 689
501 712
501 723
501 759
501 906
501 904
501 721
501 33
501 87
501 88
501 713
501 934
501 719
501 938
501 946
501 360
500 723
500 759
500 906
500 904
500 721
500 33
500 87
500 88
500 713
500 934
500 719
500 938
500 946
500 360
680 710
680 903
680 901
680 946
680 360
90 759
90 906
90 904
90 721
90 33
90 87
90 88
90 713
90 934
90 719
90 938
90 360
90 156
906 904
906 721
906 33
906 87
906 88
906 713
906 934
906 719
906 938
906 360
906 156
906 946
906 901
906 903
906 720
939 722
939 360
939 938
939 683
863 904
863 721
863 33
863 87
863 88
863 713
863 934
863 719
863 683
863 938
863 360
863 714
863 682
905 721
905 33
905 87
905 88
905 713
905 934
905 719
905 683
905 938
905 360
905 156
905 946
905 901
905 903
905 720
905 710
827 826
827 853
675 823
675 102
175 102
175 826
175 853
175 824
674 826
674 823
673 667
673 824
673 853
673 823
673 826
826 823
826 853
826 672
825 823
825 853
825 672
825 671
174 853
174 672
174 671
174 670
824 670
824 669
672 668
79 668
79 853
79 173
79 666
533 853
533 173
533 666
102 173
102 666
461 666
461 671
461 669
461 670
461 667
461 665
853 671
853 669
853 670
853 667
853 665
173 669
173 670
173 667
173 665
823 670
823 667
823 665
437 667
437 665
683 938
683 360
683 156
683 946
683 901
683 664
499 84
499 663
357 216
357 587
357 801
357 896
357 690
357 557
357 917
357 795
446 220
446 243
446 800
446 803
446 893
446 691
446 690
446 692
446 894
446 830
446 56
446 707
446 700
446 111
446 660
288 797
288 659
288 541
288 122
288 658
904 33
904 87
904 88
904 713
904 934
904 719
904 938
904 360
904 156
904 946
904 901
904 664
904 903
904 720
904 710
904 657
392 790
392 656
391 656
391 655
505 286
505 539
505 659
505 541
505 80
505 654
722 714
722 901
722 946
722 156
722 360
722 938
722 719
722 934
722 713
722 88
722 87
722 768
346 655
346 962
346 992
346 961
346 41
346 791
346 43
44 962
44 992
44 993
44 960
44 344
44 340
44 646
148 40
148 964
148 41
148 959
148 645
603 992
603 993
603 961
603 959
603 645
136 56
136 830
136 894
136 692
136 557
136 917
136 795
136 972
575 111
575 242
575 705
575 818
575 642
914 745
914 630
914 109
914 805
914 642
914 818
914 705
914 242
914 700
914 707
914 830
914 894
914 692
914 557
914 896
914 801
914 587
914 641
638 144
638 640
146 786
146 640
146 639
145 639
145 633
441 633
441 144
441 632
786 640
786 144
786 632
985 587
985 801
985 896
985 557
985 692
985 738
985 913
985 132
985 193
58 193
58 132
58 913
58 738
58 894
58 830
58 707
58 700
58 242
58 705
58 818
58 629
378 913
378 738
378 894
378 692
378 557
378 896
378 801
378 641
378 628
212 598
212 752
212 48
212 535
212 210
212 945
755 746
755 749
755 871
755 45
755 748
755 945
755 754
354 747
354 870
354 748
354 45
354 871
354 749
354 746
50 746
50 749
50 871
50 45
50 748
50 870
50 624
754 623
231 749
231 871
231 45
231 748
231 870
231 624
231 228
231 753
231 622
128 871
128 45
128 748
128 870
128 945
128 623
128 210
128 535
128 48
128 752
128 621
230 228
230 753
230 622
230 620
440 753
440 650
440 352
440 619
439 210
439 623
439 945
439 624
439 650
439 352
439 619
598 621
598 752
598 48
598 535
598 623
598 945
598 624
598 650
598 352
598 619
49 620
49 622
49 619
49 618
624 650
624 870
624 748
624 45
624 617
39 36
39 268
39 969
39 37
39 267
39 396
39 616
256 254
256 614
585 291
585 878
195 896
195 557
195 692
195 830
195 707
195 700
195 242
195 693
195 689
195 923
118 972
118 795
118 917
118 557
118 692
118 830
118 894
118 738
118 802
118 983
118 806
118 133
689 693
689 242
689 700
689 707
689 894
689 738
689 802
689 983
689 806
689 133
135 923
135 693
135 242
135 700
135 707
135 894
135 738
135 830
135 692
135 557
135 917
135 795
135 895
244 133
244 806
244 983
244 802
244 830
244 738
244 894
244 707
244 700
244 242
244 693
244 739
244 218
244 608
808 973
808 738
808 692
808 557
808 607
312 629
312 818
312 705
312 242
312 700
312 707
312 894
312 692
312 557
312 607
312 801
312 641
312 879
312 606
874 587
874 879
874 606
445 628
445 606
445 641
445 801
445 607
445 557
445 692
445 894
445 707
445 700
445 660
445 605
261 646
261 340
261 344
261 960
261 961
261 959
261 645
261 41
261 964
261 42
967 340
967 344
967 960
967 961
967 959
967 993
967 992
871 617
871 45
871 748
871 870
871 650
871 945
871 601
162 660
162 700
162 707
162 894
162 692
162 738
162 600
993 959
993 599
903 720
903 710
903 657
903 188
761 862
761 831
862 831
862 154
862 651
862 715
862 657
862 710
862 720
862 664
862 946
862 901
862 682
862 158
185 156
185 901
185 682
185 158
73 657
73 710
73 720
73 664
73 946
73 682
73 901
73 360
73 938
73 719
73 934
73 713
73 186
682 946
682 593
721 768
721 592
106 103
578 920
578 736
578 104
578 918
578 590
330 103
330 920
330 736
330 104
330 918
330 590
330 105
330 919
330 589
78 588
66 855
66 483
66 61
66 702
66 530
66 878
66 854
66 856
66 273
278 794
278 19
278 793
278 61
278 702
278 530
278 878
278 854
278 291
878 854
878 291
878 584
616 396
616 267
616 37
616 969
616 268
616 36
616 269
616 59
616 583
569 152
569 99
569 588
569 582
77 76
77 100
77 588
77 582
77 581
101 581
101 582
101 588
101 100
101 580
920 736
920 104
920 918
920 264
919 105
919 590
919 264
919 577
284 806
284 983
284 802
284 701
284 215
422 607
422 557
422 738
422 692
422 894
422 707
422 700
422 111
818 705
818 242
818 111
818 700
818 707
818 894
818 692
818 738
818 557
818 690
818 691
818 893
818 573
608 218
608 739
608 693
608 700
608 707
608 894
608 692
608 738
608 600
608 572
996 396
996 615
996 34
996 976
996 571
269 36
269 268
269 969
269 37
269 267
269 977
269 20
269 570
82 582
82 588
82 99
82 152
580 100
580 99
580 152
582 588
582 152
582 568
581 152
581 568
581 567
966 709
966 113
966 116
966 340
966 344
966 960
966 961
966 599
966 959
966 992
966 566
984 983
984 802
984 701
984 132
984 193
412 738
412 692
412 894
412 707
412 111
412 242
412 705
412 642
412 805
412 109
412 630
412 745
557 600
557 692
557 95
973 572
973 692
973 830
973 132
973 701
973 802
973 816
630 109
630 805
630 642
630 705
630 242
630 111
630 707
630 894
630 95
630 830
630 600
630 690
630 190
57 110
57 816
57 802
57 701
57 132
57 600
57 830
57 95
57 894
57 707
57 111
57 242
57 705
57 377
701 132
701 600
701 830
701 690
701 190
701 801
701 641
701 879
701 587
701 704
701 556
700 111
700 707
700 894
700 95
700 690
700 190
700 801
700 641
700 879
700 587
700 704
700 556
149 693
149 111
149 707
149 894
149 95
149 690
149 190
149 801
149 641
149 879
149 587
149 704
149 556
421 879
421 641
421 801
421 190
421 690
421 95
421 894
421 555
420 692
420 190
420 690
420 95
420 894
420 555
420 554
134 554
134 555
134 894
134 95
134 690
134 801
134 641
134 917
134 795
134 895
134 553
140 600
140 830
140 801
140 641
140 917
140 691
140 893
140 573
140 552
222 691
222 551
158 901
158 360
158 938
158 719
158 934
158 550
720 664
720 593
720 946
720 360
720 938
720 719
720 934
720 550
720 713
720 186
720 88
720 87
720 592
720 549
521 695
521 124
521 365
521 781
521 520
521 696
521 780
464 549
464 592
464 87
464 88
464 186
464 713
464 550
464 934
464 719
464 938
464 716
464 900
986 946
986 360
986 716
986 900
934 719
934 938
934 900
934 716
934 360
934 593
934 664
934 710
934 657
719 550
719 713
719 186
719 88
719 87
719 592
719 545
753 618
753 352
753 650
753 945
753 601
753 227
752 48
752 535
752 623
752 227
752 543
535 623
535 227
535 543
535 601
535 945
535 650
535 352
535 619
535 622
535 620
255 654
255 80
255 541
255 659
255 539
255 286
255 316
255 514
255 614
255 540
287 659
287 541
287 122
287 658
287 538
286 539
286 541
286 122
286 658
286 538
614 514
614 316
614 539
614 541
614 122
614 658
614 538
18 658
18 122
18 541
18 539
18 316
18 514
18 540
18 537
353 619
353 352
353 650
353 870
353 748
353 45
353 751
352 650
352 870
352 748
352 45
352 751
352 534
291 183
290 584
290 183
290 531
277 19
277 793
277 61
277 702
277 530
277 854
277 531
277 183
277 529
485 273
485 856
485 529
485 183
485 531
485 854
485 530
485 702
485 61
485 793
485 528
718 948
718 717
718 716
718 900
718 938
718 550
718 713
718 186
718 88
718 87
718 592
718 545
718 33
717 716
717 900
717 938
717 550
717 713
717 186
717 88
717 87
717 592
717 545
717 33
717 902
157 902
157 33
157 545
157 592
157 87
157 88
157 760
520 696
520 780
520 180
182 696
182 781
182 365
182 124
182 698
781 365
781 124
781 698
781 695
366 180
366 780
366 365
366 519
519 365
519 780
519 518
518 517
181 365
181 124
181 698
181 695
181 516
857 183
857 531
857 854
857 530
857 702
857 483
857 515
401 571
401 976
401 34
401 615
401 32
477 32
477 615
477 34
477 976
477 571
477 512
995 570
995 20
995 977
995 615
995 34
995 976
995 571
995 512
468 583
468 59
468 36
468 268
468 969
468 37
468 267
468 615
468 34
468 976
468 571
468 512
977 34
977 976
977 571
977 512
400 571
400 512
326 1
326 8
326 4
326 2
326 510
10 510
10 2
10 4
10 8
10 508
760 186
760 713
760 550
760 938
760 360
760 593
760 664
760 710
760 657
760 715
760 651
760 154
760 832
902 33
902 545
902 592
902 87
902 88
902 186
902 713
902 550
902 938
902 360
902 593
902 664
902 710
902 657
902 188
902 947
716 900
716 593
716 360
716 938
716 550
716 713
716 186
716 88
716 87
716 592
716 545
716 712
498 663
498 84
494 83
494 663
494 84
663 84
86 84
86 83
9 508
9 493
172 493
172 8
172 4
172 2
172 492
310 555
310 242
310 705
310 377
310 807
309 551
309 917
309 641
309 690
309 95
309 894
309 242
309 705
309 377
309 807
309 490
886 489
489 488
384 383
384 980
105 590
105 264
105 577
105 918
105 104
105 736
105 486
65 612
65 64
65 856
65 273
410 273
410 856
410 64
410 484
299 930
299 997
938 937
365 124
365 697
156 937
156 550
156 713
156 186
156 478
38 512
38 32
475 835
880 699
880 954
880 246
880 835
340 344
340 960
340 961
340 599
340 259
340 991
340 114
32 976
32 397
32 470
426 976
426 397
426 470
268 969
268 37
268 267
268 615
268 470
268 34
268 20
268 570
59 583
615 267
615 37
615 969
615 36
615 583
470 267
470 37
470 969
470 36
470 583
976 397
976 34
976 267
976 37
976 969
976 36
976 583
954 208
208 246
208 835
208 953
208 465
699 246
699 835
699 953
699 465
246 835
246 953
246 465
835 953
835 465
715 188
715 657
715 710
715 664
715 360
715 550
715 713
715 186
715 478
715 88
715 87
715 592
715 545
715 712
715 549
681 832
681 154
681 651
681 188
681 657
681 710
681 664
681 990
901 550
901 360
901 990
901 664
901 710
901 947
901 462
900 593
900 360
900 990
900 664
900 710
900 947
900 462
670 665
670 666
531 854
531 530
531 702
531 483
531 61
531 793
531 528
531 460
460 528
460 793
460 61
460 515
460 459
932 998
932 298
932 481
932 997
932 930
221 917
221 551
243 800
243 803
243 552
243 573
243 893
243 551
243 641
243 690
243 95
243 894
243 242
243 705
243 707
243 111
243 739
243 218
243 455
896 641
896 690
896 95
896 801
896 830
896 454
623 227
623 543
623 601
623 945
623 748
623 45
623 751
623 534
623 453
751 45
751 748
751 945
751 452
229 453
229 534
229 45
229 748
229 870
229 650
229 622
229 620
229 451
116 113
116 792
43 791
43 41
43 645
43 992
43 959
43 259
43 599
43 961
43 449
512 34
512 267
512 970
397 267
397 970
397 37
397 969
397 36
397 583
397 447
111 707
111 705
111 242
111 894
111 801
111 95
111 690
111 551
111 893
111 573
111 552
111 803
111 800
111 220
913 454
913 830
913 95
913 690
913 551
913 587
913 704
913 606
913 628
333 556
333 606
333 704
333 587
333 551
333 690
333 95
333 830
333 132
333 802
333 816
333 110
333 444
332 193
332 132
332 802
332 816
332 110
332 444
917 551
917 690
917 95
917 830
917 802
917 816
917 110
917 444
640 144
640 632
640 633
48 227
48 543
48 601
48 452
48 945
48 870
48 650
48 622
48 618
211 945
211 210
669 666
669 667
948 436
14 8
14 4
14 13
14 321
14 435
14 3
14 434
294 778
294 233
778 233
488 884
807 377
807 705
807 242
807 894
807 801
807 830
807 95
807 690
807 430
895 795
895 430
895 690
895 95
895 802
895 816
895 706
110 706
110 816
110 802
110 95
110 690
110 893
110 573
110 552
110 803
110 800
110 220
110 214
37 970
37 267
276 854
276 425
806 444
806 706
806 816
806 802
806 95
806 690
806 893
806 912
220 800
220 803
220 552
220 573
220 912
220 403
629 490
629 377
629 705
629 242
629 894
629 801
629 830
629 690
629 893
629 403
629 607
219 553
219 795
219 430
219 607
219 879
161 795
161 430
161 607
161 879
161 403
161 893
161 190
161 692
377 705
377 242
377 894
377 801
377 830
377 690
377 190
377 893
377 403
377 587
377 704
377 628
377 419
419 628
419 704
419 587
419 403
419 893
419 190
419 690
419 830
419 801
419 418
133 706
133 816
133 802
133 95
133 190
133 893
133 403
133 879
133 607
133 430
133 417
283 879
283 403
283 893
283 190
283 95
283 215
283 415
892 455
892 218
892 739
892 707
892 418
892 801
892 830
892 690
892 190
892 95
892 215
892 415
403 893
403 95
403 190
403 690
403 120
403 414
641 893
641 95
641 190
641 690
641 120
641 414
556 606
556 704
556 587
556 95
556 190
556 690
556 120
556 738
745 109
745 805
745 642
745 705
745 242
745 894
745 801
745 830
745 414
745 738
745 120
745 215
745 415
745 411
64 856
64 273
484 856
484 273
484 529
484 425
484 530
484 702
484 483
484 515
484 61
484 793
484 528
484 409
275 63
275 530
275 408
530 408
530 702
530 483
530 515
530 61
530 793
530 528
530 409
530 407
459 406
63 408
63 702
63 425
63 529
63 405
555 830
555 414
555 738
555 120
555 404
970 969
970 36
970 583
970 447
970 21
396 267
396 969
396 36
396 583
396 447
396 21
969 36
969 583
969 447
969 21
447 21
583 21
36 571
188 651
188 154
188 831
188 936
992 959
992 259
992 471
390 42
390 964
390 645
390 959
390 259
390 566
390 965
965 963
964 645
964 959
964 259
964 566
964 963
964 790
963 790
963 656
656 790
656 566
656 259
656 959
656 645
656 42
115 792
115 389
959 259
959 566
959 471
959 599
959 991
959 114
959 388
358 926
358 927
926 927
980 380
740 404
740 215
740 690
740 190
740 95
740 587
740 704
740 416
894 801
894 414
894 738
894 120
894 215
894 690
894 415
894 411
894 454
308 690
308 215
308 120
308 738
308 414
308 801
308 242
308 376
843 836
843 235
842 235
842 839
841 839
841 836
237 836
237 837
370 837
370 840
369 840
369 837
236 837
236 840
840 368
517 180
516 695
516 698
516 697
516 780
516 180
124 780
124 180
180 697
180 698
180 695
180 364
947 710
947 664
947 990
947 360
947 593
947 436
947 72
946 664
946 990
946 360
946 593
946 436
946 72
478 186
478 713
478 593
478 436
478 72
990 360
990 436
990 72
155 713
155 186
155 88
155 89
376 242
376 801
376 414
376 738
376 120
376 215
376 415
376 190
376 95
376 587
376 704
376 628
376 216
912 587
912 704
912 628
912 216
805 642
805 705
805 242
805 801
805 414
805 738
805 120
805 215
805 415
805 190
805 95
805 704
805 356
127 650
127 870
127 210
127 452
127 601
127 543
127 227
127 621
543 601
543 452
543 210
543 870
543 622
543 618
543 747
47 210
47 870
47 622
47 618
47 747
47 619
622 618
622 748
622 45
622 534
622 351
444 816
444 802
444 454
444 411
444 95
444 190
444 415
444 215
444 120
444 605
444 350
975 802
975 454
975 411
975 95
975 190
975 415
975 215
975 120
975 605
975 350
953 465
953 952
348 465
348 952
260 388
260 114
260 991
260 599
260 471
260 566
260 259
260 645
260 42
260 958
962 790
962 655
792 389
792 113
792 344
792 960
792 449
792 961
792 599
792 471
792 566
792 259
792 345
345 645
345 41
345 791
345 343
593 72
593 436
593 360
593 710
593 462
593 657
593 651
593 154
593 831
593 936
593 758
593 341
96 592
96 87
96 89
96 88
96 186
96 72
96 436
96 360
96 710
96 462
96 657
96 651
96 154
96 831
96 936
96 758
96 341
592 87
592 89
592 88
592 186
592 72
592 436
592 360
592 710
592 462
592 657
592 651
592 154
592 831
592 936
592 758
592 341
646 961
646 449
646 960
646 344
646 113
646 339
961 449
961 599
961 471
961 566
961 259
961 655
961 338
791 41
791 645
791 337
893 356
893 704
893 415
893 190
893 95
893 600
218 739
218 707
218 418
218 350
218 605
218 120
218 215
218 190
218 415
218 704
218 872
411 600
411 95
411 415
411 190
411 215
411 120
411 605
411 738
411 414
411 801
411 242
411 705
411 642
411 109
411 334
739 707
739 418
739 350
739 738
739 605
739 120
739 215
739 190
739 704
739 872
739 628
739 216
739 416
739 606
738 605
738 120
738 215
738 190
738 704
738 872
738 628
738 216
738 416
738 606
350 605
350 120
350 215
350 190
350 704
350 872
350 628
350 216
350 416
350 606
795 417
795 430
795 607
795 416
795 606
430 607
430 416
430 606
430 216
430 628
430 415
430 95
430 132
430 193
833 549
833 712
833 545
833 89
833 88
833 186
833 72
833 436
833 360
833 710
833 550
833 714
104 736
104 486
104 103
736 486
264 577
60 589
60 590
589 590
130 329
129 662
129 329
662 329
389 339
389 113
389 344
389 960
389 599
389 471
389 566
389 259
389 655
389 338
389 328
759 712
759 545
759 89
759 88
759 186
759 72
759 436
759 360
759 710
759 550
759 462
759 657
759 651
759 154
759 831
759 936
759 758
759 341
759 327
8 4
8 1
252 1
252 13
252 321
252 325
325 321
325 2
325 492
325 324
251 13
251 2
251 321
251 323
171 324
171 322
170 434
170 3
170 435
170 323
170 321
170 492
170 322
170 320
234 787
234 798
234 318
787 798
787 318
318 317
693 605
693 120
693 215
693 190
693 704
693 872
693 415
693 95
693 132
693 600
693 454
693 802
339 113
339 344
339 960
339 599
339 471
339 566
339 259
339 991
339 114
339 342
574 190
574 414
574 801
574 242
574 490
554 414
554 704
554 872
554 415
554 690
923 120
923 215
923 704
923 801
923 242
923 490
923 705
923 642
923 109
923 334
923 307
922 552
922 573
922 587
922 216
922 628
922 95
922 690
922 415
922 872
922 801
922 242
922 490
922 705
922 642
922 109
922 334
922 307
334 307
872 801
872 242
872 490
872 705
872 642
872 109
872 307
692 690
692 132
692 600
692 454
692 802
692 983
242 490
242 704
242 215
242 418
242 707
242 455
241 607
241 416
241 606
241 628
241 95
241 132
241 415
241 801
241 490
241 704
241 215
241 418
241 707
241 455
660 215
660 418
660 707
660 455
298 481
298 997
298 930
481 997
885 884
885 883
126 351
126 534
126 45
126 748
126 618
126 870
126 452
126 601
126 227
126 621
126 292
125 452
125 601
125 227
125 621
125 292
650 618
650 870
650 601
650 227
650 621
650 292
746 534
746 45
746 748
746 870
746 601
746 227
746 621
794 407
794 409
794 528
794 793
794 61
794 515
794 483
794 425
794 584
856 273
856 405
856 529
856 584
856 425
856 483
856 515
856 61
856 406
856 289
541 122
541 797
540 514
540 316
540 539
540 122
540 797
540 659
972 416
972 606
972 628
972 95
972 132
972 415
972 600
972 454
972 802
972 983
972 816
804 132
804 879
409 528
409 793
409 406
409 61
409 515
409 483
409 425
409 584
409 529
409 405
409 273
409 62
425 584
425 702
425 408
877 62
877 273
877 405
877 529
877 702
877 408
274 273
274 405
274 529
274 702
274 408
274 183
483 515
483 61
483 406
483 793
483 528
483 407
529 702
529 408
529 183
529 584
529 515
529 61
529 406
529 793
529 528
529 407
529 19
528 407
528 19
515 61
515 406
515 793
515 407
273 405
273 702
273 408
273 183
273 584
273 854
408 702
408 405
62 405
62 702
62 183
62 272
89 88
89 186
89 72
89 436
89 360
89 710
89 550
89 462
89 657
89 651
89 664
750 451
750 620
750 619
750 747
750 601
750 227
750 621
750 46
749 45
749 748
749 870
749 227
749 621
749 46
749 210
42 645
42 337
42 338
42 655
42 991
42 259
42 566
42 258
114 259
114 566
114 258
114 471
114 599
114 960
114 344
114 709
41 337
41 338
41 655
41 991
41 566
41 258
41 471
41 449
338 655
338 991
338 566
338 258
338 259
338 342
338 388
337 655
337 991
337 566
337 258
337 259
337 342
337 388
958 645
958 991
958 566
958 258
958 259
958 342
958 388
344 960
344 599
344 449
344 471
344 388
344 342
344 259
344 258
344 566
344 655
344 343
344 257
17 659
17 797
17 122
17 539
17 316
17 514
17 537
17 254
514 537
514 254
797 122
797 539
797 316
797 537
316 537
654 80
654 538
654 122
654 539
654 537
122 539
122 537
659 537
659 539
659 538
659 80
658 539
658 538
658 80
7 320
7 322
7 492
7 2
7 1
6 322
6 492
6 2
6 1
6 13
169 492
169 250
714 657
714 462
714 550
714 710
714 360
714 436
714 72
714 186
714 88
714 545
714 249
194 193
194 802
194 454
194 600
194 801
194 490
194 704
194 418
194 707
194 455
194 971
691 879
691 415
691 801
691 600
691 454
691 983
691 816
691 706
132 415
132 95
132 628
132 606
132 607
839 368
839 235
235 368
368 836
621 227
621 870
621 748
621 45
46 227
46 601
46 747
46 228
74 601
74 870
74 748
74 45
74 453
418 707
418 830
803 573
803 587
803 216
803 95
803 415
607 606
607 628
607 415
607 801
607 600
607 690
607 572
553 606
553 628
553 415
553 801
553 600
553 690
553 490
553 404
802 983
802 454
802 490
802 690
802 600
802 879
217 214
217 800
217 573
217 587
217 216
217 95
217 879
217 551
707 704
707 404
707 690
707 600
707 551
707 801
707 415
707 628
707 606
109 642
109 705
109 830
109 704
109 404
109 690
109 600
109 551
109 801
109 879
109 95
109 216
109 587
109 573
109 800
109 214
108 642
108 705
108 830
108 704
108 404
108 690
108 600
108 551
108 801
108 879
108 95
108 216
108 587
108 573
108 800
108 214
587 573
587 800
587 214
139 706
139 816
139 454
139 490
139 801
139 879
139 95
139 216
139 573
139 800
139 214
748 870
748 227
748 210
748 945
639 633
639 206
144 632
144 206
144 143
206 205
573 216
573 95
573 879
573 551
573 600
573 690
573 404
573 704
573 830
573 705
573 642
572 551
572 600
572 690
572 404
572 704
572 830
572 705
572 642
56 690
56 404
56 704
56 830
56 705
56 642
600 404
600 704
600 830
600 705
600 642
417 606
417 628
417 415
417 95
417 879
417 404
417 704
417 830
417 705
417 642
417 190
216 879
216 356
455 190
455 642
455 705
455 830
455 704
455 801
455 490
455 983
455 193
983 193
193 490
193 801
193 704
193 830
193 705
193 642
193 190
193 971
193 192
606 628
606 415
606 95
606 356
606 404
606 704
606 551
606 191
605 192
605 971
605 190
605 642
605 705
605 830
605 551
605 191
186 72
186 436
186 360
186 710
186 550
186 462
186 657
186 187
407 793
407 406
407 61
407 854
407 584
407 272
407 183
407 702
407 405
698 697
698 696
697 696
697 780
696 780
696 179
695 780
695 179
364 780
364 179
780 179
178 179
668 667
668 665
5 13
5 493
13 493
13 1
13 321
13 323
13 435
13 3
13 434
168 434
168 3
168 435
168 323
168 321
168 2
168 250
168 492
12 492
12 250
12 2
12 321
12 323
12 435
12 3
12 434
11 1
11 321
11 323
11 435
11 3
11 434
508 321
508 323
508 435
508 3
508 434
250 2
250 435
250 3
250 434
435 3
435 167
167 3
167 2
167 166
323 3
323 2
323 166
323 165
4 3
4 164
817 404
817 879
817 800
817 214
817 815
416 415
416 95
416 356
416 879
416 704
416 191
416 551
416 830
416 705
416 642
416 215
706 816
706 454
706 490
706 801
706 551
706 191
706 704
706 879
706 356
706 95
706 628
713 550
713 710
713 360
713 436
713 72
713 88
713 545
713 249
713 549
712 549
712 33
568 153
88 72
88 436
88 360
88 710
88 462
88 657
88 651
88 664
88 151
259 258
259 566
259 655
259 991
259 645
259 40
258 566
258 655
258 991
258 645
258 40
258 147
257 343
257 645
257 40
257 147
655 991
655 40
655 147
205 632
705 830
705 191
705 704
705 879
705 356
705 95
705 628
705 415
704 879
704 356
704 95
704 628
704 415
356 95
356 628
356 415
800 628
800 415
801 551
801 879
801 95
801 415
801 404
690 191
690 95
690 879
690 551
690 490
690 454
690 816
404 415
404 879
404 551
404 490
404 454
404 816
971 190
971 215
971 642
971 830
971 95
971 551
971 490
971 454
971 816
454 816
744 415
744 879
744 490
744 816
215 642
215 830
215 95
215 551
215 816
215 490
215 879
215 415
816 490
816 879
816 415
816 628
816 214
816 815
816 552
815 552
490 879
490 415
490 628
490 214
490 552
879 415
879 628
879 214
879 552
214 552
628 552
120 190
120 642
120 830
120 95
120 551
120 415
120 552
552 191
551 415
551 191
95 415
95 191
642 830
642 415
642 191
191 415
191 830
191 190
414 415
620 619
620 228
620 747
620 227
620 870
620 45
620 453
620 617
453 45
453 870
453 618
619 228
619 747
619 227
619 618
619 870
619 45
619 617
619 351
747 227
747 618
747 870
747 210
747 945
747 452
210 945
210 452
870 945
870 452
343 112
342 566
342 991
342 40
342 147
342 645
342 112
709 960
709 599
709 449
709 471
709 388
709 566
709 991
709 40
709 147
709 645
709 112
147 645
147 112
790 328
790 645
790 112
112 40
112 991
112 566
112 388
112 471
112 449
112 599
112 960
645 40
645 991
645 566
645 388
645 471
645 449
645 599
645 960
328 40
328 991
328 566
328 388
328 471
328 449
328 599
328 960
566 388
566 471
566 449
566 599
566 960
40 991
40 388
40 471
40 449
40 599
40 960
599 960
471 449
471 960
991 388
991 449
991 960
449 960
153 152
72 87
832 327
832 341
832 758
832 936
832 831
832 154
832 151
832 664
832 651
832 187
832 933
831 154
831 151
831 664
831 651
831 187
831 933
711 550
711 462
711 710
711 360
711 436
711 87
711 545
711 249
711 33
711 768
341 758
341 936
341 154
341 151
341 664
341 651
341 187
341 933
341 657
341 710
341 360
341 436
341 87
341 545
341 249
341 33
341 768
341 549
710 360
710 436
710 87
710 545
710 249
710 33
710 768
710 549
151 664
151 651
151 187
151 933
151 657
151 360
151 436
151 87
151 545
151 249
151 33
151 768
151 549
545 249
545 33
545 768
545 549
71 327
71 758
71 936
71 154
71 664
71 651
71 187
71 933
71 657
71 360
71 436
71 87
71 249
71 33
71 768
71 549
154 664
154 651
154 187
154 933
154 657
154 360
154 436
154 87
154 249
154 33
154 768
85 83
85 84
83 84
76 100
76 99
76 567
76 152
76 588
567 152
567 588
152 588
539 538
539 537
452 601
249 87
249 436
249 360
249 657
249 933
249 187
249 651
249 664
249 936
249 758
249 327
664 936
664 758
664 327
187 651
187 936
187 758
187 327
758 327
933 651
933 936
462 33
462 87
462 436
462 360
462 657
462 651
462 936
657 651
657 936
87 436
87 360
87 651
87 936
651 936
436 360
436 936
35 570
35 20
35 21
35 571
35 267
854 61
854 406
854 793
854 289
183 272
183 584
183 61
183 406
183 793
183 289
702 272
702 584
702 61
702 406
702 793
702 289
272 584
272 61
272 406
584 61
584 406
61 406
612 405
612 406
405 406
33 550
228 451
227 451
534 351
534 617
534 45
534 601
534 945
534 618
534 451
45 601
45 945
45 618
45 451
601 945
601 618
601 451
945 618
351 617
351 618
617 618
571 267
571 34
570 20
570 21
570 267
570 34
20 21
493 164
493 3
322 165
322 492
3 1
166 492
166 510
2 1
2 321
321 1
321 492
321 510
321 320
164 1
164 492
164 510
164 320
1 492
1 510
