JA
906
472 471
472 1000
1000 999
999 998
467 466
467 993
465 991
990 991
461 34
461 985
34 985
34 984
586 984
586 983
534 76
534 980
459 458
459 979
979 978
457 454
457 976
456 976
456 975
976 975
976 974
975 974
975 973
453 452
453 970
452 970
451 450
451 969
450 969
450 968
449 448
449 965
965 964
964 963
963 962
447 445
447 959
446 959
446 958
444 443
444 957
957 956
956 955
955 954
202 5
202 952
52 952
52 951
562 951
562 950
201 950
201 949
491 949
491 948
442 441
442 947
947 946
440 439
440 945
439 945
439 944
945 944
945 943
438 435
438 942
437 942
437 941
429 424
429 938
428 938
428 937
423 422
423 935
422 935
420 415
420 933
933 932
932 931
931 930
419 930
419 929
571 413
571 923
923 922
412 410
412 921
921 920
920 919
411 919
411 918
919 918
919 917
410 917
410 916
918 916
918 915
409 911
910 911
906 408
407 406
407 905
905 904
405 402
405 903
401 902
901 902
400 399
400 900
900 899
899 898
396 394
396 894
894 893
893 892
892 891
393 389
393 889
388 383
388 888
888 887
382 886
381 380
381 885
380 885
380 884
885 884
885 883
73 72
73 882
379 377
379 881
378 881
378 880
881 880
881 879
880 879
880 878
875 376
375 371
375 874
374 874
374 873
874 873
874 872
873 872
873 871
726 9
726 868
367 365
367 867
56 1
56 866
101 866
101 865
160 865
160 864
25 864
25 863
68 65
68 859
362 360
362 858
361 858
361 857
359 357
359 856
358 856
358 855
856 855
856 854
356 355
356 853
354 352
354 851
351 349
351 850
850 849
849 848
846 348
347 345
347 845
845 844
831 341
340 339
340 830
339 830
339 829
830 829
830 828
829 828
829 827
64 61
64 825
515 825
515 824
336 334
336 823
335 823
335 822
333 332
333 821
821 820
332 820
331 328
331 818
818 817
817 816
488 19
488 815
327 324
327 814
814 813
323 322
323 811
811 810
322 810
807 321
514 59
514 806
806 805
805 804
513 804
513 803
320 318
320 802
319 802
319 801
317 315
317 800
316 800
316 799
314 312
314 798
794 311
310 307
310 793
309 793
309 792
506 57
506 786
306 302
306 785
305 785
305 784
301 295
301 783
294 31
294 781
32 781
32 780
289 779
778 779
630 863
630 777
284 283
284 776
776 775
283 775
282 280
282 774
281 774
281 773
774 773
774 772
773 772
773 771
772 771
772 770
279 277
279 769
276 275
276 767
767 766
766 765
274 272
274 764
271 269
271 763
270 763
270 762
763 762
763 761
762 761
762 760
761 760
761 759
760 759
760 758
54 757
757 756
503 756
503 755
756 755
756 754
755 754
755 753
754 753
754 752
268 265
268 750
264 261
264 749
749 748
263 748
263 747
745 260
501 53
501 741
256 740
739 740
255 253
255 737
254 737
254 736
737 736
737 735
736 735
736 734
252 249
252 731
248 245
248 729
10 868
10 9
626 9
626 725
240 237
240 724
724 723
476 11
476 720
235 234
235 716
234 716
233 229
233 715
715 714
714 713
228 227
228 712
495 492
495 711
494 711
494 710
224 221
224 707
220 217
220 706
2 777
2 700
100 700
100 699
556 699
556 698
30 27
30 697
522 697
522 696
29 696
29 695
28 695
28 694
697 694
697 693
214 212
214 690
211 207
211 688
210 688
210 687
688 687
688 686
687 686
687 685
206 203
206 682
682 681
681 680
952 948
952 679
197 194
197 671
196 671
196 670
195 670
195 669
671 669
671 668
193 191
193 665
665 664
189 188
189 662
662 661
188 661
188 660
187 186
187 659
185 26
185 657
510 657
510 656
183 182
183 653
182 653
44 41
44 652
652 651
481 651
481 650
181 178
181 647
499 94
499 646
498 646
498 645
177 644
643 644
176 174
176 642
175 642
175 641
173 169
173 637
637 636
636 635
480 39
480 633
40 633
40 632
165 161
165 631
24 698
24 863
1 863
1 629
627 158
370 725
370 9
157 9
157 625
520 625
520 624
625 624
625 623
153 151
153 621
148 147
148 615
615 614
147 614
38 36
38 612
146 144
146 610
143 141
143 608
140 134
140 605
139 605
139 604
138 604
138 603
605 603
605 602
137 602
137 601
133 132
133 600
600 599
599 598
132 598
132 597
129 127
129 593
126 125
126 592
592 591
124 120
124 589
123 589
123 588
122 588
122 587
985 983
985 984
984 585
983 585
983 584
585 584
585 583
19 815
19 581
581 580
116 111
116 577
577 576
115 576
115 575
114 575
114 574
108 569
569 568
567 568
103 566
563 102
490 679
490 561
950 561
950 560
561 560
561 559
51 559
51 558
200 558
200 557
700 629
700 699
159 699
159 555
699 555
699 554
646 645
646 548
548 547
645 547
645 546
18 720
18 545
88 87
88 544
544 543
543 542
86 85
86 540
540 539
83 81
83 535
77 980
77 76
504 554
504 533
285 533
285 532
866 532
866 531
75 74
75 528
528 527
882 526
526 525
72 525
72 524
525 524
525 523
696 693
696 694
216 694
216 521
9 623
9 624
156 624
156 519
71 519
71 518
67 859
67 516
804 803
804 59
512 59
512 803
60 803
60 59
59 511
803 511
509 656
509 657
508 657
508 656
26 656
26 657
657 507
786 57
533 531
533 554
741 53
500 53
96 546
96 94
95 94
95 547
493 710
493 492
492 711
710 711
6 557
6 949
560 949
560 679
50 45
50 489
580 815
815 487
519 518
519 486
725 486
725 485
155 485
155 484
629 554
629 483
55 483
55 482
43 650
43 651
479 632
479 39
633 39
633 632
632 478
39 478
37 612
37 477
17 545
17 11
16 11
16 475
93 475
93 474
865 482
865 473
974 973
974 454
455 454
455 973
454 973
959 958
959 445
436 941
436 435
938 937
938 424
427 424
427 937
426 937
426 424
418 929
418 415
417 415
417 930
930 929
416 929
416 415
903 402
395 891
395 394
889 389
387 887
387 383
386 383
386 887
385 887
385 383
384 383
384 887
383 887
879 878
879 377
878 377
872 871
872 371
518 484
518 486
33 486
33 369
70 369
70 368
867 365
855 854
855 357
854 357
851 352
350 848
350 349
346 844
346 345
844 345
547 338
94 338
94 337
823 822
823 334
816 328
326 813
326 324
325 324
325 813
800 799
800 315
313 798
313 312
798 312
308 792
308 307
304 784
304 302
303 302
303 785
302 785
302 784
300 783
300 295
299 295
299 783
298 783
298 295
297 295
297 783
296 783
296 295
781 780
781 31
780 31
780 291
291 290
473 531
771 770
771 280
769 277
764 272
759 758
759 269
758 269
750 265
748 747
748 261
735 734
735 253
731 249
247 729
247 245
246 245
246 729
245 729
239 723
239 237
232 713
232 229
231 229
231 713
230 713
230 229
713 229
223 707
223 221
222 221
222 707
219 706
219 217
218 217
218 706
695 521
695 694
27 694
27 215
213 690
213 212
690 212
209 685
209 207
208 207
208 686
686 685
207 685
680 203
949 679
949 5
559 5
559 679
679 558
670 668
670 194
194 669
668 669
664 191
184 507
184 656
507 656
647 178
642 641
642 174
641 174
172 635
172 169
171 169
171 635
170 635
170 169
631 161
532 531
532 482
486 368
486 623
152 621
152 151
621 151
145 610
145 144
610 144
608 141
136 601
136 134
604 134
604 603
603 134
135 134
135 602
602 601
134 601
128 593
128 127
589 587
589 120
588 120
588 587
121 587
121 120
587 120
113 574
113 111
864 482
864 531
483 531
483 554
338 337
338 546
337 546
15 474
15 92
14 92
14 91
92 91
92 90
474 90
474 89
535 81
623 484
69 484
69 369
868 369
868 484
66 516
66 65
516 65
516 859
63 824
63 61
62 61
62 824
61 824
8 554
8 531
558 948
49 489
49 45
48 45
48 489
489 45
651 41
23 531
23 35
369 484
369 368
215 694
694 693
521 693
35 482
22 482
22 698
4 698
4 482
3 482
3 21
7 21
7 20
91 89
91 720
90 720
90 545
13 545
13 11
12 11
12 545
698 20
698 554
777 554
777 21
554 21
554 20
21 20
21 482
20 482
