JA
8659
228 123
228 1000
451 253
451 33
451 814
451 118
451 267
451 454
451 165
451 999
91 172
91 254
91 73
91 69
91 814
91 33
91 253
91 727
91 252
91 998
336 67
336 69
336 814
336 33
336 167
336 325
336 326
336 72
336 30
336 525
336 1000
336 335
336 784
336 117
336 29
336 997
605 525
605 1000
605 335
605 784
605 117
605 29
605 997
605 519
605 163
605 49
605 996
431 121
431 326
431 325
431 167
431 253
431 727
431 28
431 169
431 633
431 944
431 54
431 995
456 253
456 33
456 814
456 73
456 254
456 90
456 683
456 119
456 50
456 994
796 41
796 80
796 461
796 133
796 85
796 993
625 185
625 277
625 575
625 104
625 666
625 10
625 624
625 101
625 4
625 274
625 486
625 330
625 992
560 36
560 200
560 342
560 478
560 656
560 993
560 84
560 10
560 624
560 101
560 4
560 274
560 486
560 330
560 529
560 2
560 235
560 193
560 100
560 549
560 5
560 991
377 109
377 857
377 112
377 387
377 467
377 728
377 423
377 174
377 365
377 105
377 606
377 56
377 800
377 47
377 990
927 55
927 367
927 800
927 989
426 187
426 112
426 544
426 374
426 194
426 988
194 374
194 544
194 387
194 467
194 728
194 423
194 425
194 301
194 316
194 110
194 373
194 48
194 487
194 987
606 105
606 365
606 174
606 425
606 301
606 316
606 110
606 373
606 48
606 487
606 987
932 48
932 373
932 110
932 316
932 301
932 425
932 174
932 986
218 53
218 227
218 172
218 90
218 683
218 985
904 73
904 814
904 33
904 167
904 325
904 35
904 124
904 122
904 984
174 425
174 423
174 728
174 467
174 387
174 544
174 374
174 988
174 983
649 446
649 189
649 288
649 857
649 544
649 387
649 467
649 728
649 423
649 301
649 316
649 110
649 373
649 982
379 370
379 446
379 189
379 288
379 857
379 544
379 387
379 467
379 728
379 423
379 301
379 425
379 986
379 304
379 221
379 981
869 981
869 221
869 304
869 365
869 105
869 56
869 989
869 800
869 367
869 980
425 301
425 423
425 728
425 467
425 374
425 988
425 983
425 979
868 221
868 304
868 365
868 105
868 56
868 989
868 800
868 367
868 980
868 978
846 960
846 121
846 326
846 35
846 325
846 167
846 977
214 903
214 325
214 124
214 122
214 251
214 250
214 643
214 31
214 976
783 27
783 237
783 100
783 193
783 235
783 2
783 529
783 330
783 486
783 274
783 4
783 101
783 624
783 666
783 104
783 575
783 277
783 975
540 975
540 277
540 575
540 104
540 666
540 10
540 84
540 599
540 494
540 39
540 75
540 208
540 282
540 457
540 548
540 435
540 974
845 814
845 33
845 977
845 973
973 972
74 863
74 533
74 851
74 323
74 984
74 251
74 122
74 124
74 72
74 30
74 1000
74 971
172 90
172 683
172 254
172 33
172 977
172 972
172 167
172 72
172 124
172 122
172 251
172 984
172 323
172 851
172 533
172 863
172 970
256 994
256 50
256 119
256 985
256 254
256 33
256 977
256 972
256 167
256 72
256 124
256 122
256 251
256 250
256 643
256 969
343 991
343 5
343 549
343 193
343 235
343 2
343 529
343 330
343 486
343 274
343 4
343 101
343 42
343 767
343 341
343 261
343 968
282 208
282 75
282 39
282 494
282 599
282 85
282 133
282 461
282 967
618 353
618 277
618 575
618 104
618 666
618 10
618 624
618 42
618 767
618 966
197 113
197 965
17 619
17 406
17 15
17 136
17 113
17 129
17 964
35 122
35 30
35 1000
35 971
35 335
35 784
35 117
35 29
35 997
35 519
35 163
35 49
35 996
35 963
269 251
269 30
269 124
269 72
269 167
269 972
269 69
269 962
903 325
903 124
903 30
903 250
903 984
903 961
547 287
547 386
547 728
547 423
547 301
547 986
547 105
547 959
798 669
798 837
798 30
798 122
798 958
254 33
254 977
254 69
254 972
254 167
254 72
254 122
254 958
254 957
958 122
958 72
958 956
801 105
801 986
801 301
801 423
801 467
801 374
801 390
801 58
801 955
112 390
112 374
112 467
112 423
112 301
112 316
112 110
112 373
112 982
112 954
382 86
382 98
382 529
382 330
382 486
382 274
382 4
382 101
382 767
382 42
382 624
382 10
382 666
382 104
382 575
382 277
382 953
87 101
87 767
87 42
87 624
87 10
87 202
87 952
79 624
79 10
79 202
79 84
79 85
79 993
79 656
79 478
79 342
79 200
79 951
364 950
342 478
342 656
342 993
342 85
342 84
342 202
342 10
342 966
342 341
342 261
342 968
342 949
78 202
78 84
78 85
78 993
78 656
78 478
78 200
78 951
78 948
546 955
546 58
546 374
546 467
546 423
546 301
546 316
546 986
546 959
546 947
634 126
634 321
634 784
634 335
634 971
634 70
634 946
852 971
852 335
852 117
852 945
148 129
148 113
148 136
148 115
148 161
148 14
148 943
443 51
443 117
443 335
443 70
443 1000
443 122
443 72
443 956
443 727
443 28
443 169
443 633
443 944
443 54
443 995
443 942
306 373
306 110
306 986
306 316
306 301
306 423
306 467
306 390
306 219
306 286
306 107
306 941
926 947
926 56
926 989
926 800
926 367
926 940
395 305
395 721
395 310
395 56
395 959
395 316
395 301
395 423
395 467
395 390
395 387
395 544
395 857
395 288
395 355
395 140
395 939
438 544
438 387
438 390
438 467
438 423
438 301
438 316
438 959
438 56
438 310
438 721
438 938
328 964
328 113
328 965
328 573
328 589
328 937
411 7
411 77
411 583
411 37
411 274
411 486
411 330
411 2
411 235
411 193
411 936
281 40
281 276
281 409
281 98
281 529
281 2
281 330
281 486
281 4
281 767
281 42
281 966
281 10
281 84
281 85
281 993
281 133
281 461
281 967
281 935
410 5
410 549
410 936
410 934
890 81
890 936
890 934
890 193
890 235
890 330
890 486
890 4
890 767
890 42
890 966
890 10
890 84
890 933
613 386
613 728
613 423
613 301
613 316
613 986
613 110
613 982
613 954
613 48
800 989
800 56
800 959
800 986
800 316
800 301
800 467
800 390
800 374
800 58
800 931
424 989
424 56
424 959
424 986
424 316
424 301
424 467
424 390
424 374
424 988
424 983
424 979
424 929
394 56
394 959
394 986
394 316
394 301
394 467
394 390
394 374
394 988
394 387
394 857
394 288
394 355
394 140
394 939
394 928
867 930
867 374
867 390
867 467
867 301
867 316
867 986
867 959
867 367
867 940
867 980
867 978
867 55
931 58
931 387
931 988
931 390
931 467
931 301
931 316
931 986
931 947
725 928
725 939
725 140
725 355
725 288
725 857
725 988
725 390
725 925
811 992
811 767
811 42
811 966
811 10
811 84
811 933
811 85
811 993
811 133
811 599
811 494
811 39
811 924
834 434
834 764
834 39
834 494
834 599
834 461
834 967
834 935
834 80
834 923
645 764
645 39
645 494
645 599
645 461
645 133
645 993
645 952
645 339
645 922
8 616
8 6
8 599
8 924
8 75
8 208
8 921
461 924
461 75
461 208
461 381
461 809
461 186
461 920
633 169
633 28
633 727
633 956
633 72
633 122
633 1000
633 946
633 919
818 117
818 335
818 70
818 946
818 1000
818 122
818 72
818 956
818 167
818 972
818 69
818 977
818 683
818 918
972 167
972 917
844 401
844 917
844 916
843 945
843 70
843 946
843 1000
843 122
843 72
843 956
843 916
843 915
715 70
715 946
715 335
715 914
171 267
171 118
171 915
171 916
171 956
171 250
171 984
171 961
171 323
171 851
171 533
171 863
171 970
171 913
335 946
335 29
335 997
335 519
335 163
335 912
924 133
924 911
598 113
598 910
752 910
752 965
752 518
752 12
752 909
327 115
327 136
327 518
327 573
327 589
327 937
327 908
703 143
703 821
703 628
703 129
703 573
703 589
703 937
703 908
272 943
272 14
272 161
272 136
272 13
272 907
496 236
496 400
496 75
496 133
496 911
496 993
496 952
496 85
496 933
496 249
496 906
881 208
881 133
881 911
881 993
881 967
881 935
881 622
881 26
881 905
695 916
695 167
695 69
695 73
670 957
670 250
670 956
670 167
670 915
670 118
670 454
670 165
670 999
670 902
538 902
538 999
538 165
538 454
538 118
538 915
538 69
538 73
538 977
538 683
538 918
538 90
538 227
538 901
170 942
170 995
170 54
170 944
170 169
170 28
170 727
170 69
170 167
170 956
170 984
170 961
170 323
170 851
170 533
170 863
170 970
170 913
170 900
842 976
842 31
842 969
842 643
842 323
842 961
842 984
842 956
842 167
842 899
810 193
810 235
810 330
810 486
810 4
810 42
810 966
810 10
810 84
810 249
810 933
810 85
810 952
810 967
810 993
810 911
810 133
810 898
277 575
277 104
277 666
277 952
277 967
277 993
277 656
277 478
277 200
277 897
668 237
668 100
668 330
668 486
668 4
668 896
584 936
584 934
584 235
584 486
584 4
584 896
584 42
584 966
584 10
584 84
584 249
584 933
584 85
584 967
584 993
584 656
584 478
584 200
584 897
584 951
584 895
572 948
572 895
572 951
572 897
572 200
572 478
572 911
572 133
572 599
572 894
539 575
539 104
539 666
539 952
539 993
539 656
539 911
539 133
539 599
539 898
539 381
539 921
539 457
539 548
539 435
539 974
539 893
948 895
948 951
948 897
948 200
948 478
948 133
948 599
948 898
948 381
948 921
948 457
948 548
948 435
948 974
948 893
356 923
356 80
356 622
356 935
356 599
356 898
356 381
356 921
356 457
356 548
356 435
356 974
356 893
555 200
555 478
555 133
555 898
555 381
555 921
555 457
555 548
555 435
555 974
555 893
3 42
3 966
3 10
3 84
3 249
3 933
3 85
3 967
3 656
3 911
3 381
3 921
3 457
3 548
3 435
3 974
3 893
202 911
202 656
202 967
202 85
202 933
202 249
202 84
202 10
202 966
202 896
202 4
202 486
202 235
202 549
202 892
399 870
399 100
399 330
399 486
399 4
399 896
399 966
399 10
399 84
399 249
399 933
399 85
399 967
399 656
399 381
399 891
405 1
405 84
405 10
405 966
405 896
405 4
405 235
405 549
405 934
405 81
380 84
380 10
380 966
380 896
380 2
380 529
380 98
380 409
380 276
380 889
583 37
583 274
583 966
583 249
583 933
583 85
583 967
583 656
583 381
583 891
583 921
583 898
583 133
583 478
583 897
583 888
330 486
330 235
330 4
330 2
330 896
330 249
330 933
330 85
330 967
330 656
330 381
330 887
133 898
133 457
133 548
133 75
133 400
133 886
763 892
763 934
763 549
763 4
763 2
763 896
763 249
763 933
763 85
763 967
763 656
763 381
763 887
763 891
763 993
763 952
763 666
763 104
763 885
276 409
276 98
276 529
276 249
276 933
276 85
276 967
276 656
276 381
276 887
276 891
276 993
276 921
276 457
276 898
276 478
276 897
276 884
531 933
531 85
531 967
531 10
531 883
571 80
571 622
571 935
571 599
571 898
571 548
571 75
571 894
571 882
809 974
809 435
809 208
559 208
559 894
559 75
559 548
559 457
559 921
559 993
559 891
559 887
559 381
559 656
559 10
559 967
559 85
559 896
559 2
559 4
559 549
559 934
559 880
981 304
981 365
981 947
981 986
981 316
981 301
981 467
981 925
981 390
981 988
981 857
981 288
981 879
711 857
711 988
711 390
711 925
711 423
711 728
711 878
876 423
876 467
876 301
876 316
876 986
876 959
876 367
876 940
876 980
876 47
876 990
876 877
692 939
692 140
692 355
692 879
692 288
692 988
692 390
692 925
692 467
692 423
710 940
710 367
710 959
710 986
710 316
710 301
710 423
710 728
710 878
710 875
341 261
341 968
341 949
341 874
898 457
898 921
898 993
898 891
898 887
898 381
898 656
898 10
898 967
898 883
898 873
889 409
889 98
889 529
889 249
889 896
889 85
889 883
889 967
889 10
889 656
889 381
889 887
889 872
833 77
833 37
833 274
833 966
833 967
833 10
833 656
833 381
833 887
833 872
833 891
833 993
833 921
833 457
833 599
833 935
833 622
833 871
759 982
759 110
759 301
759 316
759 986
759 947
759 365
759 304
758 947
758 365
758 304
758 221
436 875
436 878
436 728
436 374
436 930
755 311
755 708
755 316
755 423
755 374
755 930
393 48
393 954
393 110
393 301
393 423
393 374
393 930
393 467
393 925
393 390
393 988
393 288
393 879
393 355
393 140
393 866
612 878
612 728
612 467
612 930
612 374
612 423
612 301
612 110
612 954
612 865
500 900
500 913
500 970
500 863
500 533
500 851
500 961
500 984
500 864
253 899
253 167
253 956
253 250
253 862
227 90
227 918
227 683
227 977
227 73
227 167
227 956
227 250
227 72
227 122
227 1000
227 946
227 29
227 861
490 190
490 941
490 107
490 286
490 219
490 390
490 988
490 288
490 879
490 860
142 859
361 55
361 978
361 47
361 980
361 367
361 959
361 365
361 986
361 423
361 374
361 930
361 925
361 988
361 288
361 858
530 870
530 100
530 486
530 235
530 4
530 2
530 85
530 883
530 10
530 873
530 856
334 321
334 784
334 29
334 861
334 997
334 519
334 163
334 912
334 855
54 944
54 169
54 28
54 727
54 69
54 956
54 167
54 73
54 977
54 683
54 918
54 90
54 901
54 854
910 965
910 589
910 573
910 853
73 167
73 250
73 72
73 122
73 1000
73 946
73 971
226 31
226 969
226 643
226 323
226 984
226 864
226 122
226 1000
226 946
226 971
226 861
226 997
226 850
440 962
440 977
440 167
440 250
440 72
440 1000
440 122
440 849
957 862
957 122
957 1000
957 72
957 848
268 914
268 997
268 861
268 971
268 946
268 1000
268 72
268 848
268 250
268 167
268 977
268 847
175 854
175 901
175 90
175 918
175 683
175 977
175 167
175 250
175 848
175 72
175 122
175 326
175 121
175 960
671 864
671 849
671 122
671 326
671 121
671 960
250 848
250 72
250 326
250 121
250 960
694 850
694 861
694 971
694 946
694 1000
694 121
694 326
694 72
694 848
694 167
694 814
476 901
476 90
476 918
476 683
476 977
476 814
476 167
476 848
476 917
476 401
225 913
225 970
225 863
225 533
225 851
225 961
225 849
225 122
225 326
225 121
225 1000
225 946
225 971
225 861
225 945
684 28
684 727
684 69
684 956
684 917
684 72
684 121
684 326
684 122
684 984
684 323
684 643
684 969
684 976
127 69
127 956
127 917
127 72
127 121
127 326
127 1000
127 946
127 971
127 861
127 997
127 841
415 995
415 944
415 169
415 727
415 956
415 917
415 72
415 121
415 326
415 1000
415 30
415 837
415 839
284 963
284 996
284 49
284 855
284 912
284 163
284 519
284 945
284 997
284 861
284 971
284 946
284 30
284 122
284 984
284 849
284 838
169 727
169 956
169 917
169 72
169 121
169 326
169 1000
169 122
169 984
169 849
169 838
169 961
169 851
169 533
169 863
169 970
169 836
841 861
841 971
841 946
841 30
841 984
841 122
841 1000
841 835
237 235
237 4
237 2
237 85
237 883
237 10
237 873
237 656
237 381
237 887
237 872
237 891
237 993
237 921
237 457
237 548
237 75
237 494
237 39
237 434
209 409
209 98
209 529
209 249
209 896
209 10
209 873
209 656
209 967
209 966
209 274
209 37
209 77
968 261
968 891
968 906
968 832
40 98
40 529
40 249
40 896
40 10
40 873
40 656
40 967
40 381
40 887
40 872
40 906
40 993
40 921
40 457
40 548
40 230
40 831
749 201
749 616
749 6
749 882
749 494
749 75
749 230
749 548
749 457
749 921
749 993
749 906
749 872
749 887
749 381
749 967
749 656
749 883
749 85
749 2
749 4
749 830
39 75
39 230
39 548
39 831
39 829
104 666
104 952
104 921
104 993
104 906
104 872
104 887
104 381
104 967
104 656
104 883
104 828
888 884
888 897
888 478
888 831
888 457
888 993
888 906
888 827
782 549
782 2
782 85
782 828
782 883
782 656
782 967
782 381
782 887
782 872
782 827
782 906
782 921
782 952
782 666
782 885
782 826
103 883
103 825
495 826
495 885
495 666
495 952
495 921
495 906
495 827
495 832
495 824
16 907
16 13
16 518
16 573
16 589
16 823
159 823
159 589
159 573
159 518
159 15
159 406
159 619
159 156
159 145
159 822
675 937
675 573
675 518
675 15
675 406
675 619
675 156
675 820
300 589
300 592
300 146
300 114
300 819
126 784
126 29
126 971
126 861
126 117
840 68
840 117
840 861
840 946
840 30
840 984
840 122
840 1000
840 835
840 817
1000 122
1000 984
1000 30
1000 946
1000 971
1000 29
1000 816
252 121
252 326
252 817
252 835
252 122
252 960
252 815
963 996
963 49
963 855
963 912
963 163
963 519
963 945
963 997
963 971
963 946
963 30
963 984
963 960
963 122
963 835
963 817
963 326
963 72
963 917
963 813
125 971
125 946
125 861
125 812
624 832
624 872
624 887
624 381
624 967
624 767
624 992
580 856
580 767
580 656
580 825
580 828
580 85
580 2
580 193
363 871
363 622
363 935
363 599
363 457
363 993
363 906
363 339
363 922
363 428
363 950
363 808
362 767
362 656
362 967
362 381
362 887
362 872
362 827
362 339
362 922
362 428
362 950
362 808
644 6
644 882
644 494
644 230
644 548
644 993
644 906
644 922
644 428
644 950
644 808
84 656
84 967
84 381
84 887
84 872
84 827
84 339
84 428
84 950
84 808
906 993
906 548
906 894
906 435
906 807
993 922
993 950
993 428
993 339
993 827
993 872
993 806
86 10
86 873
86 828
86 825
86 381
86 887
86 806
86 872
86 827
86 339
86 428
86 808
86 805
527 683
527 977
527 814
527 167
527 848
527 817
527 835
527 122
527 960
527 984
527 30
527 861
527 812
527 117
527 68
527 92
527 804
781 825
781 381
781 887
781 806
781 872
781 827
781 339
781 428
781 808
781 921
781 952
781 666
781 885
781 803
780 622
780 935
780 599
780 457
780 922
780 950
780 921
780 952
780 666
780 885
780 803
780 802
302 866
302 140
302 355
302 860
302 879
302 858
302 288
302 988
302 925
302 930
302 374
302 423
302 105
423 374
423 930
423 925
423 988
423 983
423 979
423 929
423 799
414 325
414 124
414 960
414 837
414 839
414 669
413 49
413 855
413 912
413 163
413 519
413 945
413 997
413 946
413 812
413 861
413 30
413 984
413 837
413 839
413 669
944 727
944 956
944 813
944 917
944 72
944 326
944 835
944 122
944 839
944 669
902 999
902 165
902 454
902 118
902 915
902 122
902 839
902 669
902 849
902 838
902 961
902 797
832 428
832 808
832 952
832 921
832 950
832 922
832 457
832 599
832 935
832 41
340 827
340 339
340 808
340 891
340 261
340 949
340 874
340 795
339 808
339 891
339 261
339 949
339 874
339 795
609 922
609 950
609 921
609 952
609 261
609 949
609 874
609 795
42 381
42 887
42 806
42 872
42 808
42 891
42 949
42 874
42 795
688 829
688 950
688 548
688 894
688 400
688 886
688 794
582 887
582 806
582 872
582 808
582 891
582 949
582 874
582 261
582 952
582 921
582 548
582 831
582 478
582 897
582 884
582 793
383 230
383 400
383 894
383 831
383 548
383 921
383 952
383 261
383 428
383 792
874 949
874 891
874 808
874 872
874 806
874 828
874 873
874 896
874 249
874 529
874 791
704 14
704 161
704 136
704 406
704 15
704 518
704 573
704 908
704 790
195 853
195 573
195 908
195 790
147 13
147 15
147 406
147 136
147 161
147 789
229 592
229 146
229 270
229 788
567 822
567 145
567 820
567 156
567 619
567 406
567 518
567 908
567 146
567 270
567 788
751 270
751 146
751 12
751 909
751 787
115 518
115 406
115 619
115 156
115 786
823 146
823 12
823 908
823 406
823 15
823 785
748 951
748 793
748 884
748 897
748 478
748 548
748 921
748 952
748 261
748 428
748 949
748 891
748 808
748 872
748 806
748 828
748 85
748 2
748 4
748 830
748 27
409 791
409 529
409 249
409 896
409 873
409 85
409 2
409 4
409 193
409 549
662 207
662 351
662 404
662 746
662 911
662 261
662 428
662 949
662 891
662 808
662 872
662 806
662 828
662 2
662 825
831 921
831 457
831 599
831 935
831 41
831 622
975 802
975 803
975 885
975 666
975 428
975 952
975 457
975 921
975 894
975 435
975 807
975 974
975 186
975 920
975 779
484 793
484 884
484 897
484 478
484 548
484 921
484 457
484 952
484 949
484 891
484 808
484 872
484 806
484 828
484 2
484 825
484 4
484 193
484 549
484 934
484 81
484 936
484 153
484 132
484 778
236 794
236 886
236 435
236 75
236 434
236 777
923 622
923 41
923 935
923 599
923 457
923 776
2 828
2 806
2 872
2 808
2 891
2 949
2 952
2 776
2 894
2 75
2 400
2 494
2 882
2 616
2 201
2 154
2 775
1 967
1 828
1 806
1 872
1 808
1 891
1 949
1 952
1 776
1 894
1 75
1 400
1 494
1 882
1 616
1 201
1 154
1 775
554 83
554 191
554 404
554 746
554 911
554 261
554 776
554 894
554 75
554 400
554 494
554 882
554 616
554 201
554 154
554 775
470 807
470 882
470 616
470 201
470 154
470 775
687 777
687 434
687 616
687 435
687 886
687 774
741 19
741 22
741 18
741 773
734 21
734 614
734 511
734 23
734 773
734 18
734 22
734 772
493 18
493 773
493 23
493 139
493 771
514 771
514 139
514 23
514 773
514 22
514 772
514 95
514 20
514 770
566 139
566 23
566 511
566 614
566 769
513 23
513 511
513 773
513 22
513 772
513 95
513 20
513 770
513 768
45 561
45 203
45 205
45 44
45 766
201 435
201 494
201 400
201 75
201 894
201 952
201 949
201 891
201 808
201 872
201 806
201 825
201 4
201 193
201 549
201 934
201 81
201 880
201 892
553 892
553 880
553 81
553 934
553 549
553 193
553 4
553 825
553 806
553 872
553 808
553 891
553 949
553 952
553 894
553 75
553 921
553 548
553 478
553 897
553 884
553 762
747 775
747 154
747 435
747 494
747 400
747 921
747 75
747 894
747 952
747 949
747 891
747 808
747 872
747 806
747 825
747 4
747 193
747 549
747 830
747 27
747 761
354 191
354 404
354 746
354 911
354 261
354 776
354 952
354 949
354 891
354 808
354 872
354 806
354 825
354 4
354 193
354 85
354 873
354 896
354 249
354 529
354 760
754 107
754 286
754 219
754 390
754 983
754 988
754 925
754 930
754 374
754 301
754 110
754 982
983 988
983 925
983 930
983 374
983 301
983 105
983 986
983 947
516 930
516 925
516 988
516 390
516 219
516 286
516 941
516 190
516 349
516 757
141 877
141 990
141 980
141 367
141 959
141 365
141 947
141 986
141 105
141 110
141 982
141 954
141 865
141 859
141 756
107 941
107 286
107 219
107 390
107 988
107 925
107 374
107 301
107 110
107 316
107 708
107 311
106 987
106 487
106 859
106 865
106 954
106 982
106 316
106 708
106 311
640 799
640 929
640 979
640 925
640 374
640 301
640 110
640 708
640 311
305 938
305 721
305 310
305 986
305 105
305 311
305 708
305 110
305 301
305 374
305 988
305 390
305 219
305 286
305 941
980 367
980 959
980 365
980 947
980 105
980 311
980 708
980 110
980 301
980 374
980 988
980 288
980 858
980 879
980 753
597 789
597 161
597 136
597 15
597 406
597 908
597 12
597 965
596 965
596 270
595 790
595 12
595 270
595 750
77 37
77 274
77 966
77 4
77 825
77 806
77 872
77 808
77 891
77 949
77 894
77 75
77 548
77 478
77 897
77 884
77 762
77 951
472 75
472 548
472 921
472 400
472 494
472 435
472 154
472 775
746 911
746 261
746 776
746 952
746 894
746 949
746 891
746 808
746 872
746 806
746 825
746 193
746 85
746 549
746 830
746 27
746 761
746 745
579 779
579 920
579 186
579 974
579 882
579 494
579 400
579 921
579 548
579 949
579 891
579 808
579 872
579 806
579 825
579 193
579 85
579 549
579 830
579 27
579 934
579 744
155 830
155 549
155 85
155 4
155 743
922 548
922 742
680 769
680 614
680 773
680 22
680 772
680 95
680 20
680 19
95 772
95 22
95 678
95 344
95 740
25 93
25 19
25 20
25 772
25 22
25 678
25 773
25 614
25 739
512 20
512 770
512 768
512 738
206 561
206 203
206 205
206 177
206 736
182 151
182 152
182 203
182 205
182 177
182 150
182 9
182 735
24 770
24 772
24 22
24 678
24 773
24 614
24 739
24 21
698 511
698 614
698 773
698 678
698 733
679 614
679 773
679 678
679 733
679 22
679 772
679 732
740 344
740 678
740 733
740 22
740 731
184 773
184 733
184 22
184 730
139 733
139 22
139 730
139 731
139 772
139 732
139 729
318 303
318 378
318 221
318 304
318 311
318 708
318 110
318 301
318 374
318 988
318 288
318 387
318 58
318 726
392 346
392 756
392 865
392 954
392 982
392 316
392 301
392 374
392 988
392 288
392 387
392 858
392 879
392 753
392 860
392 355
392 140
392 928
587 378
587 221
587 304
587 311
587 708
587 110
587 374
587 301
587 316
587 982
587 954
587 859
587 487
587 724
288 988
288 301
288 316
288 982
288 723
860 753
860 879
860 858
860 390
860 219
860 286
860 941
860 190
860 349
860 757
860 722
792 872
792 808
792 891
792 949
792 742
792 720
790 12
790 719
146 750
146 270
146 908
146 406
146 15
146 136
146 161
146 718
158 15
158 619
158 156
158 786
158 820
158 145
158 717
719 908
719 406
719 619
719 716
851 797
851 961
851 838
851 849
851 837
851 984
851 30
851 861
851 812
851 70
213 915
213 122
213 839
213 669
213 837
213 849
213 838
213 323
213 643
213 969
213 976
213 713
34 72
34 326
34 835
34 669
34 837
34 849
34 984
34 30
34 861
34 812
34 70
34 946
34 997
34 945
34 519
34 163
34 912
34 855
34 712
941 286
941 219
941 390
941 858
941 857
990 367
990 959
990 365
990 947
990 940
545 728
545 467
545 988
545 301
545 316
545 374
545 110
545 709
376 311
376 708
376 709
376 105
376 940
376 947
376 365
376 959
376 367
376 707
317 929
317 979
317 925
317 858
317 58
317 726
317 706
930 387
930 301
930 316
930 374
930 110
930 105
930 705
630 908
630 406
630 619
630 716
630 136
630 161
630 718
630 14
518 136
518 716
518 619
518 573
518 129
518 628
518 821
518 143
517 820
517 786
517 156
517 716
517 619
517 573
517 129
517 628
517 821
517 143
937 406
937 129
937 628
937 821
937 143
322 14
322 718
322 161
322 619
322 573
322 628
322 821
322 143
391 859
391 954
391 723
391 982
391 110
391 374
391 316
391 301
391 58
391 857
391 879
391 753
391 355
391 140
391 928
391 702
643 323
643 838
643 984
643 849
643 837
643 817
643 848
643 167
643 814
643 977
643 918
643 90
643 701
44 766
44 700
43 150
43 766
43 700
621 736
621 766
621 700
15 573
15 628
15 821
15 270
15 699
773 22
773 511
733 511
733 730
733 731
733 772
733 732
733 729
733 697
678 731
678 772
678 732
678 729
678 697
678 696
971 946
971 70
971 812
971 861
971 30
971 849
971 837
971 817
971 916
224 847
224 167
224 848
224 916
224 817
224 837
224 849
224 30
224 861
224 812
224 70
224 850
864 838
864 984
864 849
864 30
864 861
864 812
864 70
864 850
864 997
864 945
864 519
864 163
864 693
390 857
390 879
390 753
390 355
390 140
390 928
390 702
390 939
375 707
375 691
235 745
235 761
235 934
235 27
235 549
235 85
235 4
235 193
235 825
235 806
235 808
235 891
235 949
235 742
235 720
235 921
235 400
235 616
235 434
235 690
132 153
132 936
132 81
132 744
132 27
132 549
132 85
132 4
132 193
132 825
132 806
132 808
132 891
132 949
132 742
132 720
132 921
132 400
132 616
132 886
132 774
132 689
38 880
38 744
38 27
38 549
38 85
38 4
38 193
38 825
38 806
38 808
38 891
38 949
38 742
38 720
38 921
38 400
38 950
38 829
234 41
234 935
234 599
234 457
234 950
234 616
234 886
234 434
234 690
234 777
936 81
936 27
936 549
936 85
936 4
936 193
936 825
936 806
936 808
936 891
936 949
936 742
936 872
936 686
762 884
762 897
762 478
762 616
762 400
762 921
762 428
762 666
762 885
762 803
762 685
962 167
962 848
962 916
962 817
962 669
962 835
962 326
962 917
962 28
404 911
404 261
404 776
404 952
404 894
404 428
404 720
404 872
404 742
404 949
404 891
404 808
404 806
404 825
404 193
404 4
404 85
404 549
404 27
404 682
992 806
992 808
992 891
992 681
23 730
23 772
23 739
23 21
23 769
492 344
492 731
492 739
492 772
492 614
739 772
739 732
739 729
739 677
866 939
866 702
866 928
866 140
866 355
866 753
866 879
866 58
866 301
866 316
866 374
866 105
866 705
866 940
866 947
866 365
866 959
866 47
866 978
866 676
196 718
196 161
196 619
196 628
196 821
196 270
196 129
196 406
271 161
271 619
271 628
271 821
271 785
271 674
136 785
136 821
136 628
136 619
136 673
544 879
544 58
544 301
544 316
544 374
544 105
544 705
544 940
544 672
862 815
862 30
862 849
862 984
862 838
251 984
251 849
251 30
251 815
797 961
797 838
797 849
797 30
797 815
102 828
102 808
102 825
102 193
102 667
471 667
471 193
471 825
471 891
471 681
471 949
471 742
471 872
471 720
471 921
471 400
471 886
471 434
471 435
471 154
471 775
471 665
233 778
233 153
233 81
233 682
233 27
233 549
233 85
233 4
233 193
233 825
233 891
233 681
233 949
233 742
233 872
233 720
233 921
233 400
233 886
233 434
233 435
233 690
233 777
233 664
526 701
526 90
526 918
526 977
526 814
526 916
526 817
526 669
526 837
526 815
526 861
526 812
526 70
526 850
526 117
526 68
526 92
526 804
526 663
486 761
486 934
486 4
486 193
486 825
486 891
486 681
486 949
486 742
486 872
486 720
486 921
486 400
486 428
486 894
486 952
486 776
486 351
486 207
494 690
494 435
494 434
494 886
494 428
494 400
494 921
494 824
494 661
76 872
76 720
76 824
76 921
76 400
76 428
76 886
76 616
76 478
76 897
76 884
76 951
76 660
298 259
298 291
298 46
298 659
659 658
651 658
651 46
651 291
651 657
279 61
279 502
279 62
279 60
279 655
249 896
249 873
249 891
249 681
249 949
249 742
249 720
249 824
249 921
249 400
249 428
249 666
249 885
249 803
249 685
249 654
950 616
950 886
950 666
950 428
950 400
950 921
950 824
950 720
950 742
950 949
950 681
950 825
950 193
950 85
950 549
950 27
950 682
950 81
950 153
950 653
999 165
999 454
999 118
999 122
999 839
999 837
999 815
999 861
999 812
999 70
999 850
999 117
999 29
999 816
999 652
297 290
297 259
297 657
297 291
297 46
297 658
296 658
296 650
350 722
350 757
350 349
350 190
350 286
350 219
350 857
350 301
350 316
350 374
350 988
350 467
350 648
709 672
709 940
709 705
709 105
709 988
709 467
709 648
709 647
368 757
368 349
368 190
368 286
368 219
368 857
368 301
368 316
368 374
368 467
368 988
368 105
368 705
368 940
368 947
368 365
368 959
368 47
368 978
368 676
368 646
232 808
232 949
232 742
232 720
232 824
232 921
232 400
232 428
232 666
232 886
232 434
232 435
232 777
232 664
232 764
576 885
576 666
576 886
576 434
576 435
576 777
576 154
576 775
576 665
576 6
575 654
575 685
575 803
575 666
575 886
575 434
575 435
575 777
575 154
575 775
575 665
575 6
10 873
10 891
10 825
10 681
10 742
10 720
10 824
10 921
10 400
10 428
10 434
10 435
10 777
10 154
10 775
10 665
10 6
817 916
817 814
817 977
817 642
961 838
961 849
961 30
961 812
961 861
961 815
961 835
961 326
961 917
961 28
961 641
422 467
422 374
422 858
422 925
422 979
422 799
217 642
217 977
217 33
217 639
246 59
246 638
442 997
442 29
442 117
442 850
442 70
442 861
442 815
442 835
442 326
442 917
442 28
442 641
442 813
442 956
442 727
442 637
808 949
808 720
808 824
808 921
808 400
808 428
808 434
808 435
808 777
808 154
808 775
808 665
808 690
808 636
879 58
879 858
879 374
879 988
879 105
879 705
879 940
879 947
879 672
879 708
879 635
998 121
998 28
998 917
998 326
998 835
998 815
998 861
998 70
998 850
998 117
998 816
998 652
998 784
997 29
997 816
997 652
997 784
997 632
667 681
667 631
789 673
789 619
789 628
789 821
789 270
789 129
789 406
789 908
161 619
161 628
161 821
161 270
161 129
161 406
161 909
161 787
161 629
160 143
160 909
160 787
160 629
750 699
750 787
750 629
263 629
263 591
263 627
853 909
853 591
853 627
822 717
822 145
822 786
822 156
822 716
822 129
822 674
822 626
761 934
761 4
761 85
761 193
761 631
761 742
761 824
761 921
761 400
761 428
761 434
761 435
761 777
761 886
761 666
761 803
761 685
761 185
275 207
275 351
275 776
275 952
275 894
275 886
275 154
275 775
275 478
275 897
275 884
275 623
205 177
205 700
205 766
205 736
507 502
507 620
381 742
381 824
381 921
381 400
381 428
381 434
381 435
381 777
381 154
381 666
381 803
381 685
381 185
381 953
381 353
774 690
774 665
774 478
774 775
774 666
774 803
774 685
774 185
774 953
774 353
7 37
7 274
7 966
7 743
7 400
7 428
7 434
7 435
7 777
7 154
7 803
7 666
7 775
7 478
7 665
7 636
7 882
7 893
7 617
570 660
570 951
570 623
570 884
570 897
570 478
570 665
570 636
570 6
570 615
349 190
349 286
349 219
349 857
349 301
349 316
349 374
349 988
349 105
349 648
349 647
349 386
708 672
708 947
708 940
708 705
708 648
708 647
708 386
708 878
58 858
58 988
58 105
58 647
58 648
58 705
58 110
58 982
58 723
58 954
58 487
58 724
58 611
245 241
245 238
245 638
245 610
921 428
921 434
921 435
921 777
921 154
921 803
921 666
921 775
921 665
921 548
37 274
37 966
37 743
37 400
37 434
37 435
37 777
37 154
37 803
37 666
37 775
37 665
37 548
37 829
37 608
260 650
260 46
260 291
260 657
260 259
260 607
72 641
72 917
72 326
72 835
72 815
72 861
72 70
72 850
72 117
72 525
525 652
525 68
525 92
525 804
525 663
525 604
564 736
564 766
564 150
564 603
603 150
603 700
603 177
603 602
181 766
181 700
181 9
181 735
181 601
83 911
83 600
594 674
594 406
594 627
594 787
594 113
135 908
135 787
135 627
135 406
135 270
135 821
135 628
135 673
14 673
14 628
14 821
14 270
14 406
14 627
14 113
14 965
788 965
788 113
788 787
788 12
718 628
718 821
718 270
718 406
718 674
13 626
13 674
13 627
13 787
13 113
13 593
787 113
787 12
787 590
574 821
574 270
574 406
574 627
574 113
574 12
574 593
574 965
574 114
574 819
574 588
299 145
299 786
299 156
299 716
299 129
299 113
299 12
299 593
299 965
299 114
299 819
299 588
573 12
573 593
573 965
573 114
573 819
573 588
12 593
12 965
12 114
12 819
12 588
221 378
449 706
449 726
449 105
449 647
449 648
449 705
449 110
449 940
449 947
449 365
449 959
449 585
690 6
690 636
690 829
690 548
690 665
690 775
690 666
690 803
690 154
690 777
690 435
690 428
690 824
690 887
193 85
193 4
193 581
262 581
262 4
262 85
262 631
262 887
262 824
262 428
262 720
262 856
460 666
460 775
460 665
460 548
460 829
460 636
460 882
460 893
460 974
460 186
460 920
460 779
974 186
974 920
974 779
469 777
469 154
469 803
469 775
469 665
469 548
469 829
469 636
469 882
469 893
469 186
469 920
469 779
905 26
905 457
905 616
905 636
905 882
905 893
905 186
905 920
905 779
208 920
208 186
208 893
208 882
208 829
208 548
208 665
208 775
208 803
208 154
208 435
208 720
208 434
208 400
208 743
208 966
208 578
478 829
478 636
478 616
478 457
478 26
478 577
477 935
477 599
477 457
477 26
477 577
880 744
880 27
880 549
880 631
880 887
880 824
880 428
880 434
880 720
880 435
880 154
880 803
880 775
880 665
880 548
880 636
880 616
880 26
880 577
803 775
803 665
803 548
803 685
803 885
629 819
629 114
629 965
629 627
629 406
629 270
629 821
552 661
552 665
552 548
552 685
552 636
552 616
552 829
552 897
552 884
552 623
552 951
552 895
435 154
435 775
435 548
435 685
435 636
435 616
435 829
435 26
435 577
435 457
435 599
435 80
551 806
551 720
551 154
551 775
551 548
551 685
551 636
551 616
551 829
551 26
551 897
551 884
551 623
551 951
551 895
551 660
887 824
887 428
887 434
887 154
887 775
887 548
887 685
887 636
887 616
887 569
85 824
85 428
85 434
85 154
85 775
85 548
85 685
85 636
85 616
85 569
85 829
85 805
85 568
636 616
636 569
636 829
636 805
636 568
157 819
157 114
157 965
157 627
157 113
157 129
157 716
157 156
157 786
157 717
772 732
772 614
772 511
22 511
22 614
22 21
22 769
22 565
204 601
204 735
204 9
204 700
204 736
736 700
736 9
736 735
736 563
9 150
9 562
27 549
27 631
27 428
27 434
27 154
27 775
27 548
27 685
27 616
27 569
27 829
27 805
27 568
27 26
27 897
27 884
27 623
27 951
27 895
27 660
27 36
309 775
309 548
309 685
309 616
309 569
309 829
309 805
309 568
309 26
309 897
309 884
309 882
309 893
309 186
309 920
623 882
623 884
623 897
623 26
623 568
623 805
623 829
623 569
623 616
623 720
623 558
779 920
779 186
779 893
779 884
779 897
779 26
779 885
779 185
779 953
779 353
779 557
231 36
231 660
231 895
231 951
231 882
231 897
231 884
231 893
231 664
231 764
231 556
230 615
230 664
230 764
230 556
767 856
767 720
767 616
767 569
767 829
767 805
767 568
767 885
767 26
767 884
767 893
767 764
767 556
274 578
274 966
274 743
274 400
274 616
274 569
274 829
274 805
274 568
274 885
274 26
274 884
274 893
274 897
274 882
274 951
274 200
82 720
82 569
82 829
82 805
82 568
82 885
82 26
82 884
82 886
82 894
82 952
82 776
82 261
82 600
82 911
200 951
200 882
200 897
200 893
200 886
200 884
200 26
200 885
200 568
200 805
200 829
200 685
200 548
200 154
200 434
200 428
200 631
200 549
200 892
967 569
967 685
967 829
967 805
967 568
967 885
967 665
967 661
966 743
966 400
966 616
966 829
966 805
966 568
966 885
966 665
966 661
41 80
41 599
41 457
41 577
41 893
41 886
41 884
41 26
41 661
41 665
41 885
41 568
41 805
41 558
41 806
622 599
622 457
622 577
622 893
622 886
622 884
622 26
622 661
622 665
622 885
622 568
622 805
622 558
622 806
408 795
408 885
408 568
408 805
408 558
408 806
408 548
408 154
408 434
408 428
408 631
408 550
707 691
707 367
707 978
707 47
707 585
707 959
707 365
707 947
707 940
707 110
707 705
707 386
707 878
707 287
316 374
316 647
316 105
316 726
316 955
348 487
348 954
348 723
348 982
348 110
348 705
348 386
348 878
348 287
348 728
878 386
878 705
878 940
878 947
878 672
878 635
878 543
287 386
287 705
287 940
287 110
287 982
287 542
315 648
315 105
315 726
315 955
315 541
778 653
778 153
778 81
778 682
778 549
778 550
778 631
778 428
778 434
778 154
778 548
778 806
778 558
778 805
778 568
778 665
778 661
778 185
778 953
778 353
778 557
778 802
777 805
777 568
777 665
777 661
777 185
777 953
777 353
777 557
777 802
777 654
450 92
450 68
450 652
450 117
450 850
450 70
450 861
450 815
450 837
450 839
450 122
450 118
450 454
450 165
669 837
669 839
669 122
669 118
669 454
669 165
92 68
92 652
92 117
92 850
92 70
92 861
92 815
92 839
92 122
92 118
92 454
92 165
639 33
639 814
639 916
639 837
639 122
639 118
639 454
639 165
33 814
33 916
33 837
33 122
33 118
33 839
33 815
33 861
33 70
33 850
33 117
33 816
33 945
33 519
33 163
33 693
33 912
33 855
33 712
33 537
468 111
468 346
468 756
468 865
468 954
468 723
468 542
468 982
468 110
468 940
468 705
468 105
468 726
468 988
468 536
859 723
859 542
859 982
859 110
859 940
859 705
859 105
859 726
859 988
859 647
859 374
859 301
859 857
859 219
859 286
859 190
859 535
57 367
57 978
57 47
57 585
57 959
57 365
57 672
57 947
57 705
57 940
57 110
57 982
57 542
57 724
57 611
57 534
524 836
524 970
524 863
524 533
524 838
524 849
524 30
524 812
524 861
524 70
524 850
524 117
524 816
524 652
524 804
524 663
524 604
524 532
101 568
101 558
101 806
101 548
101 154
101 933
186 556
186 764
186 884
186 26
186 953
186 185
186 661
186 665
186 558
186 806
186 548
186 154
186 933
186 434
186 428
186 824
186 4
186 934
186 100
186 870
185 661
185 665
185 558
185 806
185 548
185 154
185 933
185 434
185 428
185 824
185 4
185 934
185 100
185 870
656 685
656 933
656 434
656 428
656 824
656 4
656 934
656 100
656 870
53 90
53 528
816 117
816 850
816 70
816 815
816 839
816 118
816 122
816 837
816 916
816 977
816 683
52 713
52 976
52 969
52 323
52 812
52 861
52 815
52 839
52 118
52 122
52 837
52 916
52 977
52 683
52 918
52 528
52 701
168 122
168 118
168 839
168 815
168 861
168 30
168 849
168 838
168 533
168 863
168 970
168 836
474 121
474 28
474 326
474 917
474 523
815 839
815 118
815 837
815 916
815 977
815 683
815 918
815 522
124 960
124 839
124 70
124 850
124 117
124 652
124 804
124 521
523 917
523 835
523 837
523 118
523 70
523 850
523 117
523 652
523 804
523 521
523 663
523 604
523 532
523 520
114 965
114 627
114 113
114 129
114 716
114 156
114 820
724 542
724 982
724 110
724 940
724 105
724 726
724 988
724 387
757 535
757 190
757 286
757 219
757 857
757 301
757 374
757 647
757 387
757 988
757 726
757 105
757 705
757 947
757 635
757 543
757 515
770 696
770 697
770 677
770 729
770 21
770 614
770 730
732 614
732 21
732 729
732 677
732 697
732 20
511 730
511 21
511 729
511 677
511 697
511 20
511 768
511 738
511 510
731 614
731 729
731 677
731 697
731 20
731 768
731 509
21 677
21 769
21 565
21 508
506 655
506 60
506 62
506 620
506 502
64 502
64 620
64 62
64 60
64 655
63 620
63 62
63 60
63 655
63 505
278 505
278 504
62 60
62 655
62 504
62 503
505 503
505 504
505 655
505 60
505 501
167 848
167 977
167 916
167 118
167 70
167 850
167 861
167 30
167 849
167 838
167 533
167 863
167 970
167 836
167 900
326 835
326 837
326 70
326 454
326 165
326 499
918 683
918 916
918 118
918 454
918 70
918 837
918 917
918 498
839 861
839 850
839 70
839 497
131 665
131 661
131 953
131 26
131 884
131 764
131 6
131 689
131 794
776 952
776 894
776 953
776 353
776 557
776 802
776 654
776 826
697 20
697 18
94 508
94 565
94 769
94 729
94 614
94 344
93 19
93 509
93 768
93 18
93 20
93 729
93 614
93 344
614 344
190 286
190 219
190 857
190 301
190 374
190 647
190 387
190 988
190 489
489 988
489 536
489 753
489 355
489 488
686 558
686 661
686 353
686 26
686 884
686 764
686 6
686 689
686 794
686 485
130 884
130 764
130 6
130 689
130 794
130 485
685 933
685 434
685 154
685 548
685 806
685 661
685 353
685 26
685 764
685 6
685 689
685 794
685 485
75 6
75 689
75 897
75 882
75 951
75 895
75 660
75 793
6 689
6 897
6 794
6 485
6 556
6 920
6 617
6 483
5 892
5 550
5 631
5 934
5 4
5 824
5 428
5 154
5 548
5 806
5 661
5 353
5 26
5 764
5 897
5 794
5 485
5 556
5 920
5 617
5 483
5 482
353 661
353 806
353 548
353 154
353 428
353 825
353 891
353 896
353 529
353 760
353 481
744 550
744 631
744 934
744 4
744 100
744 870
744 480
267 499
267 165
267 497
267 454
267 118
267 977
267 479
434 154
434 548
434 806
434 661
434 26
434 764
434 897
434 794
434 485
434 886
434 893
434 577
434 457
434 935
642 522
642 528
642 701
642 901
90 901
90 701
90 528
90 683
90 916
90 977
90 118
90 454
90 837
90 917
90 835
90 28
90 475
89 900
89 836
89 970
89 863
89 533
89 838
89 849
89 30
89 850
89 70
89 837
89 917
89 835
89 28
89 475
89 121
88 836
88 970
88 863
88 533
88 838
88 849
88 30
88 850
88 70
88 837
88 917
88 835
88 28
88 475
88 121
637 727
637 956
637 813
637 498
637 475
637 121
71 537
71 712
71 855
71 912
71 693
71 163
71 519
71 945
71 521
71 804
71 473
398 826
398 654
398 802
398 557
398 794
398 485
398 689
661 806
661 548
661 428
661 825
661 681
953 485
953 897
953 764
953 26
953 806
953 805
338 702
338 928
338 140
338 488
338 355
338 753
338 536
338 988
338 726
338 105
338 705
338 940
338 110
338 982
338 542
338 954
338 865
338 756
338 346
338 111
337 928
337 140
337 488
337 355
337 753
337 536
337 988
337 726
337 105
337 705
337 940
337 110
337 982
337 542
337 954
337 865
337 756
337 346
337 111
676 585
676 959
676 365
676 672
676 635
676 947
676 110
676 982
676 542
676 954
676 865
676 756
676 346
676 111
140 488
140 355
140 753
140 536
140 988
140 726
140 105
140 705
140 940
140 982
140 542
140 954
140 865
140 756
140 346
140 111
611 346
611 111
989 672
989 466
111 465
674 129
674 716
674 156
674 820
674 464
499 165
499 497
499 835
499 917
499 837
499 70
499 463
475 121
475 28
475 917
475 401
475 462
969 323
969 812
969 850
969 463
969 70
969 837
969 401
969 462
886 689
886 897
886 764
886 666
36 793
36 660
36 895
36 951
36 882
36 689
36 608
36 459
608 459
795 885
795 26
795 666
795 764
795 897
795 459
795 458
970 863
970 533
970 838
970 849
970 30
970 463
970 70
970 837
970 401
970 462
970 899
166 479
166 118
166 454
166 899
166 462
166 401
166 837
166 70
166 463
166 30
166 849
166 838
166 533
166 863
166 455
977 454
977 899
977 462
977 401
977 837
977 70
977 453
522 683
522 916
522 454
522 899
522 462
522 401
522 837
522 70
522 117
522 652
522 473
522 804
522 663
522 604
522 532
522 520
522 452
123 521
123 663
123 604
123 68
314 488
314 355
314 753
314 536
314 988
314 726
314 105
314 955
314 541
314 706
488 355
488 753
488 536
488 988
488 448
313 706
313 447
821 270
821 406
821 716
821 129
821 445
593 129
593 113
593 627
593 588
593 444
122 837
122 70
122 117
122 652
122 473
122 804
122 604
122 68
122 51
223 693
223 163
223 519
223 945
223 663
223 29
70 117
70 652
70 473
70 804
70 604
70 441
855 912
855 163
855 519
855 945
855 663
855 29
855 68
855 441
855 604
855 804
855 473
855 652
855 117
855 401
855 462
855 118
855 848
521 68
521 441
521 51
521 532
521 520
521 452
521 439
467 705
467 955
467 105
467 858
940 955
940 105
940 858
940 437
706 447
706 541
706 858
706 105
706 955
706 386
706 728
706 875
199 153
199 81
199 682
199 549
199 934
199 631
199 433
4 100
4 824
4 681
4 825
4 428
4 548
4 805
4 806
4 666
4 764
4 897
4 459
4 458
4 556
4 920
4 617
4 483
4 482
4 432
548 805
548 806
548 666
548 764
548 897
548 459
548 458
548 556
548 920
548 617
548 483
548 482
548 432
308 911
308 600
308 261
308 952
308 894
308 485
308 458
308 556
308 920
308 617
308 483
308 482
308 432
333 604
333 51
333 441
333 29
333 663
333 945
333 519
333 430
830 825
830 428
830 805
830 806
830 666
830 764
830 897
830 459
830 556
830 920
830 617
830 893
830 577
830 457
830 935
830 429
794 920
794 617
794 893
794 427
955 105
955 387
955 187
988 448
988 726
988 437
988 387
988 105
988 386
988 982
988 542
988 110
988 947
988 635
988 466
988 672
189 448
189 726
189 437
189 387
189 105
189 386
189 705
466 635
466 947
466 110
466 542
466 982
466 705
466 386
466 105
466 421
723 465
723 756
723 865
723 954
723 542
723 982
723 705
723 386
723 420
347 187
347 105
347 420
347 386
347 728
347 875
347 419
346 756
346 865
346 954
346 542
346 982
346 705
346 728
346 875
346 419
705 728
705 875
705 419
602 417
510 416
441 51
441 804
441 473
441 652
441 117
441 401
441 917
441 28
441 121
441 498
441 813
441 956
441 727
441 995
402 50
402 119
402 985
402 814
402 454
402 899
402 118
402 462
402 917
402 401
402 117
402 861
402 960
402 325
401 117
401 861
401 960
401 325
942 995
942 727
942 956
942 813
942 498
942 121
942 28
942 117
942 861
942 960
942 325
32 121
32 28
32 117
32 861
32 960
32 325
32 652
32 473
32 804
32 51
32 29
32 663
32 945
32 519
32 430
32 163
32 912
32 712
32 49
216 28
216 117
216 861
216 960
216 917
216 462
216 118
216 899
216 454
216 412
654 802
654 557
654 920
654 617
654 556
654 459
654 897
654 764
654 666
654 806
654 829
654 616
654 400
654 743
654 578
207 351
207 952
207 894
207 485
207 458
207 556
207 459
207 897
207 764
207 666
207 806
207 829
207 616
207 400
207 743
207 578
653 81
653 682
653 549
653 934
653 631
653 100
653 824
653 681
653 428
653 805
653 616
653 400
653 743
653 578
154 400
154 743
154 578
764 666
764 806
764 829
764 743
764 578
198 429
198 935
198 457
198 577
198 427
198 893
198 459
198 897
198 666
198 806
198 829
198 743
198 578
198 616
198 805
198 428
198 681
198 824
198 100
198 433
198 892
617 897
617 666
617 806
617 26
617 885
616 578
616 743
616 829
616 26
616 885
616 407
615 664
615 482
615 483
615 893
615 459
615 666
615 806
615 885
615 407
897 806
897 885
897 407
897 26
897 829
897 743
897 578
897 400
897 569
829 26
829 407
829 885
829 666
829 459
829 427
829 577
829 457
829 935
829 403
455 863
455 533
455 838
455 849
455 30
455 463
455 453
455 652
455 325
455 917
455 462
455 118
455 899
455 454
455 412
455 814
455 985
455 119
455 50
775 428
775 805
775 400
775 578
775 743
775 26
775 407
775 885
775 666
775 806
775 920
775 557
775 802
775 826
248 558
248 885
248 666
248 806
248 920
248 557
248 802
248 826
760 529
760 896
760 891
760 805
760 400
760 578
760 743
760 26
760 407
760 666
760 806
760 920
760 557
760 802
760 826
351 952
351 894
351 485
351 458
351 556
351 557
351 802
351 826
802 826
483 893
483 427
483 459
483 826
483 920
483 806
483 666
483 407
483 26
483 743
483 578
483 400
483 681
483 824
483 100
483 433
483 631
483 934
483 549
483 682
483 397
743 578
743 400
743 681
743 824
743 100
743 870
743 480
743 396
105 420
105 386
105 419
105 875
105 728
105 110
105 947
105 986
105 310
105 721
105 938
672 635
672 986
672 310
672 721
672 938
437 387
437 421
437 386
437 419
437 875
437 728
437 110
437 947
437 310
437 721
437 938
982 947
982 310
982 721
982 938
448 726
448 387
448 421
448 386
448 419
448 875
448 728
448 110
448 310
448 721
448 938
448 986
448 635
448 56
648 728
648 110
648 310
648 721
648 947
648 542
648 954
648 865
648 48
110 310
110 721
110 947
110 542
110 954
110 865
110 48
110 465
188 753
188 536
188 387
188 421
188 386
188 419
188 875
188 310
188 389
304 515
304 543
304 986
304 938
304 542
304 947
304 721
304 389
304 310
304 420
304 647
304 374
304 301
304 388
987 534
987 756
987 465
987 48
987 865
987 954
987 947
987 542
987 938
987 635
987 56
987 385
374 647
374 420
374 310
374 389
374 721
374 542
374 938
374 635
374 56
374 385
374 365
374 959
374 47
374 978
374 384
569 400
569 578
569 26
569 407
569 666
569 806
569 920
569 826
569 459
569 427
569 893
569 482
569 664
568 407
568 666
568 806
568 920
568 826
568 459
568 427
568 893
568 482
568 664
429 403
429 935
429 457
429 577
429 893
429 427
429 459
429 826
429 920
429 806
429 666
429 26
429 578
429 681
429 824
429 805
429 891
429 873
896 873
896 891
896 805
896 824
896 681
896 400
896 933
48 865
48 954
48 947
48 938
48 542
48 721
48 389
48 310
48 875
48 419
48 386
48 421
48 726
48 446
48 370
47 959
47 365
47 385
47 56
47 635
47 542
47 721
47 389
47 310
47 875
47 419
47 386
47 421
47 726
47 446
47 370
635 542
635 721
635 389
635 310
635 875
635 419
635 386
635 421
635 726
635 446
635 370
939 536
939 387
939 370
939 446
939 726
939 421
939 109
373 947
373 938
373 389
373 721
373 542
373 56
373 385
373 365
373 959
373 978
373 384
373 691
447 541
447 858
447 386
447 419
447 875
447 310
447 721
447 542
447 56
447 385
447 365
447 372
359 799
359 979
359 925
359 419
359 875
359 310
359 721
359 542
359 56
359 385
359 986
359 543
359 311
359 247
359 371
358 986
358 543
358 311
358 247
358 371
877 691
877 384
877 978
877 959
877 372
877 365
877 543
877 311
877 247
877 371
647 420
647 875
647 310
647 721
647 542
647 56
647 389
647 938
647 954
647 865
647 369
515 371
515 247
515 311
515 385
515 389
515 56
515 542
515 721
515 310
515 875
515 420
515 301
515 388
515 857
515 219
515 286
515 535
543 385
543 366
828 933
828 400
828 578
828 26
828 666
828 806
828 920
828 826
828 459
828 427
828 893
828 577
828 457
828 935
828 871
261 485
261 458
261 556
261 557
261 459
261 826
261 920
261 806
261 666
261 26
261 578
261 400
261 856
367 384
367 978
367 959
367 585
367 646
367 55
536 387
536 370
536 446
536 726
536 421
536 109
536 875
536 420
536 360
421 109
421 875
421 420
421 419
421 925
421 979
421 799
542 56
542 389
542 366
542 986
244 610
244 357
827 26
827 666
827 806
827 920
827 826
827 427
827 893
827 577
827 457
827 935
827 871
827 599
81 397
81 682
81 549
81 934
81 631
81 433
81 870
81 100
81 824
81 681
81 400
81 578
81 666
81 806
81 920
81 826
81 427
81 459
81 557
81 556
81 458
81 485
81 600
81 191
873 529
873 481
873 352
858 386
858 419
858 360
858 301
858 388
858 857
858 219
858 286
858 535
858 722
857 219
857 286
857 535
857 722
247 311
247 986
247 366
247 389
247 56
247 721
247 310
247 360
247 301
247 388
247 219
247 286
247 535
247 722
726 109
726 875
726 420
726 301
726 388
726 219
726 286
726 535
726 722
303 378
303 371
303 311
303 986
303 366
303 389
303 56
303 721
303 310
303 360
303 388
303 219
303 286
303 535
303 722
928 370
928 446
928 109
928 875
928 420
928 301
928 219
928 286
928 535
928 722
534 756
534 465
534 369
534 865
534 954
534 938
534 721
534 310
534 360
534 388
534 286
534 535
534 722
109 875
109 420
109 301
109 219
109 535
109 286
109 388
109 360
109 310
109 721
109 938
109 954
109 865
109 487
535 286
535 722
535 187
954 938
954 721
954 310
954 360
954 388
954 722
954 187
344 729
344 20
344 18
344 768
344 509
344 19
677 729
677 20
677 18
677 768
677 509
677 19
558 885
558 826
558 920
558 806
558 666
558 578
558 400
558 681
558 824
558 100
558 870
558 433
558 892
558 991
952 894
952 485
952 458
952 556
952 557
952 459
952 427
952 920
952 806
952 666
952 26
389 56
389 310
389 360
389 388
389 722
389 187
389 286
389 219
389 301
389 420
389 875
389 446
389 702
388 722
388 187
388 286
388 219
388 301
388 420
388 875
388 446
388 702
388 370
463 453
463 652
463 325
463 917
463 462
463 118
463 899
463 848
463 67
996 49
996 712
996 912
996 163
996 430
996 519
996 945
996 663
996 29
996 784
996 632
996 321
69 117
69 861
69 960
69 118
69 462
69 917
69 473
69 804
69 51
69 604
995 727
995 956
995 813
995 498
995 861
995 960
995 118
995 462
995 917
995 473
995 804
995 51
995 604
995 784
995 632
995 321
995 332
479 67
479 848
479 899
479 917
479 473
479 804
479 51
479 604
479 784
479 632
479 321
479 332
994 50
994 119
994 985
994 814
994 412
994 454
994 899
994 917
994 473
994 804
994 51
994 604
994 784
994 632
994 321
994 332
520 452
520 439
520 331
519 945
519 663
519 29
519 332
519 532
519 452
519 439
519 331
701 528
701 916
701 454
701 899
701 917
701 473
701 804
701 51
701 604
701 784
701 632
701 321
701 532
701 452
701 439
701 331
117 960
117 118
117 462
117 51
117 604
117 784
117 632
117 321
117 532
117 452
117 439
117 331
682 549
682 934
682 631
682 892
682 433
682 870
682 100
682 824
682 681
682 400
682 578
682 26
682 666
682 806
682 920
682 427
682 459
682 329
592 444
592 964
965 588
965 627
965 113
965 785
68 332
68 439
68 452
68 324
145 717
145 786
145 464
145 820
145 156
145 785
145 716
145 406
145 270
145 673
220 386
220 419
220 219
220 286
220 187
220 722
220 360
220 310
220 56
220 366
220 986
220 311
220 371
220 378
219 286
219 187
219 722
219 360
219 310
219 56
219 366
219 986
219 311
219 371
219 378
756 465
756 369
756 487
756 865
756 938
756 721
756 56
756 366
756 986
756 311
756 371
756 378
959 585
959 372
959 365
959 385
959 311
959 371
420 301
420 187
420 925
420 979
420 799
420 929
722 728
387 370
387 355
312 929
312 799
312 979
312 925
312 286
312 419
312 541
419 286
419 925
419 979
419 799
419 929
728 925
728 979
728 799
728 929
173 55
173 646
173 372
173 365
173 385
173 311
173 371
173 986
173 366
173 310
173 360
173 925
173 979
173 799
173 929
702 446
702 875
702 301
702 187
702 799
702 929
100 824
100 681
100 428
600 191
600 911
80 599
80 871
80 935
80 457
80 577
80 893
80 459
80 329
80 557
80 556
80 458
80 191
80 911
599 871
599 935
599 457
599 577
599 893
599 459
599 329
599 557
599 556
599 458
599 191
599 911
31 976
31 323
31 812
31 850
31 652
31 325
31 632
31 321
31 532
31 324
31 452
31 439
31 29
31 663
31 945
31 430
31 163
31 912
31 712
31 307
286 929
286 979
286 925
286 360
286 310
286 56
286 721
286 947
386 541
386 929
386 979
386 799
386 187
386 301
386 875
386 446
386 355
386 370
591 627
591 964
591 589
156 820
156 464
156 786
156 717
619 673
619 270
619 406
619 716
619 785
619 820
619 464
619 786
619 717
113 785
113 820
113 464
113 786
113 717
673 270
673 406
673 716
673 820
673 464
673 786
673 717
406 716
406 820
406 464
406 786
406 717
943 716
943 820
943 464
943 786
943 717
259 607
259 290
295 46
295 658
294 658
294 46
258 293
258 46
258 291
258 657
258 607
258 290
258 292
257 291
257 657
257 607
257 290
257 292
650 657
650 607
650 290
650 292
128 607
128 290
128 292
657 290
657 292
293 46
293 292
293 289
979 799
979 187
979 301
979 875
979 285
30 453
30 325
30 632
30 321
30 532
30 324
30 452
30 439
30 29
30 663
30 945
30 430
30 163
30 912
30 712
30 307
30 49
838 849
838 453
838 325
838 632
838 321
838 532
838 784
838 604
838 283
872 666
872 26
872 578
872 400
872 428
872 805
872 891
872 529
872 481
872 352
872 98
885 826
885 920
885 427
885 280
504 655
504 60
504 501
504 61
61 501
61 60
61 655
61 503
620 501
620 60
620 655
620 503
60 655
60 503
655 503
485 894
720 856
720 400
720 578
720 26
720 806
720 427
720 280
720 557
720 556
720 458
720 191
720 911
720 894
134 432
134 664
134 482
134 459
134 329
134 556
134 458
134 191
134 911
134 894
631 892
631 433
631 870
631 824
631 681
631 805
631 428
631 578
631 26
631 806
631 427
631 280
631 557
631 458
631 191
631 911
631 894
153 549
153 934
153 892
153 433
153 870
153 824
153 681
153 805
153 428
153 578
153 26
153 806
153 427
153 280
153 557
153 458
153 191
153 911
153 894
681 805
681 428
681 578
681 26
681 806
681 427
681 280
681 557
681 458
681 191
681 911
681 894
666 557
666 280
666 427
666 806
666 26
666 273
628 820
628 716
144 445
144 717
144 786
144 464
144 716
144 270
498 861
498 118
498 462
498 51
498 283
498 604
498 784
498 532
498 984
121 462
121 51
121 283
121 604
121 784
121 532
121 324
121 452
121 439
121 29
121 331
121 914
850 652
850 321
850 984
850 324
850 452
850 439
850 29
850 331
850 663
850 266
307 712
307 912
307 163
307 430
307 945
307 266
307 663
307 331
307 29
307 919
307 265
632 984
632 324
632 452
632 439
632 919
632 265
120 51
120 283
120 604
120 784
120 532
120 439
120 919
120 265
120 29
120 331
120 914
120 264
192 911
192 191
192 458
192 280
192 427
192 806
192 26
192 273
192 578
192 428
192 480
192 396
192 581
191 458
191 280
191 427
191 806
191 26
191 273
191 578
191 428
191 480
191 396
191 581
742 428
742 480
742 396
742 581
292 289
292 290
607 290
607 289
454 899
454 412
454 814
454 985
454 119
454 50
51 283
51 604
51 784
51 532
51 804
51 473
51 917
51 412
51 899
51 916
51 528
51 255
935 457
935 577
935 893
935 329
935 556
935 894
935 458
935 280
935 920
935 826
243 357
243 59
357 59
357 638
357 238
357 241
765 238
765 241
242 638
242 610
241 610
241 59
240 59
240 638
610 638
238 638
433 870
433 824
433 805
433 581
433 396
433 480
433 578
433 273
433 26
433 806
433 427
433 920
433 280
433 458
433 894
433 556
433 329
433 893
433 577
433 457
433 871
482 459
482 329
482 556
482 894
482 458
482 280
482 920
482 427
482 806
482 26
482 273
482 578
482 480
482 396
482 581
482 805
482 824
482 870
482 892
482 934
482 397
895 951
895 882
895 689
895 556
895 894
895 458
895 280
895 920
895 427
895 806
895 26
895 273
895 400
895 949
550 991
550 824
550 805
550 581
550 396
550 480
550 578
550 400
550 273
550 26
550 806
550 427
550 920
550 280
550 458
550 894
550 556
550 689
550 882
550 951
550 660
550 793
549 397
549 934
549 892
549 870
549 805
549 581
549 396
549 480
549 578
549 400
549 273
549 26
549 806
549 427
549 920
549 280
549 458
549 894
549 556
549 689
549 882
549 951
549 660
549 793
26 806
26 427
26 920
26 280
26 458
26 894
26 556
26 689
26 882
26 951
26 660
26 793
581 396
581 480
581 578
581 400
581 273
581 806
581 427
581 920
581 280
581 458
581 894
581 556
581 689
581 882
581 951
581 660
581 793
273 806
273 427
273 920
273 280
273 458
273 894
273 556
273 689
273 882
273 951
273 660
273 793
791 98
791 352
791 481
791 529
791 891
791 806
791 427
791 920
791 280
791 458
791 894
791 556
791 689
791 882
791 951
791 660
791 793
590 964
590 589
590 444
849 453
849 325
849 984
849 324
849 452
849 919
849 265
849 29
849 331
849 914
849 663
849 332
212 50
212 119
212 985
212 814
212 899
212 412
212 917
212 473
212 804
212 439
212 265
212 919
212 452
212 321
212 652
212 812
212 323
212 976
165 497
165 835
165 439
165 265
165 919
165 452
165 321
165 324
165 984
165 325
165 453
165 533
165 863
165 913
462 604
462 784
462 532
462 265
462 804
462 473
462 848
462 847
332 266
332 945
332 430
332 163
332 693
814 899
814 412
814 916
814 222
311 371
311 986
311 366
311 56
311 310
311 360
311 925
311 187
311 799
311 929
311 541
310 360
310 925
310 187
310 799
310 929
310 541
799 929
799 541
50 119
50 985
50 899
50 412
50 916
50 222
50 528
50 255
50 901
813 861
813 118
813 784
813 532
813 265
813 804
813 473
813 848
813 917
813 222
813 528
813 683
917 848
917 473
917 804
917 265
917 532
917 28
266 663
266 914
266 331
266 29
266 452
266 919
266 804
266 473
266 848
266 847
266 215
325 984
325 324
325 321
325 919
325 804
325 473
325 439
325 835
325 915
985 119
453 984
453 324
453 321
453 919
453 804
453 473
453 439
453 848
453 847
453 222
453 528
453 916
453 412
453 899
453 119
984 324
984 321
984 919
984 804
984 473
984 439
984 848
984 847
984 222
984 528
984 916
984 412
984 899
984 119
528 916
528 412
528 899
528 119
804 473
804 439
804 848
804 847
804 222
804 916
804 412
804 899
804 119
119 899
119 412
119 916
119 222
119 847
119 848
119 452
119 29
119 331
119 914
119 264
119 211
118 784
118 28
118 532
118 265
118 847
118 848
118 452
118 29
118 331
118 914
118 264
118 211
118 210
871 457
871 577
871 893
871 793
871 660
871 951
871 882
871 689
871 556
871 894
871 458
871 280
871 920
871 427
871 806
871 891
871 529
871 481
871 352
871 98
870 805
870 396
870 480
870 578
870 400
870 806
870 891
870 529
870 481
870 352
870 98
352 98
911 689
911 556
911 894
911 458
911 280
911 920
911 427
911 891
911 529
911 481
911 98
428 529
428 481
428 98
664 459
664 329
664 660
664 951
664 882
664 556
664 894
664 458
664 280
664 920
664 427
664 891
664 481
664 98
152 203
152 417
152 561
180 563
180 601
481 98
481 806
481 400
481 578
481 480
481 396
481 805
481 892
481 934
481 397
480 396
480 805
480 892
480 934
480 397
949 891
949 98
949 806
949 400
949 578
949 396
949 805
949 892
949 934
949 397
403 457
403 577
403 893
403 793
403 951
403 882
403 556
403 894
403 458
403 280
403 920
403 427
403 98
403 806
403 400
403 578
403 396
403 805
403 892
403 934
403 397
577 893
577 793
577 951
577 882
577 556
577 894
577 458
577 280
577 920
577 427
577 98
577 806
577 400
577 578
577 396
577 805
577 892
577 934
577 397
826 920
826 280
826 458
826 894
826 556
826 882
826 951
826 793
826 893
826 457
627 589
627 785
627 786
627 464
627 716
627 270
627 820
626 717
626 464
626 716
626 270
626 820
143 589
143 785
143 786
143 716
143 270
143 820
716 270
716 820
884 556
884 894
884 458
884 689
385 371
385 986
385 366
385 56
385 360
385 925
385 187
385 929
385 541
385 301
385 875
385 285
385 446
385 355
385 370
385 753
384 978
384 585
384 365
384 371
384 986
384 366
384 56
384 360
384 925
384 187
384 929
384 541
384 301
384 875
384 285
384 446
384 355
384 370
384 753
947 721
947 187
947 929
947 541
947 301
947 875
947 285
947 446
947 355
947 370
947 753
487 865
487 938
487 721
487 187
487 929
487 541
487 301
487 875
487 285
487 446
487 355
487 370
487 753
978 585
978 365
978 371
978 986
978 366
978 56
978 360
978 925
978 541
978 301
978 875
978 285
978 446
978 355
978 370
978 753
465 369
465 865
465 938
465 721
465 187
465 929
465 301
465 875
465 285
465 446
465 355
465 370
465 753
938 721
938 187
938 929
938 301
938 875
938 285
938 446
938 355
938 370
938 753
360 925
360 541
360 285
360 446
360 355
360 370
360 753
721 187
721 929
721 301
721 875
721 446
721 355
721 370
721 753
187 929
187 301
187 875
187 446
187 355
187 370
187 753
691 365
691 371
691 986
691 366
691 56
691 925
691 541
691 285
691 370
691 753
769 20
769 729
769 730
768 18
768 729
768 730
20 565
20 183
66 561
66 417
66 203
66 151
65 562
65 150
65 177
65 417
65 203
65 151
601 735
601 177
601 417
601 203
601 151
203 417
203 700
203 766
179 151
179 417
179 700
179 177
179 735
179 563
563 735
563 177
563 150
563 176
49 712
49 912
49 693
49 163
49 430
49 945
49 663
49 211
49 264
49 914
49 331
49 29
49 452
49 848
49 222
49 916
49 412
49 899
49 683
49 255
49 901
49 854
641 532
641 265
641 847
641 222
641 916
641 412
641 899
641 683
641 255
641 901
641 854
537 712
537 912
537 693
537 163
537 430
537 945
537 663
537 211
537 264
537 914
537 331
537 29
537 452
537 848
537 916
537 412
537 899
537 683
537 255
537 901
537 854
812 652
812 473
812 439
812 848
812 916
812 412
812 899
812 683
812 255
812 901
812 854
215 255
215 901
215 854
693 163
693 430
693 945
693 663
693 211
693 264
693 914
693 331
693 29
693 452
693 916
693 412
693 899
693 683
693 901
693 854
366 372
366 646
366 55
365 371
365 986
365 372
365 646
365 55
865 929
865 301
865 875
865 446
865 355
865 753
865 370
865 285
865 541
865 925
865 56
865 646
865 55
324 321
324 919
324 439
324 848
324 412
324 899
324 683
324 835
324 915
324 497
323 652
323 473
323 848
323 412
323 899
323 683
323 835
323 915
323 497
900 913
900 863
900 533
900 321
900 919
900 439
900 412
900 899
900 683
900 835
900 915
900 497
946 914
946 331
946 29
946 452
946 916
946 835
946 915
946 497
946 222
946 847
946 265
946 28
946 784
946 861
946 956
946 727
945 663
945 211
945 264
945 331
945 29
945 452
945 916
945 835
945 915
945 497
945 222
945 847
945 265
945 28
945 784
945 861
945 956
945 727
430 663
430 211
430 264
430 331
430 29
430 452
430 916
430 835
430 915
430 497
430 222
430 847
430 265
430 28
430 784
430 861
430 956
430 727
960 861
960 956
960 727
473 848
473 899
473 683
473 222
473 847
473 265
473 28
473 784
473 956
473 727
265 28
265 901
265 854
265 255
265 67
854 255
854 67
264 331
264 29
264 452
264 916
264 835
264 915
264 497
264 847
264 28
264 901
264 255
264 67
835 915
835 497
835 847
835 28
835 901
835 255
835 67
836 863
836 533
836 321
836 919
836 439
836 412
836 683
836 222
836 901
836 255
836 67
836 164
713 976
713 652
713 848
713 899
713 222
713 901
713 255
713 28
713 847
713 497
713 915
713 210
713 162
712 912
712 163
712 663
712 211
712 331
712 29
712 452
712 916
712 210
712 162
908 964
908 786
908 785
908 589
907 464
907 820
907 270
907 785
907 589
589 444
589 699
588 444
588 699
717 820
717 270
717 129
129 785
129 699
129 444
129 819
699 444
699 819
99 396
99 825
177 735
177 149
176 150
176 735
176 149
735 149
372 986
372 371
509 19
509 738
509 416
509 138
508 183
508 565
508 730
508 729
508 18
508 19
508 738
508 416
508 138
729 18
729 19
729 738
729 416
729 138
730 18
730 19
730 738
730 416
730 138
730 137
786 964
785 444
785 819
785 964
464 270
464 444
464 819
464 964
444 819
806 98
806 427
806 280
806 689
806 458
806 894
806 882
806 660
806 329
806 459
806 432
805 825
805 578
805 400
805 98
805 427
805 280
805 689
805 458
805 894
805 882
805 660
805 329
805 459
805 432
400 98
400 427
400 280
400 689
400 458
400 894
400 882
400 660
400 329
400 459
400 432
920 894
920 882
920 660
920 329
920 459
920 432
883 578
883 98
883 427
883 280
883 689
883 458
883 882
883 660
883 665
397 934
397 892
397 825
397 98
397 427
397 280
397 689
397 458
397 882
397 660
397 665
397 329
397 459
397 556
916 210
916 162
916 915
916 497
916 847
916 28
916 67
916 164
916 784
916 956
916 727
916 861
848 899
848 222
848 901
848 255
848 67
848 28
848 847
848 497
848 915
848 162
848 914
915 497
915 847
915 28
915 164
915 784
915 956
915 727
915 861
915 283
371 108
56 925
56 541
56 285
56 370
56 753
56 355
56 446
56 875
56 301
56 929
56 369
55 646
55 925
55 541
55 285
55 370
55 753
55 355
55 446
55 875
55 301
55 929
55 369
585 108
585 986
585 646
585 925
585 541
585 285
585 370
585 753
585 355
585 446
585 875
585 301
585 929
585 369
108 986
108 646
108 925
108 541
108 285
108 370
108 753
108 355
108 446
108 875
108 301
108 929
108 369
646 925
646 541
646 285
646 370
646 753
646 355
646 446
646 875
646 301
646 929
646 369
285 370
285 753
285 355
285 446
285 875
285 301
285 929
285 369
753 355
753 446
753 875
753 301
753 929
753 369
301 929
301 369
929 369
541 370
541 355
541 446
541 875
541 369
986 925
986 370
986 355
986 446
986 875
986 369
446 875
446 369
925 370
925 355
925 875
925 369
355 875
355 369
875 369
98 427
98 578
894 665
894 660
894 882
894 458
894 689
894 891
894 933
665 660
665 882
665 458
665 689
665 891
665 280
665 578
665 396
825 427
825 396
825 578
825 280
825 891
825 689
825 458
825 882
825 329
825 459
825 556
825 432
825 951
825 793
825 893
825 457
825 97
432 951
432 793
432 893
432 457
432 97
824 934
824 892
824 427
824 396
824 578
824 280
824 891
824 689
824 458
824 882
824 329
824 459
824 556
824 951
824 793
824 893
824 457
824 97
280 891
280 689
280 458
280 882
280 329
280 459
280 556
280 951
280 793
280 893
280 457
280 97
793 893
793 457
793 97
396 578
396 891
396 689
396 458
396 882
396 329
396 459
396 556
396 951
396 893
396 457
396 97
856 933
856 882
856 329
856 459
856 556
856 951
856 893
856 457
856 97
329 459
329 556
329 951
329 893
329 457
329 97
882 459
882 556
882 951
882 893
882 457
882 97
934 892
934 427
934 578
934 891
934 689
934 458
934 556
934 951
934 893
934 457
934 97
934 660
934 96
933 459
933 951
933 893
933 457
933 97
933 660
933 96
427 578
427 891
427 689
427 458
427 556
427 893
427 457
427 97
427 660
427 96
951 457
951 97
951 660
951 96
19 18
19 565
19 183
18 565
18 183
565 183
696 137
696 138
137 138
164 67
164 255
164 683
164 412
164 439
164 919
164 321
164 533
164 913
163 663
163 211
163 331
163 29
163 452
163 210
163 914
163 162
163 497
163 847
163 28
163 67
163 255
163 683
163 412
163 439
163 919
163 321
163 533
163 913
163 863
162 497
162 847
162 28
162 67
162 255
162 683
162 412
162 439
162 919
162 321
162 533
162 913
162 863
784 683
784 412
784 439
784 919
784 321
784 533
784 913
784 863
532 283
532 861
532 727
532 956
532 683
532 412
532 439
532 919
532 321
532 533
532 913
532 863
919 321
919 533
919 913
919 863
283 861
283 727
283 956
283 683
283 412
283 439
283 321
283 533
283 913
283 863
901 913
901 863
459 457
459 97
459 660
459 96
459 407
893 660
893 97
893 457
458 556
458 660
458 97
458 96
458 407
458 557
457 96
457 407
457 557
991 892
991 578
991 891
991 689
991 556
991 660
991 97
991 407
991 557
29 331
29 211
29 663
29 912
28 847
28 497
28 914
28 210
28 452
28 331
28 211
28 663
28 912
604 727
604 956
604 683
604 412
604 439
604 321
604 255
604 67
604 847
604 497
604 914
604 210
604 452
604 331
604 211
604 663
604 912
412 439
412 321
412 255
412 67
412 847
412 497
412 914
412 210
412 452
412 331
412 211
412 663
412 912
863 533
863 67
863 847
863 497
863 914
863 210
863 452
863 331
863 211
863 663
863 912
331 211
331 663
331 912
727 956
727 683
727 439
727 321
727 255
727 847
727 497
727 914
727 210
727 452
727 211
727 663
727 912
222 913
222 533
222 67
222 497
222 914
222 210
222 452
222 211
222 663
222 912
847 914
847 210
847 452
847 211
847 663
847 912
533 67
533 497
533 210
533 452
533 211
533 663
533 912
663 912
67 497
67 210
67 452
67 211
67 912
652 899
652 913
652 497
652 210
652 452
652 211
652 912
150 149
150 700
150 417
150 561
149 700
149 417
149 561
700 417
700 561
417 561
503 502
501 502
211 452
211 210
211 497
211 913
211 899
211 976
210 497
210 913
210 899
210 976
683 439
683 321
683 255
683 914
683 912
683 452
683 497
683 913
683 899
683 976
255 914
255 912
255 452
255 497
255 913
255 899
255 976
861 439
861 321
861 914
861 912
861 452
861 497
861 913
861 899
861 976
497 913
497 899
497 976
439 321
439 914
439 912
439 452
439 913
439 899
956 914
956 912
956 452
956 913
956 899
452 913
452 899
321 912
321 913
557 407
557 97
557 660
557 556
557 689
557 891
557 578
557 892
556 689
556 891
556 578
556 892
11 96
11 407
11 97
11 660
11 689
11 891
11 578
11 892
578 892
407 97
407 660
407 689
407 891
407 892
660 689
660 891
660 892
914 913
914 912
892 891
892 689
892 97
892 96
891 689
891 97
891 96
529 689
529 97
529 96
689 97
689 96
