100 100 100
77 32 77 77 7 90 50 77 73 21 77 10 77 77 19 72 77 46 84 38 27 77 49 68 77 77 93 5 77 77 78 18 77 77 77 77 77 74 77 77 89 87 77 77 77 58 66 2 88 41 77 77 16 77 77 77 77 53 77 77 28 77 61 77 65 12 6 81 77 77 77 23 48 42 77 77 15 95 77 77 63 77 77 67 77 77 31 47 96 9 77 77 97 77 24 65 20 77 77 77
2 3 7 10 12 13 16 21 24 25 28 29 32 33 34 35 36 38 39 42 43 44 50 51 53 54 55 56 58 59 61 63 68 69 70 74 75 78 79 81 82 84 85 90 91 93 97 98 99 100 15 49 88 23 9 48 27 52 72 47 6 73 80 11 65 64 41 8 76 19 60 31 17 18 1 94 46 62 66 30 22 45 40 14 67 89 57 37 5 87 92 77 71 86 95 26 83 96 4 20
2 33 44
2 30 40
2 41 69
2 25 68
2 8 11
2 42 74
2 16 15
2 9 71
2 34 30
2 36 3
2 8 62
2 26 47
2 36 50
2 37 61
2 42 87
2 40 82
2 22 11
2 49 96
2 2 34
2 8 37
2 44 66
2 45 44
2 18 92
2 6 43
2 3 73
2 43 29
2 46 83
2 14 31
2 24 91
2 17 76
2 27 43
2 13 38
2 46 44
2 44 31
2 14 31
2 1 61
2 42 88
2 20 74
2 20 86
2 16 28
2 19 6
2 6 53
2 8 67
2 18 19
2 34 52
2 41 25
2 6 63
2 29 31
2 35 58
2 30 52
2 42 61
2 1 5
2 28 31
2 5 68
2 33 68
2 11 4
2 6 14
2 39 12
2 16 22
2 14 91
2 13 2
2 12 93
2 7 8
2 49 77
2 1 41
2 25 29
2 42 9
2 48 62
2 45 90
2 32 75
2 40 45
2 39 34
2 30 52
2 33 16
2 40 71
2 3 97
2 13 23
2 12 23
2 47 81
2 12 9
2 8 30
2 1 84
2 13 22
2 36 65
2 33 26
2 14 33
2 41 21
2 42 40
2 4 31
2 40 34
2 48 35
2 5 28
2 41 80
2 16 33
2 4 83
2 14 30
2 34 70
2 2 12
1 46 98
2 28 8
