100 100 100
67 18 52 67 40 67 67 81 49 55 67 89 67 57 67 76 67 20 67 12 67 67 16 67 67 34 79 9 66 67 59 67 67 72 54 67 8 31 67 2 67 67 67 67 67 67 67 67 14 90 67 53 58 61 88 50 62 5 95 67 3 27 67 92 67 98 23 67 67 67 67 64 67 67 28 56 67 67 38 29 35 67 67 67 67 67 67 88 10 75 67 37 67 67 80 67 26 97 67 67
3 5 6 10 12 14 16 18 20 21 23 24 29 31 32 35 38 40 41 42 43 44 45 46 47 50 52 59 62 64 67 68 69 70 72 73 76 77 81 82 83 84 85 86 90 92 93 95 98 99 100 79 54 97 25 65 13 28 74 96 94 9 2 7 57 17 11 71 53 89 61 15 33 49 34 88 22 30 51 66 63 26 87 55 58 39 36 27 4 60 80 56 91 1 48 8 75 78 19 37
2 50 18
2 38 25
2 41 2
2 33 78
2 2 84
2 40 61
2 40 14
2 39 45
2 24 22
2 32 92
2 41 61
2 41 75
2 10 26
2 19 30
2 33 79
2 3 35
2 9 92
2 22 86
2 5 12
2 18 9
2 13 56
2 18 81
2 1 72
2 2 73
2 43 27
2 33 43
2 25 86
2 18 11
2 14 28
2 6 32
2 37 61
2 8 97
2 25 75
2 29 42
2 49 29
2 46 40
2 5 53
2 32 51
2 26 9
2 32 84
2 24 8
2 7 14
2 29 77
2 20 96
2 44 68
2 19 28
2 25 31
2 29 62
2 30 60
2 18 75
2 21 23
2 13 43
2 28 22
2 42 28
2 50 88
2 28 17
2 3 18
2 35 92
2 20 13
2 40 94
2 45 25
2 45 79
2 20 82
2 11 2
2 30 85
2 4 17
2 35 75
2 5 41
2 24 58
2 45 21
2 5 48
2 1 78
2 34 83
2 27 73
2 1 1
2 41 59
2 32 39
2 21 18
2 5 48
2 35 24
2 16 97
2 38 65
2 22 65
2 11 14
2 49 87
2 24 33
2 13 18
2 12 98
2 28 44
2 33 46
2 1 16
2 43 84
2 31 34
2 6 56
2 35 38
2 15 2
2 30 56
2 45 52
2 43 2
2 35 40
