1 100
100
1 49
34 54
70 48
94 32
75 15
82 18
97 85
15 88
37 93
15 35
96 3
72 23
7 99
81 15
31 71
5 99
48 38
54 44
13 64
95 4
55 99
54 35
95 74
22 30
41 70
54 12
27 42
67 20
34 41
48 78
3 27
27 29
35 19
76 44
38 43
18 53
26 74
37 49
72 22
40 73
92 98
81 13
36 55
21 28
50 29
87 46
7 71
32 74
74 75
86 48
64 57
76 37
31 7
56 63
56 64
4 24
44 33
27 43
62 14
40 83
17 42
8 79
77 64
42 33
55 4
75 46
89 37
5 67
37 37
62 3
13 33
15 61
55 27
23 59
41 3
84 88
77 72
71 70
23 81
37 81
10 32
49 67
19 77
52 25
29 56
14 73
49 26
34 14
10 81
85 42
46 26
75 77
29 16
76 80
66 33
75 60
76 76
51 22
1 74
68 11
