5 50
20
1 20
9 22
5 27
11 13
4 23
38 10
42 49
11 7
32 40
26 39
46 21
18 40
34 5
15 33
49 38
9 5
29 31
5 8
41 14
19 22
22
43 28
43 47
12 15
12 3
31 7
48 24
13 30
27 11
2 29
3 48
7 27
1 33
28 33
14 46
36 9
24 34
39 7
41 14
49 7
14 17
10 11
33 43
17
26 31
9 1
23 44
43 9
35 22
13 3
17 28
14 22
26 40
24 8
23 12
38 46
35 47
1 16
49 17
9 12
35 34
25
12 35
18 12
2 40
47 1
8 26
42 6
34 29
20 33
19 43
36 23
40 5
7 27
44 49
21 1
26 36
16 21
38 9
5 43
28 6
23 13
4 40
42 5
31 3
44 38
39 33
16
45 47
6 46
45 10
35 1
8 18
3 8
40 36
15 8
48 25
41 34
24 25
12 3
15 4
25 39
8 6
14 30
