5 100
20
1 5
8 39
81 87
91 62
53 98
72 63
2 93
35 98
57 70
95 13
90 98
45 3
33 32
70 48
45 87
49 1
18 11
24 94
25 53
12 88
24
67 18
32 74
50 15
17 36
83 39
72 62
90 2
15 38
32 73
17 49
96 34
24 76
20 85
61 75
56 9
17 59
84 78
54 2
51 89
50 47
86 34
81 35
70 78
43 9
11
83 79
73 71
32 43
49 16
24 18
86 18
7 72
40 29
96 98
19 94
14 86
19
8 36
7 9
44 88
41 81
40 84
81 20
30 48
57 56
24 60
25 68
55 24
22 4
62 80
84 57
35 11
22 14
89 9
78 41
73 19
26
96 54
28 84
85 1
98 97
20 20
69 71
61 17
94 27
86 98
20 33
88 93
95 45
82 9
79 99
53 44
52 35
25 51
78 18
34 73
31 39
37 69
82 43
28 31
46 73
76 83
5 79
