10 50
11
1 36
18 16
2 3
45 44
22 12
31 16
47 45
23 30
48 31
4 36
27 46
16
22 44
9 14
34 31
22 49
10 26
46 5
44 39
27 36
3 34
41 16
12 22
39 27
1 19
35 31
8 14
31 7
9
39 14
39 12
45 31
42 40
46 47
24 36
25 48
7 3
18 24
9
46 10
26 9
26 14
4 23
12 3
13 7
5 23
25 48
31 26
10
13 21
8 18
23 21
32 41
4 45
2 5
40 46
26 17
42 21
27 22
12
47 33
24 48
37 48
6 45
15 19
7 13
25 12
11 26
45 37
13 1
18 8
10 29
7
21 29
40 34
11 18
10 5
16 49
18 2
39 44
9
22 8
3 12
41 25
37 33
13 9
4 4
19 7
36 36
22 27
9
32 5
8 49
44 12
15 5
31 5
23 21
37 9
47 17
31 20
8
27 29
13 32
38 45
28 44
22 20
47 22
44 3
6 15
