10 100
13
1 37
69 93
54 58
20 11
95 57
83 3
10 61
1 41
42 67
61 74
52 2
99 98
72 17
7
92 29
21 89
77 12
8 34
79 67
72 26
6 66
12
43 49
56 11
17 27
42 87
53 72
19 5
27 15
52 36
42 39
82 48
5 28
86 14
9
77 61
40 17
96 68
62 1
26 73
42 76
40 76
24 66
14 1
13
91 69
35 2
19 46
55 23
55 80
51 27
48 89
79 41
45 53
51 82
50 40
29 85
71 25
9
53 93
49 82
83 53
24 89
44 18
65 8
14 80
65 46
46 45
11
53 98
44 35
98 28
74 29
6 50
97 9
37 97
54 85
99 22
16 80
54 70
11
64 20
99 36
13 96
50 55
43 25
46 18
82 72
65 47
64 38
68 23
48 41
9
23 27
90 35
42 34
2 54
36 79
14 95
45 43
89 75
57 3
6
66 59
18 80
75 97
1 28
80 14
73 17
