100 100
1
1 66
1
63 47
1
2 18
1
87 8
1
11 88
1
73 7
1
72 45
1
39 31
1
99 92
1
85 36
1
55 78
1
77 16
1
50 39
1
37 11
1
87 9
1
81 58
1
81 75
1
78 25
1
28 96
1
50 57
1
98 6
1
21 66
1
56 10
1
51 69
1
75 73
1
76 27
1
25 26
1
38 93
1
10 92
1
44 73
1
22 37
1
50 93
1
76 42
1
75 29
1
45 47
1
70 20
1
65 74
1
10 7
1
87 63
1
45 31
1
71 23
1
33 1
1
37 87
1
36 93
1
17 45
1
98 35
1
62 74
1
79 77
1
52 22
1
10 12
1
65 3
1
83 93
1
39 84
1
88 72
1
11 77
1
2 27
1
45 5
1
14 82
1
50 86
1
41 26
1
82 84
1
89 40
1
47 23
1
4 34
1
26 64
1
88 97
1
33 46
1
62 77
1
54 20
1
86 96
1
1 70
1
25 66
1
98 28
1
61 34
1
36 98
1
13 79
1
86 82
1
55 37
1
51 92
1
71 68
1
29 76
1
5 60
1
88 52
1
66 2
1
64 47
1
33 74
1
56 58
1
71 15
1
52 69
1
26 67
1
27 29
1
7 16
1
68 64
1
65 65
1
42 73
1
12 14
1
55 89
1
12 84
1
34 66
1
92 28
