100 100
1
1 8
1
23 4
1
71 3
1
80 9
1
23 8
1
31 10
1
48 4
1
33 7
1
67 3
1
27 2
1
4 4
1
39 6
1
87 9
1
60 3
1
82 3
1
93 6
1
83 6
1
48 1
1
53 2
1
47 10
1
50 9
1
51 9
1
73 1
1
78 2
1
74 1
1
34 10
1
3 8
1
25 7
1
84 1
1
67 7
1
24 6
1
48 4
1
82 10
1
35 2
1
34 6
1
30 4
1
48 6
1
76 5
1
94 2
1
75 5
1
31 7
1
21 8
1
95 10
1
1 2
1
58 7
1
60 10
1
42 2
1
92 10
1
13 10
1
64 8
1
69 8
1
34 7
1
47 7
1
9 9
1
41 10
1
80 1
1
96 3
1
50 1
1
66 8
1
57 9
1
26 1
1
39 7
1
78 3
1
2 6
1
29 5
1
15 1
1
5 10
1
27 5
1
67 3
1
42 8
1
3 5
1
36 9
1
79 2
1
11 7
1
35 8
1
93 10
1
53 3
1
33 3
1
44 8
1
8 9
1
96 4
1
22 2
1
55 4
1
13 4
1
30 9
1
67 5
1
13 4
1
11 8
1
60 4
1
79 4
1
31 10
1
40 5
1
66 2
1
97 3
1
11 3
1
5 1
1
62 5
1
11 5
1
5 4
1
56 8
