100 100
1
1 6
1
35 5
1
5 4
1
22 3
1
54 9
1
7 4
1
48 8
1
74 10
1
33 7
1
41 9
1
24 3
1
32 9
1
40 8
1
50 10
1
25 3
1
68 9
1
55 9
1
10 10
1
28 4
1
10 4
1
13 4
1
14 2
1
65 10
1
16 2
1
40 7
1
57 7
1
23 9
1
7 1
1
7 1
1
31 5
1
67 8
1
4 2
1
17 2
1
34 10
1
33 4
1
59 6
1
63 7
1
13 1
1
14 6
1
6 1
1
50 6
1
92 10
1
33 4
1
16 5
1
64 10
1
6 3
1
20 9
1
3 1
1
5 5
1
31 7
1
71 7
1
16 2
1
62 6
1
7 3
1
2 1
1
7 2
1
95 9
1
7 3
1
7 1
1
66 9
1
33 7
1
18 2
1
20 10
1
40 9
1
54 6
1
55 5
1
46 6
1
36 4
1
10 3
1
5 5
1
28 4
1
75 8
1
22 3
1
73 9
1
70 10
1
14 2
1
12 1
1
6 2
1
32 9
1
18 4
1
8 1
1
66 8
1
74 8
1
13 9
1
16 3
1
15 3
1
14 3
1
13 1
1
8 4
1
44 4
1
8 3
1
13 5
1
83 8
1
25 7
1
10 2
1
14 2
1
36 7
1
74 9
1
54 6
1
20 5
