100 100
1
1 63
1
75 44
1
37 50
1
74 63
1
97 49
1
84 94
1
97 33
1
80 1
1
7 16
1
3 31
1
66 55
1
44 71
1
73 99
1
64 47
1
28 41
1
94 79
1
31 70
1
46 69
1
25 15
1
64 26
1
32 38
1
30 21
1
74 31
1
83 72
1
76 96
1
22 96
1
76 39
1
63 41
1
75 97
1
17 39
1
98 34
1
75 73
1
55 53
1
16 91
1
70 89
1
68 25
1
17 17
1
59 59
1
31 30
1
2 90
1
72 70
1
18 15
1
60 28
1
51 69
1
68 96
1
44 10
1
26 98
1
99 6
1
14 21
1
32 53
1
13 22
1
14 53
1
69 76
1
37 54
1
52 20
1
5 26
1
46 14
1
29 73
1
95 47
1
97 21
1
30 39
1
22 50
1
5 29
1
29 26
1
88 46
1
61 7
1
71 16
1
18 57
1
79 16
1
27 55
1
99 66
1
40 94
1
31 61
1
10 15
1
98 43
1
82 61
1
52 7
1
46 25
1
77 59
1
95 77
1
34 64
1
44 75
1
34 5
1
61 79
1
65 8
1
93 89
1
68 60
1
78 57
1
99 31
1
21 83
1
94 84
1
93 57
1
68 8
1
86 48
1
39 30
1
40 42
1
71 90
1
34 66
1
34 60
1
75 39
