100 100
1
1 6
1
7 5
1
36 7
1
23 9
1
19 9
1
12 6
1
21 8
1
58 6
1
31 10
1
64 1
1
16 10
1
98 4
1
72 2
1
11 8
1
95 3
1
78 1
1
91 1
1
11 5
1
32 1
1
38 3
1
16 3
1
84 9
1
67 3
1
26 7
1
55 10
1
27 1
1
22 7
1
42 3
1
40 2
1
62 9
1
87 1
1
81 3
1
39 2
1
8 8
1
57 9
1
70 7
1
12 7
1
21 7
1
90 3
1
1 7
1
62 5
1
71 6
1
80 7
1
42 3
1
69 5
1
6 9
1
24 2
1
62 5
1
99 4
1
4 6
1
76 5
1
97 9
1
23 1
1
79 4
1
13 6
1
91 4
1
5 8
1
68 10
1
33 2
1
15 3
1
81 4
1
82 1
1
70 8
1
72 10
1
69 4
1
57 8
1
38 6
1
19 3
1
73 1
1
42 1
1
47 7
1
35 4
1
70 7
1
59 10
1
46 5
1
73 2
1
24 7
1
70 10
1
4 3
1
22 1
1
99 2
1
1 5
1
20 7
1
57 4
1
9 6
1
97 7
1
33 1
1
24 10
1
11 6
1
73 9
1
46 7
1
84 2
1
8 6
1
70 8
1
22 7
1
6 5
1
6 9
1
84 4
1
49 6
1
99 8
