100 100
1
1 3
1
77 9
1
100 10
1
12 4
1
50 8
1
72 10
1
25 5
1
39 7
1
17 6
1
32 3
1
30 3
1
14 6
1
52 7
1
59 6
1
28 3
1
9 8
1
10 7
1
61 10
1
40 9
1
63 10
1
82 8
1
14 2
1
45 4
1
36 7
1
72 8
1
24 7
1
44 7
1
4 1
1
29 3
1
40 5
1
29 8
1
23 6
1
47 6
1
32 10
1
90 10
1
2 1
1
40 5
1
25 2
1
10 1
1
5 2
1
9 7
1
39 6
1
40 4
1
23 9
1
10 2
1
10 3
1
25 2
1
27 3
1
40 8
1
17 8
1
33 3
1
43 5
1
91 9
1
27 3
1
11 6
1
61 10
1
50 9
1
19 2
1
10 8
1
11 2
1
19 5
1
28 5
1
8 1
1
42 7
1
9 1
1
93 10
1
22 2
1
6 2
1
47 9
1
26 4
1
91 9
1
50 7
1
26 8
1
62 6
1
41 9
1
55 9
1
21 7
1
8 4
1
68 9
1
7 1
1
12 10
1
42 6
1
52 6
1
73 8
1
13 3
1
9 1
1
4 3
1
74 7
1
10 10
1
39 9
1
12 2
1
42 7
1
55 9
1
41 4
1
50 10
1
27 6
1
52 5
1
12 4
1
61 6
1
9 2
