100 100
1
1 75
1
24 51
1
81 20
1
19 4
1
74 72
1
89 56
1
51 82
1
4 76
1
48 55
1
77 90
1
84 93
1
18 74
1
7 33
1
93 84
1
32 35
1
78 94
1
9 29
1
70 25
1
77 34
1
10 80
1
57 60
1
90 41
1
53 90
1
24 65
1
2 66
1
58 52
1
89 80
1
47 30
1
59 74
1
90 65
1
38 23
1
91 76
1
63 42
1
24 34
1
34 58
1
27 95
1
3 18
1
33 81
1
61 78
1
74 20
1
69 24
1
75 82
1
41 40
1
16 71
1
27 48
1
18 75
1
41 12
1
16 33
1
63 57
1
62 24
1
90 83
1
21 20
1
76 90
1
26 51
1
54 14
1
55 80
1
62 99
1
18 12
1
35 10
1
98 95
1
62 90
1
56 31
1
4 70
1
77 44
1
69 98
1
86 87
1
41 50
1
81 48
1
19 92
1
83 19
1
14 41
1
75 90
1
88 50
1
40 65
1
52 86
1
75 49
1
55 5
1
65 19
1
13 91
1
27 45
1
32 91
1
31 38
1
72 68
1
49 75
1
21 27
1
28 8
1
60 24
1
95 34
1
83 84
1
52 68
1
5 92
1
65 62
1
25 49
1
87 87
1
65 9
1
64 83
1
57 58
1
76 47
1
58 51
1
58 98
