100 100
1
1 2
1
41 2
1
2 1
1
2 2
1
15 9
1
65 4
1
42 7
1
61 7
1
98 10
1
37 8
1
31 10
1
14 5
1
29 10
1
12 10
1
40 3
1
52 6
1
74 7
1
80 8
1
9 2
1
72 8
1
86 6
1
69 6
1
90 10
1
24 10
1
33 9
1
69 3
1
9 2
1
52 8
1
50 8
1
80 7
1
7 1
1
30 1
1
96 1
1
61 9
1
66 4
1
98 8
1
55 2
1
14 4
1
13 10
1
29 10
1
5 4
1
5 3
1
26 4
1
79 9
1
79 9
1
4 9
1
4 9
1
42 2
1
43 3
1
78 5
1
51 8
1
61 7
1
2 9
1
80 9
1
90 9
1
66 2
1
31 3
1
11 9
1
17 5
1
11 4
1
62 5
1
5 8
1
48 4
1
36 10
1
96 8
1
6 3
1
20 8
1
67 9
1
67 3
1
15 6
1
6 1
1
23 2
1
92 6
1
85 6
1
43 1
1
32 7
1
52 8
1
84 2
1
43 2
1
67 6
1
50 1
1
3 7
1
64 10
1
14 7
1
39 9
1
83 10
1
98 6
1
64 10
1
33 5
1
3 3
1
87 8
1
30 10
1
30 10
1
62 6
1
70 4
1
62 9
1
11 4
1
37 1
1
2 8
1
49 7
