100 100
1
1 10
1
61 7
1
42 10
1
10 10
1
53 6
1
17 2
1
23 2
1
12 8
1
37 4
1
40 6
1
35 7
1
33 6
1
51 7
1
10 2
1
43 7
1
28 6
1
73 7
1
44 4
1
43 8
1
31 7
1
101 10
1
42 8
1
10 4
1
45 6
1
40 8
1
61 6
1
9 2
1
41 5
1
48 9
1
22 2
1
18 2
1
35 4
1
15 7
1
20 4
1
95 9
1
11 2
1
14 1
1
13 5
1
26 8
1
39 7
1
60 10
1
29 3
1
13 1
1
62 10
1
14 5
1
42 8
1
52 6
1
63 9
1
8 2
1
4 4
1
15 2
1
17 8
1
14 1
1
41 8
1
65 7
1
14 3
1
7 2
1
58 8
1
41 4
1
7 6
1
25 4
1
73 7
1
4 1
1
30 7
1
31 3
1
38 4
1
54 6
1
34 5
1
10 5
1
40 7
1
16 4
1
13 2
1
11 2
1
42 7
1
13 5
1
13 6
1
53 6
1
10 2
1
11 8
1
67 9
1
31 6
1
19 9
1
62 10
1
43 5
1
10 3
1
94 9
1
90 10
1
58 7
1
4 2
1
17 3
1
13 10
1
8 2
1
24 7
1
32 3
1
13 6
1
6 3
1
13 6
1
64 9
1
11 1
1
11 2
