100 100
1
1 52
1
48 36
1
23 38
1
56 57
1
96 95
1
57 16
1
49 39
1
51 22
1
98 43
1
23 33
1
24 91
1
26 64
1
13 60
1
56 24
1
17 23
1
16 12
1
12 42
1
53 92
1
38 95
1
72 27
1
76 75
1
1 51
1
99 44
1
81 47
1
5 76
1
48 45
1
65 44
1
25 2
1
26 26
1
56 17
1
13 46
1
20 82
1
17 32
1
71 64
1
43 28
1
10 28
1
66 4
1
41 22
1
90 72
1
67 38
1
56 52
1
53 11
1
91 74
1
5 94
1
61 75
1
2 64
1
94 71
1
89 27
1
40 49
1
79 99
1
23 19
1
5 83
1
71 43
1
98 99
1
19 8
1
26 3
1
43 26
1
13 25
1
58 24
1
13 69
1
17 74
1
46 10
1
5 2
1
45 21
1
14 59
1
81 20
1
70 58
1
80 24
1
11 16
1
56 87
1
46 22
1
34 1
1
7 24
1
56 13
1
90 8
1
38 44
1
50 78
1
7 22
1
20 24
1
27 32
1
53 62
1
92 64
1
36 78
1
64 51
1
20 77
1
40 40
1
94 13
1
43 56
1
74 68
1
60 49
1
47 45
1
24 13
1
66 29
1
17 94
1
77 36
1
22 2
1
88 92
1
29 54
1
95 86
1
33 59
