100 100
1
1 10
1
51 10
1
29 8
1
73 8
1
31 6
1
43 10
1
27 3
1
14 9
1
9 1
1
41 8
1
10 1
1
18 4
1
48 9
1
25 3
1
14 1
1
13 5
1
29 9
1
45 5
1
55 9
1
9 3
1
20 6
1
10 9
1
41 6
1
26 4
1
46 6
1
53 6
1
52 10
1
18 2
1
66 7
1
12 2
1
28 4
1
19 3
1
45 5
1
37 4
1
58 7
1
4 1
1
33 6
1
14 3
1
20 4
1
12 3
1
9 2
1
42 10
1
36 4
1
102 10
1
42 5
1
54 9
1
40 6
1
23 2
1
18 2
1
70 10
1
10 1
1
8 1
1
33 5
1
20 8
1
65 8
1
14 4
1
19 9
1
39 9
1
9 1
1
28 3
1
35 4
1
43 6
1
31 6
1
11 1
1
12 2
1
50 6
1
46 7
1
10 1
1
25 10
1
20 10
1
6 1
1
6 1
1
75 7
1
31 7
1
65 7
1
11 1
1
31 4
1
57 8
1
49 5
1
61 7
1
21 2
1
34 4
1
22 3
1
7 2
1
10 2
1
41 8
1
45 6
1
17 2
1
50 6
1
36 8
1
50 7
1
10 1
1
63 7
1
73 9
1
14 5
1
15 1
1
26 4
1
4 2
1
26 4
1
3 1
