100 100
1
1 52
1
46 8
1
78 11
1
27 55
1
46 28
1
56 70
1
73 78
1
50 72
1
83 53
1
55 63
1
58 31
1
88 88
1
11 72
1
46 35
1
69 17
1
23 12
1
22 17
1
30 47
1
13 65
1
30 29
1
90 21
1
72 4
1
23 17
1
41 26
1
1 49
1
91 29
1
79 20
1
98 54
1
93 56
1
30 4
1
7 16
1
10 59
1
97 78
1
60 97
1
28 7
1
21 33
1
17 84
1
70 84
1
77 89
1
4 39
1
61 40
1
53 88
1
70 79
1
72 62
1
26 92
1
30 50
1
74 17
1
72 78
1
11 8
1
14 15
1
41 56
1
95 31
1
17 39
1
77 87
1
62 72
1
77 56
1
99 37
1
54 96
1
25 83
1
59 54
1
17 77
1
13 68
1
63 88
1
62 8
1
91 24
1
80 11
1
52 48
1
44 92
1
92 62
1
68 53
1
99 34
1
60 98
1
3 1
1
86 79
1
31 81
1
90 70
1
71 73
1
98 17
1
86 1
1
67 10
1
86 88
1
50 20
1
11 56
1
74 17
1
47 72
1
82 62
1
73 82
1
70 89
1
67 92
1
95 48
1
43 69
1
90 61
1
86 63
1
44 75
1
81 12
1
39 40
1
97 77
1
66 42
1
16 76
1
3 16
