100 100
1
1 2
1
95 11
1
22 81
1
93 79
1
47 15
1
2 44
1
13 57
1
68 66
1
63 21
1
75 40
1
77 75
1
45 83
1
14 83
1
31 82
1
70 61
1
62 31
1
23 54
1
40 36
1
71 78
1
72 97
1
27 96
1
18 32
1
25 78
1
99 36
1
52 69
1
52 44
1
17 32
1
32 94
1
11 70
1
31 74
1
27 74
1
72 61
1
20 74
1
32 24
1
86 12
1
52 51
1
73 46
1
14 14
1
25 92
1
71 99
1
70 74
1
47 2
1
88 28
1
89 57
1
35 17
1
89 87
1
75 8
1
66 8
1
53 48
1
80 3
1
44 94
1
60 26
1
95 91
1
17 17
1
85 21
1
6 80
1
25 43
1
24 43
1
93 50
1
64 28
1
65 48
1
63 95
1
60 99
1
29 45
1
59 51
1
92 3
1
93 78
1
82 58
1
91 29
1
18 5
1
36 40
1
38 6
1
30 54
1
78 70
1
60 30
1
88 37
1
66 60
1
71 32
1
18 72
1
19 44
1
44 21
1
11 37
1
54 96
1
71 18
1
95 98
1
48 50
1
90 35
1
53 39
1
48 34
1
66 94
1
58 16
1
28 23
1
12 21
1
65 21
1
67 19
1
17 29
1
20 58
1
45 13
1
63 66
1
7 76
