100 100
1
1 12
1
90 44
1
26 46
1
50 60
1
27 64
1
66 4
1
22 12
1
7 65
1
75 79
1
5 63
1
44 53
1
44 20
1
14 37
1
33 16
1
51 1
1
33 8
1
58 97
1
17 79
1
59 68
1
13 15
1
11 32
1
84 79
1
3 76
1
39 27
1
80 95
1
19 98
1
95 62
1
65 92
1
94 81
1
97 20
1
36 17
1
10 84
1
26 36
1
17 80
1
67 8
1
63 22
1
80 82
1
75 81
1
86 53
1
26 96
1
17 17
1
34 91
1
67 9
1
70 37
1
31 30
1
91 14
1
76 68
1
40 51
1
30 34
1
38 15
1
7 21
1
23 40
1
8 31
1
60 41
1
69 44
1
42 25
1
55 38
1
6 2
1
77 96
1
77 43
1
4 50
1
80 10
1
49 53
1
54 49
1
53 73
1
75 32
1
95 99
1
42 26
1
59 81
1
53 98
1
33 19
1
93 49
1
3 99
1
21 5
1
15 57
1
73 67
1
17 74
1
35 68
1
42 46
1
37 38
1
81 17
1
60 78
1
11 53
1
18 63
1
49 19
1
2 75
1
92 67
1
55 60
1
82 37
1
10 30
1
9 77
1
4 14
1
15 43
1
28 63
1
1 80
1
26 48
1
48 90
1
50 29
1
74 79
1
93 55
