100 100
1
1 1
1
2 9
1
1 1
1
1 1
1
1 1
1
1 1
1
7 6
1
1 1
1
1 1
1
1 1
1
1 1
1
1 1
1
1 1
1
1 1
1
1 1
1
1 1
1
1 1
1
1 1
1
1 1
1
1 1
1
1 1
1
1 1
1
1 1
1
1 1
1
1 1
1
1 1
1
1 1
1
1 1
1
1 1
1
1 1
1
1 1
1
1 1
1
1 1
1
1 1
1
1 1
1
1 1
1
1 1
1
1 1
1
1 1
1
1 1
1
1 1
1
1 1
1
1 1
1
1 1
1
1 1
1
1 1
1
1 1
1
1 1
1
1 1
1
1 1
1
1 1
1
1 1
1
1 1
1
1 1
1
7 8
1
1 1
1
1 1
1
1 1
1
1 1
1
1 1
1
1 1
1
1 1
1
1 1
1
1 1
1
1 1
1
1 1
1
1 1
1
4 10
1
1 1
1
1 1
1
1 1
1
1 1
1
1 1
1
1 1
1
1 1
1
10 4
1
1 1
1
1 1
1
1 1
1
1 1
1
1 1
1
1 1
1
1 1
1
1 1
1
1 1
1
1 1
1
1 1
1
1 1
1
1 1
1
1 1
1
1 1
1
1 1
1
1 1
1
1 1
1
1 1
1
1 1
1
1 1
1
1 1
1
1 1
1
1 1
