100 100
1
1 1
1
1 1
1
1 1
1
7 5
1
1 1
1
1 1
1
1 1
1
1 1
1
1 1
1
1 1
1
1 1
1
8 4
1
1 1
1
1 1
1
1 1
1
1 1
1
1 1
1
1 1
1
1 1
1
7 8
1
1 1
1
1 1
1
1 1
1
2 8
1
8 4
1
1 1
1
1 1
1
1 1
1
1 1
1
1 1
1
1 1
1
1 1
1
1 1
1
1 1
1
1 1
1
1 1
1
1 1
1
1 1
1
1 1
1
1 1
1
1 1
1
1 1
1
1 1
1
1 1
1
1 1
1
1 1
1
1 1
1
1 1
1
1 1
1
1 1
1
1 1
1
1 1
1
1 1
1
1 1
1
1 1
1
1 1
1
1 1
1
1 1
1
1 1
1
1 1
1
1 1
1
1 1
1
1 1
1
1 1
1
1 7
1
1 1
1
1 1
1
1 1
1
1 1
1
1 1
1
1 1
1
1 1
1
1 1
1
1 1
1
1 1
1
1 1
1
1 1
1
1 1
1
3 4
1
1 1
1
1 1
1
1 1
1
1 1
1
1 1
1
1 1
1
1 1
1
1 1
1
1 1
1
1 1
1
1 1
1
1 1
1
1 1
1
5 10
1
1 1
1
1 1
1
1 3
1
1 1
1
1 1
1
1 1
1
1 1
