100 100
1
1 1
1
5 10
1
1 1
1
2 2
1
1 1
1
6 2
1
8 3
1
3 6
1
1 1
1
1 1
1
1 1
1
1 10
1
8 5
1
1 1
1
10 4
1
10 8
1
2 7
1
1 1
1
1 6
1
1 7
1
1 1
1
1 1
1
10 5
1
8 4
1
2 6
1
1 1
1
4 2
1
1 1
1
6 7
1
1 1
1
1 1
1
1 1
1
3 4
1
1 1
1
5 8
1
9 6
1
1 1
1
1 1
1
1 1
1
1 9
1
3 9
1
7 5
1
1 1
1
5 5
1
1 1
1
7 3
1
7 9
1
9 7
1
1 1
1
1 1
1
1 1
1
1 1
1
1 1
1
3 5
1
6 2
1
6 5
1
1 1
1
1 1
1
2 2
1
1 1
1
6 7
1
1 1
1
1 1
1
4 9
1
2 10
1
1 1
1
1 1
1
1 1
1
1 1
1
1 1
1
1 1
1
1 1
1
10 3
1
1 1
1
1 1
1
9 3
1
1 1
1
4 8
1
1 3
1
1 1
1
1 1
1
5 7
1
3 2
1
1 1
1
1 1
1
7 10
1
1 1
1
5 3
1
1 1
1
2 9
1
10 3
1
6 3
1
10 6
1
1 1
1
7 8
1
10 9
1
1 1
1
8 1
1
1 1
1
1 1
