1 100
100
1 1
3 1
7 1
10 1
15 1
21 1
29 1
37 1
45 1
56 1
67 1
78 1
92 1
106 1
120 1
137 1
153 1
172 1
190 1
210 1
231 1
253 1
277 1
301 1
325 1
352 1
378 1
406 1
436 1
465 1
497 1
528 1
561 1
596 1
630 1
667 1
704 1
741 1
781 1
821 1
861 1
903 1
946 1
990 1
1036 1
1082 1
1129 1
1177 1
1225 1
1275 1
1327 1
1378 1
1432 1
1485 1
1541 1
1596 1
1653 1
1711 1
1771 1
1830 1
1891 1
1953 1
2016 1
2081 1
2145 1
2212 1
2279 1
2346 1
2415 1
2486 1
2557 1
2628 1
2701 1
2775 1
2850 1
2926 1
3004 1
3081 1
3160 1
3241 1
3321 1
3403 1
3486 1
3571 1
3656 1
3741 1
3829 1
3917 1
4005 1
4096 1
4186 1
4279 1
4372 1
4465 1
4561 1
4657 1
4753 1
4852 1
4951 1
5051 1
