1 100
100
1 1
6 1
8 1
10 1
32 1
23 1
57 1
36 1
47 1
56 1
134 1
158 1
93 1
210 1
122 1
272 1
154 1
344 1
382 1
211 1
233 1
255 1
553 1
602 1
327 1
702 1
756 1
814 1
870 1
467 1
497 1
528 1
1124 1
596 1
630 1
1333 1
1407 1
742 1
1560 1
821 1
1724 1
903 1
947 1
1982 1
1036 1
1082 1
2257 1
1176 1
1227 1
1275 1
1326 1
1380 1
1433 1
2970 1
1541 1
3192 1
3307 1
3422 1
3540 1
1832 1
3783 1
1955 1
4033 1
2082 1
2147 1
2211 1
4557 1
2346 1
2417 1
2485 1
5114 1
2629 1
5402 1
5551 1
2850 1
2926 1
6008 1
3083 1
3162 1
6480 1
6643 1
6806 1
3486 1
7141 1
3655 1
3742 1
3830 1
7832 1
8010 1
8192 1
4186 1
8557 1
8743 1
4467 1
4562 1
9314 1
9507 1
4851 1
9901 1
10102 1
