33 100
1
1 27
1
17 7
1
13 86
4
38 42
74 73
32 49
71 55
1
61 89
7
6 65
51 20
82 79
66 83
83 63
16 59
55 5
4
41 40
79 20
47 85
19 19
4
50 36
66 82
97 57
25 69
2
54 53
62 34
5
15 25
76 92
8 85
79 77
98 78
2
9 13
10 30
6
68 85
61 15
17 20
50 23
32 20
81 45
2
48 31
25 64
1
14 51
3
90 35
82 20
24 31
3
32 6
72 3
71 39
3
37 41
6 75
46 30
7
57 35
22 43
51 71
91 17
82 38
36 76
97 64
3
75 1
19 78
65 47
2
35 7
57 80
4
32 70
10 14
89 88
86 31
5
92 38
28 30
46 4
4 30
1 86
2
2 41
4 40
3
67 13
12 46
81 61
1
43 25
3
23 94
14 20
59 52
1
26 38
3
87 48
39 6
84 1
3
60 36
99 93
94 12
5
29 50
97 31
23 2
63 47
10 11
5
80 18
55 81
62 31
57 61
54 59
1
62 98
2
30 37
95 93
