YES
0111111111111110111111111111111111111111111
1011111111111111111101111111111111111111111
1101111111111111111111111101111111111111111
1110111110111111111111111111111111111111111
1111011111111111111111111111111111111011111
1111101111111111111111110111111111111111111
1111110111111111111111011111111111111111111
1110111011111111111111111111111111111111111
1111111101111111111111111111111111101111111
1111111110111111111111111111111101111111111
1111111101011111111111111111111111111111111
1111111111101111111111111111111110111111111
1101111111110111111111111111111111111111111
1111111111111011111111111111101111111111111
1111111111111101111111111111110111111111111
1111111111111110111111111111111111111101111
1111110111111111011111111111111111111111111
1111111111111111101110111111111111111111111
0111111111111111110111111111111111111111111
1111111111111111111011111111111111111110111
1111111111011111111101111111111111111111111
1111111111110111111110111111111111111111111
1111111111111111111111001111111111111111111
1111111111111111111111101111011111111111111
1111111111111111111111110110111111111111111
1111111111111101111111111011111111111111111
1111111111111111111111111101111111011111111
1011111111111111111111111110111111111111111
1111111111111111011111111111011111111111111
1111111111111111111111111111101011111111111
1111101111111111111111111111110111111111111
1111111111111011111111111111111011111111111
1111111111101111111111111111111101111111111
1111111111111111111111111111111110111111101
1111111111111111111111111111111111011111110
1111111111111111111111111011111111101111111
1111111111111111110111111111111111110111111
1111111111111111111011111111111111111011111
1111111011111111111111111111111111111101111
1111011111111111111111111111111111111110111
1111111111111111111111111111111111110111011
1111111111111111111111111111111111111111001
1111111111111111101111111111111111111111110
