1000000000 10000
667 668
4345 4346
7972 7973
2048 2049
6493 6494
3502 3503
5493 5494
428 429
8779 8780
8189 8190
2535 2536
3114 3115
6409 6410
3644 3645
9100 9101
7207 7208
4091 4092
8451 8452
5563 5564
5752 5753
230 231
6164 6165
4162 4163
5816 5817
1074 1075
4830 4831
1826 1827
1647 1648
1477 1478
6079 6080
2174 2175
6289 6290
4542 4543
3751 3752
5011 5012
9328 9329
9649 9650
8055 8056
8677 8678
6668 6669
9711 9712
440 441
2717 2718
7079 7080
6796 6797
5839 5840
4100 4101
7036 7037
7095 7096
8292 8293
9523 9524
9427 9428
3822 3823
6344 6345
9725 9726
1400 1401
3399 3400
9648 9649
3844 3845
9454 9455
4196 4197
9475 9476
481 482
9780 9781
2043 2044
2465 2466
2231 2232
388 389
3495 3496
5348 5349
2800 2801
9958 9959
8237 8238
7996 7997
4320 4321
2369 2370
7532 7533
7440 7441
8117 8118
3340 3341
5716 5717
846 847
858 859
4773 4774
8551 8552
3414 3415
5288 5289
6195 6196
9657 9658
7296 7297
8373 8374
3449 3450
5566 5567
1928 1929
259 260
1572 1573
240 241
7940 7941
5459 5460
9595 9596
7603 7604
5244 5245
1479 1480
5655 5656
1643 1644
413 414
3915 3916
7625 7626
1863 1864
4324 4325
2177 2178
9408 9409
2633 2634
8232 8233
6734 6735
8737 8738
4605 4606
9397 9398
1720 1721
9374 9375
7929 7930
5433 5434
3019 3020
8041 8042
4173 4174
3295 3296
7472 7473
1985 1986
2712 2713
4233 4234
7173 7174
5053 5054
9720 9721
1744 1745
1451 1452
4332 4333
1323 1324
625 626
7075 7076
5818 5819
9364 9365
1238 1239
5527 5528
4931 4932
5987 5988
7261 7262
9091 9092
8508 8509
3862 3863
7342 7343
9226 9227
8800 8801
8388 8389
3622 3623
9473 9474
3484 3485
6387 6388
1419 1420
1989 1990
9096 9097
4127 4128
3910 3911
1495 1496
1917 1918
672 673
1556 1557
9228 9229
2644 2645
9467 9468
3792 3793
9724 9725
775 776
2426 2427
8684 8685
4978 4979
6160 6161
671 672
9044 9045
8533 8534
366 367
8824 8825
5754 5755
943 944
3979 3980
6382 6383
6953 6954
6519 6520
7628 7629
5403 5404
6923 6924
2722 2723
9653 9654
1701 1702
1388 1389
4049 4050
6233 6234
3335 3336
7397 7398
3107 3108
1552 1553
2806 2807
1246 1247
1367 1368
6097 6098
2981 2982
6960 6961
582 583
8026 8027
6403 6404
4259 4260
5826 5827
7692 7693
9105 9106
9177 9178
1503 1504
9013 9014
9139 9140
1201 1202
446 447
1511 1512
6695 6696
3192 3193
4732 4733
5962 5963
8007 8008
5618 5619
2684 2685
5632 5633
9604 9605
8236 8237
6783 6784
7067 7068
1051 1052
6089 6090
2316 2317
4558 4559
3989 3990
4003 4004
4368 4369
2186 2187
9850 9851
3062 3063
9278 9279
4951 4952
8932 8933
6869 6870
2444 2445
1727 1728
1737 1738
4078 4079
318 319
8608 8609
5920 5921
9945 9946
2938 2939
915 916
6721 6722
391 392
1715 1716
7710 7711
7948 7949
1924 1925
7924 7925
712 713
4304 4305
4903 4904
2788 2789
2931 2932
707 708
5125 5126
161 162
7598 7599
7172 7173
9255 9256
5231 5232
962 963
412 413
4590 4591
8912 8913
2880 2881
441 442
1757 1758
8342 8343
5698 5699
3166 3167
5514 5515
3578 3579
3284 3285
5050 5051
9989 9990
4157 4158
9606 9607
3933 3934
4958 4959
7405 7406
8362 8363
9844 9845
4062 4063
6118 6119
2027 2028
9051 9052
9503 9504
8150 8151
6894 6895
3648 3649
7522 7523
9572 9573
6936 6937
7752 7753
9460 9461
1795 1796
689 690
929 930
2252 2253
8918 8919
7507 7508
7223 7224
7058 7059
9825 9826
511 512
2255 2256
8217 8218
8034 8035
8418 8419
3946 3947
7956 7957
256 257
6530 6531
9066 9067
5775 5776
9559 9560
982 983
1997 1998
760 761
7052 7053
9311 9312
5413 5414
8171 8172
6766 6767
2105 2106
8408 8409
6182 6183
1356 1357
4323 4324
8977 8978
4651 4652
643 644
2677 2678
8385 8386
1654 1655
5565 5566
1943 1944
611 612
8799 8800
4793 4794
7537 7538
1488 1489
8122 8123
6431 6432
4294 4295
8068 8069
1494 1495
8995 8996
3564 3565
4667 4668
8484 8485
3514 3515
5240 5241
2492 2493
1937 1938
6381 6382
3986 3987
5327 5328
5406 5407
8417 8418
218 219
8645 8646
7523 7524
9037 9038
2489 2490
1912 1913
1091 1092
6398 6399
928 929
5287 5288
7304 7305
7729 7730
8193 8194
8398 8399
7804 7805
3764 3765
8287 8288
9425 9426
2862 2863
4820 4821
5136 5137
5561 5562
7966 7967
3479 3480
5827 5828
9605 9606
4395 4396
9064 9065
261 262
7609 7610
9645 9646
5250 5251
8647 8648
1594 1595
6172 6173
1708 1709
2718 2719
2155 2156
2795 2796
8553 8554
8094 8095
808 809
7319 7320
504 505
8959 8960
3600 3601
8073 8074
6629 6630
8777 8778
3719 3720
9479 9480
4787 4788
9564 9565
3827 3828
7026 7027
5067 5068
437 438
1613 1614
2603 2604
5687 5688
5124 5125
9 10
2142 2143
9213 9214
7809 7810
4885 4886
462 463
6769 6770
5169 5170
6035 6036
4374 4375
1432 1433
9428 9429
9615 9616
5815 5816
6855 6856
7053 7054
8348 8349
7151 7152
1266 1267
9077 9078
1729 1730
741 742
9276 9277
2472 2473
1406 1407
8975 8976
2643 2644
3470 3471
9375 9376
6016 6017
6069 6070
8928 8929
2794 2795
9199 9200
4114 4115
3068 3069
3519 3520
529 530
5741 5742
9992 9993
5189 5190
2651 2652
2128 2129
1698 1699
1267 1268
1973 1974
6155 6156
9323 9324
2999 3000
5792 5793
7056 7057
4994 4995
9516 9517
911 912
4748 4749
3732 3733
184 185
3385 3386
8009 8010
7626 7627
5777 5778
4405 4406
8954 8955
378 379
1485 1486
8357 8358
8683 8684
5238 5239
595 596
551 552
5812 5813
8776 8777
4504 4505
8008 8009
814 815
700 701
898 899
1610 1611
1559 1560
3058 3059
2531 2532
6836 6837
1471 1472
5412 5413
2153 2154
8620 8621
5663 5664
3881 3882
5368 5369
9610 9611
2953 2954
3158 3159
399 400
5200 5201
2629 2630
8129 8130
3778 3779
4169 4170
6860 6861
5810 5811
2558 2559
807 808
670 671
7326 7327
6871 6872
2838 2839
9722 9723
2490 2491
9164 9165
1925 1926
3561 3562
8980 8981
9020 9021
3509 3510
5176 5177
6561 6562
3850 3851
3110 3111
7236 7237
3993 3994
1349 1350
9672 9673
5186 5187
8847 8848
179 180
7376 7377
1295 1296
6618 6619
7419 7420
6366 6367
1216 1217
8797 8798
669 670
6070 6071
784 785
7380 7381
6755 6756
7436 7437
4122 4123
6356 6357
5755 5756
8895 8896
2050 2051
1740 1741
2511 2512
2201 2202
8276 8277
8103 8104
7865 7866
3848 3849
1998 1999
7979 7980
9767 9768
6379 6380
5357 5358
7596 7597
9136 9137
7148 7149
3437 3438
3417 3418
5564 5565
4208 4209
9531 9532
7390 7391
5362 5363
8158 8159
1571 1572
1378 1379
6028 6029
8431 8432
127 128
8739 8740
2500 2501
9937 9938
8165 8166
2088 2089
6950 6951
8401 8402
8414 8415
3248 3249
4033 4034
7098 7099
8447 8448
4456 4457
3306 3307
7045 7046
6108 6109
5335 5336
6947 6948
9862 9863
8459 8460
8880 8881
8707 8708
6092 6093
4714 4715
2609 2610
8394 8395
4256 4257
7769 7770
2727 2728
4788 4789
415 416
2207 2208
8498 8499
5144 5145
1067 1068
3543 3544
329 330
276 277
4264 4265
367 368
7349 7350
9471 9472
1426 1427
4567 4568
2334 2335
7241 7242
4353 4354
9730 9731
8927 8928
5743 5744
6961 6962
5137 5138
2699 2700
2720 2721
1790 1791
2471 2472
2364 2365
6420 6421
8319 8320
4092 4093
7819 7820
9960 9961
7416 7417
7476 7477
4943 4944
6205 6206
3223 3224
5998 5999
5776 5777
317 318
221 222
2621 2622
6653 6654
5193 5194
9404 9405
9001 9002
8603 8604
3475 3476
580 581
5416 5417
2305 2306
937 938
4446 4447
1259 1260
9569 9570
8323 8324
5421 5422
5016 5017
6965 6966
8672 8673
3086 3087
9736 9737
7531 7532
7093 7094
6800 6801
6251 6252
1608 1609
506 507
831 832
4172 4173
1322 1323
3683 3684
7460 7461
4977 4978
8246 8247
4255 4256
3458 3459
6518 6519
5004 5005
1723 1724
3251 3252
265 266
2413 2414
8629 8630
9041 9042
1770 1771
4706 4707
232 233
9021 9022
85 86
4225 4226
874 875
4941 4942
3331 3332
1596 1597
9740 9741
7167 7168
2748 2749
3834 3835
575 576
3515 3516
5984 5985
2478 2479
2387 2388
7464 7465
7997 7998
8320 8321
9189 9190
2051 2052
2241 2242
7204 7205
5282 5283
7071 7072
5277 5278
9977 9978
9734 9735
44 45
5912 5913
7839 7840
4638 4639
2896 2897
1984 1985
9180 9181
2202 2203
9223 9224
3215 3216
2167 2168
6232 6233
6879 6880
8659 8660
3887 3888
4459 4460
6415 6416
895 896
1975 1976
6997 6998
2850 2851
4046 4047
8480 8481
9396 9397
3090 3091
6311 6312
449 450
2424 2425
6862 6863
5675 5676
4534 4535
1638 1639
431 432
9709 9710
7418 7419
2206 2207
1148 1149
2164 2165
8516 8517
978 979
8742 8743
1568 1569
4495 4496
9597 9598
6865 6866
8722 8723
7708 7709
2367 2368
2374 2375
6585 6586
8133 8134
8310 8311
1832 1833
3718 3719
9334 9335
2590 2591
9398 9399
7330 7331
7984 7985
3291 3292
5866 5867
1622 1623
861 862
7620 7621
927 928
3131 3132
6321 6322
9940 9941
5143 5144
1175 1176
7542 7543
6212 6213
6645 6646
4210 4211
2996 2997
8624 8625
1180 1181
7713 7714
3361 3362
169 170
7776 7777
532 533
7441 7442
4723 4724
7298 7299
6635 6636
5825 5826
3784 3785
6839 6840
8609 8610
2046 2047
4336 4337
9688 9689
2648 2649
7307 7308
5008 5009
9555 9556
2329 2330
4676 4677
2646 2647
6271 6272
3207 3208
3664 3665
3341 3342
3168 3169
4928 4929
6576 6577
2541 2542
3857 3858
8489 8490
3480 3481
3838 3839
7660 7661
9772 9773
5228 5229
9405 9406
8550 8551
3937 3938
3927 3928
8495 8496
1570 1571
6408 6409
1959 1960
8002 8003
7913 7914
8763 8764
1862 1863
6980 6981
6071 6072
1956 1957
4107 4108
2577 2578
4310 4311
8330 8331
1155 1156
3745 3746
9790 9791
3148 3149
9509 9510
3342 3343
8377 8378
7041 7042
564 565
6413 6414
8843 8844
7091 7092
5040 5041
3269 3270
5161 5162
6187 6188
3841 3842
1820 1821
337 338
2567 2568
2758 2759
5078 5079
5332 5333
1458 1459
3013 3014
8209 8210
3040 3041
7868 7869
6804 6805
1626 1627
6194 6195
1806 1807
9543 9544
3840 3841
3650 3651
4299 4300
8436 8437
5045 5046
2467 2468
9633 9634
981 982
9414 9415
4128 4129
5790 5791
7679 7680
5302 5303
4632 4633
793 794
2522 2523
1688 1689
3421 3422
8651 8652
2473 2474
73 74
5021 5022
637 638
6377 6378
758 759
8753 8754
3328 3329
4083 4084
4505 4506
9243 9244
9119 9120
642 643
3665 3666
3953 3954
9376 9377
4011 4012
7395 7396
8493 8494
7444 7445
5496 5497
8938 8939
4040 4041
4635 4636
5349 5350
6099 6100
4511 4512
1691 1692
2781 2782
117 118
9691 9692
1603 1604
2282 2283
3402 3403
9796 9797
1131 1132
6257 6258
2532 2533
7457 7458
9331 9332
7454 7455
8234 8235
7530 7531
7540 7541
7302 7303
3069 3070
9057 9058
9533 9534
8559 8560
158 159
9409 9410
9118 9119
6547 6548
8985 8986
9129 9130
1505 1506
6459 6460
3252 3253
7700 7701
9238 9239
9901 9902
6906 6907
7218 7219
5734 5735
4008 4009
4042 4043
1240 1241
2686 2687
1827 1828
2626 2627
9871 9872
9598 9599
7347 7348
7355 7356
1163 1164
8788 8789
8390 8391
7712 7713
9823 9824
8083 8084
2985 2986
7408 7409
4391 4392
1384 1385
3240 3241
9103 9104
9920 9921
1120 1121
2824 2825
9500 9501
6821 6822
7585 7586
7219 7220
5448 5449
3747 3748
2107 2108
8314 8315
875 876
604 605
3474 3475
9534 9535
8425 8426
8818 8819
2338 2339
8076 8077
1909 1910
8901 8902
6781 6782
5028 5029
5575 5576
9984 9985
5616 5617
4689 4690
5271 5272
8667 8668
6625 6626
34 35
8607 8608
6799 6800
9294 9295
7563 7564
207 208
3689 3690
3463 3464
9913 9914
5153 5154
7065 7066
186 187
2775 2776
6888 6889
6651 6652
2 3
9155 9156
1371 1372
8734 8735
5290 5291
6787 6788
4502 4503
2778 2779
3684 3685
2274 2275
7572 7573
5886 5887
1040 1041
7203 7204
9358 9359
4312 4313
3639 3640
2570 2571
2442 2443
9789 9790
1108 1109
2919 2920
1946 1947
1214 1215
2151 2152
9295 9296
8205 8206
865 866
824 825
7910 7911
3587 3588
8649 8650
965 966
6993 6994
4111 4112
6045 6046
942 943
5626 5627
577 578
1883 1884
6211 6212
3824 3825
6820 6821
2339 2340
7645 7646
6033 6034
9998 9999
1884 1885
4084 4085
7226 7227
2396 2397
2920 2921
3584 3585
5268 5269
1360 1361
2836 2837
3297 3298
3070 3071
9987 9988
9849 9850
845 846
2578 2579
3186 3187
7826 7827
5206 5207
3182 3183
3803 3804
2412 2413
4770 4771
9382 9383
619 620
2439 2440
3403 3404
2347 2348
1230 1231
998 999
1687 1688
8351 8352
1286 1287
6647 6648
6030 6031
6711 6712
6636 6637
4180 4181
4350 4351
2054 2055
1822 1823
4074 4075
4112 4113
7088 7089
9890 9891
3962 3963
2434 2435
3769 3770
1722 1723
6151 6152
1922 1923
6306 6307
8403 8404
940 941
2123 2124
3432 3433
6881 6882
8581 8582
3039 3040
7824 7825
9312 9313
781 782
8962 8963
160 161
8792 8793
6060 6061
8839 8840
9924 9925
729 730
1372 1373
4302 4303
7733 7734
5487 5488
1375 1376
2392 2393
2352 2353
6146 6147
4431 4432
7096 7097
9908 9909
58 59
7739 7740
2524 2525
8772 8773
766 767
6059 6060
6144 6145
7928 7929
6265 6266
3759 3760
3394 3395
2840 2841
8445 8446
4241 4242
4831 4832
8596 8597
3856 3857
7938 7939
389 390
1330 1331
8618 8619
4471 4472
4024 4025
5727 5728
1111 1112
7233 7234
6792 6793
2121 2122
3286 3287
7593 7594
4452 4453
3257 3258
1106 1107
809 810
4694 4695
4979 4980
1513 1514
1781 1782
8854 8855
4925 4926
9537 9538
8256 8257
1416 1417
7492 7493
5116 5117
803 804
4468 4469
3201 3202
426 427
9436 9437
5434 5435
3477 3478
2175 2176
8065 8066
9356 9357
155 156
2320 2321
4806 4807
2020 2021
6150 6151
6531 6532
299 300
3977 3978
3418 3419
5343 5344
686 687
6255 6256
2461 2462
6389 6390
8452 8453
1821 1822
4570 4571
6234 6235
2187 2188
2731 2732
8325 8326
2711 2712
1835 1836
7111 7112
4197 4198
6914 6915
8101 8102
3560 3561
8535 8536
22 23
3153 3154
4776 4777
3859 3860
7894 7895
1584 1585
3254 3255
6696 6697
6445 6446
7215 7216
4014 4015
4569 4570
8816 8817
794 795
2407 2408
2429 2430
6926 6927
8035 8036
6416 6417
1877 1878
7366 7367
9173 9174
8278 8279
9120 9121
2007 2008
986 987
5593 5594
3343 3344
9393 9394
690 691
713 714
697 698
9449 9450
6010 6011
7762 7763
6788 6789
3400 3401
5069 5070
2670 2671
7064 7065
2976 2977
3646 3647
4144 4145
6138 6139
1697 1698
1595 1596
5454 5455
6417 6418
4880 4881
4883 4884
5382 5383
4056 4057
4932 4933
7630 7631
2595 2596
8760 8761
4622 4623
6384 6385
7361 7362
9845 9846
2242 2243
8429 8430
4634 4635
967 968
1535 1536
701 702
1483 1484
5517 5518
1974 1975
1696 1697
7706 7707
3496 3497
3701 3702
9926 9927
7109 7110
57 58
9644 9645
2132 2133
5350 5351
9894 9895
8399 8400
2998 2999
9864 9865
1009 1010
9623 9624
3898 3899
592 593
43 44
6671 6672
9519 9520
1073 1074
7719 7720
8789 8790
9602 9603
2929 2930
7179 7180
3200 3201
2357 2358
5425 5426
5959 5960
3739 3740
3736 3737
2683 2684
3164 3165
3761 3762
584 585
3411 3412
1780 1781
295 296
5414 5415
8457 8458
2939 2940
4295 4296
5286 5287
8768 8769
3429 3430
8455 8456
8006 8007
6692 6693
9154 9155
2323 2324
6411 6412
1486 1487
6348 6349
9317 9318
1431 1432
588 589
4595 4596
435 436
1764 1765
3755 3756
8497 8498
7647 7648
3416 3417
6949 6950
977 978
3981 3982
3309 3310
6710 6711
8724 8725
8989 8990
3957 3958
2915 2916
5445 5446
2454 2455
840 841
6962 6963
8017 8018
8859 8860
2488 2489
1896 1897
2867 2868
3843 3844
1217 1218
3696 3697
1865 1866
5035 5036
2974 2975
7946 7947
1454 1455
3454 3455
2380 2381
147 148
7985 7986
5591 5592
156 157
6339 6340
5576 5577
2661 2662
8335 8336
5990 5991
6066 6067
1651 1652
6485 6486
5712 5713
1242 1243
8354 8355
1334 1335
4462 4463
6952 6953
9008 9009
752 753
5981 5982
4799 4800
951 952
6080 6081
3505 3506
3074 3075
7667 7668
5489 5490
3527 3528
7085 7086
3860 3861
1679 1680
621 622
887 888
9665 9666
3681 3682
6622 6623
9472 9473
2346 2347
9706 9707
8619 8620
1680 1681
8479 8480
721 722
5108 5109
1530 1531
4749 4750
2967 2968
2286 2287
9089 9090
1115 1116
6643 6644
9193 9194
5957 5958
1933 1934
3592 3593
1176 1177
197 198
4804 4805
4964 4965
4155 4156
2845 2846
9517 9518
1365 1366
9995 9996
6639 6640
3367 3368
786 787
5006 5007
4599 4600
6117 6118
6102 6103
300 301
198 199
1401 1402
7605 7606
7210 7211
1864 1865
5059 5060
6627 6628
673 674
3337 3338
5483 5484
8883 8884
9971 9972
7125 7126
9322 9323
3608 3609
5610 5611
8835 8836
9939 9940
464 465
6041 6042
8919 8920
1768 1769
6199 6200
330 331
32 33
7140 7141
4280 4281
374 375
9902 9903
6433 6434
2209 2210
6875 6876
4996 4997
2345 2346
5696 5697
5325 5326
5724 5725
3073 3074
1116 1117
5604 5605
7213 7214
7006 7007
4147 4148
959 960
1150 1151
5399 5400
7694 7695
77 78
2932 2933
9538 9539
3274 3275
6051 6052
5284 5285
9969 9970
8012 8013
6406 6407
4581 4582
3423 3424
6744 6745
9876 9877
7717 7718
6771 6772
6264 6265
1730 1731
1370 1371
5537 5538
96 97
7953 7954
7903 7904
8937 8938
208 209
520 521
424 425
2871 2872
9208 9209
9494 9495
7554 7555
5159 5160
7260 7261
4588 4589
6471 6472
438 439
7528 7529
4019 4020
7090 7091
6454 6455
89 90
1519 1520
7900 7901
9959 9960
1976 1977
3247 3248
2927 2928
6203 6204
6038 6039
6053 6054
3607 3608
4189 4190
4956 4957
8549 8550
8028 8029
9826 9827
8834 8835
5758 5759
7837 7838
6557 6558
7327 7328
8888 8889
6050 6051
8720 8721
2799 2800
8306 8307
2599 2600
9287 9288
1952 1953
1652 1653
3194 3195
2348 2349
6449 6450
9524 9525
486 487
227 228
675 676
3315 3316
6514 6515
6512 6513
1292 1293
9116 9117
9528 9529
7238 7239
8924 8925
3530 3531
1189 1190
4045 4046
6925 6926
7815 7816
866 867
453 454
5519 5520
571 572
4626 4627
5051 5052
3557 3558
709 710
5430 5431
4356 4357
2767 2768
6972 6973
4734 4735
6078 6079
9873 9874
1251 1252
3199 3200
8660 8661
4142 4143
3965 3966
9686 9687
3344 3345
7470 7471
1190 1191
5670 5671
6991 6992
8810 8811
2957 2958
8804 8805
170 171
1800 1801
4855 4856
8044 8045
5909 5910
7106 7107
829 830
9748 9749
1343 1344
9756 9757
5853 5854
398 399
3052 3053
1957 1958
1235 1236
9999 10000
7675 7676
3171 3172
3697 3698
5963 5964
8079 8080
7848 7849
8473 8474
9497 9498
4861 4862
4795 4796
4520 4521
1440 1441
4919 4920
8160 8161
7229 7230
493 494
5846 5847
3917 3918
4606 4607
3958 3959
370 371
7662 7663
710 711
4737 4738
8269 8270
1752 1753
7244 7245
4163 4164
1581 1582
7107 7108
1278 1279
3847 3848
1350 1351
4287 4288
2469 2470
7182 7183
5247 5248
1164 1165
7133 7134
1948 1949
5760 5761
9320 9321
5292 5293
8536 8537
8490 8491
6027 6028
3038 3039
3108 3109
8147 8148
8632 8633
9947 9948
3532 3533
6718 6719
9055 9056
5703 5704
979 980
2333 2334
4826 4827
4722 4723
3753 3754
3478 3479
8523 8524
2606 2607
4403 4404
7686 7687
9272 9273
7983 7984
5884 5885
9111 9112
5203 5204
5579 5580
3172 3173
2682 2683
82 83
4358 4359
5946 5947
3179 3180
8946 8947
3155 3156
247 248
270 271
8136 8137
9217 9218
8170 8171
1331 1332
6462 6463
4530 4531
3864 3865
3050 3051
9102 9103
7303 7304
1450 1451
5347 5348
6123 6124
6419 6420
9469 9470
8344 8345
178 179
1024 1025
5933 5934
3931 3932
9596 9597
4363 4364
1243 1244
7798 7799
8548 8549
1339 1340
4887 4888
6004 6005
964 965
2604 2605
9488 9489
8814 8815
6049 6050
9210 9211
6534 6535
6291 6292
4486 4487
6592 6593
7878 7879
100 101
6934 6935
8290 8291
7062 7063
1207 1208
5245 5246
8570 8571
9652 9653
7061 7062
9812 9813
118 119
5455 5456
4418 4419
7623 7624
2208 2209
3175 3176
2106 2107
6863 6864
3232 3233
1539 1540
3596 3597
8054 8055
832 833
9832 9833
3492 3493
1313 1314
8694 8695
4771 4772
7429 7430
7171 7172
8746 8747
9299 9300
1061 1062
5929 5930
6778 6779
4766 4767
254 255
3431 3432
2530 2531
3865 3866
5513 5514
6959 6960
6292 6293
8929 8930
6227 6228
8733 8734
8277 8278
7411 7412
1396 1397
6283 6284
5269 5270
6578 6579
5808 5809
30 31
8749 8750
5060 5061
353 354
189 190
6556 6557
9970 9971
9549 9550
9440 9441
1534 1535
4750 4751
7185 7186
3209 3210
5092 5093
3529 3530
549 550
3675 3676
8547 8548
1218 1219
3173 3174
7518 7519
4575 4576
857 858
3046 3047
7246 7247
4288 4289
1046 1047
1855 1856
7562 7563
2332 2333
7201 7202
3749 3750
8600 8601
4711 4712
3370 3371
4623 4624
6376 6377
4440 4441
5859 5860
9325 9326
660 661
414 415
5505 5506
6660 6661
4675 4676
4192 4193
8339 8340
6563 6564
5450 5451
1236 1237
7541 7542
6239 6240
6426 6427
4700 4701
6349 6350
7000 7001
7606 7607
765 766
507 508
8936 8937
7314 7315
2265 2266
5084 5085
9452 9453
8395 8396
4539 4540
2441 2442
7168 7169
6017 6018
5586 5587
122 123
1852 1853
2926 2927
9083 9084
2058 2059
6427 6428
9184 9185
2499 2500
6354 6355
1838 1839
7519 7520
3290 3291
6582 6583
2568 2569
7912 7913
9973 9974
2954 2955
4140 4141
5795 5796
5852 5853
585 586
9941 9942
9679 9680
2448 2449
3338 3339
325 326
6201 6202
4424 4425
3894 3895
6988 6989
668 669
8957 8958
4839 4840
4481 4482
9659 9660
3177 3178
6565 6566
4811 4812
8361 8362
5478 5479
5542 5543
1345 1346
2196 2197
86 87
1902 1903
2971 2972
5585 5586
2227 2228
7217 7218
2947 2948
2716 2717
5415 5416
5768 5769
517 518
7438 7439
4249 4250
4872 4873
8295 8296
7728 7729
3517 3518
952 953
3588 3589
6 7
5526 5527
8254 8255
3136 3137
6809 6810
3940 3941
3323 3324
518 519
2829 2830
8460 8461
8043 8044
9079 9080
3882 3883
269 270
5574 5575
5991 5992
5791 5792
4081 4082
2940 2941
9677 9678
8280 8281
7887 7888
3677 3678
9616 9617
6891 6892
2019 2020
954 955
9306 9307
4995 4996
6256 6257
9682 9683
6452 6453
5395 5396
6715 6716
3936 3937
9300 9301
4296 4297
7683 7684
9221 9222
8151 8152
1268 1269
1882 1883
1512 1513
6122 6123
5303 5304
3902 3903
2045 2046
6054 6055
9266 9267
6262 6263
1607 1608
9033 9034
4188 4189
1692 1693
5272 5273
2482 2483
3590 3591
430 431
3630 3631
6383 6384
6392 6393
9914 9915
3099 3100
4161 4162
2049 2050
1158 1159
479 480
558 559
8288 8289
1421 1422
4104 4105
9181 9182
5138 5139
2883 2884
804 805
6752 6753
679 680
4457 4458
4866 4867
9138 9139
7705 7706
1955 1956
1810 1811
8685 8686
971 972
1244 1245
5444 5445
3869 3870
9573 9574
3579 3580
1337 1338
8135 8136
4731 4732
3488 3489
3919 3920
5318 5319
9365 9366
7262 7263
1868 1869
9495 9496
2230 2231
1899 1900
213 214
7123 7124
6446 6447
9250 9251
1314 1315
102 103
914 915
3873 3874
8738 8739
5924 5925
8188 8189
6709 6710
5951 5952
8293 8294
3767 3768
1598 1599
6617 6618
5954 5955
7273 7274
7977 7978
9638 9639
5408 5409
1263 1264
7570 7571
7024 7025
8096 8097
960 961
3602 3603
6736 6737
4878 4879
1546 1547
6598 6599
3866 3867
2898 2899
554 555
6322 6323
2095 2096
3160 3161
8748 8749
7142 7143
5945 5946
2649 2650
546 547
9402 9403
2293 2294
2157 2158
4785 4786
4411 4412
9809 9810
7720 7721
505 506
5802 5803
4425 4426
2941 2942
4086 4087
8491 8492
2404 2405
3928 3929
4002 4003
5039 5040
7659 7660
1182 1183
5310 5311
2912 2913
6867 6868
6121 6122
2936 2937
6742 6743
4487 4488
583 584
4437 4438
2036 2037
682 683
3766 3767
3150 3151
3580 3581
1066 1067
5497 5498
9191 9192
1554 1555
2288 2289
7187 7188
6228 6229
7624 7625
5404 5405
9810 9811
7029 7030
7145 7146
173 174
2310 2311
6649 6650
6678 6679
5164 5165
8794 8795
460 461
7525 7526
5076 5077
8949 8950
3983 3984
8296 8297
95 96
1805 1806
4257 4258
3554 3555
2766 2767
2697 2698
1818 1819
3876 3877
432 433
1285 1286
2422 2423
5668 5669
7930 7931
3312 3313
1261 1262
3105 3106
4475 4476
2038 2039
8214 8215
6488 6489
8821 8822
8944 8945
1545 1546
3258 3259
9541 9542
7054 7055
8521 8522
7080 7081
4271 4272
1325 1326
137 138
4333 4334
2739 2740
8757 8758
825 826
266 267
4408 4409
2592 2593
6039 6040
603 604
6982 6983
2060 2061
1860 1861
3706 3707
56 57
3130 3131
2980 2981
2834 2835
6872 6873
5401 5402
7849 7850
785 786
4438 4439
7653 7654
795 796
3949 3950
4129 4130
6327 6328
764 765
8998 8999
1599 1600
4477 4478
7070 7071
484 485
6882 6883
8304 8305
2564 2565
8216 8217
4421 4422
5871 5872
1231 1232
7655 7656
6813 6814
6220 6221
9341 9342
8894 8895
5180 5181
1731 1732
4610 4611
2879 2880
2745 2746
1057 1058
1694 1695
4314 4315
6812 6813
3943 3944
3036 3037
6455 6456
7040 7041
7042 7043
8139 8140
4584 4585
5477 5478
8832 8833
1107 1108
5646 5647
2449 2450
8001 8002
5794 5795
4686 4687
8999 9000
6307 6308
6984 6985
9899 9900
7895 7896
8311 8312
2654 2655
2565 2566
2601 2602
3235 3236
7534 7535
2495 2496
6712 6713
9417 9418
9438 9439
5735 5736
9974 9975
396 397
8132 8133
7775 7776
6957 6958
2752 2753
9259 9260
1312 1313
1466 1467
4851 4852
9176 9177
801 802
8331 8332
985 986
1872 1873
8635 8636
7950 7951
6973 6974
5134 5135
4383 4384
7176 7177
1137 1138
6730 6731
6535 6536
3674 3675
2122 2123
1336 1337
4143 4144
6828 6829
6785 6786
1358 1359
9377 9378
6068 6069
969 970
3112 3113
882 883
6814 6815
2804 2805
4899 4900
7553 7554
2423 2424
8077 8078
6884 6885
5265 5266
5584 5585
5064 5065
7211 7212
4696 4697
6669 6670
465 466
623 624
3506 3507
5756 5757
2573 2574
3349 3350
3203 3204
6706 6707
2548 2549
5720 5721
7437 7438
6878 6879
1816 1817
704 705
2839 2840
8379 8380
5690 5691
3911 3912
3773 3774
9242 9243
338 339
7143 7144
2559 2560
4845 4846
666 667
3154 3155
2389 2390
7417 7418
1279 1280
8488 8489
1988 1989
2271 2272
7196 7197
2283 2284
3539 3540
4865 4866
996 997
6642 6643
7104 7105
4221 4222
1916 1917
8628 8629
5660 5661
447 448
8863 8864
2170 2171
8886 8887
7638 7639
2120 2121
1043 1044
3249 3250
7976 7977
2805 2806
8356 8357
918 919
6594 6595
4109 4110
9690 9691
2460 2461
8252 8253
550 551
7069 7070
3436 3437
1140 1141
457 458
7527 7528
8506 8507
6270 6271
5700 5701
802 803
2044 2045
4450 4451
7573 7574
1977 1978
4183 4184
9929 9930
9718 9719
1126 1127
3084 3085
1772 1773
9807 9808
6834 6835
3817 3818
5372 5373
4652 4653
9713 9714
2156 2157
2978 2979
2416 2417
9197 9198
5989 5990
1269 1270
3498 3499
3991 3992
9511 9512
101 102
3198 3199
8454 8455
1670 1671
1716 1717
7629 7630
8709 8710
2945 2946
3170 3171
1604 1605
5939 5940
6631 6632
1302 1303
7536 7537
6793 6794
8481 8482
3059 3060
8198 8199
6297 6298
427 428
5890 5891
4492 4493
4497 4498
833 834
2921 2922
4620 4621
1459 1460
9508 9509
9045 9046
9794 9795
8992 8993
5899 5900
1705 1706
2518 2519
7087 7088
6131 6132
3544 3545
6161 6162
8528 8529
9034 9035
7939 7940
6036 6037
1192 1193
2952 2953
4879 4880
5197 5198
9305 9306
6584 6585
8172 8173
6300 6301
188 189
4370 4371
4365 4366
6979 6980
8483 8484
9662 9663
6716 6717
7714 7715
2056 2057
8222 8223
8524 8525
4725 4726
4897 4898
589 590
4281 4282
7334 7335
1476 1477
1678 1679
2754 2755
545 546
4913 4914
3033 3034
9639 9640
1585 1586
3738 3739
7340 7341
480 481
8656 8657
3381 3382
4907 4908
6402 6403
4810 4811
6176 6177
6332 6333
7491 7492
1629 1630
5441 5442
3104 3105
6191 6192
2281 2282
7617 7618
5683 5684
45 46
2765 2766
7146 7147
5387 5388
5224 5225
4537 4538
5391 5392
2399 2400
903 904
4154 4155
5251 5252
10 11
3744 3745
3997 3998
7937 7938
7952 7953
7031 7032
92 93
8874 8875
4841 4842
2847 2848
3954 3955
1460 1461
4875 4876
2491 2492
6684 6685
7101 7102
3034 3035
3156 3157
7413 7414
3275 3276
5195 5196
7524 7525
40 41
2113 2114
7134 7135
2892 2893
7873 7874
2455 2456
1987 1988
1890 1891
5507 5508
7025 7026
2913 2914
3111 3112
5628 5629
8717 8718
4218 4219
3952 3953
8838 8839
4527 4528
3472 3473
6714 6715
4029 4030
9260 9261
6484 6485
4313 4314
2205 2206
9710 9711
8978 8979
699 700
5081 5082
9673 9674
2827 2828
4354 4355
5745 5746
9000 9001
9390 9391
6613 6614
9608 9609
9684 9685
646 647
7456 7457
5479 5480
5392 5393
4528 4529
1448 1449
9340 9341
4807 4808
3021 3022
5868 5869
8875 8876
5162 5163
2082 2083
9869 9870
3925 3926
2510 2511
837 838
381 382
5363 5364
5835 5836
7883 7884
8125 8126
8961 8962
6133 6134
5986 5987
3401 3402
3750 3751
2526 2527
8039 8040
1614 1615
6786 6787
9023 9024
9271 9272
7198 7199
7935 7936
3969 3970
4072 4073
8723 8724
7514 7515
9905 9906
3065 3066
8595 8596
6725 6726
931 932
5599 5600
5317 5318
3987 3988
1726 1727
6987 6988
3589 3590
7508 7509
8071 8072
5304 5305
3237 3238
4983 4984
4290 4291
9333 9334
7469 7470
1434 1435
5127 5128
3380 3381
3609 3610
6702 6703
9369 9370
4551 4552
6238 6239
2117 2118
115 116
2857 2858
1410 1411
4779 4780
2886 2887
573 574
9157 9158
7222 7223
2986 2987
2447 2448
8251 8252
6154 6155
143 144
8113 8114
6877 6878
9308 9309
1819 1820
2988 2989
527 528
2341 2342
3246 3247
108 109
8770 8771
4604 4605
4445 4446
2012 2013
5718 5719
4347 4348
9437 9438
736 737
6609 6610
193 194
8049 8050
9337 9338
470 471
3771 3772
7370 7371
4858 4859
5971 5972
7252 7253
7404 7405
9265 9266
2789 2790
1299 1300
8688 8689
3702 3703
9561 9562
3087 3088
6748 6749
6502 6503
1470 1471
2314 2315
5744 5745
7371 7372
4842 4843
9053 9054
6499 6500
3017 3018
8224 8225
3525 3526
4236 4237
1031 1032
3358 3359
1600 1601
6225 6226
5213 5214
1474 1475
1341 1342
7485 7486
9892 9893
5432 5433
6230 6231
1845 1846
362 363
3886 3887
5664 5665
9778 9779
5580 5581
124 125
6938 6939
2679 2680
5968 5969
8118 8119
8145 8146
5052 5053
1015 1016
7654 7655
5157 5158
925 926
5903 5904
5145 5146
3780 3781
7579 7580
9304 9305
342 343
7135 7136
2398 2399
7862 7863
7383 7384
8911 8912
3955 3956
7498 7499
7821 7822
4293 4294
3189 3190
5550 5551
1693 1694
2833 2834
7595 7596
5257 5258
8866 8867
4466 4467
2057 2058
7931 7932
9046 9047
3023 3024
6260 6261
3826 3827
202 203
9628 9629
6749 6750
3225 3226
2989 2990
1732 1733
3329 3330
7046 7047
8994 8995
8740 8741
4328 4329
3545 3546
8206 8207
9882 9883
7574 7575
63 64
7566 7567
4409 4410
6347 6348
5596 5597
4179 4180
6937 6938
9117 9118
1250 1251
8968 8969
7670 7671
816 817
1506 1507
5266 5267
8981 8982
4617 4618
5460 5461
9956 9957
4557 4558
4863 4864
1405 1406
7199 7200
3676 3677
8267 8268
1058 1059
4509 4510
2802 2803
763 764
2705 2706
6892 6893
3447 3448
248 249
7455 7456
6365 6366
3448 3449
1413 1414
4001 4002
4105 4106
4984 4985
3807 3808
9547 9548
6667 6668
762 763
2757 2758
6018 6019
4969 4970
8119 8120
9726 9727
8438 8439
8260 8261
3880 3881
1056 1057
8148 8149
907 908
2501 2502
8037 8038
3998 3999
2278 2279
4555 4556
6811 6812
4165 4166
3686 3687
433 434
8844 8845
4692 4693
6733 6734
5972 5973
5227 5228
6252 6253
3202 3203
5034 5035
4940 4941
4070 4071
7032 7033
4205 4206
8268 8269
5950 5951
1636 1637
3796 3797
9006 9007
7921 7922
3762 3763
8358 8359
5394 5395
9093 9094
5047 5048
369 370
2436 2437
768 769
8397 8398
3823 3824
7388 7389
1927 1928
9565 9566
4902 4903
9632 9633
7495 7496
5208 5209
8591 8592
8453 8454
229 230
7661 7662
3063 3064
8786 8787
513 514
2353 2354
2685 2686
6723 6724
7044 7045
9540 9541
7947 7948
3037 3038
8183 8184
8900 8901
7486 7487
8754 8755
8614 8615
706 707
5562 5563
6186 6187
9448 9449
6364 6365
4201 4202
2131 2132
687 688
3777 3778
8681 8682
9518 9519
2959 2960
6656 6657
7854 7855
2715 2716
4529 4530
5476 5477
1361 1362
7594 7595
5469 5470
665 666
483 484
6775 6776
9927 9928
5809 5810
1129 1130
9130 9131
8982 8983
3471 3472
9303 9304
2680 2681
2830 2831
6088 6089
4359 4360
4824 4825
2384 2385
8413 8414
7274 7275
6363 6364
5133 5134
467 468
3300 3301
891 892
2483 2484
1385 1386
4901 4902
4813 4814
8042 8043
2997 2998
3452 3453
1290 1291
1412 1413
6776 6777
3758 3759
6410 6411
2876 2877
7331 7332
3851 3852
2318 2319
8108 8109
7582 7583
9749 9750
5508 5509
7393 7394
5636 5637
6553 6554
5917 5918
7115 7116
6357 6358
7727 7728
1270 1271
3569 3570
9631 9632
8579 8580
268 269
7068 7069
3829 3830
38 39
4120 4121
1510 1511
8604 8605
9830 9831
7738 7739
76 77
771 772
5767 5768
8022 8023
7872 7873
6919 6920
2096 2097
3433 3434
5996 5997
4282 4283
5639 5640
7782 7783
2074 2075
6343 6344
3075 3076
854 855
7516 7517
8972 8973
7008 7009
536 537
6350 6351
8511 8512
1380 1381
1127 1128
3594 3595
4073 4074
696 697
2475 2476
4609 4610
6605 6606
547 548
5359 5360
2894 2895
4891 4892
7820 7821
879 880
8327 8328
1117 1118
1870 1871
6770 6771
6374 6375
1586 1587
1903 1904
944 945
8082 8083
23 24
3595 3596
5894 5895
4518 4519
5462 5463
1200 1201
4546 4547
1425 1426
9162 9163
6319 6320
10000 10001
543 544
5697 5698
5536 5537
8128 8129
8965 8966
4175 4176
4898 4899
1076 1077
1763 1764
7863 7864
5025 5026
9032 9033
244 245
7005 7006
4488 4489
400 401
5771 5772
1520 1521
9550 9551
2103 2104
5765 5766
7057 7058
7891 7892
2993 2994
4707 4708
6611 6612
855 856
8630 8631
7122 7123
5901 5902
8056 8057
94 95
2228 2229
6116 6117
7794 7795
6190 6191
4589 4590
7968 7969
6754 6755
7453 7454
9319 9320
3593 3594
9263 9264
3267 3268
7378 7379
9017 9018
600 601
1497 1498
6798 6799
6351 6352
4297 4298
7156 7157
7665 7666
6275 6276
166 167
8045 8046
1177 1178
3815 3816
499 500
6337 6338
3770 3771
9470 9471
2362 2363
4695 4696
70 71
8728 8729
1014 1015
1625 1626
4601 4602
4251 4252
873 874
5411 5412
819 820
5955 5956
8857 8858
5308 5309
5874 5875
3466 3467
3999 4000
7027 7028
1404 1405
1719 1720
9515 9516
9836 9837
3948 3949
9620 9621
1843 1844
6441 6442
7870 7871
3687 3688
5253 5254
9827 9828
8029 8030
515 516
4448 4449
6823 6824
3190 3191
1002 1003
9153 9154
8477 8478
4598 4599
1344 1345
9784 9785
6737 6738
1759 1760
936 937
6288 6289
5831 5832
9755 9756
2059 2060
1498 1499
1982 1983
9874 9875
5560 5561
7941 7942
1528 1529
7511 7512
6375 6376
223 224
9994 9995
4856 4857
7974 7975
9624 9625
7764 7765
3333 3334
7170 7171
8450 8451
6633 6634
5613 5614
476 477
8197 8198
209 210
7663 7664
2319 2320
8925 8926
6476 6477
3680 3681
3633 3634
3808 3809
7141 7142
9014 9015
7269 7270
1533 1534
4117 4118
4455 4456
661 662
7180 7181
4602 4603
2159 2160
9851 9852
2064 2065
3667 3668
8679 8680
7228 7229
7981 7982
4467 4468
1081 1082
7666 7667
5174 5175
6077 6078
5979 5980
1633 1634
2072 2073
2502 2503
9584 9585
3351 3352
8539 8540
5364 5365
5510 5511
5452 5453
2672 2673
7329 7330
8052 8053
3345 3346
6999 7000
4927 4928
5598 5599
7633 7634
2557 2558
8830 8831
2188 2189
1321 1322
334 335
2949 2950
5849 5850
2724 2725
2300 2301
4095 4096
5531 5532
4944 4945
5935 5936
2589 2590
6094 6095
9253 9254
3715 3716
6966 6967
924 925
7255 7256
6002 6003
7407 7408
7127 7128
9194 9195
6708 6709
5192 5193
4101 4102
8166 8167
1198 1199
6317 6318
4364 4365
4980 4981
677 678
7250 7251
3921 3922
9054 9055
1704 1705
4521 4522
6055 6056
3018 3019
6831 6832
5171 5172
2784 2785
649 650
6423 6424
6895 6896
2101 2102
3307 3308
1442 1443
7153 7154
2277 2278
1447 1448
8541 8542
8201 8202
429 430
7409 7410
789 790
5615 5616
5225 5226
8270 8271
2506 2507
9506 9507
6546 6547
9858 9859
2115 2116
8752 8753
6918 6919
1152 1153
1874 1875
2264 2265
9614 9615
2494 2495
3316 3317
3320 3321
4380 4381
2743 2744
1931 1932
8371 8372
3420 3421
6956 6957
1765 1766
9948 9949
1906 1907
8704 8705
4485 4486
9548 9549
3348 3349
9617 9618
5570 5571
5694 5695
7840 7841
5366 5367
7165 7166
3167 3168
3409 3410
5481 5482
3169 3170
9459 9460
4177 4178
15 16
950 951
2816 2817
6330 6331
4311 4312
241 242
4843 4844
3268 3269
5820 5821
4972 4973
8593 8594
2842 2843
107 108
1707 1708
8286 8287
1239 1240
6505 6506
7247 7248
6719 6720
3410 3411
7074 7075
894 895
3214 3215
2826 2827
8787 8788
8567 8568
1306 1307
4319 4320
4758 4759
6040 6041
4596 4597
8897 8898
1992 1993
1741 1742
264 265
698 699
8812 8813
7353 7354
3779 3780
3571 3572
7945 7946
8175 8176
544 545
2877 2878
6683 6684
7147 7148
9746 9747
4664 4665
7406 7407
8636 8637
9314 9315
9143 9144
7257 7258
2991 2992
3435 3436
109 110
8923 8924
8689 8690
6135 6136
4648 4649
4654 4655
6310 6311
2220 2221
2723 2724
8400 8401
5030 5031
2916 2917
5373 5374
5824 5825
8190 8191
5484 5485
6105 6106
288 289
5977 5978
3184 3185
510 511
7212 7213
4093 4094
1712 1713
6134 6135
4702 4703
5263 5264
9797 9798
2238 2239
3828 3829
8580 8581
9224 9225
1296 1297
6616 6617
3082 3083
1632 1633
7980 7981
9326 9327
9211 9212
7680 7681
4435 4436
1960 1961
4525 4526
5624 5625
7766 7767
9072 9073
3428 3429
3191 3192
4963 4964
7529 7530
5062 5063
8469 8470
6738 6739
7681 7682
4768 4769
8802 8803
5230 5231
4582 4583
9056 9057
3244 3245
6397 6398
5328 5329
6340 6341
7384 7385
516 517
5398 5399
9781 9782
24 25
2930 2931
4747 4748
4884 4885
1963 1964
4341 4342
1288 1289
375 376
8741 8742
5402 5403
5711 5712
975 976
1342 1343
9451 9452
7445 7446
7264 7265
5295 5296
1223 1224
6539 6540
647 648
7783 7784
3197 3198
9170 9171
6913 6914
8966 8967
9846 9847
8208 8209
235 236
1834 1835
6975 6976
4461 4462
8569 8570
4840 4841
5218 5219
9379 9380
7509 7510
4721 4722
9824 9825
5142 5143
5301 5302
5194 5195
8654 8655
1311 1312
8137 8138
3768 3769
5578 5579
1842 1843
1887 1888
7351 7352
53 54
3372 3373
9912 9913
2198 2199
6943 6944
4308 4309
7275 7276
3132 3133
2508 2509
3113 3114
6042 6043
3032 3033
9359 9360
9693 9694
1785 1786
5089 5090
3407 3408
6467 6468
8382 8383
7797 7798
3024 3025
6012 6013
5036 5037
6498 6499
8430 8431
1847 1848
1661 1662
8057 8058
4989 4990
9075 9076
8621 8622
2025 2026
9012 9013
7124 7125
3049 3050
1794 1795
9158 9159
9123 9124
7414 7415
8336 8337
9961 9962
123 124
8063 8064
9040 9041
456 457
7901 7902
8374 8375
7049 7050
1054 1055
1846 1847
6180 6181
6184 6185
9692 9693
5037 5038
9135 9136
5723 5724
8638 8639
7648 7649
4245 4246
103 104
9993 9994
8692 8693
7551 7552
418 419
2085 2086
5911 5912
9233 9234
2390 2391
9350 9351
5733 5734
5784 5785
3005 3006
733 734
6336 6337
640 641
6242 6243
9853 9854
7086 7087
360 361
3145 3146
2973 2974
3206 3207
2259 2260
8755 8756
9811 9812
8241 8242
9144 9145
7112 7113
1606 1607
3791 3792
5113 5114
6745 6746
3334 3335
2079 2080
3212 3213
2602 2603
1897 1898
1623 1624
6637 6638
7178 7179
138 139
1929 1930
1374 1375
2144 2145
4289 4290
3870 3871
8622 8623
7471 7472
2878 2879
2173 2174
5850 5851
3888 3889
2290 2291
4337 4338
1264 1265
8504 8505
1754 1755
1515 1516
3355 3356
1092 1093
2395 2396
3080 3081
5181 5182
358 359
2335 2336
8225 8226
7452 7453
5854 5855
9128 9129
8639 8640
9422 9423
8697 8698
6019 6020
3029 3030
7202 7203
9554 9555
182 183
7237 7238
9863 9864
4608 4609
2179 2180
7206 7207
3711 3712
2322 2323
380 381
2094 2095
2272 2273
2544 2545
3924 3925
5633 5634
7503 7504
1151 1152
7801 7802
7600 7601
1086 1087
2134 2135
810 811
3748 3749
6371 6372
4016 4017
4043 4044
9689 9690
8807 8808
8557 8558
8422 8423
3460 3461
6623 6624
9342 9343
5299 5300
4219 4220
7586 7587
1990 1991
5681 5682
3830 3831
7831 7832
3878 3879
6677 6678
5146 5147
4176 4177
9366 9367
5435 5436
7363 7364
243 244
5685 5686
3647 3648
5009 5010
2150 2151
4644 4645
5603 5604
1812 1813
2344 2345
9286 9287
9622 9623
1354 1355
8845 8846
7615 7616
4240 4241
5458 5459
3810 3811
4955 4956
6197 6198
4035 4036
8011 8012
9714 9715
5330 5331
7610 7611
7227 7228
7001 7002
2109 2110
152 153
8762 8763
3072 3073
1287 1288
7310 7311
1220 1221
1145 1146
4427 4428
1547 1548
1999 2000
1409 1410
6818 6819
6759 6760
7286 7287
572 573
5797 5798
1029 1030
5365 5366
3552 3553
280 281
3456 3457
9877 9878
2924 2925
7779 7780
6259 6260
5457 5458
7812 7813
7987 7988
4719 4720
8766 8767
6215 6216
3187 3188
4136 4137
1649 1650
6509 6510
3289 3290
2566 2567
2642 2643
2097 2098
7533 7534
9522 9523
3970 3971
754 755
3371 3372
3234 3235
6753 6754
7535 7536
9429 9430
1227 1228
6032 6033
5107 5108
2403 2404
8014 8015
8444 8445
8163 8164
1627 1628
5961 5962
6329 6330
5953 5954
4792 4793
1502 1503
4160 4161
4631 4632
3279 3280
6941 6942
39 40
1583 1584
8543 8544
6954 6955
2780 2781
1851 1852
7377 7378
8367 8368
2547 2548
1135 1136
9010 9011
4713 4714
4904 4905
6690 6691
3181 3182
620 621
6827 6828
6942 6943
5798 5799
6385 6386
2297 2298
9038 9039
3313 3314
9267 9268
4316 4317
8086 8087
628 629
1773 1774
6359 6360
8369 8370
2507 2508
1183 1184
1119 1120
5805 5806
7433 7434
445 446
8229 8230
9738 9739
9771 9772
9600 9601
145 146
6457 6458
2650 2651
4066 4067
6453 6454
6817 6818
5975 5976
5943 5944
1398 1399
3204 3205
4223 4224
2363 2364
1945 1946
3794 3795
2554 2555
4244 4245
1817 1818
3124 3125
2537 2538
3119 3120
4028 4029
622 623
8675 8676
3022 3023
1967 1968
2917 2918
6217 6218
3292 3293
9656 9657
1631 1632
2891 2892
7253 7254
6575 6576
9966 9967
2909 2910
1750 1751
9803 9804
6174 6175
2935 2936
8228 8229
9090 9091
6819 6820
5672 5673
9909 9910
630 631
9284 9285
1089 1090
1714 1715
8238 8239
482 483
2317 2318
4479 4480
1085 1086
5066 5067
7188 7189
8744 8745
5676 5677
5474 5475
4753 4754
1548 1549
5910 5911
2438 2439
5023 5024
7084 7085
4423 4424
9025 9026
2706 2707
9670 9671
9981 9982
6717 6718
6958 6959
5389 5390
9269 9270
1563 1564
6093 6094
1682 1683
9080 9081
6693 6694
6325 6326
1857 1858
7757 7758
2139 2140
3649 3650
7016 7017
2841 2842
3473 3474
2336 2337
514 515
9215 9216
4685 4686
2663 2664
7618 7619
1303 1304
7577 7578
4640 4641
953 954
174 175
2189 2190
8219 8220
1369 1370
9450 9451
5440 5441
1435 1436
290 291
7421 7422
9104 9105
1389 1390
519 520
7907 7908
5309 5310
4263 4264
9131 9132
1904 1905
8915 8916
7216 7217
7650 7651
3835 3836
4739 4740
301 302
9872 9873
8987 8988
2302 2303
1866 1867
5201 5202
4067 4068
5371 5372
9712 9713
9099 9100
6853 6854
658 659
5937 5938
4874 4875
6237 6238
7784 7785
8048 8049
9855 9856
7164 7165
7701 7702
9371 9372
7906 7907
9335 9336
3972 3973
5175 5176
8956 8957
421 422
994 995
2955 2956
385 386
3606 3607
4828 4829
853 854
8396 8397
9386 9387
859 860
6955 6956
7391 7392
6944 6945
4170 4171
7186 7187
5172 5173
8326 8327
6456 6457
8105 8106
6318 6319
1639 1640
4643 4644
3208 3209
3211 3212
3627 3628
83 84
3174 3175
9071 9072
4583 4584
1615 1616
9881 9882
7961 7962
9766 9767
450 451
4335 4336
7230 7231
9933 9934
3083 3084
8372 8373
1196 1197
8443 8444
7842 7843
5858 5859
6974 6975
4444 4445
7919 7920
2071 2072
6704 6705
6586 6587
9694 9695
4442 4443
6548 6549
5215 5216
7652 7653
1199 1200
1289 1290
2414 2415
3885 3886
3262 3263
4859 4860
7094 7095
8769 8770
4490 4491
3709 3710
8735 8736
3984 3985
215 216
139 140
664 665
1700 1701
1666 1667
7918 7919
1042 1043
2275 2276
6267 6268
3183 3184
3523 3524
5614 5615
5091 5092
2785 2786
7699 7700
8793 8794
782 783
590 591
3464 3465
9785 9786
287 288
9368 9369
3605 3606
3757 3758
298 299
5861 5862
2681 2682
6024 6025
8363 8364
6162 6163
2790 2791
9198 9199
9185 9186
912 913
1265 1266
6046 6047
7177 7178
211 212
4757 4758
7927 7928
1799 1800
1047 1048
8657 8658
3176 3177
569 570
9207 9208
9389 9390
1871 1872
4565 4566
7369 7370
2093 2094
9150 9151
7869 7870
8960 8961
9252 9253
401 402
9985 9986
8168 8169
7392 7393
9739 9740
1560 1561
6424 6425
9512 9513
8202 8203
609 610
6020 6021
9058 9059
9201 9202
5997 5998
4967 4968
8869 8870
561 562
5738 5739
6090 6091
718 719
3230 3231
2574 2575
6604 6605
5075 5076
876 877
8920 8921
8051 8052
5930 5931
5077 5078
7357 7358
7428 7429
6876 6877
9701 9702
5150 5151
1211 1212
4670 4671
3923 3924
4285 4286
4397 4398
2619 2620
4597 4598
4912 4913
1373 1374
818 819
695 696
4822 4823
3695 3696
9360 9361
397 398
3679 3680
4506 4507
6098 6099
6724 6725
9257 9258
3620 3621
1203 1204
8785 8786
8615 8616
899 900
6198 6199
3839 3840
4756 4757
5702 5703
7832 7833
2708 2709
2583 2584
6369 6370
9962 9963
9634 9635
5384 5385
7293 7294
5814 5815
7722 7723
5762 5763
6048 6049
6685 6686
6429 6430
8281 8282
5236 5237
341 342
1134 1135
2263 2264
4720 4721
2783 2784
4633 4634
3657 3658
1824 1825
6726 6727
8109 8110
6448 6449
2617 2618
3904 3905
6495 6496
3863 3864
1663 1664
3109 3110
3934 3935
1618 1619
5674 5675
7478 7479
8833 8834
309 310
2040 2041
7465 7466
3524 3525
3662 3663
7813 7814
5731 5732
157 158
9357 9358
6655 6656
8499 8500
3283 3284
28 29
9352 9353
7835 7836
351 352
4491 4492
5056 5057
6847 6848
5121 5122
8732 8733
5321 5322
2538 2539
5229 5230
4618 4619
9262 9263
3294 3295
8334 8335
4217 4218
6005 6006
8602 8603
3462 3463
4361 4362
9277 9278
3497 3498
4864 4865
439 440
2885 2886
2459 2460
3673 3674
2990 2991
3951 3952
3253 3254
8106 8107
7299 7300
3731 3732
2418 2419
4262 4263
9754 9755
8291 8292
5906 5907
8627 8628
9026 9027
1247 1248
6903 6904
3510 3511
2114 2115
4058 4059
2676 2677
408 409
9315 9316
273 274
523 524
5612 5613
4348 4349
7119 7120
1234 1235
6945 6946
9788 9789
948 949
7499 7500
7632 7633
6196 6197
4508 4509
7117 7118
540 541
5461 5462
1036 1037
3855 3856
8435 8436
8698 8699
7513 7514
2084 2085
2584 2585
2555 2556
9883 9884
4513 4514
6545 6546
8329 8330
226 227
9241 9242
1102 1103
2859 2860
9092 9093
4990 4991
8783 8784
3350 3351
7174 7175
988 989
2486 2487
3555 3556
5750 5751
2786 2787
799 800
7214 7215
8210 8211
3871 3872
1702 1703
260 261
8712 8713
4089 4090
6791 6792
1366 1367
9988 9989
2031 2032
5956 5957
6064 6065
2911 2912
6976 6977
9699 9700
769 770
5641 5642
5872 5873
9660 9661
8930 8931
5467 5468
2572 2573
5921 5922
5307 5308
9646 9647
5029 5030
7427 7428
6510 6511
5638 5639
1052 1053
119 120
3450 3451
6764 6765
6128 6129
3205 3206
2100 2101
1656 1657
8088 8089
728 729
3243 3244
7790 7791
283 284
2215 2216
1713 1714
1082 1083
9822 9823
7242 7243
7608 7609
5211 5212
2235 2236
4401 4402
8926 8927
2443 2444
5860 5861
8563 8564
5787 5788
6850 6851
900 901
4755 4756
1153 1154
6399 6400
1609 1610
5491 5492
740 741
6731 6732
8130 8131
8033 8034
1930 1931
2594 2595
1221 1222
8951 8952
9609 9610
8905 8906
7221 7222
774 775
6372 6373
6489 6490
5766 5767
6532 6533
6096 6097
8510 8511
4031 4032
4674 4675
8463 8464
2005 2006
3390 3391
1228 1229
9022 9023
2625 2626
7881 7882
4718 4719
4387 4388
4063 4064
395 396
8138 8139
2219 2220
3944 3945
8505 8506
8392 8393
1209 1210
8097 8098
8468 8469
9828 9829
6822 6823
815 816
5509 5510
587 588
4090 4091
524 525
1593 1594
252 253
9285 9286
4647 4648
1012 1013
5583 5584
5535 5536
4338 4339
3002 3003
162 163
321 322
3781 3782
3043 3044
2737 2738
2900 2901
5620 5621
5601 5602
7690 7691
4704 4705
1786 1787
6816 6817
7578 7579
2918 2919
4006 4007
2586 2587
8146 8147
8806 8807
9683 9684
8157 8158
8573 8574
5753 5754
5300 5301
1128 1129
2116 2117
8586 8587
7368 7369
6159 6160
3570 3571
4736 4737
983 984
149 150
6057 6058
363 364
5226 5227
1918 1919
7926 7927
3393 3394
5684 5685
5085 5086
6179 6180
6475 6476
3045 3046
3973 3974
4789 4790
3800 3801
1667 1668
7847 7848
74 75
6395 6396
7884 7885
2361 2362
7770 7771
6782 6783
9237 9238
7909 7910
8359 8360
8646 8647
2011 2012
8577 8578
8350 8351
9579 9580
7311 7312
1527 1528
7751 7752
8427 8428
6388 6389
2182 2183
6929 6930
9225 9226
3652 3653
4265 4266
1276 1277
720 721
78 79
6908 6909
9702 9703
8315 8316
2024 2025
458 459
868 869
555 556
9301 9302
1803 1804
5905 5906
8941 8942
5313 5314
4515 4516
4141 4142
5386 5387
8572 8573
5922 5923
304 305
3413 3414
9856 9857
6338 6339
2759 2760
5486 5487
4420 4421
8879 8880
4204 4205
8419 8420
5344 5345
2154 2155
9125 9126
1467 1468
8519 8520
3930 3931
5662 5663
6470 6471
5298 5299
233 234
9783 9784
2035 2036
444 445
4662 4663
3438 3439
576 577
7859 7860
8258 8259
2366 2367
263 264
2875 2876
9168 9169
7828 7829
4013 4014
5629 5630
5390 5391
8100 8101
8423 8424
3883 3884
3120 3121
5248 5249
5315 5316
7463 7464
5568 5569
3546 3547
5333 5334
6996 6997
3009 3010
8851 8852
4594 4595
9101 9102
1491 1492
9801 9802
3180 3181
8250 8251
3319 3320
2257 2258
9279 9280
594 595
2168 2169
7284 7285
7072 7073
7858 7859
3912 3913
8309 8310
5165 5166
9212 9213
905 906
1671 1672
5520 5521
2301 2302
4900 4901
4797 4798
5692 5693
2675 2676
9923 9924
7289 7290
9552 9553
3685 3686
2615 2616
1550 1551
8131 8132
1309 1310
5506 5507
3374 3375
9283 9284
7936 7937
9209 9210
5073 5074
1797 1798
9487 9488
2942 2943
3603 3604
111 112
4171 4172
6566 6567
9145 9146
6898 6899
9063 9064
7755 7756
2982 2983
4727 4728
8072 8073
7051 7052
8909 8910
4761 4762
1181 1182
893 894
8124 8125
9635 9636
3849 3850
9861 9862
7422 7423
2750 2751
6569 6570
8976 8977
7803 7804
3015 3016
8719 8720
8756 8757
3591 3592
3376 3377
3775 3776
8180 8181
8680 8681
6549 6550
6362 6363
4710 4711
1275 1276
4476 4477
8439 8440
5545 5546
4762 4763
2304 2305
3659 3660
9175 9176
9799 9800
461 462
4402 4403
8641 8642
3178 3179
5449 5450
3963 3964
9088 9089
5532 5533
4705 4706
2485 2486
2933 2934
8192 8193
6147 6148
9381 9382
9362 9363
6899 6900
7640 7641
6302 6303
7899 7900
4474 4475
151 152
5725 5726
114 115
6120 6121
9703 9704
6856 6857
6905 6906
3079 3080
6171 6172
8637 8638
7277 7278
3914 3915
8121 8122
4852 4853
4099 4100
8583 8584
2099 2100
7911 7912
2987 2988
7154 7155
1109 1110
3422 3423
1335 1336
6614 6615
8507 8508
2340 2341
9669 9670
1394 1395
4291 4292
904 905
5693 5694
2016 2017
4860 4861
9432 9433
3729 3730
1736 1737
9697 9698
4068 4069
8402 8403
3636 3637
2409 2410
3106 3107
5233 5234
7308 7309
7280 7281
4780 4781
7018 7019
9112 9113
1363 1364
4615 4616
1898 1899
805 806
6021 6022
7344 7345
2562 2563
294 295
2260 2261
204 205
5274 5275
508 509
9583 9584
9234 9235
8713 8714
5679 5680
2078 2079
3239 3240
8665 8666
2725 2726
6910 6911
5669 5670
6437 6438
9831 9832
6889 6890
359 360
2197 2198
2749 2750
3245 3246
8437 8438
7432 7433
9384 9385
6293 6294
1637 1638
5326 5327
8662 8663
5397 5398
790 791
6126 6127
26 27
1000 1001
1518 1519
4270 4271
2145 2146
4469 4470
1215 1216
8745 8746
5608 5609
2256 2257
8881 8882
1475 1476
3004 3005
5999 6000
5661 5662
4443 4444
4876 4877
2640 2641
9274 9275
553 554
5721 5722
6843 6844
3724 3725
4407 4408
3217 3218
2126 2127
6436 6437
5041 5042
3147 3148
4433 4434
1555 1556
8409 8410
745 746
4322 4323
7549 7550
390 391
4015 4016
7736 7737
335 336
1788 1789
132 133
5048 5049
8841 8842
8765 8766
7711 7712
2660 2661
3373 3374
6939 6940
5173 5174
6927 6928
8644 8645
5546 5547
7160 7161
7716 7717
5773 5774
9731 9732
779 780
9029 9030
2632 2633
490 491
9244 9245
2819 2820
2379 2380
4239 4240
3734 3735
5431 5432
2146 2147
8355 8356
2525 2526
6763 6764
2002 2003
3395 3396
278 279
7425 7426
8828 8829
9723 9724
7591 7592
9165 9166
1197 1198
3425 3426
7880 7881
2285 2286
5969 5970
1994 1995
3618 3619
8366 8367
303 304
1509 1510
282 283
1393 1394
5877 5878
2528 2529
1893 1894
4791 4792
6529 6530
1807 1808
5122 5123
5219 5220
1935 1936
3008 3009
1914 1915
8873 8874
8376 8377
7636 7637
8852 8853
144 145
7642 7643
6722 6723
9069 9070
8240 8241
47 48
6552 6553
3874 3875
9349 9350
5156 5157
5862 5863
5621 5622
8257 8258
6468 6469
5294 5295
8169 8170
7657 7658
6083 6084
4053 4054
1630 1631
5072 5073
5869 5870
6995 6996
3310 3311
7778 7779
8472 8473
6564 6565
2477 2478
1849 1850
8173 8174
3988 3989
6935 6936
4503 4504
4938 4939
2326 2327
2854 2855
5083 5084
2152 2153
5778 5779
9918 9919
9762 9763
6663 6664
8908 8909
9680 9681
6463 6464
1095 1096
3663 3664
7014 7015
8578 8579
2600 2601
463 464
3631 3632
6125 6126
6777 6778
1202 1203
7978 7979
2588 2589
7944 7945
2872 2873
5020 5021
4728 4729
3006 3007
6977 6978
1886 1887
5385 5386
9048 9049
7765 7766
1836 1837
1758 1759
9910 9911
9938 9939
4554 4555
2130 2131
7807 7808
8324 8325
7922 7923
9347 9348
5381 5382
4628 4629
5443 5444
13 14
3430 3431
199 200
5207 5208
5396 5397
1122 1123
9975 9976
1455 1456
7316 7317
1439 1440
2446 2447
1853 1854
6458 6459
8725 8726
4500 4501
719 720
7590 7591
6658 6659
2408 2409
7576 7577
6115 6116
2728 2729
245 246
4688 4689
680 681
3558 3559
4846 4847
6632 6633
4334 4335
4489 4490
7312 7313
6103 6104
6022 6023
5887 5888
3698 3699
9296 9297
1658 1659
6240 6241
5152 5153
8303 8304
9763 9764
748 749
7050 7051
348 349
5952 5953
7002 7003
4098 4099
1379 1380
3867 3868
2382 2383
5351 5352
3960 3961
539 540
608 609
8633 8634
4125 4126
2963 2964
1387 1388
3651 3652
4227 4228
322 323
4636 4637
2956 2957
4523 4524
1169 1170
422 423
6896 6897
2856 2857
6964 6965
1411 1412
5149 5150
812 813
2970 2971
6412 6413
6679 6680
5588 5589
8855 8856
9764 9765
6482 6483
1346 1347
8542 8543
632 633
7435 7436
1422 1423
4094 4095
7995 7996
7290 7291
4417 4418
7099 7100
674 675
3054 3055
55 56
4237 4238
4922 4923
3693 3694
2076 2077
8104 8105
8669 8670
5473 5474
66 67
7030 7031
8993 8994
8386 8387
5046 5047
6560 6561
4982 4983
6732 6733
6538 6539
6670 6671
5375 5376
9957 9958
8943 8944
308 309
1427 1428
420 421
3614 3615
5057 5058
9744 9745
3821 3822
6507 6508
1443 1444
9172 9173
5120 5121
1755 1756
591 592
3577 3578
3053 3054
5217 5218
3419 3420
3754 3755
920 921
5424 5425
1445 1446
8226 8227
4300 4301
6346 6347
8346 8347
7969 7970
6178 6179
8090 8091
7011 7012
1798 1799
2480 2481
9896 9897
7152 7153
9566 9567
4269 4270
292 293
7672 7673
9202 9203
6136 6137
8066 8067
7350 7351
1996 1997
2210 2211
498 499
4512 4513
383 384
9582 9583
4564 4565
7149 7150
6175 6176
7750 7751
9453 9454
8019 8020
6615 6616
1579 1580
384 385
6590 6591
1657 1658
2254 2255
3833 3834
8036 8037
267 268
6165 6166
4796 4797
4460 4461
5553 5554
5844 5845
7028 7029
5864 5865
5543 5544
5895 5896
6601 6602
7400 7401
4482 4483
5708 5709
705 706
7850 7851
8813 8814
4585 4586
9747 9748
844 845
3026 3027
6713 6714
2762 2763
9915 9916
1653 1654
7677 7678
6866 6867
922 923
69 70
4493 4494
7248 7249
883 884
2710 2711
18 19
8562 8563
6824 6825
5378 5379
8352 8353
1481 1482
2620 2621
4400 4401
4774 4775
3028 3029
6368 6369
7285 7286
9560 9561
9727 9728
2415 2416
796 797
6490 6491
2456 2457
5043 5044
8666 8667
6933 6934
2053 2054
3288 3289
6883 6884
4971 4972
4272 4273
6593 6594
8616 8617
8705 8706
3151 3152
3332 3333
7379 7380
4854 4855
6638 6639
9024 9025
9704 9705
9106 9107
7811 7812
2598 2599
2709 2710
5017 5018
4986 4987
6932 6933
634 635
9842 9843
3723 3724
593 594
5644 5645
4096 4097
6405 6406
2776 2777
9146 9147
2569 2570
3360 3361
7158 7159
9431 9432
3611 3612
2417 2418
1617 1618
7116 7117
3227 3228
5256 5257
4614 4615
8263 8264
6520 6521
8141 8142
2496 2497
4426 4427
1934 1935
7627 7628
4930 4931
3391 3392
346 347
206 207
963 964
947 948
5293 5294
2214 2215
835 836
3615 3616
7830 7831
9480 9481
4836 4837
6621 6622
4612 4613
5377 5378
4047 4048
4818 4819
452 453
9636 9637
1767 1768
6280 6281
4465 4466
2225 2226
7360 7361
4857 4858
4577 4578
6246 6247
2086 2087
5104 5105
886 887
5842 5843
148 149
2534 2535
9658 9659
9258 9259
8275 8276
5843 5844
7489 7490
2149 2150
2696 2697
1839 1840
6145 6146
3975 3976
471 472
1456 1457
4030 4031
9655 9656
2571 2572
1566 1567
3879 3880
5065 5066
7081 7082
9668 9669
1075 1076
5324 5325
7601 7602
4838 4839
3499 3500
7467 7468
910 911
3278 3279
7341 7342
4999 5000
135 136
9735 9736
9007 9008
7278 7279
3146 3147
7048 7049
4849 4850
2102 2103
1921 1922
770 771
7682 7683
1262 1263
8781 8782
9997 9998
4517 4518
3964 3965
6286 6287
3256 3257
2529 2530
2425 2426
4260 4261
5659 5660
5595 5596
1329 1330
7963 7964
7885 7886
3625 3626
9586 9587
3287 3288
5891 5892
3992 3993
6158 6159
1854 1855
3782 3783
9721 9722
4754 4755
4535 4536
4998 4999
7704 7705
7110 7111
5111 5112
344 345
356 357
7373 7374
68 69
4020 4021
9476 9477
1039 1040
9474 9475
20 21
1392 1393
1245 1246
9465 9466
8143 8144
6767 6768
9732 9733
8500 8501
9137 9138
5539 5540
7664 7665
7658 7659
4993 4994
3746 3747
902 903
2368 2369
1465 1466
5500 5501
7108 7109
626 627
4639 4640
8391 8392
6076 6077
4547 4548
1355 1356
2349 2350
8715 8716
1962 1963
1587 1588
563 564
2668 2669
7943 7944
5374 5375
29 30
3116 3117
3459 3460
8696 8697
5010 5011
7382 7383
4034 4035
2579 2580
6797 6798
4974 4975
1911 1912
2560 2561
5400 5401
9571 9572
2388 2389
8405 8406
6808 6809
2184 2185
7829 7830
9336 9337
8831 8832
8247 8248
9742 9743
6567 6568
2289 2290
5940 5941
6513 6514
8264 8265
9264 9265
8996 8997
3384 3385
7482 7483
1718 1719
1878 1879
645 646
8653 8654
1011 1012
1003 1004
347 348
958 959
8778 8779
6352 6353
1686 1687
966 967
1429 1430
9950 9951
6274 6275
4340 4341
1942 1943
4343 4344
4151 4152
4890 4891
9073 9074
6323 6324
5994 5995
5671 5672
5221 5222
7322 7323
9837 9838
8047 8048
7614 7615
9268 9269
8244 8245
3535 3536
177 178
3637 3638
6247 6248
2823 2824
5380 5381
6480 6481
1461 1462
1964 1965
5242 5243
6740 6741
1526 1527
9149 9150
9412 9413
9204 9205
7283 7284
7583 7584
8050 8051
1775 1776
9695 9696
3357 3358
5259 5260
9324 9325
1840 1841
2760 2761
5572 5573
3100 3101
4110 4111
1110 1111
738 739
2563 2564
897 898
1144 1145
4018 4019
2211 2212
7012 7013
8514 8515
5264 5265
7394 7395
8218 8219
2192 2193
6572 6573
8512 8513
8243 8244
3354 3355
9866 9867
7923 7924
6026 6027
9821 9822
51 52
3812 3813
9439 9440
459 460
5606 5607
6551 6552
1139 1140
8721 8722
110 111
272 273
6795 6796
7674 7675
4532 4533
9254 9255
12 13
1096 1097
9870 9871
973 974
3610 3611
4519 4520
5042 5043
171 172
8000 8001
6479 6480
976 977
7544 7545
6806 6807
7568 7569
6047 6048
4064 4065
9955 9956
49 50
2161 2162
2342 2343
3081 3082
8884 8885
755 756
7731 7732
6666 6667
4005 4006
7287 7288
1894 1895
5634 5635
3967 3968
343 344
3797 3798
5807 5808
4146 4147
8655 8656
9629 9630
9719 9720
4309 4310
3714 3715
3976 3977
8842 8843
4881 4882
6746 6747
4548 4549
4069 4070
271 272
908 909
5101 5102
7520 7521
4950 4951
8574 8575
2261 2262
3375 3376
8266 8267
9884 9885
1978 1979
3091 3092
1258 1259
3638 3639
596 597
7007 7008
9802 9803
4366 4367
9922 9923
219 220
3825 3826
4587 4588
5714 5715
6762 6763
3806 3807
93 94
2394 2395
6701 6702
7205 7206
3852 3853
2028 2029
4131 4132
48 49
2066 2067
8988 8989
6544 6545
2021 2022
5870 5871
5235 5236
4284 4285
3565 3566
9011 9012
9715 9716
4283 4284
9501 9502
6156 6157
8487 8488
827 828
772 773
7497 7498
578 579
2440 2441
5209 5210
1044 1045
693 694
7892 7893
3055 3056
129 130
4194 4195
1105 1106
7789 7790
9507 9508
5726 5727
3188 3189
5012 5013
7754 7755
8538 8539
7741 7742
8321 8322
5643 5644
5549 5550
4627 4628
9187 9188
5958 5959
6298 6299
8384 8385
5781 5782
1578 1579
4123 4124
5748 5749
5559 5560
7195 7196
1831 1832
2431 2432
305 306
9833 9834
8486 8487
2768 2769
1188 1189
5529 5530
3503 3504
2194 2195
6902 6903
1149 1150
7306 7307
3819 3820
3939 3940
7748 7749
8997 8998
3938 3939
3918 3919
4203 4204
3985 3986
3281 3282
1538 1539
2831 2832
2582 2583
8095 8096
9455 9456
133 134
4494 4495
5522 5523
2801 2802
8220 8221
297 298
1748 1749
3096 3097
820 821
2427 2428
5428 5429
9140 9141
3165 3166
2914 2915
3352 3353
224 225
9446 9447
8040 8041
4669 4670
7933 7934
7993 7994
8305 8306
3854 3855
1382 1383
8127 8128
7426 7427
8420 8421
7477 7478
5947 5948
1659 1660
9068 9069
7035 7036
9925 9926
7019 7020
3629 3630
4071 4072
1090 1091
4246 4247
5312 5313
4563 4564
5547 5548
525 526
3586 3587
6628 6629
7732 7733
2163 2164
1484 1485
9916 9917
3906 3907
4166 4167
2873 2874
9492 9493
8099 8100
1205 1206
828 829
1541 1542
7555 7556
496 497
4458 4459
3641 3642
6273 6274
8025 8026
4673 4674
6815 6816
7317 7318
7234 7235
1944 1945
5651 5652
3027 3028
7076 7077
2882 2883
4693 4694
6100 6101
7580 7581
3426 3427
5005 5006
1724 1725
5885 5886
9936 9937
7802 7803
3427 3428
1395 1396
4229 4230
9585 9586
4767 4768
4896 4897
3285 3286
598 599
9477 9478
8942 8943
7864 7865
6838 6839
9774 9775
3678 3679
5865 5866
7183 7184
8069 8070
9078 9079
6034 6035
3994 3995
5205 5206
8687 8688
4683 4684
2148 2149
6290 6291
9282 9283
2893 2894
8470 8471
1226 1227
798 799
4645 4646
4724 4725
8532 8533
3162 3163
1171 1172
6394 6395
6218 6219
2222 2223
9059 9060
9817 9818
5074 5075
8907 8908
4992 4993
4571 4572
5717 5718
8016 8017
6550 6551
3814 3815
3273 3274
7272 7273
8554 8555
9513 9514
2437 2438
1602 1603
1193 1194
1026 1027
8074 8075
7128 7129
9002 9003
2773 2774
732 733
8878 8879
5490 5491
2287 2288
411 412
6422 6423
5803 5804
901 902
1113 1114
4997 4998
4464 4465
6202 6203
3057 3058
5130 5131
1023 1024
225 226
822 823
635 636
7989 7990
9318 9319
403 404
3518 3519
4164 4165
7791 7792
5548 5549
6581 6582
8990 8991
5423 5424
4815 4816
6832 6833
27 28
1208 1209
688 689
489 490
4116 4117
7954 7955
4945 4946
3708 3709
6848 6849
4572 4573
9885 9886
9953 9954
293 294
8204 8205
164 165
935 936
9275 9276
4133 4134
9798 9799
8485 8486
7159 7160
9016 9017
128 129
644 645
9786 9787
1001 1002
214 215
5788 5789
1010 1011
5070 5071
8747 8748
7325 7326
2855 2856
7558 7559
8080 8081
6606 6607
5780 5781
3296 3297
9222 9223
5068 5069
7851 7852
992 993
2273 2274
3277 3278
6316 6317
7103 7104
65 66
6166 6167
7387 7388
2000 2001
7587 7588
8587 8588
5095 5096
3905 3906
2393 2394
4549 4550
2832 2833
5793 5794
565 566
7737 7738
5071 5072
9087 9088
6168 6169
2432 2433
7197 7198
6646 6647
1326 1327
1060 1061
2250 2251
234 235
9625 9626
836 837
6890 6891
392 393
6320 6321
7209 7210
7569 7570
2160 2161
8862 8863
6007 6008
7473 7474
1255 1256
4344 4345
6486 6487
8092 8093
3126 3127
2551 2552
7256 7257
6009 6010
3837 3838
1783 1784
1376 1377
7695 7696
7431 7432
8827 8828
5352 5353
8544 8545
6773 6774
651 652
5880 5881
5131 5132
990 991
7879 7880
1301 1302
1 2
997 998
7735 7736
7871 7872
6689 6690
8585 8586
1580 1581
7434 7435
1889 1890
9443 9444
2843 2844
1968 1969
8123 8124
1804 1805
6483 6484
5188 5189
2782 2783
8590 8591
8509 8510
984 985
5757 5758
1050 1051
6037 6038
8046 8047
7889 7890
6014 6015
5475 5476
4665 4666
3396 3397
4007 4008
4041 4042
4579 4580
3785 3786
4603 4604
7874 7875
4118 4119
9893 9894
3632 3633
5456 5457
3242 3243
9906 9907
8316 8317
9482 9483
8432 8433
2504 2505
7194 7195
2546 2547
3901 3902
4701 4702
3378 3379
5630 5631
4108 4109
7475 7476
8575 8576
1324 1325
7964 7965
409 410
7295 7296
7082 7083
7548 7549
5942 5943
2516 2517
1065 1066
2907 2908
6921 6922
3259 3260
7245 7246
4168 4169
2769 2770
4783 4784
7742 7743
4657 4658
3941 3942
2740 2741
491 492
1565 1566
6528 6529
6074 6075
8227 8228
9852 9853
6536 6537
7345 7346
2713 2714
3581 3582
8891 8892
1991 1992
8412 8413
2373 2374
6112 6113
1837 1838
6803 6804
9499 9500
9990 9991
1308 1309
5837 5838
2091 2092
7538 7539
6250 6251
717 718
4362 4363
5155 5156
6450 6451
4496 4497
9575 9576
1025 1026
526 527
8333 8334
7841 7842
2253 2254
2719 2720
2797 2798
6912 6913
1064 1065
3942 3943
7451 7452
1965 1966
1892 1893
7130 7131
1397 1398
222 223
9979 9980
4536 4537
2895 2896
5090 5091
1756 1757
312 313
2770 2771
4 5
8187 8188
4809 4810
6008 6009
9880 9881
3265 3266
2726 2727
1444 1445
8611 8612
4816 4817
6559 6560
9707 9708
6334 6335
8546 8547
1910 1911
9036 9037
2622 2623
4298 4299
9219 9220
8466 8467
6396 6397
7920 7921
4339 4340
7484 7485
3980 3981
7773 7774
2851 2852
9949 9950
5094 5095
2037 2038
3127 3128
4526 4527
8389 8390
4207 4208
2897 2898
9370 9371
5677 5678
1971 1972
153 154
5834 5835
5707 5708
2328 2329
4484 4485
1428 1429
3078 3079
933 934
7282 7283
5190 5191
4224 4225
9246 9247
8529 8530
7631 7632
455 456
2975 2976
3404 3405
5980 5981
5688 5689
4850 4851
5356 5357
1364 1365
5329 5330
2479 2480
3389 3390
9361 9362
1493 1494
1706 1707
6130 6131
5645 5646
8906 8907
4703 4704
607 608
5168 5169
2355 2356
4097 4098
31 32
8822 8823
1071 1072
9898 9899
2470 2471
5666 5667
9330 9331
8448 8449
6554 6555
5992 5993
2645 2646
6430 6431
1068 1069
2041 2042
9674 9675
5988 5989
7386 7387
1185 1186
4765 4766
8631 8632
8726 8727
6674 6675
4000 4001
3613 3614
3229 3230
2881 2882
1035 1036
6370 6371
3157 3158
2401 2402
4428 4429
2742 2743
3573 3574
4149 4150
5819 5820
9085 9086
9514 9515
2869 2870
1283 1284
5185 5186
6986 6987
9921 9922
423 424
3542 3543
8024 8025
4968 4969
4195 4196
1472 1473
9928 9929
5569 5570
4933 4934
220 221
9483 9484
3900 3901
2081 2082
500 501
354 355
9050 9051
3574 3575
8261 8262
9218 9219
9865 9866
6579 6580
6931 6932
8903 8904
1734 1735
8186 8187
533 534
4037 4038
7697 7698
742 743
6487 6488
6287 6288
8771 8772
3196 3197
6870 6871
9976 9977
6360 6361
7896 7897
8702 8703
6170 6171
1328 1329
6491 6492
4032 4033
9848 9849
2129 2130
8411 8412
5182 5183
8613 8614
2521 2522
653 654
5471 5472
7744 7745
8461 8462
6439 6440
6835 6836
2539 2540
2580 2581
1895 1896
1669 1670
6849 6850
3598 3599
6127 6128
1751 1752
7 8
345 346
373 374
4668 4669
5622 5623
8840 8841
4738 4739
773 774
7760 7761
2937 2938
7823 7824
6494 6495
4600 4601
8462 8463
1027 1028
6478 6479
3317 3318
9134 9135
714 715
5774 5775
3067 3068
4801 4802
6990 6991
168 169
1446 1447
3388 3389
2183 2184
5828 5829
4733 4734
1802 1803
1940 1941
1147 1148
830 831
8610 8611
2634 2635
7004 7005
5285 5286
9505 9506
3369 3370
5875 5876
7914 7915
3688 3689
9018 9019
6751 6752
913 914
8496 8497
8576 8577
4649 4650
136 137
957 958
2678 2679
2815 2816
9188 9189
3088 3089
730 731
2540 2541
3549 3550
7955 7956
961 962
4396 4397
2966 2967
3703 3704
5499 5500
4106 4107
3801 3802
6779 6780
1850 1851
3798 3799
6073 6074
8023 8024
6269 6270
3742 3743
6153 6154
678 679
6193 6194
1298 1299
7270 7271
3896 3897
4342 4343
2874 2875
9387 9388
7810 7811
1284 1285
4501 4502
4829 4830
7637 7638
1399 1400
6886 6887
8690 8691
8759 8760
9290 9291
4182 4183
652 653
7493 7494
878 879
75 76
1415 1416
6916 6917
1430 1431
2468 2469
8300 8301
6492 6493
6698 6699
116 117
5873 5874
6380 6381
3121 3122
7336 7337
3899 3900
7162 7163
9681 9682
262 263
9603 9604
5079 5080
932 933
9835 9836
8953 8954
3699 3700
285 286
5867 5868
826 827
7458 7459
7136 7137
5254 5255
3035 3036
8075 8076
1674 1675
3266 3267
5746 5747
7403 7404
7621 7622
1947 1948
9065 9066
4973 4974
4211 4212
4412 4413
6780 6781
923 924
2193 2194
6222 6223
2951 2952
7423 7424
1628 1629
5498 5499
5925 5926
4593 4594
8181 8182
2266 2267
7547 7548
1210 1211
7021 7022
6571 6572
6058 6059
4607 4608
4923 4924
2022 2023
6619 6620
6140 6141
5123 5124
8958 8959
9932 9933
306 307
7715 7716
2853 2854
4991 4992
19 20
4379 4380
579 580
6657 6658
8686 8687
6244 6245
7364 7365
9642 9643
8826 8827
5764 5765
1601 1602
7131 7132
9163 9164
8864 8865
9594 9595
8501 8502
3799 3800
2391 2392
1121 1122
2195 2196
9952 9953
90 91
2397 2398
258 259
3520 3521
2707 2708
2218 2219
7607 7608
1504 1505
7761 7762
5376 5377
3185 3186
8442 8443
3270 3271
187 188
104 105
6527 6528
9097 9098
8249 8250
1453 1454
4661 4662
4794 4795
3541 3542
6537 6538
7696 7697
9640 9641
2127 2128
2803 2804
614 615
8332 8333
3947 3948
3322 3323
1782 1783
8060 8061
3599 3600
7225 7226
5323 5324
6909 6910
4764 4765
4158 4159
1792 1793
4560 4561
5102 5103
657 658
3129 3130
806 807
4206 4207
4422 4423
8710 8711
99 100
2664 2665
4677 4678
7184 7185
7975 7976
131 132
8743 8744
852 853
1053 1054
7020 7021
867 868
3932 3933
8107 8108
4619 4620
4862 4863
1815 1816
2243 2244
3326 3327
3990 3991
2958 2959
3293 3294
8648 8649
9127 9128
5938 5939
2983 2984
8174 8175
2098 2099
326 327
6541 6542
8328 8329
4315 4316
5314 5315
2229 2230
9270 9271
8159 8160
4909 4910
8599 8600
4553 4554
7200 7201
6607 6608
6522 6523
5167 5168
1136 1137
7415 7416
3872 3873
919 920
5772 5773
2925 2926
7335 7336
3756 3757
5699 5700
393 394
8703 8704
6342 6343
8317 8318
2561 2562
4378 4379
9348 9349
3102 3103
8815 8816
4214 4215
4132 4133
2576 2577
3224 3225
1077 1078
2901 2902
8921 8922
41 42
6672 6673
7010 7011
2191 2192
4962 4963
7905 7906
2700 2701
4871 4872
3996 3997
7267 7268
1725 1726
8272 8273
5530 5531
3260 3261
319 320
8380 8381
6620 6621
2039 2040
8823 8824
6442 6443
8182 8183
6735 6736
797 798
6596 6597
716 717
4642 4643
3705 3706
331 332
1307 1308
9760 9761
5730 5731
1841 1842
3643 3644
8424 8425
1381 1382
7893 7894
9986 9987
1569 1570
1588 1589
5038 5039
192 193
3576 3577
8522 8523
5607 5608
6029 6030
7297 7298
2383 2384
4087 4088
4646 4647
5763 5764
7678 7679
1501 1502
974 975
5652 5653
6840 6841
8465 8466
4641 4642
5640 5641
2069 2070
7288 7289
5103 5104
6676 6677
1118 1119
1769 1770
9601 9602
3122 3123
9206 9207
419 420
5316 5317
5799 5800
4745 4746
7092 7093
2968 2969
3682 3683
112 113
4690 4691
856 857
8663 8664
1222 1223
7767 7768
5915 5916
8032 8033
2902 2903
3556 3557
921 922
7853 7854
2687 2688
3968 3969
2814 2815
9230 9231
4451 4452
6496 6497
9151 9152
3461 3462
2092 2093
6807 6808
9466 9467
4802 4803
654 655
7232 7233
4266 4267
7138 7139
3485 3486
5544 5545
2688 2689
746 747
4781 4782
4410 4411
1784 1785
3813 3814
7190 7191
8013 8014
8475 8476
4917 4918
7320 7321
8406 8407
5637 5638
1938 1939
183 184
8289 8290
7565 7566
1357 1358
7622 7623
9599 9600
6163 6164
6928 6929
8950 8951
311 312
3483 3484
1919 1920
9879 9880
2607 2608
5158 5159
6907 6908
5419 5420
4848 4849
3617 3618
1972 1973
6652 6653
711 712
5701 5702
4186 4187
1168 1169
9972 9973
6826 6827
8964 8965
5492 5493
4346 4347
5722 5723
3398 3399
5093 5094
3691 3692
8876 8877
3481 3482
3760 3761
5512 5513
2089 2090
9791 9792
9965 9966
6119 6120
877 878
2923 2924
1621 1622
1508 1509
6664 6665
9814 9815
5198 5199
731 732
2950 2951
618 619
5680 5681
4566 4567
320 321
1464 1465
6602 6603
1173 1174
6226 6227
1575 1576
7126 7127
2358 2359
3014 3015
1468 1469
4568 4569
9529 9530
6880 6881
4580 4581
5013 5014
3528 3529
6425 6426
237 238
6477 6478
33 34
4039 4040
9463 9464
7191 7192
8393 8394
9577 9578
4079 4080
7265 7266
6574 6575
275 276
9355 9356
6407 6408
9795 9796
3377 3378
404 405
1212 1213
8004 8005
1032 1033
3974 3975
2735 2736
8154 8155
616 617
6296 6297
5806 5807
4935 4936
8711 8712
405 406
3141 3142
7669 7670
6597 6598
5914 5915
71 72
2458 2459
3085 3086
2612 2613
3540 3541
7022 7023
4976 4977
4868 4869
4953 4954
448 449
3818 3819
7169 7170
6854 6855
2624 2625
9717 9718
4232 4233
2662 2663
537 538
5166 5167
3728 3729
1490 1491
6465 6466
7367 7368
8294 8295
2519 2520
4447 4448
4550 4551
6700 6701
7468 7469
9708 9709
7333 7334
3868 3869
8846 8847
7725 7726
3455 3456
4833 4834
5407 5408
3094 3095
4331 4332
6451 6452
8564 8565
6542 6543
9493 9494
5334 5335
3339 3340
2200 2201
416 417
7410 7411
2667 2668
487 488
4921 4922
6277 6278
7447 7448
8853 8854
6278 6279
566 567
2476 2477
9773 9774
8360 8361
694 695
7560 7561
2269 2270
4926 4927
2325 2326
9052 9053
737 738
2861 2862
9991 9992
3397 3398
6418 6419
9107 9108
2169 2170
9433 9434
3950 3951
2276 2277
7047 7048
5018 5019
892 893
3439 3440
5346 5347
9456 9457
7166 7167
7575 7576
1172 1173
1650 1651
4277 4278
35 36
5944 5945
9887 9888
478 479
7957 7958
3302 3303
2457 2458
1138 1139
6985 6986
909 910
2172 2173
1179 1180
1157 1158
4895 4896
4949 4950
9527 9528
2714 2715
7459 7460
2487 2488
9240 9241
9637 9638
7356 7357
3442 3443
8098 8099
842 843
8676 8677
3405 3406
4367 4368
6208 6209
1059 1060
7424 7425
5063 5064
8370 8371
67 68
1823 1824
5337 5338
624 625
2497 2498
8890 8891
4480 4481
7268 7269
25 26
2729 2730
1045 1046
5151 5152
8904 8905
5289 5290
4966 4967
8605 8606
655 656
2223 2224
1420 1421
980 981
5817 5818
394 395
6691 6692
1248 1249
6720 6721
6443 6444
8984 8985
7163 7164
3802 3803
3301 3302
5418 5419
5516 5517
336 337
8242 8243
5900 5901
5001 5002
9590 9591
4036 4037
3656 3657
8474 8475
2017 2018
3730 3731
6481 6482
2610 2611
8877 8878
7251 7252
1436 1437
291 292
6508 6509
8939 8940
2992 2993
172 173
4578 4579
2267 2268
5453 5454
6003 6004
9239 9240
5000 5001
5097 5098
1954 1955
2365 2366
5249 5250
6810 6811
2294 2295
3444 3445
9015 9016
4772 4773
7254 7255
3280 3281
1293 1294
2171 2172
5311 5312
8555 8556
9122 9123
2623 2624
5128 5129
9891 9892
228 229
1966 1967
141 142
3048 3049
1949 1950
5439 5440
4687 4688
9280 9281
3228 3229
5878 5879
9943 9944
8589 8590
3512 3513
6756 6757
340 341
9353 9354
1352 1353
4660 4661
5993 5994
8597 8598
1441 1442
890 891
1489 1490
7916 7917
382 383
3805 3806
7684 7685
3490 3491
327 328
9607 9608
6829 6830
7688 7689
8456 8457
7121 7122
7381 7382
8235 8236
4052 4053
6930 6931
6106 6107
2691 2692
4152 4153
749 750
410 411
9309 9310
8947 8948
1830 1831
6243 6244
9664 9665
8761 8762
3547 3548
1699 1700
9148 9149
8215 8216
7003 7004
2751 2752
81 82
8212 8213
5948 5949
1739 1740
2549 2550
3716 3717
5728 5729
466 467
5665 5666
1591 1592
5619 5620
1529 1530
6065 6066
4248 4249
9289 9290
3521 3522
2545 2546
5883 5884
3007 3008
3907 3908
885 886
3752 3753
5472 5473
1549 1550
8494 8495
3233 3234
3440 3441
2889 2890
6630 6631
9229 9230
2124 2125
3325 3326
7639 7640
5597 5598
1162 1163
7448 7449
3261 3262
7685 7686
2960 2961
3149 3150
3098 3099
1564 1565
2655 2656
4390 4391
4678 4679
1747 1748
3707 3708
310 311
2234 2235
9542 9543
9049 9050
548 549
522 523
9588 9589
6922 6923
1668 1669
7539 7540
1437 1438
6204 6205
6207 6208
3831 3832
4436 4437
4220 4221
8285 8286
9553 9554
788 789
9963 9964
2009 2010
9174 9175
3282 3283
4613 4614
1112 1113
1592 1593
2331 2332
1536 1537
2772 2773
1936 1937
946 947
5919 5920
6587 6588
4784 4785
5928 5929
4637 4638
7083 7084
7398 7399
2014 2015
7526 7527
7635 7636
6825 6826
4004 4005
106 107
3210 3211
4663 4664
2774 2775
5367 5368
7017 7018
4306 4307
3537 3538
2870 2871
231 232
8262 8263
502 503
4630 4631
2070 2071
281 282
6308 6309
5135 5136
5836 5837
5466 5467
8434 8435
4825 4826
9895 9896
279 280
4959 4960
4889 4890
4730 4731
8556 8557
3144 3145
3654 3655
4524 4525
6285 6286
9813 9814
6845 6846
5658 5659
6610 6611
4911 4912
1684 1685
2118 2119
9491 9492
4267 4268
6189 6190
7401 7402
2852 2853
8899 8900
838 839
6978 6979
4960 4961
535 536
5007 5008
3788 3789
7925 7926
8671 8672
2903 2904
1522 1523
1809 1810
8809 8810
7139 7140
3893 3894
9904 9905
5841 5842
6444 6445
5918 5919
8727 8728
6901 6902
2693 2694
1473 1474
1315 1316
5427 5428
8162 8163
1829 1830
821 822
7707 7708
2013 2014
9420 9421
5932 5933
599 600
5709 5710
586 587
5642 5643
352 353
1743 1744
2430 2431
2822 2823
4869 4870
6148 6149
6378 6379
8517 8518
7588 7589
7932 7933
6095 6096
9403 9404
4275 4276
8482 8483
9757 9758
6842 6843
2119 2120
8030 8031
2753 2754
3971 3972
839 840
848 849
7673 7674
3733 3734
6104 6105
8375 8376
8114 8115
4759 4760
8872 8873
7291 7292
4021 4022
5258 5259
6963 6964
1407 1408
9685 9686
1104 1105
4406 4407
8658 8659
8836 8837
9169 9170
3408 3409
9510 9511
2180 2181
9418 9419
485 486
7276 7277
6082 6083
9310 9311
1867 1868
6515 6516
1660 1661
8381 8382
6216 6217
7986 7987
6761 6762
6404 6405
9752 9753
5331 5332
4918 4919
5234 5235
567 568
2928 2929
1383 1384
2962 2963
4516 4517
9818 9819
3161 3162
9288 9289
3272 3273
9496 9497
8476 8477
3875 3876
5863 5864
7479 7480
9875 9876
8058 8059
1457 1458
8805 8806
5015 5016
7239 7240
5322 5323
1612 1613
1634 1635
4416 4417
3811 3812
7300 7301
5119 5120
6114 6115
4398 4399
7746 7747
9946 9947
6391 6392
3740 3741
3061 3062
9800 9801
3786 3787
8027 8028
3735 3736
3795 3796
5960 5961
4905 4906
1915 1916
2462 2463
2846 2847
5436 5437
4715 4716
6414 6415
1848 1849
6304 6305
4541 4542
6608 6609
4124 4125
5054 5055
7676 7677
315 316
724 725
7861 7862
8963 8964
5737 5738
7015 7016
4957 4958
257 258
863 864
3583 3584
7359 7360
5178 5179
4187 4188
3135 3136
6460 6461
9067 9068
1191 1192
5518 5519
4200 4201
6367 6368
2777 2778
5022 5023
9121 9122
4199 4200
3163 3164
3661 3662
4318 4319
1525 1526
2631 2632
6641 6642
2922 2923
4544 4545
2136 2137
521 522
6868 6869
2402 2403
1386 1387
7771 7772
3692 3693
6081 6082
2063 2064
377 378
1225 1226
6469 6470
9556 9557
8545 8546
1257 1258
6056 6057
1900 1901
42 43
1926 1927
3956 3957
2359 2360
1616 1617
6568 6569
8566 8567
6707 6708
1254 1255
3386 3387
8492 8493
5468 5469
7546 7547
6249 6250
3031 3032
7693 7694
5524 5525
6219 6220
5749 5750
2863 2864
3089 3090
4305 4306
1813 1814
7806 7807
6861 6862
9009 9010
747 748
4392 4393
3572 3573
386 387
7365 7366
2636 2637
9297 9298
7510 7511
5982 5983
3671 3672
3193 3194
1260 1261
9192 9193
80 81
1779 1780
5261 5262
4026 4027
9502 9503
7965 7966
1597 1598
4439 4440
7962 7963
7724 7725
9667 9668
5237 5238
9478 9479
7758 7759
2484 2485
9782 9783
2378 2379
5504 5505
9141 9142
6113 6114
4327 4328
9108 9109
5538 5539
5281 5282
200 201
6139 6140
7039 7040
5429 5430
9581 9582
9919 9920
4834 4835
1083 1084
7818 7819
6209 6210
8207 8208
37 38
3710 3711
4543 4544
8018 8019
2630 2631
5260 5261
1888 1889
9678 9679
8302 8303
2505 2506
5967 5968
1049 1050
6555 6556
4769 4770
5936 5937
7860 7861
7753 7754
2428 2429
9231 9232
5342 5343
3138 3139
5110 5111
3118 3119
2669 2670
6852 6853
2073 2074
8223 8224
2077 2078
7780 7781
2514 2515
9256 9257
4790 4791
1796 1797
9911 9912
9751 9752
8795 8796
2251 2252
6887 6888
4556 4557
5779 5780
1178 1179
3406 3407
1438 1439
5031 5032
87 88
3392 3393
406 407
1553 1554
1424 1425
7231 7232
4209 4210
3916 3917
8861 8862
1908 1909
3347 3348
7643 7644
6900 6901
2657 2658
4591 4592
6992 6993
7155 7156
3895 3896
379 380
1087 1088
3568 3569
2984 2985
7867 7868
813 814
2248 2249
3966 3967
9133 9134
50 51
5106 5107
4174 4175
7816 7817
1801 1802
9737 9738
5609 5610
1013 1014
1814 1815
6673 6674
8803 8804
3619 3620
5485 5486
7915 7916
7013 7014
212 213
5437 5438
3624 3625
6331 6332
7564 7565
636 637
8565 8566
2303 2304
1521 1522
4261 4262
6697 6698
407 408
5719 5720
8383 8384
6085 6086
3642 3643
8407 8408
6177 6178
3658 3659
811 812
9156 9157
9698 9699
938 939
6390 6391
6312 6313
8537 8538
6833 6834
4817 4818
3604 3605
3508 3509
1517 1518
2798 2799
5442 5443
2585 2586
7777 7778
2864 2865
2463 2464
6940 6941
6686 6687
495 496
2517 2518
972 973
3670 3671
289 290
8714 8715
3721 3722
7249 7250
5521 5522
1030 1031
4832 4833
8940 8941
488 489
9346 9347
3553 3554
4050 4051
1655 1656
2246 2247
8111 8112
7462 7463
3453 3454
7836 7837
2730 2731
5114 5115
1088 1089
4010 4011
5893 5894
1861 1862
4022 4023
9982 9983
7959 7960
2026 2027
7808 7809
1646 1647
676 677
1318 1319
6768 6769
6533 6534
3717 3718
1277 1278
4717 4718
989 990
4216 4217
5279 5280
8089 8090
9983 9984
6110 6111
5252 5253
6784 6785
5446 5447
3336 3337
5695 5696
3959 3960
6062 6063
8070 8071
4441 4442
2543 2544
376 377
1125 1126
6206 6207
9190 9191
4947 4948
823 824
5904 5905
5214 5215
1791 1792
7740 7741
2908 2909
5964 5965
3601 3602
217 218
7543 7544
8592 8593
98 99
6595 6596
1055 1056
2236 2237
4666 4667
8178 8179
7982 7983
6086 6087
930 931
761 762
3010 3011
7611 7612
8126 8127
9434 9435
8211 8212
2315 2316
503 504
6266 6267
1969 1970
8674 8675
105 106
7483 7484
4076 4077
9968 9969
1487 1488
6361 6362
7882 7883
1762 1763
2137 2138
4827 4828
8343 8344
8736 8737
6981 6982
4360 4361
9486 9487
7788 7789
9843 9844
2371 2372
4228 4229
7500 7501
1499 1500
6772 6773
3566 3567
4752 4753
6757 6758
7800 7801
5785 5786
5082 5083
1353 1354
7059 7060
1280 1281
4292 4293
5099 5100
8368 8369
1143 1144
472 473
1645 1646
4357 4358
8868 8869
999 1000
1033 1034
4432 4433
9247 9248
3536 3537
1093 1094
7474 7475
659 660
2375 2376
8156 8157
9867 9868
864 865
1557 1558
1348 1349
881 882
4119 4120
6857 6858
17 18
9005 9006
3476 3477
7973 7974
9445 9446
1778 1779
1391 1392
9179 9180
9612 9613
9806 9807
9338 9339
6011 6012
1161 1162
4065 4066
8626 8627
7991 7992
7990 7991
1619 1620
8594 8595
5044 5045
6765 6766
2232 2233
387 388
7904 7905
1662 1663
3387 3388
5740 5741
2284 2285
531 532
1761 1762
1271 1272
5769 5770
8274 8275
1142 1143
9520 9521
6400 6401
5002 5003
7120 7121
9967 9968
1745 1746
633 634
3612 3613
1159 1160
5239 5240
1879 1880
3356 3357
9126 9127
6295 6296
7374 7375
8 9
2158 2159
884 885
4048 4049
568 569
5032 5033
7208 7209
4247 4248
8933 8934
9042 9043
3311 3312
4936 4937
468 469
2890 2891
2356 2357
735 736
4882 4883
6741 6742
2593 2594
2381 2382
5974 5975
7545 7546
4987 4988
9392 9393
8612 8613
5678 5679
2652 2653
3025 3026
9954 9955
6864 6865
5673 5674
5592 5593
7328 7329
8259 8260
3776 3777
9214 9215
4948 4949
5196 5197
851 852
5589 5590
5528 5529
6447 6448
134 135
4946 4947
9562 9563
6688 6689
702 703
6421 6422
9441 9442
323 324
2221 2222
8404 8405
1939 1940
2090 2091
8640 8641
4937 4938
7958 7959
8798 8799
2451 2452
4242 4243
9124 9125
2961 2962
9205 9206
2075 2076
2061 2062
2125 2126
4808 4809
181 182
3634 3635
1689 1690
5177 5178
6107 6108
722 723
9630 9631
4592 4593
4059 4060
8478 8479
4625 4626
9444 9445
4680 4681
2032 2033
1021 1022
7875 7876
3672 3673
4430 4431
5422 5423
2112 2113
8885 8886
253 254
5770 5771
2244 2245
2068 2069
5823 5824
4213 4214
3424 3425
3434 3435
613 614
4399 4400
8856 8857
9650 9651
3445 3446
6983 6984
1408 1409
7129 7130
8825 8826
1664 1665
1905 1906
1154 1155
5555 5556
4586 4587
4698 4699
5557 5558
9251 9252
1146 1147
5296 5297
8301 8302
4924 4925
8691 8692
2746 2747
6998 6999
3804 3805
2237 2238
8693 8694
6687 6688
8974 8975
5098 5099
6185 6186
7496 7497
6214 6215
6335 6336
7846 7847
5451 5452
916 917
2596 2597
2270 2271
4681 4682
7175 7176
3832 3833
800 801
5139 5140
9627 9628
61 62
5631 5632
888 889
9004 9005
7552 7553
889 890
8196 8197
7599 7600
6603 6604
5582 5583
5602 5603
8140 8141
6648 6649
1995 1996
725 726
2138 2139
6951 6952
4744 4745
9593 9594
3700 3701
4624 4625
4051 4052
5558 5559
1069 1070
7113 7114
8617 8618
36 37
3467 3468
7033 7034
1776 1777
2411 2412
2240 2241
2690 2691
9372 9373
6573 6574
560 561
4679 4680
314 315
9587 9588
6313 6314
190 191
8233 8234
1008 1009
7902 7903
5898 5899
2695 2696
987 988
4303 4304
9770 9771
6589 6590
2308 2309
612 613
302 303
7362 7363
8515 8516
2738 2739
236 237
8518 8519
739 740
542 543
3231 3232
9792 9793
6272 6273
2732 2733
9196 9197
1913 1914
8337 8338
5216 5217
9291 9292
1624 1625
4449 4450
8540 8541
3507 3508
4250 4251
7118 7119
7332 7333
3669 3670
4916 4917
4691 4692
3011 3012
2821 2822
8064 8065
8893 8894
5649 5650
9857 9858
1970 1971
557 558
5855 5856
3666 3667
2280 2281
9074 9075
3139 3140
1885 1886
6169 6170
1187 1188
8650 8651
5191 5192
1194 1195
860 861
469 470
6675 6676
780 781
242 243
8764 8765
7787 7788
1294 1295
3451 3452
7557 7558
9964 9965
4054 4055
8415 8416
6662 6663
991 992
46 47
2262 2263
6920 6921
2337 2338
5811 5812
9805 9806
6355 6356
6263 6264
8790 8791
7439 7440
1542 1543
2321 2322
1402 1403
1811 1812
7571 7572
9815 9816
5876 5877
6729 6730
8091 8092
8464 8465
6521 6522
4434 4435
9039 9040
2647 2648
5523 5524
9109 9110
9779 9780
3640 3641
3903 3904
9643 9644
1038 1039
9687 9688
21 22
4393 4394
4803 4804
2224 2225
1252 1253
1766 1767
6401 6402
1875 1876
3213 3214
7073 7074
5388 5389
4419 4420
4325 4326
627 628
3929 3930
7339 7340
5515 5516
4985 4986
5275 5276
8758 8759
201 202
5966 5967
2817 2818
934 935
3469 3470
5305 5306
7343 7344
5821 5822
8341 8342
6309 6310
5976 5977
7967 7968
6393 6394
9070 9071
6893 6894
556 557
9567 9568
9147 9148
7843 7844
284 285
9834 9835
1041 1042
6173 6174
9618 9619
2796 2797
7449 7450
6031 6032
1907 1908
6294 6295
8780 8781
1844 1845
9589 9590
1080 1081
9647 9648
787 788
4394 4395
3704 3705
7372 7373
6681 6682
8706 8707
5747 5748
3653 3654
2190 2191
9580 9581
8167 8168
1186 1187
2808 2809
7097 7098
8730 8731
5889 5890
492 493
2616 2617
6859 6860
3935 3936
3101 3102
2360 2361
5739 5740
9160 9161
4621 4622
6282 6283
9768 9769
316 317
9557 9558
5913 5914
926 927
1070 1071
3000 3001
9161 9162
4234 4235
1950 1951
9273 9274
8308 8309
6324 6325
8421 8422
5567 5568
5627 5628
2108 2109
2226 2227
8502 8503
5187 5188
6315 6316
1022 1023
792 793
6805 6806
1640 1641
5105 5106
2943 2944
5109 5110
1523 1524
2673 2674
1452 1453
2972 2973
3346 3347
8668 8669
7009 7010
5804 5805
8353 8354
7584 7585
7294 7295
443 444
8349 8350
3041 3042
2964 2965
8003 8004
5355 5356
5742 5743
9028 9029
9171 9172
4653 4654
4230 4231
1206 1207
3765 3766
2307 2308
4377 4378
6846 6847
9457 9458
3909 3910
9942 9943
5055 5056
8952 8953
1742 1743
8078 8079
8817 8818
3563 3564
7354 7355
3314 3315
159 160
2030 2031
8282 8283
9769 9770
9132 9133
2884 2885
5995 5996
778 779
3793 3794
7034 7035
9367 9368
7279 7280
5907 5908
5267 5268
2279 2280
7480 7481
4139 4140
601 602
7466 7467
6101 6102
6072 6073
9249 9250
5949 5950
4914 4915
497 498
4699 4700
9839 9840
1351 1352
3763 3764
896 897
2233 2234
7318 7319
744 745
1544 1545
1576 1577
9934 9935
328 329
6181 6182
4682 4683
8526 8527
1561 1562
5049 5050
402 403
1567 1568
7346 7347
2860 2861
7734 7735
3095 3096
3548 3549
2828 2829
5080 5081
1676 1677
4867 4868
5782 5783
6699 6700
9613 9614
2135 2136
5511 5512
3982 3983
6241 6242
9696 9697
5705 5706
1514 1515
5262 5263
1665 1666
7592 7593
1532 1533
2899 2900
6873 6874
3621 3622
195 196
6654 6655
8598 8599
7805 7806
6703 6704
1873 1874
7243 7244
9343 9344
250 251
5848 5849
1635 1636
5729 5730
1611 1612
3308 3309
1094 1095
2888 2889
436 437
1717 1718
7442 7443
3585 3586
917 918
5973 5974
477 478
5916 5917
454 455
1390 1391
3117 3118
1368 1369
5704 5705
1500 1501
7749 7750
4382 4383
1362 1363
3076 3077
2637 2638
6248 6249
691 692
4906 4907
3526 3527
4837 4838
140 141
6661 6662
9464 9465
7078 7079
246 247
5210 5211
5594 5595
8955 8956
8979 8980
1986 1987
9060 9061
945 946
7348 7349
1237 1238
4877 4878
1543 1544
9776 9777
8664 8665
6524 6525
7792 7793
6971 6972
8643 8644
2813 2814
6968 6969
130 131
6874 6875
2062 2063
2689 2690
3635 3636
1876 1877
8433 8434
3575 3576
2787 2788
7833 7834
6044 6045
2979 2980
9641 9642
3047 3048
1789 1790
7144 7145
6743 6744
3092 3093
2520 2521
2756 2757
2420 2421
9152 9153
4181 4182
5463 5464
4258 4259
9753 9754
4085 4086
6644 6645
1241 1242
6801 6802
7988 7989
8819 8820
4009 4010
6591 6592
2493 2494
5525 5526
2370 2371
6500 6501
2034 2035
9261 9262
2704 2705
4134 4135
5985 5986
8428 8429
2605 2606
1103 1104
3123 3124
2453 2454
1167 1168
9394 9395
7834 7835
4886 4887
434 435
638 639
9484 9485
6694 6695
4138 4139
9675 9676
6236 6237
7220 7221
7263 7264
7671 7672
3531 3532
1958 1959
4800 4801
9521 9522
2721 2722
8767 8768
2858 2859
9745 9746
5480 5481
5163 5164
8865 8866
7581 7582
2701 2702
1677 1678
5223 5224
8221 8222
1037 1038
7443 7444
5409 5410
9086 9087
9743 9744
6043 6044
9313 9314
1891 1892
7060 7061
562 563
4178 4179
2934 2935
2809 2810
1403 1404
9220 9221
7644 7645
249 250
6897 6898
8970 8971
3809 3810
3222 3223
8892 8893
708 709
3298 3299
2006 2007
3020 3021
1004 1005
6157 6158
7795 7796
4952 4953
6790 6791
1961 1962
2608 2609
7402 7403
7726 7727
16 17
1297 1298
1034 1035
8255 8256
7193 7194
8307 8308
9816 9817
8673 8674
8503 8504
5184 5185
8634 8635
726 727
7747 7748
6588 6589
602 603
2055 2056
9545 9546
834 835
684 685
7305 7306
7023 7024
3628 3629
5832 5833
1340 1341
6440 6441
1232 1233
9980 9981
9401 9402
8200 8201
4650 4651
5965 5966
7656 7657
9321 9322
5147 5148
9578 9579
88 89
6830 6831
2176 2177
1507 1508
332 333
941 942
3858 3859
9539 9540
9142 9143
6841 6842
8322 8323
6523 6524
5540 5541
7786 7787
9676 9677
6562 6563
3159 3160
4778 4779
6464 6465
4939 4940
7852 7853
4684 4685
64 65
8283 8284
2910 2911
1531 1532
955 956
2597 2598
4478 4479
6258 6259
3890 3891
4413 4414
4351 4352
3236 3237
2613 2614
474 475
203 204
2906 2907
2575 2576
3559 3560
6917 6918
2658 2659
1333 1334
1920 1921
9917 9918
1648 1649
6091 6092
1881 1882
6303 6304
1078 1079
2247 2248
9532 9533
3891 3892
5410 5411
2298 2299
2552 2553
5941 5942
59 60
9787 9788
1253 1254
9426 9427
3226 3227
692 693
1492 1493
5447 5448
6137 6138
850 851
3516 3517
6254 6255
1166 1167
4372 4373
8340 8341
6124 6125
3491 3492
1184 1185
3330 3331
4190 4191
3305 3306
1273 1274
2761 2762
1332 1333
1825 1826
3001 3002
1833 1834
6705 6706
5554 5555
4741 4742
9302 9303
2835 2836
8248 8249
7730 7731
4376 4377
3920 3921
8426 8427
4835 4836
2433 2434
9281 9282
1020 1021
743 744
5571 5572
4981 4982
9110 9111
8318 8319
5320 5321
4371 4372
442 443
7793 7794
1787 1788
2047 2048
5892 5893
2203 2204
3926 3927
9035 9036
251 252
1005 1006
3060 3061
9380 9381
7602 7603
4185 4186
8729 8730
8185 8186
5126 5127
2474 2475
8558 8559
2641 2642
3743 3744
5117 5118
3513 3514
9859 9860
9114 9115
3382 3383
5360 5361
6774 6775
8588 8589
8801 8802
2995 2996
9391 9392
4708 4709
6229 6230
5291 5292
6526 6527
4202 4203
121 122
7772 7773
8085 8086
8020 8021
4961 4962
7998 7999
5494 5495
4888 4889
6075 6076
9084 9085
5115 5116
1462 1463
4573 4574
5369 5370
7827 7828
5851 5852
7259 7260
2421 2422
4775 4776
1683 1684
6013 6014
8347 8348
849 850
4404 4405
1317 1318
2591 2592
7949 7950
2818 2819
4499 4500
1316 1317
5129 5130
3303 3304
1941 1942
7446 7447
2969 2970
8271 8272
3816 3817
8917 8918
4934 4935
5241 5242
1233 1234
2542 2543
4782 4783
2994 2995
9344 9345
4472 4473
5682 5683
5856 5857
5339 5340
2292 2293
4153 4154
9094 9095
6052 6053
6511 6512
84 85
4184 4185
3494 3495
5970 5971
7502 7503
1932 1933
2217 2218
2166 2167
8582 8583
3877 3878
8882 8883
8513 8514
9235 9236
52 53
3304 3305
5732 5733
3908 3909
2666 2667
3263 3264
7481 7482
5088 5089
7844 7845
1174 1175
1981 1982
1006 1007
7822 7823
5276 5277
1007 1008
7971 7972
5341 5342
4538 4539
8934 8935
372 373
5353 5354
1062 1063
62 63
5881 5882
8184 8185
8134 8135
3623 3624
1079 1080
2052 2053
6650 6651
2004 2005
7934 7935
1097 1098
7556 7557
1130 1131
3690 3691
9062 9063
7743 7744
5691 5692
750 751
8297 8298
5736 5737
1132 1133
417 418
9415 9416
3504 3505
9339 9340
3489 3490
8699 8700
4470 4471
8231 8232
2763 2764
7181 7182
9292 9293
3365 3366
7324 7325
296 297
5648 5649
3368 3369
8531 8532
355 356
2865 2866
6192 6193
1710 1711
2354 2355
4740 4741
1478 1479
3125 3126
2844 2845
9030 9031
4847 4848
767 768
9458 9459
5581 5582
3218 3219
4893 4894
9166 9167
5838 5839
5336 5337
1746 1747
4193 4194
8053 8054
8916 8917
574 575
7315 7316
528 529
1577 1578
350 351
7504 7505
8161 8162
663 664
6466 6467
5270 5271
3321 3322
597 598
5590 5591
6516 6517
6570 6571
8155 8156
9047 9048
3922 3923
238 239
2330 2331
8678 8679
255 256
2327 2328
6276 6277
8110 8111
7323 7324
6314 6315
6506 6507
3712 3713
2165 2166
3362 3363
2791 2792
6680 6681
150 151
2703 2704
1304 1305
3103 3104
4369 4370
3694 3695
7908 7909
4812 4813
9345 9346
843 844
5829 5830
9611 9612
4148 4149
9944 9945
6844 6845
8440 8441
2400 2401
4375 4376
2296 2297
2406 2407
5502 5503
9651 9652
5710 5711
7271 7272
7825 7826
364 365
9354 9355
534 535
9526 9527
6221 6222
3353 3354
4389 4390
5154 5155
7857 7858
7396 7397
6517 6518
5202 5203
1562 1563
1993 1994
5026 5027
91 92
1017 1018
5653 5654
79 80
6087 6088
2618 2619
7063 7064
7055 7056
4103 4104
9232 9233
7687 7688
3722 3723
8365 8366
6253 6254
4243 4244
9019 9020
357 358
1733 1734
1300 1301
9759 9760
4038 4039
5379 5380
7970 7971
9903 9904
6497 6498
176 177
4355 4356
8313 8314
559 560
6540 6541
8179 8180
8149 8150
9378 9379
4274 4275
6501 6502
9907 9908
3324 3325
5112 5113
4611 4612
7487 7488
3250 3251
650 651
2694 2695
6001 6002
3551 3552
2656 2657
9167 9168
7189 7190
5132 5133
5577 5578
8010 8011
869 870
8084 8085
2848 2849
9793 9794
2199 2200
4870 4871
4386 4387
5605 5606
3446 3447
5713 5714
7890 7891
274 275
9750 9751
8652 8653
4329 4330
4198 4199
8441 8442
3359 3360
2810 2811
2087 2088
5383 5384
9351 9352
4533 4534
9838 9839
2376 2377
8203 8204
3820 3821
7646 7647
4656 4657
9411 9412
949 950
4929 4930
7898 7899
1320 1321
5212 5213
7942 7943
2611 2612
8067 8068
1213 1214
9388 9389
2067 2068
6245 6246
1101 1102
5840 5841
9003 9004
2779 2780
1133 1134
8731 8732
72 73
615 616
6474 6475
9576 9577
641 642
4522 4523
606 607
4672 4673
5058 5059
194 195
4429 4430
425 426
617 618
8850 8851
5830 5831
5759 5760
4238 4239
3511 3512
6188 6189
7420 7421
6794 6795
5495 5496
6167 6168
9407 9408
1573 1574
6885 6886
3012 3013
2239 2240
9293 9294
2498 2499
8299 8300
4273 4274
7512 7513
3465 3466
4326 4327
2450 2451
6739 6740
9931 9932
9183 9184
4920 4921
7375 7376
8530 8531
4113 4114
1574 1575
1551 1552
8213 8214
1869 1870
8253 8254
1524 1525
2793 2794
1516 1517
4088 4089
8561 8562
2083 2084
2140 2141
9626 9627
4908 4909
1753 1754
8848 8849
862 863
1856 1857
3241 3242
146 147
3415 3416
5600 5601
6373 6374
5931 5932
7745 7746
703 704
6386 6387
6758 6759
4514 4515
120 121
2948 2949
3913 3914
993 994
4215 4216
5667 5668
8245 8246
7856 7857
8527 8528
9847 9848
1281 1282
3668 3669
7501 7502
2556 2557
7817 7818
4498 4499
6626 6627
9888 9889
8986 8987
9568 9569
2764 2765
8782 8783
7567 7568
871 872
6111 6112
9203 9204
8387 8388
7649 7650
6015 6016
3097 3098
8142 8143
1114 1115
847 848
8670 8671
4746 4747
7917 7918
5813 5814
3016 3017
2736 2737
307 308
3364 3365
3889 3890
9530 9531
509 510
8910 8911
6301 6302
2509 2510
4017 4018
8887 8888
7876 7877
7709 7710
97 98
2755 2756
6067 6068
6915 6916
4321 4322
1274 1275
1018 1019
8191 8192
683 684
7668 7669
3836 3837
5393 5394
9840 9841
1028 1029
8791 8792
715 716
8093 8094
191 192
7698 7699
5552 5553
9661 9662
3276 3277
1463 1464
7399 7400
541 542
1695 1696
6851 6852
5170 5171
9741 9742
7866 7867
1347 1348
538 539
5027 5028
8871 8872
1469 1470
8913 8914
8038 8039
8378 8379
7089 7090
8194 8195
6000 6001
5246 5247
8416 8417
8661 8662
9551 9552
9447 9448
1808 1809
5061 5062
2849 2850
1423 1424
6946 6947
1072 1073
9758 9759
3383 3384
3787 3788
6132 6133
7559 7560
5822 5823
783 784
5470 5471
5551 5552
7796 7797
2141 2142
7612 7613
6858 6859
4286 4287
8345 8346
7192 7193
5715 5716
1793 1794
7616 7617
6231 6232
8164 8165
3379 3380
4658 4659
165 166
9733 9734
8695 8696
4156 4157
7799 7800
6924 6925
2385 2386
5801 5802
5232 5233
2133 2134
6640 6641
167 168
4473 4474
3366 3367
3493 3494
4671 4672
7999 8000
9419 9420
2674 2675
7137 7138
1738 1739
9900 9901
2466 2467
7066 7067
9829 9830
6353 6354
2143 2144
5927 5928
2216 2217
6472 6473
5140 5141
3152 3153
1170 1171
870 871
4729 4730
5306 5307
365 366
2464 2465
9383 9384
8896 8897
7132 7133
5361 5362
9442 9443
7613 7614
751 752
9820 9821
681 682
8774 8775
6728 6729
9619 9620
6025 6026
5847 5848
6023 6024
7759 7760
9808 9809
1728 1729
4540 4541
7604 7605
4060 4061
8922 8923
9363 9364
2080 2081
7037 7038
2868 2869
7888 7889
3219 3220
8971 8972
1327 1328
1048 1049
8534 8535
9498 9499
3861 3862
4760 4761
7702 7703
6261 6262
530 531
2377 2378
1256 1257
1098 1099
872 873
7313 7314
7515 7516
8820 8821
4253 4254
180 181
4463 4464
7960 7961
8571 8572
9558 9559
6727 6728
5087 5088
7723 7724
2268 2269
8525 8526
2299 2300
3713 3714
4352 4353
6837 6838
4562 4563
9043 9044
3500 3501
2811 2812
1711 1712
3003 3004
3727 3728
3726 3727
2104 2105
324 325
4988 4989
5141 5142
2350 2351
1224 1225
4025 4026
7768 7769
9591 9592
7224 7225
1156 1157
4777 4778
175 176
7385 7386
2702 2703
6224 6225
8870 8871
6152 6153
4150 4151
639 640
9563 9564
4121 4122
475 476
6210 6211
6802 6803
9413 9414
3501 3502
1540 1541
8623 8624
9113 9114
9951 9952
4655 4656
4853 4854
5204 5205
1980 1981
7521 7522
2733 2734
4082 4083
757 758
8898 8899
1828 1829
4894 4895
4023 4024
6434 6435
60 61
3264 3265
2639 2640
5556 5557
1735 1736
9663 9664
2807 2808
9248 9249
5420 5421
2734 2735
9159 9160
8467 8468
7505 7506
5280 5281
5926 5927
5222 5223
5100 5101
8273 8274
6438 6439
791 792
9430 9431
6333 6334
4716 4717
6577 6578
9930 9931
1749 1750
7301 7302
1558 1559
5338 5339
8449 8450
1480 1481
4077 4078
880 881
4080 4081
9728 9729
7589 7590
4231 4232
5541 5542
9186 9187
5426 5427
8784 8785
4268 4269
1675 1676
1690 1691
5611 5612
3534 3535
7718 7719
8552 8553
2587 2588
371 372
5897 5898
610 611
239 240
7651 7652
8015 8016
8153 8154
4552 4553
2001 2002
1123 1124
3533 3534
6583 6584
3115 3116
4814 4815
9705 9706
8338 8339
7352 7353
4574 4575
4414 4415
2481 2482
2747 2748
3441 3442
4061 4062
1760 1761
4212 4213
9307 9308
4145 4146
3897 3898
5857 5858
5148 5149
2258 2259
9395 9396
9546 9547
2008 2009
11 12
5786 5787
6665 6666
8446 8447
4252 4253
4102 4103
3774 3775
6558 6559
2309 2310
1582 1583
3842 3843
7358 7359
2523 2524
4044 4045
5183 5184
6281 6282
3318 3319
2181 2182
2771 2772
3660 3661
8849 8850
7461 7462
8718 8719
7691 7692
2249 2250
2312 2313
2445 2446
4222 4223
1709 1710
5657 5658
9423 9424
5923 5924
6223 6224
7619 7620
3482 3483
2386 2387
6328 6329
6624 6625
6183 6184
9621 9622
4254 4255
5503 5504
7157 7158
1377 1378
3846 3847
6634 6635
5647 5648
8199 8200
3143 3144
9897 9898
7886 7887
1338 1339
4743 4744
2533 2534
2698 2699
8716 8717
9327 9328
4388 4389
3216 3217
6149 6150
3538 3539
5573 5574
368 369
6341 6342
9935 9936
2825 2826
1141 1142
8364 8365
6599 6600
512 513
6143 6144
6461 6462
4965 4966
5243 5244
1100 1101
7235 7236
4381 4382
8642 8643
648 649
9195 9196
3064 3065
1433 1434
6504 6505
7897 7898
2245 2246
3044 3045
9468 9469
8700 8701
656 657
9236 9237
4751 4752
5908 5909
9765 9766
7855 7856
1359 1360
3071 3072
4278 4279
8102 8103
8811 8812
5978 5979
5833 5834
9098 9099
1537 1538
8298 8299
451 452
4805 4806
3443 3444
5934 5935
3363 3364
9666 9667
6358 6359
2812 2813
8568 8569
7597 7598
5783 5784
5789 5790
7763 7764
2306 2307
1923 1924
8889 8890
8775 8776
3582 3583
8808 8809
2820 2821
2503 2504
7721 7722
8584 8585
1160 1161
2553 2554
3093 3094
2866 2867
3238 3239
9182 9183
1703 1704
8948 8949
5482 5483
3995 3996
5370 5371
2295 2296
1859 1860
9373 9374
3 4
1319 1320
5635 5636
3195 3196
9400 9401
7114 7115
7641 7642
8087 8088
2581 2582
5650 5651
9329 9330
1019 1020
8973 8974
4697 4698
1953 1954
8935 8936
1642 1643
5 6
4301 4302
9775 9776
4027 4028
1979 1980
8967 8968
4616 4617
494 495
7994 7995
9574 9575
4279 4280
7494 7495
7161 7162
5706 5707
9819 9820
7150 7151
3487 3488
4057 4058
5465 5466
9886 9887
3616 3617
163 164
473 474
5879 5880
4115 4116
142 143
5587 5588
3772 3773
3220 3221
6970 6971
9316 9317
2692 2693
4576 4577
8152 8153
7258 7259
2638 2639
6109 6110
3720 3721
9868 9869
5340 5341
1681 1682
8914 8915
7077 7078
8520 8521
6299 6300
1590 1591
9435 9436
5488 5489
9889 9890
2015 2016
2372 2373
9536 9537
4126 4127
662 663
9978 9979
1721 1722
5118 5119
5656 5657
3140 3141
3299 3300
9082 9083
6789 6790
1272 1273
3486 3487
1016 1017
5220 5221
1219 1220
4798 4799
5623 5624
4954 4955
5417 5418
629 630
4821 4822
2659 2660
756 757
6948 6949
3133 3134
3884 3885
6345 6346
2550 2551
3134 3135
6747 6748
3741 3742
968 969
9525 9526
4226 4227
7992 7993
5501 5502
2003 2004
7756 7757
6279 6280
6750 6751
8750 8751
9485 9486
9095 9096
1620 1621
8751 8752
4055 4056
3221 3222
4510 4511
8115 8116
5358 5359
5096 5097
5902 5903
5014 5015
6084 6085
8902 8903
4453 4454
3737 3738
9535 9536
9115 9116
2178 2179
817 818
5179 5180
8112 8113
1418 1419
2033 2034
685 686
6989 6990
6063 6064
2837 2838
4385 4386
4873 4874
9878 9879
2185 2186
2905 2906
3137 3138
9996 9997
9061 9062
5273 5274
8858 8859
4135 4136
5086 5087
1901 1902
2515 2516
5882 5883
286 287
2111 2112
2213 2214
7309 7310
4629 4630
7337 7338
8796 8797
4975 4976
2965 2966
8931 8932
9178 9179
7550 7551
906 907
5686 5687
8773 8774
4786 4787
4545 4546
9424 9425
3783 3784
6525 6526
7634 7635
1310 1311
6473 6474
14 15
9216 9217
9729 9730
5278 5279
4276 4277
4191 4192
7785 7786
605 606
8860 8861
113 114
125 126
753 754
8284 8285
4819 4820
2147 2148
5019 5020
2627 2628
2010 2011
313 314
1589 1590
9416 9417
7292 7293
1305 1306
4075 4076
2792 2793
3468 3469
3522 3523
9489 9490
734 735
5297 5298
9716 9717
8410 8411
7703 7704
1282 1283
5983 5984
4763 4764
1124 1125
9761 9762
2162 2163
4349 4350
3597 3598
4915 4916
8176 8177
1449 1450
8829 8830
970 971
9200 9201
5617 5618
1685 1686
2653 2654
4844 4845
1641 1642
2435 2436
4561 4562
5024 5025
6305 6306
1777 1778
8312 8313
5896 5897
723 724
3655 3656
1229 1230
5003 5004
7281 7282
361 362
5761 5762
777 778
1858 1859
2513 2514
6006 6007
3978 3979
1496 1497
277 278
6994 6995
8120 8121
2744 2745
2065 2066
2419 2420
7321 7322
2946 2947
54 55
501 502
4709 4710
1771 1772
3457 3458
8062 8063
9570 9571
6911 6912
8991 8992
5533 5534
1673 1674
2204 2205
2110 2111
7412 7413
6435 6436
3128 3129
339 340
1417 1418
196 197
9399 9400
3626 3627
7845 7846
7338 7339
1165 1166
126 127
3066 3067
9671 9672
3327 3328
8061 8062
5199 5200
9592 9593
2887 2888
9406 9407
9227 9228
5354 5355
1774 1775
9860 9861
5319 5320
8471 8472
7100 7101
6904 6905
2324 2325
7450 7451
2635 2636
7105 7106
2536 2537
9462 9463
5438 5439
7838 7839
6432 6433
1291 1292
9421 9422
4531 4532
2527 2528
205 206
5160 5161
2311 2312
7951 7952
9504 9505
9245 9246
2029 2030
8708 8709
1983 1984
3789 3790
2614 2615
2512 2513
4559 4560
841 842
7781 7782
2313 2314
9081 9082
4012 4013
4307 4308
6142 6143
6967 6968
349 350
4137 4138
5796 5797
4130 4131
6129 6130
570 571
6200 6201
1099 1100
776 777
4373 4374
727 728
5689 5690
9027 9028
4384 4385
5255 5256
9076 9077
1084 1085
7389 7390
9654 9655
4735 4736
9385 9386
552 553
4942 4943
4659 4660
4317 4318
8625 8626
7506 7507
9777 9778
3790 3791
4970 4971
2665 2666
8021 8022
8983 8984
7814 7815
8682 8683
4742 4743
8701 8702
7774 7775
9700 9701
1672 1673
1951 1952
7043 7044
6600 6601
5800 5801
3056 3057
2042 2043
4726 4727
4892 4893
6268 6269
8837 8838
631 632
1605 1606
9490 9491
6503 6504
9298 9299
2671 2672
3077 3078
4167 4168
8230 8231
1195 1196
3030 3031
4454 4455
8081 8082
9031 9032
8969 8970
7877 7878
6580 6581
210 211
6612 6613
4823 4824
3271 3272
7561 7562
4159 4160
5654 5655
154 155
1204 1205
4235 4236
8560 8561
1414 1415
6235 6236
8195 8196
2023 2024
2741 2742
4712 4713
7266 7267
6326 6327
4507 4508
759 760
6213 6214
1249 1250
8059 8060
6543 6544
5888 5889
3645 3646
939 940
8265 8266
2904 2905
2405 2406
1644 1645
5625 5626
9481 9482
5405 5406
5464 5465
6061 6062
7430 7431
8144 8145
3051 3052
6428 6429
8005 8006
8458 8459
9804 9805
2351 2352
6682 6683
7517 7518
5033 5034
2410 2411
3567 3568
4330 4331
2944 2945
1482 1483
581 582
7689 7690
2452 2453
8031 8032
3412 3413
6284 6285
5845 5846
2343 2344
5534 5535
7240 7241
8601 8602
9332 9333
8177 8178
6659 6660
5345 5346
6760 6761
9410 9411
9854 9855
2977 2978
8239 8240
5751 5752
7488 7489
2628 2629
995 996
3845 3846
9841 9842
8867 8868
7102 7103
185 186
4415 4416
9461 9462
333 334
3853 3854
2018 2019
216 217
3562 3563
3725 3726
4483 4484
956 957
3255 3256
8279 8280
3892 3893
5283 5284
7038 7039
3945 3946
6141 6142
3142 3143
8606 8607
4910 4911
3961 3962
3042 3043
2291 2292
1063 1064
9544 9545
7490 7491
8116 8117
8945 8946
1880 1881
6969 6970
3550 3551
2212 2213
