2736 2845 3825 3913 4415 4508 4895 4968 4972 4978 4999 5000
2485 3629 3630 4087 4737 4861 4925 4926 4963 4966 4981 4985 4997 4998 5000
788 2350 3294 3417 3479 3700 4131 4585 4602 4679 4718 4819 4862 4908 4921 4945 4980 4982 4997 4999
654 1882 2134 2326 2693 3220 3224 3793 4002 4465 4491 4608 4635 4663 4709 4778 4811 4833 4897 4911 4919 4926 4960 4968 4974 4976 4997
234 888 2094 2283 2310 2707 3138 3603 3623 4007 4358 4435 4470 4576 4706 4790 4896 4908 4919 4924 4943 4951 4961 4968 4973 4996
2294 2327 3083 3218 3535 3749 3963 3981 4146 4307 4320 4423 4488 4489 4664 4674 4735 4753 4792 4798 4825 4892 4905 4906 4929 4935 4954 4959 4965 4977 4991 4995
1604 2179 2310 2825 2890 2967 3738 3947 4091 4225 4404 4460 4487 4630 4676 4724 4787 4821 4889 4890 4905 4907 4947 4949 4965 4975 4983 4987 4991 4994
1381 2138 2274 2458 3090 3388 3496 3671 3885 4189 4320 4404 4589 4687 4768 4788 4832 4879 4905 4919 4947 4954 4970 4975 4979 4980 4986 4988
264 943 1731 1842 2038 2122 2173 3024 3299 3877 3989 4003 4171 4231 4298 4370 4542 4577 4623 4755 4785 4846 4848 4854 4859 4892 4914 4922 4926 4940 4946 4959 4974 4977 4980
69 269 750 1324 1487 1625 1824 2716 3002 3193 3761 3777 3908 4205 4277 4334 4539 4566 4567 4656 4662 4675 4831 4844 4877 4900 4934 4939 4944 4954 4975
1047 1062 1480 1732 3100 3447 3733 3765 3851 3903 4272 4277 4303 4448 4481 4550 4565 4567 4613 4646 4685 4796 4807 4812 4825 4829 4863 4896 4904 4927 4928 4929 4944 4947 4953 4972
256 891 929 996 1453 1540 1682 1725 2438 2615 2813 3528 3678 3785 3971 4153 4296 4443 4444 4479 4485 4523 4550 4552 4573 4583 4589 4625 4750 4758 4766 4809 4833 4839 4862 4866 4876 4898 4928 4931 4933 4939 4948 4949 4962
236 865 1583 1669 2353 2387 3427 3441 3546 3632 3691 3823 3894 3942 4009 4102 4128 4194 4293 4321 4429 4533 4555 4701 4726 4758 4776 4805 4824 4828 4838 4874 4889 4928 4929 4942
158 853 992 2106 2181 2279 2378 2529 3353 3421 3429 3517 3778 3804 4209 4257 4276 4337 4338 4424 4431 4439 4525 4541 4549 4678 4683 4694 4700 4717 4727 4734 4787 4801 4803 4815 4818 4822 4835 4863 4884 4915 4927 4931
192 281 546 684 2001 2081 2127 2161 2264 2802 3156 3307 3337 3382 3649 3687 3717 3967 4219 4249 4312 4431 4498 4521 4525 4536 4616 4640 4670 4683 4724 4737 4781 4789 4798 4799 4812 4860 4870 4885 4899 4913 4923 4925 4930
361 363 817 1713 2078 2505 3138 3194 3284 3325 3334 3375 3581 3599 3766 4051 4070 4123 4332 4360 4514 4517 4640 4670 4720 4743 4753 4756 4769 4787 4810 4837 4841 4855 4864 4896 4905 4919
143 1521 1905 1957 3041 3120 3321 3458 3510 3745 3893 3925 3982 4023 4067 4305 4480 4502 4631 4656 4658 4670 4685 4704 4708 4719 4726 4747 4750 4767 4772 4775 4789 4831 4841 4847 4874 4881 4904 4916 4917
46 1050 1323 1373 1602 1671 1889 2236 2975 3017 3227 3280 3436 3488 3546 3570 3692 3796 3921 3930 3933 3975 3990 4050 4053 4268 4417 4489 4497 4606 4648 4651 4657 4745 4751 4774 4828 4830 4837 4843 4867 4890 4901 4906
555 1096 1320 2062 2724 2773 2881 2931 2998 3239 3285 3438 3521 3573 3913 3919 3935 3951 3973 4070 4244 4267 4312 4420 4428 4453 4476 4486 4573 4611 4618 4646 4732 4736 4826 4829 4832 4889
310 789 1031 1601 2153 2312 2800 2811 2850 2935 3058 3355 3565 3606 3788 3790 3865 4158 4252 4285 4304 4323 4372 4408 4471 4479 4513 4588 4609 4635 4636 4711 4732 4813 4815 4826 4846 4875
210 504 967 1030 1435 2249 2588 2695 2751 2839 2846 2908 3055 3347 3504 3707 3774 3799 4051 4122 4166 4186 4245 4280 4313 4335 4371 4389 4429 4459 4494 4550 4566 4586 4605 4612 4631 4642 4667 4720 4730 4755 4800 4810 4819 4824 4866
660 926 984 1024 1809 1974 2651 2725 2837 2949 3321 3368 3432 3664 3681 3696 3795 4029 4085 4193 4224 4260 4295 4354 4385 4417 4554 4571 4572 4573 4580 4581 4584 4590 4597 4615 4636 4644 4694 4708 4725 4729 4730 4766 4767 4807 4815 4824 4829 4853
136 703 817 855 1775 2155 2387 2500 2558 2566 2614 2806 2878 3213 3362 3380 3448 3501 3601 3603 3617 3631 3640 3643 3992 4040 4081 4109 4110 4115 4243 4264 4297 4324 4383 4517 4566 4573 4588 4605 4618 4684 4708 4711 4715 4759 4787 4802 4803 4804 4820
204 659 1773 1925 1965 2403 2532 2564 2670 2778 2800 3108 3320 3349 3416 3503 3507 3575 3582 3592 3900 3963 4039 4161 4263 4273 4338 4422 4531 4560 4561 4575 4580 4591 4659 4660 4664 4671 4706 4709 4766 4803
481 1594 1614 1746 1933 1947 2186 2394 2448 2520 2761 2893 3065 3284 3345 3416 3492 3569 3728 3939 3958 3966 4021 4094 4177 4233 4256 4314 4351 4453 4535 4545 4551 4557 4584 4607 4624 4659 4689 4721 4798
369 792 1713 1752 1949 2317 2386 2500 2570 2602 2611 3023 3247 3276 3294 3317 3510 3552 3700 3730 3779 3795 3903 3948 3952 3974 4077 4217 4255 4302 4386 4402 4471 4536 4539 4551 4555 4558 4583 4600 4652 4695 4715 4772 4780
14 1289 1563 1947 2240 2266 2295 2317 2322 2513 2549 2795 2922 3017 3168 3257 3387 3480 3523 3558 3562 3715 3768 3787 3805 3875 3880 3967 4022 4110 4172 4240 4252 4328 4344 4461 4511 4535 4539 4651 4652 4725 4770
374 733 964 1171 1339 1466 1945 2057 2153 2191 2266 2472 2720 2721 2844 2877 2883 3145 3167 3212 3259 3359 3442 3460 3616 3700 3764 3809 3843 3884 4050 4134 4181 4334 4380 4403 4432 4449 4490 4531 4611 4642 4651 4675 4681 4743 4770
760 850 875 1365 1726 1753 1798 1910 1985 2085 2120 2184 2232 2249 2413 2709 2750 2995 3121 3128 3165 3223 3270 3310 3397 3511 3596 3682 3693 3705 3836 3854 3931 3979 4112 4121 4277 4325 4403 4406 4427 4447 4474 4481 4491 4506 4524 4588 4624 4636 4647 4668 4685 4711
85 309 580 722 737 1645 1704 1983 2055 2158 2170 2271 2494 2583 2589 2592 2637 2656 2976 3102 3196 3201 3245 3389 3402 3568 3667 3692 3795 3813 3818 3829 3906 4068 4094 4111 4296 4343 4386 4442 4445 4488 4523 4579 4609 4632 4634 4642 4665
254 1452 1549 1643 1744 1971 2030 2158 2215 2520 2579 2627 2923 3005 3051 3085 3128 3329 3332 3390 3655 3683 3746 3781 3823 3828 3853 3926 3944 4030 4103 4256 4260 4338 4370 4412 4419 4477 4502 4518 4525 4566 4576 4588 4615 4627 4651
191 823 1196 1436 1527 1615 1639 1640 1736 1907 2004 2023 2055 2134 2146 2329 2374 2470 2614 2751 2847 2918 2964 2992 3048 3093 3311 3495 3621 3654 3723 3764 3775 3790 3791 4005 4076 4233 4291 4320 4323 4363 4397 4444 4477 4486 4488 4513 4535 4559 4571 4572 4594 4600 4623 4648
111 494 518 968 1412 1481 1523 1904 1954 1992 2097 2268 2351 2413 2471 2553 2740 2881 2892 2916 2936 3164 3232 3252 3321 3481 3638 3669 3684 3712 3717 3757 3765 3784 3858 3874 4067 4113 4125 4158 4188 4209 4275 4322 4357 4362 4396 4406 4468 4475 4480 4490 4499 4513 4568 4584 4585 4615
109 686 928 1034 1404 1478 1481 1873 1941 1952 2096 2264 2305 2306 2466 2468 2593 2677 2846 2878 2904 2956 2965 3204 3368 3490 3580 3601 3613 3648 3655 3717 3728 3743 3775 3782 3849 3851 3871 4033 4039 4110 4161 4256 4286 4308 4310 4318 4324 4332 4367 4373 4468 4485 4527 4558 4567 4581
368 531 1056 1292 1299 1323 1504 1829 1911 2066 2092 2188 2274 2368 2379 2835 2845 2857 2877 2899 2943 3159 3165 3322 3347 3448 3500 3586 3635 3666 3710 3834 3864 3987 3999 4060 4087 4158 4170 4184 4225 4301 4359 4369 4393 4450 4459 4464 4465 4551 4558 4566
93 1063 1237 1277 1532 1787 1813 2079 2309 2334 2403 2613 2620 2709 2803 2866 3107 3243 3279 3304 3328 3446 3511 3689 3694 3831 3852 3921 3952 3983 4076 4099 4131 4133 4199 4265 4304 4339 4359 4361 4377 4386 4443 4449 4461 4539 4566
75 458 572 729 791 1047 1109 1114 1153 1435 1747 1784 1810 1882 2025 2076 2097 2149 2293 2322 2342 2506 2674 2730 2774 2797 2851 3080 3098 3222 3295 3306 3358 3371 3432 3480 3547 3669 3670 3691 3693 3835 3898 3974 4046 4060 4065 4075 4170 4231 4249 4261 4319 4364 4370 4397 4440 4448 4457 4514 4517 4532 4533
464 510 610 672 721 769 943 1206 1316 1646 1708 1818 2022 2280 2345 2440 2453 2517 2699 2755 2785 2994 3044 3083 3180 3241 3265 3346 3476 3541 3614 3632 3683 3833 3892 3912 3940 4038 4049 4157 4220 4249 4290 4312 4339 4343 4348 4368 4409 4432 4451 4482 4498 4505 4532
136 578 597 779 824 858 884 901 902 1099 1450 1482 1636 1637 1739 1849 2001 2003 2175 2232 2458 2473 2681 2706 2749 3068 3164 3180 3229 3260 3412 3456 3559 3618 3620 3791 3827 3910 3980 4039 4129 4135 4200 4222 4251 4283 4292 4323 4329 4345 4382 4424 4427 4431 4438 4489 4497 4525 4527
13 441 717 815 829 877 1152 1354 1558 1609 1785 1909 1977 2254 2432 2441 2555 2662 2675 2874 2891 2938 3057 3214 3256 3321 3345 3416 3477 3532 3558 3595 3737 3790 3791 3878 3977 4000 4073 4128 4200 4229 4262 4302 4341 4419 4438 4468 4525
7 19 269 527 602 619 710 798 827 1119 1217 1302 1496 1529 1722 1803 1811 1858 2390 2423 2429 2446 2461 2619 2620 2640 2656 2790 2878 2942 3047 3149 3168 3206 3252 3292 3312 3335 3499 3521 3531 3540 3561 3565 3688 3707 3769 3777 3781 3940 3960 4030 4109 4166 4177 4180 4207 4209 4261 4263 4298 4311 4391 4404 4411 4426 4430 4436 4519
245 564 602 603 778 942 958 1184 1192 1274 1483 1582 1644 1681 1797 1812 1861 2209 2359 2391 2393 2412 2436 2509 2589 2594 2627 2699 2855 2905 3003 3005 3036 3098 3145 3198 3251 3298 3468 3489 3631 3648 3654 3663 3665 3745 3754 3774 3938 3970 3993 4046 4061 4078 4100 4158 4175 4192 4232 4250 4298 4320 4387 4388 4390 4399 4419 4488 4491 4497
67 254 377 417 597 658 733 1099 1218 1253 1391 1412 1558 1638 1779 2001 2041 2217 2270 2304 2335 2336 2436 2440 2525 2575 2607 2848 2882 2950 3008 3035 3044 3090 3118 3184 3250 3366 3386 3395 3483 3534 3601 3607 3718 3722 3726 3826 3917 3924 4029 4037 4100 4121 4174 4238 4268 4289 4329 4380 4386 4399 4446
272 390 499 551 648 689 880 990 1109 1300 1321 1391 1398 1430 1582 1603 1609 1646 1781 2200 2204 2217 2330 2375 2406 2840 2894 2958 2985 3055 3234 3337 3342 3386 3415 3551 3564 3569 3592 3598 3717 3841 3856 3864 3908 3994 4005 4089 4096 4108 4120 4211 4237 4306 4365 4378
39 83 276 644 735 915 979 1091 1171 1327 1412 1441 2195 2232 2371 2757 2786 2826 2940 3050 3106 3190 3202 3234 3244 3286 3324 3371 3565 3631 3690 3709 3710 3757 3794 3839 3849 3851 3864 3975 4003 4058 4087 4176 4193 4196 4215 4219 4271 4352 4354 4359 4362
66 236 546 569 632 637 654 766 814 903 1323 1564 1818 1906 2086 2194 2302 2304 2522 2654 2735 2760 2799 2823 2842 3037 3059 3116 3201 3268 3361 3387 3483 3644 3655 3658 3659 3709 3794 3811 3941 3974 3977 4044 4087 4129 4185 4192 4325 4348 4349 4353 4360
62 131 367 476 516 626 690 729 859 948 1127 1174 1220 1250 1489 1499 2064 2150 2572 2616 2709 2752 2840 2917 2935 3059 3093 3102 3130 3238 3251 3298 3409 3578 3581 3594 3644 3657 3701 3703 3792 3967 4013 4022 4064 4080 4124 4137 4164 4186 4189 4298 4319 4342 4351
76 276 397 508 523 625 711 876 1111 1197 1288 1970 2111 2342 2569 2603 2668 2743 2778 2904 2981 3082 3089 3103 3164 3209 3238 3246 3253 3540 3572 3642 3700 3701 3771 3781 3907 3940 3953 4019 4046 4087 4153 4157 4161 4172 4222 4279 4324 4331
117 260 359 360 568 620 770 1072 1084 1090 1100 1163 1210 1284 1371 1468 1570 1677 1787 1928 1961 2257 2332 2407 2522 2551 2616 2755 2891 2956 3000 3011 3056 3103 3142 3177 3199 3250 3259 3308 3471 3566 3634 3641 3695 3737 3806 3863 3919 3940 4019 4025 4034 4035 4039 4071 4145 4158 4194 4202 4253 4278 4287 4308
52 277 280 454 468 522 606 976 1054 1149 1327 1904 1953 2133 2167 2235 2274 2479 2515 2589 2600 2795 2816 2838 2946 2961 3100 3109 3152 3179 3196 3236 3330 3487 3510 3563 3654 3679 3690 3731 3762 3839 3850 3889 3910 4012 4026 4142 4207 4232
286 447 467 572 971 1011 1039 1674 1675 1862 1904 1925 1938 2006 2067 2188 2325 2366 2475 2504 2551 2586 2588 2610 2643 2665 2820 2874 2884 2890 2934 2938 2952 3007 3027 3062 3170 3216 3319 3465 3516 3562 3576 3580 3656 3690 3701 3716 3793 3844 3871 3901 3988 3994 3995 4107 4136 4142 4164 4178
173 198 442 445 450 455 498 519 525 873 962 993 1064 1118 1125 1323 1375 1565 1757 1881 1907 1947 1998 2028 2038 2128 2205 2459 2490 2493 2535 2549 2596 2687 2712 2865 2880 2969 2976 2984 3051 3054 3064 3139 3426 3454 3483 3484 3502 3569 3579 3661 3688 3689 3783 3849 3949 3994 4067 4119 4140 4159
167 376 396 455 732 795 843 991 1139 1222 1255 1380 1438 1584 1618 1652 1872 1906 1945 2091 2141 2292 2367 2451 2484 2511 2683 2800 2847 2928 2976 3026 3041 3077 3110 3260 3385 3473 3542 3631 3664 3676 3721 3766 3791 3849 3945 3960 3961 3988 4066 4114 4130
72 123 204 366 406 630 791 795 866 1105 1150 1197 1465 1536 1617 1625 1632 1830 1878 1900 2009 2073 2309 2362 2446 2482 2594 2611 2739 2789 2888 2947 2994 3002 3031 3141 3202 3233 3335 3366 3389 3517 3542 3612 3623 3641 3652 3759 3783 3789 3968 3976 4038 4050 4106
1 95 207 222 253 338 445 717 732 758 782 849 1043 1091 1148 1272 1452 1499 1571 1578 1721 1781 1827 1986 2069 2211 2268 2269 2349 2389 2422 2472 2536 2542 2560 2711 2716 2813 2903 2921 2938 2963 3008 3028 3080 3108 3168 3173 3230 3232 3318 3479 3532 3556 3608 3726 3740 3743 3782 3789 3838 3920 3929 3969 4025 4041 4054 4100
227 554 644 677 780 987 1025 1096 1205 1401 1635 1813 1949 1959 2081 2117 2152 2340 2377 2398 2465 2482 2533 2601 2610 2620 2635 2662 2678 2806 2880 2987 3026 3041 3107 3252 3326 3387 3424 3471 3520 3547 3552 3577 3587 3700 3742 3772 3836 3852 3955 3961 4039 4049 4053
86 125 129 182 418 482 493 636 805 819 822 901 925 980 1000 1252 1710 1799 1851 1884 2060 2215 2224 2280 2339 2464 2477 2594 2750 2754 2797 2958 3002 3011 3012 3037 3098 3147 3166 3235 3310 3447 3499 3540 3545 3572 3741 3764 3817 3945 3954 4009 4034
26 44 90 236 275 520 568 605 797 839 906 923 1453 1549 1590 1611 1739 1771 1802 1851 1979 1991 2261 2360 2425 2464 2466 2535 2590 2623 2725 2773 2854 2872 2963 2967 3023 3156 3254 3286 3394 3425 3498 3517 3539 3555 3563 3704 3725 3726 3784 3812 3820 3917 3983 4002 4033
40 90 179 359 511 557 707 718 1163 1199 1352 1464 1592 1637 1690 1739 1748 1883 1886 1930 1977 2165 2212 2300 2360 2425 2437 2500 2572 2716 2756 2870 2928 2942 2948 2975 2990 3216 3241 3279 3312 3359 3402 3415 3437 3464 3494 3558 3700 3807 3880 3912 3913 3951 4032
15 23 108 192 284 345 371 374 402 488 621 684 972 1113 1191 1295 1301 1347 1582 1603 1642 1733 1951 1976 2087 2157 2192 2206 2271 2316 2393 2395 2423 2450 2567 2588 2688 2690 2749 2756 2822 2919 2972 3196 3209 3228 3230 3263 3313 3327 3333 3389 3423 3434 3474 3489 3511 3524 3536 3564 3647 3797 3799 3814 3932 3989 3993
177 246 362 463 508 564 916 956 1098 1216 1220 1279 1352 1453 1630 1698 1720 1786 1877 1891 1957 2040 2068 2182 2207 2281 2309 2381 2395 2413 2466 2508 2574 2688 2721 2877 2913 2933 3184 3385 3414 3426 3464 3465 3557 3613 3642 3647 3781 3799 3877 3890 3930
170 208 230 334 371 502 503 713 875 886 996 1050 1134 1341 1381 1489 1531 1680 1690 1935 1974 2032 2183 2307 2350 2392 2559 2564 2612 2703 2705 2761 2819 2907 2917 2921 3042 3086 3103 3150 3291 3298 3313 3357 3441 3507 3519 3565 3571 3619 3643 3706 3774 3783 3879 3884 3902
64 182 316 323 421 434 639 835 848 866 1017 1294 1307 1328 1670 1676 1677 1900 1911 1925 2017 2021 2105 2282 2294 2301 2313 2337 2349 2385 2424 2454 2550 2558 2588 2680 2735 2819 2890 2907 3075 3131 3142 3231 3265 3286 3321 3394 3427 3431 3460 3492 3567 3712 3713 3736 3746 3764 3822 3844
119 218 304 363 814 859 918 1177 1194 1195 1213 1224 1237 1240 1573 1648 1656 1660 1727 1883 1900 1962 2104 2253 2254 2279 2289 2290 2438 2546 2654 2736 2843 2884 3033 3085 3093 3135 3136 3185 3205 3213 3253 3281 3321 3383 3422 3431 3457 3489 3598 3677 3729 3740 3746 3811
88 222 261 311 364 469 548 786 808 839 1180 1216 1479 1513 1604 1649 1686 1885 1890 1945 2037 2225 2243 2278 2415 2477 2493 2546 2637 2659 2736 2757 2817 2964 3026 3035 3108 3186 3251 3290 3377 3386 3411 3482 3600 3606 3712 3722 3735 3809
36 204 665 794 802 806 952 969 1202 1335 1472 1498 1563 1704 1767 1785 1809 1981 2200 2219 2229 2272 2310 2406 2436 2524 2602 2725 2787 2822 2864 2961 3089 3112 3162 3265 3287 3367 3477 3508 3581 3638 3678 3689
33 199 200 204 214 406 510 612 680 697 874 919 995 1199 1365 1447 1457 1508 1547 1578 1687 1706 1735 1761 1825 2064 2111 2126 2185 2214 2351 2388 2427 2452 2456 2458 2466 2572 2574 2593 2737 2826 2839 2981 3072 3085 3132 3170 3177 3196 3245 3303 3328 3333 3353 3370 3400 3403 3415 3422 3537 3665
167 197 443 530 629 680 777 930 1117 1123 1186 1322 1430 1457 1538 1629 1691 1870 2019 2071 2104 2137 2148 2152 2166 2187 2199 2214 2301 2327 2328 2382 2387 2456 2511 2554 2675 2728 2798 2829 2953 3010 3032 3048 3050 3060 3071 3149 3199 3253 3325 3326 3398 3419 3527 3651
121 324 522 590 595 775 872 948 1043 1070 1157 1251 1359 1425 1498 1545 1593 1709 1858 2015 2037 2078 2115 2141 2154 2196 2225 2308 2342 2367 2420 2502 2554 2708 2761 2787 2818 2911 2977 3046 3096 3116 3273 3281 3288 3414 3435 3502 3578
9 215 464 520 536 733 748 883 1021 1191 1355 1361 1381 1505 1694 1843 1990 2077 2153 2160 2189 2297 2389 2460 2501 2536 2565 2572 2707 2731 2850 2884 2908 2974 2977 2992 3020 3106 3138 3213 3221 3227 3274 3410
172 295 358 461 712 721 738 832 841 930 939 1058 1088 1166 1293 1354 1409 1493 1501 1774 1882 1953 1959 1979 2142 2148 2255 2294 2297 2340 2394 2410 2428 2434 2480 2487 2527 2546 2703 2791 2873 2902 2903 2904 2933 2991 3015 3151 3206 3225 3248 3287 3340 3405
88 155 343 365 638 668 904 912 1160 1184 1224 1256 1338 1349 1359 1401 1454 1645 1687 1848 1945 1955 2001 2030 2079 2100 2289 2300 2367 2370 2422 2471 2484 2623 2683 2799 2800 2868 2944 2970 3015 3029 3150 3193 3241 3383
79 246 254 289 429 574 667 688 741 1158 1184 1249 1333 1518 1645 1723 1747 1925 2005 2015 2034 2238 2278 2293 2339 2352 2382 2409 2575 2578 2681 2711 2757 2824 2863 2985 3003 3031 3075 3150 3192 3224 3306
209 230 239 241 271 648 674 867 1139 1141 1154 1194 1280 1297 1404 1540 1605 1615 1683 1740 1899 1924 2008 2204 2207 2233 2264 2291 2311 2322 2505 2521 2557 2696 2710 2740 2748 2817 2858 2862 2965 2975 2997 3037 3138 3191 3298
105 239 645 831 947 1130 1181 1501 1530 1680 1723 1810 1909 1955 2005 2142 2227 2237 2267 2302 2502 2652 2659 2688 2763 2855 2956 2963 3136 3179 3259
101 185 203 330 547 569 599 819 865 967 974 1040 1115 1123 1290 1472 1492 1494 1661 1713 1788 1889 1897 1924 2108 2110 2149 2187 2221 2368 2457 2619 2663 2745 2759 2767 2855 2926 2953 2954 3046 3107 3110
133 282 373 533 754 773 832 918 1014 1096 1104 1175 1340 1395 1453 1623 1708 1725 1803 1884 1894 2054 2086 2092 2094 2118 2133 2199 2297 2402 2413 2425 2431 2450 2513 2553 2696 2742 2816 2858 2932 2953 2963 3054 3072
29 80 216 269 317 389 458 658 752 756 891 911 922 955 1025 1087 1210 1214 1351 1449 1623 1670 1711 1733 1786 1874 2021 2042 2093 2118 2120 2188 2283 2370 2387 2396 2420 2431 2457 2681 2689 2695 2745 2804 2912 2924 2940 2986 3026
106 275 291 327 396 455 643 652 693 719 831 910 931 1014 1208 1218 1467 1472 1534 1553 1645 1646 1706 1780 1926 1957 2018 2032 2056 2059 2077 2201 2211 2228 2280 2346 2348 2385 2404 2461 2672 2679 2720 2736 2765 2830 2868 2884 2927 2947 2951 2993
21 171 266 444 512 617 701 706 825 885 983 1062 1189 1245 1291 1489 1501 1573 1604 1728 1753 1754 1894 1960 2013 2015 2017 2057 2087 2155 2194 2335 2356 2399 2412 2434 2485 2543 2546 2582 2594 2658 2705 2742 2768 2807 2877 2884 2909
14 94 113 201 578 678 687 692 696 783 814 878 931 947 963 1046 1187 1289 1419 1453 1511 1587 1595 1605 1740 1749 1817 1846 1896 1942 1989 2002 2022 2040 2063 2064 2116 2220 2235 2374 2448 2492 2552 2653 2701 2787 2805 2861
133 161 443 560 688 704 788 862 924 1142 1168 1270 1277 1319 1476 1491 1533 1684 1701 1871 1875 1927 1934 1987 2088 2100 2185 2279 2324 2327 2372 2390 2479 2538 2546 2569 2615 2652 2677 2751 2796
119 268 319 425 476 629 638 677 721 765 908 979 1115 1152 1191 1209 1220 1432 1495 1650 1698 1822 1923 1952 1966 1997 2040 2162 2318 2385 2403 2411 2444 2516 2590 2600 2608 2630 2640 2676 2715 2775
117 139 164 464 596 613 746 760 822 868 1185 1208 1410 1496 1529 1569 1650 1655 1676 1720 1817 1910 2019 2160 2204 2287 2333 2347 2416 2489 2500 2563 2632 2655
15 103 112 342 404 519 745 809 810 960 1034 1207 1341 1385 1421 1544 1601 1632 1746 1777 1794 1833 1850 1859 1901 1903 1991 2081 2150 2258 2267 2298 2330 2360 2421 2485 2493 2622 2640 2649 2651
26 137 232 306 479 512 741 825 1011 1013 1095 1118 1119 1215 1295 1368 1518 1521 1607 1618 1627 1645 1673 1713 1751 1840 1897 1901 1974 2210 2288 2312 2324 2394 2401 2466 2525 2637
130 247 304 346 401 612 627 659 663 671 697 786 988 1015 1071 1113 1134 1299 1363 1501 1511 1578 1589 1635 1696 1780 1818 1862 1875 1893 1895 1917 2161 2173 2264 2341 2347 2384 2427 2550 2635
77 244 301 328 493 559 612 616 691 867 958 998 1031 1188 1464 1583 1588 1596 1665 1726 1762 1776 1817 1862 1873 1898 2120 2133 2158 2242 2317 2380 2485 2518 2605 2620
41 106 125 144 171 268 394 563 582 608 759 944 990 1069 1175 1269 1430 1547 1582 1651 1677 1723 1728 1761 1832 2119 2152 2196 2216 2316 2375 2387 2424 2441 2483 2529
62 162 172 256 447 469 558 578 604 613 704 706 717 756 906 923 937 1149 1156 1211 1391 1405 1457 1552 1599 1647 1656 1677 1719 1750 1804 1914 2080 2088 2129 2307 2324 2349 2362 2376 2469 2474
19 24 77 86 205 331 517 536 581 632 725 813 830 1123 1368 1430 1444 1457 1493 1517 1592 1595 1614 1673 1694 1779 1906 1983 2077 2087 2118 2306 2343 2375 2439 2454
35 123 168 169 453 529 557 558 674 826 830 1006 1049 1095 1236 1241 1323 1332 1345 1361 1366 1455 1537 1590 1646 1745 1802 1838 2061 2080 2292 2305 2326 2357 2404 2407 2452
74 332 453 459 524 542 555 787 788 844 1070 1204 1283 1289 1296 1363 1433 1469 1483 1558 1573 1574 1614 1619 1727 1746 1828 1999 2038 2190 2258 2280 2302 2318 2368 2378
77 143 197 248 255 419 430 433 478 733 738 754 773 978 1248 1253 1282 1290 1294 1331 1436 1441 1511 1512 1567 1636 1665 1722 1997 2036 2065 2166 2248 2271 2351
37 45 388 716 865 901 978 1186 1251 1384 1396 1490 1553 1590 1623 1661 1922 1975 2022 2188 2259 2281
127 164 332 386 603 651 819 864 921 1070 1221 1238 1249 1251 1284 1368 1393 1447 1465 1553 1608 1789 1866 1888 1969 2074 2179 2227 2251 2255
13 70 203 364 593 609 826 1008 1143 1207 1248 1279 1362 1364 1398 1431 1434 1508 1545 1550 1595 1735 1807 1853 1862 1913 2054 2148 2182 2216 2243
85 192 240 279 582 646 800 802 834 848 1091 1103 1116 1171 1205 1239 1241 1356 1376 1479 1593 1660 1716 1755 1844 2009 2023 2050 2057 2071 2092 2121 2137 2148 2152 2208
12 137 153 221 253 274 438 568 718 769 787 1086 1124 1154 1186 1219 1226 1233 1298 1343 1355 1452 1474 1529 1577 1612 1625 1709 1751 1761 1905 1965 2016 2068 2081 2097 2173
56 90 150 331 559 705 777 899 973 1085 1185 1210 1219 1244 1263 1335 1367 1383 1469 1528 1569 1601 1720 1817 1932 1960 2020
44 61 90 213 304 410 448 537 571 699 751 857 866 939 995 1054 1063 1068 1122 1206 1242 1244 1328 1361 1440 1475 1516 1662 1789 1862 1870 1983
20 55 64 67 186 189 356 372 444 445 545 632 701 750 839 859 864 991 1053 1098 1133 1242 1326 1327 1355 1616 1636 1689 1741 1766 1780 1854
25 45 50 272 395 453 480 563 583 658 740 801 852 938 976 980 1051 1065 1074 1200 1237 1267 1330 1343 1563 1610 1636 1710 1779 1827
4 221 243 334 390 498 551 653 658 736 869 925 932 976 1012 1036 1114 1121 1127 1200 1213 1234 1265 1301 1418 1599 1635 1721
129 213 285 319 461 469 500 536 606 800 838 864 976 989 1099 1118 1139 1140 1148 1296 1298 1584 1633 1669
56 259 287 435 441 487 610 721 840 851 917 973 1099 1134 1139 1165 1175 1536 1570
195 228 263 406 409 422 611 666 818 855 949 1017 1029 1039 1101 1119 1223 1465 1469 1484
240 316 376 568 617 640 712 713 743 785 788 825 906 938 948 971 976 1001 1311 1433 1463
159 202 223 335 425 480 490 507 523 684 712 777 939 959 992 1025 1181 1204 1366 1457
13 64 197 198 329 449 471 636 661 669 682 718 719 727 769 858 885 898 935 986 991 1020 1295 1357 1392
142 177 189 222 446 587 637 656 713 737 741 829 848 884 925 1173 1191 1274 1353
13 85 122 182 436 523 567 630 641 658 671 733 775 840 841 1107 1145 1274
11 70 114 124 243 343 529 618 632 663 739 817 838 950 1090 1204
63 185 343 471 556 577 616 623 687 809 832 895 1053
44 73 160 250 363 410 423 501 528 614 620 677 805 952
5 13 131 232 322 499 553 670 770 798 808 839 878
12 29 84 112 115 292 478 495 625 698 743 827 847
6 99 344 387 436 493 567 591 603 667 671 721 743
49 198 222 235 265 356 385 446 468 518 519 637 670 703
105 123 149 179 343 373 515 633
137 151 241 311 313 347 396 488 534 604
91 183 285 301 302 367 441 444
22 61 72 214 216 240 276 347
43 117 142 156 216 249 262
47 64 112 179 234
37 42 97 112 127 192
80 105 158
65 97 148
