5000 
4999 
4998 
4997 
4996 
4995 
977 4993 4994 
4992 
4991 
4990 
2191 4988 4989 
4987 
4986 
4419 4984 4985 
4172 4981 4982 4983 
1899 3169 4979 4980 
4978 
4977 
4976 
4975 
4974 
4973 
4972 
4971 
1970 4969 4970 
4968 
4967 
4966 
4965 
4964 
4963 
4962 
4961 
708 4959 4960 
4958 
4957 
1187 4955 4956 
4954 
4174 4952 4953 
4951 
1013 4949 4950 
4948 
4947 
4946 
4945 
1356 4943 4944 
4942 
4941 
4940 
4939 
4938 
1860 4936 4937 
4935 
169 4933 4934 
3196 4931 4932 
4930 
3939 4928 4929 
2463 4926 4927 
4925 
2116 4923 4924 
4922 
4921 
2227 4919 4920 
4918 
4917 
4916 
4915 
4914 
4913 
4912 
4911 
4910 
2565 4908 4909 
4907 
4906 
4197 4904 4905 
4903 
4902 
4901 
4900 
4899 
4898 
4897 
4896 
4895 
4894 
4893 
4892 
4891 
4890 
4889 
150 4887 4888 
4886 
4885 
4884 
4883 
4882 
4881 
4880 
823 4878 4879 
3818 4874 4875 4877 
1058 1631 4873 4876 
3948 4869 4872 
2707 2911 4867 4870 4871 
2883 4865 4866 4868 
2168 3733 4863 4864 
4862 
4861 
4860 
4859 
4858 
4857 
4856 
4855 
4854 
4853 
4852 
4851 
3636 4849 4850 
4848 
4847 
4846 
4845 
4844 
4843 
4842 
4841 
4840 
4839 
4838 
4837 
4836 
4835 
4834 
352 4832 4833 
4831 
4830 
4829 
4828 
908 4826 4827 
4825 
4824 
896 2591 4821 4822 4823 
4820 
4819 
4818 
4817 
4816 
4815 
4814 
4813 
4812 
4811 
4810 
2655 4808 4809 
4807 
4806 
4805 
2142 4803 4804 
4802 
4801 
4800 
4799 
4798 
4797 
4796 
4795 
4794 
4793 
4792 
4791 
4790 
4789 
4788 
4787 
4786 
4785 
4784 
4783 
4782 
4781 
4780 
717 2522 4776 4777 4779 
396 4775 4778 
4774 
4773 
4772 
4771 
4770 
4769 
4768 
4767 
4766 
2932 4763 4765 
368 4762 4764 
4713 4760 4761 
4759 
3720 4757 4758 
4711 4754 4755 4756 
4632 4753 
4752 
895 4750 4751 
4749 
3717 4746 4748 
3382 4745 4747 
3825 4742 4744 
3158 4741 4743 
4740 
4739 
4738 
4737 
4736 
4735 
4734 
4733 
4732 
356 4730 4731 
4729 
4728 
4727 
4726 
4725 
4724 
4723 
4722 
4721 
4720 
4719 
4718 
4717 
4716 
1712 4714 4715 
4712 
2203 4710 
4709 
4708 
4707 
4706 
4705 
4704 
4703 
4702 
3889 4699 4701 
1571 4698 4700 
2768 4695 4696 4697 
2145 4694 
4693 
4692 
4691 
4690 
4689 
4688 
4687 
4686 
4685 
4684 
3942 4682 4683 
4681 
4680 
4679 
4678 
4677 
4676 
4675 
4674 
3339 4199 4671 4672 4673 
4670 
4669 
4668 
4667 
4620 4665 4666 
4664 
4663 
4662 
4661 
4660 
4659 
4658 
4657 
4656 
2881 4654 4655 
978 4652 4653 
4651 
4650 
4649 
229 4647 4648 
3198 4645 4646 
4644 
3928 4642 4643 
4641 
4640 
4639 
4638 
4637 
4636 
3649 4633 4635 
1182 4631 4634 
3608 4629 4630 
4628 
4627 
4626 
4625 
4624 
4623 
4622 
1137 4619 4621 
4618 
4617 
4616 
4615 
4614 
4613 
4612 
4611 
4610 
4609 
4608 
4607 
4606 
4605 
2621 4602 4604 
1374 4600 4603 
820 3937 4597 4599 4601 
1116 4596 4598 
4595 
2687 4593 4594 
4592 
4591 
3323 4589 4590 
4588 
2223 4586 4587 
4585 
4584 
4583 
4582 
4581 
4580 
4579 
4578 
4577 
3763 4575 4576 
4574 
4573 
4572 
4571 
4570 
950 4568 4569 
4567 
4566 
4565 
4564 
4563 
4562 
3502 4560 4561 
4559 
4558 
4557 
4556 
4555 
4554 
4553 
4552 
4551 
4550 
4549 
4548 
4547 
4546 
4545 
4544 
4543 
1084 4540 4542 
162 4539 4541 
4538 
1655 4536 4537 
4403 4534 4535 
4533 
4532 
4386 4530 4531 
4529 
4528 
4527 
4525 4526 
4524 
4523 
4522 
2610 4520 4521 
942 4518 4519 
4517 
4516 
4515 
920 3517 4512 4513 4514 
4511 
4510 
4509 
4421 4507 4508 
4506 
4505 
4504 
4503 
4502 
4501 
4500 
4499 
3907 4497 4498 
4496 
4495 
4494 
2778 4492 4493 
4491 
4490 
4489 
4488 
4487 
4486 
4485 
3672 4483 4484 
4482 
4481 
4480 
4479 
4478 
4477 
4476 
4475 
1961 4473 4474 
4472 
4471 
4470 
4469 
1979 4467 4468 
4466 
4465 
4464 
3659 4462 4463 
4461 
4460 
2776 4458 4459 
4457 
4456 
2936 4454 4455 
4453 
4452 
4451 
1651 4449 4450 
4448 
4447 
4446 
1361 4444 4445 
4443 
4442 
498 4440 4441 
4439 
4438 
4437 
4436 
4435 
4434 
4433 
4432 
4431 
2481 4429 4430 
4428 
4427 
3971 4425 4426 
4424 
4423 
4422 
4420 
4418 
1122 4416 4417 
4415 
4414 
4413 
4412 
4411 
4410 
4409 
4408 
4407 
4406 
4405 
4404 
4402 
4097 4400 4401 
4399 
4398 
4397 
4396 
2606 4394 4395 
835 4392 4393 
4391 
4390 
2053 4388 4389 
4387 
4385 
4384 
4383 
4382 
4381 
4380 
2779 4378 4379 
4377 
4376 
4375 
1348 1888 4372 4373 4374 
4371 
543 4369 4370 
4368 
4367 
4366 
307 4364 4365 
4363 
4362 
4361 
4360 
4359 
3391 4356 4358 
2666 4355 4357 
4354 
4353 
4352 
4351 
4350 
3463 4348 4349 
4347 
581 4345 4346 
3936 4343 4344 
4342 
847 4339 4340 4341 
686 4338 
4337 
4336 
4335 
4334 
4333 
4332 
4331 
4330 
4329 
4328 
4327 
4326 
2962 4324 4325 
3139 4322 4323 
4120 4320 4321 
4319 
4318 
4317 
4316 
4315 
4314 
4312 4313 
4311 
1733 4309 4310 
1509 4307 4308 
4306 
4305 
4304 
4303 
3011 4301 4302 
4300 
4299 
4298 
4297 
4296 
1576 4294 4295 
4293 
4292 
2753 4290 4291 
4289 
4288 
3466 4286 4287 
4285 
4284 
253 4282 4283 
496 4280 4281 
4279 
4278 
4277 
4276 
3264 4274 4275 
4273 
4272 
4271 
4270 
4269 
4268 
4267 
4266 
4265 
833 4263 4264 
4262 
4261 
4260 
4259 
4258 
4257 
4256 
4255 
4254 
4253 
4252 
4251 
4250 
4249 
4248 
4247 
4246 
4245 
4244 
4243 
2262 4241 4242 
4240 
2928 4237 4239 
2588 3167 4234 4235 4238 
2648 4233 4236 
4232 
4231 
4230 
4229 
4228 
4227 
2865 4225 4226 
4224 
4223 
4222 
4221 
4220 
987 4218 4219 
4217 
4216 
4215 
4214 
4213 
4212 
4211 
4210 
4209 
4208 
4207 
4206 
4205 
1031 4203 4204 
4202 
4201 
4200 
4198 
4196 
4195 
4194 
4193 
4192 
4191 
3660 4187 4190 
3141 4186 4189 
1236 4185 4188 
4184 
4183 
931 4181 4182 
4180 
4179 
4178 
4177 
2234 4175 4176 
4173 
182 4171 
4170 
4169 
4168 
4167 
1766 4165 4166 
4164 
4163 
4162 
4161 
4160 
3760 4158 4159 
4157 
4156 
4155 
4154 
4153 
4152 
4151 
1627 4149 4150 
4148 
4147 
1338 4145 4146 
4144 
1648 4142 4143 
4141 
4140 
110 4138 4139 
4137 
958 4135 4136 
4134 
4133 
4132 
4131 
4130 
4129 
946 4127 4128 
4126 
4125 
4124 
4123 
4122 
4121 
4119 
4118 
4117 
4116 
4115 
4114 
4113 
4112 
4111 
2193 4109 4110 
4108 
4107 
4106 
4105 
4104 
4103 
4102 
4101 
4100 
4099 
4098 
2046 4096 
4095 
4094 
4093 
4092 
4091 
4090 
4089 
4088 
4087 
4086 
4085 
4084 
4083 
4082 
4081 
4080 
4079 
4078 
4077 
4076 
4075 
3202 4073 4074 
4072 
4071 
4069 4070 
4068 
4067 
4066 
4065 
4064 
4063 
4062 
4061 
4060 
4059 
2457 4057 4058 
4056 
4055 
4054 
4053 
4052 
4051 
4050 
4049 
4048 
4047 
214 3000 4044 4045 4046 
4043 
1808 4041 4042 
4040 
4039 
4038 
4037 
4036 
4035 
4033 4034 
4032 
4031 
4030 
4029 
3393 4027 4028 
4026 
3862 4023 4025 
37 4022 4024 
4021 
4020 
1861 4018 4019 
3623 4016 4017 
4015 
4014 
4013 
4012 
39 4010 4011 
4009 
4008 
4007 
4006 
4005 
4004 
4003 
4002 
4001 
4000 
196 3998 3999 
3997 
3996 
3995 
3994 
78 3992 3993 
3991 
3990 
3989 
3988 
3987 
3986 
3985 
3984 
3983 
3982 
3981 
3980 
3979 
2362 2987 3705 3975 3976 3977 3978 
3974 
3973 
1546 3969 3970 3972 
299 3968 
148 3966 3967 
3297 3964 3965 
3963 
3962 
393 3960 3961 
3959 
3958 
3957 
3956 
3955 
2148 3953 3954 
2267 3951 3952 
3950 
3949 
3947 
3946 
3549 3944 3945 
3943 
3941 
3940 
3938 
3879 3935 
3934 
1616 3932 3933 
3931 
3930 
3929 
3927 
3926 
3925 
3924 
3923 
3922 
3921 
3081 3918 3920 
1604 3917 3919 
3916 
3915 
3914 
3913 
3912 
3911 
3910 
3909 
2425 3906 3908 
2712 3904 3905 
3903 
3902 
3901 
3900 
3899 
3898 
3897 
3896 
3895 
3894 
3893 
453 3890 3892 
449 3888 3891 
3887 
3886 
3885 
3884 
3883 
3882 
3881 
2504 3878 3880 
3877 
3090 3875 3876 
3435 3873 3874 
3871 3872 
3870 
3869 
3868 
3867 
3866 
3865 
3864 
1119 3861 3863 
2404 3859 3860 
3858 
3857 
3856 
3855 
3854 
3853 
3852 
3851 
3850 
3849 
2513 3847 3848 
3846 
3845 
3844 
3843 
3842 
3841 
3840 
2421 3838 3839 
3837 
3836 
3835 
3834 
3833 
3832 
3831 
3830 
3829 
3828 
3827 
3826 
3824 
3823 
3822 
3821 
3820 
3819 
3817 
3816 
3815 
3814 
3813 
3812 
3811 
2490 3809 3810 
3808 
3807 
472 3805 3806 
3803 3804 
3802 
3801 
3800 
3799 
3798 
3797 
3796 
3795 
3794 
2722 3792 3793 
3791 
3790 
3789 
3788 
3787 
3786 
3785 
3784 
3783 
3782 
3781 
3780 
3779 
3777 3778 
3776 
3775 
3774 
2275 3772 3773 
256 3770 3771 
3769 
3768 
1363 3766 3767 
3765 
3764 
3762 
3761 
437 3759 
296 3757 3758 
3756 
3755 
3754 
2574 3752 3753 
3751 
3750 
3749 
3748 
3747 
2766 3745 3746 
2093 3743 3744 
3700 3741 3742 
3740 
3739 
3738 
3737 
3736 
3735 
3734 
3732 
3731 
2257 2351 3728 3729 3730 
3727 
3726 
3725 
3724 
3723 
3722 
3721 
3719 
3718 
3716 
3715 
3714 
3713 
3321 3711 3712 
3710 
3709 
3708 
3707 
3706 
3436 3702 3704 
657 3701 3703 
3699 
3698 
2350 3696 3697 
3695 
3538 3693 3694 
3692 
3691 
3690 
3689 
3688 
3687 
3686 
3685 
3684 
3683 
3682 
3681 
3680 
3677 3678 3679 
3676 
3675 
2757 3673 3674 
3671 
3670 
3669 
3668 
3667 
3666 
3665 
2816 3663 3664 
3662 
3661 
3658 
3657 
290 3655 3656 
3654 
3653 
1530 3651 3652 
3650 
3648 
3647 
3646 
1605 3644 3645 
3643 
3642 
3521 3640 3641 
3639 
3638 
3637 
3635 
3634 
862 3632 3633 
3631 
1007 3629 3630 
3628 
3627 
3626 
3625 
3624 
3622 
3621 
3620 
3619 
3618 
3617 
3616 
3615 
3614 
3613 
3612 
3611 
3610 
3609 
3607 
3606 
3605 
2996 3601 3604 
2493 3600 3603 
2202 3599 3602 
565 3597 3598 
271 3594 3595 3596 
3593 
3080 3590 3591 3592 
3589 
3588 
3587 
3586 
3585 
3584 
2090 3582 3583 
3581 
3580 
3579 
3578 
3499 3576 3577 
2982 3574 3575 
3573 
3572 
3571 
129 3569 3570 
3568 
3567 
3566 
3565 
3564 
3563 
511 3561 3562 
3560 
3559 
3558 
3557 
3556 
3555 
3554 
3553 
2569 3551 3552 
3550 
3548 
3546 3547 
3545 
3544 
108 1670 3541 3542 3543 
3540 
3539 
3537 
3536 
3535 
3534 
3533 
3532 
3531 
3530 
3529 
3528 
3527 
3526 
246 3524 3525 
3523 
998 3520 3522 
3519 
3518 
3516 
3515 
3514 
3513 
759 3511 3512 
3510 
3509 
3508 
3507 
3506 
3505 
3504 
1146 3501 3503 
3500 
3498 
3497 
3496 
3495 
3494 
3493 
3492 
3491 
3490 
3489 
3488 
1461 3486 3487 
3485 
3484 
3483 
3482 
3481 
3480 
3479 
3478 
3477 
3476 
3475 
3474 
3473 
3472 
3471 
3470 
2243 3468 3469 
3467 
3465 
3464 
3462 
3461 
3460 
2110 3458 3459 
3457 
3456 
3455 
3454 
3453 
3452 
3451 
1824 3448 3450 
1797 3447 3449 
1281 3445 3446 
3444 
3443 
3442 
1181 1915 3438 3439 3441 
928 3116 3434 3437 3440 
1905 3433 
3432 
3431 
3430 
3429 
3428 
3427 
3033 3425 3426 
3424 
3423 
1255 2524 3420 3421 3422 
3419 
3418 
3417 
3416 
1675 3414 3415 
3413 
3412 
3411 
3410 
1226 3408 3409 
3407 
3406 
3405 
3404 
3403 
3402 
3401 
3400 
3399 
3398 
3397 
3396 
3395 
3394 
3392 
3390 
3389 
3388 
2506 3386 3387 
3385 
3384 
3383 
221 3381 
3380 
3379 
3378 
3377 
3376 
3375 
3374 
3373 
3372 
3371 
3370 
962 3368 3369 
3367 
3366 
3365 
3364 
3363 
3362 
3361 
3360 
3359 
1943 3357 3358 
3356 
3355 
3354 
3353 
3352 
3351 
3350 
3349 
3348 
1531 3346 3347 
3345 
3344 
3343 
3342 
3341 
3340 
3338 
3337 
3336 
3335 
3334 
3333 
3332 
3331 
3330 
3329 
3328 
3327 
3326 
3325 
3324 
3322 
3320 
3319 
3318 
3317 
3316 
3315 
3314 
3313 
3312 
3311 
3310 
3309 
3308 
3307 
3306 
1166 3304 3305 
3303 
3302 
3301 
3300 
3299 
3298 
3296 
3295 
3294 
3293 
3292 
3291 
3290 
3289 
3288 
3287 
2520 3285 3286 
3284 
3283 
3282 
3281 
3280 
3279 
128 3277 3278 
3276 
3275 
3274 
3273 
3272 
3271 
3270 
3269 
3268 
3267 
3266 
3265 
3263 
3262 
3261 
3260 
3258 3259 
28 3256 3257 
3255 
3254 
3253 
1667 3251 3252 
3250 
3249 
3248 
3247 
3246 
3245 
3244 
3243 
3242 
3241 
973 3239 3240 
3238 
3237 
3236 
2470 3234 3235 
3233 
3232 
3231 
3230 
3229 
3228 
3227 
3226 
3225 
3224 
3223 
3222 
3221 
3220 
3219 
3218 
3217 
3216 
3215 
3214 
3213 
3212 
3211 
3210 
3209 
3208 
3207 
3206 
2050 3203 3204 3205 
3201 
3200 
3199 
605 3195 3197 
3194 
3193 
3192 
3191 
3190 
1944 3188 3189 
1274 3185 3187 
643 3184 3186 
3183 
3182 
3181 
3180 
3179 
3178 
1485 3175 3177 
654 3174 3176 
1692 3172 3173 
3171 
3170 
1183 3168 
702 3166 
3165 
3164 
3163 
3162 
2186 3160 3161 
3159 
2840 3156 3157 
2354 3153 3155 
1252 3152 3154 
3151 
3150 
3149 
3148 
1971 3146 3147 
3145 
3144 
3143 
2635 3140 3142 
367 2133 3137 3138 
3136 
3135 
3134 
3133 
3132 
68 3130 3131 
3129 
3128 
3127 
3126 
3125 
3124 
3123 
3122 
3121 
948 2012 3118 3119 3120 
3117 
3115 
3114 
3113 
810 3111 3112 
3110 
3109 
3108 
3107 
3106 
3105 
3104 
3103 
3102 
3101 
3100 
3099 
3098 
3097 
3096 
3095 
3094 
3093 
3092 
2002 3089 3091 
143 3088 
211 3086 3087 
1767 3084 3085 
3083 
3082 
2684 3079 
3078 
3077 
3076 
3075 
3074 
3073 
3072 
3071 
3070 
3069 
3068 
3067 
3065 3066 
3064 
3063 
3062 
3061 
3060 
3059 
2491 3057 3058 
3056 
1744 3054 3055 
3053 
198 3051 3052 
3050 
3049 
3048 
2750 3046 3047 
3045 
3044 
3043 
3042 
3041 
3040 
3039 
3038 
3037 
3036 
3035 
3034 
3032 
3031 
3030 
3029 
3028 
3027 
3026 
3025 
3024 
3023 
3022 
3021 
3020 
3019 
3018 
3017 
3016 
3015 
3014 
3013 
3012 
3010 
3009 
3008 
3007 
3006 
3005 
3004 
3003 
3002 
3001 
2999 
2998 
2997 
2995 
2994 
2993 
2992 
2991 
2990 
2200 2988 2989 
2986 
2985 
2984 
2983 
2981 
2980 
2979 
2978 
2977 
2976 
1842 2974 2975 
2973 
2972 
2971 
2970 
546 2968 2969 
1205 2966 2967 
2965 
2964 
2963 
2961 
2960 
2959 
2958 
2957 
2956 
2955 
2954 
2953 
2952 
2951 
2950 
2949 
2948 
2947 
2946 
2945 
2944 
2711 2942 2943 
2941 
2940 
2939 
2938 
533 2935 2937 
501 2934 
2933 
1340 2930 2931 
2929 
2927 
2091 2925 2926 
2924 
1704 2922 2923 
2921 
2920 
2919 
2918 
2917 
1789 2915 2916 
2914 
2913 
2912 
2910 
1177 2908 2909 
2907 
2906 
2905 
2904 
2903 
2902 
2901 
2900 
2899 
2898 
2897 
2896 
2895 
2894 
2893 
2892 
2891 
2890 
2889 
688 2887 2888 
2443 2885 2886 
2884 
2882 
2880 
2879 
2878 
2877 
2876 
2875 
2874 
2873 
2872 
2871 
2870 
2869 
2868 
2867 
2866 
2864 
2863 
2862 
2861 
360 2859 2860 
2858 
2857 
2855 2856 
2854 
2853 
1643 2851 2852 
2850 
2849 
2848 
2847 
2846 
2845 
2844 
2843 
2842 
2841 
2839 
1422 2837 2838 
2836 
2835 
2834 
2833 
2832 
2831 
2830 
2829 
2828 
2827 
2826 
2825 
2824 
2823 
2822 
2821 
2820 
2819 
79 2817 2818 
2815 
2814 
2813 
2812 
2811 
2810 
2809 
2808 
2807 
2806 
2805 
2804 
2803 
2802 
2801 
2800 
2799 
2798 
2797 
2796 
2795 
2794 
2793 
2792 
2791 
2790 
2789 
2788 
2787 
2786 
2785 
2784 
2783 
2782 
2781 
2780 
2777 
2775 
2774 
2773 
2772 
2771 
2770 
2496 2767 2769 
2765 
2764 
2763 
1951 2761 2762 
2760 
2759 
2758 
2756 
2755 
2754 
2752 
2751 
2749 
2748 
2747 
2746 
2745 
2744 
2743 
2742 
2741 
2740 
10 2738 2739 
2737 
2736 
2735 
2734 
2733 
2732 
2731 
2730 
2729 
2728 
2727 
2726 
2725 
2724 
2723 
2721 
2720 
2719 
2718 
2717 
2716 
2715 
2714 
2713 
2710 
2709 
2706 2708 
2705 
2704 
2703 
2702 
2701 
2700 
2699 
2698 
2697 
839 2695 2696 
2694 
2693 
2692 
2691 
2690 
2689 
2688 
1099 2685 2686 
2683 
2682 
2681 
2680 
2679 
2678 
2677 
2676 
2674 2675 
2673 
2672 
2671 
2670 
2668 2669 
1826 2664 2667 
1441 2663 2665 
2662 
2661 
2660 
2659 
2658 
2657 
2656 
2654 
2653 
2652 
2651 
2650 
2649 
660 772 2645 2646 2647 
2644 
2643 
305 2641 2642 
2640 
2639 
2638 
2637 
2636 
2634 
2633 
2632 
2631 
2630 
2629 
2628 
2627 
2626 
2625 
2624 
2623 
2622 
55 2619 2620 
2618 
2617 
2616 
2615 
2614 
2613 
1524 2412 2609 2611 2612 
2608 
2607 
2605 
2604 
2603 
2602 
2601 
2600 
2599 
2598 
2408 2596 2597 
2595 
2594 
2593 
2592 
1262 2590 
2589 
2587 
2586 
2585 
2584 
72 2582 2583 
2581 
2580 
2579 
2578 
2577 
1028 2575 2576 
2573 
2572 
2571 
2570 
2568 
2567 
2566 
2564 
2563 
2562 
2561 
2502 2559 2560 
2558 
2557 
2556 
2555 
2554 
2553 
2552 
2551 
2550 
2549 
2548 
2547 
2546 
178 2544 2545 
2543 
2542 
176 2540 2541 
2539 
2538 
857 1921 2534 2537 
2533 2535 2536 
2532 
2531 
1220 2529 2530 
2528 
2527 
2526 
2525 
2523 
2521 
2519 
2024 2321 2516 2518 
2515 2517 
2514 
2512 
2511 
2510 
2509 
2508 
2507 
2505 
2503 
2501 
2500 
2499 
2023 2497 2498 
2346 2495 
2494 
2492 
2183 2488 2489 
2487 
2486 
2485 
968 1559 2482 2483 2484 
1500 2480 
2479 
2478 
2477 
2476 
2330 2474 2475 
2473 
2472 
2471 
2469 
2078 2467 2468 
2466 
2465 
2464 
2462 
2461 
2460 
2459 
2458 
2456 
2455 
2454 
2453 
2452 
2451 
2450 
2449 
626 2447 2448 
2446 
2445 
2444 
2442 
2441 
2440 
2439 
2438 
247 2436 2437 
2435 
2434 
2433 
2432 
2431 
1398 2429 2430 
2428 
2427 
2426 
2175 2423 2424 
2422 
2420 
582 2418 2419 
2417 
2416 
2415 
1668 2413 2414 
2411 
2410 
2409 
2407 
2406 
2405 
2403 
2402 
2401 
578 2399 2400 
2208 2397 2398 
2396 
2395 
2394 
2393 
2392 
2391 
2390 
2389 
2388 
2387 
2386 
2385 
2384 
2383 
2382 
2381 
2380 
2379 
2378 
2377 
2376 
2375 
2374 
2373 
2372 
2371 
2370 
2369 
2368 
2367 
2366 
2365 
2003 2363 2364 
2361 
2360 
2359 
2358 
2357 
2356 
2355 
1941 2353 
2352 
2349 
2348 
2347 
806 2344 2345 
1510 2342 2343 
2341 
591 2339 2340 
2338 
2337 
2336 
2335 
2334 
2333 
2332 
2331 
2329 
2328 
2327 
2326 
2325 
2324 
1377 2320 2322 2323 
1352 2319 
779 2318 
2317 
2316 
2315 
2314 
2313 
2312 
2311 
2310 
2309 
2308 
2307 
2306 
2305 
2304 
2303 
2302 
2301 
2300 
2299 
2298 
2297 
532 2295 2296 
2294 
2293 
2292 
2291 
2290 
2289 
2288 
2287 
2286 
2285 
2284 
2283 
2282 
2281 
2280 
471 2278 2279 
782 2276 2277 
2274 
2273 
2272 
2271 
2270 
2269 
2268 
2266 
2265 
2264 
2263 
922 2261 
2260 
2259 
2258 
2256 
1124 2254 2255 
2253 
2252 
2251 
2250 
2249 
184 2247 2248 
2246 
2245 
2244 
2242 
2241 
2240 
2239 
2238 
2237 
2236 
2235 
2233 
2232 
2231 
2230 
2229 
2228 
2226 
2225 
2224 
336 2221 2222 
2220 
2219 
2218 
2217 
2216 
2215 
2214 
2213 
2212 
2211 
2210 
2209 
2207 
2206 
2205 
2204 
2201 
2199 
2198 
2197 
2196 
2195 
2194 
2192 
2190 
2189 
2188 
2187 
2185 
2184 
2182 
2181 
2180 
2179 
2178 
2177 
2176 
2174 
2173 
2172 
2171 
2170 
2169 
2167 
2166 
2165 
2164 
2163 
2162 
2161 
1912 2159 2160 
2158 
2157 
2156 
2155 
662 2153 2154 
2152 
2151 
2150 
2149 
2147 
2146 
2144 
2143 
2141 
2140 
423 2138 2139 
2137 
2136 
2135 
2134 
2132 
2131 
2130 
2129 
2128 
2127 
2126 
2125 
2124 
2123 
2122 
2121 
2120 
2119 
2118 
2117 
2115 
2114 
2113 
2112 
2111 
2109 
2108 
2107 
2106 
2105 
2104 
2103 
2102 
2101 
2100 
1462 2098 2099 
2097 
2096 
2095 
2094 
2092 
2089 
2088 
2087 
2086 
2085 
2084 
2083 
2082 
2081 
2080 
2079 
2077 
2076 
2075 
2074 
2073 
2072 
2071 
303 2069 2070 
2068 
2067 
2066 
2065 
2064 
2063 
961 2061 2062 
2060 
2059 
2058 
2057 
2056 
2055 
2054 
2052 
2051 
2048 2049 
2047 
2045 
2044 
521 752 2041 2042 2043 
2040 
2039 
2038 
617 2036 2037 
2035 
2034 
2033 
2032 
2031 
2030 
2029 
2028 
2027 
2026 
2025 
2022 
2021 
2020 
2019 
680 2017 2018 
2016 
2015 
2014 
2013 
2011 
2010 
2009 
2008 
871 2006 2007 
2005 
2004 
528 2000 2001 
1999 
1998 
1997 
1996 
1995 
1994 
1993 
1992 
237 1990 1991 
1989 
1988 
1987 
1986 
1985 
1984 
1983 
1982 
989 1980 1981 
1914 1976 1978 
1602 1975 1977 
1974 
1799 1972 1973 
1969 
1968 
1967 
1966 
1965 
1964 
1962 1963 
1960 
1959 
1958 
1957 
1956 
1955 
1954 
1953 
1952 
1950 
1949 
1948 
1947 
1946 
1945 
1942 
1940 
1939 
1938 
1937 
1936 
1935 
1934 
1933 
1932 
1931 
1930 
1929 
1928 
1927 
568 1925 1926 
1924 
1923 
1922 
1347 1920 
1919 
1918 
1917 
650 1913 1916 
1911 
1910 
1909 
1908 
1907 
1906 
1904 
1903 
1902 
1901 
1900 
1898 
924 1896 1897 
1895 
1894 
1057 1892 1893 
1891 
1890 
1889 
1887 
137 1885 1886 
1884 
1270 1882 1883 
1881 
1880 
1879 
1878 
1877 
1876 
1875 
1874 
1873 
1872 
1871 
1870 
1869 
1868 
1866 1867 
1865 
1864 
1863 
1862 
1859 
1858 
1857 
1856 
1855 
1854 
1853 
1852 
1851 
1850 
1849 
1848 
1847 
1846 
681 1844 1845 
1843 
1841 
1840 
1839 
1838 
1837 
1836 
1835 
1834 
1833 
1832 
1831 
1830 
1829 
1828 
1827 
1825 
1823 
1822 
1821 
1820 
1819 
1818 
1817 
1816 
1815 
1814 
1813 
1812 
1811 
1810 
1809 
1807 
1806 
1805 
1804 
1803 
1802 
1801 
1800 
1798 
33 1796 
1795 
1794 
1793 
1792 
1791 
1790 
1788 
1787 
1786 
1785 
1784 
1783 
1782 
1405 1780 1781 
1779 
1778 
1777 
1776 
1775 
1774 
1773 
1772 
1771 
1770 
1769 
1768 
1765 
1764 
1763 
1762 
1761 
1760 
1759 
1758 
1757 
1756 
1755 
1754 
1753 
1752 
1751 
1750 
1749 
1748 
1747 
1746 
1745 
1743 
1742 
1741 
1740 
1739 
1738 
1737 
1736 
1735 
1734 
1732 
1731 
1730 
1729 
1728 
1727 
1726 
1725 
1724 
1723 
1722 
280 1720 1721 
1719 
1718 
1717 
1716 
1715 
1714 
1713 
1711 
1710 
1709 
1228 1706 1708 
875 1705 1707 
1703 
1702 
1701 
1700 
1699 
1698 
1697 
1696 
1695 
1694 
1693 
1691 
1690 
1689 
1688 
1687 
1686 
1685 
1684 
1683 
1682 
1681 
1680 
1679 
1678 
1677 
1676 
1674 
1673 
1672 
1671 
1669 
1666 
1665 
1664 
1663 
1662 
854 1660 1661 
1659 
1658 
1657 
1656 
1654 
1653 
1652 
959 1649 1650 
1450 1647 
1646 
1645 
1644 
1642 
1641 
1640 
1639 
1638 
1637 
1636 
1635 
1634 
1633 
1632 
1630 
1629 
655 1626 1628 
1625 
1624 
1623 
1622 
1621 
1620 
1619 
1618 
1617 
851 1615 
1614 
1613 
1612 
1611 
1610 
1609 
1608 
1607 
1606 
1603 
1601 
1600 
1599 
1598 
1597 
1596 
1595 
1594 
1593 
1592 
1591 
1590 
1589 
1588 
1587 
1586 
1247 1584 1585 
486 1582 1583 
1581 
1580 
1579 
1577 1578 
1575 
541 1573 1574 
1572 
1570 
1569 
1568 
1566 1567 
1565 
1564 
1563 
1562 
1561 
1560 
1558 
1557 
1556 
1555 
1554 
1553 
1552 
1551 
1550 
1549 
1548 
1547 
1545 
1544 
1543 
1542 
1541 
1540 
1539 
1538 
1537 
1536 
1535 
1534 
1533 
1529 1532 
1528 
1527 
1526 
813 1523 1525 
1522 
1521 
1520 
1519 
1518 
1517 
1516 
1515 
1514 
1513 
1512 
1511 
1508 
1507 
1506 
1505 
1504 
113 1502 1503 
1501 
1499 
1498 
1497 
1496 
1495 
679 1493 1494 
1492 
1491 
1490 
1489 
1488 
1487 
1486 
1484 
1483 
1482 
1481 
1480 
1479 
1478 
1477 
1476 
1475 
1474 
1473 
1472 
1471 
1470 
1469 
1468 
1467 
1093 1465 1466 
1464 
1463 
1460 
1459 
1458 
1457 
1456 
1455 
1454 
1453 
1452 
1451 
1001 1448 1449 
1447 
1446 
1445 
1444 
1443 
1442 
1440 
1439 
1438 
1437 
1436 
1435 
1434 
1433 
1432 
1431 
1430 
1429 
1428 
1427 
1426 
1425 
1424 
1423 
327 1420 1421 
1419 
1418 
1417 
1416 
1415 
1414 
1413 
1412 
1411 
1410 
1409 
1408 
1407 
1406 
1404 
1403 
1402 
1401 
1400 
1399 
1397 
1396 
1395 
1394 
1393 
1392 
1391 
1390 
1389 
551 1387 1388 
1386 
1385 
1384 
1383 
1382 
1380 1381 
1379 
1378 
1376 
1375 
152 1372 1373 
1371 
1370 
1369 
1368 
1367 
1366 
1365 
1364 
1362 
1360 
1359 
1358 
1357 
1355 
1354 
849 1351 1353 
1350 
1349 
1346 
1345 
1344 
1343 
1342 
1341 
1339 
1337 
1336 
1335 
1334 
1333 
1332 
1331 
1330 
1329 
789 1327 1328 
694 1325 1326 
1324 
1323 
1302 1321 1322 
1320 
1319 
1318 
1317 
1316 
1315 
1314 
1313 
1312 
1311 
1310 
1309 
1308 
1307 
1306 
1305 
1304 
1303 
1301 
1300 
1299 
1298 
1297 
1296 
1295 
1294 
1293 
1292 
1291 
1290 
1289 
1288 
1287 
1286 
1285 
1284 
1283 
1282 
623 1279 1280 
1278 
1277 
1276 
1275 
1273 
1272 
1271 
412 1269 
1268 
1267 
1266 
1265 
1264 
1263 
1261 
1260 
1258 1259 
1257 
1256 
1254 
1253 
1251 
1250 
1249 
1248 
1246 
1245 
1244 
1243 
1242 
1241 
1240 
1239 
1238 
1237 
1235 
1234 
479 1232 1233 
1231 
1230 
1229 
1227 
1225 
1224 
1223 
1222 
1221 
1219 
275 1217 1218 
1216 
1215 
1214 
1213 
1212 
1211 
1210 
1209 
1208 
1207 
1204 1206 
1203 
1202 
1201 
824 1199 1200 
1198 
1197 
1196 
1195 
1194 
1193 
1192 
1191 
1190 
1189 
1188 
1186 
1185 
1184 
1180 
1179 
1178 
1089 1175 1176 
1174 
1173 
1172 
1171 
1170 
1169 
1168 
1167 
739 1165 
1164 
1163 
1162 
1161 
1160 
1159 
1158 
136 1156 1157 
1155 
1154 
1153 
1152 
1151 
1150 
1149 
1148 
1147 
1145 
1144 
1143 
1142 
1141 
19 1139 1140 
1138 
1136 
1135 
1134 
1133 
1132 
1131 
1130 
1129 
1128 
1127 
1126 
1125 
1123 
1121 
1120 
1118 
1117 
1115 
667 1113 1114 
1112 
1111 
1110 
1109 
1108 
1107 
1106 
1105 
1104 
1103 
1102 
1101 
1100 
475 1097 1098 
1096 
1095 
1094 
171 1092 
1091 
1090 
1088 
1087 
1086 
1085 
1083 
1082 
1081 
1080 
1079 
1078 
210 1076 1077 
1075 
1074 
1073 
1072 
1071 
1070 
1069 
1068 
1067 
1066 
1065 
1064 
1063 
1062 
1061 
1060 
757 1056 1059 
1055 
1054 
1053 
1052 
1051 
1050 
1049 
1048 
1047 
1046 
1045 
1044 
1043 
1042 
1041 
1040 
791 1038 1039 
1037 
1036 
1035 
1034 
1033 
1032 
158 1030 
1029 
1027 
1026 
1025 
1023 1024 
1022 
1021 
1020 
1019 
1018 
1017 
1016 
1015 
1014 
1012 
1011 
1010 
1009 
1008 
1006 
1005 
1004 
1003 
1002 
1000 
999 
997 
996 
995 
994 
993 
992 
991 
990 
988 
986 
985 
984 
982 983 
981 
980 
979 
976 
975 
974 
972 
971 
970 
969 
967 
966 
965 
964 
963 
960 
957 
956 
955 
954 
953 
952 
951 
949 
947 
945 
944 
943 
941 
940 
939 
938 
937 
936 
935 
934 
933 
932 
930 
929 
927 
926 
925 
923 
921 
919 
918 
917 
916 
915 
914 
913 
912 
911 
910 
909 
907 
906 
905 
904 
903 
902 
901 
900 
899 
898 
897 
894 
893 
892 
891 
890 
889 
888 
887 
886 
885 
884 
883 
882 
881 
880 
879 
878 
877 
876 
874 
873 
872 
870 
869 
868 
867 
866 
865 
864 
863 
861 
175 858 859 860 
856 
855 
853 
852 
850 
848 
846 
845 
844 
843 
842 
841 
840 
838 
837 
836 
834 
832 
831 
830 
829 
828 
827 
826 
825 
822 
821 
819 
818 
817 
816 
815 
814 
812 
811 
809 
808 
807 
805 
804 
803 
802 
801 
800 
799 
798 
797 
796 
795 
794 
793 
792 
790 
788 
787 
786 
785 
784 
783 
781 
780 
778 
777 
776 
775 
774 
773 
771 
770 
769 
768 
767 
766 
765 
764 
763 
762 
761 
760 
758 
756 
755 
754 
753 
751 
750 
749 
748 
747 
746 
745 
744 
743 
742 
189 740 741 
738 
737 
736 
735 
734 
733 
732 
731 
730 
729 
728 
727 
726 
725 
724 
723 
722 
721 
720 
719 
718 
716 
715 
714 
713 
712 
711 
710 
709 
707 
706 
705 
704 
703 
701 
700 
699 
698 
340 696 697 
695 
45 693 
692 
691 
690 
689 
687 
685 
684 
683 
682 
678 
677 
676 
675 
674 
673 
672 
671 
670 
669 
668 
666 
665 
664 
663 
661 
659 
658 
656 
653 
652 
651 
649 
648 
647 
445 645 646 
644 
642 
641 
640 
639 
638 
637 
636 
635 
145 633 634 
632 
631 
630 
629 
628 
627 
625 
624 
622 
621 
620 
619 
618 
616 
615 
614 
613 
612 
611 
610 
609 
608 
607 
606 
604 
603 
602 
601 
600 
599 
598 
597 
596 
595 
594 
593 
592 
590 
589 
588 
587 
586 
585 
584 
583 
580 
410 577 579 
576 
575 
574 
573 
572 
571 
570 
569 
567 
566 
564 
563 
562 
561 
560 
559 
558 
557 
556 
555 
554 
553 
552 
550 
549 
548 
547 
545 
481 542 544 
540 
539 
538 
537 
536 
535 
534 
531 
530 
529 
527 
526 
525 
524 
523 
522 
520 
519 
518 
517 
516 
515 
514 
513 
512 
510 
509 
508 
507 
442 505 506 
504 
503 
502 
500 
499 
497 
495 
494 
493 
492 
491 
490 
489 
488 
487 
485 
484 
483 
482 
480 
478 
477 
476 
474 
473 
470 
469 
468 
467 
297 465 466 
464 
463 
462 
461 
460 
459 
458 
457 
456 
455 
454 
452 
451 
450 
448 
447 
446 
444 
443 
441 
440 
439 
438 
436 
435 
434 
433 
432 
431 
430 
429 
428 
427 
426 
425 
424 
422 
421 
420 
419 
418 
417 
416 
415 
414 
413 
411 
409 
408 
407 
406 
405 
404 
403 
402 
401 
400 
399 
398 
397 
395 
394 
392 
391 
390 
389 
388 
387 
386 
385 
384 
383 
382 
381 
380 
379 
378 
377 
376 
375 
374 
373 
372 
371 
370 
369 
366 
365 
364 
363 
362 
361 
359 
358 
357 
355 
354 
353 
351 
350 
349 
348 
347 
346 
345 
344 
343 
342 
341 
339 
338 
337 
335 
334 
333 
332 
331 
330 
329 
328 
326 
325 
324 
323 
322 
321 
320 
319 
318 
317 
124 315 316 
314 
313 
312 
311 
310 
309 
308 
306 
304 
302 
301 
300 
298 
295 
294 
293 
292 
291 
289 
288 
287 
286 
285 
284 
283 
282 
281 
279 
278 
277 
276 
274 
273 
272 
270 
269 
268 
267 
266 
265 
264 
263 
262 
261 
260 
259 
258 
257 
255 
254 
252 
251 
250 
249 
248 
245 
244 
243 
242 
241 
240 
239 
238 
236 
235 
234 
32 232 233 
231 
230 
228 
227 
226 
225 
224 
223 
222 
220 
219 
218 
217 
216 
215 
213 
212 
209 
208 
207 
206 
205 
204 
203 
202 
201 
200 
199 
197 
195 
194 
193 
192 
191 
190 
188 
187 
186 
185 
183 
181 
180 
179 
177 
174 
173 
172 
170 
168 
167 
166 
165 
164 
163 
161 
160 
159 
157 
156 
155 
154 
153 
151 
149 
147 
146 
144 
142 
141 
140 
139 
138 
116 134 135 
133 
132 
131 
130 
127 
126 
125 
123 
122 
121 
120 
119 
118 
117 
115 
114 
112 
111 
109 
107 
106 
105 
104 
103 
102 
101 
100 
99 
98 
97 
96 
95 
94 
93 
92 
91 
90 
89 
88 
87 
86 
85 
84 
83 
82 
81 
80 
77 
76 
75 
74 
73 
71 
70 
69 
67 
66 
65 
64 
63 
62 
61 
60 
59 
58 
57 
56 
54 
53 
52 
51 
50 
49 
48 
47 
46 
44 
43 
42 
41 
40 
38 
36 
35 
34 
31 
30 
29 
27 
26 
25 
24 
23 
22 
21 
20 
18 
17 
16 
15 
14 
13 
12 
11 
9 
8 
7 
6 
5 
4 
3 
2 
1 
