5000 
4317 4996 4999 
268 4575 4994 4998 
64 4993 4995 4997 
4992 
1931 4990 4991 
2964 4988 4989 
4256 4985 4987 
281 1647 4528 4981 4983 4984 4986 
332 4214 4974 4980 4982 
2125 2986 4972 4979 
1549 1591 2450 4038 4968 4971 4977 4978 
869 1245 1486 4967 4976 
4966 4970 4973 4975 
711 4964 4969 
4963 4965 
910 3765 3894 4956 4958 4961 4962 
116 962 1427 4842 4952 4954 4960 
4336 4915 4941 4950 4951 4953 4957 4959 
729 4172 4940 4942 4944 4945 4955 
379 1657 2443 4049 4939 4948 4949 
605 1498 2402 3144 3820 4931 4936 4938 4943 4947 
270 1227 1689 2622 4305 4924 4928 4933 4934 4935 4937 4946 
123 1565 2546 3966 4923 4925 4930 4932 
547 1819 2076 4920 4922 4929 
1167 1392 1681 3791 4917 4919 4927 
1084 4914 4918 4926 
2433 3025 4911 4912 4913 4921 
3558 4907 4910 4916 
2278 4906 4909 
391 4905 4908 
4134 4903 4904 
703 3382 4864 4895 4899 4900 4902 
1425 2835 3817 4889 4898 4901 
1732 3145 3232 3795 4885 4886 4893 4894 4896 4897 
444 1791 2284 2794 3112 3890 4877 4878 4883 4884 4890 4892 
2512 4875 4879 4881 4888 4891 
1306 1937 1998 2157 2221 4420 4865 4866 4871 4872 4880 4887 
240 601 634 1607 4862 4869 4870 4873 4876 4882 
389 809 1315 4043 4509 4858 4860 4867 4868 4874 
163 328 1110 4857 4859 4863 
4856 4861 
655 3216 4853 4854 4855 
2311 4851 4852 
4707 4849 4850 
3825 4847 4848 
2631 4569 4843 4845 4846 
1465 1656 4764 4839 4841 4844 
2869 4838 4840 
2471 4836 4837 
4835 
4224 4833 4834 
2197 4831 4832 
4830 
4376 4826 4828 4829 
138 1095 4585 4819 4827 
3466 4817 4820 4824 4825 
1112 3188 4815 4816 4823 
1579 1673 2974 3141 4414 4809 4811 4814 4822 
118 1618 2956 3110 4804 4808 4810 4812 4813 4818 4821 
756 761 1155 1832 3672 3854 4525 4797 4798 4799 4802 4803 4806 4807 
3551 4796 4800 4805 
2677 4795 4801 
2525 4793 4794 
4792 
4791 
4017 4789 4790 
4589 4784 4785 4787 4788 
3785 4783 4786 
2818 4782 
4781 
4090 4779 4780 
4778 
4777 
4776 
4775 
4774 
4773 
2707 2970 4769 4770 4771 4772 
83 2524 4767 4768 
283 2927 3566 4720 4759 4765 4766 
2740 3499 4757 4763 
416 4755 4756 4761 4762 
200 4276 4745 4747 4751 4760 
1209 2205 3201 4744 4750 4753 4754 4758 
248 698 1149 3162 3865 4740 4743 4748 4749 4752 
2623 2824 4738 4739 4742 4746 
1678 3305 4736 4737 4741 
3526 4734 4735 
2634 3084 4729 4733 
773 2762 3833 4727 4732 
4726 4731 
78 4724 4725 4730 
4167 4718 4723 4728 
1784 1855 2451 4143 4708 4710 4711 4716 4717 4722 
54 2439 4675 4704 4715 4721 
1815 2432 2574 3779 4701 4709 4712 4714 4719 
1191 1374 1941 4285 4559 4586 4694 4697 4698 4700 4702 4703 4706 4713 
371 1156 1208 1640 2088 2812 3095 4689 4695 4705 
1409 3002 4687 4688 4691 4692 4693 4696 4699 
2592 3708 4315 4683 4686 4690 
2489 4682 4685 
954 4578 4679 4681 4684 
2316 3755 4334 4674 4677 4678 4680 
3335 4672 4673 4676 
846 4671 
4670 
4669 
4668 
4667 
3196 4665 4666 
284 3658 4657 4661 4663 4664 
595 3612 4655 4660 4662 
3586 4654 4658 4659 
1779 2358 4653 4656 
1659 4145 4651 4652 
4650 
4649 
4648 
1126 2820 3374 4643 4645 4646 4647 
2537 4235 4293 4500 4634 4642 4644 
660 975 3762 4111 4633 4639 4640 4641 
2060 4631 4636 4637 4638 
194 3800 4628 4630 4635 
438 656 1672 4625 4626 4629 4632 
4624 4627 
1386 4621 4622 4623 
4620 
4619 
1147 2736 4616 4618 
3596 4065 4611 4614 4615 4617 
1455 2086 2364 4545 4605 4606 4607 4608 4610 4612 4613 
516 710 4101 4603 4604 4609 
2996 4132 4599 4601 4602 
354 2894 3062 3975 4463 4592 4594 4598 4600 
2097 2659 3707 3978 4218 4583 4590 4591 4593 4595 4596 4597 
1508 3898 4582 4587 4588 
1360 4581 4584 
986 4580 
957 4579 
1109 2079 4576 4577 
1778 2066 2605 4571 4574 
528 4570 4572 4573 
3287 4567 4568 
2898 3544 4564 4565 4566 
2523 3424 4562 4563 
1434 4560 4561 
331 2588 4137 4555 4557 4558 
3274 4551 4553 4556 
1103 2103 3125 3172 4548 4550 4552 4554 
1276 4409 4546 4547 4549 
3521 4544 
2917 4542 4543 
3217 3927 4430 4537 4539 4541 
3047 4536 4538 4540 
3123 3380 4533 4534 4535 
4532 
3320 4085 4524 4529 4530 4531 
1078 2643 3548 4523 4527 
960 4522 4526 
96 4521 
1211 4519 4520 
4518 
943 4514 4516 4517 
171 4513 4515 
3242 4511 4512 
4510 
2979 4506 4508 
4001 4504 4505 4507 
4503 
3350 4499 4502 
488 968 4270 4497 4498 4501 
2798 4495 4496 
4494 
4493 
458 500 3585 4486 4488 4491 4492 
680 2225 2459 4485 4490 
850 4483 4489 
4482 4487 
1621 4480 4484 
4479 4481 
4327 4475 4478 
1867 2389 3184 4472 4473 4476 4477 
476 4471 4474 
1911 4469 4470 
4467 4468 
2653 4464 4465 4466 
1507 4461 4462 
179 4460 
4459 
459 4457 4458 
4456 
4455 
822 4453 4454 
3371 4449 4451 4452 
2346 4448 4450 
2109 4447 
1435 4445 4446 
4444 
4443 
692 4441 4442 
1138 1908 4435 4436 4438 4440 
804 1193 1291 4433 4437 4439 
368 2983 4429 4431 4434 
1710 2977 4427 4428 4432 
2352 4425 4426 
4424 
2774 4421 4422 4423 
1961 4419 
799 1862 4413 4415 4416 4417 4418 
1087 2541 4408 4412 
486 746 2421 4407 4411 
2913 4405 4406 4410 
2866 4403 4404 
4402 
3646 4400 4401 
4399 
4398 
4397 
4396 
2704 3212 4393 4394 4395 
4392 
4391 
1857 4388 4390 
589 4386 4387 4389 
1124 4384 4385 
1182 2185 4381 4382 4383 
2733 4378 4380 
1599 2080 2298 3411 3962 4368 4373 4375 4379 
2027 3192 4366 4374 4377 
2942 4365 4369 4372 
90 1250 2569 4362 4363 4367 4370 4371 
4361 4364 
4360 
4359 
4358 
4357 
3919 4352 4356 
1597 4351 4354 4355 
777 4350 4353 
1068 4348 4349 
1932 4344 4346 4347 
114 4343 4345 
4341 4342 
4340 
1485 1705 4221 4333 4335 4337 4339 
39 743 4332 4338 
2263 4330 4331 
814 2165 4325 4329 
2083 4324 4328 
1017 4322 4323 4326 
2989 4320 4321 
4319 
1690 3480 4310 4311 4316 4318 
927 2391 2802 4309 4314 
86 1974 4307 4308 4312 4313 
4306 
2921 3895 4303 4304 
1697 3479 4297 4299 4301 4302 
876 2847 3430 4291 4298 4300 
1852 2556 4290 4294 4295 4296 
939 1766 4289 4292 
1195 4288 
53 4286 4287 
2208 4280 4282 4284 
1039 1919 4279 4281 4283 
770 4278 
1173 4035 4275 4277 
4274 
4030 4268 4272 4273 
8 3393 3730 4259 4260 4267 4271 
2945 3314 4040 4250 4251 4265 4266 4269 
1930 2893 3155 4248 4249 4264 
2752 2755 3249 4219 4245 4247 4258 4261 4262 4263 
2370 2544 4243 4244 4246 4254 4257 
2356 2586 2682 3824 4178 4238 4241 4242 4252 4253 4255 
430 1987 4236 4240 
557 1440 1904 4230 4234 4237 4239 
522 1405 4229 4233 
766 4228 4232 
509 4227 4231 
170 1970 2816 4223 4226 
4222 4225 
3435 3776 4217 4220 
4215 4216 
2603 3486 4211 4213 
2276 4210 4212 
3229 4208 4209 
4207 
2403 4205 4206 
1953 4203 4204 
482 3857 4198 4202 
1871 2067 4195 4200 4201 
244 2004 4192 4193 4199 
740 4190 4194 4196 4197 
467 590 1847 4185 4186 4187 4188 4191 
1717 2925 4182 4184 4189 
887 4180 4181 4183 
3732 4177 4179 
3278 4176 
517 4174 4175 
3601 4171 4173 
4170 
2953 4163 4165 4166 4168 4169 
1358 2765 4162 4164 
221 1262 2696 4160 4161 
4159 
4158 
3261 4154 4156 4157 
1247 4153 4155 
1009 4152 
4151 
360 4149 4150 
2886 3042 3121 4138 4144 4148 
1429 2055 2952 4136 4140 4142 4147 
38 907 2355 4135 4146 
792 1059 3491 4126 4130 4133 4141 
1935 2905 4125 4129 4131 4139 
1613 2262 4124 4127 4128 
79 4122 4123 
65 862 1484 2445 4118 4121 
4117 4119 4120 
1944 3538 4112 4114 4115 4116 
173 3613 4110 4113 
4109 
60 1890 2228 4105 4107 4108 
2493 4103 4104 4106 
1764 2244 3247 3716 4093 4095 4099 4102 
1451 2032 2560 4088 4089 4097 4100 
1417 1564 2261 4087 4096 4098 
771 2482 4084 4092 4094 
385 4083 4091 
243 1562 4079 4080 4081 4082 4086 
3045 3111 4075 4078 
1978 4074 4076 4077 
4072 4073 
4071 
1356 4069 4070 
4068 
1532 2663 4062 4063 4067 
1453 2033 4060 4061 4064 4066 
1382 4034 4058 4059 
4057 
4056 
4054 4055 
1089 4052 4053 
593 1460 2895 4045 4051 
529 1312 4044 4048 4050 
1293 3490 4032 4041 4047 
654 2009 4031 4036 4042 4046 
210 996 1625 1973 2338 4028 4029 4037 4039 
935 1581 4027 4033 
1344 2096 3689 4023 4026 
1040 2683 4018 4021 4022 4025 
62 1631 4016 4020 4024 
365 4015 4019 
1338 1996 4011 4014 
1730 2674 2734 4007 4008 4010 4013 
2240 2307 3056 3530 3994 3998 4005 4009 4012 
1988 2583 3993 3997 4002 4004 4006 
728 1254 2568 3990 3991 4000 4003 
1298 1929 2336 2465 3076 3619 3986 3988 3989 3999 
359 2030 2470 3983 3987 3992 3996 
702 3982 3985 3995 
821 3851 3976 3980 3981 3984 
384 3974 3979 
87 3973 3977 
69 3969 3970 3971 3972 
3968 
3967 
3069 3965 
3964 
3963 
3879 3957 3961 
904 2928 3954 3959 3960 
3953 3955 3958 
539 3951 3952 3956 
3950 
3949 
3948 
3947 
3296 3944 3946 
1266 3915 3941 3943 3945 
827 3939 3942 
2202 3936 3938 3940 
3935 3937 
3893 3930 3934 
3015 3929 3932 3933 
1573 3859 3924 3928 3931 
493 3718 3903 3917 3922 3923 3925 3926 
3288 3407 3901 3908 3910 3920 3921 
989 1410 2137 2825 3186 3899 3902 3905 3911 3912 3918 
573 913 953 1258 1394 1782 2056 3133 3467 3891 3897 3906 3909 3916 
20 68 308 830 1081 2194 2803 3016 3243 3889 3892 3904 3907 3914 
662 1445 1901 3887 3888 3900 3913 
990 1653 3885 3886 3896 
3884 
3883 
1169 2309 2664 3567 3873 3877 3878 3880 3882 
2658 3517 3871 3876 3881 
852 3205 3869 3870 3874 3875 
2737 3868 3872 
1012 1530 3864 3867 
3862 3866 
3208 3855 3861 3863 
2216 2444 3853 3860 
706 3852 3858 
148 342 2094 3848 3849 3850 3856 
3130 3845 3847 
203 2415 2978 3837 3840 3843 3846 
2971 3836 3842 3844 
2438 3835 3839 3841 
1822 3104 3828 3831 3834 3838 
256 977 2529 3827 3830 3832 
2992 3823 3829 
1342 1951 3821 3822 3826 
938 2678 3815 3816 3819 
722 1096 3812 3814 3818 
380 1943 3809 3811 3813 
3807 3808 3810 
723 3804 3806 
579 3802 3805 
22 2081 2344 3799 3801 3803 
2831 3796 3797 3798 
3794 
2646 3792 3793 
1285 3789 3790 
608 3788 
3787 
3786 
1309 3783 3784 
3781 3782 
3780 
1327 3498 3773 3774 3775 3777 3778 
2330 2374 3772 
1305 3771 
3770 
983 3722 3757 3759 3764 3768 3769 
502 1251 3120 3756 3761 3767 
262 1488 1875 2881 2903 3754 3760 3766 
1768 2191 3752 3758 3763 
1959 3747 3749 3751 3753 
1720 2259 3745 3748 3750 
309 2759 3738 3744 3746 
1402 2012 3737 3743 
3736 3742 
1353 3733 3734 3741 
1249 3729 3731 3739 3740 
446 2722 3727 3728 3735 
3726 
755 2926 3719 3721 3725 
158 787 3715 3723 3724 
29 3554 3713 3714 3717 3720 
184 2576 3710 3711 3712 
2082 3706 3709 
2616 2633 3696 3700 3701 3702 3705 
999 1836 1876 3695 3698 3699 3704 
920 1708 2873 2938 3692 3694 3697 3703 
1284 3128 3685 3693 
2689 3684 3691 
141 429 2934 3399 3675 3676 3683 3690 
295 2650 3250 3671 3673 3677 3678 3680 3681 3682 3686 3688 
997 3071 3670 3674 3679 3687 
2957 3669 
825 3463 3666 3668 
1471 3665 3667 
2795 3663 3664 
355 2135 2613 2694 3656 3662 
1783 3654 3655 3660 3661 
1122 3652 3659 
3297 3650 3657 
3649 3651 3653 
3648 
2480 3645 3647 
3644 
3643 
2387 3641 3642 
3640 
3639 
1918 3636 3638 
730 3635 3637 
3634 
3633 
3632 
3631 
2924 3628 3630 
3627 3629 
1261 3624 3626 
352 3540 3621 3622 3623 3625 
3228 3620 
3618 
285 321 3614 3615 3616 3617 
2908 3611 
3610 
3609 
3608 
3607 
3606 
3605 
3604 
3308 3602 3603 
122 3600 
747 1487 3597 3599 
2331 3595 3598 
2946 3593 3594 
2487 3591 3592 
2959 3587 3588 3590 
28 2118 3584 3589 
661 1722 3580 3583 
97 3578 3582 
3577 3579 3581 
3576 
2200 3572 3575 
2896 3005 3564 3569 3570 3574 
510 2143 3562 3568 3571 3573 
48 3108 3560 3565 
3559 3563 
3557 3561 
3038 3555 3556 
3553 
685 1093 3547 3549 3550 3552 
348 3546 
1034 3539 3545 
663 3536 3542 3543 
448 3535 3541 
1714 3532 3537 
2085 3114 3529 3531 3533 3534 
2870 3523 3528 
469 588 649 3520 3522 3525 3527 
2366 3514 3519 3524 
915 2360 3511 3515 3518 
267 567 934 3508 3509 3512 3513 3516 
3507 3510 
2994 3504 3505 3506 
3501 3502 3503 
3500 
3021 3496 3497 
3494 3495 
3493 
3492 
3470 3489 
1217 3488 
3487 
172 3483 3484 3485 
1322 2841 3478 3481 3482 
1226 2038 3477 
3476 
3474 3475 
3473 
2031 3471 3472 
1781 3468 3469 
206 3464 3465 
154 3026 3064 3457 3458 3459 3462 
3455 3456 3461 
3454 3460 
3453 
3451 3452 
280 1921 2602 3443 3446 3447 3448 3449 3450 
290 964 3052 3438 3440 3441 3444 3445 
918 2515 3437 3439 3442 
2124 3434 3436 
2122 3433 
3432 
3431 
3428 3429 
3427 
1874 2611 3423 3426 
257 3338 3417 3425 
1127 1252 1679 3416 3418 3421 3422 
708 3415 3419 3420 
2018 3413 3414 
198 2780 3410 3412 
848 1646 3406 3408 3409 
3405 
3165 3401 3404 
24 537 2302 2887 3271 3395 3400 3403 
2099 3394 3397 3398 3402 
3391 3392 3396 
3390 
3389 
2923 3387 3388 
1230 3384 3385 3386 
3383 
626 3381 
3379 
1889 3377 3378 
3376 
3049 3372 3375 
858 2717 3368 3370 3373 
778 3367 3369 
3366 
3365 
3364 
3363 
428 3157 3358 3360 3362 
1598 2610 3357 3361 
2961 3355 3356 3359 
3354 
1080 3352 3353 
423 2819 3347 3348 3351 
1900 3345 3346 3349 
3344 
1133 3342 3343 
3341 
841 3339 3340 
2345 2783 3334 3337 
2101 2874 3053 3330 3331 3333 3336 
838 3329 3332 
2385 3324 3326 3327 3328 
131 562 2797 3321 3323 3325 
2210 3319 3322 
3318 
432 3316 3317 
3315 
2984 3310 3313 
1073 2587 3309 3312 
1461 2573 3306 3307 3311 
1685 2637 2680 3300 3304 
2180 3299 3302 3303 
3295 3301 
3294 3298 
1888 3292 3293 
1966 3290 3291 
3289 
3286 
106 3284 3285 
3283 
3282 
3281 
1323 2786 3273 3279 3280 
259 658 783 3270 3276 3277 
3268 3269 3272 3275 
3266 3267 
1437 3263 3265 
3262 3264 
2909 3256 3259 3260 
2107 3255 3258 
1580 3254 3257 
1377 2713 2808 3246 3253 
832 2686 3244 3248 3252 
2947 3241 3245 3251 
1188 3239 3240 
3238 
1754 3236 3237 
772 2419 3231 3234 3235 
120 3230 3233 
1587 2092 2384 3223 3224 3226 3227 
347 449 3222 3225 
3003 3213 3220 3221 
182 899 3211 3215 3218 3219 
125 180 795 3209 3210 3214 
161 346 3173 3200 3206 3207 
2698 3199 3202 3203 3204 
802 2435 3194 3195 3197 3198 
811 2169 3191 3193 
2381 3187 3190 
647 1058 3185 3189 
3183 
600 1047 3180 3181 3182 
231 276 3176 3178 3179 
3175 3177 
538 3171 3174 
1813 3169 3170 
3168 
3167 
3166 
3164 
1713 2147 3160 3161 3163 
1328 3158 3159 
932 1861 3156 
1456 3153 3154 
556 3151 3152 
3150 
3149 
3147 3148 
2877 3143 3146 
612 1821 3140 3142 
511 3138 3139 
3136 3137 
3135 
3134 
1027 3131 3132 
2735 3127 3129 
3126 
3119 3124 
3118 3122 
1314 3116 3117 
3115 
635 3113 
678 3107 3109 
3106 
2026 2390 3096 3103 3105 
1181 2098 3094 3099 3101 3102 
1042 3093 3097 3098 3100 
2715 3088 3089 3091 3092 
1502 2229 3086 3087 3090 
1916 3085 
2627 3081 3082 3083 
1826 3078 3079 3080 
1023 1458 3077 
1906 3075 
525 1092 3072 3073 3074 
1609 3067 3070 
1268 1490 2850 3065 3066 3068 
3063 
833 3060 3061 
3059 
3058 
3057 
1669 1934 2739 3046 3054 3055 
1748 2551 3044 3048 3051 
604 3043 3050 
119 227 3041 
177 1699 3037 3040 
2222 3035 3036 3039 
959 3033 3034 
2769 3031 3032 
3030 
3029 
3028 
765 1186 3024 3027 
421 3011 3017 3023 
1003 2052 2473 3012 3014 3022 
726 885 1158 1698 3008 3009 3013 3020 
293 828 3007 3010 3019 
187 329 2814 2999 3001 3004 3006 3018 
2289 2770 2997 2998 3000 
1228 2993 2995 
2901 2987 2990 2991 
1928 2985 2988 
2178 2982 
2980 2981 
2626 2976 
217 2828 2972 2973 2975 
1397 2967 2968 2969 
75 2965 2966 
2069 2962 2963 
1553 2960 
466 1907 2950 2958 
1015 1278 2949 2954 2955 
2948 2951 
1065 2838 2943 2944 
2775 2941 
1222 2940 
2790 2936 2937 2939 
2935 
2585 2932 2933 
2930 2931 
2929 
1028 2922 
1612 2920 
2005 2915 2916 2919 
951 1771 2914 2918 
2912 
401 1116 1388 2528 2906 2910 2911 
2458 2900 2904 2907 
1271 2899 2902 
946 2897 
2070 2884 2889 2892 
51 2006 2760 2878 2883 2885 2891 
1101 1670 2651 2875 2880 2882 2888 2890 
687 2872 2876 2879 
2871 
603 2867 2868 
2865 
2294 2862 2863 2864 
2462 2858 2860 2861 
2204 2856 2857 2859 
2855 
536 2853 2854 
2852 
961 2849 2851 
2848 
2846 
2844 2845 
2843 
2842 
895 1522 2836 2837 2840 
2834 2839 
2833 
2832 
2705 2830 
2829 
117 2827 
2826 
1504 2822 2823 
571 780 2817 2821 
74 2815 
631 2811 2813 
473 2809 2810 
2807 
2805 2806 
1655 2801 2804 
1345 2799 2800 
1339 2158 2791 2792 2796 
569 815 937 1629 2788 2789 2793 
586 2505 2778 2787 
1800 2777 2785 
1412 1524 2563 2771 2773 2784 
671 2416 2768 2782 
2767 2781 
2766 2779 
2446 2758 2763 2776 
1858 2756 2757 2772 
30 2312 2714 2750 2754 2761 2764 
2749 2753 
2748 2751 
1146 2746 2747 
2745 
1051 2104 2742 2744 
2741 2743 
2738 
2536 2732 
299 2731 
1703 2728 2730 
540 1020 2300 2725 2727 2729 
2167 2325 2721 2724 2726 
919 2719 2723 
1546 2716 2718 2720 
2712 
2711 
2710 
2709 
2708 
485 2703 2706 
2701 2702 
2700 
2699 
1037 2697 
2695 
1106 2693 
298 2691 2692 
2690 
2688 
754 2681 2685 2687 
478 2078 2676 2679 2684 
2161 2673 2675 
2671 2672 
2670 
2669 
2668 
1525 2666 2667 
2665 
2279 2662 
2661 
2660 
319 2657 
1948 2654 2656 
881 2649 2655 
475 1036 2645 2648 2652 
2642 2647 
2641 2644 
2340 2639 2640 
524 2636 2638 
2635 
2632 
2630 
2629 
2628 
1387 2625 
653 2619 2624 
2618 2620 2621 
2617 
2375 2614 2615 
112 965 2609 2612 
247 877 2604 2608 
2019 2601 2606 2607 
1864 2016 2597 2598 2600 
1588 2594 2596 2599 
289 2593 2595 
2591 
1500 1526 2175 2582 2589 2590 
2581 2584 
2580 
2579 
1242 2343 2571 2575 2577 2578 
1666 2567 2570 2572 
2566 
2565 
2040 2562 2564 
2163 2558 2561 
1865 2555 2557 2559 
1303 1668 2552 2554 
531 1718 2549 2550 2553 
2548 
2547 
2036 2545 
1547 2543 
2337 2538 2542 
794 1493 2354 2535 2540 
398 2532 2534 2539 
2531 2533 
2530 
1295 2522 2527 
677 732 2521 2526 
2520 
2516 2517 2518 2519 
2062 2514 
705 1286 2511 2513 
2126 2508 2510 
1163 2507 2509 
1880 2504 2506 
2503 
2502 
41 2500 2501 
2499 
2498 
2497 
1726 2495 2496 
1288 1491 2491 2492 2494 
644 2490 
1157 1709 2007 2484 2488 
361 484 1333 2481 2483 2485 2486 
750 2479 
1517 2477 2478 
2476 
2475 
2474 
2472 
1991 2468 2469 
2467 
2466 
2359 2461 2463 2464 
1153 2193 2457 2460 
864 2456 
583 2455 
1677 2452 2454 
420 2448 2453 
2447 2449 
542 1470 2442 
2441 
2440 
947 1220 2437 
2436 
2434 
2431 
2429 2430 
2428 
1605 2426 2427 
2425 
2424 
2423 
1570 2420 2422 
2418 
734 1337 1687 2409 2410 2411 2412 2414 2417 
1196 2406 2407 2413 
2405 2408 
1457 2401 2404 
2400 
2399 
2398 
2211 2393 2396 2397 
2388 2394 2395 
1439 2386 2392 
1841 2383 
1751 2378 2382 
1449 2377 2379 2380 
2021 2373 2376 
2372 
2371 
1757 2347 2368 2369 
2367 
1265 1582 2362 2363 2365 
1086 2361 
1639 1785 2357 
624 2353 
374 2350 2351 
2349 
1105 1715 2342 2348 
2288 2339 2341 
185 2335 
2334 
2333 
2063 2166 2329 2332 
831 2328 
263 2326 2327 
443 2323 2324 
2322 
2320 2321 
2319 
2318 
2317 
2315 
2314 
2313 
1062 2306 2308 2310 
2305 
967 1955 2301 2303 2304 
144 2296 2299 
2295 2297 
2292 2293 
2291 
2287 2290 
2286 
1780 2201 2282 2283 2285 
2281 
900 2277 2280 
1352 2272 2273 2275 
195 2271 2274 
1746 2268 2270 
1505 2266 2267 2269 
1499 2256 2265 
146 2254 2260 2264 
2253 2255 2257 2258 
2252 
2251 
2138 2249 2250 
2247 2248 
2246 
2245 
1177 2243 
2242 
856 1113 2237 2239 2241 
196 2236 2238 
1750 2234 2235 
2233 
265 1893 2227 2231 2232 
2226 2230 
2105 2220 2223 2224 
618 1030 2218 2219 
109 2217 
2115 2213 2215 
497 2212 2214 
2206 2209 
1326 1882 2112 2192 2196 2199 2203 2207 
748 1401 1463 2187 2189 2190 2198 
441 1297 1334 2186 2195 
199 1238 2184 2188 
923 2183 
2182 
1021 2179 2181 
232 2177 
2176 
4 1264 2170 2171 2172 2174 
1102 1561 2164 2168 2173 
914 2162 
2160 
2159 
2156 
1354 2154 2155 
2153 
254 1805 2013 2144 2148 2152 
1660 2142 2145 2146 2151 
2141 2150 
2139 2140 2149 
2136 
1200 2132 2134 
337 791 2130 2131 2133 
266 2127 2129 
1846 2121 2123 2128 
1428 2120 
1241 2117 2119 
353 2116 
870 2113 2114 
99 2110 2111 
1164 2108 
1351 2106 
796 1296 2100 2102 
616 1129 2093 2095 
950 2090 2091 
2087 2089 
2084 
1829 2075 2077 
1316 2073 2074 
696 872 2064 2068 2072 
973 2061 2065 2071 
2059 
2035 2053 2057 2058 
744 2051 2054 
2050 
2049 
1381 2047 2048 
2045 2046 
2044 
2043 
2042 
2041 
1139 2039 
1281 2029 2034 2037 
245 2028 
1341 2025 
2024 
515 2020 2023 
2017 2022 
2015 
2014 
395 2011 
2010 
860 1246 2003 2008 
40 238 2002 
2000 2001 
1999 
1997 
1993 1994 1995 
1992 
1990 
1989 
1430 1902 1982 1984 1986 
411 1981 1983 1985 
1980 
1979 
1977 
1976 
1975 
1972 
633 1969 1971 
1968 
1965 1967 
1704 1963 1964 
142 1958 1962 
261 1956 1957 1960 
1954 
1799 1952 
1950 
1949 
1403 1680 1945 1947 
1856 1942 1946 
1940 
1939 
1920 1933 1938 
632 1555 1927 1936 
928 1638 1924 1926 
1923 1925 
1922 
1917 
1413 1913 1915 
233 1910 1914 
1909 1912 
1236 1905 
1892 1899 1903 
1083 1898 
1897 
1896 
1130 1891 1895 
1887 1894 
1886 
1885 
1884 
235 1881 1883 
839 1878 1879 
1223 1873 1877 
52 190 1869 1872 
1868 1870 
1866 
1007 1859 1863 
1851 1854 1860 
636 1849 1853 
1848 1850 
1648 1843 1845 
1842 1844 
1840 
1665 1838 1839 
1837 
857 1834 1835 
1833 
580 945 1827 1828 1831 
399 1824 1825 1830 
1823 
32 1820 
279 1818 
1817 
1816 
1814 
513 1812 
1811 
1810 
1809 
1808 
1807 
1806 
1802 1803 1804 
437 1798 1801 
1797 
1795 1796 
1793 1794 
1128 1790 1792 
1789 
1786 1787 1788 
1391 1411 1776 1777 
1366 1775 
1774 
224 1675 1770 1772 1773 
855 1769 
742 1763 1767 
1762 1765 
1761 
1760 
1759 
1758 
1756 
498 1753 1755 
1752 
1514 1749 
1747 
1423 1745 
585 1743 1744 
1061 1317 1740 1742 
1134 1738 1739 1741 
1736 1737 
1735 
1734 
1733 
1477 1550 1724 1729 1731 
91 1104 1221 1723 1725 1728 
9 1721 1727 
1 447 1712 1719 
1711 1716 
570 1707 
1706 
21 1075 1701 1702 
1700 
1472 1694 1695 1696 
955 1148 1692 1693 
587 1688 1691 
134 301 1604 1683 1684 1686 
1085 1473 1674 1676 1682 
193 412 969 1671 
1667 
55 1664 
1663 
637 1658 1662 
314 1652 1654 1661 
1650 1651 
1649 
124 1645 
1644 
1643 
1642 
843 1636 1641 
1635 1637 
1634 
1633 
1632 
1630 
1628 
1626 1627 
1064 1622 1624 
403 1620 1623 
1619 
1617 
1616 
258 971 1611 1614 1615 
1610 
1608 
1606 
1419 1601 1602 1603 
77 1600 
768 1004 1029 1590 1596 
797 1335 1585 1586 1593 1594 1595 
676 1584 1589 1592 
1583 
494 1578 
363 1577 
1137 1575 1576 
1574 
1572 
1571 
1489 1569 
1568 
1567 
1566 
455 1563 
1559 1560 
1558 
1557 
1556 
837 1552 1554 
1551 
941 1545 1548 
1544 
1543 
1542 
1541 
1540 
1539 
340 1537 1538 
789 1535 1536 
1534 
1533 
788 1529 1531 
1528 
1414 1523 1527 
956 1521 
1520 
853 1518 1519 
207 1516 
565 972 1512 1513 1515 
335 1511 
664 1509 1510 
35 949 1506 
1273 1503 
1319 1497 1501 
67 1495 1496 
1492 1494 
1483 
1482 
1481 
1480 
1479 
1478 
1475 1476 
1233 1469 1474 
1467 1468 
1466 
1464 
1462 
345 1459 
1025 1454 
474 1452 
1450 
1448 
1447 
108 1444 1446 
1443 
1441 1442 
1438 
1436 
50 1433 
1432 
1431 
470 1421 1424 1426 
620 1420 1422 
1415 1418 
891 1408 1416 
762 1406 1407 
1400 1404 
1399 
1398 
1396 
1393 1395 
1390 
1389 
1385 
1384 
1380 1383 
1379 
1378 
1376 
1375 
875 1373 
668 1371 1372 
1369 1370 
1365 1367 1368 
1364 
1363 
763 1361 1362 
1357 1359 
151 1355 
598 801 1349 1350 
381 1348 
1347 
1346 
1343 
1340 
1336 
1224 1332 
1331 
1329 1330 
1325 
1324 
1321 
1320 
1318 
327 1311 1313 
1308 1310 
1307 
1304 
1302 
630 1056 1294 1299 1300 1301 
188 1292 
1290 
1287 1289 
250 1069 1283 
533 1280 1282 
1279 
1277 
1018 1237 1272 1275 
504 1270 1274 
1267 1269 
1263 
1260 
1257 1259 
1256 
1255 
1253 
775 1239 1240 1248 
684 689 1235 1243 1244 
453 1234 
1232 
1231 
1229 
613 1225 
450 1214 1218 1219 
70 1213 1216 
44 1212 1215 
223 1210 
1207 
1206 
926 1202 1205 
555 921 1199 1204 
1198 1203 
1197 1201 
1194 
115 1190 1192 
5 1187 1189 
554 1184 1185 
241 1180 1183 
1178 1179 
1176 
1066 1174 1175 
1172 
1171 
1170 
1168 
218 1166 
759 1161 1162 1165 
1160 
271 1151 1152 1154 1159 
1150 
434 1145 
1144 
343 1141 1143 
1136 1140 1142 
1135 
594 1132 
133 1131 
1125 
1123 
1121 
1119 1120 
1118 
364 1115 1117 
1114 
73 1111 
174 1108 
1107 
59 1100 
1099 
1098 
1097 
1094 
981 1090 1091 
1088 
76 159 1079 1082 
1077 
1076 
1074 
988 1072 
1071 
1067 1070 
1063 
816 1060 
100 1053 1054 1057 
1052 1055 
1050 
1049 
1046 1048 
1045 
1044 
1043 
1041 
1035 1038 
1031 1033 
878 1026 1032 
228 976 1024 
1022 
1019 
1016 
1014 
1013 
1011 
847 1008 1010 
1006 
1005 
1002 
1001 
1000 
998 
995 
994 
993 
992 
991 
417 805 985 987 
984 
982 
980 
979 
978 
974 
211 966 970 
143 781 963 
958 
952 
610 948 
166 944 
940 942 
137 933 936 
931 
152 731 922 924 929 930 
19 917 925 
916 
575 912 
909 911 
908 
906 
905 
903 
901 902 
897 898 
896 
894 
893 
890 892 
888 889 
886 
884 
883 
607 880 882 
739 840 874 879 
501 873 
861 868 871 
351 867 
866 
865 
863 
197 859 
854 
145 849 851 
845 
842 844 
508 836 
835 
834 
460 829 
686 826 
464 824 
823 
212 820 
819 
818 
785 813 817 
812 
810 
808 
807 
806 
803 
800 
798 
530 793 
790 
25 786 
784 
782 
779 
774 776 
733 767 769 
216 764 
760 
758 
757 
63 752 753 
751 
749 
564 745 
741 
738 
506 735 737 
727 736 
725 
724 
34 721 
720 
719 
718 
717 
716 
715 
714 
713 
709 712 
591 704 707 
253 701 
700 
699 
694 695 697 
45 691 693 
690 
688 
307 683 
682 
681 
679 
674 675 
673 
672 
204 669 670 
139 396 666 667 
665 
659 
652 657 
651 
650 
648 
129 378 645 646 
643 
639 640 642 
638 641 
472 629 
225 409 625 627 628 
623 
622 
621 
619 
615 617 
614 
611 
609 
255 606 
98 602 
599 
597 
596 
584 592 
582 
581 
451 576 577 578 
107 574 
572 
6 566 568 
563 
561 
560 
559 
558 
388 553 
552 
551 
549 550 
548 
546 
545 
544 
543 
135 535 541 
85 534 
532 
526 527 
523 
521 
519 520 
518 
514 
101 397 507 512 
503 505 
499 
496 
495 
492 
491 
490 
489 
487 
483 
481 
480 
479 
477 
330 468 471 
465 
439 463 
462 
461 
457 
456 
454 
2 452 
445 
442 
440 
46 435 436 
433 
431 
427 
426 
425 
422 424 
419 
418 
415 
414 
413 
410 
408 
407 
406 
105 404 405 
226 394 402 
393 400 
392 
390 
387 
386 
383 
382 
71 377 
376 
375 
373 
372 
370 
369 
367 
366 
339 362 
358 
357 
356 
350 
344 349 
341 
338 
336 
334 
333 
315 326 
325 
324 
323 
322 
320 
317 318 
316 
313 
312 
311 
310 
306 
305 
302 303 304 
300 
297 
296 
294 
292 
291 
287 288 
286 
282 
246 275 277 278 
274 
273 
272 
103 264 269 
260 
252 
251 
249 
242 
237 239 
236 
234 
230 
229 
222 
220 
219 
215 
214 
209 213 
208 
205 
202 
201 
191 192 
189 
186 
183 
181 
178 
176 
169 175 
168 
167 
165 
164 
162 
160 
157 
156 
155 
153 
150 
149 
147 
140 
136 
132 
128 130 
127 
126 
17 121 
113 
111 
110 
104 
102 
95 
93 94 
92 
89 
88 
84 
82 
81 
80 
72 
66 
61 
58 
57 
56 
49 
47 
43 
42 
37 
36 
33 
31 
27 
26 
23 
18 
16 
15 
14 
13 
12 
11 
10 
7 
3 
