200000 500
114475 199092
165762 156114
151829 145359
20874 154053
108095 147970
124803 91699
39517 90177
196090 7867
156799 128103
62709 114242
74270 58040
199706 8593
143045 126237
153558 194583
175789 169467
15071 137988
32299 63008
167236 65254
138530 148822
18786 187781
1892 153605
104884 50888
144780 97045
64670 55251
8191 66061
127499 132934
100170 61353
119511 132610
4081 194156
4295 138748
147081 199195
86357 183860
101634 89633
115745 169089
88734 177723
68780 42289
160113 159468
35167 121565
169613 49021
86931 76606
173750 164711
133298 57932
107868 63221
9745 40963
121412 63704
126160 152854
115752 3566
29328 132194
136440 176585
66585 178088
22260 59485
649 144387
91562 79789
97025 174696
151462 138546
120703 104951
183159 25812
74565 191354
58905 107124
162637 186397
139827 109026
53710 55483
28479 187528
110593 21744
131683 162495
169174 142641
168028 18600
18633 15645
22902 145866
4867 8032
95977 164142
106229 192208
7207 112954
36059 140899
118511 22860
15391 76219
175038 62551
97078 91414
89405 168358
116485 92640
45921 45246
87504 135049
158352 83063
40711 147396
130384 52262
75332 180440
87977 62216
59781 146279
56149 74133
138722 117629
113617 144396
131721 100831
156067 100535
61301 178016
162666 48384
22865 133196
169342 2452
58009 163097
117197 12765
102582 168370
165288 197546
117648 53397
180539 48488
88606 135790
126297 144659
85421 167399
75263 137469
181719 182818
129574 185468
129627 147568
177206 88189
157825 9912
167148 107886
145198 3390
78558 94067
165757 47124
147933 86821
166586 110373
158740 76321
78902 166821
102123 174886
53178 89740
182231 135510
112622 190661
124939 186742
51762 50014
58771 53696
83644 162374
107759 98652
66317 115136
55596 140022
6063 158587
66526 199822
131594 112420
133129 175321
183921 147911
117287 158420
149143 17577
195641 18023
69275 169203
114764 56240
107032 15378
166159 6732
49845 75463
88165 197476
191674 162382
9444 35184
79180 46068
94243 93305
149432 108673
127859 83787
162598 196909
154009 147057
2928 10115
149411 124210
37457 52005
164818 158158
113550 161489
135412 90079
166532 1172
123196 162024
146935 6062
129617 106366
74641 107760
104375 100523
63289 187864
176168 52847
83726 70302
70118 9699
142170 94239
130146 145886
175205 113542
130766 125703
43120 184342
21940 48737
156902 123960
80813 4865
199528 66512
34234 184548
133038 109779
118132 30730
56769 77381
120898 117812
165240 157569
68731 66941
127047 68361
28031 84062
164568 22908
86964 174398
165294 158226
4341 194341
89350 85697
109930 157129
129569 101323
28048 60450
133229 9035
135427 187987
31861 46197
146290 153258
156422 170616
22407 92488
47355 152994
136119 31605
31954 175510
40334 114174
14693 123700
26419 55771
27863 135590
189744 180823
33116 179857
43236 82951
181834 169577
106581 154370
18239 183260
141853 23815
198134 19864
74151 65405
45349 23639
21667 44588
67200 159999
140740 7803
147417 153070
185175 52392
49008 30399
119816 156162
97790 6061
178678 158504
83295 62684
139 88414
109374 947
38065 122303
98010 118864
33661 127526
45931 71260
165369 116502
58703 100601
91877 94002
131805 111081
177153 168787
81510 92464
5990 144497
180225 109159
102661 3973
196145 2905
103669 122467
194066 11167
194417 111247
8028 9830
52553 122227
188171 21008
154041 107452
181134 79681
42282 8662
129310 40657
115559 67100
154657 84340
71064 31158
75420 135920
104281 79134
141040 102746
80333 135841
80746 92882
138351 64053
129768 127673
14201 137872
109515 113066
2805 186030
42830 11770
156766 162063
182484 99193
29716 169672
57 106697
185572 132444
189955 172424
83659 57869
83037 156128
32967 99809
88141 60451
44962 81238
185815 61629
75324 16919
90262 61722
149627 110732
142536 81466
41203 7251
52308 101077
187282 59646
89113 96178
38310 60102
61166 193218
138295 86227
137969 127556
65021 130061
106655 177565
170725 199727
16256 4329
47854 76495
153273 154917
199160 148739
179479 180589
197365 164763
152498 12591
18142 132096
23179 82571
124772 144022
27601 154242
135557 186908
157606 141259
83252 137493
138509 192993
8974 20575
61040 140172
100358 48330
117244 9560
132227 116255
199200 195062
74195 51917
33682 74928
102388 141910
52707 185401
96139 185480
96632 155481
143457 97010
51816 150122
179045 47883
106639 99968
140464 53865
146111 64103
198112 27804
41141 61580
120040 37491
55825 133300
125593 39423
11506 122472
47322 80660
128276 155203
10717 161877
169861 41218
164102 62064
120015 31654
148155 117087
190133 190889
103500 27451
194907 185817
28514 39913
40727 147772
24697 338
118931 122853
179603 182923
141011 97040
150956 4263
122892 93247
70567 82526
134807 44466
83814 6897
33289 24219
87302 10323
125745 32144
75054 56522
148327 88937
58692 181475
164757 102276
52699 162942
18806 31718
602 28902
154994 199397
25467 145895
110100 104304
194740 27674
21512 7872
69709 104752
168021 49033
99932 151407
153406 46636
127089 173306
152754 35818
3518 187563
67553 149598
152062 117859
86879 143126
72812 87259
192743 92321
8140 191839
153216 186602
28046 58076
9156 49503
111568 44345
181593 84961
110028 6036
73454 58010
184489 60802
148955 144227
58287 92453
55116 142013
45355 65701
77183 91414
193364 21719
2539 9748
41670 69876
37388 147160
179954 18285
26752 29834
73955 87986
50186 52359
75352 171048
109346 53101
35632 101523
15803 172974
7955 67988
193526 16238
173711 45617
178445 119775
95460 21917
13451 151307
197870 161774
183892 80417
8712 148069
68008 188249
73731 132386
159383 187386
182100 140657
36844 168613
101812 162698
109200 37341
151687 144334
124024 94425
97401 139910
150672 32397
179949 15148
17346 176255
71036 166506
185664 57981
38042 172697
177878 80509
74956 27875
171760 163411
127022 111496
155992 21524
46118 59750
23749 76934
167044 53154
94044 65231
142340 156674
63409 132988
155996 128087
177059 122646
38304 165064
49515 122296
125652 189814
174365 120026
188351 159463
41328 70720
136176 66282
121005 73901
67263 154466
97004 161660
48566 120447
178075 152288
50123 61481
164584 39642
109952 174327
163056 10113
160179 3750
140992 171385
72851 99762
86045 98639
35371 157137
25672 110967
161959 179692
2612 90614
91235 152228
67206 86027
155235 111060
177772 44753
138221 184
162869 747
15866 89355
164516 7545
30366 181371
13709 1965
23564 18535
181473 45428
112921 44677
66898 150164
190890 151267
34015 150198
13618 83938
183011 55979
23081 146394
177253 101591
33157 58851
131010 6895
15934 105026
39236 90443
62750 28062
69296 109145
63134 122410
198087 105674
61906 147351
24537 192180
