200000 500
93246 191624
196397 91407
141501 52558
189401 11516
52213 21950
140278 39508
152499 189549
182467 170430
13125 76830
26713 59721
169230 22385
122530 122499
130845 79385
155766 33820
156711 178437
99286 61771
179133 63465
172184 90882
90040 84824
149268 59207
70647 161125
61444 138964
10285 140564
149858 132763
68463 107713
101720 45845
72300 161645
112752 53535
102159 81758
45287 97706
53287 14383
126829 3934
145320 139587
85719 54620
193984 35191
20527 147907
11469 123556
112226 30456
73123 124120
170728 160573
87955 92560
184215 178680
153247 7165
159334 173163
182222 84186
60576 71261
36270 65864
126918 84919
63528 112694
157358 33136
1444 35787
12397 83007
168983 71427
44089 74668
11547 129060
143812 25325
159540 161046
84299 13538
170655 67859
8311 125200
128595 39615
197721 136867
65575 80265
160777 191810
140287 8831
98842 154601
23754 102461
56780 91059
137892 21025
99643 199857
17861 116225
90756 133557
51530 167579
66592 170615
26165 39368
110375 72081
23851 107235
19111 46217
63752 188054
133245 125533
173816 71249
115662 79131
106943 179663
20660 157075
132108 129568
454 21620
12529 127318
165412 122368
161452 38808
112559 64618
53757 188115
188128 158377
33467 50983
58803 828
63432 138469
88579 150316
129223 53079
30615 9615
136753 10529
122376 105805
60665 33442
85032 108050
63368 103441
57219 81412
119192 57394
184020 95116
185432 6920
174752 164064
45266 192997
188729 164901
159611 1442
46836 185775
87131 88774
101178 138552
173827 132276
31632 82285
19152 109796
33745 68649
190062 71493
43871 97924
45420 174520
161504 163345
119655 26701
84477 48530
114316 119983
26638 194860
41089 53540
158177 137134
20182 91733
29910 4366
48797 131124
65597 188270
111920 128593
174372 1127
29859 112231
131102 181417
65134 42008
68478 142169
39064 198196
11934 10855
57122 16155
178830 144340
163358 115700
24984 61889
19977 164562
7050 105138
187020 153512
156467 89902
36899 21566
89415 103354
148392 127847
161990 127972
189852 177039
146057 84330
189312 193847
48270 184506
15587 127641
84953 4329
172221 9753
73435 141907
20460 161246
131898 178594
60073 107514
54388 116732
72216 120644
149913 134373
91501 83613
122990 137141
20871 1622
149938 129608
149908 94136
91777 193292
88285 161668
146212 74899
138883 21025
73424 31792
171043 155045
33782 95605
141875 175223
19845 4756
38641 34575
131152 116247
52565 42127
63319 165616
182719 55287
116053 40605
887 144363
6905 74782
81111 53570
170845 141365
43091 106338
126800 52148
96591 14989
192141 142129
152731 184972
28478 122934
189277 80720
33351 171905
155123 93328
114798 74013
191413 147267
33243 113177
53153 3392
11124 157308
35583 199653
43786 34853
100401 141518
67889 49029
31545 151342
49412 25867
18701 34811
45669 75301
108287 24380
88565 60890
61846 97604
102458 195520
136622 78746
61532 152038
36204 177706
91551 89553
6531 109971
57393 195427
197892 90486
43206 99127
141838 132177
91330 85455
9319 44495
70511 100440
138428 163776
62010 93457
102478 60892
110770 160993
183720 31146
63767 96508
59097 56521
106903 54752
139102 113475
74846 164941
19367 34868
85876 30256
98704 139874
189325 64864
46286 110629
134375 57582
192149 139167
35438 25051
174684 58324
113338 59303
197500 21194
142407 140493
192363 28837
13017 195467
196349 168131
136973 84481
95483 167255
83534 9724
109431 105453
93822 171998
51338 145678
32581 45350
168559 118221
134212 150921
85024 25183
19221 156756
43239 93470
125334 35703
97698 181517
62489 147643
26913 104888
69007 81900
34638 140871
56989 13833
172849 81009
57735 172478
168131 97873
103158 7724
19848 135016
48859 50222
142538 160826
166309 19311
156356 167491
44093 135042
95455 189454
63912 124764
96027 187353
154866 97964
108986 77360
82943 97286
171716 95192
16218 139916
133105 99275
157961 110002
19880 10363
79319 175740
116623 9955
121008 21023
196656 183549
176271 73691
1292 186
155714 114935
191093 58815
187016 173458
191701 43145
36436 128923
64806 184810
93359 11996
51835 21389
40739 104742
44763 173134
121923 137018
60953 126077
36950 146918
42947 26574
14563 131422
42880 75911
61931 185789
194202 10277
32541 84513
3178 119780
15578 73559
167883 62859
17125 180611
168885 185153
179443 141946
167413 149600
110337 55276
14942 12597
97019 95148
122194 102988
181799 149346
52331 133907
167447 85381
161967 139850
46739 157437
107754 57383
80135 90904
112202 94455
165193 49283
110765 11793
74056 151837
169863 20
28638 41032
91872 77041
87999 150041
73926 83120
51812 2232
63175 29840
143779 118180
126606 52867
186967 194336
820 14263
109730 127836
130653 181310
7898 113677
147514 88699
177969 17373
32951 133578
42534 110449
81783 70480
153170 193597
39665 166033
129573 117444
74274 142860
164726 71373
115691 99814
174008 1523
121394 107424
78814 183549
170610 189544
25223 111327
43727 141677
80800 13739
190732 107748
75477 6629
167000 101123
106542 148787
136907 57099
148915 8290
22028 180117
165921 114933
23795 127600
95809 57301
65949 42361
196711 621
124121 135059
43672 25403
28178 3886
70620 47908
21995 55046
161559 103206
67048 117536
116290 74061
119578 121731
145886 112317
33774 34899
54809 114632
32819 160363
198843 85438
10267 50610
124953 61018
85393 115577
118364 117090
65087 71227
59023 70849
78723 63306
42228 158151
58108 18524
70480 146941
123808 2738
199124 43109
38524 120799
21011 40071
1006 62641
22822 46766
1737 112526
4916 11154
35589 139212
56355 150399
74785 34227
133258 92191
127203 199906
67046 44763
2144 192319
59741 4767
87048 33482
56560 193050
191292 69201
160432 1375
129042 195546
197465 109091
119757 132432
12907 142408
115925 197263
32815 188828
136655 160476
57066 50840
95240 191230
170636 158405
92074 29291
191735 121595
185287 120139
23336 86659
110288 141980
31289 174504
137827 127698
89303 55858
134743 47811
7947 185183
177230 57607
7506 163312
98443 177111
79345 162101
92758 12135
26961 152914
68102 199611
52295 190190
107275 83467
159608 199623
73380 42260
100567 163568
18206 72907
169611 93854
34178 77892
65034 175597
36423 117258
3044 161597
110132 196369
146842 2092
53869 32499
76784 49105
177933 178506
182149 82018
164645 111943
101005 148899
21519 126400
36174 1077
85085 32670
67462 91124
70627 79874
141197 179817
183569 193553
32703 34351
55522 164718
102756 151372
98826 14711
106174 132754
52125 3560
71892 147460
192693 153121
102875 41950
27845 96738
158881 114373
52715 108238
3981 60342
153045 32014
183724 6469
185629 9093
160300 23142
148213 30093
152170 112376
