200000 500
99951 100051
99951 100051
99948 100048
99952 100052
99948 100048
99949 100049
99952 100052
99948 100048
99949 100049
99948 100048
99949 100049
99951 100051
99951 100051
99951 100051
99950 100050
99949 100049
99952 100052
99949 100049
99948 100048
99948 100048
99949 100049
99949 100049
99949 100049
99951 100051
99948 100048
99949 100049
99948 100048
99952 100052
99951 100051
99950 100050
99949 100049
99948 100048
99949 100049
99949 100049
99950 100050
99949 100049
99948 100048
99952 100052
99952 100052
99952 100052
99950 100050
99952 100052
99949 100049
99951 100051
99951 100051
99949 100049
99952 100052
99951 100051
99951 100051
99950 100050
99949 100049
99950 100050
99949 100049
99949 100049
99949 100049
99948 100048
99950 100050
99952 100052
99948 100048
99952 100052
99952 100052
99949 100049
99948 100048
99950 100050
99948 100048
99951 100051
99949 100049
99949 100049
99949 100049
99948 100048
99952 100052
99949 100049
99951 100051
47962 57962
99948 100048
99952 100052
99948 100048
99952 100052
99951 100051
99948 100048
99950 100050
99951 100051
99951 100051
99951 100051
99949 100049
99951 100051
99949 100049
99952 100052
99949 100049
99950 100050
99951 100051
99949 100049
99951 100051
99950 100050
99952 100052
99948 100048
99951 100051
99949 100049
99949 100049
99952 100052
99952 100052
99951 100051
99948 100048
99948 100048
99948 100048
99950 100050
99948 100048
99948 100048
99950 100050
99952 100052
99948 100048
99949 100049
99949 100049
99948 100048
99950 100050
99952 100052
99948 100048
99951 100051
99948 100048
99950 100050
99952 100052
99949 100049
99948 100048
99949 100049
99951 100051
99948 100048
99948 100048
99950 100050
99952 100052
99950 100050
99951 100051
99951 100051
99949 100049
99949 100049
99951 100051
99949 100049
99950 100050
99951 100051
99952 100052
99949 100049
99952 100052
99951 100051
99950 100050
99951 100051
99948 100048
99948 100048
99952 100052
99952 100052
99951 100051
99951 100051
99951 100051
99950 100050
99950 100050
99952 100052
99952 100052
99949 100049
99948 100048
99950 100050
99948 100048
99948 100048
99951 100051
99949 100049
99951 100051
99949 100049
99952 100052
99950 100050
99951 100051
99949 100049
99952 100052
99948 100048
99950 100050
99951 100051
99952 100052
99948 100048
99951 100051
99952 100052
99950 100050
99949 100049
99948 100048
99951 100051
99948 100048
99952 100052
99952 100052
99952 100052
99950 100050
99951 100051
99951 100051
99948 100048
99948 100048
99950 100050
99949 100049
99952 100052
99950 100050
99950 100050
99950 100050
99948 100048
99948 100048
99948 100048
99952 100052
99950 100050
99950 100050
99949 100049
99948 100048
99952 100052
99949 100049
99950 100050
99948 100048
99948 100048
99948 100048
99950 100050
99948 100048
99952 100052
99952 100052
99949 100049
99951 100051
99951 100051
99948 100048
99948 100048
99950 100050
99952 100052
99948 100048
99952 100052
99950 100050
99950 100050
99952 100052
99952 100052
99949 100049
99950 100050
99951 100051
99948 100048
99950 100050
99951 100051
154162 164162
99950 100050
99948 100048
99952 100052
99952 100052
99949 100049
99951 100051
99950 100050
99949 100049
99951 100051
99948 100048
99952 100052
99951 100051
99948 100048
99950 100050
99952 100052
99949 100049
99952 100052
99951 100051
99952 100052
99948 100048
99951 100051
99952 100052
99950 100050
99948 100048
99952 100052
99948 100048
99951 100051
99951 100051
99952 100052
99949 100049
99951 100051
99948 100048
99949 100049
99952 100052
99951 100051
99951 100051
99952 100052
99950 100050
99951 100051
99950 100050
99949 100049
99948 100048
99949 100049
99952 100052
99951 100051
99951 100051
99952 100052
99950 100050
99950 100050
99951 100051
99952 100052
99948 100048
99952 100052
99949 100049
99950 100050
99951 100051
99951 100051
99951 100051
99952 100052
99948 100048
99952 100052
99952 100052
99951 100051
99951 100051
99952 100052
99948 100048
99949 100049
99948 100048
99952 100052
99948 100048
99949 100049
99951 100051
99950 100050
99949 100049
99951 100051
99950 100050
99949 100049
99952 100052
99950 100050
99948 100048
99948 100048
99948 100048
99951 100051
99948 100048
99950 100050
99950 100050
99952 100052
99951 100051
99952 100052
99948 100048
99951 100051
99951 100051
99952 100052
99951 100051
99951 100051
99951 100051
99948 100048
99951 100051
99950 100050
99950 100050
99952 100052
99948 100048
99952 100052
99951 100051
99951 100051
99949 100049
99951 100051
99949 100049
99950 100050
99949 100049
99952 100052
99950 100050
99948 100048
99948 100048
99951 100051
99949 100049
99952 100052
99950 100050
99950 100050
99952 100052
99950 100050
99951 100051
99951 100051
99949 100049
99949 100049
99949 100049
99948 100048
99951 100051
99950 100050
99949 100049
99948 100048
99949 100049
99952 100052
99951 100051
99949 100049
99951 100051
99952 100052
99950 100050
7256 17256
99948 100048
99950 100050
99951 100051
99952 100052
99951 100051
99951 100051
99949 100049
99949 100049
164021 174021
99948 100048
99952 100052
99949 100049
99950 100050
99949 100049
99951 100051
99951 100051
99952 100052
99952 100052
99949 100049
99950 100050
99951 100051
99948 100048
99950 100050
99952 100052
99948 100048
99950 100050
99949 100049
99948 100048
99948 100048
99950 100050
99950 100050
99949 100049
99949 100049
99950 100050
99952 100052
99950 100050
99950 100050
99948 100048
99951 100051
99948 100048
99950 100050
99950 100050
99951 100051
99950 100050
99948 100048
99952 100052
99949 100049
99948 100048
99951 100051
99949 100049
99950 100050
99952 100052
99951 100051
99949 100049
99951 100051
99949 100049
99950 100050
99952 100052
99949 100049
99949 100049
99949 100049
99948 100048
99950 100050
99950 100050
99948 100048
99952 100052
99948 100048
99952 100052
99951 100051
99950 100050
99948 100048
99952 100052
99949 100049
99952 100052
99948 100048
99948 100048
99951 100051
99952 100052
99951 100051
99952 100052
99952 100052
99952 100052
99950 100050
99951 100051
99951 100051
99948 100048
99952 100052
99951 100051
99950 100050
99951 100051
99952 100052
99950 100050
99951 100051
99952 100052
99952 100052
99951 100051
99949 100049
99948 100048
99952 100052
99950 100050
99950 100050
99949 100049
99952 100052
99951 100051
99952 100052
99949 100049
99950 100050
99952 100052
99950 100050
99948 100048
99951 100051
99949 100049
99950 100050
99949 100049
99952 100052
99949 100049
99952 100052
99952 100052
99948 100048
99951 100051
84500 94500
99949 100049
99949 100049
99951 100051
99948 100048
99949 100049
99952 100052
99948 100048
