200000 500
248 249
406 407
205 206
490 491
52 53
16 17
73 74
467 468
108 109
262 263
162 163
492 493
332 333
154 155
36 37
386 387
413 414
134 135
428 429
491 492
407 408
82 83
234 235
94 95
67 68
319 320
385 386
176 177
135 136
200 201
488 489
287 288
221 222
251 252
23 24
316 317
96 97
310 311
470 471
350 351
471 472
163 164
252 253
111 112
121 122
213 214
15 16
353 354
373 374
270 271
222 223
83 84
2 3
199 200
440 441
10 11
7 8
263 264
137 138
378 379
323 324
80 81
11 12
138 139
427 428
340 341
500 501
5 6
185 186
432 433
258 259
188 189
144 145
27 28
63 64
39 40
267 268
465 466
416 417
325 326
116 117
115 116
29 30
343 344
81 82
415 416
457 458
224 225
201 202
61 62
414 415
391 392
142 143
123 124
451 452
349 350
376 377
242 243
170 171
41 42
241 242
227 228
192 193
377 378
387 388
357 358
59 60
369 370
459 460
177 178
198 199
366 367
239 240
424 425
336 337
305 306
423 424
97 98
143 144
20 21
412 413
296 297
254 255
71 72
422 423
146 147
207 208
191 192
293 294
425 426
354 355
164 165
444 445
65 66
45 46
220 221
159 160
31 32
42 43
347 348
69 70
171 172
30 31
441 442
129 130
125 126
77 78
24 25
397 398
136 137
246 247
448 449
226 227
282 283
483 484
469 470
431 432
421 422
445 446
454 455
58 59
145 146
208 209
494 495
127 128
38 39
12 13
360 361
330 331
476 477
40 41
107 108
109 110
62 63
237 238
229 230
183 184
218 219
68 69
1 2
120 121
244 245
148 149
326 327
289 290
152 153
359 360
247 248
379 380
474 475
87 88
309 310
383 384
149 150
455 456
484 485
303 304
275 276
447 448
463 464
35 36
458 459
216 217
298 299
203 204
294 295
404 405
462 463
33 34
28 29
18 19
75 76
429 430
22 23
130 131
72 73
426 427
278 279
235 236
295 296
493 494
238 239
119 120
313 314
264 265
315 316
437 438
103 104
51 52
197 198
101 102
281 282
175 176
417 418
3 4
288 289
382 383
337 338
139 140
168 169
211 212
499 500
453 454
456 457
167 168
481 482
443 444
231 232
9 10
112 113
131 132
250 251
274 275
364 365
204 205
399 400
84 85
394 395
341 342
210 211
398 399
217 218
461 462
361 362
126 127
479 480
209 210
487 488
132 133
34 35
57 58
118 119
430 431
194 195
368 369
95 96
174 175
114 115
468 469
141 142
396 397
232 233
74 75
312 313
256 257
259 260
172 173
409 410
333 334
245 246
307 308
498 499
475 476
389 390
166 167
90 91
321 322
180 181
346 347
76 77
405 406
158 159
352 353
374 375
195 196
283 284
279 280
446 447
110 111
380 381
402 403
165 166
331 332
55 56
89 90
156 157
122 123
150 151
482 483
102 103
420 421
182 183
273 274
193 194
301 302
133 134
6 7
54 55
79 80
99 100
292 293
439 440
356 357
196 197
147 148
280 281
345 346
181 182
86 87
390 391
495 496
435 436
485 486
98 99
113 114
355 356
472 473
43 44
48 49
202 203
19 20
392 393
418 419
449 450
381 382
249 250
314 315
70 71
88 89
257 258
290 291
284 285
322 323
302 303
206 207
411 412
436 437
434 435
338 339
286 287
473 474
401 402
265 266
223 224
160 161
318 319
335 336
371 372
395 396
299 300
189 190
37 38
178 179
269 270
464 465
105 106
260 261
388 389
358 359
161 162
370 371
17 18
362 363
85 86
104 105
384 385
186 187
117 118
291 292
230 231
375 376
44 45
91 92
214 215
14 15
53 54
460 461
277 278
240 241
106 107
32 33
351 352
466 467
365 366
268 269
348 349
308 309
363 364
452 453
297 298
140 141
66 67
100 101
327 328
334 335
372 373
128 129
442 443
228 229
272 273
285 286
266 267
64 65
124 125
496 497
393 394
408 409
304 305
50 51
60 61
157 158
155 156
225 226
438 439
4 5
215 216
320 321
403 404
26 27
300 301
47 48
486 487
187 188
233 234
219 220
450 451
236 237
410 411
151 152
93 94
342 343
173 174
92 93
25 26
271 272
169 170
21 22
276 277
243 244
367 368
489 490
311 312
179 180
46 47
400 401
306 307
253 254
190 191
8 9
212 213
478 479
329 330
13 14
153 154
255 256
497 498
477 478
433 434
344 345
317 318
261 262
339 340
328 329
419 420
78 79
49 50
480 481
184 185
56 57
324 325
