2000 2000 2000
263 1292 1875 434 751 1389 722 361 1540 1909 1038 1612 879 150 508 1512 162 1280 1409 920 1209 1664 215 1227 509 993 1139 1259 732 1615 1988 1179 1642 343 118 648 1231 75 894 262 1436 50 502 1491 1291 1821 1355 1971 1571 383 440 1695 893 477 590 1560 874 434 1927 57 333 387 1696 173 1215 367 1700 471 197 325 1016 1059 1496 1409 954 314 1788 1802 1496 1391 1526 1416 1511 135 1299 1432 451 1917 1874 1619 1717 1003 1725 1445 1171 1668 836 334 1685 598 1910 14 1188 121 646 1248 209 874 1379 1738 209 466 896 475 1730 1518 1269 1979 600 202 1435 979 1361 1068 1392 462 1011 823 1752 18 1677 1579 165 1755 1634 1247 515 293 1114 1100 1297 441 1991 1740 327 1227 1715 614 676 1512 620 249 1875 359 247 1419 588 1651 1358 1364 600 882 606 440 394 334 879 1841 275 520 1233 989 1171 1955 1504 1874 528 19 1850 1292 57 1904 1964 1017 1660 376 759 1733 1841 601 1368 912 573 848 258 1997 1554 1101 1740 1962 1644 173 772 1089 799 1205 910 569 879 1902 93 1809 585 1245 336 229 197 885 1950 1099 165 608 1438 832 1559 730 1693 1559 996 835 1238 889 365 735 1826 1362 1105 1952 103 869 1961 1389 419 960 516 837 1576 1804 1888 705 313 1382 903 461 587 1594 1223 1755 1527 633 1491 489 138 1676 1779 1987 1106 817 1033 186 180 1765 339 1676 545 511 524 1602 180 1510 966 1364 274 1579 923 1461 1269 1080 1786 477 1761 361 1410 1940 1469 125 777 285 697 1172 1422 497 45 1016 691 1501 1247 333 1146 1429 1097 181 697 1005 487 1508 377 1822 1918 1576 358 1457 449 1498 1913 1995 1634 1948 1079 331 823 814 1732 85 1783 408 1904 249 369 801 1331 630 209 1866 1837 1984 1518 1411 1443 461 1198 738 260 247 1878 1227 1646 1464 92 579 209 1489 164 471 1887 1123 1212 235 960 1649 1863 217 1357 1996 359 799 400 162 1511 283 674 1448 1428 118 1688 427 825 1350 854 593 1638 1202 197 1003 511 100 1527 1303 562 1200 89 103 1734 408 1223 130 1287 1388 1342 308 1306 1411 768 103 590 1934 1979 1842 518 687 985 1171 1561 928 629 236 1837 896 960 1753 408 187 76 1623 1984 1552 1421 1236 1917 1146 316 92 84 1806 1093 1122 135 1527 1878 136 1024 705 700 1102 180 1376 576 954 1991 1668 730 349 1199 1552 60 1264 602 1897 1465 972 1542 1382 70 483 348 13 1549 1786 1653 1874 1590 1496 1134 1185 804 526 1457 1083 1093 483 1856 1410 1926 1280 1792 928 1634 598 1478 100 1182 1619 606 991 213 1531 206 1275 1202 1749 848 400 309 1442 799 638 1145 1299 176 361 1667 759 133 1137 646 1848 1114 882 79 570 1185 797 1038 1897 1425 1564 1866 1207 896 1031 1420 678 1634 844 1202 1275 615 1729 283 148 1506 921 1949 292 1261 1465 819 1527 674 416 228 1011 348 92 1190 1633 1191 586 825 1744 1640 1540 819 1251 1443 935 550 357 803 1025 1619 234 910 884 597 1932 871 674 1248 1537 549 892 733 1102 1533 600 1889 1106 68 1428 925 294 638 1099 1134 879 912 225 1907 556 654 722 662 1903 339 1471 1237 1091 89 1527 805 1389 761 643 751 223 1387 181 1299 1172 113 121 1646 150 1005 1792 468 1275 622 480 135 1751 509 1774 965 150 509 880 404 1423 1316 893 511 1008 451 864 1885 979 1082 1498 1607 1363 1825 1361 897 61 382 1692 1661 1959 1021 84 1032 439 342 646 1816 293 53 1425 641 1423 933 644 952 1431 910 1874 1585 1815 1801 1473 771 611 1388 182 912 1057 1063 910 1196 1550 1572 1121 1238 1218 185 159 546 1683 1005 470 928 218 1552 392 1917 1003 214 1588 882 579 341 1876 215 528 1022 956 512 688 9 1779 982 916 721 1932 1848 398 163 1705 350 1739 550 1966 1437 1003 42 832 770 1409 187 334 1419 1352 601 1590 212 668 750 1991 1991 821 633 407 38 1152 1601 1610 428 1367 1871 1897 1002 1148 84 1367 19 520 1822 1653 1397 225 1387 45 79 396 974 583 408 670 1801 225 687 1135 411 1013 1073 290 1025 1126 128 387 439 674 1095 263 1950 1410 309 1755 769 926 1820 84 443 633 1718 569 1296 1441 1377 249 990 1706 23 657 1559 1885 1146 1634 1598 960 226 1904 516 641 1135 1782 1882 1528 1663 375 1268 600 1804 884 364 459 293 1978 443 1308 1895 814 1681 1123 242 715 1429 1702 793 549 1804 1784 735 1503 425 691 1747 1784 1025 1597 1292 1917 1249 687 1502 1707 1966 1902 1178 1179 1324 990 461 204 1477 1732 1868 1052 553 1432 1522 181 1363 439 1991 1148 1224 1366 710 1597 182 1716 1208 518 224 1071 703 1540 1952 1350 272 1850 1510 1472 1535 827 1421 1643 1438 595 1889 1508 1803 1826 894 1640 1489 1504 1106 76 958 1036 1003 871 754 210 194 1973 189 169 217 12 584 637 1084 600 143 1282 1 1747 1364 874 480 697 1448 1025 443 848 601 674 162 223 1091 1261 1952 1527 1754 476 337 1726 793 686 120 868 920 1641 1112 234 17 480 169 640 1724 50 1888 1590 959 848 1218 49 1095 303 1644 1634 1436 1683 14 1783 1291 1457 1410 1070 1991 358 1350 1134 1953 1803 1100 1432 1178 849 1098 1904 1112 6 1644 1100 164 164 1245 1681 1408 1522 1797 465 1583 135 510 1302 1044 1131 466 1522 1405 1821 673 1886 1447 1385 1348 1485 1206 329 294 771 719 797 1121 542 17 299 1540 1737 511 997 359 120 729 181 688 774 197 1363 1427 1604 1634 1703 1066 1566 1079 518 653 736 1950 1440 1543 596 511 1703 1146 1696 1489 1586 1431 1317 880 403 520 38 1420 1320 61 1562 64 243 1892 1410 871 1267 1957 1717 697 1275 433 677 1220 1063 677 1148 1667 1656 734 1628 1950 871 456 994 1643 1366 1554 652 178 1196 247 1579 299 1194 600 1946 1696 1350 440 1299 1786 520 1540 1686 1795 1561 478 1701 1443 1902 1901 209 1122 1122 334 10 1498 733 1882 1730 1167 1180 1411 189 1443 1419 700 1875 330 582 1872 1592 1710 989 1966 543 1045 1575 1185 1145 327 746 643 1559 885 1862 1241 512 308 882 898 1747 1696 332 135 10 272 440 1139 578 1441 1933 404 996 1917 910 1154 1611 1576 152 376 1397 1198 947 1881 1564 38 545 711 824 1157 1438 1708 217 1738 327 590 366 1164 811 606 205 1451 1167 258 1621 912 759 2000 1480 171 609 1286 1841 48 60 1379 1412 907 189 1097 1275 1612 459 1142 329 756 1061 745 1724 542 1026 733 1820 1366 1465 862 1755 1222 882 545 1020 1634 1093 1740 521 307 907 1388 163 557 1095 1806 1233 1335 106 181 1346 1352 1830 1342 234 1739 1854 1554 863 1230 942 728 1966 1576 439 383 250 294 1100 1804 500 325 628 375 215 1233 443 1514 1407 1037 1294 1363 404 1070 1459 1555 293 1267 1642 23 1794 348 1097 1651 1789 895 868 38 271 244 1991 485 772 1191 1164 1848 960 1431 1227 498 1873 695 746 106 1364 960 1540 366 1298 445 72 799 9 155 1604 204 1621 1676 13 25 1917 907 150 1853 1348 8 430 1030 742 1106 1037 664 1516 138 265 155 1296 1242 325 509 1055 1638 1265 1172 1388 1248 1784 895 562 1464 1008 1919 1393 1631 1826 892 44 503 1943 824 1917 774 1133 1178 711 772 1388 1186 1677 606 428 1218 173 220 1446 395 439 559 644 1057 819 1005 1209 1121 1732 717 1744 1298 1841 1382 1693 1536 695 1334 274 1616 1451 1916 285 1451 711 897 1208 154 593 1194 1170 1280 1701 197 1083 548 35 1410 1917 1762 1366 134 630 1382 879 1693 150 366 598 180 1887 1701 206 1190 778 545 1063 609 851 1368 187 10 835 55 1954 1309 1395 715 1956 688 92 1079 1179 194 1953 244 521 1288 662 1207 1298 1436 710 1909 1428 641 1734 1132 1821 64 516 960 1188 1522 1507 1446 143 1890 1877 674 874 1892 1510 534 492 275 1913 1840 897 1631 1940 57 75 1579 1795 477 811 819 1463 763 1388 935 556 1667 1201 1735 1275 118 1833 1457 143 333 606 1242 1634 71 1703 1869 1037 1388 1106 871 1723 333 1392 630 1519 749 954 1833 1295 1023 1298 1825 53 1342 1005 1914 1800 1505 604 986 856 300 28 1248 1508 633 607 647 119 206 548 489 1172 1519 383 1841 907 1250 1789 1275 372 1938 447 1801 1205 542 1631 222 150 676 736 1253 1847 64 648 1550 1082 1202 1639 227 43 10 539 1238 1818 1016 774 224 1799 1431 354 664 336 780 995 1549 761 1245 146 746 1646 210 1549 1017 1172 1223 267 1343 150 194 408 1432 1081 1084 1296 509 1079 1261 309 1106 1832 1084 1382 719 1100 1005 697 500 149 403 982 1228 490 561 1925 543 827 990 317 674 364 1188 457 1077 481 1069 1753 1573 1705 1660 1699 910 1660 1496 1190 1540 98 1554 137 603 793 1032 642 376 1512 275 1289 343 1179 1413 1129 16 1612 508 851 608 464 1418 2 1610 1337 1495 1298 209 1052 1483 720 1991 209 169 209 558 1342 1863 1171 1083 25 1100 1373 1906 313 1137 1428 215 1515 1874 918 1966 1535 1598 1302 1932 336 336 1059 1725 1945 43 1687 539 843 1428 403 1994 1605 243 1957 966 1138 1127 560 1501 388 603 244 508 154 376 964 64 615 1106 622 1903 1178 1821 333 1427 276 308 600 666 1821 394 1001 1902 653 594 1725 1954 1410 799 879 1734 1888 1835 1551 1581 1724 654 590 1970 1315 1619 1443 735 1358 959 979 227 1872 1302 557 1932 520 113 461 1136 1994 213 1843 1082 984 1872 460 1702 935 1242 1349 1749 1171 173 546 1222 1099 1754 711 1387 1352 1038 187 775 1357 558 427 1230 1916 55 141 1677 1392 1784 1388 1480 41 1882 92 362 823 674 1531 1222 1388 808 688 955 215 145 1637 1395 996 1844 1193 888 461 1073 1388 333 1895 928 1275 606 997 1352 688 1410 138 1170 1464 601 1100 165 1069 292 1536 717 1044 209 1953 1987 674 1693 1174 173 715 336 691 821 706 1674 1022 1836 440 1248 1764 706 79 1435 1302 1754 1878 955 209 290 1258 600 274 144 510 446 648 1135 907 30 1308 1542 1440 492 53 220 265 1448 1350 1872 347 1302 9 1841 153 940 329 605 76 1930 1892 1093 167 227 1549 184 1075 643 748 1235 1898 317 181 439 507 808 1677 1840 1934 1564 83 997 982 1955 1299 336 1756 1696 225 1706 155 1730 1654 1346 981
1972 912 1533 358 1623 796 267 27 1735 1576 726 1043 1691 1150 641 166 229 873 665 753 365 1235 135 38 1635 489 651 685 952 1544 1895 14 747 93 385 1770 975 231 889 304 1454 980 844 1072 1562 610 627 925 266 614 462 1915 1780 434 1301 1027 1848 284 1021 1902 1348 1924 1215 833 431 1047 1421 490 1595 1447 1851 866 120 366 853 1675 562 577 293 1130 1855 551 1050 1007 1717 1531 1667 1354 933 1188 1701 378 1262 1616 427 194 1462 573 394 591 447 483 1811 1201 86 99 1117 312 1184 1690 1858 294 83 1495 123 18 609 1945 1212 311 1409 339 1385 1037 76 273 600 989 1658 1407 1280 317 1247 159 1511 1402 658 1237 624 1712 1315 1807 1276 327 1714 1650 1353 893 961 1422 699 1194 1384 1731 879 1578 717 1507 1157 708 607 449 1692 1376 1685 1888 1395 318 45 1221 1388 749 51 634 1149 1563 276 1080 43 1591 770 993 323 948 1399 1291 957 1163 1151 597 5 1801 1903 1083 724 1000 1115 1843 193 1954 1411 1625 988 1828 1557 854 1674 34 1573 1256 520 279 1746 1834 841 228 978 481 1453 1738 171 302 168 940 186 1090 73 1782 590 553 432 1837 1058 855 338 1281 994 498 88 468 52 167 188 1 1825 578 1649 1887 1191 1999 1420 830 1967 320 837 479 1210 492 58 1120 1189 895 90 1783 444 649 87 335 1505 155 775 1463 41 1969 1441 1324 1138 1244 1736 1791 606 1778 1125 1516 1607 1159 1449 771 1655 1329 785 91 501 1890 486 476 225 1293 1918 839 1263 1693 337 252 967 731 1561 904 1711 1245 655 1484 1732 50 315 1787 1554 1896 230 1628 1015 738 992 722 1661 1326 180 1181 357 813 1866 1756 1830 201 430 1207 330 1555 1670 446 1640 583 149 557 1651 393 316 1251 1856 303 1952 941 1203 1817 1758 92 1647 950 1103 362 452 643 1489 1434 460 1684 1824 694 342 554 1662 16 1515 1940 372 1737 1464 1241 1679 1427 1370 125 1522 1342 1377 1968 79 156 1956 888 1172 1556 1639 700 13 527 1753 571 1246 538 1569 1816 999 336 1757 1164 545 982 1071 919 823 459 890 144 526 1131 552 496 1581 417 1139 797 121 117 1290 965 1643 495 908 1652 1627 1405 560 881 1621 1431 1626 261 1264 1490 175 20 282 1455 1412 35 1898 902 832 1637 1397 1428 55 1392 238 1585 537 137 1088 1812 402 964 377 472 331 836 1914 790 1300 195 487 1145 1610 184 1863 192 213 211 433 1286 1220 656 1570 894 1481 513 1829 1979 346 1359 840 1417 1520 1601 114 1033 1055 680 852 1813 1459 582 619 779 1216 1452 1894 671 345 1538 415 829 1394 439 539 1327 95 262 133 1916 1980 1408 361 1568 581 389 1040 1548 1004 1973 1653 1166 421 1450 1875 1260 253 767 1334 1005 506 1899 1873 1448 1998 1469 1559 736 1086 1702 214 437 739 1921 876 1988 275 1415 547 1328 1312 654 851 1686 502 169 375 686 1442 1528 1765 1612 862 256 1950 1336 78 1375 1681 1760 901 367 1723 104 350 1696 756 353 1252 1551 1432 535 576 1078 384 657 1964 1213 397 217 53 1158 1186 1724 630 1036 1614 679 1319 1400 1340 1608 1929 8 1265 306 1236 1583 128 719 1465 1599 1823 1872 1878 1488 612 40 305 1269 475 1097 923 789 1958 1965 899 1457 1913 1238 510 670 595 543 1228 1018 574 126 956 774 1173 1379 508 1934 411 859 1136 645 300 1984 105 1129 1840 1065 1472 466 664 1321 781 1862 523 1128 1860 263 1838 730 1119 1289 1132 1278 270 1882 1446 1844 567 1183 603 1725 1504 352 695 1282 916 1378 1308 150 659 1768 1206 748 1435 1611 118 1077 164 399 1767 915 1098 512 22 1031 623 1745 768 613 1152 1749 1371 1707 791 364 1199 278 109 1695 1546 1483 453 1771 569 455 2 112 972 642 871 1982 1564 1124 72 1317 1493 1740 1846 1254 1153 1338 322 579 179 268 1540 1900 1218 287 900 696 1011 158 1832 370 64 1542 1996 1550 1030 1951 1709 997 1202 122 559 838 1974 653 170 1638 163 1700 210 936 834 1710 1266 197 1351 61 795 448 1672 555 298 380 1833 1582 1659 474 983 1932 124 556 1766 1279 1558 1543 1013 243 565 1440 1815 391 927 1871 1267 215 1259 1100 1433 720 805 691 561 1111 428 729 1474 1598 542 1718 31 1596 1352 693 71 1986 1239 667 1706 1010 1936 714 831 1482 1805 799 885 1073 138 1751 442 1368 1094 1539 1588 1410 12 1944 1373 990 821 1721 404 1366 1026 1305 145 19 874 522 715 470 710 1460 783 1060 1962 1960 1209 49 1294 1025 1141 1891 494 401 1852 1769 1609 173 1930 620 1425 528 672 1249 461 1772 450 1620 1506 1032 1429 162 926 116 1775 56 1977 929 842 816 1347 1549 1993 1331 706 971 640 1509 1045 1496 1697 23 1761 26 625 414 291 182 1277 1590 740 1258 1271 1676 1698 939 566 1283 644 1759 1689 1764 15 677 1886 1869 1656 585 1501 445 1663 1020 1814 1526 17 944 598 1144 1820 1535 269 1208 1170 1322 423 464 458 507 996 703 800 909 1839 1671 1727 955 80 325 914 804 1849 668 1619 519 1881 1261 1579 1867 258 103 1178 406 1499 1104 24 425 25 777 1380 48 1743 544 584 1051 762 1475 735 1818 704 1229 1831 604 728 1372 1436 845 1946 713 629 66 599 639 1041 185 1339 632 160 239 727 77 718 966 1423 712 1850 148 661 592 1162 1350 1854 1933 1140 922 9 1906 788 463 396 1907 309 290 1719 674 910 807 1943 869 1822 1323 60 395 308 174 1572 1809 1248 363 1108 260 827 886 572 1292 1527 390 1332 1678 1926 1391 1195 1941 354 68 1713 1035 480 1343 548 272 1688 132 631 249 1741 1884 1668 1847 220 30 334 1565 534 187 1925 388 1175 1774 1360 1622 1082 161 456 806 1795 1168 752 321 1804 1295 529 107 1586 1857 28 1346 408 32 1268 763 1963 1426 75 59 500 1992 778 540 488 1641 1938 74 1613 113 1897 515 387 608 204 108 588 326 987 359 382 1976 951 246 905 1285 1171 794 981 737 1022 563 766 938 1143 973 918 732 883 257 1597 283 1344 1217 1931 236 1061 1075 622 54 196 652 129 621 11 1296 1126 469 1728 759 1024 183 1552 745 1589 758 1987 1994 1512 153 1414 541 818 142 1942 1819 1808 329 143 146 787 328 82 1016 265 106 808 1748 1642 398 356 348 1664 1874 550 755 810 963 1413 1406 250 1730 1355 1456 920 1922 119 465 931 635 1617 1461 969 1478 877 264 248 707 1747 705 1893 1424 1062 110 1363 822 1270 1794 1192 1006 942 546 42 1793 1056 1121 1584 1404 1382 611 960 1091 94 297 407 1161 1389 1116 984 47 1167 1694 1240 1532 511 140 499 1418 1560 1096 949 1127 1471 1357 1644 1859 772 945 1458 1708 1789 271 637 1396 684 864 292 438 1606 1985 429 152 1105 1070 580 1403 1978 1566 1519 716 134 473 995 676 1361 1485 209 809 176 943 349 1806 683 798 1803 1110 1660 1225 1514 589 1486 1790 1800 381 189 81 1497 245 1835 416 319 1133 1889 216 1476 1935 536 96 1503 344 57 1785 1666 803 1742 1513 1983 6 1146 937 1044 1683 1113 1074 244 223 917 521 1744 1957 663 1603 784 1008 1981 1451 1541 341 615 1387 154 1320 351 10 1028 111 1052 289 1333 516 1349 221 1316 701 1187 136 227 36 1995 97 558 1592 817 1313 846 1861 660 1788 360 761 1046 131 70 517 451 769 847 1099 1273 288 205 985 626 1865 586 587 1231 1257 383 860 1971 1416 386 240 1961 1123 39 1200 1937 1763 1776 1870 484 819 934 1494 692 1211 638 867 1636 1085 850 1227 1953 1781 675 1064 928 1196 46 1498 1602 596 991 884 4 1444 199 570 233 1318 1232 564 1066 843 1093 504 85 868 277 721 1222 1917 549 1003 662 1473 1792 898 374 746 440 1939 467 347 802 232 1223 1204 532 1374 1517 689 457 1079 1039 1337 1876 1966 1356 422 1880 1510 1009 102 593 247 285 1755 1631 1777 1019 1137 1836 1920 1038 454 1299 1274 697 1180 1255 1885 786 369 1307 1909 503 891 1063 1092 1479 1536 1250 776 1087 1604 1654 1112 485 1156 420 741 1233 307 1287 1106 139 1057 1567 1114 812 181 1545 1095 976 924 1089 1802 930 1657 848 1438 947 115 1364 825 594 1704 906 970 681 1682 865 1325 954 907 669 986 828 815 725 666 1362 63 1468 1904 780 998 1508 1703 1487 880 1491 801 1630 1810 1525 400 436 1677 1107 962 1401 1726 892 222 878 1492 1523 198 178 1739 1687 1134 605 190 1618 3 1054 903 1615 1864 1868 505 379 760 1174 1821 1386 1081 324 742 1198 1002 518 69 1165 773 1877 1796 1101 1302 2000 897 1841 1529 1521 207 1272 1901 687 310 750 62 130 857 1580 44 743 254 1443 1593 1147 1297 514 1989 1665 1358 1518 863 296 1949 7 1155 410 1575 1118 371 202 1234 343 241 1600 206 274 1997 1645 376 824 1242 1049 959 299 872 856 1197 531 849 734 235 1076 1632 1779 647 835 1991 314 203 814 65 870 281 412 497 1750 633 1720 419 1892 733 234 1084 1169 1069 1798 709 333 1243 979 441 1303 1309 636 1381 1762 932 1470 698 1437 1912 602 1553 711 373 1148 1390 295 765 177 1928 751 1398 435 172 127 1160 313 1017 935 568 1439 37 1102 650 21 1624 157 1001 1905 418 1122 811 477 141 1068 443 1109 1067 1193 1226 413 1341 1502 754 1365 1530 1298 968 601 1135 1288 491 913 1955 646 1948 953 409 1053 1419 1845 191 628 224 1908 1012 744 424 147 218 1699 1176 1311 1705 958 1306 1786 826 1605 682 1729 1773 405 1253 1571 212 1633 1784 1959 1177 1947 1224 1547 673 1910 1853 530 688 1393 616 1669 1629 509 1919 208 1646 1879 1500 1205 1534 200 757 1345 723 1048 1179 1673 1733 1034 921 1648 1975 1752 882 1219 1480 355 101 1214 911 67 151 301 1467 690 1369 259 493 403 165 1142 29 525 782 820 617 33 340 392 702 1190 478 1014 1715 98 482 1827 1466 1314 678 242 1842 1059 1883 887 226 1990 1023 1029 368 793 648 100 1587 1911 533 1577 1310 1574 977 1154 1799 1182 1734 858 1335 1330 1927 237 1716 1230 89 1923 1537 1430 1826 524 332 471 764 1284 974 1797 1680 1042 1304 618 875 1722 219 1367 1185 286 1445 280 946 1634 251 1383 575 1754 1275 1524 792 1477 255 1594 861 1970 84 896 426
2 1609 1839
2 1506 1954
1 184 116
2 1000 1247
2 1415 1973
1 1007 924
2 482 1871
1 1887 612
2 876 1249
2 1761 1736
2 443 775
1 1766 152
2 795 456
2 200 942
2 995 1549
1 1080 1894
2 1859 669
2 1383 35
1 206 1703
2 1360 391
1 449 574
1 916 1053
1 592 954
2 787 1483
1 249 79
1 450 915
1 1662 690
1 261 422
1 1087 511
1 284 1723
2 1338 1457
1 780 766
1 541 1556
2 1432 1179
1 1651 1203
1 1082 640
1 1221 1724
2 1100 1146
1 1779 604
2 402 472
2 1369 914
1 1057 851
1 22 137
1 1952 320
1 90 319
1 1681 257
1 433 204
1 1175 158
2 1267 831
2 481 1877
2 324 1520
1 1283 1049
2 170 454
2 1088 98
1 378 1889
1 865 1876
2 1475 1432
2 198 675
2 1575 1666
1 1448 662
2 42 1744
2 1405 1911
1 136 228
1 436 1928
1 1748 215
2 1672 1328
2 1297 1866
2 228 956
1 82 1586
1 233 768
2 511 89
2 990 160
2 1239 179
2 1169 96
2 973 1041
2 114 215
1 531 1829
2 1938 1575
2 1127 1967
1 1447 1098
2 1213 785
2 1424 1656
2 685 458
1 354 1642
2 1508 222
2 1152 1845
1 1150 1044
2 1434 1603
2 313 486
1 1741 1430
1 1742 282
1 471 1849
1 1349 827
1 1983 1
1 40 1063
1 1440 1759
2 171 788
2 1730 1619
1 1221 656
2 636 59
1 1931 1279
2 435 30
1 1951 1964
2 5 1973
1 1843 1677
1 1321 1625
1 960 627
1 237 648
1 486 151
2 1268 245
2 1849 1829
2 1409 1409
2 1372 1954
2 291 1955
1 1887 1841
1 1633 917
1 1454 331
1 1402 1170
1 1431 201
1 637 1563
2 1469 1227
2 1955 1129
2 77 1046
2 628 1201
2 1191 1922
1 1867 1662
1 1078 924
2 1596 1813
2 1747 1311
1 251 1024
1 1658 568
2 1935 1559
1 1117 1014
1 417 1723
1 679 170
2 183 1895
2 1849 719
2 1508 1823
2 542 677
2 1623 870
2 1244 40
1 1645 1777
1 503 1480
2 261 491
1 1729 167
2 1106 467
1 891 366
1 1882 17
1 1119 725
2 1286 1400
1 1539 940
2 832 575
2 916 1853
2 994 1667
1 601 1855
2 525 1874
1 626 1399
1 696 1739
2 1691 141
2 859 882
1 630 672
2 54 811
1 1635 1448
1 1916 363
2 1858 916
2 515 675
2 1886 1493
2 1278 390
1 647 1550
2 1484 1274
2 860 58
2 1180 1738
1 1450 194
1 1669 507
2 344 1437
2 1864 457
2 284 1977
1 616 557
1 965 1421
1 1802 1158
2 794 779
2 1876 132
1 559 712
2 209 1765
2 331 879
2 229 154
1 1588 1510
1 501 1083
2 1921 228
1 97 1198
2 790 1248
1 712 640
2 784 1118
2 771 1575
2 1914 1118
1 688 1718
1 416 772
1 1284 900
2 946 1935
1 884 1727
2 1864 1660
1 1735 1661
1 1160 172
2 1004 64
2 946 235
1 1586 1396
1 636 573
1 609 1319
1 678 708
1 516 1084
1 1673 1807
1 1417 564
2 1854 1891
1 823 1784
2 1339 1150
2 495 131
2 1636 1085
2 1264 1857
2 1555 1095
2 1509 1439
1 1054 1128
2 1528 1543
2 1166 983
1 1869 96
1 1626 1774
2 1281 1005
1 1911 924
1 1065 1526
2 1671 1417
1 121 1547
1 1163 160
2 348 1805
2 1742 617
2 265 887
1 143 1636
1 1172 1153
2 1918 930
1 148 131
1 458 1854
2 306 1295
1 474 508
2 1246 1930
2 1885 251
1 1216 793
2 1022 1229
1 986 1502
1 334 1311
1 677 1170
2 1813 1986
2 23 440
1 1986 1891
2 1024 615
1 336 1580
2 314 473
1 10 516
1 1739 257
1 1077 559
1 1032 138
1 749 311
2 1529 1858
2 72 666
1 1436 1236
2 103 905
2 240 987
2 398 962
2 907 1349
2 970 1299
2 838 1982
2 1216 300
2 49 1965
1 1642 1973
1 1090 638
1 1558 1752
1 44 1647
1 265 1681
1 365 225
1 892 474
1 1501 83
1 76 278
1 1350 1093
1 1087 1628
2 1727 1269
1 1267 55
2 1557 258
1 831 1465
1 635 80
2 169 1145
1 1031 244
2 109 1625
1 953 1349
1 465 1786
2 1530 499
1 1394 764
1 1030 384
1 492 1453
1 1722 1041
2 1179 1591
1 86 1562
1 1525 1127
2 1491 1829
2 1598 615
2 1887 1586
1 94 501
1 1335 963
2 973 1381
2 47 1662
1 745 1042
1 1860 709
1 1958 1598
1 1644 1322
1 711 1677
2 973 1824
1 1970 514
1 1956 1677
2 941 1661
1 149 221
2 794 361
1 1297 1208
1 785 704
1 435 997
1 634 405
2 175 1925
1 1952 1269
1 1919 117
2 1394 811
1 1338 583
1 131 14
1 1566 1078
1 491 428
2 957 1854
2 1751 1815
1 1462 714
2 605 1478
2 1050 1181
2 1543 135
1 1152 911
1 1180 236
1 1725 1727
2 1199 1637
2 1715 213
2 1817 1838
2 294 3
1 207 109
1 1229 1831
1 792 818
2 276 753
2 1560 1925
2 1411 934
1 990 145
2 246 1999
2 1543 1642
2 70 708
2 1565 590
1 899 592
2 1332 992
1 798 38
1 1578 346
2 675 1292
2 138 1320
2 571 1468
1 175 430
1 1213 1593
2 1310 806
2 1339 109
2 1283 571
1 1651 1971
1 1240 608
1 1180 1303
2 1308 341
1 223 293
1 745 904
1 733 1173
2 879 1681
1 568 1354
1 562 1804
1 811 1941
1 1686 1941
2 1238 1309
1 157 965
2 742 1923
2 1017 1500
2 971 1536
1 1398 1001
2 26 161
2 785 1014
2 308 1011
2 1560 1928
1 461 814
1 278 465
1 1312 968
2 576 568
1 355 1830
2 471 453
1 481 1663
2 1201 826
2 832 1517
1 104 1143
1 64 1980
2 1857 390
1 1946 412
1 233 1502
2 514 2
2 523 1668
1 126 1461
2 688 1808
1 1199 381
2 71 1679
1 1616 823
1 678 1435
1 22 1185
1 737 494
2 71 686
1 1204 705
2 856 166
1 1793 45
2 704 833
2 1250 1228
2 1523 972
1 1617 267
2 1340 1184
2 517 1811
2 1019 990
2 1681 427
2 687 936
2 1534 1649
2 935 1264
1 1312 1131
2 1700 888
2 1681 185
1 811 1599
2 224 21
1 1277 1465
2 401 1908
1 1041 1751
2 1460 1993
1 914 978
2 859 769
2 1758 1144
2 1349 678
1 1114 1702
2 94 1449
1 1077 1038
2 35 470
2 493 1348
2 1170 1696
1 1669 1535
1 1052 161
1 1685 1331
2 788 62
1 432 1476
1 1966 955
2 1796 486
2 540 1104
1 1863 1606
1 1906 1160
1 1165 1963
2 1952 647
2 1550 1282
2 675 798
2 1715 428
2 422 302
1 963 705
1 177 1728
1 33 1343
2 1382 1424
1 1498 137
1 29 282
1 247 837
2 1718 147
2 883 1826
2 1997 164
1 399 954
1 915 1477
2 1316 269
2 90 1991
2 758 1051
1 724 931
1 344 1328
2 1671 1049
2 328 1869
2 918 849
2 1999 695
2 1338 1620
2 1798 1967
2 286 633
1 849 306
1 439 1471
1 614 578
1 1086 1616
2 572 607
2 1821 1802
1 234 1333
1 1828 1001
1 399 1037
1 390 505
2 606 1964
2 1913 1686
2 570 181
1 1881 87
1 1586 168
2 900 1054
2 501 738
2 571 1409
2 1064 1629
2 387 176
1 546 1186
1 1656 589
1 474 1554
2 1763 213
2 1189 601
2 1095 1880
2 1762 303
1 1396 349
1 10 1157
1 1445 1704
1 575 946
1 195 638
2 1149 1552
2 577 1562
1 1814 960
1 390 47
1 174 872
1 232 620
2 592 1694
1 513 524
2 1792 332
1 754 911
2 1005 1037
1 1125 549
1 1669 748
1 616 823
2 1556 1670
2 974 390
2 128 150
2 1414 438
1 1212 184
2 1814 325
2 1998 1163
1 53 302
2 1187 1970
2 1731 7
2 1882 1751
1 1411 218
1 1598 1624
1 602 1517
1 1868 1447
1 896 1338
1 181 227
2 1990 131
1 843 621
1 653 1279
1 1126 1387
1 1774 1244
2 147 894
1 955 906
2 1663 6
2 432 1617
1 567 751
1 992 431
1 1777 1315
2 326 1940
2 1248 1605
1 31 1040
1 1491 1089
2 1777 1508
2 1115 1510
2 89 51
1 199 1120
2 1766 496
1 952 1559
2 1012 1612
1 836 1520
1 1040 533
2 1723 1053
2 512 815
2 820 1330
1 1138 1492
1 53 312
2 184 1192
1 1001 223
1 1349 333
1 1786 651
2 1368 1531
2 52 421
1 136 260
2 1743 966
2 1978 897
2 1663 1048
1 793 1487
1 1682 1528
2 1567 1324
2 1603 371
2 692 87
2 1799 1425
2 872 1515
1 1107 840
1 1201 661
1 383 309
1 704 137
2 502 1665
1 294 1252
2 1642 102
2 1854 220
2 348 325
2 589 1005
1 1554 389
1 623 31
2 165 278
1 946 556
1 1711 340
1 382 847
2 983 1302
1 1554 1230
1 197 200
1 172 1769
2 1450 1514
1 573 1730
2 1087 1669
2 1603 1926
1 1086 1859
1 69 707
2 1742 1493
2 174 1395
2 1562 1095
1 1452 1663
2 179 565
1 169 379
2 112 603
1 1796 656
1 1367 1137
2 1367 584
1 934 626
2 1909 614
2 341 1233
1 653 534
1 1715 68
2 754 1360
1 1362 99
2 938 1752
2 1720 1537
1 1789 1670
1 174 1617
2 631 1484
1 189 1272
1 971 1014
2 1137 1577
2 676 961
1 1557 695
1 1805 1823
1 928 356
2 618 967
2 1614 398
1 850 1387
1 837 1547
2 219 1239
2 279 252
1 492 915
1 738 276
2 1554 1382
2 471 243
2 461 1805
2 1215 1602
2 1237 1122
2 492 1047
2 1049 234
2 1429 1147
1 743 648
2 1659 338
2 1864 271
2 447 103
1 287 1965
2 1234 41
1 386 89
1 563 958
2 1056 1090
2 1814 875
1 290 1040
2 630 712
2 403 1977
2 154 1539
1 1722 1438
1 433 1112
2 41 1458
2 720 1404
2 1469 440
2 1185 413
1 814 423
2 289 189
1 1456 1057
1 1228 316
1 1329 346
1 25 1049
2 1273 1208
2 853 767
1 19 579
1 1606 1871
1 672 443
1 1602 1196
2 1359 1291
2 240 1323
1 1098 978
1 891 746
1 338 1453
1 803 565
2 1320 210
2 211 1647
2 732 789
2 580 669
1 1723 914
1 341 850
2 462 1237
1 1572 1329
1 839 381
1 1100 715
2 314 1209
1 1651 859
2 43 53
1 1809 1477
1 1557 1145
1 1331 1510
1 1874 414
1 854 1210
2 757 520
1 744 1564
1 1319 1400
2 375 334
2 882 1798
2 905 1351
1 1076 1887
2 406 34
1 802 599
2 1046 1339
1 1719 1769
2 1553 1627
2 974 803
1 1868 492
1 645 1036
2 1564 1276
2 296 1405
2 1555 1205
1 1597 621
1 1533 1380
2 1447 1006
2 914 1224
1 435 398
2 1542 1667
1 1567 1996
1 1858 146
2 786 1262
1 1762 1611
1 329 845
1 1501 1492
1 1484 1161
1 832 1442
2 207 454
2 703 1572
1 1524 836
1 1134 440
2 354 1007
1 518 400
2 739 1086
2 1798 1212
2 462 1733
2 313 55
1 170 597
2 1781 955
1 972 863
2 1947 1614
1 11 740
1 765 1848
2 1952 997
1 76 1087
1 1589 1675
2 672 13
1 740 1808
2 1888 1031
1 810 730
2 578 1388
1 451 1791
2 1941 1264
1 655 690
1 793 1889
2 335 1797
2 1200 867
2 1259 1985
1 1645 418
1 1603 1560
1 1341 1149
2 1060 1189
2 920 232
1 674 1342
1 264 261
2 1336 594
2 714 585
2 1495 1400
2 531 1196
2 121 1697
2 49 269
1 666 386
1 1072 214
2 1591 892
1 1169 1760
2 1395 524
2 565 604
2 447 365
1 926 1086
1 1508 166
2 1524 862
2 1131 1184
2 1400 349
2 1004 1165
2 867 905
2 624 313
2 464 1862
2 1294 29
1 245 612
2 1875 784
2 639 1476
1 1831 881
2 1532 1582
2 684 1945
1 1763 669
2 1563 182
2 401 1720
1 1479 973
2 539 1831
2 1938 1012
2 1787 1725
2 962 883
2 1823 809
1 338 718
2 240 262
2 1727 266
2 1882 504
2 1445 613
1 1400 75
2 1822 1727
1 1615 1369
2 1420 84
2 382 1059
2 249 1297
2 1078 456
2 495 207
1 1931 1986
1 710 913
1 1650 326
1 1405 1332
1 1689 3
1 584 985
2 391 715
2 1481 362
2 354 666
1 1427 1172
2 282 643
1 897 496
2 598 88
1 1728 1165
1 1183 291
2 984 1725
2 1109 1560
2 426 744
2 1808 1550
2 1797 1705
2 1884 80
1 1631 1373
1 923 1075
1 33 1676
2 663 384
2 882 76
1 1920 378
1 248 1468
1 1329 1036
2 214 1436
1 973 909
1 103 1778
1 1292 147
1 916 1722
1 811 885
2 1318 557
1 241 1523
2 1595 1159
2 826 77
1 1353 1309
1 63 247
2 510 381
2 1345 1499
1 538 457
1 1226 1371
2 697 315
1 1591 1226
2 515 612
1 882 261
2 827 1427
1 478 1248
2 1180 1895
2 1014 686
2 244 1898
1 1868 1588
1 1732 410
2 1310 284
2 1692 1776
2 669 1628
1 221 1210
1 1283 990
1 1924 1416
2 702 894
1 1584 1269
2 755 655
1 1483 1635
1 1759 949
1 579 90
2 434 1258
2 516 157
2 401 488
2 1343 824
1 1049 1267
1 228 961
2 1693 720
2 1888 332
2 48 674
2 771 892
1 62 1560
2 582 496
2 300 1338
1 1780 1809
2 1896 655
2 12 1249
1 1763 1939
1 369 627
2 1901 1869
1 1377 795
2 1833 359
2 1404 544
1 187 1373
2 178 937
1 1303 1596
1 942 631
2 1710 822
2 1447 1002
1 1368 531
2 1321 217
2 1189 1807
2 1138 546
1 29 1386
1 684 86
2 144 652
2 1402 1992
2 1325 891
2 1421 1561
1 1747 1275
2 564 1761
2 878 1727
1 1619 402
1 1006 1743
1 771 532
1 606 1907
1 868 514
2 682 859
1 1264 1841
1 233 156
1 1733 227
1 1754 1419
1 1189 349
2 176 795
2 1668 641
2 1893 1093
2 1718 1795
1 717 343
1 74 766
1 1845 428
2 1620 466
1 88 514
1 697 33
2 469 982
1 1284 1295
2 1502 962
1 850 613
2 270 1064
2 1323 1501
1 1576 147
2 290 1616
2 522 1879
1 1013 1
2 627 1962
2 1935 587
1 884 1820
2 1563 805
1 1494 1707
2 1715 1597
2 648 791
2 752 886
1 1138 208
1 311 934
2 924 1940
2 522 1411
1 1309 727
2 764 1417
2 420 335
2 1173 543
2 1059 451
1 1065 468
1 694 769
2 1676 1572
1 335 1077
1 1292 600
2 477 112
1 1301 1407
1 1137 678
2 679 1607
1 1196 763
1 408 596
2 658 778
1 1022 698
1 869 692
2 705 801
1 100 1825
2 951 443
1 1867 241
2 1308 794
2 727 93
2 389 1755
2 91 958
1 1691 1371
2 754 91
1 422 335
1 721 1989
2 1932 1969
1 1375 1868
1 1518 814
1 919 1739
1 56 290
1 679 863
2 468 659
1 384 930
1 405 1093
1 1514 451
1 1756 1608
2 1562 1335
2 957 1043
2 222 941
1 1828 1854
1 528 261
1 491 919
2 526 333
2 1665 1278
1 123 29
2 921 1533
1 722 807
1 544 669
2 1967 1303
2 1194 840
1 1246 1540
2 653 378
2 1962 1253
1 448 1748
1 1076 112
2 1795 1739
2 551 1613
1 1427 391
2 112 1138
2 1103 186
2 1173 156
1 982 804
1 210 1104
1 1334 811
1 1217 1315
2 1183 848
1 629 225
1 1360 1879
2 238 1669
1 1565 885
2 668 1986
2 1152 1310
1 1773 1285
2 1309 483
1 817 829
2 1271 832
1 58 1046
2 1934 1327
1 1119 118
1 1828 434
1 611 1314
1 1825 1158
2 1128 573
2 1802 651
2 1086 917
1 1533 1090
2 1252 1883
2 1838 1685
2 1219 614
2 1959 1466
1 825 548
1 165 371
1 785 1066
2 1093 28
1 450 666
2 377 1699
1 358 780
2 487 140
1 1728 1661
2 561 236
1 347 450
1 1483 1078
2 60 327
1 155 297
1 154 1239
2 1449 691
2 550 426
2 980 947
2 713 851
1 1897 973
2 26 1572
2 61 1791
1 1799 259
1 78 850
2 1776 1711
1 687 1570
1 1342 952
1 943 1082
2 590 1166
2 1657 1409
2 530 647
1 407 157
1 708 466
2 49 996
2 620 415
1 1277 905
1 1675 817
2 302 1239
2 145 1053
2 78 1758
1 1622 1507
1 830 561
1 1816 1622
2 1011 1156
2 1344 756
2 1087 1850
2 1860 314
1 850 982
1 1050 1598
1 779 1588
2 1197 236
2 1505 1694
2 1494 134
2 1028 983
2 139 806
2 1900 1451
1 1036 1785
1 220 1548
1 650 878
1 281 1742
2 437 713
2 1854 1033
1 1659 1557
1 380 1412
2 1176 1311
2 783 651
2 1001 1257
1 456 901
1 135 626
1 683 837
1 254 1368
1 1941 612
1 632 536
1 2 1498
2 1514 530
1 1379 1608
2 1448 588
2 322 1223
1 1020 673
1 812 1985
1 952 973
2 94 1027
1 1996 963
2 1779 1631
2 1789 1514
2 974 103
2 52 1234
1 1051 1911
2 309 1903
2 737 1063
1 1115 706
1 1796 1059
2 1311 1005
2 793 875
1 1250 733
1 1616 155
1 1877 314
1 29 1068
1 1741 70
1 192 1895
2 1344 1799
1 487 703
1 804 599
2 1973 681
2 1619 1511
1 127 970
2 938 753
1 196 1778
1 968 1855
2 1586 1801
1 271 744
2 1234 465
2 516 1277
1 1242 92
2 838 870
2 1074 1499
1 1572 1456
2 1508 1156
1 1336 1255
2 460 246
2 430 1725
1 9 202
1 1032 1346
1 181 6
1 595 335
2 1645 1797
1 1649 678
1 404 238
1 221 1250
1 775 338
2 1094 1523
2 1313 149
2 1723 895
1 115 1451
1 1966 1218
1 1477 809
2 395 247
1 713 1858
2 702 1484
2 49 428
2 1400 22
2 1419 498
1 1171 352
1 1644 1456
2 492 1813
2 1713 550
1 552 795
1 217 1814
1 1495 269
2 682 1952
2 1664 918
1 675 1314
1 929 733
2 258 342
1 746 1694
2 1214 1626
2 1160 1964
2 1606 252
1 798 395
1 1537 1695
2 1745 1200
2 843 1665
1 1222 828
1 108 844
1 1855 1432
2 684 1916
2 1036 1656
1 32 307
1 549 1668
2 120 1488
2 1298 1494
1 1733 1512
1 130 581
2 200 866
1 521 648
1 324 1622
2 946 1270
2 685 1828
1 239 83
2 1681 1473
1 1013 1921
1 696 322
1 365 729
1 1414 361
2 1545 831
2 1153 200
2 323 299
1 871 1397
1 1756 309
2 633 1274
2 1481 301
2 1370 553
2 1071 1180
1 180 299
1 303 379
2 1026 1311
2 3 1890
1 1791 1577
2 255 907
1 732 335
2 847 1339
1 1279 1520
1 559 723
1 1651 605
2 1938 1654
1 226 194
1 1009 1854
1 916 635
2 448 586
2 854 766
1 1441 1947
2 731 1385
2 1487 141
2 565 1454
1 1364 1329
2 1186 247
1 1697 1867
1 1434 1440
2 1961 743
2 133 734
1 1190 914
2 773 924
1 678 1617
1 57 1299
1 1276 1635
2 1302 1973
2 630 268
1 1177 711
2 86 1646
1 275 1019
1 1563 1812
1 263 399
2 1033 1112
2 737 1753
2 168 1819
2 1262 335
1 604 1275
2 1862 508
1 1700 1520
1 1876 386
1 1659 1124
1 1251 1494
2 1985 1216
2 961 557
2 476 275
1 1554 1973
2 473 1239
1 602 565
2 394 222
2 1142 690
1 1729 480
2 1379 334
1 641 385
1 1197 537
2 53 1378
1 216 257
2 917 137
2 1987 75
1 1344 1931
2 580 1186
2 277 1150
1 1811 1071
2 905 1955
1 83 656
1 577 1688
1 1086 1663
1 325 799
2 1423 1274
2 924 1747
1 1423 25
1 149 1318
2 1575 1006
1 296 333
2 722 1744
1 1822 1183
1 1732 1468
1 926 441
2 1217 773
2 613 990
1 1185 282
1 517 996
1 1754 1291
2 1960 1723
1 349 1380
1 1251 460
1 591 1108
2 54 1000
2 217 1883
2 275 1988
2 1993 903
2 644 1210
2 781 1239
2 1938 1197
2 998 578
2 43 1232
1 1776 1169
2 1445 71
2 696 638
2 1444 931
2 114 1233
2 1631 52
1 1682 1086
2 1841 1161
1 369 1204
1 1269 191
2 451 550
2 1414 1094
1 594 88
1 549 1116
2 1739 1612
2 491 385
2 108 3
1 1485 390
2 539 805
1 1913 1036
2 105 1327
2 1109 1480
2 1744 440
2 655 1365
2 821 1084
2 1033 803
1 184 1740
2 47 1189
2 281 1200
2 225 377
1 778 277
1 1204 1014
1 978 1133
1 1209 945
2 357 391
1 529 1937
1 552 1964
1 89 544
2 311 1790
1 1869 672
1 1393 357
1 324 1415
1 165 362
2 788 753
1 1036 1212
1 502 185
1 408 794
2 1198 1461
1 360 1825
1 1475 7
2 1452 1004
1 449 1439
1 791 1663
2 1263 367
1 560 228
2 620 1145
1 101 1868
1 235 76
1 1158 1459
1 1180 1409
1 430 760
1 811 1085
2 817 453
1 1883 1131
2 1717 905
2 1131 588
1 217 1988
2 33 1280
2 1526 537
1 965 1784
2 1049 892
1 1443 431
2 56 378
2 1339 457
1 981 1653
1 994 595
1 306 1566
1 17 389
2 1361 727
2 505 1416
1 736 1452
1 628 1034
2 579 889
1 790 1781
2 1944 1747
1 444 1312
1 1332 98
1 604 887
2 909 1723
1 184 1130
2 170 836
2 527 1398
2 716 1691
1 1234 956
2 855 849
1 1013 119
1 149 949
1 1291 1441
2 51 488
1 1585 1736
1 555 21
1 118 1896
1 1928 1389
2 9 1670
2 509 849
1 1454 248
1 840 962
2 1353 1260
2 1370 569
2 1194 1508
1 1502 579
2 1931 179
1 1963 1779
2 71 856
2 367 165
2 521 670
1 48 970
1 1457 252
2 484 567
1 808 518
2 1888 471
2 398 281
2 1731 1189
2 1549 326
2 1602 1432
2 1314 272
2 1697 349
2 1698 1
2 1061 1495
1 1462 1107
2 1166 245
2 1198 1807
2 1512 1977
1 335 823
1 701 1324
1 1729 1854
1 579 408
2 848 1829
1 822 1704
2 570 1351
1 1711 311
2 1049 1832
2 696 1891
1 460 427
2 1755 1646
2 1396 1233
2 491 925
1 86 1865
1 1645 1701
2 126 1704
1 961 940
2 1263 1469
1 608 1146
1 731 185
1 1839 1792
2 92 190
1 1682 1390
1 1507 1372
2 429 1696
2 542 907
2 1669 310
2 491 680
2 1131 1554
1 1315 1261
2 165 25
2 1028 790
2 959 1446
1 228 140
1 963 1954
2 1599 1803
1 223 401
1 938 1953
2 1297 1130
2 774 1595
2 292 1527
2 914 1371
2 161 977
2 597 921
1 1925 973
2 166 1995
1 300 1665
1 436 967
1 361 828
2 440 1234
1 712 947
1 492 842
1 680 1974
1 582 1313
2 1857 1451
1 789 1969
2 1458 1961
2 1315 1878
2 239 1140
2 1577 1507
1 1519 1643
2 1978 739
1 1049 983
2 1526 1824
1 107 337
2 290 510
1 1659 357
2 1940 190
2 1910 1047
2 1225 954
2 218 903
1 1241 365
2 1459 647
2 633 754
1 978 1462
1 1724 77
1 287 722
2 72 1887
1 737 642
2 643 1834
2 668 311
1 207 373
2 640 1798
1 1111 1839
2 1139 945
1 862 819
1 1117 320
1 1771 460
1 1618 365
2 941 836
1 1425 101
2 1840 1020
1 1494 594
2 295 573
1 1838 1501
2 201 1374
1 1924 1177
2 1068 492
1 1123 1666
2 365 1147
2 951 156
1 1470 881
2 43 1107
2 498 1592
1 725 119
1 1845 316
1 876 1479
1 1186 1709
2 419 1128
1 589 1945
2 129 298
2 89 1042
1 431 301
2 742 1469
1 1496 1597
2 1973 425
2 1353 333
2 69 1718
2 501 1519
2 409 951
1 968 1689
2 1399 649
1 1038 64
2 844 920
1 1099 1069
2 1845 574
1 1536 179
2 1786 7
2 1170 187
2 1370 1288
1 1794 1138
1 1800 1072
2 148 344
1 1124 517
1 1888 521
1 1479 1403
2 180 1328
2 364 54
1 189 1117
2 510 968
2 1643 38
1 1828 755
2 1478 398
2 1494 1792
1 1548 1579
2 184 1584
2 834 1164
2 984 1170
1 403 1001
2 1261 92
1 1042 518
2 35 1312
1 1316 777
2 1413 502
2 261 1504
1 570 1005
2 844 1648
2 1913 842
2 1561 1105
2 153 329
2 1503 228
1 1936 747
2 1339 323
1 1498 167
2 608 39
2 1517 200
2 22 1170
2 1657 1197
2 1099 686
2 1472 1959
2 507 686
2 1806 1399
1 76 1752
1 1662 685
2 1569 1659
1 59 146
2 169 215
1 716 1287
2 1893 1750
1 1014 503
2 1102 565
1 365 1218
1 1932 1615
2 468 438
1 307 584
2 1316 1079
1 688 911
1 221 874
2 729 365
1 132 1350
2 497 1260
1 1162 960
2 1797 1799
2 22 842
1 1633 1726
2 205 1084
1 202 328
1 1423 491
1 641 960
1 675 401
1 408 241
2 981 403
2 1889 94
2 1702 906
1 60 156
1 1856 709
1 38 1410
2 208 276
2 1711 1303
1 83 897
1 1059 652
1 646 1493
1 908 986
1 898 320
2 356 1132
1 4 1821
1 521 1896
1 1773 779
1 1738 1620
1 674 458
2 539 477
2 1820 1529
1 299 437
1 129 171
1 1700 1248
2 964 1638
2 1096 1055
1 1257 1260
1 1947 1320
2 1569 835
2 1330 184
2 12 433
2 1661 346
1 859 1551
2 125 1756
1 1788 731
1 1638 791
2 116 693
2 561 246
2 227 218
2 1512 772
1 1048 934
1 766 447
1 528 695
1 452 1912
2 1557 1620
1 498 358
1 1852 1158
1 36 1712
1 1786 1166
2 1869 723
2 193 1630
2 1287 472
1 1168 611
1 1423 1379
1 926 747
2 94 565
2 1469 835
2 1312 167
1 681 717
1 62 958
2 1791 903
1 1134 1852
1 122 374
2 1637 1109
1 242 1920
1 576 803
1 1247 154
1 403 812
2 1186 876
2 695 1352
1 564 1658
2 1596 875
1 49 19
2 1837 1314
1 1017 1228
1 131 345
2 606 432
2 977 1965
2 1347 694
1 1690 402
2 144 1842
2 607 455
2 1544 1643
2 793 832
2 436 1721
2 1132 387
1 1801 1484
2 783 814
2 1547 1157
2 657 1613
2 111 62
1 47 1413
2 1515 372
1 643 1826
1 577 1954
1 1615 394
1 252 1346
2 950 1085
1 699 933
2 1389 1283
2 530 875
1 943 983
1 1236 348
1 465 1916
1 1494 1686
1 1119 1141
1 1495 1813
2 1690 875
2 314 1918
1 953 819
1 189 1810
1 1441 297
1 918 1989
1 1251 237
1 334 288
1 1511 452
1 1201 201
2 1457 272
2 1624 702
1 144 673
1 469 197
2 311 913
1 1994 27
1 1270 301
1 120 1367
2 128 526
2 139 999
2 1057 868
2 1657 411
2 2000 548
1 516 107
2 1202 1333
2 660 266
2 1384 1537
1 498 1869
1 617 1257
1 397 963
2 1164 845
1 1341 329
2 765 928
2 477 1325
1 1890 1209
1 1684 950
1 827 1299
2 351 453
2 1972 1056
2 1536 620
1 1927 373
2 1413 257
2 1130 536
1 1908 1181
2 1369 201
1 812 1049
1 1420 583
1 577 1429
2 716 1655
2 1976 839
1 111 1017
2 174 664
1 1346 1058
1 704 1490
2 255 1881
1 248 1747
2 360 306
2 23 1625
1 1708 1001
2 1434 1244
2 1867 1983
1 1540 929
2 1700 1493
1 1458 1779
2 141 821
2 1728 974
1 242 133
1 1792 2
1 725 1901
2 1340 202
1 435 1501
2 1446 13
2 1295 460
2 1159 1644
1 726 471
1 639 625
2 1869 873
2 673 1249
2 752 628
1 1581 170
2 615 1623
2 263 712
1 1476 1052
1 336 79
2 1499 946
1 1273 751
2 44 1644
2 1565 184
1 82 1717
2 730 1146
2 1989 1036
1 1255 1515
1 1981 646
2 1279 226
2 1584 1406
2 1154 1173
2 685 1453
2 936 413
2 951 1683
2 370 800
2 1847 1589
2 1865 785
2 1112 1991
2 895 1581
2 719 1951
2 681 1242
1 261 1602
1 1320 1029
1 1228 788
1 91 101
1 544 783
1 407 1445
2 1291 1713
1 445 304
2 1227 1389
1 1835 876
1 241 178
2 337 332
2 1841 464
1 1176 326
2 1179 1105
1 860 493
2 993 830
2 274 1735
2 1189 436
1 1991 1795
1 1898 1703
1 1887 370
2 49 152
2 176 34
2 434 1752
2 41 1932
2 110 1453
1 162 860
1 632 1990
2 873 1025
2 1233 1716
1 1521 1129
2 1080 1208
1 919 1859
2 798 1448
1 1465 1881
1 232 742
1 622 1830
2 526 318
2 1034 927
2 357 1930
2 1453 1060
2 485 1917
2 81 1150
1 1518 1087
2 1003 1407
1 1999 1130
2 1880 1161
2 492 1165
1 336 1613
1 428 634
2 682 133
1 1112 1907
1 819 1090
1 367 1357
1 1452 1266
1 382 1908
2 1720 1097
2 1734 227
1 1771 1590
1 576 1948
1 1973 1369
2 1447 1303
1 1707 782
1 1431 528
1 1382 951
