2000
2000
9
1
3
10
2
2000
2000
2000
2000
2000
444
4
6
2000
18
18
2000
58
2000
2000
2000
1
33
2000
2
1
2000
2000
3
2
4
2
6
2000
2000
1
1
2000
2000
6
487
1
2
2000
2000
2000
5
2000
6
2000
12
2000
3
2000
5
1
4
2000
2000
2000
2000
2
4
2000
2000
2000
4
27
2
22
3
2000
2000
2000
2
2000
2000
1
2
2000
2000
2000
34
2000
1
3
2000
2000
11
1
5
65
18
2000
1
11
4
23
2
2000
2000
2000
7
6
2
2000
30
2000
2000
90
2000
1
2000
2000
8
25
2000
2000
9
2000
1
2000
2000
2000
2000
2000
3
24
2000
1
50
2000
2000
2000
2000
2000
1
2000
2000
2000
2000
39
2000
2000
2000
3
7
161
2000
1
2000
3
2000
2000
2000
7
15
2000
2000
2
37
2000
6
2000
2
2000
21
12
31
2000
2000
3
219
24
2000
2000
5
3
1
2000
2000
2000
2000
2000
2000
2000
1
6
2000
1
2000
2000
2000
2
1
2000
1
3
2000
2000
2000
4
4
2000
3
2000
106
2
21
2
4
2000
3
2000
3
4
1
7
2000
2000
2000
210
1
2000
6
4
2000
2000
2000
2000
2000
6
2000
2
2000
3
7
2000
15
5
218
36
2000
2000
1
2000
2000
18
2000
3
2000
2000
2000
2000
2000
2000
2000
13
2000
2000
2000
4
2000
7
2000
3
4
243
2000
2
2000
12
2000
5
3
2
2
3
1
25
2
1
3
2
2000
14
4
2000
2000
2000
2000
2000
58
3
15
2000
17
2000
5
4
15
22
1
73
2000
1
2000
8
2000
2000
2000
2000
2
3
2
2000
2
6
2000
1
33
15
2
6
7
1
2000
4
3
12
2
2000
255
2000
2000
2000
4
1
2
6
2
2000
2000
1
3
2000
2
2000
2000
2000
2000
2000
10
2000
4
28
2000
2000
2000
6
1
2000
2000
2000
1
1
2
1
2000
4
2000
2000
3
2000
3
2000
1
2000
2000
26
2
6
2000
341
2000
9
1
2000
2000
8
3
2000
2000
4
2000
1
2000
395
4
2000
2000
2
1
2000
2
2000
1
2000
2000
2
2000
1
2
2000
2000
2000
2000
2000
5
3
2000
1
1
2000
1
2000
2000
2000
1
2000
2000
5
2000
2000
2
2
2000
2000
1
2000
2000
2
2000
2000
5
3
3
1
2000
4
2000
3
3
4
6
2000
4
2000
2000
2000
2000
2000
6
2000
1
4
5
2
2000
6
2000
6
208
1
13
2000
2000
2000
2000
2000
1
2000
11
2000
2000
65
62
2000
27
2000
2000
4
2000
1
2000
2000
3
2000
1
1
2000
57
1
17
2000
2000
5
2000
1
2000
1
2000
3
3
2000
2000
2000
2000
2000
8
12
1
3
2000
2000
2000
1
2000
19
2000
2000
2000
2
2000
2000
7
2000
2000
7
224
2000
2000
2000
5
3
2
2000
5
2000
2000
2000
2000
5
2
2000
2000
2000
2000
2000
2000
2000
4
2
2000
6
14
2000
3
7
2000
2000
3
2000
11
2000
2000
2000
2000
12
5
6
2000
4
23
15
2000
2000
7
1
2000
2000
9
2000
2000
8
3
2000
2
2000
6
1
11
18
4
2000
1
2
2000
2000
1
2000
2000
6
2000
7
2000
2000
2000
2000
4
2000
2000
2000
2000
2
4
2000
4
1
3
25
2000
1
48
2000
2000
2000
2000
2000
1
2000
2000
2
24
1
2000
2000
181
2000
2000
11
2000
5
2
2000
2000
10
19
4
22
2000
2000
30
2
24
2
2000
2000
3
2000
3
2000
10
2000
2000
2000
1
3
2000
2000
2000
2000
1
2
2000
2000
2000
2000
8
1
4
2000
6
2
3
2000
2000
4
11
12
26
2000
2000
14
4
2000
3
11
2
2000
2000
2
4
2000
2000
2000
2000
2000
1
2000
2
2000
2000
2000
2000
7
2000
2
2000
23
14
1
2000
4
2000
1
2000
2000
3
2000
2000
2000
3
2000
3
2000
2000
1
3
2000
2000
2000
2000
2000
10
2
2000
10
2000
2000
243
1
1
2000
2
1053
2000
3
4
9
2000
2
2000
2000
2000
9
2000
2000
2000
2000
4
2
2000
2000
1
29
5
2000
2000
2000
3
2000
7
2000
2000
2000
2000
5
2000
6
8
2000
2000
2000
3
4
2
2
2000
2000
2000
13
1
19
2000
21
8
23
1
44
2000
2000
2
2000
1
2000
1
2000
2000
2000
2000
1
2
1
2000
2000
6
4
1
3
2000
8
1
2000
2000
4
2000
2000
22
9
4
3
292
3
5
2000
5
2
2000
9
84
1
2000
2000
1
4
2
24
2000
2000
2000
2
2000
2000
2000
2000
2000
2
2000
2000
1
1
6
2000
2000
2000
3
3
2000
2000
2000
2000
206
2000
5
2000
4
70
2
3
2000
2000
19
3
2000
2000
2
2000
2000
2000
2
2000
26
2000
1
2
3
2
2
2000
2
3
10
74
2000
2000
1
2000
1
5
2000
8
2000
2000
2000
6
1
2
2000
2
1
6
2000
2
158
6
4
2000
5
5
2
1
7
2000
7
17
2000
1
2000
24
2000
2000
2000
19
11
2000
2000
3
16
2000
5
7
2000
2000
2000
2000
2000
2000
5
2000
2000
2000
2000
2000
2000
1
3
5
2000
20
2000
2000
2000
41
5
5
2000
1
2000
2000
2
11
1
2000
2000
2000
2000
2000
57
2
2000
2000
2000
2000
5
2000
2000
2000
4
2000
2000
1
2000
23
2000
2000
2000
2000
2000
2
6
2000
3
1
2000
2000
2000
2000
4
2
2
2000
2000
3
2000
1
1
6
2
2000
1
7
1
2000
2000
6
2000
4
2
2000
41
1
2000
2000
2000
2000
2000
2000
3
2
2000
5
2
2000
27
1
2000
2000
3
66
2
2
2000
2000
1
2000
1
13
2000
3
2000
2000
2000
7
2000
2000
2000
2
2000
2000
2000
2000
2000
2000
2
1
2
2000
5
2000
2
2000
2000
2000
1
2000
4
4
2000
3
2000
2000
16
2000
2
2000
29
2000
11
2000
1
2
2000
52
1
1
2000
1
2000
13
2000
2000
2000
4
2
2000
2000
7
2000
2
5
2000
2000
1
2000
1
1
3
3
2000
2000
4
2000
24
2000
4
1
2000
5
4
3
2000
2000
2000
2000
2000
2000
9
7
1
3
2000
2000
2000
2000
18
64
13
2000
2000
4
2000
3
1
68
4
2000
3
2
2
2000
3
4
6
2000
1
2000
2000
1
2000
2000
2000
2
2000
2000
2000
2000
2000
24
2000
2000
2000
2000
4
2000
2000
9
23
2000
2000
1
2000
2000
2000
2000
6
2000
2000
13
1
6
1
2000
1
2000
2000
18
2000
2000
6
16
2000
2000
7
3
2000
2000
2000
2000
2000
2000
2000
1
1
2000
4
3
4
2000
2000
7
17
1
2000
2000
2000
6
2000
2000
4
28
1
2000
2
2000
2000
2000
2000
4
2000
3
2
2000
2000
2000
1
2000
2000
2000
2000
1
10
2000
3
2
2000
2
2000
3
2000
5
2000
2
2000
2000
1
113
2000
2000
2000
2000
2000
7
2000
2000
2000
2000
75
1
2000
6
3
1
2000
30
2000
5
3
2000
2000
3
5
3
2000
8
2000
2000
2000
2000
2000
42
2000
2000
2000
2000
2000
1
2000
2000
8
14
2000
2000
1
1
7
2000
2000
12
17
2000
1
2000
2000
9
64
1
2000
2000
2000
2000
2
2000
2000
1
2000
2000
2000
2000
2000
5
3
2
2000
3
2000
2000
2000
1
10
2000
15
2000
2000
1
28
2
8
6
2000
2000
11
12
5
2000
403
2000
2000
2000
2
1
2000
1
1
1
2000
2000
5
2000
2
2000
1
2000
23
2000
2000
2000
2000
14
2000
4
3
252
2000
2000
2000
2000
2000
14
2
1
2
3
2000
2000
2000
2000
2
2000
2000
2
2000
14
2000
2000
2000
1
2000
2
2000
7
2000
2000
2000
2000
2000
2000
2000
2000
2000
3
5
2
2000
2000
2000
1
2000
3
4
2
1
2000
1
56
2000
2000
2000
1
2000
9
17
1
1
1
3
5
2000
2000
1
3
74
2000
2000
2000
218
4
14
2000
2000
2000
1
3
2000
2000
3
2000
2
1
3
3
2000
2000
2000
2000
1
8
2000
2000
2000
2000
2000
2000
2000
5
2000
4
2000
2000
2000
3
2000
1
2000
2000
2000
2000
2000
2000
4
2000
2
183
21
2
75
2000
1
2000
2
2000
2000
2
1
14
2000
2
2000
23
6
5
3
2000
4
5
2000
2000
2
2000
27
5
13
1
2000
16
2000
2000
3
2
5
2000
2000
3
2000
2000
8
2000
9
2000
6
1
2000
2000
1
2
2000
2
84
33
2000
7
19
168
4
39
2000
2000
2000
3
2000
17
2000
1
2000
2000
11
2000
7
5
9
2000
2000
2000
2
2000
2
2000
3
1
1
4
19
2000
2000
4
2
5
2
1
2000
5
2000
3
62
5
2000
2000
1
2000
1
2000
2000
2000
1
2000
3
6
2
2000
2000
2000
1
2000
2000
2000
2000
2000
2000
2000
5
2
2
2000
2000
16
2
1
1
1
2000
3
2000
5
4
2000
2000
2000
39
2
4
1
6
2000
2000
12
2000
2
2
2
2000
2000
2000
2000
2000
6
9
2000
4
2000
2000
2000
2000
5
2000
2000
2000
2000
2000
2
3
2000
2000
2000
6
2000
4
2000
58
2000
2000
1
2
2
2000
2000
10
1
2000
2000
9
4
3
2000
2000
2000
2000
29
5
7
1
2000
5
2000
2000
2000
6
2000
4
2000
5
2000
2000
2
2000
35
2
2000
1
12
8
2000
1
6
31
2000
3
4
2000
2000
2000
2000
2000
2000
2000
2000
2000
2000
2000
2000
2000
2000
3
2000
2000
2000
74
17
2000
2000
1
4
15
2000
2000
2000
8
2000
2000
41
3
2000
2000
2000
2
1
1
2000
3
2000
69
2000
2000
2000
2000
2000
2000
2000
2000
6
2000
1
5
2000
2000
2000
1
2000
2000
2000
2000
2000
2000
8
2000
2000
2000
2000
2000
4
2000
3
6
2000
1
2000
3
2000
72
2000
2000
2000
7
2000
4
2
2000
5
4
2000
3
2000
2
2000
2000
3
2000
2000
7
1
2000
2000
2000
2000
2000
4
3
2000
6
1
2000
2000
2000
3
2000
2000
2000
2000
2000
18
2000
1
3
2
3
37
1
1
4
1
2000
2000
4
2000
3
2000
6
3
2000
2
1
1
1
2000
4
2000
3
4
2000
2000
5
2000
2000
2000
5
1
2000
2000
1
2000
2000
2000
21
2000
2000
2000
3
2000
2000
3
26
2000
2000
2000
4
2000
2000
5
5
1
2000
2000
2000
2000
2000
2000
4
1
2000
2000
3
2000
2000
2
2000
2
2000
5
2000
