20 1000
4 380000001 390000001 780000001 790000001
5 1 370000001 400000001 770000001 800000001
5 10000001 360000001 410000001 760000001 810000001
5 20000001 350000001 420000001 750000001 820000001
5 30000001 340000001 430000001 740000001 830000001
5 40000001 330000001 440000001 730000001 840000001
5 50000001 320000001 450000001 720000001 850000001
5 60000001 310000001 460000001 710000001 860000001
5 70000001 300000001 470000001 700000001 870000001
5 80000001 290000001 480000001 690000001 880000001
5 90000001 280000001 490000001 680000001 890000001
5 100000001 270000001 500000001 670000001 900000001
5 110000001 260000001 510000001 660000001 910000001
5 120000001 250000001 520000001 650000001 920000001
5 130000001 240000001 530000001 640000001 930000001
5 140000001 230000001 540000001 630000001 940000001
5 150000001 220000001 550000001 620000001 950000001
5 160000001 210000001 560000001 610000001 960000001
5 170000001 200000001 570000001 600000001 970000001
6 180000001 190000001 580000001 590000001 980000001 990000001
221828669
340320246
839726519
263927706
49456285
13335416
974707162
459334223
740568379
617129995
787578648
162135413
594431733
602302982
207254025
275121129
239200377
664396054
950467701
385618611
961014607
10500187
909106420
435073376
190894713
340310625
207022204
895804158
921660260
703878102
152124759
94482022
957317585
513786251
570097287
289261528
625240474
290588567
518047787
238727756
308938528
384339319
837517832
690190434
544102465
684693711
526271363
21891774
314291234
581420988
849709932
213638717
108667316
503582603
433954905
563649103
947999235
513345441
241086055
462616772
414711906
498480314
710892961
660870403
993526100
46230581
175109336
737044710
141598354
457725877
351902506
292571015
335063744
640932829
53092000
397503518
146947910
847222409
879940258
230874043
553110063
728048341
411753746
399940061
388876413
96971742
505533238
403191755
247900213
181409245
624635584
719124785
246823657
865413063
641415602
361637604
725300553
476929470
390645415
497866110
701062526
846420162
151059147
325206106
834965408
834879427
790541872
447031855
512578749
17545044
294098561
453222316
346147501
556952535
642536265
904935528
307357999
516773028
699584233
961634551
115320439
794522107
148760678
544930717
710327471
243922466
186067091
343249796
163095606
116834939
804225371
425228995
644867122
899263223
14228895
559299878
906029004
925930174
205641938
247185559
945922465
799522817
965555609
929622234
31251699
927420675
309844987
598826613
185266299
556030534
581016958
980545796
533350022
680354460
778983851
166214702
59270632
161457004
94067309
318860539
722386018
928577985
648930657
263223897
654354417
327730512
706643366
142224739
992755753
927690
677954031
770246755
400629513
804995643
202865866
13412870
40061121
590430975
141689511
942140883
144192241
851018303
630778343
508337915
410983121
156917129
757241721
447659394
917692194
112075012
736703101
74082274
287571283
220846223
518455281
65892207
607337667
560129463
884754565
279586073
415506657
583260326
533984349
534111431
495795346
236530553
208380596
146853344
467252935
276885731
202928012
72036473
433909549
213106510
189215376
712912569
491635854
642609167
374031273
439972018
679483339
880583098
759075249
914976755
294539023
583856595
848079880
743285444
589833413
199650231
90667015
517842307
528824681
200011122
39171889
840492123
663851938
320054738
4163946
507954466
239688134
39936721
351749340
595087313
768740217
236355449
538753983
969408559
514842540
612093083
493191694
776305629
980051913
180219237
907599988
93730638
587294615
472651977
458121836
406681301
713373811
815860730
270225238
752518729
890972859
634472028
349644647
258284077
288142932
605573320
82092739
636424588
204126852
655372229
537460347
833596073
717724024
104268915
895130876
923765495
797298765
493809552
714233551
526280520
345669710
834219643
322334076
871757082
657101379
999686590
674918120
136676057
257212732
245927165
854831034
956501355
584468390
929685724
639414147
393512666
603687558
486241701
572410893
752068828
245335166
118605586
722872799
425723389
348934922
791836256
751509717
288620208
981734058
353939999
686518324
284547790
878723777
937232184
189487072
857051842
646160368
309820578
723124310
95219275
135565237
652785042
716817499
926408658
707514834
488066084
527443389
577184296
533401856
536290146
283108756
744563908
417310334
441057272
437771154
377470283
298206095
732955215
267919862
203684746
764177599
799089778
789813622
906666021
875589072
670394121
253360720
432218006
294681642
948128824
976837284
819142060
526919451
24735036
650945759
582106178
569770824
480967191
521280307
852080086
137683239
65801235
635445213
371130541
90421126
949468640
885414437
125798480
804156808
596610055
356448539
50609405
495886478
911228246
756811517
809284457
394759272
728912959
571137242
296490472
528217948
207108114
455933762
343552619
148582952
784595811
43308903
44787423
982502003
551976256
933545246
547500736
952547740
486136381
979943526
180148646
926828705
420753279
13032151
232093093
993161143
338998254
753451150
434557935
40790191
255994262
316252030
598026620
85840409
478001286
390353517
453170626
477967125
441167479
553049820
379191181
516540552
439367286
481944492
308762109
124030827
73545943
820919146
714461208
592783351
231701802
417722596
126690633
146746824
863000088
820927186
885049679
584992619
980651952
370899944
981314183
217442324
661502471
82327035
960299210
548657559
994170441
168840894
610690085
822188611
467450752
149396856
215097758
681488738
133229747
836708846
902365879
794150707
642988813
661066442
918764715
495920461
184952075
932656436
222203805
995432737
152024934
401075980
657542047
368553423
202050319
50528617
644184723
534216707
464332361
509815337
201538564
181283860
2619152
268839515
118183375
476603670
95751225
335434823
62497400
685388825
838661060
426770627
786760260
676100615
30633341
501433080
42056673
816863054
480971501
638122155
245411304
749808728
178844291
410729017
125043855
289052872
409312184
163289600
284619724
516427933
273075341
756352058
47408641
377220309
738372702
722697778
609657288
537742
752002429
286155449
233618062
668877474
750270983
418216349
58629145
425549835
715584869
49047175
134129317
623825190
505764138
793306068
254787765
603470809
201642985
784097493
506949826
412966226
521630025
610054158
966394928
673065117
333952793
645888084
315929042
747091150
674217609
584740114
825583808
25224335
572578716
916165400
274019723
332330474
525939723
831078576
234138627
236555624
938518187
186028531
762468195
343552307
529894784
381482453
379664261
181223855
639921598
909749456
677351096
965383752
410228872
373890940
946081520
462503088
237785311
679673865
188911378
486294712
581148702
740698905
275453988
343389877
572598355
849672125
666867415
281423214
168431498
681983095
863927698
521926864
29505406
994857981
906444805
985683384
93644551
909686631
227201409
350940402
368016585
888069637
689031947
798667797
715115966
187033207
314086129
288581188
366112378
73939247
68063805
736506021
360323097
177468556
593965191
580431684
195213043
688448074
787139354
826869118
157890488
741857876
849435168
194671507
616244577
425792202
40810928
516280613
872981274
205752455
836093813
686737142
749798479
466638555
849424062
80751561
13538381
6117882
932518011
313411230
180046865
634182839
370247534
843110088
18279602
573207755
637992649
139264820
650316670
408366423
839791779
629499985
731088280
653902478
27583357
470228232
729789366
103624293
869615650
477198708
831158471
151957202
967244266
698265287
429006996
133718774
613030949
785455102
995821847
566663476
884915451
843042820
617043997
347237088
219257789
69945975
703122631
160546042
819381477
990918878
716772529
483134103
356297763
633402259
795735690
624233946
118657081
893587996
999971263
624922433
761868929
284668985
950165198
388328878
175639377
205013756
469687434
736705725
621067297
162737523
867469843
144282473
947078784
558923965
655670296
227487135
486247200
227750021
297625869
531637812
328279869
422931209
874673870
799428338
390342742
86695784
965533197
212612894
813736319
475120569
442361213
741512314
75528171
745040695
114640779
435133390
68195274
903523209
151940913
892181688
605695073
649101980
983736207
884751213
815840676
779572807
846727244
76047285
360753382
195366801
371585925
95685971
40394484
244101999
531390211
725491447
353459675
859455374
16035442
367455099
187733848
641276652
338799109
368146330
16465789
898939798
172224227
105865434
710089893
31113758
277928454
759240202
682548841
949711541
541812215
176268163
946122566
157658197
693708620
354540613
408662142
592898543
841957087
514867390
107419971
544334088
801276131
88227155
83650691
462723344
146263011
160266288
814856121
794673192
98015294
457214529
95880371
132733488
125069136
221889986
333559433
546343684
276215364
175379749
745547923
915948343
278191383
45720051
760019562
607812771
752233769
42614603
815526193
119069333
318708051
928228218
467989464
323174123
228953894
573658062
517117311
574016548
292015111
257934540
836522963
542268878
372713663
35402673
76875968
617273505
212880255
496684285
685495690
381405494
476992034
65432926
574242103
966188797
196901788
14098157
14849496
379384728
972321824
537966647
272134770
418175604
465081441
917425551
511214446
161325046
982063177
601416094
512238427
768459386
191761014
71629917
440960814
659061681
457644583
89213780
392377864
616242736
357749856
411245933
155344941
819512331
586505892
280722102
94081020
382338835
401086868
817252653
651897290
731749798
42065665
290385822
268638658
513601050
797348926
564348622
156660405
479761942
642363691
292080162
539276313
851710161
400684928
934317469
565280814
728433184
806795967
686598957
625025836
508495989
39658695
633863850
442666311
57528619
169049655
408431887
32323440
45966172
145872731
570306422
481188053
952009189
329576941
202157171
835222300
758854014
354306353
198503405
154197664
862542220
885835539
637766905
985171877
227775371
951156490
103313860
473381239
964532887
783781202
724782022
257804872
427504381
413939647
686830274
553793395
370568311
281963602
314764670
290929073
376135816
754110239
520825788
581753592
602045869
228278951
70017402
903552728
526856718
600184363
914558855
597817444
32685323
963643046
699519824
563500547
511342330
812033849
471326562
662019390
972454185
785959264
265473010
50802076
963724335
634765958
411620504
624045398
680459783
872985827
753737737
23807404
930515083
822670518
682848374
217316512
531491473
821164863
414703036
396438818
524984649
498719720
755219527
619541595
729120833
110290449
160158235
620841133
610818450
988202937
811676723
812108555
513361017
765860964
616953380
594042935
791828380
802750372
981502027
825541090
809641399
546835051
814742366
201354927
222244835
279671130
909768282
759806470
665331908
444360684
758686668
363188160
330367855
621883
968687245
471353372
626436134
825314918
10893834
213706904
833977184
742814294
500091401
289356077
