31 1000
16 120000001 122000001 244000001 246000001 368000001 370000001 492000001 494000001 616000001 618000001 740000001 742000001 864000001 866000001 988000001 990000001
17 1 118000001 124000001 242000001 248000001 366000001 372000001 490000001 496000001 614000001 620000001 738000001 744000001 862000001 868000001 986000001 992000001
17 2000001 116000001 126000001 240000001 250000001 364000001 374000001 488000001 498000001 612000001 622000001 736000001 746000001 860000001 870000001 984000001 994000001
17 4000001 114000001 128000001 238000001 252000001 362000001 376000001 486000001 500000001 610000001 624000001 734000001 748000001 858000001 872000001 982000001 996000001
17 6000001 112000001 130000001 236000001 254000001 360000001 378000001 484000001 502000001 608000001 626000001 732000001 750000001 856000001 874000001 980000001 998000001
16 8000001 110000001 132000001 234000001 256000001 358000001 380000001 482000001 504000001 606000001 628000001 730000001 752000001 854000001 876000001 978000001
16 10000001 108000001 134000001 232000001 258000001 356000001 382000001 480000001 506000001 604000001 630000001 728000001 754000001 852000001 878000001 976000001
16 12000001 106000001 136000001 230000001 260000001 354000001 384000001 478000001 508000001 602000001 632000001 726000001 756000001 850000001 880000001 974000001
16 14000001 104000001 138000001 228000001 262000001 352000001 386000001 476000001 510000001 600000001 634000001 724000001 758000001 848000001 882000001 972000001
16 16000001 102000001 140000001 226000001 264000001 350000001 388000001 474000001 512000001 598000001 636000001 722000001 760000001 846000001 884000001 970000001
16 18000001 100000001 142000001 224000001 266000001 348000001 390000001 472000001 514000001 596000001 638000001 720000001 762000001 844000001 886000001 968000001
16 20000001 98000001 144000001 222000001 268000001 346000001 392000001 470000001 516000001 594000001 640000001 718000001 764000001 842000001 888000001 966000001
16 22000001 96000001 146000001 220000001 270000001 344000001 394000001 468000001 518000001 592000001 642000001 716000001 766000001 840000001 890000001 964000001
16 24000001 94000001 148000001 218000001 272000001 342000001 396000001 466000001 520000001 590000001 644000001 714000001 768000001 838000001 892000001 962000001
16 26000001 92000001 150000001 216000001 274000001 340000001 398000001 464000001 522000001 588000001 646000001 712000001 770000001 836000001 894000001 960000001
16 28000001 90000001 152000001 214000001 276000001 338000001 400000001 462000001 524000001 586000001 648000001 710000001 772000001 834000001 896000001 958000001
16 30000001 88000001 154000001 212000001 278000001 336000001 402000001 460000001 526000001 584000001 650000001 708000001 774000001 832000001 898000001 956000001
16 32000001 86000001 156000001 210000001 280000001 334000001 404000001 458000001 528000001 582000001 652000001 706000001 776000001 830000001 900000001 954000001
16 34000001 84000001 158000001 208000001 282000001 332000001 406000001 456000001 530000001 580000001 654000001 704000001 778000001 828000001 902000001 952000001
16 36000001 82000001 160000001 206000001 284000001 330000001 408000001 454000001 532000001 578000001 656000001 702000001 780000001 826000001 904000001 950000001
16 38000001 80000001 162000001 204000001 286000001 328000001 410000001 452000001 534000001 576000001 658000001 700000001 782000001 824000001 906000001 948000001
16 40000001 78000001 164000001 202000001 288000001 326000001 412000001 450000001 536000001 574000001 660000001 698000001 784000001 822000001 908000001 946000001
16 42000001 76000001 166000001 200000001 290000001 324000001 414000001 448000001 538000001 572000001 662000001 696000001 786000001 820000001 910000001 944000001
16 44000001 74000001 168000001 198000001 292000001 322000001 416000001 446000001 540000001 570000001 664000001 694000001 788000001 818000001 912000001 942000001
16 46000001 72000001 170000001 196000001 294000001 320000001 418000001 444000001 542000001 568000001 666000001 692000001 790000001 816000001 914000001 940000001
16 48000001 70000001 172000001 194000001 296000001 318000001 420000001 442000001 544000001 566000001 668000001 690000001 792000001 814000001 916000001 938000001
16 50000001 68000001 174000001 192000001 298000001 316000001 422000001 440000001 546000001 564000001 670000001 688000001 794000001 812000001 918000001 936000001
16 52000001 66000001 176000001 190000001 300000001 314000001 424000001 438000001 548000001 562000001 672000001 686000001 796000001 810000001 920000001 934000001
16 54000001 64000001 178000001 188000001 302000001 312000001 426000001 436000001 550000001 560000001 674000001 684000001 798000001 808000001 922000001 932000001
16 56000001 62000001 180000001 186000001 304000001 310000001 428000001 434000001 552000001 558000001 676000001 682000001 800000001 806000001 924000001 930000001
16 58000001 60000001 182000001 184000001 306000001 308000001 430000001 432000001 554000001 556000001 678000001 680000001 802000001 804000001 926000001 928000001
887183011
985114898
944585121
171735326
50814090
905701983
549538040
156986742
680567583
811998407
509373644
714905205
787972507
653410242
517319152
939967119
666394259
235181733
993741836
38426589
681608472
343746562
208953321
500539234
813078891
910937389
259028710
451024787
482186070
211877359
759626153
937905420
919532403
340768270
164483200
149846116
753001252
936985667
816621911
726578867
180633082
506844285
595419839
801932638
950810572
453192034
947673382
345054960
911245284
723147340
690381920
868311014
95131107
946665649
149835715
569583015
599041029
207353061
581718142
367826417
997297725
306917759
714649584
398858761
109952690
800472588
944430543
25219895
779728572
529742133
274160112
864629963
409742332
733466825
908857528
565437775
287808509
196886769
223600395
222130267
838337772
2275496
282904902
782174899
703592250
811480230
388605299
997407167
130636570
57992860
331678077
149014047
507370271
296810294
826876600
142141897
212812242
355648937
783600670
247909762
538565223
182537335
383266865
310364118
455090622
788074686
72874162
606830542
98784549
581585658
723017123
569880470
533406656
785961048
125077549
848136106
12307372
991629536
741163706
365617859
660522750
700835291
20805444
741412786
800037988
505818535
267354381
897631383
831245836
333572897
383881848
283269256
921880126
452518640
555958843
968462466
983626833
479854848
514535200
445607908
211425744
444291565
805838548
965728820
532257818
735716205
124282107
202315614
315010502
675828304
20865524
238740742
289968946
373333710
917930474
743647703
728925500
438580395
936642625
495786990
78138253
258043239
18703508
278348783
407997106
194847947
377668207
149532782
243268497
98130607
562690270
500899449
310252703
486341129
116084403
224050169
71173741
985100421
258814018
27897897
957793293
430034992
482399085
138723515
56049031
597550870
396030391
397692193
217556781
451126828
528522271
141893168
778461687
54745685
201259513
608495748
396382781
715579624
905189784
57040884
727795248
103095287
869428032
412280550
1442636
514702333
409663007
637795918
864295433
230899755
460863598
28876154
509810945
736965050
918385171
979873153
522658284
52628067
454005592
500834373
782868561
690304117
570058293
86742899
233069784
266702458
741416776
494271624
743314560
181911261
4197958
224549870
894977145
478731445
621705230
718421948
498961612
596798759
193087641
863167608
899786412
363618004
915019207
154465266
461077384
545089612
707324362
363262807
451380267
307592970
910047208
629479427
911532369
225006312
681634388
630464947
758637011
590596827
809565317
10989797
922308653
889309083
158545807
1840581
945490912
175155466
605895871
937790697
935522915
377800440
126827154
283125739
902093029
919471389
150587687
135929734
993780964
188158580
174143056
239064561
939240071
144855095
87595739
687596369
946676490
858535779
75917431
886675794
649071538
456556097
937576195
449854138
926371913
444314365
681651089
623211301
496564958
956430620
681215094
664693919
637532989
947108468
518345306
266412957
99035340
719063562
369171544
167869272
734146376
884180053
321038816
884814972
459624067
677943207
596618191
615833443
234382700
521374797
161099158
591403685
213212021
623977920
28620954
598500749
750229521
805067483
122775875
379573161
155567144
328133732
566361669
173766446
508326788
205608870
333980473
781749757
723861929
856929800
353107887
236993594
145604549
788743697
989579014
282493441
287506533
959900905
538994166
446802970
935995886
142963860
20548196
783085709
170598345
461142047
628214158
690595659
628442531
597322956
996516370
586967006
890589989
538867671
848603877
563404825
438582313
105834029
815756443
752444217
872396221
594097928
228994511
148430880
137593412
927105330
525539964
691879951
38273303
603832505
626399768
461604359
364794021
47779302
809022412
274752414
192965836
656278135
830759386
139226758
232191501
20725408
972337799
177553419
161067039
546104972
324309710
155572891
200517201
31103019
740977291
104573200
550417857
696955886
879069817
919638965
528954694
905514043
497536725
611711554
602183391
193888509
868721263
743505842
114478340
947322729
37436383
565213746
337708873
746478356
859642663
706126257
752460198
520614933
757084350
962525158
226976469
730048320
651543209
473864364
347303954
855507872
664874120
293589704
100509412
708033111
368080955
728877360
181560919
775866035
623212226
253531052
42715424
379106381
926917590
169976228
869998787
254312840
236996356
844825093
383859315
449355988
5966129
517529683
68295827
835528330
271891159
347500362
441871357
347507538
149779748
706634939
417872743
458827379
354518051
315919691
277579693
603846235
446056297
957976473
144647384
563252232
199667828
282523364
279679063
213386121
912793187
792815916
835021992
661520251
646864108
835850964
594962080
495052925
953983800
101354783
34145016
118421641
265639315
745137044
867380272
99287318
97899189
704238702
907684765
242050889
105728191
857702524
392539683
607407393
823828086
506787265
713159209
935190358
530926553
345840643
332401844
374597030
987795293
444451320
164248487
139006826
487536662
515737636
197511489
135990430
600337817
751479649
616902876
774934909
873563774
673194834
289422975
641716718
597006273
250822533
723036845
196557887
992111427
538648597
261942035
29859941
752376259
906517569
783097210
198945453
897144589
271585573
850789602
947040330
364205538
793756785
498798098
801660410
627192656
567599633
307131132
945717307
981602440
875237646
74244331
885770304
676921651
257360333
171702580
820125722
541580758
576625469
707294241
350874158
902881423
247359974
398497407
803272531
337572166
634701360
301790438
577920309
976939547
547306541
628436981
974672831
228517838
853413381
757994885
590168363
503117265
30491347
277183020
533782506
305163762
382562640
362276841
954339461
992908124
6451540
449121220
310541807
98417851
206659479
928998034
256622297
79872662
729519325
404146999
357816417
46754109
616183988
821630537
917667283
907969732
666269345
303603450
646663276
95228514
844916794
210701234
838166171
760394564
58848463
517701892
42658562
201012089
282220737
486655546
340901854
852298386
533657857
866713935
697393452
568634347
326681981
25334615
947535606
134066724
967026214
946005513
448904083
73906088
309592928
275707662
876032745
264121678
732386972
151875745
14059365
468961440
191310584
976960643
409140278
115648475
162938316
846623433
391100975
571625102
852360796
814998351
88417030
655511786
112689155
308905477
683421620
877304048
724548413
843948105
668035452
312480057
571194247
647001493
844607821
946815020
246282708
291795160
371078682
248180484
785577433
623948141
823417370
655069628
949436734
970823646
144923673
767385175
703602248
235815366
50228526
939625222
791182847
166657587
25047849
17909602
555615839
383235826
534557673
130408989
892049045
81823073
478474828
368470322
972086245
168084322
282810125
81099639
307033422
484425252
359979429
176496294
48021242
141204684
806493409
685327028
362722383
839398994
852179144
351089606
957470259
47374755
206527580
597758190
962968830
928875762
527640575
780411550
454327813
518362084
560121969
133664258
631797798
505860970
511937753
939876439
442489210
881250431
726788496
20355378
670901087
427369848
780085349
337487711
72102488
222777037
824881970
622807996
136384868
127206344
792081255
780401330
151214185
795119705
956545322
952398862
495321863
460911757
610788226
625373478
363439806
598954031
703898001
866052723
191156902
739054357
378069216
855597891
169560763
165598091
806982196
38183900
902793402
269401651
279509395
530889089
85247311
880860183
174038749
977516855
745016559
785686075
515007374
542470653
223795306
682338845
808431781
78987386
730527346
594592117
936191545
109635302
348303875
200284330
309779347
852973979
627724956
6534900
308000880
799486344
469726200
530943111
772177692
731222123
218458647
792102614
290179425
704222194
717369012
640522246
397800670
534312773
901490293
70484801
439930338
285348356
357528425
538740547
234694629
82383117
85367432
222328268
942245414
797675332
142102547
374760897
249809340
569775055
460462895
143352947
103998150
535730249
213025903
890026777
644407764
531449484
430326487
797182583
548875153
910438457
922101066
190136003
199163392
248855676
564419483
515551498
270949949
60774078
205891954
888686984
387212212
661810660
949009857
978208069
762254499
302274772
34836133
930458839
430016870
473835769
55084857
767587169
24797185
985082213
976244806
254541689
129986340
127707456
384973796
912524375
263916833
194548402
287307788
33657285
410997415
617275459
463676889
631917306
418473517
394933793
945190697
228016138
886833748
435602554
916464134
166692015
124598494
693128018
528950842
820454776
802628982
451694342
134468015
56094576
842519132
285617456
213931878
995849532
997275087
28014734
306678322
106870791
398130399
966050482
853504477
700208308
418121418
674589122
103947133
619048407
55218996
287181092
917247984
7287286
369623013
524845880
584960115
19058558
396765416
183249983
562683520
532150522
921564330
507897082
891148659
61540537
405935289
665173734
920612453
681555874
337499311
617163599
126045409
583637863
245930338
768868227
747036861
769863526
345106130
932493158
797001296
674510618
686412233
731403792
881066745
841730685
742032191
214030099
839422705
845852947
421513917
929099516
877908156
173901339
435655365
545869476
35557227
5909084
494641918
187843848
667947886
766759429
127643962
702715236
530881608
483836343
783876534
722028456
762953978
675848213
447962506
540350655
363740061
763213459
345889640
569945443
481959644
393388177
912459431
876767534
217139185
500132839
844454250
766669877
317667468
767916183
24770335
880429000
399154500
168633667
411082614
893011178
390095082
59147492
677635466
858422623
29924756
451932177
251209940
289616972
834001225
346119947
483099862
156139219
735064406
112450623
637612341
320729306
694899818
820180784
581936298
319068135
673411156
58812811
944119128
876666924
660980114
