35 1000
28 357444944 639592182 174830862 499172120 216770737 993687978 738756288 980122987 423207938 266125538 813625747 372822485 718888128 422837230 147059551 362022509 334554769 730892649 405025845 946014795 466808671 885513050 881507342 267621298 7438829 315216321 485795904 73734325
28 325921546 324898604 674679512 952652816 410250665 432250943 297888541 456046671 250329174 761707887 803590620 398973353 186578670 213418609 682789762 801965397 734174605 145710416 888700747 448612089 831627159 496403198 508609493 723982910 282781028 644553396 669521842 918085477
28 237033455 24177066 116059740 467605934 422129495 998158560 297642742 46950322 106203159 903723089 402652679 405809990 800931569 605856406 151971740 581052955 284925460 724153763 399079355 591984349 712185428 831353239 761735720 994227616 534681914 446206525 565977115 183028901
28 52731994 462505362 994114652 831192981 953735859 505189442 579951431 651907791 800516224 276156493 389435190 792160222 984450933 614926465 426303532 916937736 226456208 915252912 111863686 774104763 229007938 42654715 725575852 312278746 748595789 38890806 172363249 697525102
28 74151321 522767114 793804266 777478511 654915143 199795730 662157086 182035133 868317120 45630019 584294677 316548280 949670016 680334946 242727264 481230763 116306221 304182697 105955112 804286409 426263783 986010178 787386826 1533538 68209905 504752368 751795428 683803824
28 16780437 200863704 229545846 689052874 556998295 611017313 145780619 683959358 1594968 993508442 616205340 482837190 670058933 188388144 772450797 667430085 680641795 668207066 453306384 836621544 406930747 196676721 233863132 427280127 453521228 970498463 28871166 995113293
28 338460939 700798663 525471061 243009801 475896879 732226243 850121433 829092044 554328789 668165749 41194772 547792846 126880393 572786895 248429000 277161112 817105163 463448915 447281095 683434735 676301160 60241354 994354438 458304312 839324386 24477295 577372557 107000229
28 53701772 854300890 297957478 216878315 46917407 848261277 533270762 158622511 126042931 807260772 905133448 831282473 942494676 813345887 170983870 860746373 59301573 689448042 886641549 530550288 579472844 189416975 201266049 904273111 569249924 984509237 23971533 100050200
28 322157681 442906388 119453414 151898544 863273180 11135147 637585844 884640365 443855219 567996432 289520480 471015869 482940707 333349993 943414200 320294491 925977739 177681472 620547152 78610888 994661030 346733679 842955744 427557200 486281940 539482951 40994527 700375561
28 571651930 987377793 147837877 615961204 929730962 610327472 722262570 396541675 182620965 106255208 880110999 353726138 636603052 669294637 137110199 74319395 974142844 632811041 887983412 377753610 820460865 877605235 713619267 1356454 79045732 501243038 516167469 910090926
28 500260081 847005384 991712536 807256823 590822320 665316672 205322368 225531821 44181572 2179287 946656753 695599334 78439849 10546984 438952952 765517599 177849430 481699686 51012818 776781570 451980509 18333106 246349934 606861194 530802162 441516334 858451521 309477957
28 907238021 183195439 179619918 98361634 407121228 340270047 890988270 778490081 394153986 130130168 904127426 992996258 36258608 879937602 671898727 726304335 948648711 368096358 576172083 643568288 796273100 27660630 185137135 260998749 379452537 770354684 881093702 219798225
28 592375602 698857937 365540416 783378456 287382353 226614033 523234355 859834362 932750234 640754825 704766000 742868873 164904264 215724692 20262099 988989691 444892634 24729677 785978076 927533403 210296582 563860176 860216443 532794748 258021158 414606300 937664649 734944231
28 655479475 687431720 198043741 284195936 181778749 375713438 366034758 275662400 308363007 259711006 260777152 115351085 58119858 556880854 364919116 187971506 832467293 4314981 148088002 860267835 457643072 102290003 486142445 808258371 473083075 776996728 529575601 333499608
28 323325881 634529137 833690593 299266557 786304031 837439604 665845832 425636813 762437664 799089226 894474627 116180910 641411999 378107306 877360355 866134217 720571906 717220508 978335150 938606463 494029384 774333432 380384116 560636630 739946851 290142873 47970861 573218025
28 661033457 900488363 782892316 226620989 110585227 120633750 657347804 634013973 713151785 457364729 284713087 206959160 203306561 268938254 39084987 640082654 17241555 503181138 661965584 378506387 55348261 657689365 337408399 960001212 873012443 457626308 329427938 193860383
28 578904247 912372551 786708866 93863235 930746898 260590327 341296756 847680401 787545933 791498818 767849031 733570152 399929087 624333717 159650214 651149617 166953787 470760629 387358662 876004450 912103757 997921587 362892509 377430486 728664368 661527518 157042948 802786145
28 278857363 158358592 163287950 442115303 101433706 39231431 118416095 609604007 215323677 600905597 594170318 952355837 976207428 971280333 134087444 164353924 100829690 643630341 866130566 837855629 743223012 761249852 186961428 763935500 827704833 368632043 356802345 212869576
28 679235819 364841665 324173552 174806414 702806595 503785421 190641008 95324845 772536345 993368654 524996951 900951578 836314827 441497009 609224304 780954561 369580904 209804943 526943334 892594117 396109094 714625859 439240090 998605963 36967595 160013855 597995180 669434003
28 767489669 717153473 569426296 37297353 480143195 297212790 478820132 437765953 686288346 165804034 527588178 23096373 209152746 724936140 974258623 682829268 626071138 395193892 629517055 686041510 325327245 8401109 370481224 529755934 528997772 253777151 119133994 843956222
28 840559859 645764908 360513404 206086929 682884770 981038007 217513809 715495141 596866869 439314187 444791903 870650610 817190568 951165454 292161360 487941077 114059922 555142239 888381813 127919435 319229148 45345265 586762496 40778773 203373535 691374415 731171324 80227752
28 606715110 808300387 587872786 162340145 955958668 372288605 957488725 476058605 8701359 482379747 52471918 145964402 316559152 9370239 282185398 263817013 194161590 516831882 386717164 238316865 679212335 662180842 119313626 221197815 200586274 471240801 999751346 774121791
28 786536799 392291556 481976183 170871176 544954434 159663341 272621313 958852144 269968763 144905319 741553664 450649223 441966092 367585124 584476874 474842731 305613995 521997878 836435726 105636829 707655692 239249178 704494396 169931459 599317256 18014102 688519122 947745022
28 290597808 752011518 102876627 761494265 771926346 944736581 592002292 788420370 144486419 92757406 163156786 708051992 698507270 557710681 858594014 63395927 928026078 997726475 882578438 921472151 147662735 708146705 646997298 139589780 824242228 39194662 325293748 400237938
28 292380304 329514061 181845514 140282394 53291595 265904636 778948398 182425992 119133133 119883396 199296657 11965589 693572231 196130601 615798348 497747562 821564799 231711922 708302004 113336117 919307284 276796278 231773320 201674270 717983408 461368751 620621122 382643564
28 492650415 742168515 197093182 274222382 955511192 828091379 914240359 654470729 420978198 797605201 591882658 969926181 544107288 96039600 847940706 912726544 167004182 268803939 354371528 423577905 798342366 674442442 421140953 37924957 299208121 11513820 734368172 802163387
28 611233049 928893626 568488268 568660138 638382626 656724778 841414842 886879584 196842261 137844550 730799463 356835077 690168000 948574276 456664900 633002158 203528142 585223797 66270870 381066577 174491473 933289679 634468082 514511084 855827143 597676182 218270491 559350547
28 691973241 928332127 116640664 386057646 995477979 613006696 231621796 782103715 697836204 112001007 85724086 803459130 790954962 940521376 798709056 568484418 949352339 135299947 471540223 591559146 591105194 980377117 750479065 44212637 346031355 828724872 287537426 510062755
28 124016578 402973698 741741418 973782645 390961919 721743181 663685166 405395434 677631454 697149625 899918344 761414265 545252288 858310653 945808182 750206334 578840271 69542357 483883766 875699030 52499031 8622320 527418475 55468515 472542798 554191082 637440754 3606574
28 185871609 222435560 304933164 962276866 24990606 576844194 33576726 451723600 435309068 788562476 343654599 821471632 375301827 16223410 373515005 130988368 1099268 911914186 622271249 598794133 442263754 492465910 199303350 361352321 809109111 278355871 400783147 269691842
28 510153772 313369877 413371404 88277063 908730789 795609499 836950779 577220654 55951282 355785800 226357325 306493261 655955643 953762813 331145176 615132553 475605733 873581277 822339725 485476962 348489350 364652528 724601561 685447008 726416995 422087354 351134492 557332275
28 276437053 262918215 691743053 121775724 122512752 856941355 407632018 370397664 568986025 348121501 456118577 793070058 602051218 611957217 616683610 420896211 679164760 320458752 924268056 599988143 589366885 3734949 309433603 257355864 497292768 349916525 30718002 848690909
28 263647361 480782302 704967843 48395134 828014910 824203623 27744948 694607013 930578900 319303736 355712733 339684930 756723418 870578993 494792422 174014879 873324325 809971266 473360698 174309741 291825984 642584113 65703139 112397764 359523005 742395091 307016053 79069298
28 904530710 806548642 689313109 395271200 403578581 367619533 296304433 64737230 874473535 812775584 8440161 903900442 415835611 671723797 402511401 364752844 2555092 406903680 652771701 347595259 873241955 480992677 326396310 400230903 139739329 396745648 37129180 72506284
48 849892032 410922971 93333785 872391104 139815986 52191463 913963179 632999300 964288411 432736066 888938759 368669167 617966908 395118435 921173974 722837216 897025195 754615704 475783150 913528392 768915447 116455642 256513242 422066412 572511946 144467040 122164809 902575906 563706303 765077491 669049653 10186041 903324009 609393243 882645924 752593354 605122650 489714022 413069299 913062161 545478592 342481561 36299749 655241947 1790796 934701507 336974175 320532357
507720112
254548261
542320068
817185906
553923597
93117108
470702791
35818832
315391153
250817471
61943181
920972444
831034014
625121085
657433390
874113433
939264666
386292616
292908360
491232553
777424028
212014288
878198988
33077243
560916562
516998851
964725564
686393748
578204991
277280064
810614933
991644355
202364580
285059478
800743075
37676254
850713021
258417525
915282454
162971543
553240938
316061591
293771780
195644497
715214083
983287034
171397120
974422322
399397786
338539392
540317257
500184156
659236777
672354455
78679656
354100459
528465973
146504596
850338439
923377427
431925416
835382796
902419310
480181216
763858705
254409022
474516712
862604693
476506888
661501520
338395417
774569259
995559863
295897273
991297874
920469050
542987159
911757218
461047555
731768452
623969883
763416878
618669093
581441884
85091584
269313528
874797859
440925726
710296952
657323573
215404963
662852998
649582375
579724568
135360651
824623665
685520235
294922083
198578511
684029199
474661520
368530705
837000745
897865186
463366029
694695237
659864033
116603766
529835124
287688330
525843110
543711156
377994938
319461996
554921367
826932795
404303440
85203814
814734787
468080553
943235495
856302652
670828007
217924730
51760120
179082696
60275457
880637524
799387695
342961702
268558007
563936769
26897971
272108642
304360001
322193348
624665790
283934167
533954489
174684842
155491179
948852676
184780789
541008313
166766283
82027660
507183026
254842312
788446759
36441819
152119166
476487859
705261574
273655243
637513162
683091895
10756181
214011346
874343032
889649529
954515257
271671084
10848682
73799228
302491649
716079649
784516602
214597538
649616005
621213176
729699877
869951512
626230431
240878993
103686798
206854259
60259488
137478966
550970705
240550995
664308352
876506578
807796983
839931906
612224534
909438240
561633168
748904869
236255540
264295648
511619562
823165843
805957252
825872259
80170597
363249373
282791973
770555225
842011143
499656366
192639879
191809545
11865245
236857514
350740512
19361869
103730158
364096529
437183169
21197074
173392434
372757801
651008532
283461789
362233156
857534545
340094231
296466159
656231361
511938917
520707401
903317747
193059506
38160690
792109479
174095293
549001027
998607460
830843982
304401244
385078316
96858874
780369014
517490606
472224071
889046032
319963679
308811912
574697277
835329284
515025377
540638120
902321251
718825661
449843941
222905220
165396720
832850089
512960741
847748084
706107871
584227891
88664805
929134067
371124360
702805931
919714966
429053231
32888753
269066571
479137997
790248467
860063624
394332440
848201915
407860446
669823112
509788264
656485804
107690528
721957804
401056293
140486507
443736103
972707112
935081625
693477449
352343124
545807123
227401816
266873138
920293868
614450481
212575007
270859948
320005778
35754664
18828161
995081086
475258491
954286264
341260297
240653501
724621428
230984247
361402188
260279204
178786533
246398551
251503782
615506795
807947544
251438580
554903928
713678701
714287001
63132529
71341857
276919928
685998295
437504812
801252758
463351778
834830192
659019791
405699464
532085473
278301622
177959489
430219040
95170691
508740859
242603089
961578459
214491615
576897091
887179707
581462684
719040662
691164743
130808920
603524118
445990230
475847452
339737948
617789247
92235584
675966940
298533768
104191873
645144849
948840893
878929371
855679384
455014907
821492969
443882981
342279196
502346050
822538691
902132516
328387949
730871051
312649063
924126048
398215754
527677196
171510983
191859812
831200759
198420129
501450590
537417402
143108524
139441881
759046097
280636772
618369534
674556522
3530749
808793029
400473068
690398428
523196330
962236919
524043222
632651608
481176270
266573821
261399746
808603994
320643842
239008842
206086977
920453692
408551388
403323015
919278574
694748581
449563680
496045204
490035787
233323718
419065715
120995028
943827213
641216710
247109593
734913159
147657539
436809074
879879572
356781646
414504121
700324952
941942609
775876380
251926314
815416473
322830395
842470090
600732738
386926606
941781968
613372456
72557466
94402371
740429953
588769243
36958035
952365706
237430120
838386092
137669218
601402973
570469441
711322576
7135904
198647951
508334400
680527490
133951920
735800758
424303065
763245943
934229178
134270144
608391890
161227510
552204721
786434257
854820306
854269199
319006513
461203249
281140751
413347830
531912192
760617801
162939860
225788855
872707051
235410648
968368379
636470680
449125780
600907707
781542789
711056592
428016075
546857948
448480249
539731270
255399732
210983000
437042
763282182
981959201
447544117
805108348
521944914
132132821
988193644
451578175
95266129
857495445
480787323
267372133
450125692
43001549
568195282
73135277
192115402
979985521
92083787
803490250
596617312
703451634
470732011
616259491
832912542
970010738
963488226
823186566
308746621
723323499
232159666
217899784
425730478
175126297
250592958
397668349
698646818
308930759
758025741
106923877
297383726
341141186
645496359
718219844
529837644
308406795
121441828
187575316
845121207
835208860
334614257
569145844
87102828
619138772
448528750
119407321
910967332
524625723
290757540
324784050
856294292
952610041
201219345
868713816
168266176
588098235
741315011
973113551
704198480
953222091
156165053
929760103
775218106
240983684
548440283
424962261
297040520
591924357
804208679
69123324
4524754
825184052
441754284
933850118
786746870
969484110
362079812
443198013
183300421
467669699
694749112
985036741
461228818
112601352
887368190
119042091
7585178
550604582
286315618
681253332
815254473
755260344
554626347
700129731
606794974
592337386
900547833
637064143
448015699
76116010
682898635
409062585
131306727
74185690
70638500
163388857
241849073
400337862
579382971
277441496
260296178
687814340
315932037
269953031
805449516
39862276
412793719
232068417
478258955
284897660
630046197
873245154
199866348
561192880
168885416
155274909
709499614
910435294
892647910
300648596
983639975
911612759
929776631
806027277
249572690
172210034
735614578
951243690
627723441
272250684
909432216
562372325
921524538
206603012
292821621
479776214
721927602
451036408
132312010
449290053
545004822
382584061
315957206
402572137
453677821
467502766
673057558
248218956
323244518
829572369
307962743
827046562
728589859
438287518
859361756
555111317
963181006
417940713
832602979
913295227
926286008
161686919
350804291
273448732
759710127
262484798
41758738
871232501
13418053
865113730
588528955
232981892
743670859
453200884
433713230
89886770
356541671
70507593
921339389
2442994
897489528
635787707
539007926
529072150
887993302
279737386
744170079
664747878
711702102
724830338
661176159
467221436
535928067
215541802
192777544
756829800
489947211
178961137
55085125
719213045
728046041
654856223
789212342
32245674
819457041
892032843
719453697
729908603
277385018
233925416
525419487
8073232
888209716
323399154
492583175
804836859
161949992
554116884
736500050
300643156
796738954
567029538
889276040
740301517
273485885
715780087
519929946
336963969
411836223
32781170
407301956
575101740
418705102
111303982
973807252
812570146
217592020
550037039
25109851
562076429
633385007
490344938
806633935
859888891
402685045
722267905
168530965
87576763
975868096
465598876
618128313
198834984
474529397
471425467
183415156
313289717
412987543
314900269
262407590
684917956
486577253
206793055
410191010
593468037
680048058
163380015
804010411
340266157
54639437
296247521
247103608
352180
951974472
306831677
639350834
17690116
2628281
957429008
477085624
406576267
255582371
758303315
119407225
699082843
625568644
213534075
508001376
736867828
379048556
274181763
728685901
186022010
166134498
485423565
509139225
187964492
742822374
999330056
268167431
212384041
208064639
772530164
69707975
898791949
952031088
771520519
159693354
318395173
459435312
471442984
581303338
42573093
176613282
928128082
109432626
314154447
982080120
60827705
688970276
642139079
914939482
867406358
76815950
273660225
668314891
737898128
750294894
452286737
927356312
78517748
52989834
442595200
793963768
417533528
93255565
668085498
610523209
218533218
550857873
135244900
348270589
474056231
777374524
33447174
176894123
620168360
412431016
479089384
434666652
792357311
125882639
939586218
618218210
985548499
986481271
471225461
65734021
813979118
371517042
491668347
259033298
375879404
575982455
237257895
982782657
282826595
800344636
734061133
522629941
438132924
183887320
193640222
22718336
78051744
679110662
629285320
366873606
981237959
352917143
562022303
570601936
299687902
660513806
587228467
318939243
394384070
817952650
639047676
554804048
448889534
394919303
45354607
185685519
863506353
833770521
629396789
447253843
929252874
581262544
445510083
958682219
776194944
578081321
613669396
310214721
269091217
821669187
736953099
618659199
527497782
33796009
836969616
841032260
932375566
729614492
256576591
729517454
356337788
266756896
264570821
509160488
995702435
676269564
38731224
576747182
751917018
213045988
330700675
311713016
12512572
16634483
811088113
93830349
257945659
956571534
22074141
615787470
941884916
42730220
900013411
938572986
137513582
720841731
125065281
989514992
558659769
725425075
69404948
494168759
857585701
454057866
804019212
945622915
339810519
36343324
616162883
98326805
974604280
104741156
395088119
802307703
307459907
649393674
680419456
942464443
4368246
863219791
127498081
96553938
451271775
487724944
747347709
891981244
880616481
815760596
823992869
361497401
67646664
844506493
539712599
690412934
876668456
452786224
459123483
812373424
254282394
389354919
415870632
925875489
800418959
484875840
427398500
305944789
130370130
386029368
195735031
778737011
613908978
762856074
515396024
803242204
432542574
571658733
100487405
409714256
772362969
6673203
825685591
681889957
887033753
919630159
744799848
572127175
112301982
