499 1000
2 996000001 997000001
3 1 995000001 998000001
3 1000001 994000001 999000001
2 2000001 993000001
2 3000001 992000001
2 4000001 991000001
2 5000001 990000001
2 6000001 989000001
2 7000001 988000001
2 8000001 987000001
2 9000001 986000001
2 10000001 985000001
2 11000001 984000001
2 12000001 983000001
2 13000001 982000001
2 14000001 981000001
2 15000001 980000001
2 16000001 979000001
2 17000001 978000001
2 18000001 977000001
2 19000001 976000001
2 20000001 975000001
2 21000001 974000001
2 22000001 973000001
2 23000001 972000001
2 24000001 971000001
2 25000001 970000001
2 26000001 969000001
2 27000001 968000001
2 28000001 967000001
2 29000001 966000001
2 30000001 965000001
2 31000001 964000001
2 32000001 963000001
2 33000001 962000001
2 34000001 961000001
2 35000001 960000001
2 36000001 959000001
2 37000001 958000001
2 38000001 957000001
2 39000001 956000001
2 40000001 955000001
2 41000001 954000001
2 42000001 953000001
2 43000001 952000001
2 44000001 951000001
2 45000001 950000001
2 46000001 949000001
2 47000001 948000001
2 48000001 947000001
2 49000001 946000001
2 50000001 945000001
2 51000001 944000001
2 52000001 943000001
2 53000001 942000001
2 54000001 941000001
2 55000001 940000001
2 56000001 939000001
2 57000001 938000001
2 58000001 937000001
2 59000001 936000001
2 60000001 935000001
2 61000001 934000001
2 62000001 933000001
2 63000001 932000001
2 64000001 931000001
2 65000001 930000001
2 66000001 929000001
2 67000001 928000001
2 68000001 927000001
2 69000001 926000001
2 70000001 925000001
2 71000001 924000001
2 72000001 923000001
2 73000001 922000001
2 74000001 921000001
2 75000001 920000001
2 76000001 919000001
2 77000001 918000001
2 78000001 917000001
2 79000001 916000001
2 80000001 915000001
2 81000001 914000001
2 82000001 913000001
2 83000001 912000001
2 84000001 911000001
2 85000001 910000001
2 86000001 909000001
2 87000001 908000001
2 88000001 907000001
2 89000001 906000001
2 90000001 905000001
2 91000001 904000001
2 92000001 903000001
2 93000001 902000001
2 94000001 901000001
2 95000001 900000001
2 96000001 899000001
2 97000001 898000001
2 98000001 897000001
2 99000001 896000001
2 100000001 895000001
2 101000001 894000001
2 102000001 893000001
2 103000001 892000001
2 104000001 891000001
2 105000001 890000001
2 106000001 889000001
2 107000001 888000001
2 108000001 887000001
2 109000001 886000001
2 110000001 885000001
2 111000001 884000001
2 112000001 883000001
2 113000001 882000001
2 114000001 881000001
2 115000001 880000001
2 116000001 879000001
2 117000001 878000001
2 118000001 877000001
2 119000001 876000001
2 120000001 875000001
2 121000001 874000001
2 122000001 873000001
2 123000001 872000001
2 124000001 871000001
2 125000001 870000001
2 126000001 869000001
2 127000001 868000001
2 128000001 867000001
2 129000001 866000001
2 130000001 865000001
2 131000001 864000001
2 132000001 863000001
2 133000001 862000001
2 134000001 861000001
2 135000001 860000001
2 136000001 859000001
2 137000001 858000001
2 138000001 857000001
2 139000001 856000001
2 140000001 855000001
2 141000001 854000001
2 142000001 853000001
2 143000001 852000001
2 144000001 851000001
2 145000001 850000001
2 146000001 849000001
2 147000001 848000001
2 148000001 847000001
2 149000001 846000001
2 150000001 845000001
2 151000001 844000001
2 152000001 843000001
2 153000001 842000001
2 154000001 841000001
2 155000001 840000001
2 156000001 839000001
2 157000001 838000001
2 158000001 837000001
2 159000001 836000001
2 160000001 835000001
2 161000001 834000001
2 162000001 833000001
2 163000001 832000001
2 164000001 831000001
2 165000001 830000001
2 166000001 829000001
2 167000001 828000001
2 168000001 827000001
2 169000001 826000001
2 170000001 825000001
2 171000001 824000001
2 172000001 823000001
2 173000001 822000001
2 174000001 821000001
2 175000001 820000001
2 176000001 819000001
2 177000001 818000001
2 178000001 817000001
2 179000001 816000001
2 180000001 815000001
2 181000001 814000001
2 182000001 813000001
2 183000001 812000001
2 184000001 811000001
2 185000001 810000001
2 186000001 809000001
2 187000001 808000001
2 188000001 807000001
2 189000001 806000001
2 190000001 805000001
2 191000001 804000001
2 192000001 803000001
2 193000001 802000001
2 194000001 801000001
2 195000001 800000001
2 196000001 799000001
2 197000001 798000001
2 198000001 797000001
2 199000001 796000001
2 200000001 795000001
2 201000001 794000001
2 202000001 793000001
2 203000001 792000001
2 204000001 791000001
2 205000001 790000001
2 206000001 789000001
2 207000001 788000001
2 208000001 787000001
2 209000001 786000001
2 210000001 785000001
2 211000001 784000001
2 212000001 783000001
2 213000001 782000001
2 214000001 781000001
2 215000001 780000001
2 216000001 779000001
2 217000001 778000001
2 218000001 777000001
2 219000001 776000001
2 220000001 775000001
2 221000001 774000001
2 222000001 773000001
2 223000001 772000001
2 224000001 771000001
2 225000001 770000001
2 226000001 769000001
2 227000001 768000001
2 228000001 767000001
2 229000001 766000001
2 230000001 765000001
2 231000001 764000001
2 232000001 763000001
2 233000001 762000001
2 234000001 761000001
2 235000001 760000001
2 236000001 759000001
2 237000001 758000001
2 238000001 757000001
2 239000001 756000001
2 240000001 755000001
2 241000001 754000001
2 242000001 753000001
2 243000001 752000001
2 244000001 751000001
2 245000001 750000001
2 246000001 749000001
2 247000001 748000001
2 248000001 747000001
2 249000001 746000001
2 250000001 745000001
2 251000001 744000001
2 252000001 743000001
2 253000001 742000001
2 254000001 741000001
2 255000001 740000001
2 256000001 739000001
2 257000001 738000001
2 258000001 737000001
2 259000001 736000001
2 260000001 735000001
2 261000001 734000001
2 262000001 733000001
2 263000001 732000001
2 264000001 731000001
2 265000001 730000001
2 266000001 729000001
2 267000001 728000001
2 268000001 727000001
2 269000001 726000001
2 270000001 725000001
2 271000001 724000001
2 272000001 723000001
2 273000001 722000001
2 274000001 721000001
2 275000001 720000001
2 276000001 719000001
2 277000001 718000001
2 278000001 717000001
2 279000001 716000001
2 280000001 715000001
2 281000001 714000001
2 282000001 713000001
2 283000001 712000001
2 284000001 711000001
2 285000001 710000001
2 286000001 709000001
2 287000001 708000001
2 288000001 707000001
2 289000001 706000001
2 290000001 705000001
2 291000001 704000001
2 292000001 703000001
2 293000001 702000001
2 294000001 701000001
2 295000001 700000001
2 296000001 699000001
2 297000001 698000001
2 298000001 697000001
2 299000001 696000001
2 300000001 695000001
2 301000001 694000001
2 302000001 693000001
2 303000001 692000001
2 304000001 691000001
2 305000001 690000001
2 306000001 689000001
2 307000001 688000001
2 308000001 687000001
2 309000001 686000001
2 310000001 685000001
2 311000001 684000001
2 312000001 683000001
2 313000001 682000001
2 314000001 681000001
2 315000001 680000001
2 316000001 679000001
2 317000001 678000001
2 318000001 677000001
2 319000001 676000001
2 320000001 675000001
2 321000001 674000001
2 322000001 673000001
2 323000001 672000001
2 324000001 671000001
2 325000001 670000001
2 326000001 669000001
2 327000001 668000001
2 328000001 667000001
2 329000001 666000001
2 330000001 665000001
2 331000001 664000001
2 332000001 663000001
2 333000001 662000001
2 334000001 661000001
2 335000001 660000001
2 336000001 659000001
2 337000001 658000001
2 338000001 657000001
2 339000001 656000001
2 340000001 655000001
2 341000001 654000001
2 342000001 653000001
2 343000001 652000001
2 344000001 651000001
2 345000001 650000001
2 346000001 649000001
2 347000001 648000001
2 348000001 647000001
2 349000001 646000001
2 350000001 645000001
2 351000001 644000001
2 352000001 643000001
2 353000001 642000001
2 354000001 641000001
2 355000001 640000001
2 356000001 639000001
2 357000001 638000001
2 358000001 637000001
2 359000001 636000001
2 360000001 635000001
2 361000001 634000001
2 362000001 633000001
2 363000001 632000001
2 364000001 631000001
2 365000001 630000001
2 366000001 629000001
2 367000001 628000001
2 368000001 627000001
2 369000001 626000001
2 370000001 625000001
2 371000001 624000001
2 372000001 623000001
2 373000001 622000001
2 374000001 621000001
2 375000001 620000001
2 376000001 619000001
2 377000001 618000001
2 378000001 617000001
2 379000001 616000001
2 380000001 615000001
2 381000001 614000001
2 382000001 613000001
2 383000001 612000001
2 384000001 611000001
2 385000001 610000001
2 386000001 609000001
2 387000001 608000001
2 388000001 607000001
2 389000001 606000001
2 390000001 605000001
2 391000001 604000001
2 392000001 603000001
2 393000001 602000001
2 394000001 601000001
2 395000001 600000001
2 396000001 599000001
2 397000001 598000001
2 398000001 597000001
2 399000001 596000001
2 400000001 595000001
2 401000001 594000001
2 402000001 593000001
2 403000001 592000001
2 404000001 591000001
2 405000001 590000001
2 406000001 589000001
2 407000001 588000001
2 408000001 587000001
2 409000001 586000001
2 410000001 585000001
2 411000001 584000001
2 412000001 583000001
2 413000001 582000001
2 414000001 581000001
2 415000001 580000001
2 416000001 579000001
2 417000001 578000001
2 418000001 577000001
2 419000001 576000001
2 420000001 575000001
2 421000001 574000001
2 422000001 573000001
2 423000001 572000001
2 424000001 571000001
2 425000001 570000001
2 426000001 569000001
2 427000001 568000001
2 428000001 567000001
2 429000001 566000001
2 430000001 565000001
2 431000001 564000001
2 432000001 563000001
2 433000001 562000001
2 434000001 561000001
2 435000001 560000001
2 436000001 559000001
2 437000001 558000001
2 438000001 557000001
2 439000001 556000001
2 440000001 555000001
2 441000001 554000001
2 442000001 553000001
2 443000001 552000001
2 444000001 551000001
2 445000001 550000001
2 446000001 549000001
2 447000001 548000001
2 448000001 547000001
2 449000001 546000001
2 450000001 545000001
2 451000001 544000001
2 452000001 543000001
2 453000001 542000001
2 454000001 541000001
2 455000001 540000001
2 456000001 539000001
2 457000001 538000001
2 458000001 537000001
2 459000001 536000001
2 460000001 535000001
2 461000001 534000001
2 462000001 533000001
2 463000001 532000001
2 464000001 531000001
2 465000001 530000001
2 466000001 529000001
2 467000001 528000001
2 468000001 527000001
2 469000001 526000001
2 470000001 525000001
2 471000001 524000001
2 472000001 523000001
2 473000001 522000001
2 474000001 521000001
2 475000001 520000001
2 476000001 519000001
2 477000001 518000001
2 478000001 517000001
2 479000001 516000001
2 480000001 515000001
2 481000001 514000001
2 482000001 513000001
2 483000001 512000001
2 484000001 511000001
2 485000001 510000001
2 486000001 509000001
2 487000001 508000001
2 488000001 507000001
2 489000001 506000001
2 490000001 505000001
2 491000001 504000001
2 492000001 503000001
2 493000001 502000001
2 494000001 501000001
2 495000001 500000001
2 496000001 499000001
2 497000001 498000001
49658716
8126694
791329266
786092616
429523102
977742990
326818758
822644200
596885149
530610718
572754338
616759580
241073404
641951816
669734518
127744439
168862695
716611172
912756259
464371152
788756161
991822811
821643901
535249685
628655783
401427568
671894319
342521808
233600976
410625793
642930589
685324481
499848382
751034633
332904012
394244021
510874607
741762967
757762559
205433752
577965470
848761691
84790736
165848504
580074319
177011213
771078727
557677465
76015486
945412207
415430556
256406926
63948908
739759819
923943647
658286976
266034199
336128549
605443526
481216481
847648118
605855174
368118377
45739154
91616951
379128863
966484913
456312502
98131255
436859375
587383663
684476113
699294084
730046592
755700725
82922150
373628370
599405475
632656542
867245958
608890469
188629964
989934989
110049295
502943618
703605704
645561227
645389923
883575754
649141864
337263292
866759897
323213921
452884931
904367875
878288754
27648089
9838318
607358045
717618994
517257564
38955805
110674354
84246836
585994580
19410202
764706027
340595377
645609927
269791054
430773924
869461891
414199468
686211355
920604460
533200078
849200003
834015745
220159381
804967998
291688269
119260470
911128861
167933169
939660781
627941688
277564197
797410457
39198031
583228892
98352002
457736087
911799532
104811763
84297107
682661043
314432325
769774053
491680174
502860440
752715749
812184401
776753275
634397227
137959142
874709009
194768993
611625341
877841910
814514646
622137701
380747908
690137675
867370822
951807075
163090034
718969978
861931625
641293832
366438833
933232952
153821599
53122760
122963746
408557177
250764107
549340836
644620973
981290792
226618591
91435586
790193275
470045306
16159838
300287267
493076112
186321577
929717821
23129373
181879297
14769012
567962665
771189348
364590534
510282484
511152398
652009209
243044561
474627277
310983495
321949126
798491523
205429070
732710471
681517189
156574186
755245074
580699592
647836797
639647300
139692305
368528406
991289182
731760484
318284080
85265185
153235131
837408614
106129874
694638352
889458470
41877493
953456042
35931503
583726758
785463894
429657450
384702983
597449128
662985610
673708487
435714807
477925004
732070420
49160516
493585939
683711906
679981910
188519653
897743398
838691090
614449270
188524927
965191026
424530337
125960793
944826485
941475539
26555603
848735319
890125694
646698576
536555309
202470419
478977754
371742044
995343822
161959191
72278673
798218095
972529569
932271142
708296949
884919935
154576022
759603832
218549722
594907649
197853970
979340496
234621094
731038874
680723166
610483954
705983985
88068540
185883528
934202604
109094674
537062323
184524793
486555634
42011456
560870980
248092555
393614955
603087647
481767662
91474767
385942185
508171986
883047676
264086543
787897498
888303052
856311822
21776867
915726877
322326151
77675000
640644728
160374705
17846818
974377126
982717372
527625147
674614792
369099725
640933467
13025849
658229848
174056507
625869280
222463420
352526256
169694633
596458839
924295421
869693470
220640493
492333265
311751352
284139232
977812005
704984458
502489435
534714783
404161240
349494372
942433715
481473417
993755514
591554633
658314339
501119995
252848819
776940297
83530222
600306952
576889087
198026757
873330102
24728063
310386878
305070933
319739111
205185423
914960363
32747213
857986846
255491982
140985361
564620551
162055280
278073131
100700324
185063790
999893686
866014562
407388089
828536457
229117714
603825970
921745946
866113637
686852451
743520785
968499123
292700270
949535596
558011261
883675830
401951961
695573629
406333365
121187892
101322049
108835795
934161121
533220041
811905275
532335621
969468681
340727213
604405873
712786246
841352375
841688760
901209560
794867908
360615308
313209333
49134567
385441817
4861871
754773997
690604514
21558367
422044448
753607078
657622498
827014705
617912930
589188415
117883976
909749229
219112528
606080749
753984640
403019867
754687543
573884171
19337313
629289838
606305937
515920598
486673785
8795250
987934877
804955340
436622113
677975150
821030999
512893808
552273117
65284446
645933072
876824577
789004297
152506113
318533019
641895488
18944711
195596374
610164850
851591783
154217986
740326968
207942517
286297319
61425345
263387787
684313714
429605566
900924514
840107989
497242992
72208845
472553495
518686765
341166302
467547921
238711495
737001599
374692851
212285170
225298512
14701738
374774694
84295987
719207231
83570836
840886436
447672010
827153010
926693755
939655356
613253852
735802988
576337933
272076330
290917949
26301611
301083265
343416660
236435749
225162182
55512671
794519430
278402092
727855797
845420490
532609641
49277828
251983517
595790488
275102511
713777076
688950796
19287482
169303876
694923510
243895601
138695124
691705402
407329356
336004619
845522705
396419579
485756120
466823255
261082130
612642757
120120213
600498440
888829884
263219269
448507573
44059881
489708453
586635911
123584403
357850413
798086799
882216639
506040406
801899508
772877683
48122602
844327036
697522865
49411949
833285118
741177349
785594680
862948518
216212857
491201974
224881873
381282115
83300595
458397839
22925697
895521005
459918763
337346114
7314187
100398735
165066692
491878747
93731719
336403887
715929248
364455186
936051225
913905586
371566137
26501431
891252787
286577693
758718819
794036538
274729674
274526893
692897593
712243062
173008273
966354362
366498534
307034092
758313641
251049361
42905660
918897931
42270678
952490574
393341552
831466458
675655042
173323661
692632330
279192141
234476041
260897588
548327502
407822494
88512092
319352648
316432242
965127709
193091757
788621995
880569887
691521708
707200970
933236716
733070611
448692588
158439507
507771396
257460925
145882118
296591426
241444378
181536445
603425927
399474998
217367096
134585996
928220585
356618705
194837688
157989378
674671169
462941074
420090808
466326715
920595615
736759869
200424662
203951156
422581063
330555929
678049180
163311448
23847466
693523412
599381654
707186351
680809950
372282021
541261184
116215396
316496408
723730424
31236859
521152522
604747511
459892098
324616029
918539548
561833686
160006721
350952531
510546017
300300029
533565542
16273028
414571461
828209761
806603346
328775161
702193477
637769648
204888252
672416186
355731510
614886812
737201545
214322706
302706606
10425142
187202996
467669516
487868757
669906822
994701953
834844373
445354992
81647354
930949570
651001415
398600831
248200798
358938881
943455819
756235451
419478466
540454580
323761305
148256624
101113307
858710128
502098339
477876204
433564556
223893483
510265938
291282175
932287709
241224173
219975822
920740836
167988933
152999572
459560294
228868188
187114368
287153863
580529140
935937724
483090335
243214215
791135841
525175107
288727303
40616050
229341196
745685795
510262863
951322550
534908250
881890905
557111480
671660152
821577204
347497016
740177349
105644017
120787107
845064916
869001777
436967775
514082850
925083272
936065781
951524209
373449198
971406773
37018036
323533087
846145126
898769392
114874756
997283269
125711299
693069517
990275078
668904909
142288261
920447969
100979167
798026484
740626256
63821355
539885478
159508165
945589055
818380860
200840113
826194476
860568734
294358085
292044692
351150642
764810304
72108545
656978020
94339063
752275701
509853007
170330808
482022069
991816838
487168683
916471847
381753125
545151222
290398902
673872095
511815073
92419159
674501911
393666661
656850709
321480650
65784139
911783612
291773278
647097319
852512265
992962278
559760492
440124782
45666150
719383649
742450834
589646298
823880341
104071680
823570059
177638200
96093164
169827081
873566119
653573796
716838488
390406808
301287104
394586114
860389646
85477351
35052642
63732022
709199535
214620011
648795823
522143644
448461632
247009993
534422833
162657609
156271045
561035472
421108203
624963181
143034654
596848096
367204510
567770353
796021078
692913066
896407735
238563543
937456580
933676602
295248942
500412760
250200460
807200459
540682401
683673700
665199215
612771229
384755052
591227752
478553330
369520648
644839786
896858933
990330657
729038498
873083344
576480277
873359973
818514889
198452082
812900684
751980497
437384249
892026119
660551650
80549725
906504368
210410669
276923215
869446078
995629756
933508678
586666803
375310510
603528956
595462125
138319286
453082294
525184843
475174149
229352728
83470537
777667899
571332176
286706392
77469301
553849234
668048050
445615063
629068628
27337898
484956881
941809978
500912254
945691315
11201755
884746759
320734447
552609352
734053898
425680571
127904050
870396497
179325965
970035323
201852344
925946191
214526638
108286046
948827595
496712478
55193554
345045012
759779197
379691053
633023592
157096546
702446763
558648214
784227626
604838551
293389243
563590474
356532131
733500573
945277572
443442435
228225599
948827709
100127687
360939377
19602924
211214517
863469833
510038593
763151204
905461947
558944191
157717687
715805974
529219567
789225861
895564975
990278100
468110312
780799173
998280027
586558561
482138263
260393903
696438798
488222810
311091116
603392090
975222328
750019883
601043975
77968923
174570493
562335179
227881918
838290833
684522715
395472891
499436300
112706967
784899596
567512895
322398123
284546558
963358336
380191458
718429000
198580626
262680168
252737588
753176358
640703920
328217851
330270179
4489615
582095912
131214439
302021510
479706174
905109626
72266498
497593870
136585856
660441703
512030641
848493077
638105932
36204420
457603459
945888182
352297421
85790787
132486780
48773706
153335159
800599161
842934692
492713435
244228993
439390887
456075896
132761456
398356772
376838318
591953631
525970226
739714601
699647010
936321129
99883814
960322180
951696908
127293126
447611851
25038679
240556744
703572814
171280303
159162332
347693740
329226151
861922280
628869552
241313809
178065779
59384722
509156568
