1000 1000
1 817
1 515
1 898
1 464
1 734
1 798
1 323
1 946
1 770
1 817
1 670
1 886
1 96
1 777
1 267
1 383
1 526
1 742
1 981
1 744
1 172
1 803
1 858
1 806
1 980
1 41
1 274
1 984
1 377
1 980
1 613
1 207
1 478
1 727
1 529
1 949
1 832
1 601
1 558
1 83
1 1000
1 219
1 457
1 375
1 39
1 648
1 405
1 408
1 609
1 250
1 905
1 560
1 930
1 167
1 170
1 788
1 637
1 533
1 219
1 808
1 919
1 798
1 919
1 993
1 858
1 120
1 380
1 246
1 763
1 836
1 256
1 835
1 878
1 107
1 233
1 793
1 914
1 875
1 846
1 993
1 595
1 572
1 391
1 990
1 737
1 39
1 601
1 975
1 168
1 963
1 250
1 714
1 816
1 946
1 20
1 870
1 912
1 667
1 889
1 248
1 222
1 124
1 451
1 262
1 963
1 180
1 604
1 520
1 324
1 741
1 792
1 978
1 827
1 259
1 13
1 656
1 731
1 30
1 217
1 658
1 725
1 90
1 960
1 116
1 917
1 251
1 588
1 157
1 847
1 16
1 145
1 433
1 62
1 211
1 92
1 621
1 141
1 221
1 681
1 356
1 543
1 266
1 973
1 437
1 797
1 142
1 302
1 395
1 698
1 860
1 645
1 307
1 780
1 293
1 663
1 583
1 470
1 905
1 815
1 868
1 873
1 869
1 111
1 793
1 669
1 663
1 273
1 51
1 192
1 299
1 175
1 136
1 340
1 240
1 978
1 164
1 165
1 348
1 463
1 982
1 42
1 251
1 926
1 519
1 898
1 230
1 22
1 746
1 277
1 58
1 846
1 481
1 392
1 804
1 67
1 951
1 32
1 607
1 365
1 647
1 492
1 946
1 91
1 39
1 723
1 364
1 821
1 50
1 638
1 528
1 313
1 892
1 732
1 16
1 963
1 305
1 983
1 869
1 794
1 362
1 154
1 882
1 539
1 439
1 390
1 137
1 720
1 915
1 516
1 52
1 50
1 263
1 677
1 729
1 339
1 864
1 757
1 730
1 578
1 86
1 99
1 583
1 189
1 346
1 362
1 449
1 894
1 305
1 594
1 118
1 652
1 232
1 502
1 425
1 313
1 682
1 517
1 912
1 20
1 920
1 35
1 52
1 852
1 973
1 546
1 513
1 865
1 662
1 912
1 871
1 50
1 548
1 14
1 822
1 510
1 292
1 48
1 157
1 312
1 194
1 275
1 846
1 300
1 920
1 308
1 723
1 656
1 919
1 262
1 981
1 407
1 362
1 801
1 964
1 35
1 751
1 623
1 176
1 60
1 85
1 490
1 155
1 130
1 76
1 648
1 137
1 173
1 578
1 680
1 415
1 200
1 994
1 866
1 736
1 643
1 760
1 515
1 608
1 483
1 72
1 810
1 972
1 192
1 837
1 756
1 604
1 272
1 164
1 378
1 422
1 798
1 790
1 706
1 708
1 960
1 680
1 481
1 188
1 987
1 220
1 688
1 996
1 480
1 486
1 40
1 517
1 200
1 782
1 40
1 321
1 178
1 730
1 483
1 33
1 562
1 953
1 49
1 777
1 69
1 812
1 237
1 819
1 513
1 112
1 407
1 821
1 552
1 279
1 303
1 241
1 172
1 930
1 635
1 206
1 117
1 498
1 442
1 619
1 813
1 926
1 776
1 89
1 446
1 650
1 885
1 996
1 872
1 224
1 7
1 359
1 699
1 347
1 244
1 240
1 52
1 421
1 855
1 657
1 415
1 86
1 195
1 519
1 656
1 317
1 989
1 320
1 503
1 668
1 926
1 315
1 60
1 98
1 397
1 822
1 956
1 774
1 365
1 592
1 186
1 652
1 756
1 746
1 232
1 807
1 372
1 727
1 571
1 533
1 542
1 36
1 515
1 271
1 185
1 182
1 817
1 832
1 68
1 386
1 357
1 286
1 873
1 263
1 287
1 679
1 806
1 590
1 561
1 110
1 497
1 40
1 280
1 831
1 39
1 581
1 198
1 754
1 493
1 140
1 638
1 366
1 156
1 855
1 933
1 512
1 170
1 64
1 804
1 645
1 637
1 747
1 676
1 574
1 869
1 562
1 737
1 878
1 175
1 85
1 134
1 317
1 479
1 568
1 319
1 302
1 110
1 480
1 322
1 635
1 108
1 239
1 480
1 264
1 734
1 531
1 184
1 687
1 373
1 169
1 844
1 60
1 743
1 58
1 1
1 756
1 655
1 53
1 459
1 76
1 926
1 800
1 245
1 397
1 942
1 130
1 386
1 64
1 885
1 516
1 544
1 70
1 664
1 8
1 535
1 635
1 647
1 245
1 439
1 753
1 376
1 7
1 348
1 163
1 855
1 727
1 761
1 432
1 861
1 114
1 666
1 358
1 535
1 524
1 867
1 975
1 325
1 643
1 799
1 302
1 595
1 719
1 985
1 646
1 148
1 361
1 991
1 417
1 87
1 846
1 379
1 762
1 641
1 750
1 973
1 284
1 519
1 653
1 151
1 269
1 181
1 92
1 395
1 16
1 11
1 944
1 76
1 314
1 171
1 152
1 815
1 454
1 293
1 289
1 5
1 242
1 541
1 225
1 310
1 79
1 919
1 334
1 658
1 920
1 22
1 1
1 765
1 840
1 2
1 168
1 43
1 774
1 586
1 515
1 136
1 383
1 931
1 710
1 517
1 550
1 689
1 290
1 713
1 542
1 928
1 783
1 835
1 872
1 5
1 959
1 849
1 864
1 353
1 462
1 406
1 541
1 215
1 824
1 307
1 238
1 350
1 390
1 235
1 619
1 64
1 596
1 643
1 629
1 43
1 309
1 72
1 75
1 272
1 942
1 284
1 45
1 712
1 787
1 50
1 378
1 442
1 307
1 54
1 756
1 284
1 208
1 712
1 830
1 397
1 750
1 312
1 147
1 173
1 855
1 10
1 741
1 852
1 191
1 789
1 449
1 8
1 879
1 900
1 131
1 348
1 970
1 154
1 635
1 679
1 201
1 302
1 778
1 244
1 696
1 630
1 949
1 977
1 265
1 106
1 552
1 570
1 525
1 261
1 618
1 745
1 407
1 185
1 811
1 845
1 255
1 406
1 556
1 675
1 317
1 915
1 469
1 767
1 126
1 320
1 962
1 157
1 538
1 781
1 232
1 602
1 396
1 187
1 149
1 546
1 335
1 964
1 593
1 815
1 393
1 732
1 484
1 475
1 789
1 565
1 629
1 772
1 76
1 62
1 141
1 575
1 884
1 366
1 522
1 589
1 830
1 985
1 518
1 701
1 341
1 978
1 570
1 41
1 80
1 34
1 982
1 508
1 50
1 830
1 154
1 273
1 229
1 255
1 411
1 57
1 413
1 972
1 805
1 262
1 594
1 101
1 160
1 270
1 317
1 216
1 648
1 313
1 193
1 625
1 755
1 351
1 258
1 343
1 504
1 988
1 461
1 72
1 589
1 15
1 425
1 882
1 377
1 448
1 245
1 298
1 64
1 590
1 776
1 598
1 585
1 556
1 667
1 271
1 868
1 440
1 710
1 897
1 147
1 173
1 782
1 19
1 587
1 734
1 986
1 369
1 920
1 938
1 615
1 152
1 686
1 515
1 911
1 663
1 147
1 120
1 565
1 248
1 710
1 85
1 232
1 659
1 150
1 261
1 897
1 945
1 391
1 792
1 585
1 542
1 69
1 453
1 237
1 51
1 37
1 806
1 759
1 658
1 894
1 589
1 360
1 778
1 440
1 269
1 286
1 394
1 970
1 425
1 569
1 716
1 517
1 660
1 22
1 514
1 577
1 561
1 831
1 204
1 470
1 241
1 445
1 248
1 701
1 307
1 130
1 149
1 135
1 78
1 257
1 594
1 568
1 423
1 14
1 699
1 518
1 933
1 828
1 874
1 404
1 217
1 353
1 816
1 801
1 218
1 816
1 629
1 834
1 106
1 98
1 302
1 116
1 458
1 205
1 897
1 195
1 933
1 654
1 279
1 75
1 100
1 946
1 255
1 476
1 949
1 589
1 558
1 756
1 395
1 535
1 539
1 299
1 629
1 512
1 596
1 386
1 236
1 194
1 472
1 682
1 410
1 954
1 743
1 646
1 129
1 900
1 850
1 316
1 588
1 438
1 614
1 772
1 268
1 21
1 983
1 866
1 502
1 600
1 319
1 737
1 347
1 667
1 326
1 289
1 940
1 137
1 819
1 331
1 68
1 431
1 857
1 129
1 842
1 863
1 722
1 201
1 437
1 331
1 693
1 927
1 353
1 768
1 720
1 402
1 857
1 389
1 317
1 819
1 490
1 984
1 695
1 265
1 438
1 394
1 317
1 945
1 548
1 581
1 621
1 567
1 83
1 149
1 44
1 472
1 584
1 649
1 159
1 93
1 923
1 659
1 240
1 752
1 189
1 744
1 922
1 146
1 393
1 895
1 696
1 405
894
147
537
106
324
523
662
539
370
473
570
606
570
793
428
90
520
447
405
85
583
231
223
222
828
261
984
632
788
254
838
957
359
871
495
907
753
64
140
911
72
962
846
767
379
946
66
692
846
351
433
431
435
190
585
222
971
883
425
406
145
752
133
824
227
765
795
988
840
659
838
91
730
831
18
20
881
186
186
283
213
578
708
890
912
678
600
392
41
159
194
535
777
519
611
831
668
833
654
297
839
752
647
984
107
969
3
399
764
246
386
691
191
373
751
79
927
297
330
489
2
94
582
753
21
64
19
184
290
836
143
493
200
797
284
79
468
481
576
197
317
363
239
417
860
408
80
427
411
709
222
373
549
388
245
671
808
859
596
638
511
296
24
829
43
826
199
965
629
848
768
918
245
116
468
972
198
212
961
285
235
452
607
681
119
101
14
909
482
955
865
432
682
949
106
833
912
936
406
840
713
671
57
347
942
638
549
240
634
842
39
839
401
548
102
476
341
613
615
278
196
101
759
15
299
835
913
706
532
550
295
530
238
580
977
843
184
196
113
72
205
260
233
674
61
844
480
686
882
582
532
350
9
18
805
479
230
97
915
560
686
275
507
687
839
734
450
854
66
751
987
290
637
269
139
840
901
906
463
768
225
762
816
396
39
159
816
183
381
161
412
11
294
281
284
69
923
449
875
933
202
845
939
426
814
261
341
600
336
602
874
754
520
301
174
765
500
610
402
114
763
44
565
675
877
899
537
813
727
469
545
887
862
74
754
119
504
818
694
183
350
986
745
390
514
924
677
243
744
664
353
482
671
138
422
910
125
448
43
190
132
961
845
693
59
970
383
628
261
14
372
487
648
441
814
175
994
646
483
520
715
1000
629
392
43
434
368
939
569
559
126
3
86
519
455
216
741
96
594
391
762
329
428
391
362
894
290
944
842
349
848
881
875
706
296
677
928
859
763
733
459
881
235
662
769
891
627
225
723
406
154
814
727
513
313
600
986
388
629
613
386
303
253
275
218
746
228
487
622
202
761
59
9
739
719
131
971
259
58
692
577
722
417
11
547
253
13
878
383
527
380
18
379
139
476
434
33
793
908
682
475
660
107
745
914
200
717
308
995
373
145
604
365
881
92
599
308
669
752
27
962
45
610
276
34
183
428
619
716
585
966
320
152
83
678
765
969
38
167
450
811
420
704
343
475
507
515
611
477
267
251
688
719
487
198
915
896
234
186
10
743
380
898
69
241
416
961
516
846
520
419
468
493
180
460
589
180
235
656
205
95
526
412
94
654
451
680
166
613
310
771
845
244
828
847
110
66
130
259
304
858
463
205
651
871
409
974
220
406
501
460
87
249
454
119
417
781
824
904
984
823
621
221
560
975
957
433
209
459
796
738
923
371
55
724
681
258
426
234
459
596
996
997
886
908
320
628
809
343
560
913
282
411
25
520
709
287
65
818
494
999
527
595
560
246
747
295
318
648
547
783
447
132
930
872
80
61
809
178
658
164
514
306
707
401
764
622
759
664
423
466
580
297
813
629
316
322
375
190
18
866
942
934
23
688
40
679
39
903
143
667
175
809
376
68
39
987
109
591
546
460
49
855
595
133
400
679
616
579
287
514
785
717
239
347
728
941
206
496
155
754
126
410
558
850
852
589
738
282
995
515
709
784
181
343
348
72
223
106
798
598
945
267
877
167
852
874
652
254
571
169
699
269
376
359
648
109
747
688
522
71
108
932
605
161
888
986
268
880
975
128
292
969
548
876
828
180
75
389
904
936
643
220
471
523
815
981
581
195
359
663
662
223
269
566
112
891
801
814
251
23
485
70
203
230
681
737
94
812
699
746
794
440
879
165
397
35
526
536
524
743
427
292
390
470
725
89
437
887
337
134
882
64
342
702
94
210
16
897
667
330
2
753
813
85
201
983
892
300
273
245
221
520
647
344
261
88
935
228
791
389
686
72
213
154
130
482
234
800
778
434
732
355
856
810
216
747
617
260
512
597
137
835
876
866
31
410
453
823
566
682
744
931
690
791
641
404
750
820
80
311
315
707
573
341
891
915
7
242
62
825
180
775
418
223
580
861
1000
638
471
288
364
601
497
839
425
904
9
638
193
944
343
642
412
664
777
779
377
109
973
217
41
31
517
555
162
702
182
399
919
420
338
852
16
401
504
293
459
666
122
760
783
373
948
278
508
958
392
831
401
688
709
147
701
195
192
109
17
851
867
655
893
259
119
97
695
814
296
85
785
75
712
666
922
220
587
85
92
223
472
