300 1000
2 996666269 998332935
2 1 994999603
2 1666667 993332937
2 3333333 991666271
2 4999999 989999605
2 6666665 988332939
2 8333331 986666273
2 9999997 984999607
2 11666663 983332941
2 13333329 981666275
2 14999995 979999609
2 16666661 978332943
2 18333327 976666277
2 19999993 974999611
2 21666659 973332945
2 23333325 971666279
2 24999991 969999613
2 26666657 968332947
2 28333323 966666281
2 29999989 964999615
2 31666655 963332949
2 33333321 961666283
2 34999987 959999617
2 36666653 958332951
2 38333319 956666285
2 39999985 954999619
2 41666651 953332953
2 43333317 951666287
2 44999983 949999621
2 46666649 948332955
2 48333315 946666289
2 49999981 944999623
2 51666647 943332957
2 53333313 941666291
2 54999979 939999625
2 56666645 938332959
2 58333311 936666293
2 59999977 934999627
2 61666643 933332961
2 63333309 931666295
2 64999975 929999629
2 66666641 928332963
2 68333307 926666297
2 69999973 924999631
2 71666639 923332965
2 73333305 921666299
2 74999971 919999633
2 76666637 918332967
2 78333303 916666301
2 79999969 914999635
2 81666635 913332969
2 83333301 911666303
2 84999967 909999637
2 86666633 908332971
2 88333299 906666305
2 89999965 904999639
2 91666631 903332973
2 93333297 901666307
2 94999963 899999641
2 96666629 898332975
2 98333295 896666309
2 99999961 894999643
2 101666627 893332977
2 103333293 891666311
2 104999959 889999645
2 106666625 888332979
2 108333291 886666313
2 109999957 884999647
2 111666623 883332981
2 113333289 881666315
2 114999955 879999649
2 116666621 878332983
2 118333287 876666317
2 119999953 874999651
2 121666619 873332985
2 123333285 871666319
2 124999951 869999653
2 126666617 868332987
2 128333283 866666321
2 129999949 864999655
2 131666615 863332989
2 133333281 861666323
2 134999947 859999657
2 136666613 858332991
2 138333279 856666325
2 139999945 854999659
2 141666611 853332993
2 143333277 851666327
2 144999943 849999661
2 146666609 848332995
2 148333275 846666329
2 149999941 844999663
2 151666607 843332997
2 153333273 841666331
2 154999939 839999665
2 156666605 838332999
2 158333271 836666333
2 159999937 834999667
2 161666603 833333001
2 163333269 831666335
2 164999935 829999669
2 166666601 828333003
2 168333267 826666337
2 169999933 824999671
2 171666599 823333005
2 173333265 821666339
2 174999931 819999673
2 176666597 818333007
2 178333263 816666341
2 179999929 814999675
2 181666595 813333009
2 183333261 811666343
2 184999927 809999677
2 186666593 808333011
2 188333259 806666345
2 189999925 804999679
2 191666591 803333013
2 193333257 801666347
2 194999923 799999681
2 196666589 798333015
2 198333255 796666349
2 199999921 794999683
2 201666587 793333017
2 203333253 791666351
2 204999919 789999685
2 206666585 788333019
2 208333251 786666353
2 209999917 784999687
2 211666583 783333021
2 213333249 781666355
2 214999915 779999689
2 216666581 778333023
2 218333247 776666357
2 219999913 774999691
2 221666579 773333025
2 223333245 771666359
2 224999911 769999693
2 226666577 768333027
2 228333243 766666361
2 229999909 764999695
2 231666575 763333029
2 233333241 761666363
2 234999907 759999697
2 236666573 758333031
2 238333239 756666365
2 239999905 754999699
2 241666571 753333033
2 243333237 751666367
2 244999903 749999701
2 246666569 748333035
2 248333235 746666369
2 249999901 744999703
2 251666567 743333037
2 253333233 741666371
2 254999899 739999705
2 256666565 738333039
2 258333231 736666373
2 259999897 734999707
2 261666563 733333041
2 263333229 731666375
2 264999895 729999709
2 266666561 728333043
2 268333227 726666377
2 269999893 724999711
2 271666559 723333045
2 273333225 721666379
2 274999891 719999713
2 276666557 718333047
2 278333223 716666381
2 279999889 714999715
2 281666555 713333049
2 283333221 711666383
2 284999887 709999717
2 286666553 708333051
2 288333219 706666385
2 289999885 704999719
2 291666551 703333053
2 293333217 701666387
2 294999883 699999721
2 296666549 698333055
2 298333215 696666389
2 299999881 694999723
2 301666547 693333057
2 303333213 691666391
2 304999879 689999725
2 306666545 688333059
2 308333211 686666393
2 309999877 684999727
2 311666543 683333061
2 313333209 681666395
2 314999875 679999729
2 316666541 678333063
2 318333207 676666397
2 319999873 674999731
2 321666539 673333065
2 323333205 671666399
2 324999871 669999733
2 326666537 668333067
2 328333203 666666401
2 329999869 664999735
2 331666535 663333069
2 333333201 661666403
2 334999867 659999737
2 336666533 658333071
2 338333199 656666405
2 339999865 654999739
2 341666531 653333073
2 343333197 651666407
2 344999863 649999741
2 346666529 648333075
2 348333195 646666409
2 349999861 644999743
2 351666527 643333077
2 353333193 641666411
2 354999859 639999745
2 356666525 638333079
2 358333191 636666413
2 359999857 634999747
2 361666523 633333081
2 363333189 631666415
2 364999855 629999749
2 366666521 628333083
2 368333187 626666417
2 369999853 624999751
2 371666519 623333085
2 373333185 621666419
2 374999851 619999753
2 376666517 618333087
2 378333183 616666421
2 379999849 614999755
2 381666515 613333089
2 383333181 611666423
2 384999847 609999757
2 386666513 608333091
2 388333179 606666425
2 389999845 604999759
2 391666511 603333093
2 393333177 601666427
2 394999843 599999761
2 396666509 598333095
2 398333175 596666429
2 399999841 594999763
2 401666507 593333097
2 403333173 591666431
2 404999839 589999765
2 406666505 588333099
2 408333171 586666433
2 409999837 584999767
2 411666503 583333101
2 413333169 581666435
2 414999835 579999769
2 416666501 578333103
2 418333167 576666437
2 419999833 574999771
2 421666499 573333105
2 423333165 571666439
2 424999831 569999773
2 426666497 568333107
2 428333163 566666441
2 429999829 564999775
2 431666495 563333109
2 433333161 561666443
2 434999827 559999777
2 436666493 558333111
2 438333159 556666445
2 439999825 554999779
2 441666491 553333113
2 443333157 551666447
2 444999823 549999781
2 446666489 548333115
2 448333155 546666449
2 449999821 544999783
2 451666487 543333117
2 453333153 541666451
2 454999819 539999785
2 456666485 538333119
2 458333151 536666453
2 459999817 534999787
2 461666483 533333121
2 463333149 531666455
2 464999815 529999789
2 466666481 528333123
2 468333147 526666457
2 469999813 524999791
2 471666479 523333125
2 473333145 521666459
2 474999811 519999793
2 476666477 518333127
2 478333143 516666461
2 479999809 514999795
2 481666475 513333129
2 483333141 511666463
2 484999807 509999797
2 486666473 508333131
2 488333139 506666465
2 489999805 504999799
2 491666471 503333133
2 493333137 501666467
2 494999803 499999801
2 496666469 498333135
912817011
62989342
693470806
184102997
447128688
956210358
273853221
908151740
824043151
236692756
628518892
722686376
532453172
839727411
251127442
29360760
862447478
855342272
924145106
598589415
527429982
793523141
396781609
49971045
635186196
194857018
650007244
253537157
229775395
61290873
559156506
763085841
698043413
370895639
208553392
552234896
403926157
602965667
306015089
487492655
364019873
346078039
487688114
949409270
407126799
734944900
435007223
315515014
750470896
314569914
139991129
533451812
355657792
198494213
48236346
71277196
72702267
368645418
929551770
481051043
126381746
145075643
204220178
721992573
867913002
228500130
951681555
605910133
280411574
206287755
369946313
769344131
109144199
360113128
721750171
448344069
226466483
77410688
399571024
932992426
917286026
852983322
568657320
99774408
632047700
548757010
674390680
851911516
800380443
546623874
337633661
295361843
416138674
67986496
817948244
477778772
835648663
665189126
409511179
262801760
316484038
305791949
110730598
245250868
908342560
429382308
281523773
223857546
132652625
700758723
557122063
352542449
188575681
366499558
343711685
872505185
197441105
744733323
731309810
527717539
355032102
237074261
646146860
488387283
546901629
584309822
810163234
645997755
279030343
995009586
75320441
325911981
308123217
730775506
82585386
118065723
881127214
936106557
532178962
188141398
744969651
953702555
861752853
379765474
992735451
163264785
847798087
294965940
841501156
796762379
433810571
775870887
66310811
578467092
760844756
649149042
50192715
885126013
192775981
377007759
249545568
667688848
744484770
922752415
714284862
303448506
41953173
870898285
320248139
930976500
326800147
308705907
379802715
793810244
256022217
715202490
224468443
593017396
304504398
205800050
206310751
106494392
869171154
688532120
731728899
65403952
75023697
654505329
685495612
841027486
461564423
766010792
729344938
923088408
75499649
366346123
226481419
457698500
365582350
829412029
269751079
519857287
308191551
698526199
691976169
390828293
38937620
258129411
897908601
801688250
296679164
41887300
315146844
405125292
538825525
777366086
492509862
44134595
679174447
121098805
859248989
208098748
250652848
89355354
501384117
813849925
716023760
553261285
526312928
695267393
416938115
65662133
174703727
322775143
759427691
77530267
732159029
979402180
840582220
127785333
779761816
690452228
94336503
178460563
633853854
773149901
487731637
163634946
680009274
224596326
694894060
68539234
542271084
903677939
411940680
714129833
744043706
833417674
454671959
31636663
174365367
717331785
558907739
478457625
622308515
660727310
36474124
134814295
328270421
737515629
165928721
980844553
440445198
419547029
290612502
407227367
737173891
948295431
100700091
553761503
332123854
437734182
870886386
543145031
433913984
348514820
418430870
391145984
860757808
536027470
66788638
191161496
936424583
171236842
330877090
411794441
210871917
275496292
202437496
121094814
444623836
803052691
867060990
989686882
100658640
333754942
550979054
235192263
730133219
570785028
309477030
269255032
560477574
225046861
724127625
420741281
979413068
203393459
517710499
970746656
287905769
319188773
179166083
356401020
893985416
484105628
665683164
904399356
987367964
227472427
465049308
252571035
86794884
630593853
437910255
347481056
765934712
290766632
610102767
906921300
541743386
238244898
69786900
701234324
804509536
946650397
352264082
733532784
146055868
623857244
205844868
764910234
111600548
119639589
270228837
372071395
113555865
880524332
320708641
516408124
44607929
904898085
454489066
823576354
382114158
133075955
856540903
228693945
484321981
414059296
144265207
95284004
95659640
483681299
811035377
768800753
998111037
469778147
255252444
575426879
19590419
211358749
908107796
882348768
84066657
31481463
624999978
894480786
18953131
346639343
948072812
296669283
542399332
868170143
762878685
282642640
863975953
649360809
631078625
598161543
350949798
321235048
171914393
967329646
86069301
442209213
216201435
127548083
80649905
9854749
603318369
940375255
132946784
657672864
218892974
220427802
794084594
223210326
827590083
859884197
582253367
3115837
126087118
903820860
318090312
96915832
276541835
898959535
58503481
607895787
336481157
837195487
386501155
738253380
296090114
950336241
465903192
871113645
9671668
793206764
877483658
435653405
583409885
367549115
359257609
664445741
154105324
332703299
410449850
765483137
585398081
1997244
262314349
38588939
448697243
224921865
185833060
241453900
794666478
685966994
466926694
553779869
831089026
590653184
576896958
952145151
399275127
779627514
775900230
141199077
653193113
698520433
188082703
578618689
963143003
859038851
615949844
583388912
181313799
763941445
146962153
421693719
125880854
286818645
932194817
991256171
737507532
891235543
133674537
716509546
771493378
264397108
622765689
334493532
256057741
44165358
277118386
58798306
409613595
75217184
829239525
656070005
417552201
32819226
972617024
368306489
764389348
22565538
529045533
302287309
835655347
388391443
11364977
885024715
569257470
205154993
977780690
131558943
995640146
534030211
321044798
812420455
725604064
760267405
385572946
129849433
393346380
746013292
489183200
527199978
600332179
972017991
146689184
284993060
731251846
458854908
213389529
856083499
62012666
992846279
706673104
466314627
669435992
690420988
116141693
867941495
358600267
706413944
265727538
89617348
343627978
139057590
276458024
924688565
210958979
807069324
845553221
750287448
884082718
669490732
262563083
45585783
353289200
945884662
580040863
384961955
986782911
774243885
394104056
996988786
565165490
188963990
488187130
609223350
935023711
445514118
809893667
351642378
717341304
417668190
54123655
47889615
913738417
735584975
469328761
286034646
682988488
380149888
288619689
47966195
469128246
72623167
867415091
722936206
11810776
520884539
877665565
849853404
702922082
571028320
648597650
624651619
446216293
434323803
816986536
245388468
71131984
50104907
829002997
898232865
281677131
417967656
628380897
953179111
286064868
530412370
148206572
356289035
112128181
610818196
786368439
989130201
229391289
890550925
407885998
47672016
718218805
302315225
647594489
726271952
28878315
66382828
275074117
958166893
903412852
358592128
513811094
568581802
886062408
562271103
277383188
795539041
438009556
550297207
479957748
48167374
618662737
420865739
238816691
166972401
728657988
682885625
438992547
518985171
737522657
49887049
305853649
891420759
119669976
959331668
118822642
812583155
65408109
200172648
132715187
639898930
482004182
477241297
170474109
238538492
57673141
866928727
974358035
523511659
713280046
649399973
903728003
376047020
204274727
80933388
588893422
138317594
151205117
700098451
62683641
670715263
923717721
490110314
224918489
467630217
925465411
75748901
336707579
707688258
803421643
489518512
645791319
531967348
291711338
227214719
688170810
319658845
914863902
710832433
810741907
314581062
538307775
632903839
325454015
456941107
491675163
830951165
498821658
865170318
696311695
651852095
352916642
29404884
142456499
23516082
730399720
171765927
520173421
10535979
417922696
187761173
673254661
386599654
503500654
673105979
2890705
593204389
629478344
503202259
687417446
968342914
467195462
414855504
167581831
213701717
134765428
525786044
672452480
286249537
888768361
131242681
478175901
367914011
200788356
869716466
566796432
433364408
224266977
769524665
912209290
362670864
909045281
987112764
130644694
909865162
800814968
675976220
797870322
714881930
435256558
909502810
965382116
492300419
934162210
159509018
5737362
769067700
856463948
236783799
492557284
497391563
714137056
792069176
219650739
727048579
238682297
410734503
249486533
141087545
308899879
886570483
127079232
742094134
669884499
613429776
997506461
94480713
822812634
117014022
943905748
219556470
503234378
339376712
797525902
408568921
346141466
31322822
899466284
283058622
289378368
757185437
37384746
665632832
466752047
710482045
738010425
714812162
902555792
791944362
358429966
218737696
135415716
207619608
113272335
470631277
955352225
710036290
471381985
850858460
823142057
162249827
528897063
23068440
254158714
885794086
50034963
976795899
373081736
472337707
494730253
275279898
64881662
279280227
96846860
765444313
284120670
671469369
44498834
21171531
889833956
714559637
322106965
837167749
385607799
375634320
873472512
245130270
921829062
312959374
852065392
458769666
52681685
237328477
722445673
970282520
619440842
339464551
533555378
578323479
95065468
50968828
332183039
927143513
863994103
894213811
617049346
955436954
599857485
199078842
25794685
817898032
154347970
406845443
813245407
997899461
105900221
257520439
242314411
453246511
654643778
194839253
826542295
627330263
89256251
261293145
810436046
567667313
252959097
360348238
417718239
799719517
633488507
47124235
465105876
618794226
592292119
476095591
65940301
745840660
748083244
808034835
528891840
558673151
698081873
614898555
32198513
210301677
939076218
850133031
458729805
633054079
615155426
310051858
994125068
49027172
822304887
416864622
166702299
849267985
433586629
522644837
286459045
185422172
618315461
693056516
635286462
931854907
943479378
984601371
279592094
240619019
258593244
939330385
465543256
547271570
164159020
46363604
603070398
709161075
40102911
987964957
515651736
820462891
442156374
538490580
94021676
102986924
683930997
10983911
930096408
332581145
633185977
595172738
596754440
297769597
383293212
691218156
973159429
183498464
163397918
871364004
129243536
765401944
574144268
286623695
230001877
773453182
134972694
392919219
151757338
585536285
506864437
186887520
987989496
253183165
463186369
944761256
131095785
800393818
239499509
995775290
806382769
288955861
490192876
871463087
18967154
460053954
851584851
222828760
742930275
176904801
619627194
411807678
692003237
516157729
