300 1000
1 119525092
1 359641976
1 365116193
1 23485862
1 964770473
1 914315241
1 145069110
1 719522566
1 60710234
1 762348986
1 501421694
1 754659312
1 311201613
1 486622349
1 789579303
1 77314120
1 301950272
1 145944962
1 909025537
1 178478000
1 632571757
1 626653735
1 873191651
1 524313624
1 652970511
1 141444495
1 928168678
1 795002407
1 530099361
1 934724618
1 401545762
1 946869617
1 221986739
1 902269641
1 37089759
1 445195425
1 355504912
1 395046827
1 848779992
1 327802395
1 403333778
1 299499526
1 115239854
1 55098105
1 909745945
1 195791313
1 462850479
1 233962871
1 825241512
1 432849940
1 622748004
1 347453207
1 400678818
1 98653361
1 617758472
1 533478003
1 567781607
1 65707926
1 586101993
1 190076869
1 175716052
1 314836415
1 40042054
1 666743488
1 390099441
1 57991550
1 759402745
1 978743137
1 38769871
1 601668858
1 27151409
1 97869215
1 993472828
1 145691226
1 508920231
1 104850303
1 544631351
1 833158955
1 770043010
1 601620926
1 345730346
1 539239493
1 900067470
1 450604405
1 852641410
1 251476308
1 260447401
1 474114163
1 586491615
1 993287995
1 747942306
1 708316604
1 203493342
1 166783879
1 339733052
1 408641267
1 349343587
1 329066171
1 49168859
1 277648887
1 13062129
1 815320570
1 440084306
1 555863126
1 746949687
1 515831811
1 8138909
1 112121650
1 443598223
1 283930384
1 413483648
1 740461864
1 347160704
1 269707383
1 482689540
1 323627649
1 577823345
1 66026469
1 401500977
1 606909645
1 552124099
1 653159357
1 893754060
1 388605932
1 423762038
1 617602572
1 810016448
1 618695286
1 448131876
1 159306976
1 117602335
1 967460086
1 115982777
1 247145554
1 649569940
1 285524607
1 739352146
1 980708102
1 458943082
1 863026016
1 881076285
1 379192552
1 927907136
1 778716650
1 379278281
1 632517405
1 394764033
1 523506679
1 597006492
1 491840997
1 230140021
1 671343982
1 178368109
1 639350376
1 469522600
1 346297015
1 620487545
1 453470245
1 377696095
1 890115674
1 893147496
1 46625696
1 344369424
1 182927503
1 481407031
1 161044698
1 589974019
1 464894503
1 257976149
1 179415822
1 907839633
1 358715470
1 495929418
1 841038188
1 676475008
1 57168376
1 944127761
1 450886006
1 164116580
1 890180664
1 930919807
1 479873410
1 819469964
1 900947725
1 542447730
1 698839037
1 445574450
1 702166460
1 608840644
1 45456722
1 570777347
1 877808499
1 318042495
1 460996683
1 375781607
1 325881159
1 533419656
1 265644953
1 395876827
1 776418963
1 81352266
1 755406305
1 828572541
1 999731137
1 713345471
1 657533373
1 310353758
1 205094778
1 341117916
1 61403545
1 626058583
1 556426098
1 832526194
1 754737854
1 798615684
1 663946464
1 828563350
1 469462851
1 444463513
1 637049967
1 822810745
1 782155981
1 40861590
1 748334133
1 994950833
1 666873735
1 30902524
1 776497571
1 143797779
1 656264176
1 952851894
1 88496053
1 125126965
1 865978220
1 662799869
1 400487636
1 65328422
1 133553868
1 829665140
1 47610629
1 261930223
1 710855287
1 263228636
1 428894557
1 821632465
1 507665141
1 576328253
1 699233806
1 431238347
1 109397869
1 994056057
1 562282699
1 610421034
1 760617061
1 908877299
1 807476276
1 188132964
1 697235969
1 326119402
1 467674799
1 732135806
1 425045228
1 535420906
1 670297444
1 374760938
1 567124072
1 820602995
1 325841329
1 957945183
1 10127117
1 304474516
1 36411841
1 891658915
1 667507653
1 15459706
1 594279422
1 219303894
1 721393555
1 508546845
1 949257664
1 413406405
1 988043655
1 264472915
1 194371207
1 982234796
1 515661202
1 721878291
1 939405945
1 267245221
1 523847071
1 955657585
1 394891496
1 355927691
1 151829983
1 645937272
1 177704934
1 123238638
1 504088878
1 922887219
1 778420531
725289125
714575970
974323784
389222553
863505781
27849709
454717190
340647518
659161615
241614863
275318356
511964154
578178014
289918692
859601160
221462302
739080643
560747409
974340094
128310713
451454939
535161041
171645512
865683351
18529092
573137583
579386816
48226283
771996849
76890983
90837886
458737867
189503111
937981384
288311015
330051517
340354853
326456779
117478306
308512414
41193490
117309689
329634619
402383586
204535025
518481790
384160130
974531959
378493559
565083866
629472454
815527500
591225026
126280986
84572549
755070728
602229574
837844422
939492347
856893566
6906841
564549005
525287887
640923029
928852823
817635110
844024193
580567718
337131027
903243124
234123225
52779992
87333650
79171856
531416201
615983495
338489015
420043992
445695303
50496391
96126680
569186416
917407758
773549086
423356145
212459191
668489902
749918450
886369731
109872366
489798015
286005506
480837364
672616534
800200066
952998871
500013338
944319537
976218210
997489542
496007107
315623906
551823276
391624629
478892293
278096402
584788045
143065714
944952718
893507257
282816538
525166650
448284857
971959061
271741716
926021969
579307405
734057640
454779531
570341774
844425204
974207739
171577157
934800851
696920664
277870456
152623905
798181599
158921238
982968784
232395910
835076722
269652946
942483855
215341036
798142634
200679470
418734554
719481306
142992509
458729389
864331646
847728280
221151003
571357324
654140376
414126185
202309292
840053309
764004126
203590455
672036287
505312531
190508726
697775041
24097090
410731069
105798918
314435051
5512443
309078629
374121603
840043350
446985289
428694967
684986986
501685378
89077677
987004975
396337190
231937347
14014500
997469479
137061188
751620660
922270217
551150350
639408254
223009706
329008977
191071219
980660169
70408955
346716163
362400319
979952671
505853342
817313255
237363037
163725693
154220953
588609813
647826020
62748293
427189798
172764019
306709266
8632347
696463428
238182542
80170138
526579342
526222267
700998374
355172454
828944746
244301226
6697729
318591472
56584517
480125769
460340158
946813932
609566796
650175804
204344541
842387863
280715048
588164142
172995402
806581822
911983984
411744633
402029072
253399741
301767760
884446501
812759507
974216111
958586572
875657813
565225430
523164775
72959195
56737657
966206176
323321898
746836770
30579821
179057755
955068287
409287125
70361308
363736457
300583257
191262056
738420705
787806615
305294799
963413099
398230265
515577518
786408433
640669473
480047443
510500994
624711708
265806166
90690199
224212382
718975316
852975722
646476686
243390018
170253158
111928654
542291491
261889269
672792107
890211619
907520176
767050897
976498289
725430040
342078727
352184889
768004780
830538633
673829130
163554945
597250886
722116573
799078630
485491492
661305972
126451424
48923832
941371672
770328920
85326586
259973271
704261393
233371275
265465323
280142180
941159219
606540617
356109584
130064434
914426307
408565806
548326735
825304623
383707159
599265059
656978131
490556611
730151024
114678311
847656260
746928690
668676112
505626016
558467084
725708932
573364079
709988835
638225271
246151285
489644826
321312025
715616758
7231792
613049769
835867589
226108747
911510439
932328622
180287756
933834463
362336615
229955329
498419752
548388369
220110686
154608808
233224844
219825609
772609283
524819956
979853134
538035388
196521650
544981307
30979550
751151886
649691394
703237823
520096950
663399685
558630257
378616460
767079750
815120755
362410027
461253366
635034416
403772031
231584246
386618485
422474258
910260951
920164050
991921097
776214403
457139390
389096290
108018316
372006066
902348634
851492808
736015340
956656897
91716477
400035988
633506876
403840753
113439580
658209442
194121463
989292270
310934237
169295143
172919426
88440421
597848937
378928128
276031085
161993870
207400083
758421549
809326226
44676676
809651125
579724487
739492879
704298341
937112758
893036344
198914102
243914712
704813426
914264349
379691049
372781417
855098
695572406
929317040
369822121
813895149
244871687
947338925
363115861
79779142
440628379
472170428
775401779
9623195
760072382
524046089
828780034
262641097
160554421
207101464
543257039
133809515
908172038
316614479
332425025
114830286
47811014
424166066
170646464
397945055
689400206
937917276
455592146
761171909
516747847
290381479
491238042
275222772
354278740
978868699
59048750
858265563
554976205
36103257
178433871
85186864
141406901
529910346
284286263
929461592
243735060
449761686
577237585
196144236
861696284
377306043
463604135
774544531
803118756
338857151
861274791
235093241
44164190
773873332
588905660
158385001
368569858
814175419
670892824
146109007
608969664
623322034
820696244
45163447
507285701
336102570
893125132
478647531
194075942
365219416
85559904
394260324
528319284
650398062
143112496
262381088
726841049
993304157
263970945
586849142
760251814
582096180
674383043
495356883
632645508
448459452
538582906
833665152
790442388
362138489
412023361
483003637
467341910
505787936
169102196
16484247
51698323
444836320
947004861
751007332
848880556
235500527
392034424
831893355
931311076
657278032
413929838
178563811
585609688
921490343
876865700
509933853
902937674
385657890
972637545
340482501
983897516
529035733
917111013
535719147
249661103
553679134
919508565
880250425
638605120
760651162
779502740
598201275
270684551
764351148
582637589
852600924
864231885
960006554
547128698
570914973
622179307
111180211
672508344
23804211
243589219
13971673
507257473
676350005
999656421
45424646
554918587
119624239
267158805
678917892
711505825
854503713
851552511
154346664
164180506
125881572
113813455
3245982
334791424
731015054
312308754
455085031
635537508
857066340
412819074
443105523
717094821
448137487
154039501
237413337
335560131
582974357
829058866
632690146
944185661
953767174
891031504
72059100
299578981
151906017
2435
433121067
204647600
526402463
128550433
503768295
27884033
64719142
340290992
656570848
842347539
984710987
166560081
92072871
319753173
526907643
333287164
927072162
570271951
787173047
549714267
982362180
148771837
711555806
677773059
676014994
443110771
580141947
700239941
171533123
671201620
968666693
192730195
143973610
586642760
515238908
434499323
321103367
206899979
95809699
123459939
266808162
564812623
890985478
245770759
623728851
176314584
813173417
686508578
442500844
278562958
807031931
625848824
286295734
171103752
958856558
163067207
308674928
653001140
402298330
72445124
904043867
459979273
500353915
34566098
467266583
111515892
187514583
499696886
186421822
616787618
785388755
441903122
215623189
267341207
303766743
633638641
800169706
870092048
697160570
926795698
316352511
708767573
199007173
172098951
3485723
198567438
869837603
24755736
123125054
206809928
911977163
860342793
769270000
436423320
228187549
811000729
742197767
675615347
180197828
567816210
607706234
413678684
441998649
558518300
750958340
256356580
930898333
816229311
247630267
292221687
667481563
524475946
333123235
188403583
753180000
626339815
762583786
228240760
775331522
130043842
318521463
947991635
986319987
702287777
657340778
796144880
764389133
72835301
917808960
167716538
540572249
218876170
106911655
264333681
146490906
252041039
10214759
841129657
689590713
438438036
909164026
228972529
181896188
386997485
444144380
44660536
133187866
88362853
345523822
806742242
924208159
876778581
21299639
889485531
866032671
826665912
353243811
412582875
283881648
984076525
42060016
306524147
588191267
443493076
283528745
156276451
882799918
83276958
950069300
639365417
678991954
29176243
660011233
454132338
837956216
674266481
201744662
233944067
877966130
326560600
6925947
786228873
952694538
349214602
407173848
517497517
339818996
384504801
435646634
123739936
400290560
355264998
92182083
445603481
865622562
778587630
428196925
511923793
938536999
846039611
898349407
395819526
585239590
194367780
897645742
937667954
502078458
711448453
166479790
103956555
824639431
827440733
658811821
464048736
809661636
1628732
952121397
534523138
353511790
875571916
835408339
583553115
401201108
70757353
590888356
90948346
353808044
620281850
492317309
72219997
240956541
187374806
146262320
262330979
238048790
673653321
206276637
778019214
610775171
136978228
457508390
215096674
544103158
587643599
5629223
334323931
162854080
487651597
884652804
405021020
513831282
70682627
284828134
217268136
289375886
295456605
518260925
564167880
45592172
330209047
543897362
130850519
133500358
366903141
277455850
791133939
200557922
509074126
567752304
848077018
689313756
977056540
515091817
45067411
374593540
377173099
697605441
88345474
912137448
660422374
763368803
653379104
993570297
262185027
950261449
378807436
716360626
960150062
746167067
86262596
882001113
110718101
350321917
850497490
99907420
407644301
284985868
879242111
640746338
456077007
76561477
901366853
865460330
355559005
280163280
817701576
917997597
375641790
887434895
410859511
811584231
951698377
522147017
130711606
399728635
593583318
707014865
689076804
829323183
996838023
172863900
421446632
245624055
528831044
742760633
123648720
34851112
328572341
58631061
664288285
142221853
383352360
625277133
470129059
551054108
564362767
271790447
807134928
986508348
441432691
1162833
463563406
557799259
686824841
930254236
107891295
520544522
841673410
834104088
785772624
573158214
801271125
465850014
723606144
30857261
301238217
557405780
171349842
164495622
813768220
348166340
10400415
966192491
477941721
866324784
539535047
823523804
492299708
973798658
835192717
94625004
754501307
588951682
259696981
188020201
975934305
745286626
154974499
204226118
868635197
100683362
367512758
572204539
913653322
610735287
201758319
913756694
904165052
894031389
321222429
18238244
637147252
102548736
757814197
172581846
435106089
440149965
575004599
793539883
339030405
832827329
944138500
489294013
948912145
454781502
