500 1000
1 738840136
1 403900737
1 959992570
1 669463713
1 706577153
1 96648364
1 244425927
1 752157039
1 799957640
1 417159932
1 10513777
1 286481397
1 784513759
1 749887467
1 667477827
1 836144184
1 163417702
1 923520442
1 40909642
1 610169319
1 375673585
1 32583654
1 477001912
1 193115883
1 178742826
1 575142260
1 701800339
1 239752741
1 150252533
1 312245899
1 812129938
1 219632338
1 996590804
1 718993954
1 578371315
1 592141385
1 809537281
1 801923979
1 472677141
1 819550516
1 665124110
1 550577598
1 86512865
1 29277020
1 529383456
1 375246787
1 579880055
1 763437433
1 609376198
1 673165868
1 160616447
1 666083334
1 104497197
1 513755867
1 304621252
1 167466211
1 783548211
1 405369393
1 570539564
1 532450716
1 839140214
1 426035005
1 836957484
1 93934711
1 238693272
1 98864567
1 484275078
1 816788549
1 612681785
1 607871292
1 93388210
1 649355910
1 748123597
1 244847334
1 290145096
1 743963692
1 432633570
1 313829051
1 487530739
1 792478108
1 540920018
1 42411672
1 881372292
1 134319490
1 805860087
1 740189335
1 340865170
1 62810679
1 384431165
1 409609178
1 680796569
1 613319927
1 518344235
1 111288233
1 672522059
1 512300942
1 936148318
1 623975521
1 557762738
1 494214244
1 424118814
1 254890191
1 395686294
1 638663564
1 326139453
1 659123503
1 88250792
1 348675613
1 950006725
1 924937911
1 448832446
1 153541117
1 586552405
1 857716329
1 65444953
1 983626812
1 502327655
1 719364732
1 271084969
1 708050276
1 408150247
1 502778297
1 640060239
1 208952469
1 83099570
1 106270404
1 343921702
1 680120322
1 345155796
1 892387417
1 492010435
1 87710103
1 981283729
1 95413271
1 696346123
1 553079387
1 874159592
1 959995158
1 296519545
1 19253728
1 686860004
1 416141135
1 347921440
1 535551711
1 542372402
1 199082608
1 697284799
1 103474596
1 135797430
1 739044719
1 451287043
1 140010855
1 353284478
1 114907323
1 297818064
1 200832334
1 545217263
1 259519437
1 764995073
1 93708354
1 653547246
1 384904638
1 678073575
1 92498250
1 637395794
1 42333198
1 643823151
1 824788711
1 896846755
1 313801660
1 716701733
1 879703207
1 689356917
1 576358208
1 838721790
1 97873004
1 760948112
1 186514243
1 92459514
1 672712708
1 781749383
1 562390968
1 161327420
1 292464617
1 463506093
1 629034931
1 902374218
1 818158800
1 380774293
1 708788845
1 858962726
1 431375256
1 703517862
1 894060820
1 438287490
1 493673011
1 414775159
1 187806676
1 710567091
1 958717844
1 421698400
1 97434696
1 62915895
1 310677035
1 688349946
1 443267918
1 698703979
1 757418336
1 756635196
1 704394481
1 380747716
1 567358457
1 822276868
1 887432810
1 176968563
1 544973427
1 371362558
1 591309276
1 153497442
1 814218452
1 339717885
1 798658576
1 999966695
1 561020970
1 367091506
1 609835507
1 480583899
1 533218333
1 320622546
1 943146999
1 134309624
1 877657358
1 785196279
1 736019850
1 630972854
1 124434496
1 376313551
1 412079980
1 895717872
1 218415602
1 132724932
1 460175210
1 295767050
1 423347312
1 502924086
1 340935734
1 248739198
1 576499093
1 211222942
1 614840413
1 351835331
1 3969366
1 53249330
1 440651539
1 322824271
1 639970287
1 887238201
1 832280811
1 928679646
1 667821926
1 637717428
1 484195417
1 168009926
1 697304960
1 185474680
1 860405606
1 965732426
1 691190267
1 49155948
1 795903527
1 61586573
1 340815896
1 217049356
1 850842355
1 364442454
1 146708333
1 738233203
1 446246031
1 269646383
1 102394757
1 619211001
1 841263094
1 58606796
1 756959737
1 172164153
1 773708470
1 393206322
1 925869542
1 706833264
1 125143732
1 648189357
1 468862539
1 289480085
1 435545431
1 636229556
1 637593994
1 80711475
1 323017808
1 751256628
1 29440659
1 530514507
1 134237732
1 779855234
1 807245210
1 532206976
1 525686487
1 294346039
1 938871013
1 363511365
1 557777782
1 550242380
1 810893222
1 726546032
1 906337953
1 609991332
1 456686030
1 810782064
1 160024295
1 122870826
1 69027255
1 721912383
1 601027455
1 79040618
1 539855796
1 853227888
1 497603265
1 428845873
1 907289768
1 557727225
1 838674274
1 127686369
1 365048786
1 5614579
1 402808657
1 999083828
1 498515225
1 236653445
1 687611127
1 301664222
1 73657814
1 61512850
1 889046141
1 301772528
1 389432972
1 867073569
1 357258874
1 973930556
1 739904661
1 299615317
1 968428221
1 841826936
1 482876126
1 226285795
1 621232400
1 718496766
1 398608581
1 783544460
1 891288763
1 776932594
1 675075073
1 21040412
1 976543424
1 368989986
1 974745113
1 160383946
1 784251244
1 989729255
1 760440509
1 552051427
1 803250920
1 346448439
1 6171175
1 141154785
1 10076537
1 242502476
1 426947446
1 481311428
1 964866489
1 558220276
1 520205855
1 941545870
1 348127668
1 241232955
1 650075666
1 20596188
1 844886475
1 350166645
1 6676099
1 736025305
1 319796461
1 84911959
1 149765358
1 160366251
1 800406353
1 264788117
1 220926181
1 189185189
1 899760243
1 987895383
1 423517177
1 280404617
1 407787742
1 531596654
1 478941282
1 282672013
1 979014854
1 625329137
1 857615017
1 109822600
1 108618891
1 894242838
1 667061452
1 364073395
1 750160176
1 574963546
1 834868561
1 560287855
1 780665905
1 175991402
1 392301858
1 378453272
1 96417359
1 125985387
1 485546923
1 979264479
1 380635610
1 575331126
1 430030783
1 687595080
1 843692570
1 926553746
1 887077402
1 757339160
1 612505796
1 955983615
1 345010876
1 621270460
1 34960574
1 450967141
1 890533708
1 808188202
1 430798545
1 638117209
1 599279506
1 548356430
1 72981167
1 329016183
1 288948356
1 502535002
1 521084478
1 585348145
1 101334071
1 68273488
1 969135581
1 896839777
1 756829145
1 896085274
1 932878291
1 915009452
1 206380511
1 290133070
1 512225940
1 436355077
1 542672822
1 751043493
1 851651336
1 492207353
1 206456859
1 686313111
1 582401642
1 944575630
1 776046873
1 45968063
1 386646056
1 709075283
1 989515841
1 421479889
1 918825583
1 571953613
1 755594515
1 477053132
1 111866829
1 844745060
1 98199843
1 924657400
1 328501186
1 713759549
1 103212665
1 893657045
1 252517777
1 265523684
1 472366415
1 390029071
1 60249842
1 448023334
1 701198306
1 386021807
1 30625473
1 937731942
1 52916685
283874614
281913345
903044110
837496293
163586235
16471315
674409898
916018676
997311624
406745679
290538235
478511989
415092366
966928680
933908982
757643285
340787061
135129922
8464988
389327143
174832745
674262012
483533041
634781281
925383125
102689046
617766666
743324183
745745752
363993698
536563878
741723635
425220151
314859573
383347095
344310307
170397782
622415101
525848867
740002823
332809577
256162848
815661179
935914499
925825832
222210400
232923345
18458958
376128838
131931893
193001803
419453628
785630366
426633290
576392799
912358313
729445681
316231711
819491357
518941453
37403987
397138767
130787527
986848971
856961387
117849916
360523989
569954416
684594599
345111174
433163524
145679138
345694403
321313508
389533642
227756510
794945798
986863870
807876761
551420737
47900403
710405567
815594476
673177866
220554270
674851682
99208169
918807561
850395940
762544063
937707241
473617608
292112316
370530621
424417939
678107386
415260900
764888557
431782203
469470378
172826054
635609281
297902417
547346589
4056771
186949863
234237609
361189617
770812466
608280400
748276455
611775189
454037303
188634680
493633981
942551310
128384781
571641472
988107253
34801407
779855510
355227495
439338987
178975583
565475189
947000225
919720747
252681835
918635559
132950107
63061859
789988648
101489294
585526209
793988693
381464387
273255882
565355678
782669036
546009583
426362540
943111452
114638322
873114438
513261316
88071012
278285160
39389218
452454617
950576274
422778346
70144080
293249243
603823320
746206136
441111022
292680565
241508039
405603649
873179662
576576492
151548059
366140629
483416969
148836094
501641668
561638969
331131949
485071469
648682953
406339158
402138128
837329808
377028703
391984665
873145998
496478081
75033616
344147022
874994781
818383493
222337870
615708379
186859348
91468202
824010692
376721596
765627516
858488828
352495613
121776826
391452904
907144178
374547078
237746809
886066722
629339503
309867371
855696491
612154090
179020982
302321054
571710812
203456716
682827561
67127484
750818172
536294667
249578583
306600724
662046788
29913239
693808987
196555565
851590607
813690870
557736063
171280592
64871617
589001240
862662440
350060470
428894545
80913059
758659195
801093779
901024701
903855212
621501468
795145186
509833745
986661497
155309041
877169665
746376409
788724497
657863276
616819491
621519597
823939116
508740408
193656018
267403400
386442740
119362213
972237814
910861843
854752782
319318848
113835423
367968502
751294262
161868454
617154572
400244794
874852374
231874992
449174365
163887323
796644675
754449835
85381821
10588963
39202594
706647954
281077248
37172260
280833611
656376133
876240500
967567441
905669578
613042653
164154829
19530203
68998571
18628248
816774638
455381849
789007675
693574508
383212118
971240456
566974605
898688806
868288460
673558538
332935631
963615401
427936917
574682818
459111182
670585731
302174480
687104005
224783679
906106951
130931052
902775856
810651952
51269328
695500510
511568831
313278417
703829548
647744517
961715290
685464206
996945959
862482723
574976404
850691140
462063840
996292754
260155023
267694560
828736239
715507940
433766651
56658874
300197688
795997436
666751497
211463321
331465050
274874951
266942534
180209028
333852184
150419242
556898583
342017866
748190798
642621841
990145451
846576603
103605560
466382541
533673355
219440171
450329111
217901761
539431497
238943809
709238066
851798778
914032645
7899257
27736547
485389004
857251602
478245664
753572018
808005642
798666931
769399324
22460790
157468281
512274905
897607189
594848025
86605880
431931980
57222601
991549130
498522955
79852897
413724251
808354966
470519274
994057927
772419936
892923050
365539352
230901791
850770430
158935127
920179753
628403362
559867580
2993236
680860106
945889344
713397086
253831576
177212716
740731248
417106074
622105805
269839497
734788739
684128097
801823418
64749568
394249567
945621966
617913336
372995511
907297013
882494637
484886844
845878063
668341837
685754126
377278145
604600606
551754667
438808451
758521278
203636761
956188305
733624719
315559873
518991318
167585467
676252891
788384697
185972087
731736163
736280321
485621656
491761936
62227980
927215386
357329623
178824914
221544797
119486964
169456680
134251756
651400599
460551205
771265582
943434696
616174776
909869542
794958401
998522963
24537230
919013727
953811058
167404602
699140740
696711343
750046744
172766811
564059768
341484212
87190335
140627656
811399706
697362673
72482927
395074084
303921932
145732952
770365769
338617768
857620558
463281051
960696677
41040428
398390768
195213443
374511462
550620276
692749310
730606320
126180983
51649252
930492741
615750657
528145080
689507151
185543365
765953110
816634923
355907138
203578362
472969335
398820432
993359759
578399357
290127207
500545338
483642472
256068190
960947904
328582788
730036135
347636919
684050196
173885361
543950296
595700694
967047221
912219140
768238387
894684059
801812317
76231626
104765067
566936021
68532015
17436419
711685352
333840000
140069299
77699263
773337010
541148260
654909638
807521611
256914450
436055550
217892426
545243185
162388104
300606064
342543472
916326100
951931738
653557540
305392701
324932505
711341031
761569938
132978310
187336120
153182065
530462421
214908022
2162200
672078287
164850653
81227209
775979650
221199168
392784005
812818772
520385536
825507535
220086193
123364396
956529256
202461520
721469433
834315175
825878652
682855384
46869005
193431086
102927581
779821059
360058471
558513355
945138408
62658597
859388691
164731759
898278230
845821132
139829697
775559147
854549091
32078621
942387582
191580884
596701366
809714556
976938393
3837890
836131999
776026398
790864131
236810611
658967552
935974230
135331220
611087139
812001612
164228518
376772794
120494761
992908705
297826070
954578789
842566096
672211015
784071844
65621551
273941534
277871581
920021568
531481309
260778996
673513566
884568148
634255244
291628392
887465931
535414863
665065123
152985158
439098296
931813811
134025913
748587748
16641841
466109158
895811369
724454026
198288241
64211423
331882488
212792105
725232495
504682335
917052004
323517853
983135268
320202839
172040944
938419120
236528832
206090889
293487374
419051481
812940954
836955059
276851039
817467325
899957206
592280479
679134704
633475087
127070431
255425061
768878309
20294223
74680834
338174534
138994015
511729893
417694633
715991243
359943157
712182736
532233177
222166320
502064802
877793138
719398083
606283775
42661452
66657261
228137511
331074975
254830831
438466943
624316024
593636655
614006886
946051962
681420556
326582965
200349661
856379975
445869875
763291594
951012695
991804801
725557764
115840158
200908980
344937025
791120804
699490694
989571316
502890832
187727230
469790756
136608142
99440613
618142786
994733506
843746066
158569914
67639326
406630995
665634730
195276515
494146543
929052878
277402679
463203040
49795399
415093321
984077
696742408
838940459
755010235
46959370
575319552
355226639
642104837
66689050
360521449
973054089
442904492
472320376
631553413
918161415
718288663
924511892
623701477
894414726
74940876
451004240
483085304
455625980
924513845
381347219
916024366
373025100
806304925
897578963
900351121
551421145
168590944
92022623
469132511
922028962
822089900
97252139
160707355
396249470
783275842
577101824
480360235
930737748
208765465
941749665
602901654
447850124
647166859
879427798
86199818
786201932
607600420
58100052
66774811
109590046
485833093
935265864
728077788
108288497
514849471
337678554
589935447
459254168
809900893
76904147
758631193
875146282
184158929
786295212
78042308
615363147
216084305
657892407
570170560
201531656
408084694
167802784
133589730
757206661
435349697
137562819
105498785
944863157
94954853
403884738
269646510
280882996
452929701
698047047
672547785
823185401
303776542
773689776
544333546
905719537
108871301
618276434
728818966
392428927
146459455
384339668
659371445
921772223
215386669
396925936
97059129
694564657
470043253
208238282
736959240
810485898
335564543
680265784
163996705
252318166
420232659
577437458
144052460
571729414
587299221
766983869
392194983
98740598
713670257
540350051
414819131
933805617
701688942
578663468
494678878
28760434
435101383
918649567
264613389
473788674
462644838
648618966
766235299
934902171
241516653
705200504
400817965
286875640
944630172
641764032
866429390
875701224
633300565
149298498
985105695
838441266
714090353
609907569
566151543
901064466
872287372
101051620
396423994
508601140
474895193
811346814
5705711
920931475
297697491
908734195
618810334
563693615
568491553
918459879
236019008
202837132
453149098
332707328
194379730
236195797
648093270
266960360
185770509
501348405
557704518
646176972
324284896
402597468
450234075
628786311
375897647
170360895
111487363
115912901
635548751
419644742
215292410
812460064
220793288
583551384
643940125
626611858
136470189
679371902
869568385
590868477
968774430
885336782
429840319
355207881
182941426
144473583
455255047
522011675
630466198
961727307
939139796
45082707
750591251
766400904
193052174
495527273
867236902
591629747
236252708
669289650
636843328
522408292
694541224
700991056
862605311
48315059
380080170
953535787
795707618
120864086
556612218
614505849
654952441
585893460
814758208
665880330
612105373
846880426
431965736
473013294
701489376
966645155
216038215
97096168
17583806
619386446
133705069
106536500
231386182
314513260
404535424
442029198
248508798
311269908
982632273
911153017
791422806
918632115
519689719
250602619
86498244
516762347
137469829
874717229
706421434
900567458
187222671
452417292
132433540
737517866
832575858
172102272
198776074
18441955
907724143
452950854
673632472
671875657
98101236
578315943
492319463
984939040
867072783
936203941
841453353
457159149
306767876
512887444
962744720
815196878
808437182
671306897
483825288
655857180
301305566
931704504
253000793
39880563
526586963
493060826
237279633
