200 1000
5 534372424 293267006 883768537 304460347 883979157
6 882956728 881059685 53822687 419383339 113741110 177470839
2 880477009 878869128
7 302581587 575988092 122778980 174117304 494927422 875895043 872970702
3 872403039 871842676 609239872
7 625735137 243435666 871128547 64202690 868670192 17589451 4305607
5 594235869 868611608 261702880 26694885 867084539
2 203624518 999219304
3 203735715 539087470 998255169
7 863875530 608962860 866129630 393226788 437744126 351116598 405505843
5 570892250 149536755 996107128 167472704 219588669
7 314277253 334897984 470658294 517558459 381567340 860815476 860596109
5 416370177 420147769 860030160 859326599 481312679
4 243883689 474784294 617119506 995938774
6 108948508 183992744 858176076 453268314 636458993 857902329
6 305649085 995883120 205345341 284146112 437140614 523389558
8 614811379 855334785 242091861 450364776 145667209 1944026 273561676 857002747
1 993787065
5 444140734 402256524 236435070 852853724 853114674
6 101168484 993531280 635460191 616548188 44730411 280031022
6 851803952 224586241 482973429 852511723 311596409 266378571
5 168603930 850826865 256551032 501218334 850542713
2 990564134 140930938
2 849843104 849196694
8 990266300 223541168 395298167 552420990 596860485 211874327 615683460 349045037
2 990213498 149637314
5 1699479 86928236 845569710 14183031 848957067
4 98513955 841345566 418669670 844323205
6 74080609 167177385 233678990 453131179 456920723 989886468
8 988199648 124461824 227451161 483949142 374829825 412772834 250099690 373635884
7 150634612 648945992 571129217 839952125 262621083 588651134 839699161
6 835638929 412743317 508060860 258658773 838347533 21079203
5 833045837 458696916 625389247 64565979 834869236
6 8352361 44587923 160631777 219601456 159665615 985300063
8 559894338 565696937 251064751 26220998 828910835 832170388 404357030 311580316
2 982077230 411971881
4 615473449 520094633 828492371 828903666
5 643468044 586983828 598135781 823933654 827653334
6 980234242 471313569 205896333 655744641 136323989 502064214
2 590581888 978994515
6 270228275 822197519 204259376 234085426 823907000 110599699
2 631857699 978721965
4 268113246 157165880 977722787 429475352
6 170300659 284443854 135131179 975959739 155023634 360575488
7 219088421 601518852 471589528 975448362 461110118 441254533 27150252
4 819253328 821446985 408732572 40084670
6 202021451 35404816 523075855 818549864 816897729 100067284
7 285136961 193527926 816403429 204195103 816662345 18499174 221798998
4 48804379 973733523 514994902 397569135
8 201088246 461598606 65658646 390957404 973347262 636050869 178765499 185149421
3 580161736 972131402 541248985
6 815760702 182507355 815555338 413414209 635981782 432649783
7 90451782 20761249 664841420 971757927 473192969 517477084 96571156
4 468786463 290579725 134082603 970547165
3 813041463 354642554 813546360
5 123135571 87218339 147440443 970202694 246918013
3 811659055 259098299 812225772
4 515002480 809632588 811368229 566047776
4 218749629 625827469 968919481 152174878
4 107553380 808791100 808611935 282405140
5 300066396 967738806 251316271 347182945 57535472
3 966622045 635904874 336774579
4 80441413 807253104 807697208 554628959
9 807223904 225628060 96039697 272400401 371923282 56555432 316068936 807034146 488879790
6 628349277 7862194 806907800 63132449 807014970 120728134
6 441183990 806327842 215546098 802560876 659632141 610980781
3 661743969 966501777 314052259
5 966481625 305244830 561732727 136950441 120477604
9 490795095 59106175 14818044 543153062 236147809 519434414 467938854 966370867 228095475
3 494904542 113608700 962952054
5 383973712 74419272 798755920 801369998 550738331
8 631648214 248830760 250811452 621914650 962927001 429003765 666963174 287828852
6 37882375 797568000 247807254 795890113 88581067 207401076
8 404116759 395422559 505207561 239023077 312699940 141950029 344431288 962503164
9 466364252 792194336 123553878 665028211 295706761 430925743 791429431 475573565 490832366
11 78103234 214887842 790675078 430176925 113175931 389722818 468561813 568598749 791355121 73375239 316698028
6 345810436 536713344 788234127 176975919 787489991 231091732
5 529978892 631393714 472506217 300666144 962430138
6 287391358 164893521 483259773 475116246 786017697 787137883
4 335961501 959977447 208418796 629285993
5 956598659 180209324 150070845 576403361 652369818
3 222223680 603925893 955086355
4 209504178 312442919 785465953 785324407
4 782555561 498712315 784583615 409844773
6 31809916 782352828 529063659 95941707 781833725 111069880
5 456904887 506673858 954264503 133035844 628292878
2 950646649 290635207
6 776172229 546605417 511005037 29718589 274875777 780885509
4 616242084 950078408 344902874 268724044
3 6142179 947676638 574681237
7 549264173 774471397 259422552 104448693 493113143 774291881 187693270
4 250775031 947059106 117941988 603889097
7 771665334 157069623 773986756 241511190 418497308 142193185 306991102
6 945011555 646740318 529962594 527222436 431548576 352950224
6 540360137 342553880 770486634 622871719 769666887 345390093
6 521113555 139259035 943750294 513027676 632054638 90215589
5 769272006 110541158 769384903 345474989 36826961
3 767965290 762712894 658095272
3 107380839 66036720 941207654
4 193183669 940189574 176604190 495328961
6 206400909 419077369 645161762 331009334 257883033 939955309
3 427545182 267972392 938343148
5 760353766 658759324 310556022 174325146 759952531
6 663275948 167379197 523198938 101657620 758509503 759469095
3 305374328 127456018 937171956
6 331193526 665351586 310424637 756091145 331054356 756311414
4 43676971 151950243 755566137 755179614
5 163117827 752137210 323735389 373413499 753820170
4 935755426 63046309 554540211 286578480
5 935491594 511022756 273389259 386208006 393007504
5 750274832 288495843 449429590 201058225 750831329
8 187093627 744556237 58433429 645759708 256617372 238165552 550920398 747397450
3 76421152 137451468 929434553
3 23223866 618763921 924612785
5 47923581 625763273 744064644 564971014 741978598
2 922825431 245052950
5 643690880 740650325 411820450 741207128 240325454
4 342690699 19301403 739360136 739747188
6 734637902 592151601 71769444 423707253 347145682 737528513
6 531171846 921929354 369051617 244448157 350606322 457854282
11 545244720 507708655 575591574 610954531 243217528 494777270 125201114 734245763 428349166 297159483 734311132
4 732813518 526290639 66686195 732844399
3 731408154 731458598 603120906
5 164533614 92334322 255540860 153372930 921191512
5 472813630 919097632 40714357 13065558 81730246
5 46031560 728126821 598767636 478491790 730998059
5 69469848 110561519 918994920 230682779 334095437
6 525875311 726151578 726159182 82527945 99507467 555422509
5 564919446 535858558 918317773 355029211 4463192
5 725908555 725987031 53839472 512888393 215771701
1 915987749
3 915693807 237971750 17930366
3 99553122 915576996 413660088
7 527961334 447612777 725196296 725403443 607793103 354084112 42511690
2 914465325 666344920
4 147105759 421356354 598033292 914172757
6 659259726 591678718 140944084 240840867 584550727 913766241
4 724683744 261830399 104094719 724087441
4 15567987 135965044 238907994 913707974
5 913370626 298231525 393410578 381108539 309707874
6 497892765 9743213 911996588 642879380 5871790 426670251
1 910588340
5 436764120 502911289 210359891 910256407 337118769
4 379233177 722789192 721176660 125933767
3 57488297 608646891 910198757
3 82090493 720183212 720183238
6 580943200 715938247 503813697 717494068 39641031 256699733
8 612066856 660221454 619794688 309830977 715658595 432510629 93432911 714747122
3 714160768 639435617 714383450
4 311417821 557394860 334128300 909423840
3 432157983 908887808 333273332
3 908498540 485620519 18035494
7 713122225 317290063 133103404 713631467 435210733 57927801 188346610
4 713099500 427685818 711579561 268101690
4 907227352 426841446 120138567 597794653
4 55559431 534656619 907184443 15603771
7 407775021 438228334 193968122 496289153 907048219 161322880 78735196
3 201474728 258391995 906724783
3 85340153 710927706 710303510
6 709132417 95954162 708598068 130794532 123483000 520285556
2 167811417 905807443
7 581051487 506134565 903843774 198848845 23866520 216121974 536778256
3 705676447 18056142 707698407
5 580737546 903738644 63163942 370311222 575541429
4 457272096 226440087 902528289 435292344
8 425659978 704585115 705329774 188214968 501858026 488537445 662092900 23186773
5 218275232 698367594 224117117 405929032 699627548
4 313647211 694781153 697208645 547077660
7 442010959 604808205 320525167 694258590 425270147 694500314 420148220
6 310751234 692104809 588639024 299628348 636355268 691665219
5 659700925 690715672 689118953 528819938 2023628
6 434659778 688417460 584189512 521303876 220572995 688721934
5 683143503 480306638 682282605 295402101 159936663
5 6437891 242808743 585179380 902210330 576261602
4 99537402 630136349 483284135 901542736
5 141715530 289869941 268193196 681892105 682177106
3 229904852 145113697 900041680
5 898888683 6081115 316050034 179049079 663744192
5 326183675 182386659 897536367 151124937 123201814
4 254800253 896427283 18502339 451862814
3 896207405 422921231 333189850
6 896107377 37295791 450727750 598047107 587276173 300673928
3 157937229 680405094 680117736
5 202228003 379064028 318794680 272158245 896101519
6 893189762 184865936 392800990 288854322 39736061 379174243
8 411400925 518270361 286318342 565135818 892493175 500672865 283289481 269887265
4 679405610 35798203 679949150 404833992
7 536436709 676349345 32710618 611780088 656914204 53932172 678198679
5 890843171 614888180 527465351 626372380 59820080
6 47462160 295793948 366468370 283197035 675281959 676032276
5 452987985 145140947 563080653 889845129 197292687
8 662641374 624495713 674982967 331368169 674797387 272302664 629013732 360882805
6 219621854 266019492 96634993 887833586 649531425 108720752
9 271767699 603090768 627759427 671695594 410604950 16879352 673024939 52024627 602722535
3 670930819 671386307 249757997
5 885211553 503107577 576842260 108864449 461148543
5 668527101 506876718 465803400 669196467 288819154
10 378086944 92442313 374187018 271403831 885210431 625897579 4117032 440714851 144724402 39136768
7 200884454 430654196 287126710 359523429 667322223 403076541 667971477
7 138302332 441483336 482587111 154268599 667056261 667051302 159497729
135965044
215771701
404833992
710927706
787137883
239023077
144724402
425659978
781833725
178765499
611780088
666963174
147105759
251316271
95954162
242808743
601518852
731408154
149637314
223541168
405505843
759952531
63163942
838347533
141950029
828903666
760353766
939955309
990564134
617119506
435210733
295402101
390957404
66036720
669196467
98513955
407775021
113741110
17589451
875895043
344431288
335961501
527222436
527465351
907048219
450727750
494777270
370311222
868670192
82527945
471313569
453131179
841345566
989886468
543153062
656914204
16879352
850542713
731458598
160631777
286318342
881059685
174325146
893189762
219601456
23866520
35798203
995938774
676349345
614888180
227451161
812225772
63132449
442010959
135131179
465803400
311580316
418669670
123483000
40714357
450364776
550920398
791355121
280031022
200884454
531171846
709132417
425270147
268101690
575988092
639435617
867084539
284443854
950078408
284146112
405929032
201058225
188346610
525875311
896107377
725908555
65658646
366468370
470658294
290579725
517477084
354084112
39641031
610954531
64565979
494927422
631393714
219088421
675281959
272158245
9743213
726151578
125201114
550738331
741978598
598767636
816662345
715938247
416370177
574681237
242091861
314277253
93432911
549264173
457272096
71769444
262621083
732844399
283197035
898888683
211874327
413660088
629013732
429003765
159665615
297159483
690715672
272400401
807253104
782352828
220572995
167177385
268724044
501858026
198848845
52024627
667322223
92442313
224117117
311417821
447612777
273389259
848957067
758509503
268193196
851803952
523389558
483949142
680117736
20761249
266378571
771665334
193183669
698367594
631648214
715658595
802560876
670930819
724087441
393410578
682282605
123201814
438228334
274875777
431548576
507708655
236147809
636355268
344902874
379174243
468561813
878869128
970547165
935755426
250099690
21079203
642879380
147440443
714383450
259098299
741207128
806907800
913766241
397569135
309707874
632054638
333189850
597794653
973347262
151124937
714160768
18056142
167472704
584189512
744064644
535858558
872403039
797568000
978721965
592151601
316698028
201088246
863875530
164533614
518270361
708598068
420147769
475573565
395422559
6142179
882956728
472506217
261830399
755179614
306991102
441254533
120138567
90215589
257883033
849843104
150070845
966622045
110599699
614811379
444140734
622871719
57488297
108948508
161322880
420148220
176604190
139259035
962430138
35404816
427685818
82090493
228095475
15567987
320525167
619794688
835638929
457854282
285136961
581051487
250811452
910198757
520094633
832170388
203735715
202228003
125933767
618763921
918994920
808611935
635981782
295706761
956598659
164893521
823933654
59820080
608962860
839952125
488537445
679949150
6081115
205345341
180209324
568598749
857002747
945011555
347182945
117941988
955086355
222223680
889845129
259422552
903738644
287828852
902210330
990213498
287126710
251064751
834869236
26694885
40084670
304460347
616548188
381108539
896427283
182507355
559894338
145667209
243883689
598135781
914465325
774291881
404116759
667051302
576842260
412743317
485620519
528819938
226440087
193968122
505207561
39136768
187693270
628292878
563080653
608646891
705676447
585179380
674797387
705329774
913707974
352950224
663744192
682177106
411400925
286578480
466364252
924612785
818549864
350606322
44730411
734311132
81730246
839699161
316068936
813546360
236435070
807697208
871842676
73375239
529978892
23223866
571129217
711579561
821446985
935491594
502064214
136950441
170300659
4463192
908887808
694500314
590581888
512888393
688721934
901542736
815555338
383973712
154268599
99537402
96571156
514994902
140944084
791429431
896207405
498712315
317290063
345474989
256617372
225628060
502911289
975959739
773986756
990266300
36826961
732813518
309830977
872970702
461110118
57535472
245052950
753820170
887833586
915987749
120477604
596860485
972131402
218749629
852511723
159497729
237971750
725196296
914172757
66686195
411971881
819253328
885210431
69469848
683143503
780885509
970202694
136323989
566047776
145140947
266019492
453268314
520285556
6437891
679405610
866129630
441183990
816897729
149536755
56555432
423707253
975448362
369051617
860030160
557394860
604808205
707698407
591678718
756091145
184865936
283289481
968919481
500672865
289869941
215546098
18499174
334128300
53932172
4117032
603090768
540360137
218275232
626372380
661743969
403076541
929434553
17930366
26220998
787489991
187093627
153372930
427545182
373635884
610980781
379233177
503813697
95941707
822197519
355029211
461598606
430925743
409844773
785324407
517558459
697208645
554540211
615683460
937171956
179049079
980234242
806327842
300666144
774471397
667056261
316050034
107553380
662092900
151950243
911996588
790675078
725403443
915693807
609239872
616242084
197292687
659259726
426841446
833045837
419383339
845569710
985300063
57927801
580161736
43676971
458696916
326183675
337118769
815760702
490795095
127456018
756311414
501218334
46031560
334095437
807014970
419077369
386208006
123553878
461148543
110561519
493113143
853114674
474784294
523198938
900041680
374187018
302581587
471589528
267972392
691665219
456920723
750274832
943750294
142193185
426670251
371923282
430654196
521113555
345810436
76421152
244448157
588639024
688417460
511022756
941207654
167811417
694258590
229904852
586983828
660221454
152174878
480306638
305244830
807034146
402256524
720183238
635460191
104448693
183992744
770486634
483259773
750831329
214887842
378086944
96634993
206400909
310424637
541248985
318794680
730998059
769384903
603925893
511005037
441483336
536713344
243217528
713122225
305649085
515002480
607793103
111069880
755566137
883768537
659700925
739747188
506134565
37295791
539087470
737528513
666344920
713631467
334897984
671695594
88581067
536778256
96039697
99507467
74419272
740650325
625389247
210359891
422921231
219588669
299628348
977722787
612066856
954264503
907184443
272302664
908498540
351116598
552420990
918317773
85340153
689118953
630136349
282405140
37882375
219621854
288495843
999219304
410604950
288854322
828910835
631857699
880477009
101657620
860815476
625763273
671386307
663275948
966370867
193527926
246918013
256699733
273561676
811368229
86928236
418497308
625897579
452987985
808791100
108864449
404357030
124461824
857902329
90451782
762712894
137451468
393007504
63046309
527961334
342690699
962927001
907227352
565696937
331009334
564919446
14183031
290635207
167379197
32710618
713099500
123135571
234085426
993787065
204195103
429475352
313647211
621914650
482587111
434659778
311596409
739360136
150634612
998255169
536436709
728126821
648945992
216121974
554628959
643690880
428349166
919097632
258391995
490832366
966501777
629285993
752137210
347145682
868611608
379064028
483284135
529962594
134082603
381567340
359523429
792194336
747397450
47923581
122778980
913370626
767965290
157069623
120728134
113175931
249757997
295793948
513027676
947059106
897536367
788234127
13065558
645161762
101168484
575591574
241511190
64202690
133103404
437140614
922825431
680405094
795890113
113608700
615473449
995883120
807223904
440714851
521303876
4305607
39736061
209504178
185149421
667971477
74080609
603120906
694781153
561732727
782555561
938343148
852853724
636050869
205896333
393226788
456904887
230682779
159936663
478491790
827653334
785465953
545244720
710303510
584550727
776172229
138302332
580737546
494904542
496289153
628349277
659632141
704585115
658759324
360575488
271403831
947676638
481312679
421356354
374829825
141715530
300673928
18502339
176975919
798755920
243435666
717494068
529063659
287391358
305374328
157165880
202021451
636458993
971757927
721176660
472813630
896101519
678198679
681892105
395298167
655744641
15603771
87218339
526290639
664841420
430176925
467938854
962952054
625827469
204259376
546605417
674982967
859326599
80441413
323735389
53839472
345390093
145113697
258658773
2023628
722789192
967738806
858176076
883979157
921929354
201474728
676032276
48804379
14818044
432510629
714747122
627759427
594235869
649531425
769666887
759469095
270228275
203624518
588651134
331368169
288819154
910588340
130794532
973733523
488879790
157937229
635904874
966481625
18035494
342553880
844323205
250775031
910256407
78103234
643468044
603889097
576261602
268113246
182386659
508060860
662641374
565135818
665351586
238907994
5871790
726159182
163117827
692104809
855334785
988199648
734637902
658095272
248830760
962503164
506876718
100067284
801369998
978994515
720183212
473192969
354642554
624495713
993531280
58433429
871128547
27150252
312699940
240325454
823907000
373413499
312442919
19301403
155023634
99553122
108720752
668527101
534656619
208418796
110541158
221798998
890843171
816403429
133035844
734245763
349045037
892493175
1699479
256551032
255540860
29718589
23186773
555422509
646740318
412772834
331193526
231091732
547077660
784583615
177470839
432157983
336774579
598047107
468786463
392800990
587276173
523075855
7862194
224586241
247807254
982077230
906724783
298231525
333273332
408732572
104094719
55559431
271767699
724683744
665028211
437744126
809632588
411820450
534372424
78735196
413414209
497892765
905807443
725987031
786017697
575541429
238165552
915576996
903843774
47462160
996107128
53822687
451862814
360882805
570892250
699627548
207401076
849196694
42511690
107380839
261702880
8352361
92334322
811659055
885211553
645759708
503107577
602722535
482973429
564971014
580943200
860596109
828492371
850826865
140930938
300066396
174117304
240840867
506673858
909423840
436764120
744556237
673024939
233678990
652369818
959977447
902528289
435292344
310751234
950646649
59106175
331054356
625735137
495328961
432649783
31809916
519434414
1944026
314052259
168603930
389722818
940189574
598033292
44587923
475116246
293267006
813041463
269887265
310556022
254800253
188214968
449429590
769272006
921191512
576403361
