121
121
121
154
77
121
121
121
85
121
192
200
121
121
121
121
194
123
121
121
121
103
121
31
121
35
98
101
23
192
121
121
121
121
195
121
121
121
121
3
121
121
194
194
157
121
121
121
6
121
121
121
28
29
194
192
121
22
122
121
121
2
121
185
121
121
121
14
188
192
121
55
121
121
121
121
121
121
121
121
121
194
75
121
121
194
159
121
121
194
192
7
121
89
121
121
121
121
194
182
130
121
121
121
121
194
121
121
192
121
121
192
121
190
121
121
128
121
194
115
194
47
147
121
194
121
121
121
194
121
121
121
121
121
178
121
121
192
121
121
121
170
121
63
84
121
121
121
121
121
121
199
121
121
121
121
121
24
104
121
21
194
121
183
121
121
93
121
167
192
147
66
195
138
121
173
121
121
121
121
121
121
192
121
121
121
3
54
109
121
121
192
121
148
121
115
65
137
121
121
192
121
194
50
121
149
121
121
194
112
194
4
71
42
194
121
121
10
121
194
160
121
121
121
121
1
121
121
107
121
121
121
121
121
22
121
62
121
192
121
192
121
121
121
121
121
121
78
121
121
121
121
121
121
192
32
121
121
194
121
145
194
33
121
121
121
192
127
60
192
121
81
121
38
121
192
28
121
183
121
121
121
194
15
94
121
121
82
121
191
121
164
121
174
26
121
121
32
121
121
121
192
121
180
121
194
121
121
194
135
91
121
200
194
121
121
194
121
121
121
121
121
192
194
192
163
194
192
163
139
121
106
173
121
121
121
114
46
121
121
119
121
31
121
52
121
60
5
121
194
121
194
154
41
110
121
121
121
121
151
168
194
194
171
175
52
121
121
121
121
194
121
75
181
121
121
121
121
121
121
44
91
25
121
122
121
4
121
121
121
107
193
131
121
194
51
121
19
121
121
134
136
121
121
46
198
121
172
85
56
121
194
121
121
121
194
121
187
7
121
47
121
121
121
45
121
12
194
192
160
194
106
121
121
59
121
121
121
121
121
121
121
192
194
121
192
192
121
113
121
121
77
121
121
121
121
192
121
121
121
41
121
121
121
121
83
194
167
194
192
105
121
39
65
121
88
199
121
121
192
121
141
76
130
132
192
192
121
192
121
33
121
27
34
121
194
121
121
121
121
48
121
121
104
121
121
121
64
121
121
121
121
121
121
17
121
194
177
121
121
121
121
170
121
111
96
121
121
121
121
194
121
121
121
194
172
194
99
121
169
121
194
192
121
121
121
64
121
144
192
121
121
93
121
108
121
121
121
121
121
194
121
123
95
192
194
121
194
121
153
121
194
192
121
106
1
192
117
121
121
194
118
200
149
121
194
121
194
121
121
121
117
192
121
121
121
121
43
192
86
156
121
152
121
194
129
121
171
192
121
121
121
121
8
121
121
35
192
2
121
10
192
194
106
69
121
121
121
121
57
121
121
192
121
58
121
121
121
15
121
98
121
121
121
194
121
72
155
194
121
194
121
121
121
121
153
121
121
18
121
121
121
192
121
121
121
118
121
9
194
126
192
121
194
192
121
125
121
121
67
192
108
121
6
121
121
194
121
121
121
73
111
121
121
140
97
121
121
121
121
121
194
92
179
76
121
192
121
194
121
121
121
121
116
176
73
121
192
16
63
121
194
121
121
121
121
197
121
192
168
194
84
102
19
192
121
121
121
121
121
121
37
79
194
159
194
88
121
194
121
121
192
192
166
192
121
121
90
121
121
121
121
121
121
121
71
121
146
194
121
121
121
121
192
53
144
121
184
187
176
121
192
121
121
194
106
121
121
70
192
121
194
190
13
121
121
121
121
121
121
121
138
61
13
198
120
121
188
121
121
121
148
192
194
192
95
103
121
121
194
121
121
142
121
49
121
121
192
68
121
121
27
121
143
121
192
192
194
121
121
194
192
194
106
121
121
126
121
169
17
30
119
192
121
74
121
121
66
40
146
121
121
192
20
121
5
121
121
121
38
121
121
121
121
121
121
197
194
121
121
121
189
48
121
121
121
186
121
121
121
121
121
194
192
121
121
121
194
83
121
121
121
194
121
121
194
194
121
121
121
36
158
121
121
121
121
121
121
134
106
121
58
121
194
121
121
121
161
128
79
194
121
133
162
121
11
121
121
121
194
166
121
24
121
121
121
121
121
57
196
192
121
194
121
194
194
12
37
21
121
121
121
121
121
150
121
112
192
121
192
80
165
121
121
87
121
121
192
121
121
121
194
121
121
121
121
100
194
121
121
121
55
121
121
121
121
121
97
124
194
