839
80
651
328
575
381
282
456
56
383
656
642
846
324
214
633
556
16
594
584
897
605
74
573
509
354
827
240
78
483
144
671
130
269
800
22
3
181
887
290
447
76
442
689
216
275
527
128
670
10
634
473
618
472
871
98
900
18
516
670
163
125
656
564
193
273
378
822
343
716
265
351
51
201
36
610
37
553
161
87
681
391
882
856
741
619
495
802
753
808
402
572
621
599
166
299
497
457
472
900
325
390
92
259
817
710
783
218
323
236
577
225
864
473
61
478
522
458
28
152
443
395
819
140
551
739
177
286
338
461
467
888
425
775
288
233
715
5
129
460
140
172
160
224
720
430
178
557
432
297
676
633
869
386
62
23
382
713
409
39
725
199
423
459
43
711
123
264
316
814
145
892
424
29
105
674
141
591
865
806
201
599
185
800
119
447
476
621
329
761
751
365
530
135
208
203
520
360
727
207
106
626
224
401
15
611
491
151
637
467
636
176
529
135
310
106
725
808
292
725
481
332
397
233
861
258
876
121
64
726
648
474
836
788
878
155
533
479
167
400
315
844
425
597
255
126
116
470
790
48
558
435
65
306
325
439
18
59
248
629
778
115
143
799
544
568
229
841
565
271
612
452
870
676
446
829
703
484
492
455
20
828
218
51
44
525
53
654
326
750
433
851
557
667
397
276
511
815
494
586
453
747
341
210
410
848
450
729
639
476
290
846
584
101
449
383
76
74
340
705
794
660
585
579
248
895
502
795
206
67
700
404
778
59
811
26
436
692
745
756
498
280
409
720
222
297
253
418
789
303
506
722
345
744
21
230
120
72
422
590
585
387
111
194
322
411
784
854
278
719
891
836
147
295
737
792
263
572
82
854
727
349
760
666
854
768
745
284
195
799
334
187
607
500
245
440
11
363
776
196
300
737
466
733
117
251
741
693
641
654
762
502
663
593
879
642
665
482
460
136
883
791
279
694
13
133
87
526
162
387
834
796
312
678
99
403
361
313
593
506
485
368
97
464
103
416
401
153
337
167
720
562
486
330
869
614
711
379
684
511
170
616
196
898
17
783
43
99
604
625
486
796
559
690
608
340
596
7
412
213
682
313
749
49
603
210
342
411
623
720
347
508
826
259
652
94
25
606
287
305
873
468
535
361
650
178
866
96
483
69
54
723
459
289
32
757
126
493
625
132
143
709
421
701
38
771
34
728
890
759
12
753
47
207
268
408
81
42
631
332
131
812
404
263
546
157
871
93
314
159
566
427
478
407
374
782
630
817
235
588
222
185
28
772
863
718
487
549
896
154
358
730
566
250
710
669
780
229
698
500
852
243
523
659
239
587
536
639
548
581
615
720
191
399
843
183
84
226
6
180
276
853
532
438
858
272
533
261
875
193
596
369
188
582
787
417
522
886
474
756
561
277
531
115
569
892
349
881
697
736
1
54
388
615
198
130
155
181
373
858
721
389
307
294
628
183
825
717
561
885
86
559
490
899
820
414
543
82
372
634
793
356
796
777
893
307
221
712
871
688
192
81
615
773
3
573
34
267
489
590
708
644
39
536
341
50
643
551
123
164
393
200
843
69
203
355
324
852
804
369
591
246
786
576
157
118
754
413
743
733
651
376
900
610
519
256
288
873
17
187
619
841
569
807
345
783
750
379
434
257
815
311
880
57
664
874
252
571
828
513
884
428
810
110
253
555
762
822
351
335
208
531
205
293
347
602
251
765
114
122
275
212
892
173
8
23
12
443
219
384
285
734
680
661
149
707
622
654
695
90
834
358
832
764
235
732
79
517
609
91
646
740
884
247
764
631
518
724
797
131
175
758
637
616
139
36
856
689
133
747
392
46
661
505
146
690
720
554
260
65
600
460
431
102
699
454
394
587
538
164
818
414
450
563
696
541
550
362
31
334
7
411
686
701
428
82
786
61
489
406
539
540
260
415
302
507
702
894
382
830
169
231
420
576
189
720
149
324
57
31
200
371
237
807
463
317
364
174
26
107
365
678
867
674
280
768
540
900
581
71
585
797
492
471
891
241
67
243
228
514
518
441
862
304
535
395
543
190
855
202
657
645
648
375
303
321
579
308
803
112
445
547
813
667
824
780
782
353
888
133
686
515
774
859
169
375
109
282
141
876
849
865
655
710
103
490
338
689
568
458
313
186
330
784
525
706
803
499
767
493
287
266
673
95
113
270
187
89
83
849
820
301
320
504
435
840
442
319
71
273
694
138
216
356
816
41
770
367
296
382
8
462
833
684
315
838
892
214
241
681
