900 1000
1 999892132
1 998655712
1 998232978
1 997842972
1 997440810
1 996812343
1 995669287
2 202034034 199464760
1 995490543
1 995180657
1 993220378
1 991972543
1 991009186
1 990345507
1 990302983
1 984331927
2 197530122 198573645
1 983362372
1 983049561
1 983007316
1 981561219
1 980796532
1 980542442
1 979537578
1 979316507
1 977726251
1 977563243
1 977526124
1 975209595
1 974506593
1 973568334
1 972045249
2 970883437 9371172
1 970735863
1 969777223
2 196323467 197300882
1 969716784
1 969712713
1 969301166
1 968180325
1 967848950
2 194795186 195279044
1 967301218
1 966744351
1 966186589
1 964772776
1 962543639
1 961280870
1 961074530
1 960603811
1 960334732
1 959945055
1 959434856
1 958647930
1 957853332
1 957134395
1 956230243
1 955011134
1 954660432
1 954389607
1 952763901
1 951265694
1 950145525
1 948015113
1 946165514
1 945046111
1 943788756
1 943223303
2 943204746 83978
1 943186684
1 939720347
1 939366169
1 938909444
1 938496687
1 938153251
1 937678303
1 935925567
1 934452354
1 934381722
1 933151640
1 931235189
2 194414893 193206538
1 922161030
2 190877604 191915739
1 921909619
1 921415841
1 920765874
1 919626236
1 919150786
1 916521552
1 915369676
1 915179857
1 912910060
1 911460044
1 910487577
1 907808032
1 906320745
1 905675578
1 905149508
1 903947947
1 900365505
1 898410529
1 898190522
1 897999813
1 896529550
1 894092720
1 889434098
1 888687892
1 888676811
1 887505044
1 887169740
1 887040078
1 886769909
1 886357477
2 190500471 188652571
1 885395375
1 883363467
1 882730584
1 881997802
1 881451610
1 880729087
1 877904418
1 876392567
1 875379906
1 873763177
1 871354089
1 868424421
1 867581840
1 866480868
1 865851104
2 187675135 187983733
2 864267649 1765818
2 186753511 184108877
1 864057425
1 863530116
1 863287688
1 862724583
1 860982210
1 858885643
1 857106176
2 184010685 179934742
1 857001849
1 855357096
1 855266099
1 855254421
1 855061490
1 852543426
1 851922258
1 851038399
1 848745765
1 848715000
1 847787959
1 847425058
1 845961097
1 845880508
1 845534532
1 845100578
1 842040693
1 842000279
1 841612370
1 839295732
1 836618332
1 835433541
1 834644026
1 834471882
2 177412446 177154724
1 833865276
1 833601930
1 831514054
1 830418725
1 829355578
1 827806021
1 826778464
1 826614273
1 826057507
1 821268743
1 820958977
1 820908194
1 820285925
1 820087893
1 818500718
1 818291383
1 817949241
1 816265526
2 175814655 175278494
1 816031177
2 173140171 174677958
1 814865037
1 814632687
1 813224780
1 813183921
2 812687271 3207462
2 172327688 171419172
1 812391955
1 811414872
1 811096268
1 809030519
1 808752545
1 805517008
1 805368605
2 170307139 169802135
2 168879418 168321201
2 163051712 164241497
1 802181697
1 800583223
1 798656657
1 797956688
2 162794149 162143559
1 797939418
1 796279771
1 796110198
1 794623555
1 793802245
1 793539116
1 793206391
1 791898378
1 791564305
1 791334429
1 791150239
1 790682186
1 789085972
1 786566713
1 785997221
1 785464352
1 784408907
1 783302251
1 782123160
1 781642644
1 780809134
1 778337425
1 777849444
1 777128293
1 776275766
1 774736351
1 774331799
1 771277937
1 770869476
1 769958748
1 769863816
1 768695705
1 767199469
1 766969458
1 765302678
1 765104256
1 764529825
1 762807470
1 762330263
1 757471890
1 756396420
1 754994931
1 754861118
1 754471541
2 157627261 157705821
1 754185357
1 752415909
1 750297824
1 749724011
1 748643510
2 155451979 156213406
1 748281229
1 747208081
1 746642464
2 153569592 153957339
1 746599531
1 746386898
1 746178719
1 746137895
1 746060584
1 742479667
1 742422130
1 742368739
1 740167679
1 738429410
1 738323575
2 152835597 152727475
2 150692374 152588921
1 738176444
1 736806684
1 736324926
2 15243370 736312407
1 736002134
1 735314897
2 18264517 733358783
1 730990440
1 730564075
1 729339693
1 725155723
2 150487710 149708363
1 723978657
2 148491967 149301794
1 722177498
1 721226869
1 721112657
1 721042944
1 720647694
1 720376311
1 719776846
1 719293255
1 719115896
1 718919078
1 718782647
1 717737829
2 146466068 146386282
1 717526573
1 717284500
1 716278470
1 715290651
1 714509101
1 714456436
1 712883656
1 712176441
1 711603479
2 144485486 144655246
1 710823536
1 710540549
1 709817657
1 708839692
1 707111945
1 706872504
1 704366691
2 142862167 143989589
1 704228431
1 704083421
2 142206056 142844034
1 702559164
1 701169478
1 698074377
1 698058924
1 696169796
1 695854431
1 694190071
1 694132885
1 691556839
1 689072134
1 688430557
1 687112351
1 686992324
1 685300487
1 683826712
2 141807370 141841970
1 681270036
1 679859330
1 679626559
1 677977889
1 677514143
1 677361805
1 676922366
1 676754569
1 676601144
1 675702398
1 675644839
1 675606289
1 675546350
1 675080536
2 137999033 141223285
1 673611461
1 672337318
1 671890825
1 671554726
1 669304849
2 137899974 137954665
1 668019313
1 667207854
1 666107571
1 665408781
1 664705055
1 663034821
1 662833254
1 662613728
1 661764851
1 660784965
1 659881265
1 658647181
1 658166086
1 657748368
1 657602102
1 656501801
1 654208252
1 652267674
1 649361143
1 643888088
2 137487758 137498358
1 643808509
1 643579403
1 643352083
1 642653679
2 136328885 136264354
1 642258850
1 641308997
1 640509693
2 638703961 5042080
1 637523019
2 134813270 135428826
1 635960484
1 631870231
1 631323374
1 630139313
1 629669815
1 628718027
1 626287225
1 626175373
1 625865485
1 625701511
2 133163139 132981113
1 625655692
1 624448209
1 624384901
1 624336416
2 129273805 132395685
1 620422565
2 127197134 128243545
1 620205186
1 620133424
1 620051601
1 619605605
1 618925867
1 618252017
1 616107960
1 614899308
2 127033207 127052376
1 614476229
1 614382424
1 613607765
1 612913620
1 612358403
1 610807661
1 609339036
1 607220317
1 604807164
1 604321614
1 602890524
1 601138575
1 599638382
1 599297396
1 599230225
1 598995018
1 598113593
1 596899104
1 596566623
1 593024056
1 592767730
1 590311067
2 125595682 126603163
1 589841790
1 588102761
1 587973365
1 587519884
1 586389295
1 586265936
1 586181982
1 584704806
1 584189719
1 583483774
1 581511250
1 580588287
1 579811060
1 578248610
1 577421956
2 125529142 124937292
2 122574113 122949917
1 576820202
1 576733779
2 121772541 122179791
1 575694812
1 573466060
1 571436848
1 571116547
1 569709971
1 568997892
1 565450984
1 564365485
2 118505220 118587309
1 562504425
2 111900489 112837085
1 560736291
1 560058302
1 559456547
1 559283039
1 559219527
1 558714185
1 557597276
1 554120628
1 554007062
1 554002711
1 553053050
2 109599425 110694378
1 552662937
1 552646124
2 108889467 107536797
2 104853700 104955045
1 552596671
1 552215270
2 104260237 101965185
1 551493492
1 551160527
1 549904704
1 549163173
1 545887520
1 545667568
1 545592559
1 544945001
1 544613102
1 544018439
1 543899294
1 541479060
1 541012827
1 540053788
1 538168624
1 535633679
1 535065085
1 532542155
1 532377102
1 532315167
1 531763279
1 531734238
1 531729081
1 531534478
1 530169608
1 529808948
1 529711287
1 528564927
1 527613782
1 527414997
1 526584673
1 526487927
1 523912849
1 521206356
1 519899600
1 519206542
1 518118960
2 101145552 100899844
1 517345397
1 516428009
1 515945759
2 96790476 97196367
1 515065676
1 514135598
1 512974779
1 511869895
1 511444884
1 511380022
1 507774661
1 506892044
1 506694396
1 505376511
1 504530153
1 504233284
1 504011029
1 502104702
1 501329845
1 499830052
1 499497265
1 499394504
1 497709757
1 495507046
1 493813420
2 92417060 95732652
1 493702663
1 493244976
1 493127447
2 89900269 91424397
1 490875255
1 490627764
1 488043706
1 487379099
1 487294904
1 485450163
1 482090011
2 89180441 88650134
1 481417776
1 480281843
1 479849447
2 88150913 88236177
1 476174061
1 475791166
1 475576476
1 475091648
1 474333786
1 474331769
1 473759794
2 579075 473539799
1 473025477
1 471659245
1 470861604
2 87523445 87431694
1 465717643
2 86251193 86002209
1 465190949
1 465097160
1 464912523
2 85182290 85095297
1 463541741
1 463526008
1 462409350
1 460546362
1 460389076
2 83003939 84773456
1 459575155
1 459031933
1 458336727
1 458244772
1 456839268
1 456031165
1 454798974
1 453891821
1 453058784
1 452448266
1 452389762
1 452036983
1 448754844
1 448660255
1 448528904
1 447362269
1 445996501
2 82472080 82752846
1 445078332
1 444294756
1 444160863
1 443705934
1 441467618
1 440932467
1 440451231
1 438866193
1 438253734
1 438241780
1 438186944
1 436832353
1 434693082
1 433947636
1 431431215
1 430968452
1 429809351
1 428630770
2 81605596 82071271
1 427661282
1 425275588
1 424181351
1 424171124
1 422317744
1 420812100
1 420767385
1 420626265
1 419785653
1 418143617
1 417266957
2 81462951 81514791
1 416774464
1 416489185
1 414693582
1 414299099
1 414244366
1 412818392
1 411321486
2 79075471 78657618
1 409613380
1 407592932
1 406896491
1 406631645
1 406464232
1 405315838
1 401525214
1 401171560
1 399894952
1 399580849
2 76884722 77569301
1 399564396
1 398965201
1 398787397
1 396926200
1 395746069
1 395616664
1 394842008
1 394423301
1 392484188
1 390839284
1 390544988
1 390382343
1 389590707
1 386905535
1 386764315
1 386476422
1 386431362
1 385753484
1 385532890
1 384062202
1 383418366
1 383019328
1 381974659
2 76031727 75644983
1 379189227
1 378281821
1 377964422
1 376923856
2 72283612 72529090
1 376749574
1 376398131
1 376072399
1 373098056
1 371813194
1 371055056
1 369237087
1 368882901
1 368653336
1 367519721
2 68581357 70689715
1 365321033
1 364845172
1 363746370
1 362907105
2 66452588 68311645
1 361842781
1 359946256
1 359456068
1 358647690
1 356934679
1 354802437
1 351446852
1 349476685
1 348548451
3 65901785 64868753 5246891
1 348375793
1 348321095
1 347927397
1 346583131
2 63868025 62745979
1 345784602
1 344888007
1 344621132
1 343478467
1 342198058
1 340796684
1 340558746
1 338631001
1 338293993
1 337510700
1 336656294
1 335912804
1 335751331
1 334251093
1 331395941
1 329984767
1 329759160
1 327211080
1 326434829
1 325081787
1 324009401
1 323281906
1 321546308
1 319477549
1 314488549
1 314421048
1 312922824
1 312373771
1 311908237
1 308252548
2 62512079 62627722
1 306482376
1 305844010
1 304594515
1 303922386
1 303898926
1 303016278
1 302297884
1 300412165
1 296432882
1 295170002
1 294130611
1 291453005
1 291284095
1 291222185
1 290725467
2 61759504 61733246
1 290452811
1 289657875
1 287949747
1 287669533
1 287226712
1 286979453
1 286812622
1 285886150
1 284629054
2 57083530 59112020
2 56878816 56999531
1 284322140
1 283553540
2 56129709 56739768
1 283412949
1 283246473
1 283216772
1 282846769
2 51961986 52090231
1 282554271
1 279128935
1 278745626
1 278521717
2 50939553 50209316
1 276249856
1 275150858
2 49742611 49750679
1 270628648
1 270138698
1 269958770
1 269030453
1 268074634
1 268011401
1 267300970
2 49550386 46862961
1 266078865
1 265895415
1 262742829
1 262307586
2 45867690 46064426
1 262297871
1 262102466
2 44234226 44967978
1 260965846
1 260890496
1 260285085
1 259482173
2 42819102 43213474
1 259296576
1 258410617
1 254423547
1 254018446
1 253531012
1 253251201
1 251966433
1 251500027
1 251134927
1 250940895
1 249857624
1 249693929
1 249225674
1 248494300
1 247053911
1 246866242
1 245754043
1 244549507
1 244544414
1 244496331
1 243362054
1 242397164
1 241223321
1 241027503
1 239160705
1 238462270
1 237757250
1 236370141
1 235323353
1 234193809
1 234108063
2 38694784 41128385
1 232894325
2 30647565 37390974
2 29730013 29468950
1 232242491
1 231515011
1 231491609
1 230633058
1 229731399
1 229362286
1 227316264
1 227236794
1 226861394
1 226755046
1 225081541
1 224945558
1 224923149
1 222564717
1 222392463
2 27829136 28807195
1 221684420
2 27740824 25611881
1 221004705
1 220423421
1 219991398
1 219206854
1 219182590
1 218128664
1 216869599
1 213354723
1 213053841
2 24802177 25025498
2 22062265 21112957
1 212824731
1 211614373
1 209880735
1 209576792
1 209103183
1 208719554
1 208706129
2 20642288 19655500
2 207836641 8116164
1 206736808
1 206295591
1 206219430
1 205668035
1 204281509
1 203661727
1 202090351
244544413
933151640
414244365
698058924
475791166
643888087
735314896
579811060
957134395
643579404
407592932
419785654
238462269
141807371
793539115
428630769
493813419
984331926
460546363
465717644
205668035
453891820
938153252
88150913
535065086
675080536
251966432
768695704
934452353
554002712
855254422
394842009
864267650
742479667
270138699
980796531
997842973
818500717
209880734
146466069
587519884
935925568
589841791
75644983
791898377
152727475
519899601
867581840
395616665
995180657
81462952
560736292
444160862
112837086
27829135
905675577
199464761
983362372
531729080
395746069
835433541
873763176
406896492
488043705
169802136
738323576
654208252
254423548
677977890
354802436
746386898
675606290
959945056
168321202
195279043
448660256
969716783
499394503
839295731
919626237
386431363
638703961
213053841
231515012
329984766
443705934
549904705
269958770
312373771
265895416
625701512
479849446
440451232
458336728
175814655
719115896
549163172
578248609
118505220
202090350
701169479
640509693
915179856
155451978
260285086
66452587
56739767
791334428
704083420
770869477
474333787
783302252
226861393
562504424
952763900
559219528
527414998
577421956
975209596
847787959
125529141
631323375
259296577
857106176
499830052
334251092
820958977
729339692
685300486
576733780
571116546
209576792
612358403
287949746
149708363
774736352
356934679
997440810
866480867
122574113
857001850
827806021
841612369
785464351
3207463
604321614
820908193
91424397
601138575
719776846
390544987
427661283
222564717
642653679
950145526
979537579
136264355
358647691
128243546
969301166
62512080
805517008
613607765
124937292
966744352
361842780
875379907
746599530
708839693
262102466
855061491
19655500
612913619
974506594
896529549
390839285
177412445
83003940
225081542
267300970
168879417
459031933
174677957
270628648
881997802
586389296
560058302
440932466
696169796
303898925
312922825
664705056
518118960
863530115
162143558
162794149
528564928
669304848
344888007
797939419
894092719
436832354
784408908
625865486
990302983
448528905
552596671
848714999
424181351
569709972
425275587
821268743
519206541
863287689
712883656
889434099
62627721
266078865
721226868
62745978
557597275
694132884
629669816
776275765
229362286
748643509
219991397
880729087
948015112
345784601
416489184
110694377
246866241
283246473
219182590
845534533
516428008
558714186
833601931
626287225
709817658
239160706
610807662
82752845
752415908
868424422
885395374
565450983
282846769
961280869
493702662
598995019
945046112
716278469
702559163
596566622
983049562
954660432
756396421
433947636
286812623
188652570
855266100
46862962
505376512
481417777
780809133
243362054
487379099
742368738
447362270
584189719
221684421
390382344
587973364
250940896
367519722
553053051
552215269
580588286
983007316
251500026
791150240
960334731
966186590
523912850
959434855
78657618
698074378
314421049
599638381
234108063
92417059
398965200
630139313
150487709
532377103
43213474
551160528
465190950
583483774
323281906
681270036
796279771
620422564
236370141
584704807
342198059
422317744
559456548
148491967
237757251
470861604
900365505
586265935
643808508
937678303
938496686
137999034
68311646
278745625
405315838
86251192
474331769
757471889
206295590
544613102
278521717
798656657
943788756
371055056
132981113
286979452
954389608
262307586
977563244
598113594
377964421
324009402
61759503
545887519
736002135
129273805
63868026
785997222
719293256
156213407
614899309
283216772
144655246
541012826
348321094
677514143
326434828
981561219
777849445
881451610
938909445
614382423
464912523
86002210
134813271
887169739
812391954
704228431
127033208
283553541
30647564
736806684
348548451
208706129
245754044
851922259
720647694
335912804
282554271
153569591
476174062
193206537
29730013
344621133
676601143
303922386
399564395
29468951
291284096
325081787
730990440
811414871
49550385
688430558
171419173
452448265
544945002
764529825
593024056
993220378
667207853
287669533
809030520
718919078
335751332
571436848
338293994
883363467
754861118
329759161
376923856
420767385
77569300
303016278
544018440
399894951
462409351
218128663
420626265
76031728
554120627
121772542
862724584
22062266
50939553
736324926
70689714
990345508
179934743
920765874
521206357
836618331
135428827
248494300
50209315
711603479
386905536
905149507
625655693
137498357
142862168
463526008
540053789
552662938
662833254
906320745
573466061
898190521
618252018
626175373
847425058
686992323
833865276
83979
490875254
109599425
695854431
222392464
445996500
359946257
652267674
384062203
532542155
829355579
444294757
811096267
204281509
196323468
56878816
967301217
903947948
454798974
438241780
108889468
49742612
493244975
378281822
452389761
141223284
459575156
995490544
620205185
793802244
385753485
144485486
319477548
961074530
456031165
796110199
679626560
127052377
438253735
5246890
676754570
535633680
253251200
153957340
411321487
911460044
979316507
453058784
723978658
717284500
24802178
568997893
95732651
137899973
414299098
820285926
224945559
907808031
554007062
943186685
957853333
347927397
122949918
722177499
970883438
306482376
871354089
101145551
438186945
864057426
855357096
362907104
614476228
369237087
969712713
290725467
969777224
343478468
208719553
304594514
991009187
311908238
962543639
797956687
746060584
624336416
931235189
194414893
430968451
691556840
186753512
44967979
132395685
152835598
504530152
842040694
27740824
912910060
710823536
842000279
485450164
609339035
559283039
624384900
658166086
57083529
431431214
260890495
771277938
465097161
786566713
175278493
977526124
59112019
227236794
349476684
552646125
502104701
206219430
845961096
671554727
340796685
487294904
754994931
64868754
396926199
285886149
778337426
373098055
545592559
38694784
765302678
526584674
406464231
769863816
85095298
515065675
420812101
504011028
473539799
81605597
5042079
813183921
628718026
241223320
816265527
190500470
782123161
996812342
820087893
150692373
232894324
517345397
596899103
230633059
740167678
515945760
746642465
220423421
170307139
460389076
662613727
814865036
471659246
283412949
616107961
527613782
211614372
111900489
61733247
89180440
738176444
100899844
187983732
88236178
18264518
675702399
213354722
376072399
336656294
998655713
958647929
642258850
82071270
808752545
865851103
845880507
818291384
658647180
231491608
348375792
641308996
715290650
721042943
434693082
817949240
253531012
351446851
89900268
212824730
921415840
493127448
104853700
203661726
41128385
620051601
506694397
190877605
659881265
81514790
279128934
672337319
49750679
287226711
8116163
714509102
789085971
359456069
25611882
381974658
812687271
922161031
82472080
290452811
998232978
87523445
970735863
746137894
107536796
463541742
363746370
417266958
968180326
514135599
679859331
960603810
418143618
499497266
876392566
834644025
133163140
802181698
241027504
943204746
163051712
137954664
141841970
37390973
268011402
661764852
84773457
762807469
52090232
475091649
845100577
882730584
308252549
620133423
327211080
338631001
412818393
656501802
202034035
448754844
529711288
750297824
149301793
25025498
197300882
173140171
441467619
242397165
88650133
45867691
677361806
56129710
314488549
649361144
599297395
749724010
44234226
712176441
216869599
956230242
399580849
221004705
754185358
480281843
251134928
532315167
20642289
604807165
262742828
887505043
157627261
495507045
302297885
258410616
675644839
687112352
157705822
97196368
800583222
721112657
676922365
456839268
754471542
295170003
886357477
877904418
152588921
794623555
9371172
826778464
198573646
980542442
991972543
125595682
790682187
643352084
730564075
337510701
386764315
401171561
851038399
364845172
438866194
76884723
376749574
916521552
247053912
671890824
249693928
300412165
774331799
340558745
934381721
531534477
452036983
915369676
79075472
331395941
21112957
762330262
296432883
429809352
530169607
346583131
275150859
187675135
826057506
305844009
424171125
445078332
858885642
194795187
232242490
72529090
184010685
321546309
637523018
964772776
401525214
541479060
852543427
379189226
579075
497709757
748281229
946165514
458244773
122179792
602890524
898410528
371813194
581511249
635960483
85182290
512974778
834471883
259482174
619605606
586181981
490627763
376398130
507774662
501329845
668019312
973568334
689072133
995669287
127197133
383418365
368882902
607220317
191915740
51961987
951265695
104955046
624448209
511869895
511444884
747208082
618925868
717737828
538168625
368653337
206736807
136328884
249857625
830418726
777128294
126603162
475576475
814632687
1765819
848745766
142206055
955011135
972045250
805368604
660784964
769958749
46064426
118587309
707111946
666107571
826614273
977726251
888687893
665408780
389590707
224923150
392484188
736312407
291453004
511380023
999892133
473025478
939720346
87431693
276249856
551493493
564365484
207836642
767199468
943223304
765104257
781642643
531763278
529808949
592767730
227316264
717526573
96790476
631870231
506892044
813224780
28807196
164241497
406631646
416774465
414693583
657748368
146386282
142844033
473759795
714456437
269030453
887040078
588102760
504233283
262297870
398787398
254018445
284629055
56999532
675546350
209103184
184108877
383019329
531734237
289657875
229731400
831514054
657602103
888676810
733358784
177154725
219206855
235323353
226755045
409613379
65901785
897999814
104260236
683826713
72283613
482090010
576820203
143989590
816031176
694190072
284322139
526487926
365321033
268074635
545667567
294130611
101965184
725155723
746178718
394423301
910487577
886769909
742422130
172327688
919150785
921909620
234193810
42819102
718782647
704366690
543899293
599230224
244496331
590311066
706872503
939366170
738429410
68581358
860982210
791564306
673611461
260965846
967848950
291222185
663034821
720376311
137487758
197530123
575694813
249225673
385532890
710540549
244549507
15243369
793206392
766969459
386476422
