600 1000
1 823802448
1 661791394
1 956582520
1 523464013
1 385195879
1 809319626
1 408842228
1 899323300
1 805810258
1 295650615
1 227035982
1 729003493
1 560280649
1 334199217
1 638230336
1 786954332
1 55390395
1 771639098
1 195706762
1 157463892
1 224477358
1 341645174
1 85129007
1 87920883
1 739086101
1 72042057
1 217907219
1 534250653
1 72912006
1 402481759
1 613864357
1 483560831
1 85581095
1 758027904
1 366496006
1 93789999
1 148286470
1 548146015
1 369860673
1 812519811
1 762266554
1 180719207
1 994872945
1 378873643
1 71849748
1 937646986
1 456138996
1 241499177
1 735679399
1 466261046
1 411925437
1 354010950
1 921348832
1 400961815
1 458543752
1 868862439
1 125900391
1 234247944
1 480833827
1 98024338
1 613063350
1 19156517
1 144845692
1 164280919
1 310672485
1 673544042
1 18209416
1 687162672
1 790179536
1 880384294
1 371470006
1 785133152
1 586845239
1 279011696
1 90308474
1 262143894
1 5467801
1 59937369
1 592269316
1 442239444
1 752364863
1 182855431
1 961532837
1 878230074
1 707208340
1 589000780
1 683225391
1 327057960
1 144706962
1 770044444
1 572561203
1 379815653
1 987022561
1 668363804
1 15261406
1 553383018
1 365255326
1 53213504
1 349524465
1 386742080
1 524110117
1 162615191
1 945333091
1 231928166
1 545503161
1 850585184
1 935761986
1 640741754
1 507022878
1 629111379
1 929986871
1 971671420
1 205807555
1 764736935
1 145889200
1 202172214
1 111691830
1 528312551
1 857898004
1 738455044
1 204661632
1 208120473
1 111526970
1 288451265
1 42624527
1 127997002
1 740585804
1 290407041
1 418878239
1 40421175
1 60575334
1 948779945
1 396454486
1 931849604
1 713918278
1 840787386
1 637603802
1 147885451
1 222867300
1 96292521
1 300787133
1 784847254
1 864996333
1 207670001
1 103021000
1 586402825
1 631261420
1 304823199
1 422560299
1 69962049
1 204924494
1 931711775
1 431955329
1 299313179
1 995881417
1 571498691
1 481237711
1 467630204
1 593055877
1 911107063
1 764917054
1 914885788
1 625283234
1 247980787
1 353009939
1 942438899
1 648048336
1 464192914
1 561481567
1 831516506
1 724451585
1 260697998
1 124577474
1 673405385
1 379243746
1 208715807
1 906431203
1 479532663
1 766964858
1 780753538
1 291035436
1 900098388
1 779798495
1 655370680
1 462082236
1 103957895
1 200412771
1 730321282
1 970098462
1 90297785
1 145624593
1 683240183
1 73746196
1 807615579
1 185125256
1 976040090
1 984206769
1 938920968
1 976853201
1 906226514
1 980747739
1 887072225
1 702546676
1 782315099
1 355790499
1 185050756
1 366836884
1 657731859
1 629423718
1 371487108
1 425620736
1 827890562
1 77108438
1 951612762
1 602225393
1 619279830
1 393027197
1 555722681
1 84431574
1 843323197
1 854960094
1 443412390
1 460220073
1 302938398
1 290358626
1 77821444
1 29769211
1 485200909
1 766233331
1 179685088
1 34636428
1 483739378
1 749637748
1 162142087
1 715952560
1 456005027
1 509733431
1 412650086
1 451867990
1 919281321
1 431896266
1 640692080
1 580198162
1 103344805
1 685720301
1 903891524
1 841673409
1 591975779
1 246043545
1 181636294
1 858529705
1 371992620
1 644642639
1 121775906
1 439081809
1 702185773
1 952239753
1 103578896
1 499656364
1 414309397
1 50798573
1 862800811
1 215649913
1 919842433
1 738623211
1 295302284
1 553619349
1 559639357
1 154911300
1 926339290
1 677374608
1 180594990
1 158779494
1 140950311
1 668377387
1 466619449
1 457200074
1 763166888
1 127971487
1 482689710
1 492607322
1 898506827
1 181739921
1 837889711
1 121755306
1 322204787
1 695282488
1 853698273
1 693801897
1 522935532
1 874818193
1 288122802
1 206419811
1 517603892
1 744156714
1 489522357
1 67966578
1 547815541
1 585605481
1 749996318
1 880372412
1 198196850
1 554345923
1 390303025
1 496801497
1 130434344
1 82476133
1 611105486
1 39458334
1 633744467
1 695688762
1 637740415
1 972110551
1 620695327
1 790297388
1 461321221
1 583608553
1 469319916
1 794114216
1 483559283
1 314154830
1 39677754
1 424047004
1 491208124
1 939853247
1 212860371
1 685776351
1 555677332
1 58444783
1 804413245
1 502800714
1 680714494
1 711452546
1 87095850
1 780159676
1 550873527
1 217444026
1 61634725
1 148289598
1 219947751
1 111462302
1 807438280
1 313939837
1 316196979
1 522550151
1 311762477
1 596695194
1 892880311
1 550131965
1 275290265
1 763681793
1 127205088
1 461141604
1 106326001
1 652934338
1 304581952
1 308254158
1 779689492
1 480639088
1 130581495
1 836462203
1 503281806
1 178077810
1 476741808
1 287176389
1 366609932
1 856320063
1 640058946
1 122386088
1 726480889
1 352400889
1 341372093
1 1441541
1 108583781
1 889402964
1 996854728
1 687744472
1 895205594
1 267413505
1 224758364
1 331983284
1 543874420
1 683826308
1 898085046
1 420136893
1 937125015
1 374301534
1 331603779
1 312994075
1 76876089
1 460294667
1 871756371
1 624686225
1 315899715
1 331030372
1 413963089
1 113828680
1 93937124
1 446163587
1 478267342
1 273042359
1 653277898
1 321284378
1 815249863
1 507665046
1 998494634
1 233273171
1 34881038
1 173664216
1 633763519
1 172129391
1 30570737
1 915966494
1 311750960
1 362519813
1 199149982
1 670906046
1 249491674
1 800321622
1 165863953
1 365774322
1 650652673
1 150851888
1 99417887
1 388509225
1 870991973
1 177134229
1 180439411
1 785022203
1 779345641
1 364894292
1 452182376
1 493800680
1 188760171
1 979234339
1 843736044
1 571774164
1 776098552
1 349252520
1 51496466
1 223228640
1 994523209
1 305665767
1 73779936
1 83334612
1 670092438
1 79427058
1 967408550
1 837265611
1 497898022
1 864747753
1 149730025
1 777211389
1 31323952
1 921537099
1 343347519
1 168433662
1 448376840
1 227323314
1 73447116
1 278653757
1 173926061
1 988350673
1 977518916
1 540283359
1 479270369
1 418485676
1 472409417
1 452898175
1 325590408
1 987219360
1 312738809
1 451232681
1 777899623
1 984204171
1 374023929
1 965184143
1 187628920
1 151943876
1 556261035
1 546221578
1 881620709
1 302334482
1 381716048
1 84387976
1 484405106
1 155155430
1 689657214
1 581007326
1 408180075
1 266618469
1 521528514
1 135242930
1 677061167
1 827509360
1 749781847
1 883842745
1 463799007
1 324172122
1 649313935
1 786321925
1 296706192
1 593607918
1 584467584
1 565169338
1 596583851
1 61404120
1 75576937
1 10264721
1 867232790
1 134961540
1 680794587
1 91766808
1 915650240
1 519194754
1 203407318
1 161797899
1 543520113
1 52100391
1 135667004
1 538457047
1 991111988
1 4153842
1 894824355
1 783816845
1 260098454
1 326011148
1 681098659
1 624943553
1 304335561
1 668873452
1 665320541
1 405507488
1 980112598
1 547939077
1 406685496
1 297093718
1 273100502
1 835432954
1 931928159
1 117739443
1 658620260
1 528187747
1 55516341
1 97981639
1 812475145
1 537857148
1 200128850
1 834953900
1 603230497
1 369317085
1 355310500
1 851084941
1 834185350
1 755428566
1 133077913
1 342147818
1 697505728
1 558162733
1 589317591
1 827678425
1 543141504
1 358562560
1 568383652
1 140686874
1 122147557
1 413121650
1 745924471
1 317874289
1 348066619
1 548075393
1 237742448
1 612188418
1 21870469
1 473657046
1 910078209
1 497150312
1 370623855
1 784493670
1 398622221
1 182261533
1 672281767
1 932900650
1 792266865
1 252845233
1 838670072
1 677782010
1 259516787
1 979348040
1 495206993
1 560488276
1 465117472
1 403152468
1 780614825
1 330259272
1 343334825
1 459094438
1 49049538
1 330660076
401 706073874 35983172 761172876 761948739 38884120 468145586 663637214 495863703 489175769 551447282 573875097 517409224 453600528 685702652 460571142 62110866 398905297 769539243 747888780 32864902 841242215 578646958 881085554 928455611 380614688 765254949 958692883 958928720 612406690 811246423 189372646 360955508 661453695 121110145 384748503 897141556 583001254 777800708 588526544 78949761 356768089 465650721 256275943 589425203 322139162 495765147 643503588 290161631 951190826 832877476 481972607 815938392 133389281 876356907 351643300 311149596 686914216 426807748 300195538 92003820 225644700 617039331 425990512 296225109 693037115 575168250 524182127 411343357 546778756 914949433 74464234 146249545 29206999 388841177 598486352 888065059 606497629 999865874 85270868 617723706 177844819 913143911 323120129 478166664 801613202 390340891 434806354 26638904 809992750 64417960 565520348 160793947 503856520 60147389 652074182 297015448 385361710 674963903 379431201 708934970 572606835 32645296 582087857 11463663 119026228 190503499 340839696 406724624 343181616 731702514 893346883 752902893 98230757 394937494 672517898 732734635 541130648 889483961 504825975 800797022 67724383 339068360 477766998 966857953 707018238 733580713 47309845 602307165 188477961 837125578 35976028 185207181 517858429 839498822 870184600 264042129 149841391 768735571 297890360 55909171 392087375 688319361 887587774 692442859 262399643 369347289 974895164 5706346 100928814 858277185 506729594 340637781 315090284 318234013 894918550 570944857 570496410 725437839 96494120 251283266 243880439 14641269 498702249 80390880 998077865 635119178 313125744 840419563 402156950 932313166 426553606 243002429 199166660 389747540 432973796 655425816 512477103 161360591 835774012 483844199 591676140 255077950 499317079 306038187 684459652 709499107 126294986 823664713 764089114 733139781 75705487 509116211 984780683 482755754 809703944 705798158 960495938 388081298 278409034 443549865 512071814 8388045 867376481 35599336 921899907 374921582 261569627 145254823 285270550 136285054 192947821 966179629 149980349 124403839 527393340 654569349 133750209 902359633 266634613 430736805 959051390 114316610 235034574 431454460 538866396 915104143 906450948 442602757 644923512 138834276 651487791 633887234 428567381 355737959 392559 287924683 812672170 494893539 224104844 238819245 312772224 165843640 835720996 983716732 488184190 441789269 859949905 370696933 220963412 702167261 589664356 600264622 628370804 555094189 295551698 788703805 981623673 579083303 547024534 107881919 426707395 678346781 179327270 818417070 837750480 357130992 542201666 570943547 344796385 556918218 850683689 816131950 378701917 653671657 145445080 154838874 681511855 398844469 527420351 254689556 672404079 511254576 976638018 741514154 632895370 888565989 244989707 892330695 91690154 386424335 630361557 201821365 928823237 73450265 576923706 605700028 651149080 711162931 730390510 230375920 554081732 913808897 556518656 494307096 935105728 820975395 250500882 807325278 28409151 129166446 459736673 784073733 798657732 552409154 627199847 156670875 565779578 427907827 207553680 762013364 849361393 928194418 649127793 215476233 485327785 817323770 32321367 975931620 79167303 35682738 511884871 976011907 686554213 873857225 292346770 350948253 629920258 673967044 759451010 223968296 495076292 159570256 617171372 357401978 744080444 4769878 440299077 725101947 109613576 508476548 658660852 448296736 500609937 326375734 419796258 691090178 726270355 98398332 800829745 939998845 719048709 104789227 260651495 267763963 549341738 696672788 91192347 215442135 394729707 464114992 157773835 355499563 510035218 705005302 175170317 944015358 557462707 36866551 724966996 424070689 80100864 312271361 740433073 278160141 633108136 403575269 428577587 629710014 822871844 645748612 214096586 975010580 322100178 94397335 633720541 618794396 213317581 169856036 319087319 387240316 838306100
953961328
414351241
312832536
218550315
814874002
224625988
894878544
563771111
164089300
574486273
670771274
633661148
850352961
897902383
546158291
863469542
498142701
9466535
759739501
951700426
531355542
345271004
565934559
49796019
270925435
916152376
705342197
259342503
917583894
437876654
857132718
603655957
36828307
651333928
443662880
208495158
524271459
968966068
836681140
984263438
894025283
903942024
258974080
99633979
752639385
478049198
876482084
539690125
964837300
491132679
644731275
861600143
319369820
44538326
444847510
192741161
863152089
769754181
805448798
267060601
607180197
971394004
663087299
117590897
664457254
310188049
261527235
312191675
972042297
100954101
132477137
604861056
598040623
231510396
984078944
487449446
75971005
559474464
954070914
278955019
831096548
492144889
867739229
143809877
260704229
53392566
774992052
920764320
624748517
534083438
881323218
901366936
576281602
198730724
411933183
336902952
58964130
823043592
370031467
20016148
797355232
87647853
310666720
285642807
817617412
474786958
891174646
284066564
207064095
271312982
474936259
938998054
369735490
497023565
488938098
544103694
384784311
239636363
630503106
799313014
152364548
773870220
372150725
385023781
407027590
723986276
175850275
689398247
337521272
803977653
680243765
577031527
961019433
384507691
91355549
162207662
659108662
70373850
105763368
273951409
7497016
43099788
291812132
137171491
64970451
802304829
879961921
549034823
446084700
915513153
706922226
497211910
705937240
246117307
454312136
122448741
893376342
942251221
959789570
990626524
775450668
201209088
769579234
763573205
134276198
343591043
41395067
18875501
736331298
835766742
5068455
672242838
333058152
684029886
300147253
539096860
887933408
537046262
673590388
643973628
71287390
128877908
669197922
615857335
775613713
556201005
878059962
830971522
154943708
727218122
161872269
273161556
801791448
392627446
879229691
307749213
27064780
486733991
144342848
859945901
611592990
836729087
398441686
126543961
394113296
114176010
278411533
844575135
307916568
369607999
383751979
62647278
622823694
473582679
115536924
233667237
227304453
568366692
915811733
399033086
969035087
164134310
369856937
369506593
926085889
720018796
790096564
810164477
578603506
299194576
192481365
60883406
960568315
814603510
743981884
255330222
118315905
446315993
446212425
536551372
542362513
463930896
734801148
703711971
73881118
127876278
269497007
818212773
514941050
659665960
607376956
457824319
75043203
437836558
705530096
182270601
602217366
341027460
889066108
511110593
890827116
737356469
150771519
436499705
483491693
289280545
624747637
233338229
275044007
124031991
45136746
605693578
353234816
995884545
321354898
690532180
521676681
659245192
756568709
584309744
616648495
232365782
399117553
540869320
848048108
335141584
95803848
371674430
164558405
356944231
414328966
417797436
619459778
228753135
124485441
607816756
552266814
604830390
639390231
436496219
92225047
658966942
854103755
535951105
571853887
164102186
768750992
161610416
941832180
14543744
775183522
681413719
790538866
815759596
262884177
264801226
565555965
121039862
359313327
2293648
216416656
637175206
61001817
301678187
871662634
433071405
350509696
790544228
592314422
800892998
625116263
940640559
985223884
63524635
657813408
334155727
937376723
367714327
992500778
273052336
364379866
653933143
943173083
632933448
620889544
933630434
26528647
239548645
998795474
746302124
978622944
105447414
802044101
392542265
519870863
768497574
678373048
902181650
833048687
747766218
804066921
73676066
660653189
743906701
936392954
11377166
582934331
641813105
418980543
737693365
431225284
710355674
227874593
424784774
880255720
710095562
365500019
777612530
833002242
921742755
130734923
815962486
807274464
494222695
914359124
212435002
402197681
823859490
115569692
112711677
739135966
474382402
872220241
178651949
305880460
290244566
389431862
6229581
121804460
84315598
411067961
453300701
395321107
846997983
645516779
349473227
709651125
333342874
805591554
742525390
174219195
937907117
675859724
470851642
474533287
874296033
42036298
167849565
26409751
975326125
814622196
81927645
583416698
84605858
921309072
353779319
995680700
325990754
142779177
878673199
74877985
785087139
119838239
36988233
852155534
735890286
625831615
600320506
729376145
501617248
226076072
412881349
58086105
549726688
534433288
386366313
271378502
343213953
315419022
828956910
507458012
622054725
406419675
873124187
189586713
879781538
795664281
519034637
70516450
266570395
675708440
881484726
674072918
955614532
1340374
465322349
585618986
587625831
31410861
705979542
977309996
798464654
444349843
522986392
75883244
390446650
776875029
820865366
476889671
761661508
358341125
428484570
308577185
663320387
882766573
627787566
170372167
355502541
539259048
640700932
596558917
145258307
936725971
123171804
350915318
238657683
190346832
822800015
636191169
319920429
377593673
336330995
684150309
690507770
631759756
196179001
606203774
542735037
962800241
373622461
468691858
221804018
968203793
628229461
661226846
296589365
996455461
587946706
506756746
454872745
273078742
783961109
824360932
992895672
69057664
759636664
240681479
678747418
625793551
530907051
257633591
468405957
737319963
310687426
917746501
122940709
539948737
299584736
650745877
902031632
398401816
893761605
795056530
326877872
340398926
708104809
974586745
701393176
798011563
785290623
49651671
108030272
499257684
906395135
186561612
867908370
949195439
333552375
64187500
393781236
147992245
380732601
851195027
669410861
894237762
700717052
305510472
189306288
317049927
881524469
137853100
78233470
615935806
400734025
455503392
472540923
301906944
542634501
175203631
539495604
881359150
268704828
805896590
794438794
56184116
524363856
457335176
418072330
199924289
748424394
306060878
758446572
638889661
435097605
406885475
706445544
406272751
394637346
936137180
981802559
794894332
105146129
301927935
741792126
410451325
613989795
311042411
433066725
710491667
97136666
911049046
477180009
240787742
963301229
497863960
716445278
634821589
924715432
651493140
274759927
957231276
285751871
489442803
824632545
744547925
66697766
504527721
761056286
252859335
883613756
450373848
95767495
663516575
486138659
912408328
816457753
618881635
549577916
481370896
615678871
172016970
338819832
342711079
724098121
376019092
413933657
24006028
113242539
836670681
818092539
970043251
417923481
514823901
201633647
271906499
8131782
966013852
371755095
319144931
208194980
825769224
608411325
407034834
897368215
316485020
418609482
503750238
118657614
798718014
178774111
895795064
662813385
83584865
297396608
446996964
312693049
684044582
199932637
810232
84329196
4755529
523701658
75892408
2734804
657693375
793847351
983491698
656041091
392971799
448871624
859821290
634533433
93487045
831501061
27219974
254790416
447416943
100149119
338318756
338027555
438348603
410957790
615480748
734229353
23116914
280101931
834796762
555956139
882762348
820756752
564396567
147338846
365413314
8821358
904521958
988243411
208924761
177853830
750136688
352557662
180897361
623855550
550332896
402726874
681622747
29689633
701057283
253787250
453707365
620854825
881271519
605767604
998120056
125717304
442172621
75452063
227230667
829458915
221212045
412967967
350679686
215880995
491808181
139196292
915666989
50816477
170336293
255032943
86447725
862962237
353378952
523975772
640726419
740447286
53521175
476159222
74433690
942087323
570670576
291160732
536791342
108592751
57452201
991346660
9001349
437161803
307692175
155267877
938091388
976529969
750717134
158029604
572441662
709973919
114535914
338196810
395948260
548061001
581656887
162319986
114673175
318842460
625152531
361351407
422197169
690980047
497451051
948321449
161846481
993741325
850400237
656633047
336311011
825811509
632720977
433844289
614611720
964133722
60620965
361284902
808299849
806850223
355724255
288720740
896067248
332414704
237185709
591445084
746096283
121055093
577379140
802052257
96968513
886475602
770680718
364813095
431448401
333046306
164789289
828267910
800891197
892663837
399255953
772888089
268233513
329786456
997496040
103135619
970102245
451830766
337866800
703668979
369387190
532474748
178651618
955227080
482679916
564701957
309693085
465419531
346867847
146833120
926172969
448691429
921005739
122566588
510682733
177076287
121444984
791204987
542224355
949389527
574572043
454035482
138084129
788214648
777282764
558060039
973364766
883231306
274396985
273135793
572899925
753202916
50006479
577818718
864812516
7442490
315751553
65547595
198693278
811541776
425740941
385663630
795598147
817557090
472220655
315095483
658425656
33294149
256833859
976911115
186129312
391594717
209284336
854958918
494399952
669003538
776711582
999100777
54842977
589180865
112276581
292571795
55616261
578409290
183627586
982310134
877166230
692160397
242211353
650494352
212511546
163732474
219632825
519374238
658460606
335593880
9156794
721703948
169073098
417603292
160433923
552422905
606844109
284964989
618868827
455230905
159456471
79485069
107325954
96987721
997888593
633909870
891797792
891244845
611600574
544309330
400214830
144024520
207088766
26781388
918068131
384874198
940517488
919804575
185693667
142473636
564865447
498954329
154373644
641767827
946009882
416434048
150058507
712189140
346703302
463637954
642093774
260816530
645338586
35214026
970251538
632105691
877806985
229600396
286223465
432587701
672225151
362673974
131122372
45529625
374521618
9593999
712062621
566757352
729558220
451045846
851863146
814405796
871847574
760848134
693306705
723913040
298683170
801446715
26651670
520899888
760670385
447371883
287932742
208247998
676912265
334355885
783063391
204154727
332637431
624183765
265649212
647954265
122499096
948783075
604369999
302097956
422962059
247744890
732083671
140550490
992263270
934939260
