600 1000
1 998129674
2 696562982 696733117
1 998052301
1 996700253
2 696252245 696381298
2 696233309 696130988
1 995024045
2 57036396 993346209
2 57808932 991302510
2 696038717 695762991
2 692735034 694133605
3 692348999 37500703 692172889
3 44963451 690819874 689917576
1 989911260
2 688531246 688892522
2 687713057 688337130
1 989416226
2 31702825 987687593
3 686268560 18690351 686290375
1 985812836
1 984940401
2 685093487 685465011
2 684343663 685062658
2 682590062 683784796
2 681706566 679606137
1 984286106
2 18717785 983491155
2 675565569 677801720
2 674999484 673084446
2 672118798 663095315
2 663002263 663028750
2 662189270 660712335
1 982857378
1 981944061
2 660175421 660547151
1 981785771
2 658871957 657687443
2 654967595 654784346
1 979706622
1 979316297
2 653145174 653620033
2 653144878 652629841
2 650498726 651419281
1 978453883
2 650189773 649857037
2 647564246 648360919
1 978333948
1 978133528
2 646499590 645809922
1 978021917
1 976717399
3 44767873 644783970 645803374
3 60501986 641844177 642305246
1 976517044
1 975697697
2 636788332 640339269
2 635493421 636689302
1 974503417
3 633926104 635183308 69344216
1 971398239
1 971316072
2 970222746 48287364
3 633587937 41640830 633674024
1 969925683
1 969793265
3 967561520 44571185 47259508
2 632561911 633564466
3 629448993 33055235 628191566
1 964258306
1 962857890
1 961501674
1 961008312
2 627686056 625706137
2 624501980 624640935
2 622646572 621927082
1 960056066
1 959340009
2 7193370 959088708
1 958551894
1 958544248
1 956245022
2 619258705 615424799
1 956130523
2 955545755 60694839
2 614170227 614245433
1 953447286
1 951356618
2 612257320 614121474
1 949954192
1 948356060
1 948244923
1 948173871
1 947701481
2 946766400 10458528
1 946758277
2 609438902 610897688
2 608077245 607697123
2 605837416 606134661
2 84931232 946587873
2 602289561 603784863
2 945562447 85934793
1 944128892
1 943276543
2 602095917 601909552
1 942727524
1 942548871
2 599173332 601211298
1 942334197
2 598694572 598538705
2 597372463 597532037
2 595827212 595005244
2 26316384 940792590
1 940004017
1 939809874
2 590555678 594747502
2 589867241 588345857
2 585416138 586298647
2 583097966 582946793
2 581280635 581576505
1 937761775
2 4856868 936791106
2 579752943 581255179
3 69495357 577604653 576878343
1 936589409
2 934704358 72481617
3 70347847 576052183 574932636
2 574501623 574566764
2 571322877 571537643
2 568961975 569895054
2 568172283 567224540
2 566137766 566553744
3 71362124 565386207 563380015
2 562699238 562886093
2 558824577 558013846
1 934250126
1 933216197
2 557239976 557556913
1 933011461
1 930614089
1 930491018
1 930423954
3 69969705 555862834 556666025
1 928733322
1 928128847
1 928043512
2 554399209 552119289
2 547274303 550502214
2 545975589 545497818
1 927335999
1 927313795
1 927164572
1 925078238
1 923794622
2 545418680 545048914
1 923746674
1 923352709
1 922769011
1 921530517
2 541472036 543572082
1 919813191
2 539856646 539469349
1 919109181
2 35826014 918934558
1 918438476
3 40952355 539200301 539452487
2 533287436 536728491
2 530284808 530405686
1 916882767
1 916747152
2 529684915 529442094
2 528358593 528767451
2 526130570 527775830
1 916659798
2 526112678 525228104
2 12246770 914892835
3 21745044 914621725 75977494
2 914098964 46196067
2 517626067 521476063
3 59049852 517196455 517534823
2 516525090 516500225
1 912577427
2 515538686 516280006
1 910726949
2 514371281 514931231
2 510629301 512413198
1 910228095
1 910113504
2 910087097 21484869
2 507259049 510338432
1 908519534
1 906946665
1 904670671
2 503384269 502495732
1 904106100
2 501023623 502234330
3 46447647 500301218 499822526
2 497968204 498446979
2 493493163 496565266
1 903823475
2 489623723 491004248
2 488918923 487203325
2 486316516 486045744
2 486029601 486036624
2 486006439 485926692
2 480487322 482545219
2 479532720 478187085
2 901916784 56294907
2 476399761 477653611
3 8609834 476092182 474643410
2 472581567 474439689
1 900223100
1 899191599
1 898822635
1 895257091
1 894905459
2 33943875 891036787
2 470792957 471738603
1 889536667
2 59900962 885090998
2 469750498 469122582
2 87557975 883727302
2 467403415 468095485
1 883171667
2 464986278 465702505
2 464494577 462585270
2 462421981 461849179
1 882872809
1 881409571
1 880652889
2 459337654 461225362
1 879940498
1 879215495
3 16564256 457132606 457454539
1 878317931
2 457102310 453502568
1 877375597
1 876845734
2 451347235 452686479
1 874465469
1 872833958
2 871499246 72667187
2 448640704 447418379
2 446263681 442700405
2 441873201 441163126
1 871128542
2 440799366 439593911
1 870965217
1 870634807
2 869969920 18548705
1 867870122
2 439264807 438114071
2 437610512 437598670
2 437441528 436582842
2 436141870 435472808
1 867286447
2 432118313 432019884
1 866447031
2 430632039 431851450
1 864867836
2 429031056 429253403
1 863330159
2 427485366 427910200
1 862538129
2 862320818 19889647
2 859554451 29999111
1 857428149
2 427371351 427030345
2 424353162 425122716
2 422258862 423947752
2 420829754 421973721
1 854369018
2 420485931 419943903
2 419097718 419837260
2 415285934 417805441
2 414892554 414510354
3 56250969 412563883 412988374
1 853099181
1 852824535
1 852422958
3 411836325 406601499 87049851
1 850076063
1 849516552
1 848996179
2 404162345 404267771
1 848268869
2 403295460 404049209
2 402208408 402631194
2 847169720 5718606
1 847108870
2 399352788 399593276
2 399300190 398587632
2 396000826 394988222
3 394607956 11912393 394536132
1 847057260
2 394230478 393564146
2 390364508 388388067
2 387994451 388126921
2 387011067 385700479
1 844722797
2 385283516 383495321
1 843690395
1 842587870
1 840072944
2 59638821 838469360
1 838316469
1 836826858
3 38523861 836826558 6017892
3 383032806 50743493 381467086
2 380761664 379587162
1 836040255
2 378924503 378896778
1 835120207
1 834679834
2 377188437 375066252
1 834649866
2 374825435 374456232
2 78470457 831104956
3 373858231 374409363 31848989
1 830515600
1 830372024
2 371974392 373524215
2 369238773 371363412
3 364875112 42406089 364601615
2 363281959 363777310
1 829526504
1 829024999
2 363264864 362392229
2 359295694 360374924
1 828361102
2 358387878 355804971
2 355455296 355392457
1 827102703
2 352959658 354013809
1 827022797
2 352838374 352404455
2 351365339 350369823
1 827011102
1 826267710
1 826011962
2 347985237 348808483
2 347758314 347372483
1 825491041
2 347128152 346493490
2 344154336 344794006
2 342923619 343741182
2 341251393 340607251
3 339790891 12986055 335685232
2 333753557 333245589
1 824476535
1 824464358
2 332589476 333023449
1 824398502
1 823126706
2 330622824 332194466
3 26282093 328389125 329069089
3 326809250 326252775 48436593
2 325184947 323640663
1 823118813
2 322437877 322482550
1 822553368
1 822312904
1 821479029
2 319194517 321953518
2 314451924 318598548
1 820130619
1 818033422
2 312908761 313604169
1 817681907
1 817663425
3 311886010 311940270 57157493
2 310772438 309274575
1 816927961
2 306992907 309082957
1 816345740
2 306495951 304270005
1 816208928
1 816080761
2 304211786 303867985
2 302955877 303315822
2 86523595 815477334
2 300851089 301622298
4 49648825 4217104 300833207 300162675
2 299464132 299912610
1 814751249
1 810618183
1 808544417
1 806869277
1 805975737
1 805597820
1 804928599
2 294999364 296889256
2 82045222 804208230
1 803864103
2 294566972 294531312
1 803759607
2 294190283 294121539
2 293453025 293480389
2 40406044 802713604
2 802669154 42891561
2 292525660 292164664
2 800699555 70950357
2 290765218 290319394
1 800646278
2 287578627 286719987
1 798002805
1 797291585
1 796787559
2 286403341 285239552
2 73085968 795990074
1 795773115
2 58164624 795045317
3 284189480 283961951 18259289
1 793950864
1 792882349
1 791745745
1 790419491
2 283617384 283479537
2 281516873 283053264
2 280851674 281055060
3 280590254 280757762 19578457
1 790066184
3 280465093 77416367 276798536
1 790027092
2 276097137 275926687
1 788959936
1 788050904
1 787984029
2 273017035 273665966
2 271650314 272675122
1 787201242
2 269852058 270471771
1 785366292
2 269552429 269186548
2 268824721 268850388
1 785090720
1 784981059
2 268799980 268259898
2 267699751 266667192
1 783545094
2 263807475 265804556
2 263078974 263584256
2 262771780 256693211
1 783411669
1 782558275
1 782555110
1 781873669
2 253270596 251933822
2 249957989 251509544
2 249878872 248749597
2 248432603 248583087
1 781519756
1 777625801
2 777278374 18298184
2 247505007 247055761
2 776824725 32821333
2 246295325 246957594
2 244814341 246016583
2 243366213 243355353
2 243171803 241875872
2 239776713 239748302
2 239684504 239523991
1 775734932
2 237980899 237782529
1 775495108
1 773547767
2 233842394 237333055
2 228242721 231452241
1 772233787
3 224203863 37877030 226816121
2 223860938 223918897
1 770673646
1 769518170
2 222632908 222508343
1 769211403
2 768312346 54509064
1 767796297
1 766612831
1 765561072
3 221408612 221383117 10854084
1 765165129
2 219763985 221116584
2 217825716 217745224
2 216588047 215410632
2 214920689 214083615
2 211176611 212770544
1 765150121
2 41119080 764239658
1 763706235
2 209498786 210899484
1 763529327
2 206384333 206665825
2 7248744 761978824
1 761556867
1 759786475
2 205286071 203516245
2 200940915 203405599
1 759392368
1 755345089
3 196428470 18233909 199028700
2 195796795 195666144
3 50879367 49360838 754555554
2 191056922 189249146
2 187583168 188564174
2 185039446 186857531
1 754475897
1 754007715
2 184443003 184999313
2 183724787 183464273
2 182096145 177877149
2 177594998 176708795
2 753029155 37402321
1 751628376
2 174349940 175016905
2 173979715 170770993
1 751605387
2 170728915 170334913
2 168809176 168168693
2 166471896 166786430
3 166198838 166142743 35567537
2 165781830 164355721
2 163382980 164269366
1 751546709
1 749563489
2 163058682 163024714
2 748149909 10611924
1 745807972
2 162977072 162948456
2 161820264 162039539
2 159981905 158569350
2 158443473 158103796
2 155908691 158072837
1 745564820
1 745292705
1 743141280
2 154076299 153502209
2 742150120 68360235
1 739383952
2 153151917 153335257
2 739081505 86152780
1 737573137
1 737401855
1 736305449
2 151294531 151938379
1 734938264
2 150251350 149778353
3 148117231 147622299 73466353
1 731842987
2 145973322 145921181
1 729798285
1 729438819
1 728630895
2 728499333 52896104
2 56855365 728209844
2 145383774 143313196
2 140199155 140443661
1 728016341
3 139732120 73193844 140125727
2 132219369 134692514
2 13242721 726546972
2 131235083 132127017
2 130720173 129412225
2 128851016 128776437
2 127129762 128075131
1 724405409
1 722182268
2 126488021 126114597
1 721907057
1 721435929
2 126070465 123879267
1 720148348
2 121249830 118708575
2 117839993 116412199
2 115683957 113443026
2 719306001 64897141
2 112897335 112790228
1 719082967
2 64370270 711566107
2 112367635 112104958
2 13673411 711291821
1 710666268
1 707787887
1 706023009
1 705396393
1 705002209
2 110522191 112066982
2 109034462 107119355
3 103979228 56358151 104158765
2 103598466 103464354
2 102722873 102417152
2 101976282 100325448
2 99427533 99031839
2 701871664 49427004
1 698743573
1 697321178
2 97632172 97631544
2 96516324 95884636
4 78769687 94499810 95334872 52027187
2 94029954 93569276
2 90920728 89659833
2 88623276 88824870
814751249
632561911
910726949
329069089
268799980
826267710
300851089
830372024
726546972
226816121
64897141
438114071
574932636
309274575
286719987
942548871
614245433
346493490
829024999
272675122
195796795
355392457
330622824
785090720
447418379
388126921
333245589
927164572
430632039
539856646
927335999
267699751
440799366
650498726
818033422
557239976
793950864
48287364
158443473
306495951
97631544
764239658
221408612
448640704
44571185
251933822
961008312
451347235
776824725
459337654
636689302
879215495
243366213
844722797
140125727
949954192
998052301
499822526
211176611
41640830
662189270
777278374
52896104
373524215
585416138
387011067
49360838
816927961
10854084
597372463
59900962
398587632
989911260
719082967
983491155
916747152
493493163
269852058
850076063
436141870
648360919
132127017
550502214
598538705
84931232
147622299
743141280
985812836
377188437
158569350
421973721
654967595
396000826
296889256
86152780
792882349
162039539
128075131
286403341
11912393
355804971
558013846
533287436
352404455
8609834
431851450
188564174
515538686
650189773
800646278
696038717
10611924
843690395
228242721
486316516
38523861
285239552
415285934
87557975
287578627
280757762
928733322
294999364
322482550
170334913
507259049
923352709
121249830
761978824
374825435
835120207
745564820
582946793
645803374
363264864
166786430
568961975
790027092
263584256
635183308
566137766
249878872
906946665
866447031
581576505
796787559
731842987
339790891
441873201
687713057
867286447
360374924
847108870
116412199
117839993
265804556
854369018
158103796
612257320
775734932
978021917
827102703
721435929
471738603
970222746
280851674
13673411
822312904
37877030
530284808
602289561
399352788
657687443
151294531
516500225
13242721
262771780
948244923
174349940
465702505
945562447
425122716
742150120
217825716
12986055
385700479
498446979
300162675
978453883
595827212
652629841
35826014
908519534
815477334
292164664
517196455
688337130
131235083
87049851
56250969
581280635
516280006
371974392
399300190
113443026
299464132
387994451
33943875
411836325
102722873
347985237
165781830
795045317
773547767
599173332
251509544
479532720
427485366
224203863
836040255
423947752
439264807
825491041
686268560
46447647
751605387
800699555
557556913
112897335
18717785
900223100
283961951
37402321
816208928
989416226
390364508
12246770
967561520
953447286
834649866
310772438
404049209
166198838
246957594
828361102
836826858
645809922
469750498
772233787
751546709
802713604
955545755
394607956
787984029
374456232
96516324
934250126
363281959
808544417
769518170
73466353
943276543
962857890
77416367
608077245
885090998
115683957
629448993
751628376
528767451
10458528
94499810
69344216
253270596
824464358
404267771
781873669
491004248
312908761
765150121
870634807
222508343
388388067
928043512
221383117
724405409
826011962
969793265
90920728
303867985
722182268
984940401
711291821
923794622
49427004
221116584
168809176
78769687
383032806
961501674
468095485
797291585
923746674
959340009
487203325
675565569
223860938
541472036
153502209
876845734
109034462
894905459
571322877
89659833
597532037
633674024
244814341
791745745
914892835
624640935
26282093
44963451
203516245
21745044
728630895
412988374
552119289
126070465
462585270
18259289
777625801
139732120
129412225
427371351
577604653
701871664
609438902
842587870
688531246
734938264
442700405
269552429
462421981
107119355
18298184
944128892
625706137
153151917
31702825
755345089
461849179
486036624
419943903
168168693
753029155
99031839
422258862
882872809
529684915
766612831
154076299
788959936
539200301
248583087
605837416
614170227
363777310
606134661
790066184
48436593
378924503
18690351
663002263
633564466
689917576
414892554
467403415
56294907
503384269
59049852
82045222
321953518
60501986
607697123
654784346
948356060
783411669
239748302
326252775
601211298
914621725
497968204
729798285
182096145
54509064
196428470
237782529
101976282
306992907
514371281
304270005
624501980
830515600
956130523
912577427
19578457
870965217
373858231
867870122
57036396
785366292
268824721
247055761
672118798
176708795
881409571
822553368
164269366
660175421
185039446
432118313
871128542
432019884
46196067
974503417
640339269
729438819
269186548
476399761
243355353
588345857
103464354
852422958
964258306
539469349
745292705
635493421
969925683
322437877
500301218
710666268
647564246
301622298
993346209
290319394
369238773
163024714
798002805
816080761
682590062
472581567
453502568
862320818
782558275
601909552
978133528
399593276
579752943
158072837
781519756
978333948
705002209
686290375
112066982
104158765
325184947
249957989
960056066
904670671
72667187
93569276
148117231
803759607
517534823
170728915
206384333
919109181
936791106
586298647
170770993
971316072
767796297
568172283
35567537
562886093
412563883
58164624
939809874
6017892
598694572
918934558
831104956
441163126
437441528
166142743
347128152
720148348
991302510
583097966
470792957
681706566
959088708
352838374
721907057
981785771
910087097
840072944
663028750
341251393
976717399
802669154
110522191
214920689
128851016
823118813
222632908
891036787
563380015
406601499
239684504
827022797
706023009
385283516
688892522
921530517
212770544
350369823
145921181
149778353
847169720
374409363
765561072
404162345
975697697
280590254
937761775
514931231
816345740
998129674
633926104
848996179
763706235
94029954
153335257
910113504
995024045
529442094
290765218
140443661
558824577
219763985
883727302
239776713
437610512
359295694
788050904
294566972
918438476
737573137
502234330
381467086
951356618
424353162
311940270
569895054
628191566
545497818
427910200
684343663
895257091
981944061
489623723
99427533
690819874
437598670
982857378
270471771
457102310
660547151
696733117
589867241
31848989
914098964
268259898
56358151
151938379
501023623
763529327
545975589
874465469
574501623
57808932
427030345
452686479
782555110
243171803
414510354
126488021
590555678
112790228
435472808
162977072
736305449
705396393
749563489
60694839
940004017
402631194
394230478
817681907
805975737
263807475
880652889
539452487
347372483
241875872
925078238
783545094
355455296
150251350
85934793
567224540
49648825
183724787
821479029
233842394
293453025
246295325
488918923
173979715
946587873
651419281
485926692
183464273
853099181
29999111
480487322
394988222
768312346
904106100
187583168
184443003
246016583
928128847
754007715
379587162
565386207
231452241
248749597
536728491
72481617
95884636
71362124
283617384
728499333
42891561
996700253
166471896
517626067
502495732
145973322
311886010
922769011
429031056
348808483
75977494
394536132
354013809
47259508
429253403
545418680
41119080
333023449
56855365
4217104
216588047
527775830
817663425
556666025
942334197
37500703
621927082
175016905
673084446
206665825
692172889
849516552
358387878
464986278
547274303
883171667
145383774
795773115
696252245
161820264
73085968
40952355
627686056
7193370
42406089
594747502
739081505
446263681
878317931
16564256
984286106
70950357
351365339
663095315
68360235
237333055
163382980
64370270
417805441
239523991
86523595
653144878
889536667
521476063
660712335
268850388
203405599
4856868
343741182
927313795
698743573
784981059
956245022
256693211
273017035
847057260
177594998
127129762
281516873
477653611
486045744
947701481
903823475
685465011
214083615
719306001
130720173
199028700
32821333
824398502
50743493
344154336
697321178
78470457
248432603
73193844
486006439
737401855
393564146
770673646
402208408
266667192
838316469
263078974
790419491
332589476
711566107
769211403
210899484
7248744
754475897
879940498
775495108
901916784
958551894
184999313
930491018
50879367
276798536
132219369
910228095
562699238
313604169
300833207
827011102
795990074
615424799
342923619
293480389
948173871
44767873
728209844
971398239
163058682
787201242
217745224
804208230
574566764
696562982
933216197
979316297
177877149
103598466
946766400
319194517
186857531
545048914
916659798
283053264
603784863
474439689
362392229
486029601
314451924
364875112
633587937
271650314
877375597
304211786
299912610
728016341
946758277
88824870
191056922
420485931
936589409
375066252
162948456
275926687
70347847
347758314
576878343
469122582
642305246
128776437
852824535
979706622
641844177
759786475
364601615
103979228
303315822
919813191
403295460
237980899
759392368
653145174
302955877
134692514
419837260
200940915
223918897
380761664
97632172
859554451
126114597
512413198
335685232
18233909
88623276
930423954
140199155
333753557
209498786
112104958
476092182
189249146
696233309
748149909
848268869
739383952
123879267
280465093
118708575
516525090
823126706
340607251
33055235
510629301
934704358
649857037
810618183
436582842
294190283
610897688
864867836
685093487
804928599
52027187
614121474
478187085
309082957
457454539
283479537
273665966
872833958
155908691
869969920
164355721
528358593
215410632
371363412
806869277
679606137
566553744
862538129
383495321
276097137
836826558
683784796
803864103
525228104
857428149
653620033
439593911
294531312
834679834
378896778
898822635
318598548
930614089
281055060
69495357
457132606
581255179
677801720
646499590
555862834
696381298
526112678
100325448
942727524
464494577
526130570
576052183
159981905
510338432
820130619
40406044
754555554
619258705
761556867
57157493
707787887
419097718
694133605
112367635
496565266
933011461
916882767
18548705
543572082
143313196
352959658
102417152
554399209
247505007
326809250
658871957
284189480
958544248
829526504
863330159
644783970
692348999
976517044
323640663
95334872
5718606
765165129
292525660
205286071
899191599
59638821
696130988
26316384
685062658
805597820
344794006
19889647
420829754
602095917
294121539
838469360
692735034
332194466
195666144
940792590
987687593
530405686
674999484
328389125
461225362
21484869
595005244
482545219
695762991
622646572
871499246
571537643
474643410
745807972
824476535
69969705
636788332
