384
67
183
354
434
338
381
320
559
467
597
251
126
371
404
106
82
343
326
428
499
331
354
435
242
296
348
151
258
159
149
437
244
43
366
137
413
597
529
373
595
487
473
238
597
447
72
238
455
230
56
232
457
299
555
89
3
196
485
597
31
453
597
318
117
297
597
372
597
110
597
291
14
576
27
169
198
431
281
253
45
558
146
109
280
546
534
20
311
529
269
37
291
383
280
414
527
562
404
597
330
134
166
335
597
256
502
182
43
403
6
597
301
467
201
597
408
274
600
402
419
143
391
357
516
189
156
569
492
314
312
532
118
49
324
517
129
423
440
57
131
448
191
257
118
407
547
346
243
16
255
327
289
572
571
438
271
530
88
462
50
332
568
210
62
419
597
361
597
167
100
290
37
543
180
597
441
91
513
222
101
267
536
481
597
298
196
382
44
110
42
597
190
380
400
179
15
560
280
597
119
180
321
290
573
383
297
597
276
588
340
519
411
465
107
447
205
262
469
310
268
246
342
19
597
515
401
134
573
597
211
412
597
376
17
295
597
66
86
315
370
284
518
454
329
306
49
217
468
522
398
84
292
427
316
595
135
324
386
472
597
103
70
597
96
219
572
67
512
170
597
597
597
442
350
280
446
198
367
486
248
473
296
145
479
564
339
65
598
378
565
21
579
153
597
479
516
597
300
71
220
406
155
77
201
28
470
159
535
237
585
215
128
599
109
59
457
415
175
73
597
597
495
597
551
275
146
566
225
597
452
557
561
262
122
592
96
302
15
544
243
431
225
586
597
102
73
538
597
498
226
202
272
517
511
591
269
227
167
477
531
425
165
449
98
85
323
97
421
597
309
597
31
63
13
274
222
597
189
597
280
359
597
97
38
90
443
460
356
104
176
197
549
508
597
499
463
589
373
184
375
74
319
83
181
597
247
318
250
597
432
434
454
29
510
228
360
520
35
504
254
245
256
597
58
53
550
433
208
458
116
588
279
69
161
533
57
64
359
195
580
46
379
8
402
322
524
405
377
24
210
235
264
444
104
48
287
122
530
451
47
584
16
578
586
356
448
76
192
597
598
545
395
178
514
491
162
121
116
514
61
476
129
597
132
276
597
114
597
107
163
317
244
252
519
341
570
9
117
217
24
78
333
567
36
188
303
30
345
51
399
585
483
561
358
470
216
132
280
460
334
582
298
13
158
484
336
548
545
288
316
478
284
55
420
120
182
374
1
59
283
488
597
535
187
7
170
400
554
133
481
221
459
251
328
426
391
164
540
193
308
87
268
367
128
68
148
260
23
214
34
200
590
12
252
33
429
233
32
594
115
597
177
437
597
538
195
490
147
239
127
597
267
235
445
458
275
563
115
575
254
524
542
583
523
597
113
286
293
368
388
440
229
161
341
459
152
439
330
543
280
130
597
507
362
466
397
456
200
513
99
42
204
508
277
597
205
292
475
194
503
507
456
144
506
309
131
466
449
165
597
596
597
412
552
597
4
518
178
193
546
370
157
260
336
597
293
331
597
258
148
597
348
597
597
482
171
369
137
108
597
75
510
29
489
12
282
328
224
147
223
548
410
5
528
597
597
68
597
597
111
539
242
234
597
26
597
335
30
597
463
521
597
273
461
280
41
218
174
32
433
495
597
344
150
593
436
81
442
428
294
509
563
418
206
202
93
199
19
484
574
560
496
597
352
597
344
594
597
450
597
203
541
295
471
287
438
305
441
416
351
577
474
485
597
505
231
464
207
79
504
140
597
422
558
186
133
364
381
337
409
82
345
396
92
597
553
60
521
430
482
392
126
2
136
40
509
587
94
363
503
154
173
417
98
209
327
203
364
322
63
429
236
375
382
556
95
599
500
270
124
314
527
424
597
340
123
220
52
562
278
39
53
494
323
587
378
160
286
461
497
41
379
557
272
496
469
308
591
265
566
184
347
597
600
141
555
347
489
578
208
502
5
525
285
537
569
420
571
179
353
346
597
185
125
45
385
253
394
88
259
22
390
597
85
206
371
230
417
424
240
531
249
520
171
483
321
387
25
130
263
300
422
307
23
393
174
266
38
246
394
313
311
213
363
139
418
597
233
119
25
46
142
2
172
590
105
224
172
123
528
185
365
597
501
75
493
597
581
273
10
575
197
138
168
597
154
554
333
589
142
450
355
35
408
80
325
261
52
11
54
357
596
597
480
397
491
212
597
6
597
22
389
343
597
270
100
396
304
11
351
500
112
18
166
28
355
226
597
111
204
10
74
241
127
209
526
349
597
56
