242
117
490
89
259
304
167
294
52
326
82
575
463
449
486
595
76
187
233
595
316
130
168
108
81
646
294
280
420
39
659
560
619
248
418
493
165
250
500
462
656
54
660
328
560
4
386
193
298
470
457
96
558
541
274
21
470
560
454
513
234
126
333
132
565
411
355
257
649
443
325
541
44
292
432
498
500
137
260
501
187
91
43
37
568
96
635
389
481
74
640
334
549
609
479
660
224
236
5
512
195
79
519
633
1
179
115
41
398
219
190
403
510
174
181
12
651
49
389
473
563
244
373
658
304
244
654
515
474
465
178
375
206
141
607
146
172
44
151
392
455
270
206
446
380
483
405
310
152
572
562
197
499
280
128
448
217
633
416
148
252
85
288
448
160
524
259
580
88
492
17
529
303
337
127
151
287
134
23
47
447
388
348
603
434
245
47
199
101
214
535
217
405
391
540
119
289
631
230
495
527
577
610
270
498
309
573
223
263
438
569
247
306
274
359
584
416
79
327
499
216
216
508
125
309
382
318
201
40
348
8
450
442
373
238
300
93
507
223
368
154
213
109
630
428
545
514
135
456
347
590
408
329
393
443
407
589
69
180
334
604
444
142
389
291
26
385
625
228
574
634
3
427
426
204
84
596
124
490
627
131
140
568
383
411
351
369
204
264
473
176
254
70
126
642
311
219
657
347
102
236
108
542
363
167
601
613
425
382
519
613
483
17
246
209
239
658
71
602
522
241
123
271
34
496
101
132
424
53
451
485
209
9
418
601
153
302
482
617
593
444
576
312
219
36
316
601
551
605
241
196
116
628
284
580
477
308
503
31
520
367
130
277
215
501
177
370
387
605
610
587
158
541
369
64
624
469
175
453
518
360
462
162
245
324
352
646
25
503
38
433
195
516
273
550
495
517
161
526
660
186
309
655
123
631
381
202
553
467
423
611
396
149
161
514
293
277
283
222
62
165
169
4
317
274
589
33
553
537
46
59
414
422
2
616
345
253
619
33
189
659
516
29
347
300
359
550
230
104
233
267
94
497
631
121
470
643
368
271
15
356
105
564
169
379
397
363
285
644
317
148
548
43
84
229
598
162
614
371
420
466
428
531
543
431
126
535
51
591
637
568
319
384
83
418
536
218
327
50
276
558
406
538
399
14
377
337
544
193
19
25
447
131
387
17
394
522
489
585
14
260
242
558
97
292
47
220
322
115
185
286
295
460
518
188
97
58
333
258
202
472
435
410
210
602
490
118
584
198
9
73
510
327
374
30
239
534
604
90
529
556
456
330
436
478
346
150
464
200
477
125
361
252
4
396
580
364
48
7
545
478
622
311
576
282
451
465
572
354
588
644
609
194
6
422
649
59
535
211
491
371
503
22
91
466
8
321
212
471
378
395
527
653
77
604
646
505
570
236
25
618
565
511
572
281
458
40
464
600
265
577
54
159
390
77
589
235
273
493
106
445
417
421
660
476
523
278
637
51
393
641
608
582
263
566
650
83
479
437
150
28
363
583
569
611
184
156
220
650
183
571
343
9
431
315
622
548
647
322
516
316
484
290
129
597
159
213
108
73
303
116
510
338
530
344
463
415
332
436
366
637
133
551
232
351
206
13
402
138
355
385
621
265
557
625
409
492
610
365
432
121
158
88
539
353
507
404
143
269
272
227
184
407
323
627
465
546
519
356
334
549
299
60
423
244
310
120
119
523
502
504
42
62
120
64
192
597
152
230
586
114
18
442
512
437
331
479
286
182
156
255
417
188
69
657
659
648
484
555
235
320
136
376
426
375
401
592
65
340
586
431
458
113
78
638
559
467
594
314
36
346
428
472
429
28
342
104
141
355
476
381
171
484
169
350
6
639
452
297
50
533
50
445
224
630
70
253
632
260
159
341
226
24
154
28
205
290
163
455
254
614
373
379
139
237
113
56
278
103
144
625
645
357
278
140
19
56
284
248
565
210
307
151
299
531
494
413
195
656
610
506
406
199
71
90
336
190
481
289
453
480
567
379
488
173
458
197
506
95
82
30
511
67
322
365
102
612
626
525
547
128
95
155
54
106
485
229
112
369
450
586
573
66
440
461
440
102
515
526
261
138
399
497
111
530
328
452
87
20
116
619
561
139
594
579
7
178
557
262
338
331
227
251
12
598
468
99
23
618
87
441
223
610
284
412
610
110
124
41
10
650
449
231
293
635
145
474
321
42
581
163
100
78
46
146
213
556
433
610
166
208
411
613
660
616
179
212
262
253
345
227
162
207
173
167
268
385
628
66
141
