660 1000
2 658469564 658076877
1 996105235
1 995578986
2 656761322 655785622
2 655510363 653825071
1 995538622
2 652976692 652380148
2 651895983 650563519
2 647935956 649189064
1 993269382
1 992859770
1 992609657
2 647500761 646799429
2 645885085 646716602
1 990439677
1 989860317
2 644492609 645783473
1 989468786
2 643018442 643969401
1 989356040
2 466334 987719387
1 987474725
1 985505029
2 642488566 640157221
2 639313770 638626776
2 637735273 638098569
1 985240999
2 637237776 636664469
1 985144295
1 983918642
2 635341422 634309413
1 983804766
1 981771049
1 981506644
1 980498572
2 634067270 633885715
1 979286260
1 974999136
1 974790224
2 633739952 631672193
1 974469305
2 630974848 631101911
2 627844638 628370214
2 627592820 627433122
1 973452119
2 627345556 627316351
2 625459163 627234400
1 972160837
2 623612149 624013676
2 620851222 622147575
1 972148027
1 971348774
2 619743149 620087467
2 619325425 618872974
1 969826585
1 969735804
1 969531938
1 969086132
1 968338227
1 968164289
1 963090410
1 961493505
1 957832265
1 957434431
1 956689735
2 618392593 617953962
2 616230894 616350629
1 955970839
1 953301348
2 615496086 615478543
2 613605404 613553849
1 952315572
1 951975042
1 947494610
1 947368004
1 945291462
2 611345413 612956066
1 944177861
2 610617699 610925834
1 944064093
1 943357582
2 610041694 610187970
1 941960045
2 610038206 609911515
1 940820224
1 940378160
2 608757985 609423688
2 607641105 607862895
1 938847666
1 938434423
2 606847629 606236341
1 937457487
1 937435064
1 937076597
2 605344686 605854422
2 604943774 603581220
1 937024949
1 937004633
1 935518808
1 932281024
2 603372544 603487602
2 600426808 599223277
1 930904291
1 930295788
2 595031743 595036485
2 594014949 594045523
1 929115686
2 593552034 592407402
2 4744098 926678091
1 925879540
2 592406569 591934736
1 925119518
2 589645430 591276081
1 924737855
2 588941761 588155934
2 587360212 587776188
2 585426343 586645686
1 923106397
2 585274045 584968452
2 583530043 581528838
1 922948982
1 922795326
2 581528406 579205489
2 579160253 578629263
2 575956476 577504384
2 572485108 574189460
1 922465607
2 572077092 570875119
2 570674657 570256198
2 568285194 569112879
2 567014569 568023086
2 566516185 565923178
1 922156317
1 921840224
1 921438986
1 919481251
1 917835631
2 565123397 564183985
2 563030808 563625940
2 562532701 561149062
2 560886928 560576323
1 916902092
2 560364239 558681771
1 916830460
1 916147227
1 915685211
1 915123899
2 557411193 556452342
1 915121203
1 914906103
2 556327343 556297960
2 554765519 555197064
2 553688224 554713892
2 552017906 552426544
1 914204644
2 551116352 547111860
1 911335283
2 546026366 546389171
2 545517958 545929589
2 543632039 544553231
1 908941831
2 543576484 543550974
2 542526455 542649767
1 907450031
1 906761293
2 541143722 540570439
2 539211065 538265690
2 535041604 536901679
2 533232976 532645377
1 906023150
1 905116672
1 903693735
2 532315341 531660353
1 903214124
1 902782387
1 899432012
1 899256071
2 531563729 531493131
2 529184036 529031683
1 896868030
1 896863464
1 896752365
1 896414224
2 525652556 526266625
1 894974173
1 893594965
2 522140410 521629575
2 519926362 521149645
2 519479014 519295131
1 892935545
1 892660608
1 891016633
2 517612261 517770463
1 890910816
2 516398438 515970714
1 890677720
2 515582580 515822955
1 890420998
2 515085026 514812929
2 511325671 509371286
1 888324931
1 886048921
1 884537795
2 508310974 509051340
1 883718666
2 507282371 507885458
2 504668233 504008839
1 883462164
2 500640134 499733550
2 498152060 496952789
1 882657959
2 496325951 495903675
2 494552295 495845745
2 493472417 493919699
1 882641412
1 882067708
2 491832562 493168226
1 881208132
2 491108807 490944386
2 488365343 489375976
1 880115746
2 487055948 487719477
2 484652915 486523915
1 879637468
1 878924935
2 484066751 482227094
2 481185872 480537859
2 477275818 479604997
1 878451908
2 477189606 472970796
1 878255210
2 472441090 471556928
2 470598165 471035943
1 874637819
3 1615497 468553745 469154361
2 467116210 467603191
2 465733723 467018766
1 874006042
2 463334549 465721492
1 873966441
2 460345753 462902324
1 871390939
1 870319258
2 457674585 456860968
2 453056396 451151352
1 869464285
1 867553611
1 866956235
1 866422804
2 450413854 448157009
1 862249816
2 447837625 445513209
2 445066991 444611401
1 860443184
1 860271488
1 860207451
2 443019776 443626620
1 858975730
2 442912265 441239670
2 440527728 435238068
2 433258460 434727650
2 432972583 428477657
2 424404903 426722634
1 857247818
1 855073006
1 854850173
1 853437428
1 852098928
1 851750604
2 422579372 424160626
1 851261585
1 847938087
2 422522013 421144443
2 418777758 419330835
1 847320231
2 416757074 416950578
1 844895761
2 415730924 414362518
1 842480600
2 410337430 412455555
1 837437778
1 837151993
2 408032459 405884348
2 403689980 405570701
1 837097355
2 398164953 397429082
2 835925993 5494597
2 396236155 395702224
2 395336216 395455358
2 394631476 394942251
1 832994136
1 831845265
2 394211065 393644056
2 392196898 393561414
1 828678871
1 828220260
1 828005862
1 826912613
1 826027135
2 392167488 392126599
1 824415804
1 823822682
2 390083752 390457977
1 823511477
1 821569376
1 820378639
1 820261387
1 819449454
2 390011720 388749550
2 386115734 384850331
1 819199055
1 818729252
1 817963408
2 382837852 384322359
1 816967674
2 381889433 382588253
2 379952429 380463025
1 816590684
1 814543048
2 379150325 378864536
2 378023410 378217964
2 377932036 376606061
1 813111006
1 813091960
1 812213495
2 375875699 376222608
2 375086139 374760849
2 369976774 374259250
1 809788759
1 809733130
1 808888162
2 369102927 368475120
2 365287952 365989292
2 363074922 364351754
1 808083608
2 363027722 362709220
2 359533582 359637035
1 806703684
1 806317665
1 806103603
1 805527693
1 804687397
1 804103975
1 804019254
2 357787514 358144421
2 357223274 356961263
2 356634466 355584925
1 803469430
1 800006935
1 797259177
2 354726631 352953567
1 795075118
2 352251359 352449746
1 794944660
2 348882077 350624939
1 794353388
2 347466913 346209991
1 793363925
1 793146319
1 792638459
1 792492922
1 791807391
2 345197131 344281147
2 344140401 339505926
2 338268690 338657593
1 790316136
1 790244637
1 787306641
2 337159008 337699133
2 334214856 334713637
2 331744712 331927066
1 787046771
2 331517505 330013680
1 786922362
2 328051289 327615899
2 326739215 326834517
1 785003639
1 784243125
2 326610391 321550910
2 319062861 319172310
2 311257692 312315930
2 309405190 309463338
1 783728891
1 782327748
2 308727599 309085848
2 306571959 308555383
2 306399258 304367400
1 782098810
2 301663165 301953686
2 301651293 301007423
1 781589279
1 781241538
2 299517929 298668166
1 780139593
1 780010832
2 296050034 295987095
1 779395626
1 779206262
1 775677163
1 775457527
1 774653889
1 774514905
1 774383582
1 773606658
2 295811639 294946626
2 292761496 293748250
2 290979588 290303557
1 773201373
1 772765040
1 771871586
2 289746891 288079992
1 771397395
1 771287122
2 287430903 286012076
2 769199623 28499
2 284753808 283568686
1 768143852
2 280111460 278564119
1 766415365
1 766218242
2 278100065 278168286
2 276691473 276074924
2 275408041 275065098
1 765986813
1 765754590
2 273584416 273648821
1 764989586
2 272369981 272948898
2 271732758 271558898
1 762325869
2 269563828 269281078
1 761510465
2 268409780 267695407
2 265709893 267541533
1 761298849
2 264855650 259081077
2 253899484 255111906
1 760963515
1 759692725
2 253340408 253794744
1 759049575
2 250997607 251429091
2 246863400 247523325
2 246144137 242522173
2 242022336 240911712
1 758702462
2 237349579 238720151
2 234466106 236984589
2 232951075 234244450
2 231782597 231335246
2 230371442 230230379
2 229540228 229681061
2 229078166 229277070
1 756575185
1 755923645
2 225977897 227563947
1 752907683
2 224310801 225383037
2 5845017 751562856
1 750064362
2 223686908 223926284
2 218126129 223171690
2 214160350 217103799
2 213888441 211747944
2 210078791 210239233
2 209242768 207514276
2 207280564 207504554
2 206105058 206623352
1 748958867
2 206046946 205485432
2 205078895 204658705
2 203768858 203181842
1 748957597
2 202698669 201560344
1 748688471
2 201550097 199791163
2 197978610 199266350
2 196044559 196930392
2 192431184 193672740
1 747803451
2 189514206 191736086
2 188248749 189473220
2 183876580 183761556
2 181334068 181345528
1 747018692
1 746821232
1 745508866
1 743302015
2 180057639 181285743
2 177724769 177492271
2 176986551 176505493
2 170818943 175280794
2 170318556 170176150
1 741935753
2 165212515 169661345
1 741775475
2 163207397 162102958
2 160069386 161048864
2 158731625 158538755
2 154442624 155757591
2 154315201 153681460
1 740718625
2 151684556 152003451
1 739557607
2 151677505 151539610
1 739524529
2 150268464 149997876
1 738964432
1 737589420
2 149671465 149846209
2 149624657 149646456
1 736210760
2 144877394 147621443
2 143698138 143935092
2 137480379 137712260
2 136788660 136230936
2 135485407 135505227
2 135219260 134512822
2 134082795 132256631
1 734683832
1 732363766
2 123566382 131208809
2 121541606 122895727
1 731727672
2 121182809 120549199
1 731503337
2 120474075 120207009
1 730681735
2 116951009 118108346
1 730009140
2 114096427 116710455
1 728992748
1 728743409
1 728631179
2 110749541 111575727
1 726323292
1 726043851
1 725977540
2 110738438 109687145
1 725301821
2 108266577 107457979
1 725170308
1 724990527
2 107351361 105918844
2 103681147 103342829
1 724723780
1 724244398
2 102933309 103269789
2 101578203 102169435
2 100685443 101082056
1 722571649
1 722043878
1 721721567
1 720192411
1 718011341
2 99053768 100584127
2 98190886 97070985
2 97004827 96486183
2 93886063 93387345
2 92946999 91422366
1 716050934
1 715035526
1 714101922
2 90876238 91257637
2 90812808 90143417
1 712200975
2 90086424 88561577
2 86937740 86122259
2 85049623 85145156
1 712119206
2 84275149 85041740
2 83883534 83652342
2 81333535 81536519
2 80630267 78704817
1 710692482
2 76955944 77957158
1 708708191
1 708437555
1 704477036
2 75408693 76651444
1 704239007
1 703433026
2 73507598 73596792
2 71450550 72556973
1 701845710
2 70405079 70002836
1 699482935
2 69836583 68836647
2 67089818 66939762
1 698095447
2 696996789 2720587
2 65665196 65953631
1 696112608
2 61414082 62462130
2 60045298 59919507
1 695912186
2 59245949 59383242
1 695614456
1 695346183
1 695156827
2 59217325 57600939
2 56642990 56740155
2 52796066 52169531
2 50115756 51656863
1 693631542
1 692954196
1 692267620
2 48791038 48652121
2 4675096 689344154
3 3570458 47979648 47420166
2 46796004 46811136
1 687499632
2 44032553 43560256
2 41748650 43098101
1 686529460
1 684734872
2 41538308 41627322
2 40582477 40588245
2 39232131 38627754
1 684411520
2 37809662 38550010
1 683913559
1 680247100
1 680207931
2 37534120 37676483
2 36781153 36499484
1 679345211
2 35472996 34905728
1 679141457
2 33320638 33828474
2 32036398 32240374
1 679120089
1 678865235
2 31627458 30542101
2 29709376 30091558
1 678100618
2 29622164 29094260
2 28063038 27152686
1 677190519
1 675290897
1 675278312
1 675024741
1 671236204
2 25366900 26934020
1 670661489
2 20624429 24846461
2 18546897 20380258
1 670034111
1 669635282
2 18189200 16099865
1 667778954
2 665773006 3007246
1 664980653
2 14801569 15725889
1 664811591
1 663397534
2 13746447 14195227
1 662646295
2 13696192 10870598
2 8139044 8770668
870319259
585274045
176986551
938847665
440527728
823511477
538265690
392167489
969826586
375086139
610038205
710692481
213888441
232951075
745508867
59383243
945291462
521149644
470598164
59919507
379952430
568023085
533232976
591934737
943357582
18546898
392196897
408032458
766218242
974790224
8770668
91257636
38550010
866422805
278100066
169661344
906023151
447837625
154442623
217103798
663397534
618392592
5494598
368475121
91422365
655510363
306399258
516398437
826912613
204658706
751562857
603581219
96486183
105918845
416950577
987719387
205078895
90876239
756575185
143935091
874006043
572077093
364351754
565923178
90143417
287430902
348882076
442912266
667778955
246144138
812213495
107457978
627345555
831845265
761298850
158731624
154315202
917835631
433258461
152003452
519926363
605854422
627844638
979286259
85145155
603487603
29709375
301663164
189473220
947368005
675290896
363027722
101082055
687499633
191736086
4675097
878924936
467018765
652976693
736210759
515822956
610187971
132256630
678100619
656761321
526266624
588155933
974469304
779206261
488365344
892935544
774383582
149671465
903214123
896863464
990439678
665773007
622147576
301651293
748957596
714101921
456860968
330013679
658469564
821569377
451151353
14195227
136788659
201550096
207514277
529031684
326834518
504008840
558681772
692267620
915685211
903693734
627433122
555197065
781241537
752907684
422522014
504668233
758702461
312315929
183761555
293748249
384322360
553688225
81536520
715035526
514812930
155757590
405884349
570256199
234244451
491832562
678865234
283568686
556452342
445513208
940378161
395455358
234466105
543576485
731727672
441239669
73507599
607641104
170818942
643018443
116710454
390011719
359533581
922465606
554765520
835925992
921840223
985505029
624013675
237349578
782098810
803469430
51656862
264855651
448157010
623612150
509371287
603372544
493168226
110749541
491108807
294946626
781589279
725301821
584968451
394942250
30542102
471556929
163207396
120207008
708437556
46811135
422579371
160069386
386115733
80630266
482227095
424404903
759692726
84275150
867553611
820378639
416757075
792638460
70405080
280111460
610617699
374760848
158538755
882067707
881208133
737589421
574189461
384850332
309405189
816590684
888324930
631672192
800006936
649189063
231335245
250997607
328051288
873966442
390457977
937435064
149997875
484066750
787046772
551116351
493472418
926678090
32240373
271558899
103269789
137712259
921438986
225383037
355584924
698095446
773201373
809788758
298668165
246863399
290303556
66939761
952315573
896868029
363074922
48791039
242022337
916902091
301007424
832994136
637237777
308727599
37534120
477189606
77957157
30091558
995578985
762325870
272948897
508310973
609911515
695912186
577504384
176505494
679141458
566516186
560886928
86122258
783728891
288079991
352449746
337159007
507885459
857247817
748688472
899432011
860271489
615478543
570875120
675024740
818729253
489375976
13746446
354726631
599223276
467116210
592406568
725170307
344140401
535041605
56740156
41748651
764989587
309085849
131208810
43560255
181345528
643969402
869464284
499733549
463334549
658076878
613553849
52169532
122895726
457674586
579160253
847938088
980498573
741775474
600426807
565123396
765754591
619325425
230230379
746821233
498152061
647500762
278168287
56642991
552426543
823822681
183876580
40588245
696112607
242522173
76955943
817963409
490944385
633885715
381889433
57600939
722043879
693631541
460345753
890677720
585426344
33828474
397429083
75408692
197978610
819449453
151539611
634067269
732363767
790244636
568285194
844895760
882641411
153681459
899256070
331927067
301953685
692954197
47420165
699482934
545929589
107351360
334214857
957434431
680207931
748958867
902782387
227563946
134082795
792492923
218126128
543550974
450413854
813091959
795075117
20624429
637735274
151677506
974999135
267541533
515970714
135485408
421144443
100584127
165212515
135219260
907450032
730681736
5845018
893594964
388749549
664811591
579205488
32036397
311257691
884537796
720192412
206105059
273648821
44032553
295811639
915121202
908941830
143698138
393644056
842480601
405570702
486523916
957832266
906761293
532645376
653825072
379150326
418777757
65953632
981771048
721721566
726043850
627234399
968164290
284753809
276074923
996105234
684734872
357787514
443019777
37809663
981506645
517770463
8139045
135505227
985144295
352953568
392126598
793146318
100685442
472441091
929115687
469154360
853437428
937076596
162102958
31627457
922948982
205485431
671236204
787306641
851261585
989860318
793363926
594045522
90812808
531660354
319062862
779395626
344281146
837097354
25366900
378864537
556327344
102933309
627592821
609423688
878451907
695614456
542649767
41627322
331517505
765986814
207504553
272369980
111575727
724990527
269281077
572485108
109687146
971348775
696996788
27152687
85049624
814543047
782327748
940820225
278564118
726323292
880115747
369976775
620851221
415730924
93387346
290979587
725977540
775677163
645885085
785003639
358144421
103681148
517612260
642488566
638626776
236984588
567014569
304367400
644492608
780139592
121541607
177724769
701845709
645783474
434727651
871390939
93886063
937004634
828678872
625459163
487055949
375875700
587776188
894974172
396236154
828220261
750064361
134512822
519479013
937024948
969086132
365287951
858975729
886048920
202698668
760963516
771871585
496325951
52796067
177492270
923106397
71450550
890420997
647935955
947494611
149646457
374259251
786922362
983804767
462902324
728631178
50115756
937457488
116951008
98190886
225977897
809733129
259081077
193672739
356634466
914906102
210239234
509051341
196930391
575956475
791807392
445066991
655785621
295987094
73596791
338657592
972160837
651895984
103342828
196044559
683913559
819199054
76651444
837151992
229681060
209242767
83652341
794944659
67089818
24846461
689344154
890910815
993269383
275408042
669635281
968338227
110738438
882657958
175280795
331744712
151684555
987474725
606236340
207280565
650563519
378023409
495845745
203768859
784243124
780010831
118108347
664980653
611345413
48652122
20380257
150268465
712119205
465733724
638098568
39232132
90086424
147621442
81333536
837437778
223926285
631101910
211747944
695156826
854850174
708708190
618872973
544553230
299517929
610925833
65665197
467603191
419330834
170176149
594014948
238720150
766415366
276691472
4744098
199791163
121182810
414362518
29094260
972148026
296050033
675278312
47979647
703433026
424160627
712200974
14801570
941960045
192431184
253899484
914204645
635341421
339505927
72556973
85041741
46796004
522140410
547111859
487719477
15725889
896414223
83883534
804103974
646799430
268409779
816967673
680247101
102169434
18189201
376606060
136230936
380463025
180057640
394211066
569112878
59245948
543632040
494552294
592407401
951975041
390083751
586645686
149624658
806703684
730009139
804019254
214160350
769199623
365989293
255111906
790316136
28063038
922156316
722571648
471035942
352251360
507282371
646716602
774514905
563625941
346209992
308555384
37676482
855073005
97004828
36499485
772765039
170318555
3007245
338268690
761510464
922795327
546026366
606847630
108266577
350624939
149846209
773606657
557411194
851750604
847320232
477275819
521629576
289746891
813111005
679345211
210078790
724723779
123566383
794353387
362709221
101578203
826027134
963090411
275065098
453056396
382837853
581528405
583530044
120549200
740718625
739557607
630974847
961493504
581528838
956689736
891016633
59217326
554713893
472970795
70002835
924737854
989468785
247523325
734683833
253794745
808083609
189514207
395702225
896752365
546389171
860207452
768143852
519295132
953301347
13696192
10870597
670034111
181285744
718011341
468553744
378217965
919481250
326610391
273584416
326739216
774653888
62462131
955970840
806103602
68836648
267695408
224310801
589645429
944064094
26934020
92946999
206623353
60045297
382588252
633739953
356961263
271732759
203181842
269563827
634309414
804687396
930295787
560364239
347466914
199266350
309463337
905116671
181334067
532315340
797259177
995538621
677190518
229277069
828005861
619743150
728743408
620087467
240911712
879637467
33320638
613605405
444611400
679120088
435238068
545517957
805527692
481185872
639313771
552017905
636664468
883718665
394631475
540570440
755923645
860443183
41538309
327615900
319172311
562532701
465721492
588941762
969735804
412455554
930904291
916830460
36781153
670661488
345197132
410337431
561149061
640157222
969531939
403689979
866956234
88561578
496952788
820261386
556297960
824415805
114096427
741935753
771287122
515582581
662646296
2720586
738964433
292761495
511325670
612956065
938434423
359637035
892660609
188248750
395336215
229078165
747803450
86937741
321550909
743302015
531563730
223686909
515085026
739524529
604943773
610041694
983918641
144877395
615496085
376222607
337699132
595031744
686529461
35472997
120474076
724244398
570674658
605344685
911335284
617953963
593552034
747018691
878255211
925119517
334713636
230371443
69836583
78704818
616230895
251429090
223171689
253340408
595036486
137480379
731503337
432972584
564183985
775457528
161048864
591276080
728992749
369102928
229540228
608757984
989356040
587360211
38627753
716050933
563030807
61414081
704477035
652380148
529184035
97070984
428477657
806317666
808888162
480537859
862249816
992609657
695346184
206046945
935518808
985241000
40582477
607862896
759049575
484652915
1615498
398164954
771397394
28499
925879540
578629262
973452120
992859771
16099864
231782597
874637820
393561413
29622163
916147226
201560344
377932036
628370213
704239007
541143721
932281024
944177860
627316351
915123900
493919699
99053767
265709894
466335
539211064
883462163
286012077
43098102
3570459
684411521
525652557
495903674
426722634
443626620
357223273
479604996
542526456
500640134
531493132
536901679
852098927
306571960
34905727
616350630
560576322
