JA
2410
302 1
302 999
999 998
998 997
997 996
301 996
301 995
300 995
300 994
996 994
996 993
995 993
995 992
299 992
299 991
994 991
994 990
993 990
993 989
992 989
992 988
991 988
991 987
298 2
298 987
298 986
990 986
990 985
989 985
989 984
297 987
297 984
297 983
654 983
654 984
654 982
296 984
296 981
295 981
295 980
988 980
988 979
653 982
653 978
652 979
652 978
652 977
651 977
651 976
987 976
987 978
987 975
294 978
294 975
294 974
986 974
986 973
985 973
985 972
984 972
984 971
983 971
983 970
650 975
650 969
293 970
293 968
292 968
292 967
649 967
649 969
649 966
291 966
291 969
291 965
648 965
648 969
648 964
290 969
290 963
289 963
289 962
288 962
288 961
647 964
647 960
646 960
646 959
287 959
287 961
287 958
645 958
645 961
645 957
644 957
644 956
286 961
286 955
285 955
285 954
643 954
643 956
643 953
642 956
642 953
642 952
641 953
641 952
641 951
284 951
284 952
284 950
982 952
982 950
982 949
981 949
981 948
283 950
283 948
283 947
980 947
980 946
979 946
979 945
282 945
282 944
978 948
978 944
978 943
281 943
281 942
280 944
280 942
280 941
279 942
279 941
279 940
278 940
278 939
977 941
977 939
977 938
976 939
976 938
976 937
640 938
640 936
639 936
639 935
277 937
277 934
276 935
276 934
276 933
275 933
275 932
975 934
975 932
975 931
974 931
974 930
638 930
638 932
638 929
637 932
637 929
637 928
973 929
973 927
636 928
636 926
635 926
635 925
274 925
274 927
274 924
634 927
634 923
972 924
972 922
633 922
633 923
633 921
632 923
632 921
632 920
631 921
631 920
631 919
273 919
273 920
273 918
630 920
630 917
629 917
629 916
971 918
971 915
272 915
272 914
628 916
628 913
627 914
627 913
627 912
626 912
626 911
625 913
625 911
625 910
624 910
624 909
271 911
271 908
270 909
270 908
270 907
623 907
623 908
623 906
622 908
622 906
622 905
269 905
269 906
269 904
621 904
621 906
621 903
268 906
268 902
620 902
620 903
620 901
970 903
970 900
969 900
969 899
619 899
619 901
619 898
267 901
267 897
968 897
968 896
618 896
618 898
618 895
266 895
266 898
266 894
967 894
967 893
617 893
617 898
617 892
966 892
966 898
966 891
265 898
265 891
265 890
965 890
965 889
616 889
616 891
616 888
615 891
615 888
615 887
614 887
614 886
613 886
613 885
264 885
264 888
264 884
612 884
612 888
612 883
263 888
263 882
964 883
964 882
964 881
262 882
262 881
262 880
963 880
963 879
962 879
962 878
611 878
611 881
611 877
961 881
961 876
261 876
261 875
260 875
260 874
960 877
960 874
960 873
959 874
959 873
959 872
610 872
610 873
610 871
958 873
958 870
957 871
957 870
957 869
956 869
956 868
955 868
955 867
259 867
259 866
258 870
258 866
258 865
954 865
954 864
609 864
609 866
609 863
953 866
953 862
952 863
952 862
952 861
257 861
257 860
608 862
608 859
256 859
256 860
256 858
951 860
951 858
951 857
950 858
950 857
950 856
949 856
949 855
948 857
948 855
948 854
947 854
947 853
946 853
946 852
255 855
255 852
255 851
607 851
607 852
607 850
945 852
945 849
944 850
944 849
944 848
943 848
943 847
606 849
606 846
254 847
254 845
605 845
605 846
605 844
253 844
253 846
253 843
942 846
942 843
942 842
604 842
604 843
604 841
603 843
603 841
603 840
941 840
941 841
941 839
940 839
940 838
939 841
939 838
939 837
602 838
602 836
252 836
252 837
252 835
601 835
601 837
601 834
938 834
938 837
938 833
937 833
937 832
600 832
600 837
600 831
936 831
936 837
936 830
599 830
599 837
599 829
598 837
598 829
598 828
935 828
935 829
935 827
934 829
934 827
934 826
597 826
597 827
597 825
596 825
596 824
933 827
933 823
932 823
932 822
251 824
251 822
251 821
595 821
595 822
595 820
931 822
931 819
594 820
594 818
593 818
593 817
592 817
592 816
930 819
930 815
591 815
591 816
591 814
250 814
250 816
250 813
249 813
249 812
929 812
929 811
248 811
248 810
247 810
247 809
590 809
590 816
590 808
928 808
928 816
928 807
589 807
589 816
589 806
246 806
246 816
246 805
927 816
927 805
927 804
926 805
926 804
926 803
925 804
925 803
925 802
924 802
924 801
923 801
923 800
588 800
588 803
588 799
587 803
587 799
587 798
586 799
586 798
586 797
245 798
245 796
922 796
922 795
585 795
585 797
585 794
584 797
584 794
584 793
244 793
244 794
244 792
583 792
583 794
583 791
921 794
921 790
920 791
920 790
920 789
582 790
582 788
919 788
919 789
919 787
581 787
581 789
581 786
918 789
918 785
917 786
917 785
917 784
580 784
580 785
580 783
916 783
916 785
916 782
579 782
579 785
579 781
915 785
915 780
578 780
578 781
578 779
914 781
914 778
243 778
243 777
913 777
913 776
242 776
242 775
912 779
912 775
912 774
577 774
577 775
577 773
576 773
576 772
911 775
911 771
910 772
910 771
910 770
909 771
909 770
909 769
575 769
575 770
575 768
574 770
574 768
574 767
573 768
573 767
573 766
908 767
908 765
572 765
572 766
572 764
241 764
241 766
241 763
907 763
907 762
906 762
906 761
905 766
905 761
905 760
904 760
904 759
571 761
571 758
570 759
570 758
570 757
569 758
569 757
569 756
568 757
568 756
568 755
567 756
567 755
567 754
240 755
240 753
903 753
903 752
239 752
239 751
902 751
902 750
238 750
238 749
566 754
566 748
901 749
901 747
237 747
237 746
565 746
565 748
565 745
564 748
564 745
564 744
236 744
236 745
236 743
563 745
563 742
235 743
235 741
900 741
900 740
899 740
899 739
234 739
234 738
562 742
562 737
233 737
233 738
233 736
232 736
232 735
561 735
561 738
561 734
560 738
560 734
560 733
559 733
559 732
898 732
898 734
898 731
558 731
558 734
558 730
557 734
557 730
557 729
556 730
556 729
556 728
897 729
897 727
231 727
231 726
555 728
555 725
230 726
230 724
554 724
554 725
554 723
229 725
229 722
228 723
228 722
228 721
553 721
553 722
553 720
896 722
896 719
895 720
895 719
895 718
894 718
894 717
227 717
227 716
893 716
893 715
226 715
226 714
552 719
552 713
225 713
225 714
225 712
224 712
224 711
551 711
551 714
551 710
550 714
550 710
550 709
892 709
892 710
892 708
223 708
223 707
549 707
549 710
549 706
548 710
548 706
548 705
891 706
891 704
222 704
222 703
547 703
547 705
547 702
546 705
546 702
546 701
890 702
890 700
545 700
545 701
545 699
221 701
221 698
544 698
544 699
544 697
889 699
889 696
543 696
543 697
543 695
220 697
220 694
888 694
888 693
219 693
219 692
542 692
542 695
542 691
887 691
887 695
887 690
886 695
886 690
886 689
218 690
218 689
218 688
217 688
217 687
216 687
216 686
215 686
215 685
885 689
885 685
885 684
884 684
884 683
541 685
541 682
540 682
540 681
214 683
214 680
883 681
883 680
883 679
213 679
213 678
882 680
882 678
882 677
539 677
539 678
539 676
881 678
881 675
880 675
880 674
212 674
212 673
211 673
211 672
879 672
879 671
210 671
210 670
538 670
538 676
538 669
209 669
209 676
209 668
878 668
878 667
537 676
537 666
536 667
536 666
536 665
535 666
535 665
535 664
534 665
534 664
534 663
877 663
877 664
877 662
876 662
876 661
533 661
533 664
533 660
875 664
875 659
532 660
532 658
531 659
531 658
531 657
208 658
208 656
874 657
874 656
874 655
873 655
873 789
530 789
530 656
530 863
872 656
872 853
529 853
529 863
529 840
528 863
528 840
528 829
871 829
871 840
871 718
207 718
207 702
527 702
527 840
527 681
526 840
526 681
526 663
206 681
206 655
525 663
525 829
870 829
870 655
870 865
868 865
868 866
524 866
524 655
524 834
523 834
523 831
867 655
867 819
205 819
205 823
522 823
522 831
522 808
521 831
521 808
521 805
520 808
520 805
520 816
204 816
204 805
204 796
866 796
866 801
865 801
865 794
519 805
519 791
518 794
518 791
518 786
517 791
517 786
517 783
203 786
203 781
516 783
516 779
202 779
202 781
202 777
515 781
515 772
201 777
201 763
864 763
864 767
200 767
200 760
863 760
863 751
199 751
199 740
198 740
198 722
862 772
862 722
862 716
861 716
861 699
860 722
860 699
860 706
514 706
514 699
514 691
513 699
513 691
513 695
197 695
197 691
197 684
859 691
859 684
859 668
858 684
858 668
858 656
196 668
196 656
196 763
512 763
512 656
512 772
195 772
195 656
195 851
511 656
511 849
194 851
194 845
857 849
857 845
857 842
193 842
193 843
510 845
510 838
856 843
856 835
855 838
855 835
855 832
854 832
854 830
192 830
192 837
853 837
853 826
509 826
509 835
509 825
191 825
191 835
191 821
508 835
508 820
507 820
507 818
506 821
506 818
506 817
852 818
852 815
851 815
851 809
850 817
850 809
850 807
849 809
849 807
849 800
190 800
190 803
189 803
189 799
188 799
188 795
848 795
848 797
187 797
187 792
505 807
505 790
186 792
186 787
185 787
185 784
184 784
184 782
183 782
183 780
182 790
182 780
182 774
504 780
504 773
847 774
847 769
846 773
846 769
846 770
181 769
181 770
181 768
180 768
180 765
503 770
503 761
179 761
179 765
179 759
178 759
178 758
177 758
177 757
176 765
176 757
176 756
502 756
502 757
502 754
175 757
175 746
845 754
845 746
845 748
501 748
501 746
501 745
500 745
500 742
844 742
844 746
844 735
174 735
174 738
499 738
499 746
499 733
173 746
173 731
843 731
843 734
172 734
172 730
498 730
498 733
498 728
171 728
171 733
171 724
842 724
842 721
497 721
497 733
497 719
170 733
170 711
169 719
169 711
169 714
168 714
168 707
841 711
841 707
841 710
840 710
840 703
167 703
167 705
839 705
839 700
838 707
838 700
838 698
166 700
166 698
166 696
165 696
165 692
496 692
496 698
496 685
495 698
495 685
495 682
164 685
164 677
837 677
837 670
494 682
494 676
836 676
836 670
836 667
835 670
835 667
835 666
834 667
834 666
834 665
833 665
833 661
493 661
493 666
493 660
832 666
832 659
831 659
831 789
830 789
830 677
829 660
829 677
829 760
828 677
828 760
828 702
827 702
827 710
492 760
492 663
163 663
163 710
163 796
491 710
491 667
162 667
162 796
162 823
826 823
826 659
161 796
161 659
161 808
490 659
490 805
160 805
160 808
160 794
825 808
825 794
825 791
489 791
489 794
489 783
488 794
488 783
488 781
824 781
824 783
824 706
159 706
159 699
158 699
158 763
487 763
487 783
487 656
486 656
486 754
485 754
485 670
484 783
484 670
484 820
157 670
157 821
483 820
483 807
482 821
482 807
482 780
481 807
481 780
481 770
156 770
156 780
156 756
822 756
822 748
480 780
480 745
821 748
821 738
155 738
155 730
820 745
820 730
820 721
819 721
819 692
154 730
154 692
154 698
479 698
479 692
479 682
153 682
153 692
153 661
478 692
478 760
477 661
477 760
477 710
476 710
476 659
818 760
818 791
817 659
817 791
817 794
816 791
816 794
816 763
475 763
475 794
475 656
474 794
474 656
474 754
815 656
815 783
473 754
473 745
152 783
152 748
814 745
814 748
814 807
472 807
472 748
472 780
151 748
151 698
471 698
471 780
471 692
813 780
813 661
470 661
470 692
470 710
812 692
812 763
150 763
150 794
469 794
469 710
469 754
811 710
811 807
149 754
149 807
149 698
810 698
810 661
148 807
148 661
148 794
809 661
809 794
809 468
468 794
468 467
808 467
808 794
808 466
467 794
467 465
807 465
807 466
807 464
466 463
465 463
465 462
464 462
464 461
463 461
463 460
147 460
147 462
147 459
462 458
806 458
806 459
806 457
461 459
461 456
146 457
146 455
460 456
460 454
459 454
459 453
458 453
458 452
145 455
145 451
457 451
457 452
457 450
805 450
805 452
805 449
804 452
804 449
804 448
803 448
803 447
456 449
456 446
455 447
455 446
455 445
144 445
144 446
144 444
802 444
802 443
143 443
143 442
142 442
142 441
454 446
454 440
801 441
801 439
453 440
453 438
452 438
452 437
451 439
451 437
451 436
450 436
450 435
800 437
800 434
141 435
141 434
141 433
449 434
449 432
799 433
799 431
448 431
448 432
448 430
798 432
798 429
797 429
797 428
796 430
796 428
796 427
140 428
140 427
140 426
139 426
139 425
795 425
795 424
447 424
447 427
447 423
794 423
794 427
794 422
793 427
793 422
793 421
446 422
446 420
138 420
138 421
138 419
792 419
792 418
137 418
137 417
445 421
445 416
791 416
791 417
791 415
444 415
444 417
444 414
790 414
790 417
790 413
136 413
136 412
443 412
443 417
443 411
135 417
135 410
789 410
789 409
134 409
134 408
788 411
788 408
788 407
442 407
442 408
442 406
441 408
441 406
441 405
440 405
440 404
133 404
133 406
133 403
439 403
439 406
439 402
438 402
438 401
132 401
132 406
132 400
437 400
437 406
437 399
131 406
131 398
787 398
787 397
786 397
786 396
436 399
436 395
435 395
435 394
130 396
130 393
129 393
129 392
434 394
434 391
785 392
785 390
784 390
784 389
783 389
783 388
782 388
782 387
128 391
128 387
128 386
781 387
781 386
781 385
780 385
780 384
779 386
779 384
779 383
778 383
778 382
127 384
127 382
127 381
777 381
777 380
126 380
126 379
776 379
776 378
125 382
125 378
125 377
433 377
433 378
433 376
124 376
124 378
124 375
432 375
432 378
432 374
775 378
775 373
774 373
774 372
431 372
431 374
431 371
430 371
430 370
429 374
429 370
429 369
123 369
123 370
123 368
122 370
122 368
122 367
428 368
428 366
427 366
427 365
426 367
426 365
426 364
121 365
121 363
120 364
120 363
120 362
119 362
119 361
118 361
118 360
773 363
773 360
773 359
425 359
425 360
425 358
772 358
772 360
772 357
117 360
117 357
117 356
424 356
424 357
424 355
116 355
116 357
116 354
115 357
115 354
115 353
771 354
771 353
771 352
770 353
770 352
770 351
114 351
114 350
113 352
113 350
113 349
769 350
769 349
769 348
112 349
112 348
112 347
768 347
768 346
423 348
423 345
422 345
422 344
421 344
421 343
767 346
767 342
420 343
420 341
419 342
419 341
419 340
111 341
111 339
418 339
418 340
418 338
766 338
766 340
766 337
110 340
110 337
110 336
765 337
765 336
765 335
109 336
109 335
109 334
108 334
108 333
417 333
417 335
417 332
764 332
764 335
764 331
416 335
416 330
107 330
107 331
107 329
415 329
415 331
415 328
106 328
106 331
106 327
105 327
105 326
763 326
763 325
762 325
762 324
104 324
104 323
761 331
761 323
761 322
103 322
103 321
102 321
102 320
101 323
101 320
101 319
100 319
100 318
99 318
99 317
98 317
98 316
97 316
97 315
96 315
96 314
760 314
760 313
414 320
414 312
95 312
95 313
95 311
94 311
94 310
93 313
93 310
93 309
413 309
413 310
413 308
759 310
759 307
758 307
758 306
757 306
757 305
92 305
92 304
412 304
412 308
412 303
756 308
756 1
755 1
755 666
91 666
91 308
754 303
754 308
754 692
411 308
411 2
410 692
410 2
410 711
90 711
90 2
90 329
89 329
89 731
409 731
409 2
409 661
752 2
752 729
408 729
408 661
408 709
751 661
751 741
88 741
88 675
750 675
750 672
407 672
407 709
407 657
87 657
87 709
87 678
86 678
86 729
406 729
406 709
406 722
405 722
405 684
749 709
749 314
748 314
748 359
404 684
404 659
403 359
403 659
403 363
747 659
747 705
85 363
85 705
85 665
402 705
402 677
84 665
84 702
401 677
401 705
400 702
400 705
400 308
746 705
746 392
83 308
83 392
83 378
399 392
399 354
398 378
398 354
398 338
82 354
82 325
81 325
81 709
397 709
397 338
397 720
396 338
396 720
396 732
395 732
395 689
80 720
80 694
394 689
394 680
745 680
745 694
745 662
79 694
79 662
79 664
744 662
744 664
744 655
393 655
393 664
393 660
78 660
78 664
78 716
392 664
392 691
391 691
391 707
743 716
743 373
390 373
390 707
390 742
389 707
389 742
389 676
388 742
388 676
388 387
387 680
77 676
77 385
76 680
76 385
76 710
742 710
742 698
386 385
386 722
741 698
741 375
385 722
385 366
75 375
75 383
740 383
740 379
384 366
384 332
74 332
74 379
74 1
739 1
739 2
73 2
73 675
738 675
738 659
383 659
383 379
383 662
72 379
72 716
737 662
737 716
737 1
382 716
382 662
71 662
71 1
71 736
70 736
70 727
736 727
736 726
735 726
735 725
381 725
381 1
381 723
69 1
69 717
734 717
734 715
380 715
380 723
380 713
733 723
733 712
732 713
732 712
732 708
731 708
731 704
730 712
730 704
730 701
729 701
729 697
68 697
68 693
379 693
379 704
379 690
728 690
728 704
728 688
727 688
727 687
726 687
726 686
725 686
725 683
724 683
724 679
67 679
67 674
66 704
66 674
66 673
65 673
65 671
378 671
378 674
378 669
723 674
723 658
722 669
722 658
722 718
721 718
721 681
64 681
64 718
377 718
377 658
377 335
720 658
720 709
376 335
376 669
719 669
719 709
719 686
718 686
718 346
63 346
63 661
717 661
717 659
375 659
375 709
375 695
374 709
374 695
374 668
373 695
373 668
373 358
716 358
716 668
716 656
62 656
62 683
715 683
715 692
372 692
372 668
372 348
714 668
714 702
61 702
61 692
60 692
60 686
713 348
713 686
713 709
712 686
712 709
712 342
59 342
59 671
711 709
711 671
711 695
58 695
58 710
371 671
371 320
370 320
370 350
57 710
57 347
369 350
369 331
710 347
710 310
56 310
56 307
368 331
368 337
55 337
55 307
55 306
709 307
709 306
709 687
54 687
54 705
708 705
708 661
367 661
367 306
367 690
53 306
53 674
366 690
366 669
707 674
707 668
706 668
706 703
365 703
365 669
365 700
705 669
705 696
704 700
704 696
704 685
364 696
364 663
363 663
363 667
362 685
362 667
362 671
361 667
361 671
361 664
52 671
52 668
51 664
51 668
51 699
703 699
703 670
360 668
360 353
702 670
702 675
359 675
359 353
359 686
358 686
358 682
50 353
50 674
701 674
701 314
700 682
700 314
700 326
357 314
357 303
356 326
356 303
356 345
355 345
355 689
49 689
49 303
49 675
699 675
699 326
354 326
354 303
354 344
48 303
48 304
47 304
47 672
353 672
353 344
353 348
352 348
352 331
46 344
46 661
351 661
351 331
351 343
698 331
698 339
45 339
45 309
44 309
44 333
43 333
43 669
350 343
350 684
349 684
349 677
697 669
697 674
42 674
42 338
41 338
41 655
348 677
348 691
347 655
347 691
347 690
40 691
40 683
346 683
346 690
346 686
345 686
345 335
344 690
344 335
344 343
343 320
39 320
39 335
39 675
342 675
342 335
342 696
38 335
38 685
696 685
696 667
341 667
341 685
341 668
340 668
340 686
339 685
339 686
339 314
695 686
695 661
338 661
338 314
338 677
337 677
337 684
37 314
37 667
336 684
336 668
335 667
335 668
335 684
694 684
694 668
694 334
334 668
334 330
333 668
333 330
333 328
36 330
36 327
35 328
35 327
35 324
34 324
34 322
33 322
33 321
332 327
332 323
32 323
32 321
32 319
31 321
31 319
31 318
693 318
693 317
692 317
692 316
30 319
30 316
30 315
331 315
331 316
331 312
29 312
29 316
29 311
330 311
330 316
330 313
691 316
691 305
28 305
28 666
329 666
329 313
329 307
27 313
27 666
690 666
690 315
328 307
328 657
26 657
26 315
26 678
327 315
327 663
689 663
689 678
689 665
326 665
326 678
326 308
688 678
688 665
687 665
687 325
686 325
686 658
325 658
325 308
325 684
324 308
324 684
324 660
25 684
25 676
323 660
323 680
685 676
685 659
322 659
322 680
322 315
24 315
24 680
24 2
684 2
684 318
321 680
321 662
23 318
23 678
22 678
22 1
683 1
683 669
21 662
21 669
21 679
320 669
320 682
20 682
20 679
20 673
19 673
19 681
682 679
682 681
682 1
681 1
681 656
18 1
18 656
18 670
680 656
680 670
680 317
17 670
17 317
17 675
16 675
16 658
679 317
679 658
679 655
678 655
678 310
319 658
319 677
677 310
677 665
15 310
15 665
15 306
676 306
676 671
318 671
318 665
318 664
14 665
14 672
317 664
317 663
13 672
13 303
675 303
675 304
674 304
674 666
673 666
673 306
672 306
672 309
12 309
12 668
671 668
671 304
670 663
670 304
670 661
11 661
11 316
316 304
316 669
669 304
669 667
10 667
10 314
9 314
9 311
315 304
315 307
668 311
668 308
667 308
667 659
314 659
314 307
314 660
313 307
313 660
313 656
312 656
312 658
311 660
311 658
311 656
8 658
8 305
666 305
666 307
310 656
310 657
665 307
665 2
309 2
309 657
309 304
664 304
664 657
664 660
663 657
663 660
663 655
308 655
308 660
308 662
307 660
307 662
307 304
7 304
7 662
7 305
306 305
306 662
306 1
305 662
305 1
305 657
662 1
662 303
304 657
304 656
661 303
661 660
6 660
6 1
5 1
5 2
660 2
660 303
4 303
4 655
303 655
303 656
303 657
1 656
1 657
657 2
3 2
3 656
2 656
2 655
