JA
2991
499 1
499 999
499 500
499 998
498 999
498 500
498 998
498 997
497 500
497 998
497 997
497 996
496 998
496 997
496 996
496 995
495 997
495 996
495 995
495 994
494 996
494 995
494 994
494 993
493 995
493 994
493 993
493 992
492 994
492 993
492 992
492 991
491 993
491 992
491 991
491 990
490 992
490 991
490 990
490 989
489 991
489 990
489 989
489 988
488 990
488 989
488 988
488 987
487 989
487 988
487 987
487 986
486 988
486 987
486 986
486 985
485 987
485 986
485 985
485 984
484 986
484 985
484 984
484 983
483 985
483 984
483 983
483 982
482 984
482 983
482 982
482 981
481 983
481 982
481 981
481 980
480 982
480 981
480 980
480 979
479 981
479 980
479 979
479 978
478 980
478 979
478 978
478 977
477 979
477 978
477 977
477 976
476 978
476 977
476 976
476 975
475 977
475 976
475 975
475 974
474 976
474 975
474 974
474 973
473 975
473 974
473 973
473 972
472 974
472 973
472 972
472 971
471 973
471 972
471 971
471 970
470 972
470 971
470 970
470 969
469 971
469 970
469 969
469 968
468 970
468 969
468 968
468 967
467 969
467 968
467 967
467 966
466 968
466 967
466 966
466 965
465 967
465 966
465 965
465 964
464 966
464 965
464 964
464 963
463 965
463 964
463 963
463 962
462 964
462 963
462 962
462 961
461 963
461 962
461 961
461 960
460 962
460 961
460 960
460 959
459 961
459 960
459 959
459 958
458 960
458 959
458 958
458 957
457 959
457 958
457 957
457 956
456 958
456 957
456 956
456 955
455 957
455 956
455 955
455 954
454 956
454 955
454 954
454 953
453 955
453 954
453 953
453 952
452 954
452 953
452 952
452 951
451 953
451 952
451 951
451 950
450 952
450 951
450 950
450 949
449 951
449 950
449 949
449 948
448 950
448 949
448 948
448 947
447 949
447 948
447 947
447 946
446 948
446 947
446 946
446 945
445 947
445 946
445 945
445 944
444 946
444 945
444 944
444 943
443 945
443 944
443 943
443 942
442 944
442 943
442 942
442 941
441 943
441 942
441 941
441 940
440 942
440 941
440 940
440 939
439 941
439 940
439 939
439 938
438 940
438 939
438 938
438 937
437 939
437 938
437 937
437 936
436 938
436 937
436 936
436 935
435 937
435 936
435 935
435 934
434 936
434 935
434 934
434 933
433 935
433 934
433 933
433 932
432 934
432 933
432 932
432 931
431 933
431 932
431 931
431 930
430 932
430 931
430 930
430 929
429 931
429 930
429 929
429 928
428 930
428 929
428 928
428 927
427 929
427 928
427 927
427 926
426 928
426 927
426 926
426 925
425 927
425 926
425 925
425 924
424 926
424 925
424 924
424 923
423 925
423 924
423 923
423 922
422 924
422 923
422 922
422 921
421 923
421 922
421 921
421 920
420 922
420 921
420 920
420 919
419 921
419 920
419 919
419 918
418 920
418 919
418 918
418 917
417 919
417 918
417 917
417 916
416 918
416 917
416 916
416 915
415 917
415 916
415 915
415 914
414 916
414 915
414 914
414 913
413 915
413 914
413 913
413 912
412 914
412 913
412 912
412 911
411 913
411 912
411 911
411 910
410 912
410 911
410 910
410 909
409 911
409 910
409 909
409 908
408 910
408 909
408 908
408 907
407 909
407 908
407 907
407 906
406 908
406 907
406 906
406 905
405 907
405 906
405 905
405 904
404 906
404 905
404 904
404 903
403 905
403 904
403 903
403 902
402 904
402 903
402 902
402 901
401 903
401 902
401 901
401 900
400 902
400 901
400 900
400 899
399 901
399 900
399 899
399 898
398 900
398 899
398 898
398 897
397 899
397 898
397 897
397 896
396 898
396 897
396 896
396 895
395 897
395 896
395 895
395 894
394 896
394 895
394 894
394 893
393 895
393 894
393 893
393 892
392 894
392 893
392 892
392 891
391 893
391 892
391 891
391 890
390 892
390 891
390 890
390 889
389 891
389 890
389 889
389 888
388 890
388 889
388 888
388 887
387 889
387 888
387 887
387 886
386 888
386 887
386 886
386 885
385 887
385 886
385 885
385 884
384 886
384 885
384 884
384 883
383 885
383 884
383 883
383 882
382 884
382 883
382 882
382 881
381 883
381 882
381 881
381 880
380 882
380 881
380 880
380 879
379 881
379 880
379 879
379 878
378 880
378 879
378 878
378 877
377 879
377 878
377 877
377 876
376 878
376 877
376 876
376 875
375 877
375 876
375 875
375 874
374 876
374 875
374 874
374 873
373 875
373 874
373 873
373 872
372 874
372 873
372 872
372 871
371 873
371 872
371 871
371 870
370 872
370 871
370 870
370 869
369 871
369 870
369 869
369 868
368 870
368 869
368 868
368 867
367 869
367 868
367 867
367 866
366 868
366 867
366 866
366 865
365 867
365 866
365 865
365 864
364 866
364 865
364 864
364 863
363 865
363 864
363 863
363 862
362 864
362 863
362 862
362 861
361 863
361 862
361 861
361 860
360 862
360 861
360 860
360 859
359 861
359 860
359 859
359 858
358 860
358 859
358 858
358 857
357 859
357 858
357 857
357 856
356 858
356 857
356 856
356 855
355 857
355 856
355 855
355 854
354 856
354 855
354 854
354 853
353 855
353 854
353 853
353 852
352 854
352 853
352 852
352 851
351 853
351 852
351 851
351 850
350 852
350 851
350 850
350 849
349 851
349 850
349 849
349 848
348 850
348 849
348 848
348 847
347 849
347 848
347 847
347 846
346 848
346 847
346 846
346 845
345 847
345 846
345 845
345 844
344 846
344 845
344 844
344 843
343 845
343 844
343 843
343 842
342 844
342 843
342 842
342 841
341 843
341 842
341 841
341 840
340 842
340 841
340 840
340 839
339 841
339 840
339 839
339 838
338 840
338 839
338 838
338 837
337 839
337 838
337 837
337 836
336 838
336 837
336 836
336 835
335 837
335 836
335 835
335 834
334 836
334 835
334 834
334 833
333 835
333 834
333 833
333 832
332 834
332 833
332 832
332 831
331 833
331 832
331 831
331 830
330 832
330 831
330 830
330 829
329 831
329 830
329 829
329 828
328 830
328 829
328 828
328 827
327 829
327 828
327 827
327 826
326 828
326 827
326 826
326 825
325 827
325 826
325 825
325 824
324 826
324 825
324 824
324 823
323 825
323 824
323 823
323 822
322 824
322 823
322 822
322 821
321 823
321 822
321 821
321 820
320 822
320 821
320 820
320 819
319 821
319 820
319 819
319 818
318 820
318 819
318 818
318 817
317 819
317 818
317 817
317 816
316 818
316 817
316 816
316 815
315 817
315 816
315 815
315 814
314 816
314 815
314 814
314 813
313 815
313 814
313 813
313 812
312 814
312 813
312 812
312 811
311 813
311 812
311 811
311 810
310 812
310 811
310 810
310 809
309 811
309 810
309 809
309 808
308 810
308 809
308 808
308 807
307 809
307 808
307 807
307 806
306 808
306 807
306 806
306 805
305 807
305 806
305 805
305 804
304 806
304 805
304 804
304 803
303 805
303 804
303 803
303 802
302 804
302 803
302 802
302 801
301 803
301 802
301 801
301 800
300 802
300 801
300 800
300 799
299 801
299 800
299 799
299 798
298 800
298 799
298 798
298 797
297 799
297 798
297 797
297 796
296 798
296 797
296 796
296 795
295 797
295 796
295 795
295 794
294 796
294 795
294 794
294 793
293 795
293 794
293 793
293 792
292 794
292 793
292 792
292 791
291 793
291 792
291 791
291 790
290 792
290 791
290 790
290 789
289 791
289 790
289 789
289 788
288 790
288 789
288 788
288 787
287 789
287 788
287 787
287 786
286 788
286 787
286 786
286 785
285 787
285 786
285 785
285 784
284 786
284 785
284 784
284 783
283 785
283 784
283 783
283 782
282 784
282 783
282 782
282 781
281 783
281 782
281 781
281 780
280 782
280 781
280 780
280 779
279 781
279 780
279 779
279 778
278 780
278 779
278 778
278 777
277 779
277 778
277 777
277 776
276 778
276 777
276 776
276 775
275 777
275 776
275 775
275 774
274 776
274 775
274 774
274 773
273 775
273 774
273 773
273 772
272 774
272 773
272 772
272 771
271 773
271 772
271 771
271 770
270 772
270 771
270 770
270 769
269 771
269 770
269 769
269 768
268 770
268 769
268 768
268 767
267 769
267 768
267 767
267 766
266 768
266 767
266 766
266 765
265 767
265 766
265 765
265 764
264 766
264 765
264 764
264 763
263 765
263 764
263 763
263 762
262 764
262 763
262 762
262 761
261 763
261 762
261 761
261 760
260 762
260 761
260 760
260 759
259 761
259 760
259 759
259 758
258 760
258 759
258 758
258 757
257 759
257 758
257 757
257 756
256 758
256 757
256 756
256 755
255 757
255 756
255 755
255 754
254 756
254 755
254 754
254 753
253 755
253 754
253 753
253 752
252 754
252 753
252 752
252 751
251 753
251 752
251 751
251 750
250 752
250 751
250 750
250 749
249 751
249 750
249 749
249 748
248 750
248 749
248 748
248 747
247 749
247 748
247 747
247 746
246 748
246 747
246 746
246 745
245 747
245 746
245 745
245 744
244 746
244 745
244 744
244 743
243 745
243 744
243 743
243 742
242 744
242 743
242 742
242 741
241 743
241 742
241 741
241 740
240 742
240 741
240 740
240 739
239 741
239 740
239 739
239 738
238 740
238 739
238 738
238 737
237 739
237 738
237 737
237 736
236 738
236 737
236 736
236 735
235 737
235 736
235 735
235 734
234 736
234 735
234 734
234 733
233 735
233 734
233 733
233 732
232 734
232 733
232 732
232 731
231 733
231 732
231 731
231 730
230 732
230 731
230 730
230 729
229 731
229 730
229 729
229 728
228 730
228 729
228 728
228 727
227 729
227 728
227 727
227 726
226 728
226 727
226 726
226 725
225 727
225 726
225 725
225 724
224 726
224 725
224 724
224 723
223 725
223 724
223 723
223 722
222 724
222 723
222 722
222 721
221 723
221 722
221 721
221 720
220 722
220 721
220 720
220 719
219 721
219 720
219 719
219 718
218 720
218 719
218 718
218 717
217 719
217 718
217 717
217 716
216 718
216 717
216 716
216 715
215 717
215 716
215 715
215 714
214 716
214 715
214 714
214 713
213 715
213 714
213 713
213 712
212 714
212 713
212 712
212 711
211 713
211 712
211 711
211 710
210 712
210 711
210 710
210 709
209 711
209 710
209 709
209 708
208 710
208 709
208 708
208 707
207 709
207 708
207 707
207 706
206 708
206 707
206 706
206 705
205 707
205 706
205 705
205 704
204 706
204 705
204 704
204 703
203 705
203 704
203 703
203 702
202 704
202 703
202 702
202 701
201 703
201 702
201 701
201 700
200 702
200 701
200 700
200 699
199 701
199 700
199 699
199 698
198 700
198 699
198 698
198 697
197 699
197 698
197 697
197 696
196 698
196 697
196 696
196 695
195 697
195 696
195 695
195 694
194 696
194 695
194 694
194 693
193 695
193 694
193 693
193 692
192 694
192 693
192 692
192 691
191 693
191 692
191 691
191 690
190 692
190 691
190 690
190 689
189 691
189 690
189 689
189 688
188 690
188 689
188 688
188 687
187 689
187 688
187 687
187 686
186 688
186 687
186 686
186 685
185 687
185 686
185 685
185 684
184 686
184 685
184 684
184 683
183 685
183 684
183 683
183 682
182 684
182 683
182 682
182 681
181 683
181 682
181 681
181 680
180 682
180 681
180 680
180 679
179 681
179 680
179 679
179 678
178 680
178 679
178 678
178 677
177 679
177 678
177 677
177 676
176 678
176 677
176 676
176 675
175 677
175 676
175 675
175 674
174 676
174 675
174 674
174 673
173 675
173 674
173 673
173 672
172 674
172 673
172 672
172 671
171 673
171 672
171 671
171 670
170 672
170 671
170 670
170 669
169 671
169 670
169 669
169 668
168 670
168 669
168 668
168 667
167 669
167 668
167 667
167 666
166 668
166 667
166 666
166 665
165 667
165 666
165 665
165 664
164 666
164 665
164 664
164 663
163 665
163 664
163 663
163 662
162 664
162 663
162 662
162 661
161 663
161 662
161 661
161 660
160 662
160 661
160 660
160 659
159 661
159 660
159 659
159 658
158 660
158 659
158 658
158 657
157 659
157 658
157 657
157 656
156 658
156 657
156 656
156 655
155 657
155 656
155 655
155 654
154 656
154 655
154 654
154 653
153 655
153 654
153 653
153 652
152 654
152 653
152 652
152 651
151 653
151 652
151 651
151 650
150 652
150 651
150 650
150 649
149 651
149 650
149 649
149 648
148 650
148 649
148 648
148 647
147 649
147 648
147 647
147 646
146 648
146 647
146 646
146 645
145 647
145 646
145 645
145 644
144 646
144 645
144 644
144 643
143 645
143 644
143 643
143 642
142 644
142 643
142 642
142 641
141 643
141 642
141 641
141 640
140 642
140 641
140 640
140 639
139 641
139 640
139 639
139 638
138 640
138 639
138 638
138 637
137 639
137 638
137 637
137 636
136 638
136 637
136 636
136 635
135 637
135 636
135 635
135 634
134 636
134 635
134 634
134 633
133 635
133 634
133 633
133 632
132 634
132 633
132 632
132 631
131 633
131 632
131 631
131 630
130 632
130 631
130 630
130 629
129 631
129 630
129 629
129 628
128 630
128 629
128 628
128 627
127 629
127 628
127 627
127 626
126 628
126 627
126 626
126 625
125 627
125 626
125 625
125 624
124 626
124 625
124 624
124 623
123 625
123 624
123 623
123 622
122 624
122 623
122 622
122 621
121 623
121 622
121 621
121 620
120 622
120 621
120 620
120 619
119 621
119 620
119 619
119 618
118 620
118 619
118 618
118 617
117 619
117 618
117 617
117 616
116 618
116 617
116 616
116 615
115 617
115 616
115 615
115 614
114 616
114 615
114 614
114 613
113 615
113 614
113 613
113 612
112 614
112 613
112 612
112 611
111 613
111 612
111 611
111 610
110 612
110 611
110 610
110 609
109 611
109 610
109 609
109 608
108 610
108 609
108 608
108 607
107 609
107 608
107 607
107 606
106 608
106 607
106 606
106 605
105 607
105 606
105 605
105 604
104 606
104 605
104 604
104 603
103 605
103 604
103 603
103 602
102 604
102 603
102 602
102 601
101 603
101 602
101 601
101 600
100 602
100 601
100 600
100 599
99 601
99 600
99 599
99 598
98 600
98 599
98 598
98 597
97 599
97 598
97 597
97 596
96 598
96 597
96 596
96 595
95 597
95 596
95 595
95 594
94 596
94 595
94 594
94 593
93 595
93 594
93 593
93 592
92 594
92 593
92 592
92 591
91 593
91 592
91 591
91 590
90 592
90 591
90 590
90 589
89 591
89 590
89 589
89 588
88 590
88 589
88 588
88 587
87 589
87 588
87 587
87 586
86 588
86 587
86 586
86 585
85 587
85 586
85 585
85 584
84 586
84 585
84 584
84 583
83 585
83 584
83 583
83 582
82 584
82 583
82 582
82 581
81 583
81 582
81 581
81 580
80 582
80 581
80 580
80 579
79 581
79 580
79 579
79 578
78 580
78 579
78 578
78 577
77 579
77 578
77 577
77 576
76 578
76 577
76 576
76 575
75 577
75 576
75 575
75 574
74 576
74 575
74 574
74 573
73 575
73 574
73 573
73 572
72 574
72 573
72 572
72 571
71 573
71 572
71 571
71 570
70 572
70 571
70 570
70 569
69 571
69 570
69 569
69 568
68 570
68 569
68 568
68 567
67 569
67 568
67 567
67 566
66 568
66 567
66 566
66 565
65 567
65 566
65 565
65 564
64 566
64 565
64 564
64 563
63 565
63 564
63 563
63 562
62 564
62 563
62 562
62 561
61 563
61 562
61 561
61 560
60 562
60 561
60 560
60 559
59 561
59 560
59 559
59 558
58 560
58 559
58 558
58 557
57 559
57 558
57 557
57 556
56 558
56 557
56 556
56 555
55 557
55 556
55 555
55 554
54 556
54 555
54 554
54 553
53 555
53 554
53 553
53 552
52 554
52 553
52 552
52 551
51 553
51 552
51 551
51 550
50 552
50 551
50 550
50 549
49 551
49 550
49 549
49 548
48 550
48 549
48 548
48 547
47 549
47 548
47 547
47 546
46 548
46 547
46 546
46 545
45 547
45 546
45 545
45 544
44 546
44 545
44 544
44 543
43 545
43 544
43 543
43 542
42 544
42 543
42 542
42 541
41 543
41 542
41 541
41 540
40 542
40 541
40 540
40 539
39 541
39 540
39 539
39 538
38 540
38 539
38 538
38 537
37 539
37 538
37 537
37 536
36 538
36 537
36 536
36 535
35 537
35 536
35 535
35 534
34 536
34 535
34 534
34 533
33 535
33 534
33 533
33 532
32 534
32 533
32 532
32 531
31 533
31 532
31 531
31 530
30 532
30 531
30 530
30 529
29 531
29 530
29 529
29 528
28 530
28 529
28 528
28 527
27 529
27 528
27 527
27 526
26 528
26 527
26 526
26 525
25 527
25 526
25 525
25 524
24 526
24 525
24 524
24 523
23 525
23 524
23 523
23 522
22 524
22 523
22 522
22 521
21 523
21 522
21 521
21 520
20 522
20 521
20 520
20 519
19 521
19 520
19 519
19 518
18 520
18 519
18 518
18 517
17 519
17 518
17 517
17 516
16 518
16 517
16 516
16 515
15 517
15 516
15 515
15 514
14 516
14 515
14 514
14 513
13 515
13 514
13 513
13 512
12 514
12 513
12 512
12 511
11 513
11 512
11 511
11 510
10 512
10 511
10 510
10 509
9 511
9 510
9 509
9 508
8 510
8 509
8 508
8 507
7 509
7 508
7 507
7 506
6 508
6 507
6 506
6 505
5 507
5 506
5 505
5 504
4 506
4 505
4 504
4 503
3 505
3 504
3 503
3 502
2 504
2 503
2 502
2 501
1 503
1 502
1 501
999 502
999 501
998 501
998 503
997 503
997 502
996 502
996 500
995 500
995 501
994 501
994 503
993 503
993 502
992 502
992 500
991 500
991 501
990 501
990 503
989 503
989 502
988 502
988 500
987 500
987 501
986 501
986 503
985 503
985 502
984 502
984 500
983 500
983 501
982 501
982 503
981 503
981 502
980 502
980 500
979 500
979 501
978 501
978 503
977 503
977 502
976 502
976 500
975 500
975 501
974 501
974 503
973 503
973 502
972 502
972 500
971 500
971 501
970 501
970 503
969 503
969 502
968 502
968 500
967 500
967 501
966 501
966 503
965 503
965 502
964 502
964 500
963 500
963 501
962 501
962 503
961 503
961 502
960 502
960 500
959 500
959 501
958 501
958 503
957 503
957 502
956 502
956 500
955 500
955 501
954 501
954 503
953 503
953 502
952 502
952 500
951 500
951 501
950 501
950 503
949 503
949 502
948 502
948 500
947 500
947 501
946 501
946 503
945 503
945 502
944 502
944 500
943 500
943 501
942 501
942 503
941 503
941 502
940 502
940 500
939 500
939 501
938 501
938 503
937 503
937 502
936 502
936 500
935 500
935 501
934 501
934 503
933 503
933 502
932 502
932 500
931 500
931 501
930 501
930 503
929 503
929 502
928 502
928 500
927 500
927 501
926 501
926 503
925 503
925 502
924 502
924 500
923 500
923 501
922 501
922 503
921 503
921 502
920 502
920 500
919 500
919 501
918 501
918 503
917 503
917 502
916 502
916 500
915 500
915 501
914 501
914 503
913 503
913 502
912 502
912 500
911 500
911 501
910 501
910 503
909 503
909 502
908 502
908 500
907 500
907 501
906 501
906 503
905 503
905 502
904 502
904 500
903 500
903 501
902 501
902 503
901 503
901 502
900 502
900 500
899 500
899 501
898 501
898 503
897 503
897 502
896 502
896 500
895 500
895 501
894 501
894 503
893 503
893 502
892 502
892 500
891 500
891 501
890 501
890 503
889 503
889 502
888 502
888 500
887 500
887 501
886 501
886 503
885 503
885 502
884 502
884 500
883 500
883 501
882 501
882 503
881 503
881 502
880 502
880 500
879 500
879 501
878 501
878 503
877 503
877 502
876 502
876 500
875 500
875 501
874 501
874 503
873 503
873 502
872 502
872 500
871 500
871 501
870 501
870 503
869 503
869 502
868 502
868 500
867 500
867 501
866 501
866 503
865 503
865 502
864 502
864 500
863 500
863 501
862 501
862 503
861 503
861 502
860 502
860 500
859 500
859 501
858 501
858 503
857 503
857 502
856 502
856 500
855 500
855 501
854 501
854 503
853 503
853 502
852 502
852 500
851 500
851 501
850 501
850 503
849 503
849 502
848 502
848 500
847 500
847 501
846 501
846 503
845 503
845 502
844 502
844 500
843 500
843 501
842 501
842 503
841 503
841 502
840 502
840 500
839 500
839 501
838 501
838 503
837 503
837 502
836 502
836 500
835 500
835 501
834 501
834 503
833 503
833 502
832 502
832 500
831 500
831 501
830 501
830 503
829 503
829 502
828 502
828 500
827 500
827 501
826 501
826 503
825 503
825 502
824 502
824 500
823 500
823 501
822 501
822 503
821 503
821 502
820 502
820 500
819 500
819 501
818 501
818 503
817 503
817 502
816 502
816 500
815 500
815 501
814 501
814 503
813 503
813 502
812 502
812 500
811 500
811 501
810 501
810 503
809 503
809 502
808 502
808 500
807 500
807 501
806 501
806 503
805 503
805 502
804 502
804 500
803 500
803 501
802 501
802 503
801 503
801 502
800 502
800 500
799 500
799 501
798 501
798 503
797 503
797 502
796 502
796 500
795 500
795 501
794 501
794 503
793 503
793 502
792 502
792 500
791 500
791 501
790 501
790 503
789 503
789 502
788 502
788 500
787 500
787 501
786 501
786 503
785 503
785 502
784 502
784 500
783 500
783 501
782 501
782 503
781 503
781 502
780 502
780 500
779 500
779 501
778 501
778 503
777 503
777 502
776 502
776 500
775 500
775 501
774 501
774 503
773 503
773 502
772 502
772 500
771 500
771 501
770 501
770 503
769 503
769 502
768 502
768 500
767 500
767 501
766 501
766 503
765 503
765 502
764 502
764 500
763 500
763 501
762 501
762 503
761 503
761 502
760 502
760 500
759 500
759 501
758 501
758 503
757 503
757 502
756 502
756 500
755 500
755 501
754 501
754 503
753 503
753 502
752 502
752 500
751 500
751 501
750 501
750 503
749 503
749 502
748 502
748 500
747 500
747 501
746 501
746 503
745 503
745 502
744 502
744 500
743 500
743 501
742 501
742 503
741 503
741 502
740 502
740 500
739 500
739 501
738 501
738 503
737 503
737 502
736 502
736 500
735 500
735 501
734 501
734 503
733 503
733 502
732 502
732 500
731 500
731 501
730 501
730 503
729 503
729 502
728 502
728 500
727 500
727 501
726 501
726 503
725 503
725 502
724 502
724 500
723 500
723 501
722 501
722 503
721 503
721 502
720 502
720 500
719 500
719 501
718 501
718 503
717 503
717 502
716 502
716 500
715 500
715 501
714 501
714 503
713 503
713 502
712 502
712 500
711 500
711 501
710 501
710 503
709 503
709 502
708 502
708 500
707 500
707 501
706 501
706 503
705 503
705 502
704 502
704 500
703 500
703 501
702 501
702 503
701 503
701 502
700 502
700 500
699 500
699 501
698 501
698 503
697 503
697 502
696 502
696 500
695 500
695 501
694 501
694 503
693 503
693 502
692 502
692 500
691 500
691 501
690 501
690 503
689 503
689 502
688 502
688 500
687 500
687 501
686 501
686 503
685 503
685 502
684 502
684 500
683 500
683 501
682 501
682 503
681 503
681 502
680 502
680 500
679 500
679 501
678 501
678 503
677 503
677 502
676 502
676 500
675 500
675 501
674 501
674 503
673 503
673 502
672 502
672 500
671 500
671 501
670 501
670 503
669 503
669 502
668 502
668 500
667 500
667 501
666 501
666 503
665 503
665 502
664 502
664 500
663 500
663 501
662 501
662 503
661 503
661 502
660 502
660 500
659 500
659 501
658 501
658 503
657 503
657 502
656 502
656 500
655 500
655 501
654 501
654 503
653 503
653 502
652 502
652 500
651 500
651 501
650 501
650 503
649 503
649 502
648 502
648 500
647 500
647 501
646 501
646 503
645 503
645 502
644 502
644 500
643 500
643 501
642 501
642 503
641 503
641 502
640 502
640 500
639 500
639 501
638 501
638 503
637 503
637 502
636 502
636 500
635 500
635 501
634 501
634 503
633 503
633 502
632 502
632 500
631 500
631 501
630 501
630 503
629 503
629 502
628 502
628 500
627 500
627 501
626 501
626 503
625 503
625 502
624 502
624 500
623 500
623 501
622 501
622 503
621 503
621 502
620 502
620 500
619 500
619 501
618 501
618 503
617 503
617 502
616 502
616 500
615 500
615 501
614 501
614 503
613 503
613 502
612 502
612 500
611 500
611 501
610 501
610 503
609 503
609 502
608 502
608 500
607 500
607 501
606 501
606 503
605 503
605 502
604 502
604 500
603 500
603 501
602 501
602 503
601 503
601 502
600 502
600 500
599 500
599 501
598 501
598 503
597 503
597 502
596 502
596 500
595 500
595 501
594 501
594 503
593 503
593 502
592 502
592 500
591 500
591 501
590 501
590 503
589 503
589 502
588 502
588 500
587 500
587 501
586 501
586 503
585 503
585 502
584 502
584 500
583 500
583 501
582 501
582 503
581 503
581 502
580 502
580 500
579 500
579 501
578 501
578 503
577 503
577 502
576 502
576 500
575 500
575 501
574 501
574 503
573 503
573 502
572 502
572 500
571 500
571 501
570 501
570 503
569 503
569 502
568 502
568 500
567 500
567 501
566 501
566 503
565 503
565 502
564 502
564 500
563 500
563 501
562 501
562 503
561 503
561 502
560 502
560 500
559 500
559 501
558 501
558 503
557 503
557 502
556 502
556 500
555 500
555 501
554 501
554 503
553 503
553 502
552 502
552 500
551 500
551 501
550 501
550 503
549 503
549 502
548 502
548 500
547 500
547 501
546 501
546 503
545 503
545 502
544 502
544 500
543 500
543 501
542 501
542 503
541 503
541 502
540 502
540 500
539 500
539 501
538 501
538 503
537 503
537 502
536 502
536 500
535 500
535 501
534 501
534 503
533 503
533 502
532 502
532 500
531 500
531 501
530 501
530 503
529 503
529 502
528 502
528 500
527 500
527 501
526 501
526 503
525 503
525 502
524 502
524 500
523 500
523 501
522 501
522 503
521 503
521 502
520 502
520 500
519 500
519 501
518 501
518 503
517 503
517 502
516 502
516 500
515 500
515 501
514 501
514 503
513 503
513 502
512 502
512 500
511 500
511 501
510 501
510 503
509 503
509 502
508 502
508 500
507 500
507 501
506 501
506 503
505 503
505 502
504 502
504 500
503 500
503 501
502 501
502 500
