JA
1341
338 1
338 677
677 676
337 676
337 675
336 675
336 674
676 674
676 673
335 673
335 672
675 672
675 671
674 671
674 670
673 670
673 669
334 669
334 668
672 668
672 667
333 667
333 666
671 666
671 665
332 665
332 664
331 664
331 663
330 663
330 662
329 662
329 661
670 661
670 660
669 660
669 659
668 659
668 658
667 658
667 657
328 657
328 656
666 656
666 655
665 655
665 654
664 654
664 653
327 653
327 652
326 652
326 651
325 651
325 650
663 650
663 649
662 649
662 648
324 648
324 647
323 647
323 646
322 646
322 645
321 645
321 644
320 644
320 643
319 643
319 642
661 642
661 641
318 641
318 640
660 640
660 639
317 639
317 638
316 638
316 637
659 637
659 636
315 636
315 635
314 635
314 634
658 634
658 633
657 633
657 632
656 632
656 631
655 631
655 630
654 630
654 629
653 629
653 628
652 628
652 627
651 627
651 626
650 626
650 625
649 625
649 624
648 624
648 623
313 623
313 622
312 622
312 621
311 621
311 620
310 620
310 619
309 619
309 618
647 618
647 617
646 617
646 616
645 616
645 615
308 615
308 614
644 614
644 613
307 613
307 612
643 612
643 611
642 611
642 610
306 610
306 609
641 609
641 608
640 608
640 607
639 607
639 606
638 606
638 605
305 605
305 604
304 604
304 603
637 603
637 602
636 602
636 601
303 601
303 600
302 600
302 599
301 599
301 598
300 598
300 597
635 597
635 596
634 596
634 595
633 595
633 594
632 594
632 593
299 593
299 592
298 592
298 591
297 591
297 590
296 590
296 589
295 589
295 588
631 588
631 587
294 587
294 586
630 586
630 585
293 585
293 584
292 584
292 583
291 583
291 582
290 582
290 581
629 581
629 580
628 580
628 579
289 579
289 578
627 578
627 577
288 577
288 576
626 576
626 575
287 575
287 574
286 574
286 573
625 573
625 572
285 572
285 571
284 571
284 570
624 570
624 569
283 569
283 568
623 568
623 567
622 567
622 566
621 566
621 565
620 565
620 564
282 564
282 563
619 563
619 562
281 562
281 561
618 561
618 560
280 560
280 559
617 559
617 558
616 558
616 557
615 557
615 556
614 556
614 555
279 555
279 554
278 554
278 553
613 553
613 552
612 552
612 551
277 551
277 550
611 550
611 549
276 549
276 548
610 548
610 547
609 547
609 546
608 546
608 545
607 545
607 544
275 544
275 543
274 543
274 542
273 542
273 541
272 541
272 540
271 540
271 539
606 539
606 538
270 538
270 537
269 537
269 536
605 536
605 535
268 535
268 534
267 534
267 533
266 533
266 532
604 532
604 531
603 531
603 530
602 530
602 529
601 529
601 528
265 528
265 527
264 527
264 526
600 526
600 525
599 525
599 524
598 524
598 523
263 523
263 522
262 522
262 521
597 521
597 520
596 520
596 519
261 519
261 518
595 518
595 517
260 517
260 516
594 516
594 515
593 515
593 514
592 514
592 513
591 513
591 512
590 512
590 511
259 511
259 510
258 510
258 509
589 509
589 508
257 508
257 507
588 507
588 506
256 506
256 505
255 505
255 504
254 504
254 503
587 503
587 502
253 502
253 501
252 501
252 500
251 500
251 499
586 499
586 498
250 498
250 497
585 497
585 496
584 496
584 495
583 495
583 494
582 494
582 493
249 493
249 492
581 492
581 491
248 491
248 490
247 490
247 489
580 489
580 488
579 488
579 487
246 487
246 486
245 486
245 485
244 485
244 484
578 484
578 483
577 483
577 482
576 482
576 481
243 481
243 480
575 480
575 479
242 479
242 478
241 478
241 477
240 477
240 476
574 476
574 475
573 475
573 474
239 474
239 473
238 473
238 472
572 472
572 471
237 471
237 470
571 470
571 469
236 469
236 468
570 468
570 467
235 467
235 466
234 466
234 465
569 465
569 464
568 464
568 463
567 463
567 462
233 462
233 461
566 461
566 460
565 460
565 459
564 459
564 458
563 458
563 457
232 457
232 456
231 456
231 455
562 455
562 454
230 454
230 453
229 453
229 452
561 452
561 451
228 451
228 450
227 450
227 449
226 449
226 448
560 448
560 447
559 447
559 446
558 446
558 445
225 445
225 444
224 444
224 443
223 443
223 442
557 442
557 441
556 441
556 440
555 440
555 439
554 439
554 438
553 438
553 437
222 437
222 436
552 436
552 435
221 435
221 434
220 434
220 433
219 433
219 432
218 432
218 431
551 431
551 430
550 430
550 429
217 429
217 428
549 428
549 427
548 427
548 426
547 426
547 425
216 425
216 424
215 424
215 423
546 423
546 422
545 422
545 421
214 421
214 420
544 420
544 419
213 419
213 418
543 418
543 417
542 417
542 416
541 416
541 415
212 415
212 414
211 414
211 413
540 413
540 412
539 412
539 411
538 411
538 410
210 410
210 409
209 409
209 408
537 408
537 407
208 407
208 406
536 406
536 405
535 405
535 404
207 404
207 403
206 403
206 402
534 402
534 401
533 401
533 400
205 400
205 399
204 399
204 398
532 398
532 397
531 397
531 396
530 396
530 395
203 395
203 394
529 394
529 393
202 393
202 392
528 392
528 391
201 391
201 390
527 390
527 389
200 389
200 388
199 388
199 387
198 387
198 386
526 386
526 385
525 385
525 384
524 384
524 383
523 383
523 382
197 382
197 381
196 381
196 380
522 380
522 379
521 379
521 378
195 378
195 377
520 377
520 376
194 376
194 375
193 375
193 374
519 374
519 373
518 373
518 372
517 372
517 371
516 371
516 370
192 370
192 369
515 369
515 368
191 368
191 367
190 367
190 366
514 366
514 365
189 365
189 364
513 364
513 363
188 363
188 362
512 362
512 361
511 361
511 360
187 360
187 359
186 359
186 358
185 358
185 357
184 357
184 356
183 356
183 355
510 355
510 354
509 354
509 353
182 353
182 352
181 352
181 351
508 351
508 350
507 350
507 349
506 349
506 348
180 348
180 347
505 347
505 346
179 346
179 345
178 345
178 344
504 344
504 343
503 343
503 342
502 342
502 341
177 341
177 340
176 340
176 339
501 339
501 1
500 1
500 371
175 371
175 397
499 397
499 430
174 430
174 423
173 423
173 377
172 377
172 350
171 350
171 397
498 397
498 482
170 482
170 475
497 475
497 373
169 373
169 492
496 492
496 489
168 489
168 484
495 484
495 468
494 468
494 452
167 452
167 447
493 447
493 446
166 446
166 441
165 441
165 436
164 436
164 426
163 426
163 422
492 422
492 412
162 412
162 396
491 396
491 379
161 379
161 464
160 464
160 463
490 463
490 461
489 461
489 460
488 460
488 458
487 458
487 442
486 442
486 438
485 438
485 427
159 427
159 406
158 406
158 398
157 398
157 394
484 394
484 386
156 386
156 385
155 385
155 384
154 384
154 369
153 369
153 366
152 366
152 364
151 364
151 362
483 362
483 354
482 354
482 343
150 343
150 475
149 475
149 422
148 422
148 394
481 394
481 468
480 468
480 460
479 460
479 362
147 362
147 468
478 468
478 476
477 476
477 472
146 472
146 470
476 470
476 465
145 465
145 459
144 459
144 455
143 455
143 448
475 448
475 440
142 440
142 439
474 439
474 431
473 431
473 428
472 428
472 420
141 420
141 418
471 418
471 417
470 417
470 416
140 416
140 413
139 413
139 411
138 411
138 408
469 408
469 405
468 405
468 402
137 402
137 401
467 401
467 392
466 392
466 390
136 390
136 383
465 383
465 380
464 380
464 374
135 374
135 372
463 372
463 361
134 361
134 355
133 355
133 351
132 351
132 349
131 349
131 347
462 347
462 344
130 344
130 342
129 342
129 339
128 339
128 1
127 1
127 397
126 397
126 447
461 447
461 396
460 396
460 372
125 372
125 458
124 458
124 442
123 442
123 438
122 438
122 394
459 394
459 396
121 396
121 405
458 405
458 417
120 417
120 439
457 439
457 431
456 431
456 418
455 418
455 408
119 408
119 401
118 401
118 392
454 392
454 347
453 347
453 439
117 439
117 431
452 431
452 392
116 392
116 347
115 347
115 451
114 451
114 450
451 450
451 449
450 449
450 445
113 445
113 444
449 444
449 443
112 443
112 437
111 437
111 435
110 435
110 434
109 434
109 433
448 433
448 432
108 432
108 429
107 429
107 425
447 425
447 424
446 424
446 421
106 421
106 419
105 419
105 415
445 415
445 414
104 414
104 410
103 410
103 409
444 409
444 407
443 407
443 404
442 404
442 403
102 403
102 400
101 400
101 399
441 399
441 395
100 395
100 393
440 393
440 391
99 391
99 389
98 389
98 388
97 388
97 387
96 387
96 382
439 382
439 381
438 381
438 378
95 378
95 376
437 376
437 375
94 375
94 370
436 370
436 368
435 368
435 367
434 367
434 365
433 365
433 363
432 363
432 360
431 360
431 359
430 359
430 358
93 358
93 357
429 357
429 356
92 356
92 353
428 353
428 352
427 352
427 348
91 348
91 346
426 346
426 345
425 345
425 341
424 341
424 340
90 340
90 371
423 371
423 359
422 359
422 371
89 371
89 377
88 377
88 350
421 350
421 354
420 354
420 373
419 373
419 345
418 345
418 360
417 360
417 341
416 341
416 399
415 399
415 370
87 370
87 346
414 346
414 412
413 412
413 379
412 379
412 380
411 380
411 352
410 352
410 406
409 406
409 398
86 398
86 386
85 386
85 385
408 385
408 384
84 384
84 369
407 369
407 366
83 366
83 364
406 364
406 343
405 343
405 365
82 365
82 359
81 359
81 362
404 362
404 353
80 353
80 383
79 383
79 394
403 394
403 345
78 345
78 393
402 393
402 354
77 354
77 341
401 341
401 379
76 379
76 380
75 380
75 393
400 393
400 390
74 390
74 374
73 374
73 361
399 361
399 355
398 355
398 351
72 351
72 349
397 349
397 344
71 344
71 342
70 342
70 339
69 339
69 1
396 1
396 349
68 349
68 372
395 372
395 343
67 343
67 362
66 362
66 381
394 381
394 1
393 1
393 360
65 360
65 385
392 385
392 341
391 341
391 382
390 382
390 385
64 385
64 347
63 347
63 364
62 364
62 361
61 361
61 369
389 369
389 376
60 376
60 368
59 368
59 367
388 367
388 363
387 363
387 357
386 357
386 350
58 350
58 373
385 373
385 346
57 346
57 352
384 352
384 381
383 381
383 1
56 1
56 372
55 372
55 341
54 341
54 369
382 369
382 367
381 367
381 363
380 363
380 378
379 378
379 375
378 375
378 358
53 358
53 356
377 356
377 348
52 348
52 340
51 340
51 371
50 371
50 356
376 356
376 370
375 370
375 355
49 355
49 357
48 357
48 352
374 352
374 366
373 366
373 365
372 365
372 359
47 359
47 353
46 353
46 367
371 367
371 345
370 345
370 354
45 354
45 345
44 345
44 363
43 363
43 352
42 352
42 351
368 351
368 344
41 344
41 342
40 342
40 339
39 339
39 349
367 349
367 343
38 343
38 362
37 362
37 360
36 360
36 366
35 366
35 347
366 347
366 364
365 364
365 361
364 361
364 356
34 356
34 351
363 351
363 350
362 350
362 346
361 346
361 1
33 1
33 346
360 346
360 341
359 341
359 358
32 358
32 348
358 348
358 340
31 340
31 349
30 349
30 355
29 355
29 357
357 341
28 341
28 353
27 353
27 354
356 354
356 345
355 345
355 351
26 351
26 352
25 352
25 344
24 344
24 342
23 342
23 339
354 339
354 343
22 343
22 350
353 350
353 346
352 346
352 347
351 347
351 339
350 339
350 1
349 1
349 348
348 340
21 340
21 1
20 1
20 345
19 345
19 341
18 341
18 339
17 339
17 346
16 346
16 344
15 344
15 342
346 342
346 343
345 343
345 340
14 340
14 1
13 1
13 343
344 343
344 341
12 341
12 339
11 339
11 342
10 342
10 340
9 340
9 1
342 1
342 341
8 341
8 339
7 339
7 1
341 1
341 340
340 1
6 1
6 339
5 339
5 1
4 1
4 339
3 339
3 1
2 1
2 339
1 339
