1000 100
1 857
1 153
1 245
1 609
1 114
1 801
1 233
1 46
1 702
1 140
2 46 448
1 702
2 857 140
2 448 56
1 522
1 824
2 56 153
2 153 522
2 245 621
2 801 824
2 56 891
2 621 709
2 801 830
1 244
1 184
1 586
1 685
1 976
1 303
2 891 609
1 251
2 702 783
2 609 114
1 845
1 484
2 609 114
1 509
2 114 140
1 595
2 891 857
2 140 824
1 231
1 871
2 824 839
1 45
2 709 936
1 634
1 256
1 91
1 858
2 184 891
2 891 501
1 750
2 184 988
2 685 736
1 607
2 233 586
1 622
2 153 857
2 609 976
1 52
2 233 920
1 124
1 961
2 153 706
1 467
2 244 830
2 830 980
1 832
2 783 857
2 114 522
2 609 114
2 783 801
1 919
1 682
2 857 983
2 609 740
2 244 413
2 484 251
1 519
1 127
1 758
1 330
1 879
1 615
2 976 114
2 251 484
1 530
2 484 948
2 509 919
2 845 890
1 8
1 860
2 522 636
2 114 839
2 140 859
2 509 114
2 303 836
1 371
2 231 509
