100 200
1 57
1 60
1 37
1 94
1 63
1 56
1 62
1 62
1 82
1 85
1 33
1 44
1 72
1 34
1 99
1 11
1 33
1 16
1 56
1 5
1 89
1 74
1 32
1 99
1 64
1 15
1 41
1 67
1 96
1 50
1 41
1 36
1 56
1 84
1 31
1 84
1 14
1 33
1 42
1 52
1 49
1 59
1 25
1 61
1 83
1 83
1 41
1 56
1 16
1 30
1 85
1 84
1 99
1 88
1 90
1 9
1 11
1 30
1 1
1 34
1 92
1 3
1 95
1 82
1 94
1 67
1 24
1 90
1 5
1 33
1 22
1 71
1 67
1 74
1 59
1 84
1 4
1 82
1 67
1 49
1 11
1 62
1 91
1 98
1 47
1 98
1 23
1 37
1 95
1 72
1 96
1 22
1 96
1 87
1 5
1 40
1 10
1 29
1 64
1 42
1 18
1 1
1 13
1 43
1 62
1 49
1 85
1 62
1 36
1 69
1 64
1 53
1 93
1 32
1 89
1 11
1 91
1 17
1 64
1 27
1 8
1 43
1 46
1 95
1 95
1 70
1 11
1 5
1 56
1 39
1 54
1 18
1 66
1 28
1 15
1 59
1 8
1 45
1 69
1 38
1 15
1 26
1 19
1 3
1 66
1 7
1 30
1 81
1 44
1 12
1 9
1 28
1 84
1 52
1 34
1 40
1 48
1 60
1 24
1 49
1 45
1 16
1 46
1 36
1 50
1 66
1 93
1 83
1 92
1 67
1 11
1 27
1 7
1 94
1 91
1 49
1 3
1 97
1 21
1 100
1 37
1 18
1 72
1 73
1 18
1 73
1 21
1 34
1 46
1 20
1 87
1 43
1 36
1 32
1 58
1 77
1 15
1 41
1 57
1 89
