5000 1000
1 1721
1 3586
1 4082
1 3259
1 4657
2 3586 1721
1 244
2 1721 3259
2 4657 4925
2 3259 3974
2 1721 1858
1 2945
2 3586 4925
2 1858 4466
2 244 450
2 4925 4989
2 3974 4618
1 4485
2 3586 4618
1 1740
2 2945 3502
2 3586 4624
1 2086
1 2822
1 647
2 4989 4996
1 2196
2 2086 450
2 647 1343
2 4082 4223
1 1729
1 1759
1 2728
2 4996 2196
2 2822 3502
2 4618 4485
2 4618 4894
2 1740 4923
1 2210
1 1097
2 2822 450
2 450 983
1 2527
2 4624 4987
2 1343 4665
2 4223 2728
1 1349
1 808
1 2050
1 2972
1 1499
1 3140
1 4460
2 4485 1729
2 2196 4761
1 1898
2 4466 2686
1 4775
2 2822 4154
2 2210 4992
1 1778
2 4894 4485
1 877
2 1097 4223
2 3502 4485
1 4735
1 4131
1 4390
2 4894 4223
1 2387
1 2523
2 4923 4941
2 1759 2999
2 1729 4996
2 4894 3502
1 536
1 1388
2 3502 1729
1 129
2 2086 1729
2 4894 4996
1 817
2 1097 1451
2 2086 3515
2 1729 4996
2 1729 2889
1 1386
1 173
2 2527 4894
2 4996 4987
2 4996 983
2 4485 4996
1 1324
1 4327
2 4223 4413
2 1349 2728
2 1349 2527
2 4987 4992
1 4747
1 974
2 983 2527
1 2246
2 4485 983
2 983 3402
1 4711
1 1854
1 569
2 3502 2050
1 3337
1 2812
1 4377
1 813
1 4564
1 4763
1 4851
2 1349 2239
1 4542
2 4996 5000
2 808 4955
1 1472
2 2527 3157
2 4665 4823
2 4987 4993
2 1499 4460
2 1898 3533
2 3502 3696
2 2686 4196
2 4485 4761
1 3939
2 2050 4775
2 2728 2741
1 3515
1 337
1 1248
1 1078
1 1807
2 4761 4937
1 58
2 4992 983
1 1261
2 4460 4503
1 3295
1 3522
1 3121
1 4531
2 4735 4856
1 3791
2 877 3140
2 4131 5000
1 2883
1 637
1 1366
2 4131 2972
2 4775 4894
2 4894 4485
1 1686
1 4239
1 4828
1 661
2 4131 4441
1 1713
1 1559
2 1499 3242
2 4390 2972
2 4485 3140
2 4485 4390
1 1872
2 4154 4262
1 466
2 2523 4373
2 3140 2050
2 2050 4485
1 23
1 411
1 2660
2 3140 4894
2 2387 4076
2 4390 2999
1 3918
2 4390 4436
2 2050 4909
1 2217
2 1778 2999
1 3508
2 4775 4863
2 3140 4485
2 4894 4941
1 4725
2 2972 3162
2 536 1388
2 129 2307
2 2999 3987
1 2483
1 3172
2 817 1304
2 3515 3140
1 4536
2 1778 2889
2 536 877
2 4485 3140
1 861
2 2889 3140
2 2889 536
1 587
2 3515 4955
1 3235
2 2889 4140
2 3140 1216
2 536 4894
2 1778 3515
2 1451 4256
2 1324 877
1 880
2 173 624
2 1324 1778
2 4327 4645
1 1319
2 4413 1324
2 877 2746
2 4413 4747
2 1324 4485
2 4747 4485
1 3271
1 3970
1 2434
2 4413 4859
1 1208
2 1388 4485
1 1963
1 1182
1 3228
1 289
1 4155
2 4747 4941
1 509
1 3374
2 4894 1324
2 3515 4261
2 1324 3517
2 4894 4485
1 851
2 536 1778
2 4485 4894
1 1394
1 918
2 1778 3592
1 793
1 2650
2 4941 4954
2 2246 3924
1 1397
2 1386 3300
1 1144
1 1477
2 4894 3337
1 4001
1 3582
2 3402 4265
2 1854 4747
1 995
1 3936
2 4747 1854
1 2002
2 569 536
2 4711 4846
1 4145
2 4747 569
1 682
1 1862
1 2991
2 4747 4485
2 4894 974
2 569 4485
1 3646
1 2092
2 4894 536
1 2695
1 4205
1 3851
1 3169
2 536 4747
2 1388 536
1 1023
2 4377 974
1 186
1 4707
1 2086
2 4485 1854
1 4610
2 2812 3220
2 3337 974
2 4485 4894
2 4894 4981
1 1271
1 2850
2 1854 3389
1 1375
1 4613
1 3114
2 4485 4524
2 4747 4516
1 4001
2 2239 4763
2 4763 4802
2 1388 2239
2 2239 2683
1 2085
2 1388 4377
2 536 813
1 1920
1 4771
1 2795
1 1049
1 4529
2 4377 4800
1 3795
2 4851 5000
1 3963
2 4564 4631
1 735
1 3238
1 4399
1 2837
2 5000 3933
2 974 4564
2 4851 4861
1 4088
1 63
2 4823 4987
1 3760
1 1341
2 3157 4755
2 3337 4494
1 3604
2 3696 4043
2 3533 4921
2 4542 569
2 569 2932
1 2427
1 247
2 1388 4542
1 448
1 3731
2 337 2147
2 813 4993
1 4466
2 813 536
1 1908
1 2760
1 3926
1 2939
1 2856
1 4265
1 4559
1 4240
2 1248 1472
2 3939 4993
2 2741 1248
1 2639
1 983
2 1388 4030
1 3919
1 1103
1 3844
2 813 1248
2 1078 2254
1 2820
2 4542 4812
1 4147
2 4196 4502
1 4515
1 4582
1 1458
1 4907
2 4955 4970
1 3025
1 1478
2 536 4432
2 983 26
2 58 1472
2 1248 305
2 1261 2470
1 2307
1 104
2 58 1722
1 4093
2 3295 1508
2 3939 4878
2 3522 3947
2 4503 4994
2 1807 4937
2 1472 2980
1 2768
2 4531 4790
2 2883 2741
1 279
2 2741 3795
2 4856 4988
2 4993 637
2 637 4993
1 330
2 2741 3184
1 4509
2 1366 4701
2 4937 4989
2 813 2577
2 3121 1807
1 2666
2 4993 4994
2 4828 637
2 4239 637
1 4140
2 4828 2883
1 4871
1 2830
1 2736
2 637 1349
1 3493
2 4828 4873
2 4993 4999
1 1509
2 1807 4239
2 2883 4156
1 2660
1 2037
1 2227
1 2480
2 4441 3121
1 1609
1 2389
1 3023
2 3791 3382
2 1872 1559
1 3778
1 335
1 2102
1 100
2 1872 1686
1 2058
2 1807 4631
2 1686 4019
1 1139
2 1559 2728
1 3209
1 2028
2 1713 3520
1 4343
2 1807 4262
1 4686
2 1872 4262
1 1666
1 2022
2 661 4860
2 4262 4343
1 2197
1 1915
2 4441 466
2 3121 3242
1 437
2 466 23
2 23 4219
2 1807 411
1 2279
2 1807 3749
1 2138
2 1872 4086
1 3443
1 1788
1 2467
2 4373 4730
2 466 4076
2 2660 3422
1 3283
1 566
1 3118
1 4635
1 4307
2 4239 411
1 4177
2 4441 3918
1 766
1 1454
1 790
2 4239 3487
1 285
2 4262 4724
2 4436 4441
2 2217 4364
2 4441 4982
2 3508 411
2 466 2617
1 267
2 3162 3753
2 4436 3024
1 3209
2 4909 4725
1 3093
2 2307 4725
1 4458
1 35
1 1322
1 4369
2 3242 4682
2 3987 4825
1 1358
2 2483 4671
1 160
1 2239
1 2924
2 4863 4893
2 411 2920
1 4862
2 2307 4536
1 1586
1 11
1 4258
2 3508 1304
2 4536 358
1 4992
2 3121 2307
2 4909 4725
2 1304 1458
2 3918 4467
1 703
1 1231
1 4049
1 4277
2 2307 3433
2 4725 4835
2 4909 4982
2 587 2099
1 558
1 241
1 4832
1 2246
1 4314
1 4691
2 1216 1304
1 2973
1 4707
2 3172 4076
2 3121 861
2 1216 4752
2 3235 3508
1 13
1 4988
1 553
2 4909 3172
2 3121 1304
1 2852
2 4076 880
1 4698
2 3508 4046
2 3121 3505
2 624 3235
2 3235 3514
1 840
1 2230
2 880 2248
2 4076 4746
1 2973
1 2016
2 4140 4540
2 2746 4909
2 4645 861
2 4909 4957
2 2434 3254
2 3970 4293
1 1031
2 4256 4288
2 3271 2746
1 711
1 2465
1 4369
2 4645 4717
2 1963 2638
1 545
2 2746 3172
2 2746 1182
2 861 3297
1 3356
1 2410
2 1182 1208
2 4859 4986
1 1580
2 1319 289
2 3271 4225
2 1208 509
2 1319 289
1 4084
2 1208 3985
2 624 3839
2 509 4271
1 4422
2 1182 2746
1 330
2 3517 1182
2 3517 3228
2 3517 4165
1 1007
2 3374 4356
1 305
2 4261 1182
1 3816
1 2884
2 289 4155
1 719
1 2159
1 2956
2 851 1394
2 851 2746
1 3634
1 4921
2 2746 4261
2 4261 1394
1 9
2 1394 1319
2 289 4155
2 3172 4261
1 4064
2 1394 4319
2 918 2704
2 3592 4310
2 4261 4873
2 289 3788
1 1818
2 4155 4463
1 3694
2 851 3578
1 386
1 2681
2 4261 2746
1 3617
2 2746 3172
2 793 946
2 1397 1319
1 1879
2 3172 4521
1 1753
2 1182 2340
2 4261 4860
2 2746 3256
1 3977
1 1856
2 1304 61
1 2344
1 3990
2 1477 1607
2 1397 2114
2 2650 4954
1 4474
1 2967
2 3228 3582
2 4001 4575
2 3300 4195
2 3936 4836
2 3228 2650
1 2876
1 3726
1 4704
1 2326
1 3259
2 3582 4626
2 3228 4326
1 1680
1 1326
2 4954 4145
1 1777
2 995 2036
2 2650 4145
2 4261 2650
1 2716
2 2650 3385
1 1130
2 1319 4954
2 4846 4261
1 2874
1 3414
1 4186
2 3924 4954
1 3237
2 1144 2333
2 4954 3924
1 2022
2 2002 4145
2 2002 4145
2 4846 4963
1 1816
1 2783
1 1842
2 1862 3725
1 1354
1 2985
2 4265 4406
1 3036
2 3924 2695
2 4954 4987
2 3924 3646
1 3945
2 3924 4336
1 3962
1 4113
1 1662
1 1193
2 1319 4205
2 1319 2002
1 2261
2 4145 4954
2 3646 4145
2 4261 4540
2 2991 4156
2 682 2991
1 3513
1 661
2 4954 2695
2 2092 974
2 4205 4450
1 364
1 4976
1 4511
1 3928
2 4954 4969
1 4876
2 1319 2660
1 3503
2 4145 682
2 4261 186
1 4589
2 1023 682
1 1233
1 53
1 2036
1 2611
2 682 2991
2 4145 4261
1 885
2 3851 4059
1 113
2 4707 4870
1 2071
1 2519
2 4261 4875
1 4057
2 4145 186
2 1023 2695
1 3549
2 186 1112
1 2644
1 4873
1 1574
1 4031
2 2086 3557
1 1842
2 3220 4058
1 4783
2 1023 3646
1 2576
1 882
2 4981 4988
2 4145 4981
1 2354
1 632
1 4277
2 2002 1023
1 1920
1 4097
2 4610 4145
1 4542
2 2991 3169
2 4981 4984
1 4621
2 2850 1023
1 222
2 4610 3169
1 3337
1 1451
1 1031
2 2695 4381
1 3297
1 2564
1 1504
1 4890
1 1457
1 3889
1 4163
1 1299
1 1608
2 3169 2991
1 1605
2 4610 1023
2 1271 3859
1 4104
1 4627
1 3356
1 558
2 3389 4153
1 2628
1 2368
1 3669
2 682 4145
2 4610 4724
2 3169 3805
1 1707
1 4020
2 1375 682
2 1375 2558
2 682 1965
1 4252
1 2162
1 2374
1 4729
1 4095
2 2002 2459
1 4794
1 564
1 2276
2 1023 3114
2 4613 4516
2 4524 4556
2 4802 2850
2 4516 4746
2 4145 4743
1 4741
2 2991 4613
1 1271
2 2850 1023
1 978
2 4802 4516
1 4307
1 2988
1 1986
1 2364
1 3773
1 1986
1 3053
2 2991 2683
1 3347
1 4285
2 3646 4649
2 3114 1295
1 755
1 1316
2 1023 3265
1 1001
1 3178
2 1920 4802
2 4802 4995
2 1920 2030
2 4610 4529
1 3448
1 19
2 2683 4610
2 4613 4782
2 2085 2850
2 2683 4771
2 4610 4800
1 888
1 439
2 2085 2850
1 2758
2 2991 4449
2 2085 4123
1 3034
1 3486
2 4800 4823
1 3869
1 3074
2 4529 4704
1 3869
2 4610 4920
1 3011
1 2614
1 1635
2 2795 3963
1 4777
1 4906
1 613
1 816
2 4516 4760
1 2158
2 2795 2850
1 3646
2 2683 4559
1 527
1 2294
1 2643
2 4631 4944
2 3795 4197
1 1385
1 1365
2 735 2850
1 2940
1 4288
1 666
1 4769
2 4399 3333
2 4771 735
2 735 2795
2 3933 4771
1 3036
2 2850 4726
2 3963 4485
1 3868
2 1049 1534
2 2683 735
1 1491
1 1054
1 2050
1 3569
1 2836
2 2683 4333
1 2379
1 1551
2 63 2837
2 4861 4891
1 3028
1 4847
2 2837 3174
1 2945
2 4564 2795
2 735 4428
2 4088 4356
1 2478
1 3716
1 4990
2 3238 3689
1 2436
2 2795 3933
1 3195
2 4564 4771
1 1777
2 4987 4529
1 3074
2 4755 4879
2 2795 3263
2 4088 4940
2 3760 4564
2 3933 4987
2 4043 4353
2 4921 4968
2 4771 4907
1 569
1 4040
2 63 4529
1 4707
2 2932 3604
2 63 4494
1 1777
1 781
1 2920
2 4529 63
1 4544
1 1747
1 1775
2 63 3137
1 827
2 3760 4339
2 2932 4564
1 2763
1 1151
1 2209
2 4494 4771
1 426
1 2520
2 2427 1341
2 2427 4228
1 753
2 3604 4456
1 609
1 4630
1 1403
2 2932 3438
2 4771 4494
1 1129
2 3933 247
1 4958
2 448 1341
2 4494 3933
1 370
2 3933 4994
1 4215
2 3933 4846
2 4529 4987
1 4665
1 2387
2 4466 247
2 4771 448
2 1341 4564
1 1659
2 4771 448
2 4466 4590
2 2147 3393
1 3282
1 4552
1 708
2 4771 4813
2 4494 4658
1 376
1 1384
1 4439
