10000 1000
1 8627
1 789
1 7763
1 2146
1 4115
1 2654
1 1124
1 5321
1 498
1 5379
1 2979
1 5081
1 648
1 2046
1 6724
1 6334
1 895
1 8059
1 3970
1 7511
1 1509
1 2638
1 990
1 4880
1 3376
1 627
1 2451
1 7780
1 1472
1 1164
1 2014
1 6688
1 7533
1 7508
1 2286
1 8137
1 1926
1 6365
1 2338
1 6837
1 9737
1 9308
1 6646
1 1658
1 3430
1 1514
1 3090
1 5021
1 1549
1 9994
1 3108
1 7213
1 2556
1 4195
1 8512
1 3539
1 3555
1 2924
1 9498
1 7280
1 7377
1 1547
1 3856
1 8022
1 9145
1 9973
1 3646
1 5943
1 6079
1 9686
1 6654
1 4826
1 8797
1 299
1 3908
1 1042
1 2049
1 1025
1 8776
1 2558
1 8774
1 2505
1 8440
1 2403
1 6432
1 8511
1 4789
1 7952
1 8112
1 1575
1 7379
1 625
1 3352
1 6350
1 9599
1 568
1 5900
1 9824
1 5013
1 5775
1 5740
1 5944
1 7410
1 7607
1 5615
1 5200
1 2293
1 4649
1 6574
1 4886
1 3189
1 988
1 4611
1 2586
1 2728
1 7910
1 9731
1 5891
1 3038
1 1071
1 2945
1 9023
1 783
1 343
1 1347
1 1567
1 3105
1 2313
1 9940
1 1107
1 9542
1 6506
1 2426
1 1494
1 2050
1 8415
1 8523
1 7941
1 5602
1 3280
1 7070
1 9699
1 9522
1 2750
1 33
1 4605
1 9359
1 4181
1 2062
1 4085
1 8121
1 6704
1 4372
1 8651
1 3366
1 3333
1 9806
1 950
1 4572
1 3737
1 7440
1 9884
1 7818
1 5252
1 8706
1 7380
1 254
1 8420
1 8024
1 6731
1 3730
1 62
1 1581
1 6530
1 1331
1 3393
1 1487
1 8232
1 282
1 751
1 4977
1 6872
1 940
1 532
1 8988
1 7279
1 6460
1 2601
1 5313
1 599
1 7399
1 865
1 3476
1 6329
1 6366
1 2497
1 2138
1 7164
1 9746
1 2628
1 7302
1 1434
1 7345
1 8238
1 646
1 315
1 5219
1 1822
1 2637
1 8561
1 3874
1 3854
1 6969
1 3575
1 447
1 3659
1 8723
1 874
1 3150
1 1499
1 4279
1 5202
1 7665
1 534
1 8769
1 9678
1 8095
1 4479
1 1425
1 7227
1 5227
1 161
1 1296
1 9589
1 4302
1 8697
1 3227
1 5201
1 6882
1 1923
1 6000
1 5502
1 5654
1 3701
1 1959
1 9729
1 322
1 9493
1 7407
1 4225
1 5726
1 6083
1 7675
1 4816
1 6501
1 5754
1 1240
1 2514
1 1321
1 6186
1 7051
1 5065
1 1707
1 4604
1 1268
1 2448
1 5571
1 457
1 2705
1 4805
1 3151
1 4081
1 5987
1 6038
1 9429
1 2137
1 2478
1 8582
1 731
1 9418
1 9449
1 1412
1 3643
1 7022
1 2223
1 8728
1 4614
1 1799
1 571
1 1339
1 7208
1 4074
1 8125
1 5267
1 7117
1 4418
1 7938
1 2555
1 9171
1 3796
1 8096
1 3391
1 8424
1 5095
1 2516
1 2732
1 8316
1 3686
1 267
1 8652
1 8826
1 1207
1 1002
1 3372
1 2668
1 5982
1 2955
1 6435
1 4286
1 9766
1 1411
1 1676
1 4247
1 716
1 2564
1 7409
1 939
1 8172
1 1053
1 8796
1 8849
1 7006
1 702
1 8887
1 6108
1 8397
1 1396
1 2879
1 5452
1 2239
1 8078
1 86
1 3628
1 121
1 5810
1 9480
1 1046
1 2335
1 8935
1 9105
1 8402
1 9226
1 1839
1 4926
1 2701
1 4765
1 5265
1 7840
1 6887
1 1754
1 1114
1 4466
1 3381
1 9090
1 5369
1 4545
1 5248
1 7816
1 3224
1 6545
1 7669
1 6463
1 1883
1 154
1 7832
1 6929
1 1949
1 6659
1 8779
1 2343
1 2831
1 2224
1 5555
1 2470
1 6395
1 6515
1 8543
1 5874
1 5275
1 3909
1 4410
1 6510
1 8188
1 9355
1 9038
1 5254
1 3960
1 2442
1 4137
1 7389
1 8724
1 6583
1 4170
1 130
1 2073
1 5750
1 813
1 1595
1 2947
1 8798
1 6251
1 490
1 3610
1 959
1 46
1 3453
1 6228
1 8332
1 9709
1 808
1 4660
1 9347
1 5094
1 1899
1 7309
1 8110
1 2859
1 8550
1 6060
1 6477
1 5848
1 5811
1 7806
1 1571
1 2852
1 7655
1 7672
1 9311
1 8658
1 6086
1 4893
1 6201
1 1699
1 7217
1 9767
1 4314
1 9427
1 5287
1 5342
1 3000
1 4959
1 3107
1 5821
1 8795
1 2154
1 2447
1 3898
1 7073
1 5749
1 7334
1 920
1 7638
1 5897
1 5167
1 9282
1 3809
1 9920
1 9628
1 3026
1 963
1 1859
1 602
1 9484
1 95
1 6562
1 4581
1 1824
1 6207
1 2501
1 1219
1 4781
1 7920
1 1599
1 2731
1 6401
1 2626
1 6147
1 4525
1 6696
1 6489
1 4475
1 3890
1 5344
1 9349
1 4463
1 102
1 1145
1 8258
1 2296
1 1235
1 5743
1 2462
1 8144
1 9396
1 6288
1 3325
1 8254
1 8301
1 8281
1 1303
1 5733
1 7028
1 2832
1 5692
1 1344
1 2846
1 5266
1 4428
1 6949
1 1322
1 9412
1 1910
1 9276
1 285
1 2030
1 7504
1 3312
1 4450
1 1750
1 2065
1 7593
1 5431
1 7701
1 4240
1 1430
1 61
1 1996
1 8570
1 8352
1 4052
1 3349
1 4937
1 6810
1 2887
1 7180
1 9891
1 4332
1 9899
1 450
1 7369
1 7817
1 424
1 8368
1 2494
1 9341
1 6854
1 8170
1 1579
1 7298
1 9306
1 5809
1 4546
1 5631
1 5495
1 4729
1 4041
1 6904
1 9299
1 957
1 3524
1 2952
1 6619
1 3614
1 5211
1 4118
1 6591
1 5667
1 1186
1 2029
1 8518
1 5203
1 252
1 4492
1 9325
1 3921
1 6589
1 1875
1 4903
1 5184
1 4458
1 59
1 5014
1 5058
1 8932
1 7402
1 2686
1 6223
1 2853
1 294
1 5391
1 4741
1 6452
1 2866
1 2134
1 9335
1 4929
1 9077
1 1054
1 375
1 999
1 5561
1 8951
1 7576
1 6016
1 9667
1 4289
1 3065
1 2614
1 8320
1 5994
1 5866
1 2729
1 1622
1 5305
1 2272
1 2838
1 5547
1 8184
1 5578
1 6337
1 4514
1 5309
1 5974
1 1456
1 9382
1 8498
1 7919
1 6610
1 6137
1 4679
1 5053
1 1939
1 6029
1 5715
1 9603
1 6190
1 3145
1 980
1 4427
1 5850
1 6313
1 9909
1 1475
1 5421
1 6602
1 9395
1 5556
1 2370
1 7155
1 4587
1 5512
1 6472
1 2026
1 8607
1 8276
1 961
1 5716
1 1563
1 1737
1 2506
1 5941
1 3980
1 9726
1 5587
1 1232
1 5952
1 3359
1 9403
1 5757
1 4638
1 9214
1 3681
1 468
1 3612
1 7542
1 7390
1 5453
1 3247
1 4873
1 6544
1 1998
1 6701
1 5079
1 7113
1 8629
1 162
1 6764
1 4434
1 6849
1 9036
2 498 5321
2 2979 9175
2 7763 7871
2 648 5379
2 4115 6027
2 5379 9615
1 8845
1 103
2 5081 7962
2 648 5321
2 6724 8627
1 5374
2 6334 8944
1 4427
2 2046 2335
1 770
2 648 5779
1 8482
1 4279
2 6724 7946
2 3970 2046
2 789 895
1 5659
2 8059 9414
1 8553
2 498 8627
2 7511 3970
2 2046 7740
2 498 2249
2 1509 2989
2 3970 8384
1 7430
2 789 8062
2 8627 9504
1 6993
2 2638 9476
2 627 5321
1 2856
1 7280
1 604
1 292
1 7628
2 627 4880
1 7237
2 895 2451
1 173
1 1687
1 8156
2 4880 990
2 3376 5321
1 3609
1 7313
2 1124 8603
1 6646
1 2011
2 990 8891
1 3900
2 5321 3376
2 895 7945
2 2451 6332
2 4880 2014
1 2113
2 2014 3376
1 8401
2 1472 3376
1 5054
1 5711
1 3120
2 4880 8579
2 5321 3376
2 2014 2654
1 641
1 3116
2 627 7466
1 5327
2 1472 3060
2 6688 8176
1 7361
1 747
2 5321 7508
1 9283
1 8496
2 7780 7511
2 7511 2654
1 1076
2 2286 9163
2 1164 7533
2 2654 5321
1 2684
1 796
2 2014 4694
2 7508 8842
2 7511 8033
1 4370
1 6561
1 4705
1 1646
2 2338 4727
2 1164 9938
2 7533 8304
2 9737 9912
2 5321 1926
1 2870
2 5321 1926
1 3252
1 7525
2 6646 7391
1 2288
2 3376 1658
1 8652
1 622
1 3476
2 1658 5263
2 6365 7780
1 6632
1 1912
2 7780 9595
1 919
1 3959
2 1926 4244
1 3887
2 2654 8330
2 2146 6365
1 5770
2 6365 7654
1 2483
1 8699
1 9526
2 8137 9557
1 66
2 9308 9933
1 2046
1 4297
2 3090 7786
2 9994 9161
2 7213 8384
1 2357
2 1514 3108
2 1549 5321
2 1549 2443
1 7988
2 4195 6729
1 6495
2 3376 5321
1 3532
1 1451
2 2146 1514
2 3376 3926
2 2556 3862
1 6561
2 7213 8512
2 7213 8420
2 8512 9002
2 3108 1514
2 1514 4618
2 5021 2146
1 3008
2 9498 9626
1 3321
1 5033
2 2924 7095
2 3108 7377
1 2053
1 7646
2 3108 4449
1 5460
1 4007
1 7060
2 5321 7280
1 3714
1 1865
2 5321 3430
2 3539 5321
1 3404
1 308
2 3555 8201
1 5497
2 5321 7213
2 1547 5021
1 5356
2 3430 5772
2 3856 7213
1 1423
2 1547 7658
2 3539 6447
2 7280 7719
1 1294
1 3878
2 6837 8022
2 9145 7377
1 189
1 3882
1 7518
2 5021 7377
1 985
2 7213 7969
2 3856 6837
1 7110
2 5021 6837
1 176
1 7777
1 1440
1 148
2 5021 8632
1 7526
1 3582
1 8514
2 9145 8022
1 995
1 8735
1 4668
2 7377 6079
1 74
2 6079 3646
2 2146 6079
2 3856 5241
1 4679
1 2501
2 9145 5729
1 7112
1 1395
2 5943 6654
2 8022 5943
2 6837 9953
1 8891
2 7377 8839
1 8283
2 6079 8765
1 5488
2 5943 8039
1 8553
2 3646 6570
2 8022 8561
1 9122
2 3908 9686
2 299 3104
1 9517
1 2162
2 2146 3908
2 9686 8704
2 1025 2146
1 2755
2 2146 3908
1 1978
1 61
1 6682
2 1042 1025
1 9093
2 1042 1025
1 2073
1 2682
2 1042 4826
2 6654 8022
1 5998
1 1699
1 9202
2 2049 3544
2 8797 9973
2 3908 6836
1 5726
1 5690
1 6388
1 8501
1 7849
2 8022 5321
2 9973 5321
2 4826 6511
2 1025 3518
2 2505 6654
2 2146 9973
2 2505 6654
2 9973 7863
2 6654 8022
2 5321 8774
2 8440 9645
1 3554
1 5129
1 1260
2 2403 8774
1 7150
1 9104
2 1042 2806
2 2403 3319
2 8022 1488
1 5887
1 3713
1 2132
2 6654 9592
2 8774 8803
2 2558 8776
2 2146 9619
2 8797 8511
2 8511 4789
1 2061
2 7952 9082
1 9797
1 7659
1 8356
2 5321 8773
2 8112 9615
