10 5000
1
1 3
1
84 8
1
25 2
1
36 4
1
23 2
1
28 8
1
56 8
1
25 4
1
92 10
4991
73 9
42 7
46 9
22 9
13 10
27 8
75 9
39 6
35 5
7 6
51 8
14 3
73 7
39 6
11 8
12 2
40 5
10 1
26 6
82 10
8 3
12 1
18 6
52 5
18 2
19 8
83 8
24 3
43 8
41 10
9 1
20 9
5 3
8 1
58 8
16 2
13 2
64 10
5 2
59 9
35 6
26 7
37 9
53 8
20 5
63 9
19 2
23 2
57 8
9 7
11 1
50 7
27 4
30 9
10 3
26 3
30 6
8 2
13 4
41 9
50 7
38 6
52 5
38 4
52 6
6 2
55 9
9 2
12 1
17 2
23 2
23 5
30 9
18 2
45 10
11 2
8 1
4 3
4 1
73 7
11 2
24 2
49 7
17 4
60 10
55 9
26 8
52 8
14 3
16 8
24 2
4 2
55 10
17 3
29 3
10 1
20 10
58 9
57 8
6 2
21 2
17 4
14 3
50 9
25 7
27 8
31 9
10 9
22 3
33 4
19 4
7 1
49 5
29 4
20 8
86 9
16 7
55 10
11 7
8 2
3 3
25 5
45 6
67 9
68 8
13 1
4 1
13 9
50 10
64 7
35 5
28 8
38 9
16 4
12 6
70 7
50 5
6 2
14 3
5 3
11 6
68 9
64 9
38 7
18 2
55 10
74 10
16 2
23 7
13 2
14 2
13 10
27 5
9 1
19 2
75 10
31 10
51 8
9 3
95 9
28 9
32 4
76 8
31 9
54 9
68 8
9 1
17 3
9 6
34 5
23 9
32 3
35 7
75 8
19 3
3 2
27 5
14 3
10 1
62 6
2 2
64 7
92 10
38 7
29 6
95 10
19 2
26 7
16 4
11 9
77 8
16 2
45 8
20 2
29 9
81 9
10 1
50 9
7 1
73 10
36 8
55 5
31 5
28 6
17 6
7 1
15 5
29 4
27 3
64 8
85 8
16 2
23 10
5 4
24 7
9 5
13 5
38 7
73 10
34 8
15 7
67 8
12 6
30 9
52 6
3 2
39 7
56 9
10 1
7 3
84 8
27 4
43 10
31 6
52 7
54 6
72 8
41 4
6 1
85 9
8 2
40 9
4 2
90 9
85 9
52 8
11 1
74 10
32 4
84 9
5 1
62 6
6 1
18 7
9 1
15 3
49 9
7 2
47 7
8 4
74 8
80 8
19 8
42 8
48 8
29 8
59 9
14 4
7 5
20 4
19 4
43 5
29 4
16 2
82 8
10 2
34 3
55 6
8 1
12 5
38 5
69 8
93 9
13 5
7 2
7 3
13 4
38 6
45 9
7 1
85 9
40 9
39 7
20 4
18 2
15 1
77 9
12 1
65 10
14 7
64 9
11 3
30 3
5 2
10 6
4 3
34 10
14 2
83 8
37 6
12 6
43 6
6 1
32 8
25 2
93 9
35 3
8 1
8 1
9 4
16 7
11 1
55 10
33 5
84 10
21 2
37 7
9 4
6 2
10 8
6 4
28 3
19 2
75 10
18 5
4 2
9 8
37 9
3 3
7 1
36 9
51 8
64 10
65 8
20 8
93 9
43 10
12 9
25 5
33 3
38 4
57 9
16 2
58 6
101 10
18 7
22 5
20 3
26 3
19 2
86 9
24 4
70 7
28 3
17 3
14 2
11 6
43 8
83 9
6 1
6 1
30 5
35 3
33 5
84 9
7 5
39 9
39 7
12 1
32 6
7 1
82 10
13 10
19 2
7 1
27 8
50 8
13 2
20 8
40 5
70 7
29 9
51 7
11 1
95 9
61 10
77 8
11 3
5 1
24 5
15 3
43 4
5 1
40 8
66 9
50 8
20 2
28 3
25 5
55 5
12 1
43 10
13 8
20 6
54 10
22 3
14 3
7 1
58 8
28 4
12 2
66 7
90 10
43 5
8 2
10 5
17 2
6 1
34 5
2 1
6 2
12 2
10 1
16 2
54 7
18 3
20 2
6 2
17 4
59 7
72 9
33 3
29 8
30 3
10 3
11 1
67 8
42 8
8 6
65 10
30 3
83 10
15 2
33 4
19 3
12 1
82 9
50 6
34 3
25 2
21 10
24 2
20 6
64 7
75 9
59 6
12 1
44 7
45 4
20 2
7 3
35 10
8 3
25 8
8 1
2 2
9 2
22 6
22 3
3 1
42 4
49 7
7 2
61 6
17 8
55 5
20 8
37 4
9 2
17 3
9 1
45 7
69 8
75 8
42 10
16 4
15 7
10 1
14 6
54 10
77 9
47 7
52 5
74 10
34 6
1 1
8 1
12 8
21 3
24 8
23 3
12 9
25 7
20 6
50 10
54 7
7 2
8 2
9 1
45 4
58 6
13 2
10 3
32 3
34 4
9 5
23 2
18 2
13 9
20 3
28 6
56 7
16 2
23 4
33 4
15 5
8 3
21 5
30 3
55 5
33 5
26 4
6 2
6 5
21 2
32 4
84 9
68 7
14 7
9 2
9 2
31 3
92 9
17 2
23 6
21 7
53 6
27 3
74 7
38 5
29 4
11 7
14 6
41 4
73 7
68 9
14 5
57 9
63 6
17 5
17 2
20 4
80 8
6 3
103 10
8 1
21 10
44 8
48 5
82 10
12 2
10 1
10 9
12 3
50 5
8 1
15 5
73 10
84 8
105 10
33 5
12 2
82 9
3 1
72 7
42 8
21 4
8 2
90 9
50 5
5 2
22 4
58 8
75 9
14 7
40 5
16 2
26 7
2 2
48 9
59 6
38 6
6 1
31 3
102 10
23 2
9 2
43 10
24 5
33 4
7 1
49 8
29 3
49 8
3 1
59 6
29 3
72 7
23 4
25 8
7 1
9 1
50 5
6 2
6 3
12 5
23 2
48 8
9 1
44 4
18 8
14 7
91 10
14 1
20 3
9 3
37 5
29 3
32 10
75 10
18 5
12 4
37 6
42 5
73 10
59 7
12 4
34 5
53 8
19 9
18 3
21 6
40 7
15 1
23 5
16 7
23 6
20 4
42 7
33 4
42 5
9 1
26 6
26 5
54 10
12 1
55 9
7 1
8 1
75 7
10 4
32 8
31 10
22 7
49 9
11 1
35 8
51 5
16 8
35 7
7 1
13 5
8 7
10 1
95 10
15 2
10 9
10 2
32 3
37 9
16 6
17 3
34 8
92 9
8 1
58 8
23 6
7 3
65 6
4 3
11 3
64 6
22 7
43 8
67 8
54 9
43 5
14 2
53 5
50 7
14 6
7 1
10 1
38 6
30 9
15 1
45 10
7 2
2 2
72 7
101 10
92 9
32 3
19 3
19 5
72 9
23 2
2 1
20 10
8 1
58 9
19 3
18 6
7 4
3 1
15 7
43 8
21 9
36 4
4 3
36 4
52 5
34 10
72 9
24 6
26 4
20 4
12 1
24 8
58 8
8 2
22 6
35 6
64 10
92 10
80 8
21 2
29 4
17 2
10 3
16 3
94 9
42 10
4 1
25 5
32 9
27 5
59 9
33 5
21 5
33 8
41 8
19 2
18 7
10 1
13 5
54 7
18 8
19 2
14 9
11 7
29 3
24 7
24 5
75 10
7 2
60 8
52 10
34 4
77 8
19 2
51 8
8 1
44 5
82 9
14 10
15 3
64 8
12 3
17 4
7 4
33 10
4 2
50 5
43 4
40 4
10 4
40 10
73 8
14 1
25 10
76 8
28 3
13 3
59 7
18 2
29 5
65 6
34 10
22 2
45 5
14 2
12 1
40 8
20 2
28 3
4 1
49 6
22 10
61 10
44 4
15 2
18 2
74 9
28 5
81 8
7 1
20 10
21 2
32 7
95 9
85 9
6 3
25 2
86 9
83 8
83 10
10 2
15 6
20 4
17 2
25 10
28 9
2 1
84 9
3 1
26 6
13 1
63 7
84 10
23 6
14 3
76 9
18 9
9 2
6 3
18 7
30 5
26 7
40 8
50 8
67 8
12 5
62 6
22 2
42 5
5 2
9 1
11 1
45 5
45 9
31 9
34 8
33 6
29 5
40 4
61 8
18 9
22 4
18 3
46 7
8 1
74 8
15 3
11 1
33 4
28 6
61 7
24 2
5 1
64 9
22 3
23 5
41 8
6 1
26 3
9 1
11 2
60 7
8 1
2 2
8 6
8 5
56 9
49 5
12 8
37 5
18 2
30 5
52 7
45 10
44 5
5 4
93 10
15 10
67 7
42 4
5 1
39 5
62 10
18 7
61 10
7 5
22 10
35 5
25 6
44 10
18 4
5 1
61 10
60 6
18 2
45 5
10 1
53 6
31 10
37 9
52 10
23 7
17 2
35 3
8 1
3 3
8 6
41 4
28 9
63 6
33 4
22 6
65 10
15 7
6 4
7 2
10 5
13 3
10 7
29 4
31 3
90 10
12 10
40 8
37 4
16 4
7 5
31 3
5 1
13 3
33 5
77 9
27 3
12 9
11 1
65 9
54 10
50 9
10 1
37 4
64 9
6 6
13 2
60 6
23 2
15 5
41 6
36 7
33 5
31 7
41 4
11 1
90 10
25 5
5 3
12 4
20 10
28 3
18 2
15 4
53 6
37 7
41 4
40 6
12 1
40 4
10 6
57 8
12 10
25 5
14 3
12 1
7 7
36 9
11 7
15 1
18 3
30 6
57 7
74 8
5 1
9 9
8 3
25 5
4 2
48 6
8 8
27 4
4 2
46 6
26 7
31 6
2 1
9 1
18 6
31 5
50 9
65 6
30 10
95 9
21 3
19 6
43 6
41 8
85 10
5 1
68 8
36 7
33 10
40 9
86 9
6 3
6 2
49 5
33 10
6 4
77 8
83 8
8 1
22 2
65 8
50 7
16 2
23 3
26 4
16 5
86 9
15 6
45 10
35 3
64 6
57 8
29 5
39 5
11 1
81 8
38 9
26 3
10 1
13 9
47 7
29 7
31 6
37 9
15 5
45 6
25 7
15 3
50 5
4 1
27 8
8 6
10 1
18 2
14 1
18 9
101 10
36 7
9 9
43 6
53 7
50 10
90 10
25 6
41 9
26 3
51 8
25 3
8 2
37 6
18 3
28 6
65 8
18 5
18 8
11 3
41 9
21 8
25 5
15 10
44 8
42 6
52 8
26 6
51 7
58 6
32 6
8 1
9 1
6 3
12 3
23 5
17 3
30 3
32 4
15 3
7 1
41 8
71 10
56 8
81 9
50 10
83 9
49 7
22 4
39 7
31 5
18 2
21 3
58 7
34 4
35 10
52 5
28 8
37 8
13 3
27 9
59 9
10 7
12 3
19 2
11 1
61 6
15 2
95 9
47 7
11 8
53 5
8 4
32 4
39 9
15 5
69 8
73 7
49 7
8 3
28 4
55 6
50 10
30 10
60 6
4 2
8 5
72 8
27 8
9 2
37 8
47 6
25 5
15 5
29 6
86 9
26 7
8 8
45 5
25 5
32 4
19 3
31 3
15 5
10 5
17 7
8 1
50 6
94 9
14 5
35 4
57 6
12 3
31 10
49 6
31 5
4 1
31 6
11 2
56 6
9 4
9 2
52 5
53 8
32 9
24 4
37 8
30 9
23 4
51 7
30 7
20 3
6 1
63 7
6 2
14 10
17 4
16 2
15 7
26 6
13 1
64 8
11 8
26 8
5 1
48 8
24 3
17 2
64 8
72 8
20 6
54 5
49 9
60 10
44 10
37 9
11 7
8 2
32 8
22 4
4 2
53 7
8 7
90 10
11 1
8 2
42 10
46 6
72 8
25 7
59 6
8 1
30 3
8 8
9 4
22 2
31 4
11 1
51 10
50 5
21 5
82 8
71 7
70 10
27 5
10 1
6 1
32 9
45 7
92 10
11 2
9 4
71 10
92 9
32 8
38 7
25 7
25 4
63 10
17 4
53 6
68 7
60 7
38 4
55 9
47 6
44 5
42 4
53 6
60 6
23 10
41 8
5 1
16 2
2 2
65 7
7 1
30 10
64 8
3 3
5 5
81 8
55 5
7 3
47 6
10 4
20 9
23 4
16 2
10 1
35 3
11 7
18 2
9 8
9 2
20 3
65 9
32 3
17 3
12 9
85 8
61 10
64 8
12 1
8 5
14 3
52 8
15 2
29 3
2 1
30 10
48 5
35 10
40 4
60 6
42 6
34 6
23 6
45 10
43 6
35 3
61 8
64 7
33 4
26 5
10 6
60 8
7 2
58 6
22 2
76 9
24 8
7 4
41 5
15 2
101 10
55 9
13 10
10 1
20 9
85 8
54 7
48 8
55 6
64 9
20 2
67 8
56 8
31 3
12 4
83 9
3 1
66 9
80 10
24 4
47 5
9 2
37 9
65 9
24 2
35 7
6 3
10 1
20 8
16 4
21 4
16 4
35 6
6 2
46 7
40 6
10 1
40 8
5 2
9 8
5 2
18 3
21 9
44 8
26 4
9 6
7 4
57 8
44 10
9 2
73 8
72 7
24 3
8 8
29 7
105 10
69 8
45 10
60 6
12 9
10 1
20 8
16 3
6 2
27 5
21 9
9 1
62 10
11 4
44 10
25 5
43 10
60 10
85 10
8 1
56 7
12 4
23 4
32 5
28 6
24 5
44 4
26 3
45 6
18 3
22 3
90 10
42 7
30 5
24 2
28 4
16 3
36 4
28 5
6 1
9 2
36 5
14 3
14 7
11 2
26 8
13 3
81 10
27 9
72 9
13 4
49 9
103 10
11 2
29 3
45 10
72 10
39 6
58 7
3 1
12 2
49 7
93 9
3 1
64 9
20 4
91 9
77 8
31 4
24 3
11 8
19 3
38 4
9 4
6 2
17 3
91 9
44 6
3 3
16 6
47 5
14 9
21 4
25 2
74 10
86 9
18 3
68 7
41 9
25 2
54 10
18 5
25 6
36 4
73 7
5 1
45 4
40 5
18 7
12 1
14 1
25 3
20 4
24 4
75 8
11 1
32 8
94 10
14 9
61 7
61 10
70 7
50 7
23 3
7 6
81 10
23 6
3 3
75 7
16 5
21 2
10 4
5 3
44 4
41 6
90 10
43 10
77 9
28 3
12 9
46 9
8 2
68 7
41 4
20 2
66 7
15 2
17 7
11 4
71 7
16 4
10 1
26 8
59 7
51 5
7 1
9 1
7 1
15 2
50 5
29 4
2 2
84 8
2 1
9 2
51 5
25 5
4 1
44 8
100 10
34 10
6 5
20 3
81 10
33 3
2 1
35 5
66 8
10 7
10 1
74 7
64 8
19 3
17 3
55 6
10 2
52 8
10 1
8 3
35 4
66 9
44 7
14 1
14 6
15 2
82 10
12 4
37 7
58 6
8 3
32 4
73 8
20 9
56 7
36 4
26 6
34 8
5 1
9 1
4 2
16 4
68 8
33 6
41 5
6 2
73 9
28 3
32 8
25 2
22 3
37 8
23 4
8 1
59 8
5 2
60 10
13 6
7 1
18 4
24 2
60 10
18 8
17 4
72 7
19 5
49 8
42 7
8 4
84 9
53 10
19 7
25 6
68 7
11 3
83 9
3 3
5 2
63 6
82 10
49 7
72 9
60 8
10 1
41 4
14 7
35 6
49 7
5 5
36 6
72 10
43 5
14 9
14 1
8 1
41 4
74 8
15 2
54 9
41 8
33 7
60 7
30 9
8 1
93 9
7 6
10 2
43 4
33 6
13 2
8 1
17 5
13 3
5 1
65 8
82 9
30 9
81 8
14 1
24 3
33 3
10 6
12 1
102 10
47 5
7 1
40 6
13 8
7 7
10 5
22 5
11 3
49 8
42 10
56 7
9 5
30 6
11 4
53 7
7 2
20 9
84 8
19 7
32 6
17 4
25 5
56 7
12 7
90 9
15 5
12 1
5 1
19 8
48 6
19 3
58 8
7 3
68 9
102 10
50 5
11 1
61 7
21 3
25 2
82 9
22 4
28 9
35 4
28 3
11 1
71 7
35 6
5 1
43 8
10 5
73 7
2 1
15 3
62 10
50 10
7 2
38 4
45 10
9 8
45 6
6 1
21 10
67 9
2 1
26 6
13 2
10 1
73 10
11 1
30 5
51 10
15 3
73 7
15 6
29 9
32 3
9 1
32 9
40 4
46 9
19 3
52 8
30 3
33 5
31 9
45 5
24 3
92 10
30 10
36 7
19 2
25 3
63 7
13 10
47 5
17 2
35 7
63 7
17 3
27 8
6 3
40 6
51 10
59 9
11 1
34 5
16 4
22 4
9 1
8 5
50 5
86 9
65 10
55 6
67 7
40 5
59 8
25 2
21 10
32 6
30 3
45 4
13 3
33 6
11 3
6 3
41 10
40 8
6 2
68 9
64 6
67 8
3 1
23 4
53 8
22 3
12 4
74 9
17 7
81 9
72 8
9 1
63 10
46 7
44 7
36 7
18 3
49 6
17 2
12 10
18 3
7 1
22 7
31 10
12 2
10 4
25 10
75 8
6 2
31 6
60 6
11 1
74 9
94 10
40 6
102 10
32 9
9 2
61 7
12 1
6 1
59 8
17 2
8 1
73 8
67 8
3 3
21 4
3 2
34 5
53 6
75 9
53 6
17 2
23 6
33 3
10 3
56 8
85 10
77 8
52 10
71 7
25 10
9 1
20 2
21 6
86 9
92 9
24 2
65 7
29 4
39 7
9 1
25 3
19 2
91 9
27 8
23 6
9 1
13 3
105 10
55 9
7 3
91 10
53 6
84 9
27 6
2 1
37 7
11 1
6 1
31 10
9 4
15 3
30 5
7 5
25 8
6 1
68 7
6 2
75 7
13 3
66 7
73 10
30 5
10 6
41 4
54 6
72 8
23 6
55 10
46 5
10 2
14 2
25 8
12 1
27 5
100 10
29 8
37 9
39 9
4 3
12 3
29 8
81 9
83 9
12 9
23 9
46 7
19 2
63 7
17 2
26 7
64 10
19 6
95 9
16 3
73 9
32 8
25 8
12 1
18 4
15 2
40 5
30 6
47 5
35 6
13 2
36 7
14 2
31 3
57 6
51 10
8 8
15 1
5 2
28 6
27 3
29 3
25 4
20 3
61 10
17 7
32 8
103 10
15 2
61 6
71 10
16 2
104 10
5 1
84 9
6 1
9 1
49 7
52 8
20 2
11 1
16 3
12 1
19 3
20 3
50 7
85 9
28 3
11 4
23 6
7 3
52 6
38 7
44 6
51 10
8 5
21 7
58 8
28 6
5 2
23 6
6 1
9 3
22 2
50 6
45 8
21 4
35 3
26 6
10 4
61 8
36 8
7 4
13 1
63 7
73 8
14 5
15 3
27 6
16 6
7 4
58 6
28 7
17 2
25 6
23 6
21 10
23 3
53 6
6 1
22 2
50 8
5 1
29 3
52 6
51 6
30 4
11 7
48 5
90 9
10 9
36 4
73 10
74 10
63 6
22 9
34 3
48 5
12 4
59 9
12 1
54 10
24 2
4 2
10 1
40 8
23 7
4 1
41 9
31 7
75 9
13 4
12 9
23 10
68 9
36 4
39 9
10 5
50 6
40 9
22 10
24 10
85 8
9 1
51 5
15 7
42 7
55 5
24 10
55 5
18 2
74 10
22 9
74 10
43 7
82 10
25 3
26 8
3 1
85 8
41 9
13 8
84 8
10 2
72 7
12 2
40 5
9 7
30 5
37 5
29 9
34 8
45 6
70 10
3 1
20 2
74 9
43 10
11 1
84 8
65 10
63 9
24 5
16 3
44 7
12 4
9 9
11 4
50 7
42 6
77 8
6 3
44 10
25 8
11 2
13 10
55 6
30 6
37 5
24 7
56 7
33 5
22 9
12 7
15 10
9 1
10 6
33 4
41 6
14 2
40 4
14 2
6 2
58 9
12 2
13 2
46 5
7 7
40 4
82 10
24 6
82 8
31 3
22 4
44 7
67 7
104 10
24 3
5 2
49 5
7 1
61 10
61 10
29 9
7 5
10 1
66 9
6 2
25 5
27 3
20 4
63 9
30 10
19 8
4 1
8 2
64 6
18 7
12 2
45 6
28 6
56 6
20 2
41 6
12 1
38 5
54 6
33 4
53 8
6 2
2 1
35 8
28 9
26 3
1 1
23 5
49 6
91 9
46 6
21 8
93 10
72 9
15 5
69 8
35 10
66 9
23 4
28 4
9 8
81 8
33 3
32 8
65 9
15 5
86 9
11 2
25 4
17 3
8 2
14 6
52 8
9 7
41 5
9 2
9 3
9 2
8 1
27 8
8 2
82 8
6 3
5 5
6 6
10 10
17 3
27 6
19 2
20 4
7 2
40 10
31 3
9 4
32 3
32 6
94 9
74 9
4 1
42 6
19 4
5 5
45 9
16 3
25 8
10 1
25 6
46 7
11 7
84 8
23 3
9 1
48 9
20 4
27 3
14 9
7 1
56 7
23 3
24 3
28 6
29 9
10 8
42 8
16 5
75 8
21 8
93 10
15 2
4 1
39 7
57 7
6 4
82 10
72 7
10 1
74 10
6 4
93 9
12 10
10 3
85 8
67 9
57 8
46 7
49 7
52 10
91 10
83 9
53 8
10 1
20 4
41 4
38 6
14 2
36 6
10 8
46 6
10 1
21 7
45 5
11 2
58 7
5 1
9 1
25 5
15 4
28 5
22 3
33 3
72 10
6 1
11 3
2 2
19 8
9 2
27 6
21 7
51 6
95 9
11 2
8 4
49 6
40 8
17 2
93 9
7 2
75 8
18 2
28 4
74 8
10 1
31 4
24 10
57 6
75 8
57 6
6 2
12 8
81 10
6 3
101 10
38 9
41 9
50 5
2 1
12 4
23 7
40 5
6 1
10 6
12 1
44 8
19 7
39 9
14 1
7 5
10 6
28 9
36 7
56 7
72 8
7 1
91 10
33 4
45 5
29 3
7 1
16 5
45 8
27 3
13 1
5 1
31 7
6 3
39 6
28 5
23 3
9 2
6 1
11 7
44 8
20 4
14 6
46 9
23 3
4 1
101 10
42 5
30 6
10 3
24 4
34 8
72 8
38 4
33 8
20 5
41 5
9 2
25 3
59 7
5 1
4 2
7 1
4 1
24 10
6 1
72 8
8 1
18 2
40 4
104 10
36 7
58 9
24 3
19 7
36 8
40 5
15 2
94 10
8 8
20 5
20 4
15 1
45 7
22 4
84 9
11 2
2 1
18 5
25 10
10 1
37 4
18 9
16 2
36 6
43 7
11 4
4 2
71 10
7 2
19 2
18 3
27 4
45 9
29 8
11 2
6 2
63 7
31 7
11 7
40 5
28 4
9 6
15 6
24 10
39 7
67 7
19 7
42 7
36 9
11 4
10 1
19 3
2 1
5 3
4 1
10 8
35 5
41 8
67 9
8 3
5 5
31 5
37 4
11 2
47 9
65 7
35 4
64 7
2 1
51 7
14 5
93 10
82 9
24 3
14 3
72 9
17 2
17 2
45 4
90 9
47 5
14 10
8 1
33 10
8 1
36 4
103 10
40 6
28 9
57 6
8 1
33 10
40 7
32 3
58 9
15 4
31 4
15 5
6 1
12 4
13 5
34 6
18 5
26 5
61 6
14 7
6 5
15 5
50 9
18 2
27 5
18 9
13 3
72 8
9 5
14 4
39 5
24 3
45 6
7 2
6 1
2 1
50 8
70 10
28 9
74 10
70 10
44 6
82 9
17 2
40 10
19 7
18 2
15 2
26 3
24 10
12 9
6 1
5 1
29 8
7 3
7 2
12 7
18 6
12 4
24 6
12 3
12 9
20 3
13 10
13 9
24 10
40 10
7 3
45 6
33 4
19 7
22 7
18 7
14 9
11 3
6 1
19 3
24 6
45 8
34 8
102 10
32 3
6 2
35 4
28 4
27 3
83 8
22 3
7 1
25 4
17 7
7 4
2 1
54 10
5 3
81 9
16 4
23 9
7 3
13 1
8 2
19 8
14 3
18 4
29 4
15 10
29 4
10 1
74 8
37 9
21 8
29 5
7 4
55 10
10 10
6 1
58 8
43 5
34 8
9 1
32 4
7 1
11 2
29 5
20 5
25 5
5 4
36 5
65 7
72 9
20 5
72 8
40 4
19 9
31 3
28 5
18 2
12 8
19 7
13 2
37 6
59 6
10 9
12 6
58 7
41 9
7 1
32 6
45 5
20 4
63 9
11 7
11 7
39 5
24 7
16 2
7 6
9 1
16 8
11 4
93 10
33 5
19 6
62 6
59 6
36 8
3 1
44 4
21 2
57 6
13 1
24 8
10 2
10 2
25 10
6 1
46 9
25 3
67 9
30 5
6 6
7 1
35 3
11 3
61 8
38 9
16 4
38 9
23 9
9 6
35 5
11 1
77 9
34 6
42 5
65 8
57 6
29 4
19 2
8 7
44 7
35 5
16 4
8 1
9 1
8 6
59 6
19 6
67 7
7 1
32 8
12 6
4 2
61 10
57 8
5 5
8 1
7 1
18 9
12 2
32 5
19 6
93 9
72 7
75 10
19 2
36 8
14 4
58 8
18 6
61 6
20 2
48 6
48 6
66 8
75 8
57 8
3 2
23 9
4 2
90 10
14 4
44 7
34 8
26 7
11 1
13 10
61 6
20 2
25 10
32 4
11 2
44 10
34 4
11 2
40 6
21 7
20 10
35 7
41 4
20 9
27 5
32 3
30 10
9 3
18 4
6 5
21 4
26 7
30 7
28 7
45 5
30 3
6 2
16 2
6 1
83 8
73 10
21 3
82 10
23 4
5 4
39 6
75 8
18 2
27 8
21 10
19 5
33 8
16 7
12 1
84 10
51 10
7 1
32 7
4 1
26 3
11 5
13 8
29 3
9 1
63 10
41 10
54 5
51 5
22 7
48 6
82 9
14 6
13 4
50 10
8 1
36 5
37 4
5 4
22 10
17 7
44 5
12 8
10 1
35 5
8 2
30 3
20 2
7 2
25 7
67 9
82 8
7 2
4 1
52 10
26 3
7 3
59 8
7 6
11 10
10 2
14 5
33 6
14 7
45 9
21 8
59 9
92 10
4 1
31 7
61 10
6 1
53 10
23 3
29 4
36 6
18 9
81 9
45 7
19 3
45 5
74 7
11 5
30 7
38 6
3 3
56 9
34 8
55 9
24 10
43 4
6 1
27 3
49 5
34 5
22 2
30 6
32 8
82 9
73 9
47 7
43 8
22 4
92 9
23 10
11 9
18 3
26 3
2 2
11 2
23 10
11 2
35 4
50 7
17 4
27 9
11 7
18 2
63 6
24 6
37 9
64 10
20 2
13 3
59 6
7 1
22 2
9 2
19 8
10 1
17 5
36 8
7 1
95 10
50 5
81 9
27 6
102 10
24 3
40 7
8 2
7 7
16 3
6 1
40 4
2 2
14 5
72 9
50 6
14 1
22 4
7 1
73 10
64 8
10 3
71 10
53 7
42 4
10 5
23 9
56 9
49 8
65 8
43 10
68 9
52 5
8 2
23 10
45 10
92 10
90 10
24 2
9 4
57 9
23 3
8 2
50 5
10 2
20 2
40 6
18 5
29 5
25 5
38 6
31 3
32 5
58 6
12 3
24 4
31 5
74 8
15 3
18 6
22 2
59 7
33 5
11 9
14 1
10 3
25 7
50 8
17 8
61 10
44 6
10 1
54 10
7 1
9 7
61 10
49 9
31 3
28 4
16 4
7 3
29 3
13 2
37 5
85 9
5 3
5 5
14 5
14 6
16 3
74 8
10 1
26 6
74 10
44 5
34 5
15 3
20 9
14 5
6 2
19 2
31 6
23 2
13 6
27 8
8 2
4 1
75 10
85 8
16 3
82 9
19 8
100 10
39 6
16 2
14 7
5 4
37 4
6 1
58 9
16 4
49 7
14 1
75 9
6 2
24 7
11 1
11 2
50 6
24 3
7 2
80 10
67 7
20 2
13 8
6 2
9 4
75 8
10 2
55 5
28 3
13 3
10 1
29 3
10 4
22 7
21 8
11 8
10 1
31 4
19 6
13 1
56 9
24 6
46 6
83 8
27 3
9 3
82 9
22 7
11 2
36 4
13 4
8 1
15 2
26 3
34 4
70 7
24 7
10 3
21 10
13 4
42 7
1 1
35 3
2 1
6 1
103 10
91 10
33 5
11 2
8 2
10 8
8 2
72 7
12 2
53 7
5 4
30 7
39 9
3 2
9 8
9 1
27 8
41 5
20 5
11 3
83 10
60 6
11 1
23 6
32 8
14 3
12 6
18 2
60 7
80 10
5 4
21 7
52 10
56 8
25 10
52 7
18 6
12 1
31 3
3 1
18 2
51 6
93 9
7 1
21 2
30 10
27 6
8 7
9 1
6 3
60 6
10 3
11 4
9 1
34 4
84 8
10 3
14 9
40 4
5 1
59 8
13 2
19 4
54 6
13 1
7 2
38 7
52 5
25 10
23 2
4 1
10 2
43 6
20 8
23 7
11 1
58 9
33 3
41 6
29 4
64 6
47 5
8 3
70 10
93 9
57 8
15 3
32 5
42 7
40 4
21 4
72 7
74 8
37 7
42 6
34 6
44 8
14 9
54 7
23 7
75 8
35 10
40 9
33 4
47 6
29 5
10 1
21 4
52 8
24 2
15 3
61 8
20 5
17 7
29 3
16 4
19 3
24 5
24 3
36 8
4 3
37 4
22 10
12 2
26 3
19 3
37 4
11 7
34 3
10 2
18 2
12 5
9 1
58 8
8 7
19 6
12 2
86 9
17 3
23 5
26 5
22 6
20 6
39 9
12 3
19 5
13 3
12 4
10 3
27 9
82 10
63 9
42 4
73 10
12 1
26 3
7 1
10 5
41 5
43 6
10 1
9 1
15 2
12 4
23 7
39 7
32 4
35 7
9 7
29 6
20 4
7 3
16 3
54 9
6 2
32 8
90 10
71 7
26 5
84 9
36 7
24 4
10 10
12 1
58 8
5 1
54 10
31 9
19 9
9 2
9 1
45 7
11 2
24 7
24 5
43 5
49 9
103 10
22 10
23 4
36 5
30 9
103 10
9 8
37 4
35 8
54 5
21 6
6 5
8 3
30 3
74 7
6 5
32 10
53 10
13 1
6 1
13 4
8 5
17 2
81 8
8 6
9 1
15 2
14 4
10 1
31 3
30 6
82 8
8 2
45 7
4 1
75 10
8 1
6 1
40 4
8 1
35 8
37 8
55 9
49 5
34 10
9 8
8 4
26 5
32 5
10 2
12 2
7 6
28 5
6 1
49 5
12 4
7 6
11 1
34 8
9 9
6 1
31 9
65 10
52 5
6 1
82 8
19 4
25 5
18 6
102 10
82 8
16 2
59 9
10 2
15 10
22 5
21 2
10 1
28 6
16 8
29 3
31 4
94 9
40 8
67 7
7 1
7 5
10 2
22 7
37 4
16 3
94 9
72 9
9 4
22 3
65 6
55 10
39 5
12 6
56 6
16 2
63 7
38 5
18 4
18 3
56 9
46 9
51 8
41 10
39 4
26 3
18 2
20 2
13 2
20 2
14 5
50 6
29 6
4 1
30 6
12 10
25 2
62 10
93 9
15 4
47 6
18 2
53 6
80 8
24 4
8 4
12 2
18 3
50 8
8 5
44 5
33 4
60 8
68 7
4 2
10 5
29 5
12 2
24 4
77 8
17 3
28 9
51 6
18 2
3 3
10 2
11 6
34 3
7 1
18 2
72 10
71 7
14 4
15 3
59 7
24 7
24 5
26 3
11 9
48 9
94 9
71 10
22 2
15 2
11 1
33 6
32 4
93 9
17 8
33 10
20 4
23 3
15 3
10 9
17 3
37 4
19 2
93 9
9 4
30 6
10 1
7 3
14 3
25 10
8 1
18 6
14 2
17 3
74 10
51 7
104 10
34 3
28 8
9 1
12 1
30 6
74 9
75 8
29 5
65 8
84 9
27 6
12 6
30 6
32 9
25 4
39 4
6 2
10 10
37 6
4 1
21 2
11 2
24 4
64 8
8 4
34 10
28 4
32 9
76 8
12 1
10 10
4 1
38 4
37 6
77 9
5 2
36 7
24 4
34 3
8 2
34 3
76 9
64 10
27 9
57 6
25 3
14 3
32 10
83 10
83 10
35 3
52 6
6 1
21 8
26 3
11 6
12 5
38 5
58 9
8 3
67 9
74 8
35 8
44 4
27 3
37 4
52 10
53 6
7 3
48 6
5 2
7 3
8 1
25 3
75 10
21 3
5 1
73 10
34 5
11 5
23 3
18 9
11 6
57 7
68 8
12 6
30 6
8 1
16 3
13 1
54 9
29 7
100 10
42 7
28 9
13 2
7 3
36 9
6 6
21 4
29 4
4 3
28 3
30 9
94 9
72 9
32 3
5 2
10 3
5 4
10 1
25 5
17 2
64 8
14 6
21 6
5 1
56 8
77 9
41 8
52 8
29 4
73 10
58 7
63 9
25 5
31 6
33 4
13 3
41 10
15 7
18 2
28 4
25 5
23 2
25 5
13 1
45 4
18 9
61 7
27 8
10 5
10 2
13 9
16 5
8 7
86 9
90 9
3 1
24 3
9 1
10 5
104 10
29 4
36 8
14 1
45 10
41 10
5 2
12 2
31 3
63 6
7 1
65 8
86 9
56 8
11 6
26 8
5 1
81 8
72 9
10 4
57 9
28 3
10 6
8 1
25 5
10 2
92 10
28 6
19 9
6 4
24 10
40 9
23 4
42 4
32 8
9 1
27 8
11 3
4 1
8 3
17 2
92 9
33 3
28 8
104 10
54 5
25 5
90 9
9 2
84 8
6 4
28 8
8 1
6 2
18 2
52 7
105 10
8 5
10 9
3 2
18 2
74 9
24 7
10 3
23 2
65 6
8 2
45 4
12 1
14 7
8 4
2 1
5 2
27 4
56 8
23 3
8 2
24 4
95 9
30 5
18 3
50 6
13 6
18 4
31 10
59 9
15 1
53 7
21 4
6 6
30 10
14 1
10 2
49 9
10 3
19 3
29 4
72 9
37 4
12 2
60 10
55 6
33 6
77 8
10 5
73 9
19 2
48 9
18 5
46 9
25 8
63 9
70 7
20 4
11 7
5 2
31 10
38 7
63 7
19 3
6 5
26 4
29 7
19 3
39 6
90 10
26 5
26 4
31 9
95 9
81 8
32 4
11 2
38 7
92 9
14 3
8 4
9 3
95 10
49 6
24 3
7 2
11 1
50 10
53 8
75 7
72 7
9 5
81 10
53 5
17 2
6 1
86 9
60 8
47 6
20 5
56 6
22 7
14 2
29 3
23 4
40 5
52 5
15 3
45 4
20 5
77 8
30 3
54 10
36 4
73 10
16 3
44 7
10 3
73 9
4 1
11 4
33 6
13 2
10 1
9 4
45 6
6 2
19 7
7 1
57 8
63 7
12 2
71 10
8 2
15 5
18 2
57 6
37 8
43 7
19 5
11 10
40 10
12 4
26 8
39 9
80 10
3 1
61 8
70 10
20 5
16 4
55 5
8 3
36 5
19 4
58 9
15 6
40 4
37 7
24 2
14 7
17 2
58 9
76 8
12 8
19 7
44 8
44 4
72 7
31 4
13 6
50 5
77 9
35 6
7 2
13 2
5 1
21 3
29 9
50 7
3 3
74 7
66 7
40 4
5 1
24 4
43 10
44 4
19 6
6 2
41 4
32 4
13 4
2 2
41 4
14 6
23 6
52 5
13 5
5 1
40 5
24 7
34 5
23 2
19 3
14 4
37 8
81 10
22 5
15 6
28 8
73 8
28 6
46 5
58 6
18 3
23 2
52 5
3 1
40 9
64 10
28 3
36 8
8 1
15 4
11 1
66 7
50 5
58 9
44 4
39 4
10 1
57 7
34 10
74 7
57 9
35 10
15 2
18 3
13 1
29 6
19 9
33 3
91 10
33 8
18 7
13 6
16 6
36 6
31 10
9 9
48 9
20 2
12 6
21 3
36 7
14 1
80 8
35 3
72 9
2 1
16 3
28 4
68 9
34 4
20 4
11 1
13 3
28 8
9 1
15 3
7 2
83 10
40 5
27 9
49 8
56 6
6 2
9 6
4 3
28 3
24 4
22 6
21 3
24 5
9 2
4 1
16 3
15 2
61 8
32 10
25 2
10 7
4 1
26 7
10 1
25 4
62 6
66 9
46 7
45 5
20 5
82 9
15 4
32 10
11 3
13 10
28 9
25 5
8 5
56 9
52 6
30 10
23 5
12 8
34 10
5 1
28 6
23 3
2 1
18 4
47 7
9 3
29 7
15 7
66 7
21 8
12 1
23 6
15 5
46 5
54 6
25 2
33 3
23 9
13 3
32 4
76 9
95 10
19 2
34 3
40 7
13 4
25 6
74 10
61 8
22 3
47 9
65 6
33 10
3 1
8 1
18 2
34 8
8 1
12 7
30 6
59 9
4 2
34 4
36 5
7 2
17 2
22 9
45 8
24 5
21 3
21 4
21 7
37 4
76 9
13 8
7 6
48 8
40 7
40 6
49 8
11 1
42 8
72 10
41 9
20 6
21 9
32 10
68 7
25 2
21 2
19 3
41 9
9 8
61 6
12 8
44 6
28 9
50 6
13 1
72 10
9 3
72 9
11 5
12 8
23 2
28 8
73 10
25 3
65 6
35 5
10 1
47 6
27 9
44 5
84 10
30 7
27 4
6 3
67 9
29 3
13 9
47 6
21 3
9 2
19 8
16 2
7 3
15 3
41 8
6 1
9 3
13 3
35 8
6 2
91 9
49 8
81 10
25 5
74 10
20 2
4 2
12 10
9 1
40 5
6 1
94 9
17 2
18 8
28 5
55 10
72 8
54 5
23 6
73 10
11 6
65 10
18 2
83 8
92 10
17 3
29 7
10 2
45 10
11 6
35 4
82 10
54 7
81 9
12 9
14 5
12 6
8 1
66 8
10 2
20 2
21 2
14 5
72 9
34 10
29 3
47 6
29 5
21 2
58 8
40 6
18 6
25 5
31 9
31 6
53 5
18 3
42 7
11 2
6 1
77 8
36 4
45 9
17 2
21 3
32 10
35 6
43 4
27 3
7 5
3 3
9 1
46 5
6 1
18 2
8 3
54 7
37 7
65 10
16 2
44 8
13 9
25 2
6 2
13 6
41 4
84 9
30 10
66 9
73 8
25 8
17 4
65 8
58 8
51 6
3 1
50 8
14 2
13 1
45 9
20 3
51 7
30 7
47 5
50 6
42 6
31 5
17 2
82 8
14 3
18 2
29 6
18 9
27 8
30 10
38 4
6 1
17 3
50 6
12 7
36 4
67 9
54 10
23 10
37 5
49 6
19 3
14 3
19 3
29 3
18 4
5 4
22 3
27 8
5 1
95 10
31 10
12 2
33 3
24 2
35 5
55 6
11 3
70 7
32 10
8 3
27 8
8 3
21 2
68 8
22 10
40 5
15 10
53 6
49 5
34 3
7 1
13 2
57 7
25 5
75 7
95 9
9 2
47 7
18 6
68 9
59 6
56 8
15 2
101 10
54 10
52 8
6 1
12 3
50 5
12 2
4 1
33 5
27 5
5 3
74 9
73 9
93 9
54 5
8 3
12 1
24 4
40 4
44 8
92 9
92 10
3 2
83 8
37 4
14 3
43 4
12 3
11 1
10 1
20 2
9 1
14 1
5 2
49 6
36 4
20 10
10 2
65 6
32 5
41 8
22 10
13 2
6 1
32 4
10 5
84 8
44 4
13 6
6 1
21 10
8 1
21 3
75 9
10 1
11 7
23 5
57 9
40 8
39 6
14 3
54 9
8 2
13 4
36 9
12 8
33 3
68 7
64 10
29 4
32 7
5 1
83 10
52 7
72 9
14 1
22 9
56 7
18 2
29 3
24 7
95 9
2 2
81 10
23 5
19 2
26 5
24 7
40 4
37 7
6 1
5 1
30 5
6 3
17 3
20 6
102 10
11 1
57 7
6 5
12 3
31 3
39 5
10 2
54 5
94 10
15 2
45 5
21 10
29 9
8 2
76 9
38 5
12 1
8 4
64 6
21 6
32 9
18 4
42 6
50 10
53 5
7 5
23 5
6 1
10 2
90 10
60 7
19 4
77 8
8 1
8 1
1 1
19 9
58 6
26 5
84 8
29 9
8 6
18 2
55 9
67 9
25 6
46 6
58 6
22 3
6 5
20 3
28 3
58 9
28 8
40 7
64 8
11 1
36 4
12 10
50 8
9 1
37 8
4 2
14 7
11 2
71 7
8 8
40 4
13 3
16 2
10 5
39 6
7 2
75 9
63 10
14 2
8 2
36 9
32 5
10 1
10 10
12 2
14 2
23 3
9 1
14 1
100 10
20 6
18 2
50 8
39 9
53 5
40 7
8 4
9 2
33 8
17 6
30 10
27 3
94 10
24 3
13 4
73 7
6 4
90 10
75 9
31 3
23 3
13 1
51 10
12 1
34 5
22 2
15 6
28 8
9 4
40 4
17 2
31 7
32 6
10 1
45 5
12 1
24 4
20 10
51 5
24 10
25 2
7 2
105 10
41 4
65 6
41 5
47 9
2 1
13 5
13 2
46 6
23 3
9 1
82 9
25 7
26 8
10 2
54 9
5 1
26 3
45 6
8 1
51 8
21 2
14 3
12 5
24 5
3 1
59 9
22 7
33 7
53 8
53 7
65 9
83 10
50 9
11 2
6 1
8 2
7 1
25 5
15 6
13 1
63 6
70 7
4 1
48 5
25 8
47 7
25 8
61 8
14 5
73 10
33 6
20 4
43 8
10 9
44 6
14 1
12 3
53 8
24 3
6 5
11 1
46 9
27 9
60 7
6 5
43 8
11 9
31 5
64 7
45 5
12 6
37 7
82 9
17 2
22 7
45 9
60 6
3 1
68 7
63 10
54 5
35 4
50 9
19 8
38 6
44 10
45 5
27 5
37 4
28 4
8 1
9 8
43 10
2 1
77 8
14 9
75 9
35 4
62 6
49 7
74 9
17 3
27 6
15 2
14 2
40 10
43 8
35 8
9 3
9 1
31 6
40 8
55 9
41 4
76 8
29 5
73 7
53 8
45 5
80 8
29 6
9 8
14 7
47 5
27 9
21 2
36 4
37 8
20 2
25 7
30 7
27 5
35 4
53 10
6 2
9 1
74 10
65 9
25 6
16 4
62 6
52 10
35 5
58 7
35 6
84 8
25 5
28 4
81 10
11 10
52 10
37 4
103 10
41 4
5 3
6 1
73 9
42 7
14 2
80 10
11 8
37 4
4 2
21 4
12 2
7 1
45 4
56 6
25 5
12 2
41 10
21 8
72 10
32 3
7 1
54 9
12 2
32 10
93 9
37 6
11 10
10 4
7 2
12 2
8 1
13 4
50 7
67 7
40 4
12 3
59 6
36 8
24 3
16 6
29 3
10 9
26 5
30 9
15 2
33 10
14 1
93 10
9 5
1 1
3 1
43 10
91 10
48 9
61 6
5 2
46 6
37 4
56 9
22 9
7 7
9 1
62 10
17 2
19 3
20 2
33 7
6 2
26 3
32 9
29 9
81 8
10 2
72 9
45 5
12 4
26 3
17 5
34 5
44 5
32 7
19 2
29 6
35 10
6 4
24 10
19 2
12 8
5 1
3 1
63 7
5 1
31 4
58 8
5 1
45 9
20 4
6 1
14 5
29 8
14 10
58 7
67 9
41 4
46 6
12 1
9 1
74 7
4 4
6 1
74 10
37 4
23 7
57 7
30 3
33 6
23 9
93 10
58 7
11 1
42 6
13 5
62 10
9 4
29 5
8 1
38 4
35 4
84 8
14 2
53 6
6 2
51 5
43 10
23 3
14 7
104 10
33 5
23 2
18 2
37 9
25 2
16 2
17 3
12 1
16 2
72 9
50 6
15 1
2 1
11 4
12 2
64 6
6 1
12 3
35 3
82 9
35 4
15 3
64 7
58 7
68 8
14 2
35 6
57 6
2 2
14 1
19 4
55 9
4 2
83 9
50 5
40 8
28 8
11 1
39 9
22 7
9 4
19 7
101 10
36 4
83 8
39 6
20 8
45 9
37 4
75 9
20 3
14 3
15 5
60 6
6 2
4 2
7 1
30 9
10 3
35 7
6 1
8 2
9 7
72 8
20 5
60 8
5 3
52 7
47 6
10 4
63 9
30 4
19 9
29 4
10 5
17 2
12 1
3 1
67 8
93 9
36 5
58 7
50 5
22 4
22 3
36 4
8 5
71 7
2 1
39 6
10 5
4 1
55 9
11 1
17 8
58 7
31 3
26 3
13 6
29 4
35 7
14 6
36 4
53 7
17 5
25 5
8 8
55 9
36 4
22 9
4 1
31 3
41 8
24 4
61 10
36 6
54 9
52 8
12 1
60 7
21 9
17 3
67 7
5 2
42 5
15 5
