10 5000
1
1 5
1
788 8
1
3913 2
1
4415 1
1
3629 5
2496
1882 5
2326 10
3630 2
3294 5
2693 5
3220 9
2310 5
1604 3
4087 7
4895 5
4737 6
3479 1
69 10
3138 2
2138 7
3700 1
1731 9
1842 5
3793 10
750 3
1047 9
2310 1
4002 5
236 7
3603 4
158 6
3623 2
865 2
2890 5
2967 7
1487 10
4465 7
4602 8
3749 3
192 10
3738 3
3963 4
4491 10
1824 1
3947 5
4718 4
929 7
3981 5
996 3
1540 2
3024 6
3388 7
1682 7
1583 9
1669 6
4358 1
4435 10
3671 4
4663 2
3193 7
143 5
4146 8
3885 6
992 5
363 5
3877 5
2181 5
46 9
4307 9
3761 4
817 6
3447 8
3733 4
2081 7
3678 3
2378 7
4225 5
1050 7
4423 3
2529 5
1373 2
4709 5
1096 4
2264 9
310 7
4861 8
210 4
4003 7
4819 10
4778 4
789 3
4576 9
2802 1
3765 5
1320 9
3156 9
4811 2
660 7
4706 4
926 3
4488 6
4231 4
4489 1
4460 2
3908 5
3307 6
4487 7
2062 10
3851 4
2724 6
703 2
204 5
1024 5
2881 9
1435 6
3785 5
2588 2
2695 1
369 10
855 4
1775 7
1773 4
2651 6
4298 5
4862 10
3429 6
1594 5
2811 4
1925 9
1746 4
14 8
792 4
2500 10
1289 5
1933 4
1752 9
2403 1
4790 2
3337 2
4272 9
2186 3
4277 7
2931 4
2998 2
3971 8
1949 5
4370 8
3382 8
3325 10
3894 7
85 1
2317 7
1947 2
580 9
2850 9
4303 10
1339 1
2725 2
875 5
4926 2
1466 4
1365 8
1726 1
1645 1
3375 3
3649 2
494 10
1753 1
2566 8
3120 4
1549 2
2057 8
3581 6
4009 10
3804 10
2837 10
2153 8
3321 3
4102 2
3227 10
4542 2
368 4
1436 3
1412 6
4972 3
531 2
1910 3
93 9
1615 3
1056 9
4128 1
4194 4
1985 4
2085 10
1292 3
2532 9
458 4
1640 10
2120 5
572 4
1299 10
1523 4
2055 5
464 10
1736 4
2386 9
4443 9
136 2
13 6
2295 7
510 2
610 2
4676 7
1478 3
672 4
4257 7
7 8
2806 10
3436 7
3599 7
2004 1
4444 8
721 5
4577 2
2846 10
3745 5
3488 9
2448 9
1481 6
4276 9
2232 6
769 7
2520 7
1047 9
4429 2
3055 2
3521 3
3355 6
2564 7
3692 2
1323 2
3573 5
1904 4
858 3
4051 3
3893 1
269 6
2778 6
2023 10
2322 2
1504 5
3565 9
4687 6
2158 2
4070 5
245 8
1829 7
4123 2
901 3
3321 1
3213 3
527 2
619 8
1435 6
3921 7
564 2
3913 5
2055 2
4896 1
1206 2
377 10
2570 8
1787 7
4479 1
2602 2
272 10
390 5
3982 9
2134 6
1813 1
4798 1
83 4
1316 5
3368 7
603 9
1954 2
3320 6
66 10
2472 2
3788 8
2413 10
778 6
658 6
2146 5
551 1
62 1
648 4
2215 1
2549 3
3432 7
644 8
76 4
546 7
569 1
632 4
476 4
4249 6
3664 3
276 8
3380 6
3448 1
2721 2
3501 8
2709 8
4978 7
3345 5
1152 1
1119 8
3503 6
2922 9
2520 2
516 8
733 6
2329 6
3681 1
2592 2
4523 1
2637 3
3933 6
359 3
1941 3
1302 9
3774 1
942 1
3865 2
4312 9
1184 10
2374 1
3247 7
2750 8
2097 8
4424 5
1636 10
3294 3
508 8
2351 10
4431 5
1952 2
4431 7
1911 4
3990 8
4567 4
626 2
3631 10
2096 5
990 9
3492 5
523 8
2092 9
4623 5
3168 2
2877 10
1609 8
2413 8
4755 6
625 6
2883 7
3145 5
1192 3
2656 2
454 4
286 6
3951 4
4908 7
4892 3
3575 6
173 7
198 7
2305 7
468 8
4305 3
2471 5
3973 8
4268 5
4525 5
915 8
3592 1
4244 10
2025 3
4565 5
1483 7
1818 3
4158 10
2976 2
442 5
167 5
2309 10
3510 2
1529 7
3552 7
376 8
1391 7
4567 9
3795 4
3102 4
690 9
2923 10
1849 10
979 1
2076 9
3259 1
4521 4
1412 7
4514 6
2001 9
620 5
3128 8
606 1
2847 4
2097 1
4029 6
1722 10
2149 7
4252 1
1 9
814 4
4122 8
4889 8
4085 9
366 9
4186 4
2593 6
1300 4
1321 3
2293 1
95 9
455 8
3005 6
572 10
1811 6
3480 4
4489 3
2846 8
4552 6
207 2
222 5
253 8
4788 5
3223 10
729 3
4039 8
4646 10
3700 10
2280 9
2003 6
1681 5
3523 5
396 7
2175 7
1398 7
859 1
1327 9
2506 9
3730 3
2620 6
3460 5
4906 2
3715 2
2440 8
498 4
876 1
4193 8
4573 5
4919 4
3768 10
3051 6
455 4
1430 6
86 2
1582 9
519 9
3085 3
406 3
3795 4
2232 3
26 5
2845 4
4890 3
3270 6
2458 6
4555 7
1084 10
4304 5
976 1
2432 8
3310 3
525 1
2473 5
3700 6
44 8
90 10
1250 7
1779 10
971 4
1603 10
873 2
2209 7
2916 4
2441 9
1054 2
795 8
4081 6
3245 7
2964 1
445 2
4541 10
717 7
15 7
732 6
2359 9
962 5
3596 6
3402 3
1197 10
2041 5
2393 5
3764 5
2774 1
1011 7
2992 6
4879 2
2904 10
2936 6
1609 9
758 1
1039 4
4372 9
2662 6
4960 8
90 4
4846 2
2270 7
554 1
3787 6
236 5
2412 2
3311 2
677 3
2304 8
1441 9
4924 7
2195 7
4110 10
3164 1
4313 7
1564 3
493 8
991 9
1163 10
1489 1
3655 1
1288 7
1499 7
2429 8
4625 2
520 5
1818 4
2956 1
3952 7
1210 5
2064 10
568 2
2436 9
2335 10
2755 8
4021 4
4685 3
2965 2
4796 9
866 3
2204 3
2785 8
108 2
1468 1
4943 9
1570 1
284 6
177 8
1327 4
3621 7
3481 7
1787 4
3159 5
1904 8
2706 6
1674 3
170 5
4750 3
1125 6
2436 10
2461 1
4371 10
3368 1
1323 6
4929 1
3654 5
849 3
4453 7
1105 7
2620 8
2749 5
3843 10
1043 6
1675 10
1375 10
557 2
2330 5
3165 7
2589 3
1565 1
1862 9
805 10
371 10
1255 3
3638 4
2994 6
374 1
362 4
4115 6
3692 6
819 3
3683 8
182 6
2627 5
1025 10
3243 7
334 5
3279 8
797 9
3083 4
1438 8
3068 3
822 1
4243 3
4640 1
1584 4
402 10
4670 10
88 1
2111 5
4476 1
3490 7
1465 3
3746 10
4844 4
3222 2
1096 10
4640 8
707 9
3723 4
36 8
4854 2
1536 9
2375 3
218 2
4354 1
1617 6
323 6
1452 5
4161 2
2891 5
222 8
3829 7
1625 2
1205 7
1401 9
3764 4
371 8
508 4
2790 9
2302 10
4683 10
1499 4
3164 6
3448 6
2878 6
684 4
3057 6
2855 7
33 7
3047 2
3967 1
2848 5
1571 7
1925 6
1578 2
1000 4
1635 4
1252 8
2757 10
2522 1
261 6
3601 10
3180 6
1827 4
4961 1
1710 8
906 6
3613 4
923 6
434 5
3241 3
1163 7
2257 1
3003 10
972 6
199 1
1549 2
2332 1
713 6
4631 3
639 4
4606 5
3684 3
3229 10
3854 6
4264 4
956 7
875 5
3586 3
2882 4
1799 2
3306 4
3712 3
3823 2
1191 7
1295 7
3446 1
1216 1
1947 1
4656 1
167 2
2407 7
886 5
3511 3
3149 2
665 10
3717 7
1906 4
808 9
2735 9
197 5
3648 9
3828 4
4077 6
1998 2
3168 5
2274 10
4648 4
214 8
2616 10
4177 8
2038 8
794 10
2551 8
406 3
4233 2
1347 1
4217 6
2188 1
4611 1
2950 3
2479 8
3790 5
324 8
9 10
2894 1
612 4
848 3
2515 7
4256 2
4110 3
4389 10
680 2
464 5
3757 10
1592 6
172 4
4297 2
3346 9
2603 7
1637 2
1134 9
2760 9
3035 8
2668 6
3765 10
295 9
1352 2
2475 1
520 4
3206 7
3252 3
2504 8
2799 10
4459 10
859 8
358 7
4726 4
155 10
2616 8
1017 9
1945 2
3666 6
1603 10
918 3
1177 8
2128 5
1194 6
1180 4
2205 5
1986 2
3090 9
1195 2
4700 3
4134 6
3480 2
1642 2
874 2
79 3
3906 1
1739 1
209 6
2459 10
4766 9
2141 6
1949 6
3743 7
230 3
3412 5
3321 10
254 10
2292 2
4255 2
4683 5
1733 9
2309 4
1748 5
2823 2
1630 7
775 4
3784 5
3050 10
2362 2
3118 2
1307 8
2743 6
1216 7
3184 3
3251 7
2081 3
2551 9
1489 5
4383 4
2490 9
2840 1
105 10
4338 5
1531 7
461 9
3456 6
2484 6
3250 10
4919 10
1698 5
1884 8
1720 6
2060 7
748 8
4417 6
2935 10
4550 7
101 8
2269 7
1851 2
4646 7
4094 10
3926 7
1237 2
2755 1
3669 9
3059 4
1883 6
1886 3
1328 4
1680 6
721 1
365 3
2493 5
930 4
1670 2
3782 4
2340 1
4877 6
1479 6
668 9
1335 3
2215 6
4727 6
3944 1
4121 6
4554 5
1117 4
1472 7
3335 8
4005 4
872 1
1123 4
3614 8
2643 3
133 4
2224 10
3202 5
4240 3
4571 3
2665 4
3694 10
738 9
948 9
4111 7
574 6
2446 5
4517 6
2389 3
1951 10
883 7
2422 9
1498 7
2377 2
1604 4
4657 4
1070 10
4829 1
648 1
1447 5
1021 4
1891 5
2838 2
2261 5
1430 7
1976 9
4572 9
4609 8
1157 4
832 1
3093 7
282 9
547 9
4734 5
373 8
1457 10
2981 2
1251 1
2956 6
2946 10
533 5
930 10
1457 2
1690 10
4805 9
1191 9
80 1
3499 2
4386 2
1957 9
3082 4
3849 5
3851 4
2339 4
106 7
3874 8
939 9
1058 4
2687 3
3558 5
269 4
2360 4
674 9
3834 10
2087 4
4914 5
3691 9
4334 7
317 6
389 10
275 2
1900 3
569 1
2712 1
2068 4
3000 3
1160 3
2683 7
3871 9
3831 3
867 2
1508 4
2865 3
2594 3
3531 10
3683 8
21 10
831 7
2884 6
4402 5
2611 10
1885 7
1293 10
3337 4
4737 5
947 8
1974 6
819 7
1547 6
1538 7
4573 1
1498 2
2542 7
2157 6
3489 7
4605 9
171 5
2192 10
458 1
94 3
658 6
1361 2
3011 8
2300 5
4535 8
4580 2
865 9
3201 4
2032 7
3244 2
3286 7
3565 5
2182 5
396 4
3693 10
4471 1
643 5
1141 8
3056 9
2017 9
2464 4
3620 5
444 4
113 4
2952 5
3268 7
2739 5
1130 8
4033 5
1735 10
3833 4
2425 8
201 8
967 1
832 7
3737 10
133 5
2021 10
2105 7
3164 2
2711 6
3688 2
1629 10
4461 1
4781 2
3395 8
1154 2
1962 5
974 9
161 5
3324 7
117 7
4039 5
1040 10
617 6
4581 1
3921 7
3952 2
4584 8
2309 4
891 9
3007 9
1593 7
2880 9
1014 3
4403 9
2466 6
578 7
3648 1
1691 4
1945 1
831 8
1381 2
1354 8
3371 5
3790 6
139 7
3109 5
1505 5
1184 3
103 10
4233 10
2437 2
2037 2
4343 6
687 4
1338 9
2535 2
2976 6
1761 1
4110 9
1115 7
4125 9
112 6
2282 8
1825 1
2253 7
1096 1
425 10
2423 2
476 7
464 7
2225 9
3601 5
688 6
2200 2
1025 3
2984 2
4824 9
1409 2
696 6
4636 3
3983 9
3707 1
783 7
3199 2
910 5
137 8
1870 3
4828 4
130 2
1493 6
3665 4
2254 2
1694 8
4511 9
77 9
4087 6
2888 5
3551 9
814 2
3607 8
232 1
2294 6
931 3
3062 6
3564 9
3974 6
613 3
878 2
404 8
2450 3
788 9
2395 3
3892 4
247 2
1501 6
1280 4
4338 4
2813 8
1518 6
4161 10
2111 3
41 10
3569 8
4158 2
2301 9
1404 6
983 6
3026 4
519 1
2947 10
2015 4
1882 1
1645 5
4447 7
479 3
2126 6
106 4
1953 8
346 8
3598 8
2903 4
931 1
3717 3
4291 9
4320 10
947 4
3565 1
4720 3
4954 5
677 10
3246 2
924 5
3631 7
2037 7
1501 5
2750 3
4612 6
2413 1
62 4
765 1
2938 5
3179 2
1290 10
19 6
1472 8
2623 1
4900 8
1959 9
1848 4
2994 3
2185 8
3709 7
4631 1
3644 9
4685 2
3791 5
4370 1
3064 7
2797 6
401 5
4997 3
2725 3
2567 1
2219 4
24 5
1492 6
4753 5
3196 7
3139 4
741 10
2229 7
3409 5
4275 10
3777 9
612 5
1395 9
4038 5
493 2
1747 8
2115 1
2588 1
1494 5
3578 8
908 7
172 4
2349 6
559 3
2773 8
4531 9
1740 3
2466 9
2214 5
4131 5
3540 6
4539 5
3655 9
4256 8
86 9
1062 8
3236 5
4580 2
3002 8
3259 1
963 5
3659 8
4322 6
3308 3
4996 3
3572 10
1925 9
1218 9
1189 8
4049 9
4977 9
2152 6
4308 10
4184 8
3216 8
659 5
3781 2
4726 6
563 5
2690 5
1046 4
3726 10
1453 8
447 2
1680 4
2454 10
4926 1
4991 4
1623 5
2438 8
3008 3
1623 10
1467 2
3077 9
2199 2
1810 3
3471 6
4940 5
4745 3
3330 5
205 9
3977 8
3566 4
1245 1
4445 3
2154 10
2415 7
4133 5
3634 5
2477 8
760 5
1168 5
3487 6
2493 9
3641 3
4756 1
822 3
3701 4
979 2
2558 8
1534 5
2301 9
3319 10
4170 6
2196 8
2987 1
4896 8
4357 9
3826 3
1955 5
169 8
4129 7
810 3
1708 3
2688 10
3026 9
1909 8
1152 1
4000 6
331 10
3960 3
4491 7
1553 10
2142 3
868 2
4324 2
1185 7
2546 2
3260 6
3563 9
517 10
453 10
2327 5
2749 8
825 5
3141 8
2872 9
2148 5
1788 1
3516 10
4073 1
1725 8
1670 9
4128 8
2388 8
3562 10
4605 2
1645 3
2612 6
3011 6
1501 10
1646 3
2382 9
4419 8
4803 8
4862 8
1889 2
1034 2
1897 4
1277 9
604 2
143 5
2524 4
3839 9
197 2
3654 6
453 3
2427 9
1013 1
4866 10
4555 8
691 9
4524 10
4109 9
2030 8
4135 10
37 7
2452 8
1207 5
536 1
255 6
581 6
419 7
3080 8
4636 9
2822 4
1095 8
4838 9
2387 6
529 9
4644 2
2919 4
2079 10
3454 3
2297 7
4200 3
4523 10
759 2
2942 9
2703 9
1803 7
4946 9
4618 7
1015 2
4396 3
459 9
1604 3
2948 4
704 1
2100 2
3233 6
1118 10
3908 10
2008 4
3794 7
3502 1
1432 8
4373 6
3108 3
1955 4
164 4
2255 9
4046 8
1706 6
944 4
1491 4
1533 8
632 10
2705 6
2294 1
3041 7
332 6
70 5
4249 7
1071 9
1119 3
706 10
3173 10
717 7
1341 10
3679 10
524 2
2034 6
2238 5
756 9
4166 3
2005 4
4750 7
1780 9
3849 6
2654 7
4502 7
906 1
725 1
1113 3
4078 7
2819 7
3037 4
12 9
2342 7
2456 8
1894 3
813 6
2297 4
386 2
430 5
1605 10
192 1
1740 9
56 4
153 6
364 4
433 5
4100 5
240 1
830 6
3023 2
2054 3
1650 10
3389 5
674 4
1031 6
3792 9
1496 7
1529 6
923 7
990 2
1368 3
1363 1
1188 9
2021 1
44 10
826 7
1754 1
4583 6
1926 1
2972 4
2278 5
2933 1
787 3
90 9
3517 7
4970 8
4767 3
3479 2
4772 5
2736 7
4261 7
4944 1
1544 4
1175 6
2890 4
2367 7
253 10
4175 5
2466 4
2602 7
25 5
1518 4
3424 6
2389 7
3771 7
3156 6
2511 5
1894 2
2917 4
3310 10
4037 10
4928 7
3254 5
3737 6
716 3
2502 2
603 5
150 5
3542 8
2843 5
4929 2
2367 5
4539 3
2110 2
1501 9
1632 10
738 1
3851 7
3196 9
2757 4
3532 8
2725 5
582 10
2086 10
2042 9
3241 5
4751 9
1123 2
1464 5
3864 8
4975 7
2817 7
4928 8
2574 10
1521 7
3042 4
3209 7
651 5
3279 10
3228 10
1269 6
438 3
4290 2
1960 9
4468 1
67 10
2884 3
4359 9
609 4
1655 7
1846 10
1896 6
1006 9
331 8
844 9
4377 7
1049 7
1095 7
1511 10
1871 3
1368 3
2149 5
773 8
2118 8
3520 4
1607 8
1236 5
559 9
4251 1
3150 5
213 7
4364 10
2428 2
3688 4
1589 9
2964 7
2013 5
1822 4
2015 6
4987 2
3974 4
819 7
1583 9
2822 10
2093 6
2056 2
3631 10
3731 5
1405 5
1720 8
3612 9
186 2
2593 6
4089 5
189 4
646 6
2059 4
3499 1
1923 10
4959 4
1934 2
2221 4
2133 10
2826 4
901 6
4058 1
3967 2
4863 7
4 8
1241 10
2339 8
2017 10
1547 5
3940 5
3556 10
978 8
4889 4
2237 1
1204 5
1323 3
1777 9
2536 1
1283 7
3498 7
448 6
1248 6
769 1
2480 5
1430 7
3313 1
444 1
2267 4
2487 5
4884 2
1987 1
4339 3
787 7
2120 4
3806 7
4624 10
1673 1
395 6
4954 3
1952 7
1332 5
2798 6
2761 2
2199 2
1251 10
4659 7
2188 4
3863 7
4229 8
1070 6
3389 6
1008 3
2484 10
4947 6
3608 7
3093 10
3035 2
2829 1
1444 5
129 4
4870 3
2527 5
4837 6
1238 4
1289 10
2703 3
571 6
4708 2
1596 9
834 7
1966 3
3577 6
4450 8
3135 7
3291 2
2731 10
4386 7
1249 9
4207 7
3977 8
777 3
1713 9
213 5
848 6
3517 10
4885 4
1366 10
2409 10
1457 4
1850 3
4600 4
1901 6
390 9
1091 6
3839 6
2575 6
632 7
2077 4
4789 5
56 4
3415 3
3231 6
2040 2
3793 1
4044 8
2884 9
4931 4
4927 6
259 3
2502 10
319 7
453 6
4343 2
2368 6
3919 3
1582 8
2297 5
480 5
2201 3
2402 3
3437 5
4348 7
2681 10
195 6
899 8
287 1
563 3
4774 1
4459 2
1248 1
461 10
2521 10
4087 5
1116 9
3313 5
1433 2
4899 6
3464 2
750 1
3940 9
469 7
2228 5
2064 10
4841 9
1665 2
4831 5
3494 7
973 6
3721 4
3641 7
2800 10
3850 9
4706 7
1493 8
3085 3
839 2
4480 7
1171 8
2116 8
4329 8
3889 1
2902 6
240 9
3766 10
4855 9
2557 10
2280 8
3205 7
658 9
406 5
4174 9
4022 8
995 6
1517 5
1840 1
1205 4
859 3
159 4
202 6
4826 9
1599 4
3213 9
2346 9
13 10
536 4
3474 8
1592 1
2040 4
2019 7
3286 4
3910 6
740 1
4711 7
409 4
2977 2
422 3
1903 9
3726 10
2348 7
658 8
801 1
1762 2
3426 10
1818 2
1469 4
864 3
2194 3
2974 5
4302 4
3112 9
197 10
3464 2
4642 2
4913 9
3953 4
3700 6
3849 5
2425 9
606 7
142 4
4923 3
869 4
13 2
4755 1
2385 8
2220 1
610 3
1723 5
976 9
3253 5
2696 2
4624 4
1776 3
2185 10
2652 1
189 1
335 9
3563 10
3558 8
1384 2
1728 3
3050 9
925 1
198 5
122 4
1761 8
3321 2
3849 1
2904 2
2162 2
2404 6
3901 5
2160 2
3281 6
2933 6
425 4
1284 2
1396 9
1368 9
63 6
1124 5
980 4
3783 8
1279 6
1053 1
3046 9
2450 6
480 6
3740 6
2235 4
4080 3
1817 8
4250 8
4841 7
1393 9
1362 4
1614 3
4800 9
1677 9
4382 9
1974 10
44 1
1241 5
1673 4
4847 8
449 3
1719 6
4263 10
3949 1
4176 10
4025 1
3743 4
3251 9
1356 4
471 10
446 5
2659 7
2817 1
1573 3
2991 7
4034 3
4129 8
523 5
4709 1
3741 9
1441 1
4298 2
3536 5
4124 7
3290 3
3394 10
818 10
3265 2
1750 3
4766 10
3704 6
5 7
1646 9
124 1
4566 6
3427 4
712 8
4896 10
1512 8
932 7
3383 6
976 9
3071 5
1364 1
1614 8
2688 9
1233 8
3960 7
2279 1
2324 2
2081 5
3782 9
3020 10
3789 2
2858 3
3772 6
2763 5
3422 2
3725 7
2150 4
713 5
4087 3
3377 5
3386 6
1210 7
4767 9
4576 10
4311 3
2287 7
3557 6
2681 9
4448 2
1447 5
2461 5
4499 8
3613 5
4185 8
2862 9
1098 3
1832 2
2672 5
3015 10
4039 2
4268 5
1343 6
2210 5
4991 9
743 9
3789 9
1398 6
4196 2
2161 3
1898 1
3961 4
3988 1
2448 9
3968 1
4137 9
785 9
160 10
637 7
2372 7
1051 4
1206 9
3838 5
4636 4
3096 10
1244 9
2390 8
2582 3
2679 2
4632 7
2120 9
2479 3
3920 8
1012 4
4391 3
1263 2
4320 7
4157 5
2985 2
1779 9
4807 4
12 4
1727 9
3507 5
131 7
4145 2
2403 8
1906 4
2594 2
2759 6
2552 4
3460 6
4830 1
3976 4
2080 6
2538 9
669 6
4815 9
3764 3
4974 5
1431 5
2411 6
4237 2
3836 1
6 5
1434 8
2133 10
84 7
2288 1
556 7
3784 9
363 9
2767 2
1244 2
4161 1
4387 3
1553 8
2855 6
112 6
3303 5
2444 5
4588 10
2330 3
4948 1
1335 4
1665 9
2956 2
777 8
115 1
2653 3
2158 1
410 2
1983 9
423 8
501 1
3642 5
499 2
478 7
1838 5
4388 3
1508 5
1074 8
4136 5
2077 9
4186 1
917 7
2963 10
1479 3
2264 3
387 5
2324 4
3492 8
1326 6
973 7
855 10
1545 4
949 7
1367 5
4329 6
2489 5
2061 2
198 5
1550 8
1114 4
105 9
1608 3
4829 1
2421 3
2720 10
123 7
825 2
713 8
4119 2
1999 10
2087 10
3797 4
4787 6
3333 9
1474 5
641 9
2401 9
1099 5
4766 9
4517 6
2485 9
727 5
2196 6
938 9
632 2
149 9
1017 8
3411 9
3253 6
1237 2
3482 2
971 5
4482 9
1595 2
137 9
4352 4
91 10
1127 6
1997 4
4881 8
4498 5
4819 10
4843 5
222 3
737 10
2038 7
2975 1
4325 9
2316 9
235 6
1789 2
4038 4
2652 2
2858 9
4505 7
265 7
179 5
658 9
1361 4
2129 3
4721 2
2953 1
2608 7
4905 6
2954 6
4298 10
4142 8
858 5
1383 1
671 2
4977 3
4426 5
4904 6
1469 1
2953 7
343 2
2630 3
4802 6
4572 4
3955 8
3945 2
1807 6
4222 4
4025 9
4803 4
4558 7
3370 9
2868 1
2563 6
1577 5
4050 10
4567 3
385 10
1528 3
4715 5
2292 4
3326 1
1888 8
3799 9
1139 10
2380 10
2493 9
1755 3
4798 3
3706 9
2466 10
4399 8
436 3
1267 2
4867 9
3917 9
4140 10
183 9
663 9
4430 10
1862 4
1330 4
2742 5
4890 5
4041 7
72 9
1913 9
2022 1
4497 5
2924 7
4039 1
1039 10
214 8
2280 1
3567 10
1612 7
2166 9
3954 10
775 9
1569 4
1625 8
739 1
1709 10
117 5
1751 3
4942 6
3151 3
4994 9
2188 2
4009 8
4675 10
687 9
2074 6
373 1
4525 9
2054 8
2271 9
4034 2
4901 10
1475 3
142 1
216 2
553 3
2768 7
4359 1
1844 5
2884 10
3400 7
2009 6
2940 5
2023 10
885 10
3398 4
3598 8
2179 3
3031 8
2305 6
1301 7
4770 8
3600 9
3713 9
1101 6
446 5
3221 3
1662 2
37 4
2997 8
3814 9
4130 10
3415 6
3075 7
1761 7
4824 9
4349 4
4525 9
468 5
4519 2
2622 2
1140 2
3508 3
625 8
2050 1
2148 6
809 2
838 5
64 4
4986 6
2227 10
4919 6
898 2
2525 2
3150 2
3422 8
4581 7
216 10
347 1
3581 8
3288 3
2182 2
2216 6
3736 10
1296 2
986 5
42 2
179 5
2251 7
97 8
3746 4
3729 6
2071 5
1165 5
1175 9
1298 2
2649 2
1636 8
2787 4
4002 4
4980 6
80 5
2485 2
3227 1
112 8
3107 4
3740 6
1636 5
1965 2
4527 9
2805 4
2343 1
4278 8
3712 7
4106 2
519 9
770 7
4615 2
396 4
1536 7
667 3
2255 2
2963 2
2376 5
4681 5
4054 7
1465 9
4988 3
3414 1
2016 6
4362 8
2424 9
1635 8
2121 7
1932 5
2441 4
4815 3
2518 7
2137 5
4824 4
2483 7
1181 10
4651 6
4331 4
1870 4
4232 6
4033 6
2148 3
3241 8
2068 3
2884 1
1366 4
4931 9
1020 7
2469 3
3722 4
3537 10
4378 10
2474 6
1469 2
4930 5
4159 7
4743 4
2861 10
3764 5
2986 6
798 8
2947 7
2404 4
1173 6
3822 7
1107 2
3678 1
2368 10
2378 5
3884 1
3405 7
4820 8
4287 3
2351 10
276 5
3665 9
1463 6
534 7
3502 3
2951 8
2208 3
4949 6
249 1
2620 3
347 3
1721 2
4032 5
2243 4
3844 2
1090 8
3191 7
1
4866 5
1
4446 2
1
1484 6
2496
1457 6
234 1
2173 9
3989 10
441 9
4917 1
444 3
3298 8
743 7
952 2
4685 8
4497 5
1353 6
1960 1
808 5
4829 4
1204 3
3993 9
703 8
604 7
743 4
3809 2
4648 2
2281 2
4853 2
4770 7
148 4
4308 10
1570 10
4360 9
2120 9
4497 6
3749 10
4228 10
3310 6
1750 6
3312 8
1571 1
3012 4
3534 3
4580 1
1067 1
3582 1
4480 2
2301 7
3751 6
4355 2
1038 10
3571 3
2163 5
4698 9
3676 7
2883 1
1048 1
2899 4
857 2
2083 6
2789 2
478 3
2947 6
3282 4
2635 2
2891 1
2288 3
2930 1
3311 3
4765 6
3216 4
4656 5
2489 5
1776 5
4675 7
10 5
2673 3
446 1
2747 8
185 3
3841 3
38 8
1173 9
1214 10
4344 1
4584 10
3515 8
1549 3
1419 6
1153 5
1266 5
3613 1
2031 6
4200 2
2238 1
3126 4
2805 6
4140 4
4107 8
3058 10
3416 1
1386 10
4172 2
465 4
3521 3
545 5
331 7
2406 2
3782 5
4682 3
3538 2
28 10
645 5
3201 4
1974 8
4636 3
3132 5
283 1
1211 6
3578 6
1686 1
562 8
2282 5
2715 5
4978 9
3204 3
3147 7
1643 4
1022 6
1877 9
1731 7
3238 10
4821 8
4652 10
2703 8
3929 4
4765 1
242 7
496 4
1679 1
411 7
2153 8
2178 5
1159 3
252 7
141 2
1438 3
3547 10
3065 7
4550 5
4937 10
4624 2
1572 10
4583 1
433 6
4094 5
1132 2
4749 6
4226 10
3340 1
4030 6
3536 2
929 6
4256 8
564 3
2149 7
4195 3
1374 2
2245 9
983 7
539 5
3356 4
792 2
3552 9
336 2
2982 10
570 8
529 10
4778 1
1828 10
1612 7
4971 1
2305 4
391 3
2471 5
3790 1
2012 5
4975 1
2506 2
1470 2
4249 3
539 8
4901 5
3177 5
4671 1
1587 1
1055 6
341 6
3034 8
134 1
4492 10
2664 8
4601 1
4353 5
3373 10
34 1
3281 3
4109 2
3744 10
3355 5
3648 9
3469 10
1023 2
2009 1
435 2
1808 10
3882 4
4653 8
146 5
2135 3
4837 10
4190 3
3238 7
1339 8
4250 2
4914 6
4477 5
1654 1
1169 6
249 4
1549 2
4662 2
958 4
2905 4
1978 4
4591 1
400 7
233 9
3437 8
3313 4
3465 3
706 4
2124 4
3536 5
3563 8
2328 1
437 10
616 4
1818 2
3913 7
1406 2
4214 3
824 4
216 1
3992 5
3937 5
411 3
213 1
4360 8
2969 9
2641 6
1523 5
3690 5
2111 6
1092 8
1376 8
573 5
2468 10
4507 5
1278 3
1356 1
3027 1
4268 3
545 1
405 4
1766 5
2298 3
1536 10
3061 7
4148 4
1166 7
1013 2
2147 6
3904 8
4344 9
2910 6
2959 7
1068 8
3987 1
2635 1
3205 1
593 1
969 9
4317 6
2883 5
574 4
1480 9
2133 2
3444 5
1528 1
2116 10
400 2
1468 7
2099 5
4744 8
1923 6
1979 1
3560 9
4944 8
2582 6
2256 5
1075 4
4417 2
302 1
2789 9
622 8
193 5
2887 5
4521 2
729 3
1213 2
3967 7
1751 10
4493 9
1598 4
2142 3
341 1
1004 6
216 1
171 3
4188 6
4970 10
3452 6
3405 2
3811 3
2634 3
2844 7
4497 1
2028 1
3662 7
4420 2
4820 7
3779 7
4323 1
2601 3
3550 5
637 6
590 4
1841 6
3664 4
4736 6
4840 1
2726 6
4633 1
1102 10
4050 4
2611 10
3357 9
3224 4
2865 8
4250 10
4697 10
1482 7
1108 8
1719 9
3349 6
3024 2
1897 10
2279 5
3905 10
3056 6
4153 6
1243 10
4758 3
1806 6
2682 7
1482 9
1507 5
4468 1
4999 9
2187 1
1876 10
4911 7
1097 1
2674 9
854 7
1043 4
3101 3
3838 6
640 5
1788 1
2586 8
1996 1
2145 4
1943 7
265 6
4838 9
3856 8
27 2
4014 7
4354 2
4477 1
747 7
2197 6
1630 9
4678 4
207 5
2585 1
1016 10
1640 10
3410 3
4130 7
518 9
3321 7
3753 10
3781 2
3757 9
893 8
4806 7
3380 5
1481 5
969 2
3884 4
4697 6
1179 8
1410 6
3757 4
3824 7
2788 4
642 6
1278 2
4219 1
2828 10
2671 4
3157 4
1207 9
3312 10
3407 4
3808 10
4906 1
2953 9
218 1
1815 2
1859 5
1959 8
883 1
2945 6
1598 10
265 7
321 5
3117 5
2119 4
1036 10
1780 3
679 7
437 9
4141 4
1064 8
2166 9
2679 6
945 4
454 5
2622 7
310 2
925 1
2481 7
2142 6
4357 8
1679 7
4671 10
4050 5
3530 2
2763 4
786 7
4941 5
879 3
695 10
2043 3
2482 2
1893 9
3099 9
4379 9
2863 3
4337 5
4093 10
4626 7
1778 9
4952 4
2666 8
2648 1
1256 7
4225 10
3520 7
2388 6
1538 1
3660 2
1152 7
101 7
4652 5
970 4
88 3
749 6
4764 4
264 6
2469 6
4187 3
3174 10
3587 6
3776 10
1685 7
4599 6
4552 10
3977 8
3703 5
1889 3
4015 2
4782 10
4975 8
621 5
1285 3
1422 7
1259 8
4380 2
2665 1
2460 6
375 5
309 9
159 1
3031 7
3588 7
4809 4
683 2
1200 7
4363 7
4973 10
1173 6
2810 1
1486 9
1609 5
2612 1
1373 8
1501 2
1321 7
1073 6
484 7
1170 7
1433 10
2263 7
4669 6
2782 2
4144 7
2701 5
1027 8
4341 4
2537 4
3437 5
4128 9
4543 3
4445 3
4647 5
2736 9
591 7
480 2
1320 8
2804 9
1276 4
1018 4
4379 2
3992 4
58 9
2259 10
4864 4
2546 8
2512 5
2345 6
1783 9
2194 8
4418 9
485 7
4524 1
2313 3
1629 9
3457 3
4959 5
386 3
3003 9
3790 5
2060 3
4850 8
3257 9
2423 3
3954 2
3340 5
2032 10
4255 5
3993 9
4464 6
2804 6
2350 4
1063 8
2464 1
4097 6
1128 3
4817 4
1911 4
337 7
1594 10
448 2
4162 4
1797 10
1668 3
1970 3
3247 10
3702 7
4369 7
1757 2
591 4
2112 5
3887 5
1448 4
1024 9
3215 6
1799 1
3120 2
2913 7
3686 9
318 3
4226 4
311 3
521 1
874 10
2709 8
2927 7
149 2
3595 1
3343 2
335 8
246 7
4533 2
1454 3
1958 10
140 8
1407 8
3267 1
4239 1
548 6
917 4
927 7
2326 2
4770 1
512 10
3486 10
4244 7
2814 1
2548 9
3937 6
499 7
4940 2
914 4
4222 2
2061 9
370 2
133 8
4135 3
2179 9
1409 4
1281 6
3275 4
3824 9
2891 8
2364 3
4573 4
4299 5
3958 3
3307 5
2069 3
1471 6
1338 6
3677 8
3869 9
4517 5
1870 3
1387 2
4842 10
4018 8
3479 6
1799 5
2423 8
2876 6
1195 8
3185 3
614 8
3164 10
3147 9
1847 7
295 8
735 6
796 7
4953 10
1054 9
1135 7
4947 4
3953 4
1027 2
54 3
830 2
4585 2
2790 8
220 4
3556 8
4295 6
523 10
324 8
2813 4
841 8
3511 9
896 4
2686 1
513 9
3474 6
269 3
1432 6
4537 2
2732 2
4472 7
4063 7
3774 10
4079 8
2194 5
2007 1
2663 10
2741 8
1771 10
4531 6
3179 8
791 7
877 1
2092 10
4287 9
2987 8
512 6
3670 5
2816 9
2974 8
4603 10
8 9
2508 2
1138 5
3943 9
13 3
1237 10
2846 10
4471 10
1516 2
822 2
1380 4
2310 1
1286 6
1906 1
2481 8
427 7
3461 9
4454 8
1285 1
1543 4
128 3
3970 1
3645 3
2638 8
2901 5
2223 4
1715 8
2169 3
4486 8
165 1
1753 2
4102 8
1665 5
4369 4
3637 1
2766 6
4250 1
820 10
1916 10
4294 1
3334 9
3709 9
1568 4
734 4
3618 1
3525 4
2286 1
2958 2
3543 1
2526 10
4927 8
4015 7
240 4
1232 8
4220 10
798 5
3607 7
2605 6
4649 2
1353 7
1569 6
3702 1
3093 5
3009 2
2962 9
791 3
4249 8
3013 6
252 5
266 2
2089 8
2169 2
4926 5
3048 4
3503 9
4631 2
3242 6
2405 9
3269 10
4914 10
1993 6
4619 3
3746 10
2861 8
1855 7
3483 10
2665 4
4353 6
4282 2
2283 2
1333 1
4854 10
2837 7
4190 5
200 6
527 5
85 9
2358 4
1249 9
236 8
1436 10
3998 3
2917 1
1764 2
3366 5
1066 7
4603 10
1641 7
1099 4
1098 1
443 3
1065 7
927 1
3215 1
3264 9
3722 2
3149 1
4396 10
787 4
4211 5
904 6
2082 10
3273 1
4679 1
661 8
556 3
1693 4
577 2
3486 9
4814 5
4955 2
3518 4
3063 4
1496 6
1732 10
3405 7
4177 10
1237 7
4363 1
3741 7
3451 9
2081 10
25 6
2126 4
1741 10
48 2
1513 6
4114 9
4207 2
1254 1
1522 3
3961 7
4206 5
4254 2
3014 10
4587 9
442 9
2769 3
394 2
402 2
1531 9
2325 3
3144 1
3064 9
4271 4
4176 9
4819 8
4996 5
3047 2
3482 3
2456 1
2336 1
564 7
3292 2
3321 7
93 1
2596 3
3591 5
362 8
3491 5
1309 1
1621 2
3793 1
729 10
3072 6
4434 3
653 8
931 5
3065 1
593 8
265 3
2077 8
1273 8
1643 2
3811 6
2619 7
729 9
1970 4
3425 6
1551 10
2401 2
253 3
3836 2
3381 2
2403 7
3526 10
3590 10
1633 8
1831 4
4133 4
1909 1
2809 8
1393 8
4358 7
4703 7
1663 6
923 5
4552 6
2975 4
3537 1
4420 1
2078 5
3958 9
502 5
3825 10
2871 9
2996 2
4807 10
2814 7
103 9
659 7
4055 2
1926 3
4859 8
3793 3
1473 3
4486 7
3439 8
462 6
2976 6
1577 4
1502 4
3530 4
2083 1
1195 7
836 2
2697 9
282 10
1485 10
1514 2
3663 10
2448 8
3944 7
133 4
352 3
1756 9
455 5
3653 2
529 2
3889 10
767 5
4414 4
4634 5
4920 1
3027 10
2380 4
993 9
4029 7
4219 8
2328 4
4272 2
1858 6
2680 7
1762 4
4558 7
1250 8
1072 9
4420 1
2818 7
1867 10
2735 5
3287 3
1695 6
4690 7
576 10
1918 3
4518 2
1006 9
2392 9
509 7
3588 1
3190 9
2744 4
2787 9
389 8
737 4
3019 7
1690 2
3562 1
3096 9
1851 2
4631 1
4681 8
4795 9
2503 10
870 9
3234 7
1623 10
1264 1
834 10
1256 6
230 7
3544 6
3717 2
2270 8
1882 7
422 5
4709 3
2070 7
860 2
4523 9
727 3
2912 8
4603 8
3330 6
1692 5
4321 3
531 9
2159 10
2280 6
2445 2
1828 3
2193 5
369 2
4242 5
534 6
2842 2
2285 6
152 6
404 7
769 1
2747 3
3849 1
3447 3
1597 2
1804 10
246 5
2227 6
1137 6
359 10
2185 3
4956 6
1485 5
2854 2
4791 1
2389 8
2 5
1607 10
2379 2
4821 3
4527 7
3239 6
4954 10
1915 7
2409 6
3598 1
2003 1
3344 1
3864 5
2889 6
4947 4
3487 4
1277 3
4265 8
1862 5
17 10
10 4
4313 6
5 4
3111 7
1282 7
4190 4
791 2
622 3
4181 9
693 6
2528 1
1048 10
4952 9
1427 10
4426 8
2396 7
3543 10
2008 8
2568 4
4839 9
547 2
940 10
2418 8
4904 10
1401 2
1435 8
2686 1
1298 6
862 3
4912 9
2525 1
1838 10
4287 8
199 7
2482 5
290 8
2542 10
4358 2
704 10
137 8
612 3
4468 9
536 5
588 4
3151 7
3733 5
3240 2
2151 1
2347 1
4203 8
2531 5
2875 1
3704 2
2365 7
1326 4
215 1
3195 4
4065 4
290 3
212 8
2727 6
4299 10
4293 9
2598 5
1251 8
4246 9
4420 5
3311 10
3140 8
1795 4
933 9
3632 7
2836 7
1679 5
1538 5
2009 9
4433 1
4984 2
4068 3
1983 6
4901 3
3251 7
4475 7
145 8
4743 7
279 2
3804 4
4634 6
3609 7
2629 5
1748 1
3152 6
3174 3
3786 7
4150 1
3659 7
1563 10
1871 1
4285 3
2677 8
2656 1
1771 10
4841 6
595 1
1857 10
2219 3
2825 2
1532 1
484 10
1799 10
2659 5
1060 3
800 10
2733 8
509 7
2722 5
4961 4
2070 3
4000 3
2872 9
1355 5
1180 8
2018 2
4979 10
3801 9
2499 4
2001 9
1968 9
1038 5
4042 2
2164 8
1995 3
2508 2
1700 3
221 2
2908 3
609 7
1141 10
4827 4
2334 4
479 3
2729 5
3879 4
2914 3
292 5
2477 6
3812 1
3727 10
3019 1
98 4
1575 10
546 9
996 3
4386 8
2433 5
793 1
1049 4
4606 3
3493 4
1653 7
3031 2
766 4
3268 5
1842 5
4115 2
2015 2
3476 6
3479 3
1143 3
740 6
2189 5
4563 5
2713 2
3472 6
2342 4
962 2
2431 7
4081 10
1828 5
1573 5
1633 3
4314 8
2339 10
4187 8
814 3
946 3
2198 6
3320 10
3179 9
1434 6
1819 4
1574 6
2292 6
4986 7
3321 10
1534 10
1511 7
187 6
1868 7
2093 7
2177 5
1383 8
457 3
2949 5
3028 5
687 1
3013 7
41 3
2052 2
642 5
4514 2
4393 7
2901 3
3234 10
3180 1
3228 4
1323 8
1339 7
3059 9
4775 9
4262 8
2388 7
1397 8
3185 9
2356 7
4446 7
3055 9
831 10
4893 2
3249 9
2643 2
1761 8
3772 5
661 8
1941 8
792 1
1686 9
2145 5
159 9
4695 5
4623 6
852 6
1822 8
3154 6
592 7
3225 2
2384 6
1622 1
1816 9
4199 3
3148 7
4072 7
1006 3
3140 8
4685 9
4290 4
4670 7
3231 5
1770 7
1672 9
1023 8
2458 1
3307 10
3629 8
2419 3
1969 4
427 5
2856 3
1 1
802 1
2399 2
2045 7
1608 8
2559 2
49 8
2159 5
938 7
3360 5
245 3
933 5
832 10
4839 4
2109 8
1552 5
1363 8
449 3
362 6
4075 2
2961 9
4452 9
1252 5
674 9
2619 10
761 10
564 4
1523 6
1633 6
620 4
1406 7
2342 5
3239 8
1663 6
1159 6
1921 8
3498 7
4494 8
4014 6
3018 2
4482 10
176 6
4275 5
1184 8
4691 4
1207 9
2534 3
109 1
4990 8
1345 6
1708 10
355 9
1044 9
731 1
3778 3
4608 6
4053 1
73 1
3096 2
2822 5
4226 2
3010 10
1771 7
2392 2
309 10
787 5
2402 4
1008 3
4935 7
2419 8
465 9
664 1
1835 9
2383 10
1281 9
966 3
2819 2
1475 7
3073 6
1801 4
682 10
4431 10
3793 9
2315 6
4284 9
3561 7
4408 6
456 7
78 7
3781 7
2946 3
1907 3
1283 5
372 1
1017 5
2226 1
2838 5
484 6
4313 9
3424 7
1407 2
1701 10
798 3
5 9
2819 10
722 6
207 4
185 6
1500 4
4916 6
3785 9
4460 8
1198 1
2445 2
3234 3
3422 8
4199 2
3509 1
4239 8
4629 5
3826 8
1346 5
2517 3
93 4
2202 6
4866 9
2819 4
4051 6
95 2
2395 5
2362 8
4777 9
2204 7
3951 10
4822 2
1266 8
3262 8
1223 2
1679 4
3213 9
4557 10
2695 7
636 9
2820 4
2733 6
2836 4
1081 4
4932 1
207 9
462 9
3089 2
90 4
2716 10
4761 7
705 8
719 10
3540 5
3671 8
3863 3
1363 4
3958 6
559 8
1325 2
1509 10
500 8
978 5
4139 4
896 8
967 7
158 1
4082 8
4999 10
1088 2
940 6
685 5
4568 1
3595 8
4604 8
560 8
4081 10
2496 8
3299 3
1906 6
3028 6
4753 4
417 9
246 5
3532 8
2105 7
3636 8
2990 8
756 10
3488 1
388 7
4693 4
3169 10
4269 7
3256 2
3612 4
3189 2
4663 6
4957 1
61 6
2737 1
4351 8
436 3
1360 2
1102 2
1744 10
2787 10
276 9
2109 3
3274 5
132 5
1498 5
848 1
1487 2
3677 3
917 7
755 6
4190 7
3375 3
883 9
2227 10
3596 6
3987 2
2944 10
4640 7
2687 9
4530 6
4839 10
3988 3
3302 2
2208 8
4299 1
4075 3
1036 9
902 3
1324 8
935 4
1669 7
766 8
4807 4
1418 7
2146 6
4620 1
1797 5
1399 5
1810 3
52 9
2325 5
793 8
4705 5
2133 9
931 4
4290 2
6 3
3999 2
406 10
465 8
1938 5
2604 8
4439 3
3558 9
947 3
780 6
2492 9
3277 4
259 9
239 10
27 8
1822 1
3684 4
432 2
192 5
841 10
837 6
4604 2
3528 10
725 3
2096 10
1610 4
3747 6
4049 10
4494 8
2305 7
2908 10
479 6
3431 9
264 8
3863 3
1847 7
3195 5
3265 7
2388 9
4394 7
369 10
2454 4
2999 5
3784 10
4216 4
1867 9
856 7
461 4
2342 4
2392 10
4945 8
1135 7
3679 8
3185 10
1377 6
4332 2
3206 9
4081 10
3925 7
3471 4
1701 1
2506 5
4859 8
4790 1
4541 10
3365 4
271 7
3987 1
560 7
904 8
366 8
4034 4
1899 4
2962 5
2205 1
1419 8
1204 2
263 9
4720 6
3083 7
4479 1
1094 8
4780 3
2980 10
168 8
3655 7
4301 3
2704 7
235 5
4060 8
3243 9
2530 7
3053 10
2529 2
4103 9
3002 10
3760 2
4553 9
3856 3
2259 7
2568 6
2312 1
2654 5
4134 2
2633 1
4084 10
3814 2
1022 2
4115 2
1386 9
1040 7
2854 3
2304 2
2866 2
1842 3
2177 1
2175 7
4767 6
1648 2
4679 3
3156 5
2418 8
4370 9
611 7
4951 10
3732 4
339 9
1372 9
288 7
4580 3
2828 6
2476 10
1502 2
4131 10
3210 7
1619 9
3405 7
624 7
2494 4
4869 2
2528 10
1344 2
854 4
384 4
2637 4
2375 8
148 9
2537 6
2084 4
3468 5
2380 3
1559 2
3513 3
4911 4
1049 3
2646 5
3604 5
675 4
3209 1
4260 6
2306 2
1802 3
2872 4
2225 3
1177 3
4362 7
2424 6
85 1
3683 6
3724 8
4313 1
2719 6
1582 8
3528 7
2157 2
3928 3
3643 4
3867 4
2354 10
1859 3
4314 10
4382 7
4488 4
1961 2
2837 5
177 3
42 6
4924 4
2115 7
1935 9
1649 9
4544 2
4932 2
810 4
3851 1
3026 10
3714 6
4390 5
3399 7
1898 10
4588 9
1862 4
2926 2
4435 10
3839 4
2480 4
2204 8
1234 5
3821 9
2282 5
4181 2
1486 2
1329 3
332 6
2310 9
1406 6
3716 8
4327 10
763 1
1549 9
4991 6
3457 6
397 1
3283 7
4310 5
2670 8
1818 3
3992 6
3108 6
3370 6
182 7
534 1
2261 8
3014 5
938 5
3800 5
1581 9
1195 1
2325 5
3291 2
4968 8
1853 9
3922 6
243 5
3251 9
2195 6
2550 8
4688 10
3238 5
3513 6
2656 6
3068 5
4584 8
441 5
1726 8
3138 2
3462 8
408 6
3067 6
1724 6
2025 8
3598 9
4371 9
2416 4
2576 8
3469 7
3637 3
2928 3
581 5
545 3
1019 8
753 4
293 5
4009 1
4073 1
1233 10
4627 10
1282 10
2541 7
3320 9
4622 4
3236 8
4603 2
22 1
3054 7
4924 6
3941 7
234 3
4015 7
2416 4
3394 3
645 7
3195 2
188 5
1496 7
4689 9
3808 1
60 8
4712 9
3444 6
3371 1
3899 7
628 4
2730 2
545 9
3665 9
3341 10
740 9
4241 4
1076 4
3453 6
4049 3
3375 1
4558 7
1689 9
4560 3
2118 4
3689 1
876 4
2562 6
1767 7
2624 4
1550 4
2538 10
1886 5
2007 7
1865 5
3780 1
721 4
231 8
490 3
1064 8
2412 8
4288 1
4312 5
101 8
2421 1
3803 8
2133 5
911 7
1162 6
2774 2
1377 9
512 7
1377 9
3262 8
2463 1
1340 2
4228 9
3595 5
1693 9
4699 1
4285 10
4982 5
3344 3
594 10
1386 3
4836 6
2323 5
714 7
2676 5
696 3
1493 9
935 10
2045 2
2136 4
3051 3
3961 4
3700 2
910 10
4875 9
629 10
2610 5
142 5
2018 1
3010 5
2884 10
703 3
4123 2
345 8
3711 4
2531 8
1119 4
173 10
84 5
4627 6
903 2
3554 7
4334 7
1503 9
2952 10
1160 5
2384 2
1184 9
1644 5
2423 7
3391 9
1099 4
4894 3
1875 7
4190 7
3466 3
416 9
2471 10
2242 6
2699 7
4985 9
3245 6
2035 8
3322 6
3742 2
2223 10
3541 1
2611 1
4307 2
2560 6
4955 6
1371 10
4705 1
3923 4
3981 6
1054 4
748 3
2070 2
4521 4
575 2
1287 3
2284 4
934 4
1406 3
2092 10
386 6
4132 3
993 10
3092 5
2153 8
3515 7
3164 5
4817 1
4142 7
4638 8
3878 5
743 8
3903 1
390 8
4841 9
4619 4
3918 9
1339 10
1948 2
2728 6
3207 9
1666 1
3357 10
762 9
4261 8
3889 10
2338 3
194 2
3810 6
103 9
3323 3
4421 6
1586 8
2713 2
2315 7
2826 1
3180 3
4292 2
395 1
3066 6
484 6
3822 2
1644 5
464 5
1205 10
516 3
4903 8
3899 6
3054 8
2768 5
4216 4
1186 10
1459 1
879 3
3890 3
3208 8
2183 10
3289 8
3922 9
3343 10
3629 9
230 6
4347 3
1646 1
1068 9
1784 9
3201 7
1177 7
2674 7
3512 1
3445 5
1094 10
649 1
1345 4
2636 8
3332 6
549 7
1261 4
1996 2
2641 2
4402 8
2083 7
1889 4
43 4
3738 2
1984 9
2577 3
519 9
4270 10
2778 9
1223 5
1828 7
2533 10
1219 10
1698 6
541 6
3955 6
1084 10
1300 5
2947 1
4401 9
1430 2
860 10
2301 9
4799 2
3950 9
901 10
4886 9
849 7
2 4
3798 8
19 9
2132 3
4529 7
1174 10
2067 7
257 4
1464 3
1347 1
2357 3
2342 6
9 2
4211 8
1779 10
1513 2
578 6
3288 7
1138 5
4325 5
4729 9
2456 9
60 9
3271 5
2960 2
2627 4
1638 1
480 4
16 9
2928 10
3682 6
3110 8
1392 6
651 8
2768 10
2683 7
2017 9
540 1
113 5
4018 10
2870 3
4407 4
661 2
3285 1
4330 5
435 6
3083 9
775 1
797 9
4475 9
2182 3
2847 8
1395 5
2714 10
4734 6
4639 6
707 8
1293 4
690 9
1314 10
3658 4
882 8
4865 2
2649 6
2608 1
4276 4
302 8
3185 2
2137 2
1312 8
999 6
3973 6
2676 1
3091 3
103 4
3097 9
1135 9
150 3
1113 4
2675 4
414 8
2718 7
465 2
2583 5
477 8
818 7
4628 4
2968 8
2513 10
932 10
4940 3
3203 5
2096 5
4133 4
2222 4
1330 2
685 6
3512 5
3297 9
2047 3
3901 2
3809 9
3243 1
4981 5
2536 3
4129 9
2100 4
1381 3
2565 4
3291 9
1075 5
2731 3
3135 6
868 8
1253 2
294 3
782 4
3535 2
3813 6
625 4
422 3
4708 8
1191 3
4712 3
3227 3
532 8
2249 5
2979 1
3596 8
4169 7
2413 10
533 2
3812 2
4816 3
1226 9
619 1
4291 7
2764 10
1255 3
679 10
4044 9
2062 9
1924 1
2037 1
1209 5
2840 7
2880 5
514 4
613 1
3026 3
4315 4
374 9
4196 8
3457 3
417 9
2805 2
4855 3
2458 5
4426 9
1453 9
3885 8
3309 6
829 3
137 10
1670 4
3715 10
4023 8
1133 2
266 10
2424 6
2773 6
2843 9
3317 5
4074 9
715 1
2100 8
1322 5
1121 8
23 5
2565 10
4281 10
1271 4
508 7
2760 5
4288 10
1025 10
1143 10
1072 1
2145 1
2989 9
583 2
1254 7
1572 10
4207 10
3152 8
3745 8
4853 5
2512 6
2885 4
4380 1
466 5
1046 9
2402 7
1543 4
2411 10
1652 7
1555 10
4114 8
2786 9
4825 7
2853 4
3831 10
1155 7
3590 9
3604 6
2227 1
2572 3
1990 10
4579 9
2806 5
3410 4
1035 6
1269 2
1151 6
2630 8
3910 7
1583 8
2466 4
4444 4
760 6
1242 3
1781 3
3956 7
2419 8
2057 7
56 10
2800 1
1787 1
4270 8
1861 9
1804 5
3671 2
3986 9
3271 5
301 6
1723 6
3820 10
4758 7
2978 7
2249 8
2495 5
4725 8
2164 1
1072 3
2812 8
3263 5
3554 6
341 1
3999 5
3080 3
4085 8
443 8
1487 3
1566 7
677 7
2771 5
4228 2
2100 8
410 9
2010 2
2429 1
1674 3
1959 2
2353 10
3418 8
4802 6
2896 9
748 8
4103 4
4259 7
275 4
3424 10
1636 5
2975 10
2357 5
3626 6
3683 6
3826 4
575 7
941 7
3831 3
3051 9
417 5
50 4
3673 6
791 10
4617 3
3434 3
1991 8
3120 8
1824 3
917 10
16 9
3300 7
908 2
4900 7
2061 7
56 4
518 8
1603 4
4435 7
874 5
3660 3
3705 6
