2000 5000
1
1 9
1
64 10
1
12 2
1
49 6
1
52 6
1
15 4
1
19 7
1
95 10
1
12 7
1
104 10
1
6 1
1
15 2
1
21 8
1
14 2
1
9 1
1
11 7
1
103 10
1
81 9
1
13 1
1
13 1
1
35 4
1
15 3
1
12 10
1
69 8
1
24 6
1
44 7
1
15 10
1
36 9
1
24 8
1
58 8
1
17 3
1
7 1
1
58 9
1
35 3
1
81 8
1
11 3
1
8 3
1
7 2
1
24 10
1
30 9
1
22 2
1
9 3
1
1 1
1
31 6
1
13 3
1
29 3
1
53 6
1
64 9
1
20 4
1
10 3
1
19 6
1
23 4
1
15 10
1
41 6
1
7 4
1
14 3
1
40 4
1
6 3
1
12 7
1
26 5
1
28 8
1
65 8
1
8 1
1
15 2
1
7 1
1
8 1
1
38 5
1
1 1
1
17 7
1
51 10
1
7 1
1
19 5
1
73 10
1
16 7
1
7 1
1
6 2
1
41 4
1
8 8
1
10 9
1
29 3
1
13 10
1
34 10
1
11 10
1
24 10
1
11 8
1
41 4
1
15 7
1
15 7
1
53 10
1
60 10
1
56 6
1
45 4
1
4 1
1
7 1
1
13 1
1
62 6
1
51 7
1
30 3
1
40 5
1
44 5
1
6 2
1
63 6
1
20 3
1
21 3
1
9 8
1
27 4
1
11 1
1
21 3
1
12 2
1
36 9
1
13 2
1
42 7
1
26 7
1
23 9
1
86 9
1
18 8
1
73 10
1
34 10
1
4 2
1
37 6
1
13 2
1
24 2
1
12 5
1
71 7
1
53 6
1
18 2
1
29 3
1
36 6
1
65 9
1
9 2
1
30 6
1
8 2
1
7 1
1
36 4
1
9 1
1
22 5
1
42 7
1
40 4
1
31 3
1
53 8
1
4 1
1
2 2
1
9 1
1
10 9
1
21 3
1
27 6
1
73 8
1
21 5
1
18 2
1
61 8
1
11 5
1
25 7
1
16 2
1
36 4
1
43 5
1
10 4
1
11 8
1
4 2
1
80 8
1
12 9
1
42 6
1
52 5
1
85 9
1
16 2
1
39 5
1
8 8
1
11 9
1
36 6
1
42 4
1
10 7
1
14 2
1
14 4
1
7 2
1
33 5
1
26 3
1
92 9
1
53 10
1
32 4
1
11 3
1
20 2
1
14 2
1
27 3
1
11 5
1
58 8
1
74 8
1
9 1
1
7 1
1
44 5
1
84 10
1
33 4
1
2 2
1
41 4
1
40 4
1
21 10
1
42 7
1
46 5
1
38 4
1
19 6
1
2 1
1
10 8
1
34 5
1
55 6
1
29 4
1
63 9
1
8 1
1
5 2
1
58 6
1
64 10
1
6 5
1
40 7
1
92 10
1
49 6
1
15 3
1
31 6
1
16 2
1
10 1
1
19 2
1
12 4
1
15 2
1
86 9
1
17 2
1
6 4
1
45 4
1
27 4
1
25 3
1
34 5
1
22 3
1
75 9
1
17 2
1
60 8
1
64 7
1
82 8
1
24 3
1
31 3
1
74 10
1
52 10
1
14 7
1
82 9
1
2 2
1
9 2
1
9 1
1
19 7
1
17 8
1
51 7
1
75 9
1
24 3
1
24 4
1
11 1
1
23 3
1
6 1
1
30 3
1
82 9
1
59 9
1
39 7
1
12 4
1
13 4
1
14 10
1
65 7
1
30 3
1
28 6
1
16 5
1
9 2
1
10 2
1
9 2
1
26 3
1
33 5
1
27 6
1
50 6
1
45 4
1
26 5
1
34 5
1
102 10
1
72 10
1
40 4
1
92 10
1
58 8
1
11 2
1
72 7
1
67 7
1
18 3
1
4 4
1
54 6
1
84 10
1
17 3
1
51 7
1
14 7
1
81 10
1
10 4
1
61 8
1
38 6
1
4 1
1
7 2
1
25 4
1
14 1
1
40 6
1
7 3
1
72 7
1
11 2
1
19 5
1
19 5
1
16 8
1
12 9
1
32 10
1
13 8
1
29 3
1
18 4
1
33 4
1
31 10
1
5 1
1
73 9
1
72 9
1
10 8
1
10 2
1
47 5
1
56 9
1
13 1
1
47 9
1
30 9
1
30 9
1
8 8
1
14 1
1
7 2
1
21 10
1
35 5
1
58 6
1
7 1
1
47 6
1
10 3
1
29 8
1
15 2
1
76 8
1
81 9
1
9 1
1
74 10
1
48 8
1
10 2
1
18 3
1
28 4
1
76 8
1
14 3
1
15 10
1
3 2
1
71 10
1
34 6
1
45 10
1
81 9
1
40 6
1
38 9
1
26 3
1
13 10
1
28 8
1
33 5
1
6 5
1
4 1
1
20 2
1
45 5
1
10 1
1
25 3
1
20 4
1
10 1
1
32 8
1
10 5
1
51 7
1
20 3
1
12 3
1
45 5
1
24 8
1
10 1
1
49 6
1
4 1
1
20 3
1
19 6
1
6 1
1
19 3
1
15 3
1
13 1
1
32 3
1
77 8
1
43 7
1
15 1
1
19 2
1
34 8
1
50 8
1
48 8
1
49 7
1
44 10
1
25 3
1
14 2
1
45 5
1
3 1
1
44 5
1
22 2
1
4 1
1
19 3
1
95 10
1
39 4
1
9 1
1
13 5
1
21 3
1
13 3
1
9 4
1
38 4
1
9 9
1
29 3
1
23 3
1
22 2
1
45 6
1
56 7
1
49 7
1
42 10
1
21 2
1
28 5
1
73 10
1
55 5
1
8 3
1
40 10
1
30 3
1
46 7
1
67 9
1
40 10
1
6 5
1
39 9
1
11 1
1
9 2
1
37 4
1
45 10
1
54 10
1
12 2
1
60 6
1
14 1
1
72 10
1
10 5
1
9 1
1
104 10
1
85 9
1
29 7
1
91 10
1
77 8
1
73 8
1
71 10
1
95 10
1
12 10
1
53 5
1
27 4
1
35 7
1
22 9
1
5 5
1
18 2
1
22 6
1
30 9
1
43 6
1
20 4
1
45 4
1
11 2
1
54 6
1
31 3
1
40 4
1
29 9
1
21 3
1
25 2
1
37 8
1
29 5
1
8 1
1
44 5
1
55 6
1
48 9
1
43 8
1
30 5
1
56 6
1
20 2
1
30 4
1
105 10
1
13 2
1
65 8
1
8 2
1
51 10
1
17 3
1
10 2
1
18 5
1
10 2
1
35 3
1
18 2
1
33 3
1
5 1
1
58 6
1
6 3
1
41 5
1
27 4
1
44 4
1
22 10
1
14 2
1
20 10
1
6 1
1
51 7
1
19 3
1
28 8
1
19 3
1
61 8
1
30 5
1
63 9
1
19 6
1
38 9
1
22 6
1
10 3
1
11 9
1
43 4
1
5 1
1
46 9
1
49 8
1
42 8
1
13 4
1
21 7
1
7 3
1
11 8
1
54 5
1
32 5
1
94 9
1
42 10
1
22 2
1
33 4
1
28 6
1
68 8
1
9 3
1
60 8
1
36 4
1
51 10
1
52 8
1
9 4
1
2 1
1
32 10
1
8 1
1
40 4
1
40 5
1
29 4
1
66 7
1
29 9
1
43 4
1
25 2
1
25 3
1
45 5
1
33 4
1
21 9
1
12 1
1
16 3
1
55 6
1
62 10
1
7 3
1
94 9
1
74 9
1
6 6
1
6 1
1
22 10
1
3 1
1
24 4
1
95 9
1
105 10
1
43 7
1
39 6
1
16 4
1
14 10
1
12 10
1
18 6
1
12 7
1
14 2
1
24 4
1
30 6
1
39 7
1
14 9
1
81 8
1
10 1
1
62 10
1
20 5
1
25 6
1
32 3
1
22 10
1
58 6
1
66 7
1
20 5
1
20 8
1
73 9
1
73 10
1
13 3
1
85 10
1
30 7
1
93 10
1
2 1
1
12 8
1
83 9
1
11 3
1
9 7
1
27 6
1
85 9
1
19 3
1
92 10
1
66 8
1
14 9
1
19 8
1
15 5
1
29 6
1
38 6
1
94 9
1
21 3
1
41 4
1
7 7
1
55 9
1
11 1
1
33 8
1
44 6
1
5 4
1
28 3
1
84 8
1
57 7
1
3 2
1
4 1
1
31 4
1
61 6
1
9 2
1
20 4
1
3 1
1
4 1
1
36 7
1
29 4
1
14 2
1
65 8
1
10 1
1
3 1
1
32 4
1
45 7
1
64 6
1
52 8
1
16 2
1
5 4
1
10 1
1
15 5
1
92 9
1
66 9
1
17 4
1
53 8
1
21 9
1
24 10
1
90 10
1
21 2
1
94 9
1
27 5
1
37 5
1
83 9
1
71 10
1
13 2
1
34 10
1
18 4
1
15 5
1
50 8
1
84 8
1
7 1
1
5 2
1
37 6
1
42 5
1
35 6
1
60 6
1
21 4
1
38 5
1
15 7
1
84 9
1
9 7
1
7 3
1
14 10
1
29 4
1
20 2
1
12 9
1
30 3
1
7 1
1
51 7
1
55 5
1
36 8
1
53 8
1
15 6
1
37 4
1
15 3
1
16 5
1
7 2
1
22 7
1
16 2
1
40 10
1
85 9
1
30 10
1
20 5
1
94 10
1
21 3
1
19 2
1
4 2
1
15 5
1
9 7
1
75 8
1
12 4
1
28 3
1
33 4
1
61 6
1
13 5
1
24 10
1
12 1
1
19 5
1
9 4
1
72 8
1
13 5
1
8 6
1
30 10
1
29 3
1
24 4
1
37 4
1
85 9
1
53 6
1
55 5
1
45 8
1
50 5
1
11 1
1
29 3
1
26 3
1
21 6
1
32 10
1
25 4
1
64 10
1
50 5
1
75 9
1
17 3
1
34 3
1
29 4
1
21 7
1
34 3
1
22 5
1
41 4
1
28 3
1
80 10
1
10 3
1
14 3
1
7 3
1
10 3
1
6 3
1
8 3
1
49 5
1
68 7
1
15 2
1
20 5
1
65 6
1
19 2
1
9 1
1
41 4
1
68 7
1
84 10
1
7 3
1
23 3
1
44 4
1
27 9
1
26 6
1
18 9
1
22 7
1
53 5
1
55 9
1
19 9
1
36 5
1
6 1
1
24 4
1
40 5
1
14 9
1
24 7
1
17 6
1
35 10
1
46 9
1
56 6
1
47 7
1
20 5
1
51 7
1
4 1
1
4 4
1
5 3
1
26 7
1
52 7
1
24 4
1
20 9
1
19 8
1
26 4
1
35 5
1
6 1
1
41 4
1
17 3
1
4 1
1
10 1
1
32 3
1
66 7
1
38 5
1
19 4
1
7 3
1
81 8
1
46 7
1
49 5
1
64 9
1
21 9
1
93 10
1
6 3
1
24 6
1
5 3
3
29 3
25 8
21 9
4
58 9
48 5
5 3
32 5
3
7 3
57 9
71 10
4
45 7
18 2
29 4
29 4
3
44 8
40 5
42 6
4
51 7
3 1
13 1
31 10
3
9 4
11 1
72 9
4
102 10
28 3
5 1
31 3
3
42 8
20 4
60 10
4
12 4
8 6
53 7
63 9
3
16 2
90 9
64 10
4
14 1
10 4
10 1
34 4
3
54 9
21 2
31 6
4
7 7
7 5
29 9
71 7
3
10 6
15 3
38 6
4
35 8
24 2
60 8
29 7
3
46 6
84 8
42 4
4
58 8
72 10
26 6
38 7
3
21 10
10 1
14 5
4
35 5
65 9
5 1
4 4
3
84 8
22 4
18 2
4
32 5
9 3
75 8
24 8
3
8 1
20 5
18 7
4
13 1
22 6
6 1
18 2
3
10 1
11 1
29 3
4
12 8
39 6
19 2
12 9
3
102 10
6 5
14 3
4
95 10
22 9
41 4
33 3
3
59 8
44 5
71 10
4
10 2
4 1
22 3
12 2
3
16 3
6 1
33 3
4
66 8
95 9
11 2
43 5
3
23 7
31 6
21 2
4
32 4
66 8
16 8
8 5
3
16 8
69 8
75 9
4
30 10
69 8
21 3
33 5
3
52 6
11 3
14 4
4
18 3
9 1
23 10
21 6
3
9 7
37 5
94 10
4
27 6
11 2
4 4
47 9
3
11 2
36 8
7 4
4
39 5
54 7
10 4
27 4
3
32 3
16 6
31 5
4
36 9
73 8
23 4
40 5
3
62 10
102 10
24 6
4
9 1
62 6
5 1
25 5
3
20 2
73 10
6 2
4
30 9
14 4
18 4
17 2
3
10 1
8 8
20 8
4
21 8
46 5
34 3
13 3
3
66 8
6 2
35 8
4
86 9
8 1
17 2
25 3
3
23 5
39 7
11 1
4
26 6
32 10
75 9
10 2
3
74 8
73 7
77 8
4
6 2
8 2
10 2
57 6
3
65 8
19 4
74 8
4
35 10
11 2
6 6
48 9
3
50 5
6 2
17 2
4
11 2
31 6
10 1
9 2
3
10 1
36 4
17 4
4
69 8
14 2
52 5
20 3
3
3 3
14 6
7 2
4
44 7
69 8
10 3
6 1
3
5 1
17 2
80 10
4
8 3
17 6
105 10
7 5
3
10 6
51 6
6 2
4
14 6
4 1
66 7
9 4
3
100 10
72 10
4 2
4
43 10
6 4
61 7
44 7
3
20 10
56 8
34 8
4
33 4
31 7
35 5
24 3
3
64 10
75 8
64 6
4
7 5
76 8
21 8
81 10
3
13 2
27 9
9 7
4
16 4
11 4
16 3
12 2
3
85 8
12 1
5 3
4
21 7
85 9
5 4
9 2
3
24 3
32 7
23 3
4
3 1
14 5
12 3
42 4
3
12 2
44 7
5 1
4
84 8
30 5
21 4
11 10
3
71 10
16 5
11 3
4
22 10
40 7
25 3
12 9
3
58 8
30 4
10 6
4
29 9
27 4
35 4
101 10
3
25 7
49 6
5 1
4
30 6
8 1
8 1
22 10
3
20 5
17 2
35 4
4
53 7
6 3
53 8
10 1
3
24 4
24 3
5 3
4
14 1
44 8
29 9
39 7
3
9 1
58 7
7 6
4
6 1
40 9
11 1
13 6
3
57 8
36 8
25 4
4
34 4
33 4
28 6
11 2
3
10 4
52 10
20 9
4
33 7
8 4
105 10
2 1
3
16 5
6 1
41 4
4
54 5
37 8
37 9
5 4
3
10 3
5 5
49 5
4
32 8
34 10
31 7
15 2
3
95 10
7 6
57 7
4
80 10
37 7
59 7
8 2
3
103 10
68 7
21 2
4
32 3
12 2
5 2
94 10
3
68 7
20 10
55 5
4
12 1
8 1
46 5
22 10
3
80 10
13 8
1 1
4
10 7
21 3
46 6
54 5
3
61 7
25 2
25 10
4
80 8
91 10
50 5
28 9
3
31 9
7 1
67 8
4
7 4
94 9
84 8
8 2
3
22 2
29 8
9 1
4
77 9
41 5
28 3
75 8
3
8 4
10 5
29 4
4
18 8
30 6
6 2
8 5
3
42 6
57 8
103 10
4
10 1
12 8
20 4
12 3
3
102 10
40 6
16 4
4
34 5
75 7
6 6
31 9
3
68 9
56 7
41 10
4
8 4
73 8
42 6
27 3
3
21 4
94 10
3 3
4
17 5
8 3
59 8
71 7
3
29 5
92 9
10 2
4
29 6
48 6
72 9
29 8
3
44 10
33 4
17 8
4
7 2
23 3
12 2
65 9
3
4 1
18 5
23 7
4
10 1
34 8
49 8
37 7
3
12 9
59 9
12 1
4
9 7
25 3
25 4
40 5
3
10 3
52 7
36 5
4
17 4
16 2
69 8
45 8
3
32 10
9 4
28 9
4
10 2
34 10
2 1
30 3
3
7 5
42 4
30 7
4
58 8
82 8
53 5
15 10
3
40 8
21 6
12 5
4
40 9
12 2
39 9
32 6
3
7 3
29 6
63 10
4
33 6
49 5
35 4
5 3
3
36 7
60 6
6 1
4
9 2
22 4
54 10
14 4
3
27 8
84 8
25 8
4
66 8
45 4
14 2
64 9
3
38 7
12 1
16 5
4
12 1
7 1
19 9
49 5
3
9 4
52 5
10 3
4
25 5
65 9
19 2
38 7
3
37 5
10 8
36 4
4
31 6
35 5
30 6
30 5
3
7 2
65 9
70 10
4
39 7
43 4
8 8
73 8
3
53 6
74 7
18 2
4
4 4
58 6
73 10
50 10
3
46 7
5 2
3 1
4
35 6
11 5
14 2
7 1
3
40 4
45 5
57 6
4
80 10
75 7
42 8
13 1
3
30 7
24 2
65 8
4
65 6
4 1
30 7
44 10
3
67 9
15 10
63 10
4
27 9
67 8
10 1
2 1
3
44 10
57 8
17 3
4
3 1
28 5
31 9
32 9
3
34 4
26 3
40 4
4
56 7
41 6
8 4
41 4
3
66 9
8 2
72 10
4
55 6
19 7
64 7
65 7
3
41 5
19 3
49 9
4
44 10
90 10
61 10
24 8
3
33 8
36 9
11 6
4
25 8
1 1
5 3
12 7
3
33 4
39 4
12 3
4
10 3
49 8
6 1
17 6
3
15 3
8 4
31 10
4
30 7
14 10
66 7
10 8
3
4 4
42 6
51 7
4
54 9
30 6
54 10
5 1
3
66 7
54 7
29 3
4
49 7
11 10
39 6
11 8
3
31 7
73 9
68 7
4
24 8
77 8
19 8
48 5
3
30 3
28 4
27 8
4
32 3
21 3
37 6
7 5
3
35 10
10 1
45 9
4
15 2
17 5
62 10
12 1
3
9 2
13 10
17 3
4
7 3
35 3
12 1
17 4
3
16 4
29 8
61 10
4
51 10
12 4
5 4
14 6
3
75 7
8 1
23 4
4
4 2
11 3
76 8
50 10
3
9 1
64 9
7 2
4
66 9
28 5
68 7
8 7
3
83 9
103 10
94 10
4
69 8
13 3
20 2
59 8
3
36 5
12 2
105 10
4
1 500
27 9
72 7
20 2
3
25 3
2 1
20 10
4
49 7
20 6
8 3
26 5
3
46 6
27 5
41 6
4
4 1
8 8
10 4
31 3
3
9 1
9 2
25 6
4
33 10
15 1
13 1
8 1
3
12 8
22 7
18 8
4
24 3
84 8
85 8
5 1
3
53 6
27 8
62 6
4
25 3
83 10
38 7
90 10
3
49 6
2 1
3 1
4
8 8
30 6
44 5
11 8
3
16 3
24 2
40 10
4
20 10
18 9
17 6
26 7
3
8 4
46 9
68 8
4
41 4
76 9
72 9
72 10
3
64 7
13 10
57 9
4
35 3
59 9
22 3
47 5
3
50 5
20 8
37 7
4
16 5
29 3
14 7
18 9
3
91 9
23 2
74 9
4
9 9
42 4
13 1
8 2
3
45 7
17 3
28 6
4
28 3
9 4
93 9
21 10
3
43 6
22 9
54 6
4
15 2
74 8
9 3
34 10
3
55 9
20 4
7 7
4
27 8
14 2
8 4
8 2
3
44 6
15 2
5 1
4
20 2
26 3
32 5
10 2
3
13 3
7 1
61 10
4
14 2
23 10
26 3
18 2
3
41 8
6 1
91 10
4
16 7
29 5
25 6
5 3
3
10 1
10 5
7 3
4
1 1
74 9
33 4
29 4
3
14 10
32 5
7 3
4
55 9
13 2
66 8
57 7
3
17 2
8 4
58 9
4
73 10
5 1
5 2
10 1
3
39 9
10 3
60 6
4
21 7
13 2
64 10
27 9
3
7 2
64 9
28 8
4
19 2
21 7
37 5
104 10
3
69 8
75 10
10 2
4
32 8
46 5
58 8
9 4
3
28 6
23 2
12 7
4
93 9
29 3
47 6
10 6
3
9 5
29 3
53 10
4
25 5
64 8
19 6
61 7
3
65 8
85 10
103 10
4
25 6
50 8
5 1
32 4
3
51 8
13 4
6 1
4
22 2
22 7
91 10
25 6
3
6 3
66 8
16 4
4
15 2
21 3
23 3
94 9
3
10 1
17 2
45 5
4
50 9
4 3
29 7
33 3
3
12 3
39 5
32 10
4
49 6
45 4
2 2
1 1
3
40 9
17 7
41 8
4
36 4
8 7
45 7
20 4
3
20 2
61 6
21 2
4
46 9
57 9
7 2
40 4
3
84 8
42 6
6 3
4
48 9
24 3
11 1
55 9
3
12 2
9 5
9 1
4
25 3
10 5
11 5
20 9
3
16 8
66 8
75 10
4
23 3
37 7
37 6
7 3
3
21 10
15 2
53 8
4
10 1
27 6
23 3
26 3
3
50 5
25 5
105 10
4
47 5
6 6
10 1
21 2
3
53 7
37 5
49 7
4
33 10
15 1
23 2
19 4
3
18 6
7 4
21 5
4
45 7
9 5
46 5
7 1
3
26 3
92 10
15 2
4
19 6
17 2
76 8
45 8
3
41 5
23 2
28 4
4
32 7
34 8
23 6
56 9
3
76 8
17 6
64 9
4
93 10
28 9
10 1
21 3
3
26 4
65 10
8 4
4
33 7
7 3
12 5
35 8
3
30 10
73 9
17 4
4
20 6
61 6
19 5
9 2
3
45 8
9 1
25 5
4
37 8
20 4
8 3
57 7
3
13 2
49 5
19 2
4
64 10
32 4
9 1
27 8
3
35 5
36 6
53 10
4
33 6
23 7
9 8
50 5
3
61 7
51 10
3 1
4
41 6
26 7
23 3
11 3
3
41 4
5 1
7 1
4
31 7
5 3
36 8
14 5
3
42 4
43 10
30 10
4
82 9
13 4
55 10
15 10
3
81 9
13 3
72 8
4
59 7
24 4
25 7
41 4
3
30 5
21 9
13 1
4
35 6
18 4
27 9
36 6
3
54 6
64 8
10 1
4
74 10
6 1
74 8
53 7
3
28 4
32 4
44 5
4
6 3
39 7
7 2
59 9
3
66 7
24 4
44 8
4
74 9
12 1
7 4
11 1
3
10 2
3 2
26 3
4
47 6
36 4
50 9
76 8
3
73 8
6 1
33 3
4
59 9
63 9
72 8
19 2
3
15 3
71 10
43 5
4
12 3
11 3
6 5
10 2
3
22 6
34 3
56 9
4
17 2
19 4
6 2
10 9
3
10 5
23 2
26 5
4
73 9
11 1
28 6
21 2
3
32 10
53 7
37 4
4
20 9
9 1
14 3
24 3
3
13 1
12 6
25 5
4
20 4
27 3
24 6
14 3
3
40 7
35 8
14 6
4
65 6
18 6
9 2
11 4
3
28 6
15 3
83 10
4
11 9
12 2
7 2
16 7
3
40 9
7 2
54 9
4
61 7
7 3
8 8
5 2
3
27 3
61 8
20 3
4
27 5
25 2
15 1
26 3
3
41 5
56 6
10 6
4
82 8
7 1
8 1
34 5
3
15 2
8 1
86 9
4
2 2
9 1
35 5
7 2
3
58 8
83 9
27 3
4
19 2
7 3
36 5
38 4
3
20 3
65 9
45 6
4
10 1
18 9
22 10
42 8
3
23 2
43 5
10 1
4
36 4
27 3
5 1
15 2
3
77 8
47 5
43 4
4
41 4
3 1
28 6
92 10
3
50 5
51 8
21 10
4
74 7
25 4
63 9
66 9
3
53 10
13 4
13 5
4
31 5
12 7
13 3
13 1
3
16 2
7 1
20 6
4
93 10
83 10
21 2
53 8
3
64 9
13 1
10 2
4
7 1
58 9
55 5
27 9
3
54 7
24 7
46 9
4
42 6
16 3
15 2
10 7
3
36 6
5 2
23 4
4
49 7
44 7
47 6
15 2
3
42 6
50 5
8 3
4
40 4
27 9
11 9
40 4
3
49 7
21 3
30 5
4
19 3
84 8
45 10
27 6
3
20 5
28 7
44 7
4
20 3
56 7
29 9
71 7
3
14 1
24 10
91 9
4
26 8
13 4
9 5
61 8
3
58 7
13 1
52 5
4
6 1
39 4
21 3
17 2
3
61 10
11 1
47 5
4
54 7
103 10
40 5
24 6
3
57 9
77 8
8 3
4
37 7
45 5
5 5
55 5
3
21 6
63 6
20 10
4
12 8
46 6
59 9
19 3
3
45 7
35 8
8 3
4
8 6
19 2
5 1
29 4
3
71 10
9 1
45 5
4
12 4
48 5
19 3
57 9
3
7 1
7 1
35 4
4
49 7
30 3
53 5
85 10
3
72 8
9 1
18 3
4
7 3
15 7
72 7
17 5
3
52 6
21 7
10 4
4
29 4
17 3
12 5
10 1
3
8 2
35 6
85 9
4
63 7
83 10
25 3
21 10
3
51 6
45 9
44 10
4
58 7
65 6
81 8
92 10
3
46 5
14 3
80 10
4
75 8
29 3
30 7
10 2
3
9 1
40 5
25 3
4
8 6
10 2
3 3
54 9
3
44 8
22 6
7 1
4
8 7
31 3
57 8
15 10
3
7 4
7 1
30 3
4
20 2
76 9
42 5
49 8
3
28 9
38 5
32 10
4
4 3
74 8
63 9
14 7
3
40 4
16 8
7 3
4
17 4
42 4
64 8
13 5
3
83 8
51 8
10 5
4
8 7
7 3
6 1
7 1
3
4 2
12 10
9 1
4
20 3
17 2
50 10
33 7
3
35 8
59 9
40 4
4
64 9
23 6
9 7
3 3
3
21 2
51 6
9 3
4
85 9
15 2
37 5
10 5
3
75 9
10 9
38 7
4
68 8
72 8
51 6
46 6
3
38 6
8 3
2 2
4
17 2
22 2
21 4
103 10
3
9 7
31 10
45 6
4
42 10
33 6
21 3
30 5
3
22 2
18 6
37 4
4
53 5
38 4
60 6
24 10
3
7 1
35 7
73 7
4
8 6
9 4
18 2
12 1
3
45 6
43 5
48 5
4
10 5
28 5
39 6
5 1
3
8 4
10 9
24 4
4
32 3
22 10
29 4
35 8
3
44 6
8 8
50 9
4
8 3
82 9
103 10
10 1
3
45 4
20 2
43 6
4
8 2
74 7
25 4
13 2
3
14 4
23 5
10 2
4
47 5
17 3
59 9
33 6
3
104 10
40 7
24 10
4
59 9
22 9
9 1
64 9
3
16 6
40 9
32 5
4
25 5
46 6
29 7
40 5
3
43 6
12 4
9 7
4
13 2
60 10
17 6
84 8
3
30 9
22 3
35 6
4
21 2
75 10
32 7
46 5
3
12 3
19 2
10 1
4
23 2
74 7
85 9
3 1
3
20 3
7 1
26 6
4
36 6
9 1
64 6
73 9
3
30 4
64 8
43 6
4
63 9
11 1
4 1
13 8
3
7 3
13 9
84 8
4
21 2
45 5
54 5
16 5
3
19 2
30 5
92 10
4
13 3
7 4
21 2
35 7
3
9 2
18 7
100 10
4
21 5
26 6
28 5
24 4
3
7 6
8 3
10 2
4
39 7
24 10
58 7
28 4
3
22 2
75 9
6 1
4
30 5
29 6
2 1
6 5
3
25 5
19 3
32 7
4
2 2
50 8
85 9
43 7
3
102 10
30 5
84 8
4
19 7
104 10
25 5
6 3
3
39 4
67 7
12 4
4
11 3
64 9
44 4
55 6
3
14 6
4 2
10 2
4
102 10
75 8
33 5
29 7
3
5 1
33 4
70 7
4
59 9
7 3
12 2
64 7
3
16 5
21 2
6 2
4
7 6
9 4
14 4
33 3
3
43 8
15 5
8 7
4
65 6
52 6
59 6
60 8
3
76 9
31 4
28 3
4
70 7
76 9
40 7
75 7
3
15 2
23 5
30 10
4
26 8
21 3
34 8
19 2
3
18 2
25 7
94 9
4
2 1
7 1
18 5
37 4
3
55 6
48 8
54 6
4
15 10
50 5
7 6
32 5
3
67 8
50 10
12 7
4
33 10
95 9
36 4
2 1
3
13 2
43 10
84 10
4
4 2
32 5
64 7
13 3
3
9 6
60 6
36 6
4
49 9
64 10
94 10
102 10
3
30 3
6 6
12 4
4
37 6
24 2
20 4
26 6
3
51 6
27 4
38 4
4
36 6
5 1
67 8
34 3
3
28 4
22 2
22 3
4
77 8
13 4
11 4
39 9
3
22 2
42 10
27 9
4
38 5
32 6
42 7
6 1
3
10 6
24 6
18 6
4
18 4
19 9
12 4
31 5
3
39 7
12 3
9 2
4
46 5
22 6
81 8
21 4
3
18 7
42 10
38 6
4
30 6
14 1
10 3
34 3
3
41 10
44 10
51 10
4
37 9
16 3
26 5
51 8
3
51 10
11 5
15 3
4
8 6
24 2
34 4
9 2
3
12 2
28 4
20 3
4
18 8
19 3
11 1
6 2
3
49 8
50 5
16 5
4
49 8
55 10
19 5
25 3
3
29 3
5 1
23 4
4
32 5
65 7
45 5
29 5
3
4 1
33 10
25 2
4
29 5
17 8
30 10
11 5
3
56 8
55 5
48 8
4
94 9
91 10
54 10
45 7
3
42 8
86 9
83 9
4
8 1
12 1
49 7
64 7
3
41 8
8 7
25 5
4
32 9
23 2
38 5
55 10
3
7 3
10 4
12 4
4
37 9
28 4
9 2
19 3
3
16 2
22 3
22 5
4
49 5
56 9
19 2
32 4
3
26 3
46 6
18 9
4
50 7
33 10
12 2
15 7
3
16 2
36 6
6 4
4
11 1
10 2
6 1
26 6
3
34 5
10 10
40 9
4
75 10
74 8
17 4
69 8
3
20 4
26 5
60 8
4
53 6
7 2
30 6
101 10
3
11 6
35 3
74 8
4
48 9
14 2
6 1
14 4
3
38 7
8 1
37 9
4
11 2
40 4
59 6
64 6
3
21 2
102 10
8 4
4
32 4
35 10
34 10
41 9
3
67 7
49 5
33 5
4
10 5
37 7
7 2
92 9
3
25 3
12 1
4 2
4
92 10
33 4
2 1
104 10
3
21 4
81 8
14 3
4
32 4
44 5
12 9
4 1
3
7 2
63 10
20 10
4
15 4
19 7
39 7
45 5
3
74 7
13 6
42 8
4
92 9
48 8
15 7
21 5
3
10 1
8 8
38 4
4
22 10
30 3
14 2
43 10
3
47 7
8 8
50 5
4
7 2
19 5
8 1
40 8
3
7 3
15 10
14 2
4
86 9
64 8
21 7
52 10
3
6 1
41 10
22 2
4
10 4
71 10
34 4
3 1
3
44 5
15 7
54 6
4
85 9
25 10
71 10
52 8
3
57 8
11 1
10 1
4
66 8
24 4
40 5
13 3
3
9 1
32 9
28 4
4
49 8
23 7
9 2
22 2
3
11 4
56 8
12 4
4
11 1
18 2
9 8
35 4
3
35 5
45 10
61 8
4
38 7
40 5
14 3
42 7
3
66 9
60 7
9 1
4
72 8
37 4
42 5
60 8
3
31 6
30 7
58 6
4
27 3
22 3
23 4
25 4
3
25 7
10 9
30 5
4
23 2
73 7
73 9
49 8
3
18 3
49 5
4 1
4
14 2
12 6
56 9
13 2
3
9 6
72 8
17 5
4
22 10
38 9
4 1
6 2
3
25 3
64 8
63 7
4
44 10
22 2
9 1
50 8
3
22 2
70 7
9 2
4
5 1
44 8
28 4
49 9
3
42 4
64 9
90 10
4
12 1
3 2
66 8
86 9
3
9 1
28 9
13 3
4
17 7
52 5
18 6
25 4
3
28 8
92 9
15 3
4
16 2
16 4
15 2
43 7
3
67 9
53 10
7 2
4
53 8
21 6
9 2
18 2
3
8 7
82 8
7 7
4
38 4
45 7
12 1
30 3
3
62 10
55 6
17 4
4
12 1
19 6
30 9
8 8
3
26 3
65 7
4 4
4
25 3
29 3
34 6
36 9
3
63 9
11 3
94 9
4
56 7
33 8
56 6
6 3
3
85 10
82 8
3 1
4
66 7
29 5
50 6
8 1
3
9 1
51 10
10 5
4
48 9
47 5
10 3
14 6
3
42 5
4 2
61 10
4
12 7
9 3
23 6
43 10
3
103 10
19 3
72 10
4
54 6
20 10
10 5
66 7
3
8 5
102 10
9 1
4
15 7
84 10
24 8
24 5
3
20 6
48 6
4 3
4
16 2
26 8
34 8
36 5
3
19 2
83 8
43 6
4
75 7
12 2
30 6
6 2
3
8 1
41 8
33 4
4
32 9
60 10
84 8
60 10
3
94 10
22 9
13 6
4
68 7
43 7
85 8
73 8
3
42 6
29 3
90 9
4
8 2
9 1
21 2
8 1
3
6 2
44 7
74 7
4
17 8
13 2
29 4
13 8
3
35 4
28 3
73 10
4
74 10
3 1
29 3
35 4
3
64 8
9 3
28 5
4
12 6
65 7
8 2
35 5
3
14 2
4 2
15 2
4
34 4
70 10
63 7
81 8
3
35 4
5 1
20 2
4
10 2
35 8
17 2
44 5
3
12 3
45 5
94 10
4
10 1
13 4
9 1
13 1
3
16 8
9 1
51 8
4
33 4
16 2
9 6
53 5
3
41 6
11 2
32 8
4
26 3
7 1
13 8
54 10
3
26 3
20 8
6 3
4
12 1
21 8
23 4
22 2
3
15 6
94 10
53 8
4
11 8
9 9
2 2
27 3
3
20 9
17 3
60 7
4
10 3
29 5
63 9
38 9
3
44 6
21 2
82 8
4
50 7
11 1
11 7
26 4
3
15 1
38 9
72 9
4
31 3
40 7
4 2
14 10
3
6 2
20 5
33 8
4
25 5
14 1
6 2
21 5
3
6 2
10 2
10 3
4
64 10
7 1
76 9
66 7
3
44 4
38 7
16 2
4
44 8
29 9
50 5
41 6
3
2 1
85 9
33 7
4
45 10
5 4
40 6
17 3
3
12 4
4 1
30 4
4
8 4
34 5
12 2
49 7
3
37 6
20 3
68 8
4
44 10
60 7
23 9
9 4
3
54 9
21 10
36 6
4
46 9
5 4
90 10
101 10
3
5 5
32 3
4 1
4
11 3
61 6
39 9
60 10
3
17 3
50 6
17 4
4
32 4
6 6
17 8
9 2
3
14 1
13 4
94 9
4
36 7
25 6
33 3
8 1
3
34 10
57 6
42 4
4
39 6
6 5
36 9
53 6
3
4 2
7 6
4 1
4
7 2
11 8
82 8
83 10
3
20 5
51 10
59 7
4
24 8
12 7
9 3
31 4
3
41 4
77 9
4 1
4
26 7
10 2
34 4
11 9
3
7 2
12 4
8 6
4
11 7
22 2
24 8
11 1
3
24 5
42 10
9 4
4
75 9
58 9
60 8
48 9
3
28 4
15 5
28 5
4
65 6
59 8
93 10
55 6
3
48 8
31 3
23 7
4
53 6
46 7
13 1
60 8
3
9 8
45 7
12 4
4
25 8
49 7
33 10
50 7
3
8 3
65 10
25 5
4
35 7
5 2
37 9
12 2
3
13 3
73 8
3 1
4
11 10
12 9
9 4
24 5
3
36 8
30 4
65 7
4
75 9
7 1
23 10
7 7
3
45 4
11 1
7 2
4
85 10
11 1
24 4
45 5
3
8 1
59 9
56 7
4
12 4
11 10
18 3
46 7
3
22 3
11 1
14 5
4
56 9
28 3
64 10
14 5
3
33 4
60 8
18 2
4
72 7
11 10
92 9
20 5
3
12 5
31 5
67 7
4
46 6
34 3
10 5
18 5
3
8 8
95 10
36 5
4
54 9
41 4
102 10
4 2
3
3 2
9 1
65 10
4
8 2
36 9
16 4
31 3
3
18 3
66 9
9 8
4
22 5
16 8
10 5
8 1
3
19 2
36 4
31 10
4
28 7
6 3
14 10
63 6
3
61 7
51 7
10 1
4
57 9
7 1
38 5
77 9
3
56 6
41 4
63 6
4
30 3
54 7
23 10
76 8
3
5 1
12 1
21 7
4
24 5
6 4
17 8
10 1
3
10 5
6 1
45 6
4
27 6
42 6
18 3
18 6
3
48 6
8 1
14 7
4
18 3
58 6
41 4
37 6
3
4 1
8 1
34 5
4
37 4
13 8
15 7
15 5
3
26 8
63 9
20 8
4
34 5
6 4
15 2
60 8
3
4 1
4 1
5 1
4
38 7
41 4
33 10
15 5
3
15 5
51 6
20 2
4
31 7
9 2
7 3
45 10
3
59 6
10 7
19 8
4
42 8
28 4
4 2
21 8
3
27 3
103 10
11 1
4
9 2
5 4
7 1
4 1
3
43 10
34 3
48 8
4
85 10
44 10
21 4
22 4
3
72 8
6 2
55 5
4
13 9
3 1
30 3
30 5
3
14 10
46 6
9 2
4
40 9
16 8
30 9
32 9
3
44 6
68 8
20 6
4
34 5
13 1
66 7
24 10
3
59 8
18 4
28 3
4
3 1
19 4
4 1
6 2
3
53 10
12 9
28 5
4
24 7
9 1
31 10
24 2
3
81 10
20 2
82 8
4
15 10
53 10
10 7
12 1
3
16 2
105 10
66 9
4
57 7
50 5
40 9
8 3
3
53 6
13 2
94 9
4
36 5
54 9
80 8
19 2
3
24 4
11 2
57 8
4
53 7
10 3
10 8
39 7
3
95 10
13 4
9 2
4
8 2
10 1
30 6
50 9
3
12 4
43 4
42 6
4
50 8
23 4
11 1
3 1
3
29 4
22 2
82 8
4
43 5
51 7
46 5
51 8
3
20 3
5 4
11 5
4
74 9
5 2
95 9
17 8
3
80 10
71 7
22 9
4
12 6
26 3
7 1
30 7
3
8 1
7 2
27 9
4
45 5
22 4
24 4
53 6
3
36 6
21 2
35 6
4
33 5
60 6
16 7
46 6
3
19 2
31 10
33 10
4
23 9
55 6
31 3
24 10
3
91 10
21 3
28 5
4
55 10
7 1
42 6
12 1
3
26 3
10 4
56 7
4
42 10
6 4
49 6
30 3
3
20 3
41 6
69 8
4
74 7
18 8
66 9
93 10
3
10 2
33 3
40 6
4
9 2
10 5
9 2
18 2
3
20 2
41 8
62 6
4
9 1
19 3
32 4
16 2
3
50 5
92 10
23 3
4
15 2
57 6
95 10
18 3
3
4 1
10 1
18 5
4
18 3
35 7
45 5
31 3
3
75 9
9 4
20 8
4
53 5
39 9
48 9
21 2
3
22 3
35 7
42 5
4
33 6
34 8
22 3
92 9
3
76 8
24 10
43 7
4
6 1
28 3
32 8
36 4
3
77 9
42 8
73 10
4
37 9
48 9
83 9
16 2
3
23 2
59 9
20 5
4
58 8
9 3
10 9
90 9
3
12 4
33 6
29 6
4
6 1
5 1
51 8
31 7
3
82 8
23 3
35 10
4
40 7
24 10
12 2
73 10
3
18 7
84 10
58 9
4
8 8
58 6
58 9
23 2
3
81 9
81 10
84 9
4
21 4
16 2
27 3
26 6
3
45 5
60 10
33 5
4
42 10
17 3
42 8
103 10
3
10 1
102 10
90 10
4
59 9
61 8
23 6
14 3
3
94 10
11 1
34 3
4
18 9
82 10
61 7
75 10
3
4 2
20 5
33 7
4
48 6
16 2
41 6
55 9
3
10 1
10 1
10 9
4
35 10
26 3
18 8
102 10
3
45 6
31 6
23 9
4
3 3
35 10
91 10
39 5
3
15 7
29 8
50 8
4
103 10
29 3
50 5
19 4
3
30 7
37 7
17 2
4
26 7
24 6
20 2
32 3
3
24 6
53 6
11 9
4
35 8
33 8
41 8
22 2
3
17 8
14 3
9 4
4
46 7
25 2
21 2
31 6
3
95 10
27 3
12 1
4
31 3
102 10
29 8
22 7
3
36 8
46 9
10 10
4
29 6
38 6
71 10
58 8
3
12 2
12 1
6 2
4
45 7
90 9
16 6
12 2
3
4 1
80 10
23 6
4
30 5
16 2
9 8
65 6
3
17 2
51 7
20 8
4
57 6
72 7
13 2
5 1
3
13 4
94 9
34 6
4
30 4
9 1
11 3
17 2
3
23 2
22 9
43 5
4
33 4
10 6
5 1
18 3
3
4 3
31 4
14 9
4
18 2
24 6
44 4
19 6
3
12 5
41 10
25 5
4
72 10
31 10
84 9
51 10
3
40 10
14 2
15 7
4
65 7
8 2
26 5
19 5
3
59 7
7 2
70 7
4
11 1
56 7
10 5
74 9
3
33 4
18 3
41 9
4
73 8
45 8
16 4
84 10
3
9 1
32 9
11 3
4
9 8
19 7
9 1
13 1
3
11 1
15 1
14 7
4
16 8
62 10
12 1
4 2
3
83 9
29 8
72 7
4
32 4
16 5
65 6
73 9
3
18 7
85 10
45 7
4
50 7
30 3
18 3
76 9
3
52 5
11 7
47 9
4
11 2
24 8
65 7
9 1
3
38 4
21 9
35 6
4
30 9
39 9
90 9
24 5
3
26 7
19 3
10 7
4
14 4
45 5
11 2
40 7
3
32 4
2 1
64 10
4
10 9
19 5
40 4
12 3
3
54 5
21 10
7 6
4
21 4
71 10
20 8
54 10
3
32 8
12 3
81 8
4
19 5
57 8
74 7
50 6
3
11 2
18 5
94 10
4
31 7
19 7
51 5
11 1
3
31 7
84 9
47 6
4
70 10
11 1
73 7
40 7
3
10 1
72 7
15 3
4
29 9
6 6
9 1
19 3
3
83 10
41 9
30 5
4
37 4
14 1
33 8
25 4
3
48 9
62 6
38 9
4
41 9
83 8
8 5
42 7
3
10 1
37 6
30 7
4
16 2
11 6
59 9
15 4
3
39 5
20 5
50 6
4
28 3
23 7
28 3
41 5
3
40 5
17 8
71 7
4
33 4
16 3
16 2
5 1
3
13 4
20 3
45 5
4
20 5
45 9
29 9
2 1
3
31 3
36 6
35 5
4
60 7
11 1
24 2
67 8
3
28 9
11 2
46 5
4
50 5
24 6
50 10
28 3
3
56 8
9 1
71 7
4
72 10
9 1
9 7
71 10
3
14 10
28 4
45 7
4
21 2
14 3
15 7
44 7
3
8 3
12 5
37 4
4
45 8
65 6
17 6
13 2
3
11 1
21 6
91 9
4
69 8
30 7
29 6
54 10
3
29 5
5 2
37 4
4
11 10
5 1
33 4
4 1
3
75 10
29 3
22 2
4
50 5
37 5
28 3
20 4
3
52 5
39 5
41 6
4
7 4
42 6
30 4
40 5
3
19 9
80 10
25 8
4
20 5
16 2
15 6
24 6
3
16 2
14 5
44 5
4
8 2
30 6
20 5
30 3
3
51 7
41 4
40 4
4
20 4
16 8
68 9
5 3
3
13 4
40 7
100 10
4
43 8
13 6
49 5
29 5
3
22 6
41 9
10 1
4
10 1
36 5
5 2
80 8
3
23 2
10 1
73 10
4
35 8
41 10
63 9
15 3
3
9 4
9 1
17 7
4
30 5
25 5
43 5
29 6
3
36 9
29 7
84 8
4
22 2
28 3
36 7
77 8
3
20 3
54 5
38 5
4
9 4
74 8
47 5
3 1
3
33 6
12 8
6 1
4
20 2
16 5
47 9
32 10
3
10 2
21 2
16 4
4
22 10
25 4
9 1
33 8
3
80 10
14 9
9 5
4
17 4
32 3
58 8
13 10
3
21 4
21 2
10 5
4
19 6
36 6
8 2
3 2
3
20 5
46 6
8 5
4
14 4
38 5
7 1
25 10
3
18 9
58 6
30 9
4
4 1
12 3
50 10
43 5
3
10 1
5 5
72 10
4
22 3
18 5
38 6
18 9
3
49 7
9 1
63 6
4
14 2
10 1
12 9
14 2
3
24 7
33 4
25 5
4
13 3
4 1
31 3
22 3
3
30 4
85 10
12 1
4
31 6
33 3
7 6
17 2
3
4 1
9 9
32 7
4
75 7
14 3
50 8
29 3
3
81 9
34 3
7 6
4
53 10
12 1
37 6
17 3
3
40 7
9 7
5 1
4
6 2
49 9
32 10
11 3
3
14 2
21 2
49 6
4
9 7
9 9
9 4
25 5
3
80 10
14 1
75 8
4
33 7
45 5
16 4
35 6
3
67 7
49 6
31 9
4
6 6
56 9
19 2
7 3
3
28 8
63 10
25 5
4
32 6
61 8
83 8
14 1
3
38 9
2 1
37 8
4
39 4
5 2
13 3
12 1
3
16 6
28 4
14 10
4
76 9
41 10
35 5
27 9
3
5 1
4 1
70 10
4
20 3
81 10
10 2
67 7
3
6 1
8 1
17 5
4
4 1
28 3
72 7
44 5
3
93 10
9 1
15 5
4
58 6
12 8
9 3
71 7
3
33 5
40 7
5 2
4
49 8
33 5
5 2
43 6
3
24 4
40 4
54 7
4
37 4
40 6
39 5
18 8
3
67 8
1 1
1 1
4
59 7
41 5
11 3
15 2
3
72 7
72 8
30 3
4
26 4
57 7
9 2
45 8
3
56 6
40 10
53 8
4
3 2
31 9
40 6
59 7
3
7 2
28 9
64 6
4
38 7
30 3
72 10
5 5
3
8 1
23 3
6 2
4
9 1
34 3
24 3
2 1
3
8 2
85 10
31 5
4
29 8
71 10
26 7
42 10
3
26 8
10 9
56 8
4
9 6
26 3
41 10
31 4
3
8 2
20 8
36 4
4
12 2
24 3
13 3
56 8
3
31 3
26 4
19 5
4
63 9
77 9
24 4
8 8
3
15 5
53 6
81 10
4
32 4
77 9
81 10
26 7
3
41 10
32 5
77 8
4
9 1
58 8
23 6
9 1
3
18 8
64 7
30 7
4
21 9
34 6
8 1
26 7
3
30 3
83 10
64 6
4
13 2
7 4
12 1
23 6
3
8 1
49 8
9 3
4
73 9
2 1
47 7
29 4
3
72 10
45 4
15 2
4
6 4
34 3
33 5
59 7
3
19 2
23 10
9 3
4
31 6
40 8
83 10
7 7
3
29 4
72 9
35 5
4
41 10
8 4
63 6
11 2
3
11 2
30 3
20 4
4
9 6
18 4
75 9
26 4
3
8 4
15 3
5 1
4
70 7
16 7
6 3
40 9
3
13 4
30 3
19 9
4
48 9
40 10
11 5
42 6
3
16 2
52 10
28 6
4
20 2
54 9
90 9
67 9
3
8 3
40 4
23 6
4
17 2
53 7
19 2
21 4
3
19 2
5 1
86 9
4
41 4
50 9
72 8
20 6
3
29 4
45 6
8 7
4
50 7
22 6
40 7
7 2
3
32 8
8 2
57 7
4
6 3
36 9
34 10
73 9
3
31 10
41 5
12 4
4
32 5
33 4
14 3
60 6
3
42 8
104 10
35 5
4
25 5
12 2
30 7
37 9
3
32 6
15 4
9 4
4
17 4
12 9
12 10
43 4
3
6 6
11 1
14 2
4
60 6
11 1
54 5
8 1
3
82 8
30 3
5 2
4
14 7
83 8
12 2
8 1
3
50 8
13 3
41 4
4
36 5
23 3
61 8
15 1
3
8 1
6 4
50 8
4
11 8
15 2
20 2
20 4
3
59 8
36 5
18 8
4
64 9
31 9
12 7
59 8
3
48 6
55 9
37 5
4
21 10
65 6
43 4
18 9
3
43 6
8 3
19 9
4
10 2
15 10
73 7
33 3
3
41 6
55 10
63 9
4
40 8
19 3
39 9
31 5
3
8 1
11 4
57 9
4
45 5
102 10
39 9
91 9
3
32 8
28 3
5 1
4
30 5
19 8
65 7
81 9
3
71 7
13 9
17 4
4
50 6
13 3
84 10
57 8
3
26 3
13 1
18 2
4
16 5
29 4
15 5
95 9
3
19 4
55 10
36 4
4
94 9
29 4
34 10
16 3
3
7 1
15 7
18 5
4
48 5
7 3
30 9
54 6
3
14 5
22 3
16 3
4
9 7
14 7
23 3
12 1
3
14 2
22 2
12 3
4
5 3
7 7
21 2
4 1
3
10 2
34 4
16 7
4
24 7
35 10
68 7
6 2
3
23 4
22 4
7 1
4
14 1
41 6
9 8
25 4
3
62 10
86 9
20 2
4
49 8
19 7
58 9
6 1
3
2 2
6 3
14 2
4
20 4
18 3
10 10
33 4
3
7 1
6 5
65 8
4
21 5
49 7
19 2
65 9
3
63 6
9 8
6 4
4
32 3
20 3
50 9
40 9
3
50 6
47 5
12 2
4
12 2
16 4
94 10
12 5
3
92 10
47 9
6 1
4
18 2
5 2
75 8
13 9
3
52 10
37 6
46 6
4
14 2
5 2
7 6
18 8
3
12 4
12 3
75 10
4
18 4
7 1
12 1
49 7
3
9 9
83 9
14 9
4
20 5
27 3
3 1
23 2
3
12 5
35 6
38 6
4
45 10
38 5
27 6
5 1
3
37 9
29 9
8 8
4
12 8
7 1
58 6
30 5
3
58 9
56 8
21 2
4
59 9
7 6
32 9
8 1
3
8 5
13 2
21 3
4
22 9
19 8
42 8
30 7
3
37 4
56 7
3 2
4
6 1
49 9
94 10
9 9
3
6 4
11 2
37 7
4
7 3
23 3
33 5
13 5
3
31 3
40 5
65 9
4
10 4
94 10
10 8
56 7
3
34 3
60 7
34 8
4
5 2
31 6
36 4
41 5
3
23 3
84 8
28 5
4
30 3
35 3
52 8
22 3
3
30 3
59 6
25 10
4
7 5
9 5
84 9
5 1
3
16 5
64 6
20 10
4
12 1
10 4
81 10
3 1
3
45 9
46 9
84 10
4
15 10
39 4
12 1
83 10
3
30 3
24 4
52 7
4
8 7
77 9
21 7
46 5
3
19 7
23 9
11 1
4
9 5
25 5
31 3
40 4
3
43 8
65 9
23 5
4
11 5
4 1
11 4
5 1
3
40 9
29 5
19 3
4
8 2
57 7
67 7
7 2
3
7 5
23 3
29 5
4
56 9
15 7
11 6
17 2
3
17 8
7 4
62 6
4
43 7
57 6
5 1
5 2
3
4 1
5 2
72 9
4
60 10
91 10
11 4
19 2
3
33 7
9 4
18 7
4
103 10
9 5
15 1
8 4
3
4 2
20 5
9 6
4
55 5
83 10
16 4
16 6
3
72 10
54 7
24 2
4
30 6
10 1
93 9
8 2
3
3 1
63 7
54 6
4
20 2
22 10
15 1
28 7
3
33 10
9 7
76 8
4
27 3
84 8
40 8
11 3
3
36 4
44 5
10 9
4
25 8
9 1
5 1
23 5
3
26 3
16 3
37 7
4
84 8
12 1
73 7
77 9
3
65 6
25 5
34 10
4
49 9
26 4
19 2
35 4
3
35 6
7 7
34 5
4
66 7
11 2
12 1
20 3
3
32 10
10 9
9 1
4
14 1
50 6
24 4
31 10
3
39 5
92 9
21 3
4
22 4
70 7
8 5
59 7
3
51 5
12 5
60 8
4
21 6
33 6
11 9
63 6
3
54 9
10 5
65 10
4
6 2
6 1
71 10
25 4
3
30 3
33 4
48 9
4
64 7
24 2
13 1
45 10
3
37 4
9 3
10 4
4
28 7
69 8
62 10
6 5
3
12 1
6 2
74 8
4
103 10
54 10
49 6
10 1
3
14 1
5 1
17 8
4
40 6
26 8
101 10
84 10
3
49 6
77 8
11 8
4
17 3
72 10
30 3
5 1
3
7 1
30 5
41 5
4
54 7
40 6
65 7
11 1
3
38 6
19 3
32 7
4
12 1
4 2
45 8
45 5
3
38 7
14 4
35 8
4
11 1
19 5
41 4
60 8
3
35 7
21 3
74 7
4
33 7
12 1
25 5
37 7
3
29 9
19 5
24 8
4
45 10
13 4
22 9
12 1
3
7 1
24 7
28 4
4
15 5
9 1
68 9
24 4
3
12 4
82 9
1 1
4
7 1
63 7
9 1
4 1
3
43 4
34 3
45 8
4
44 6
19 8
12 1
28 6
3
40 5
5 2
47 7
4
19 6
37 4
13 1
15 1
3
65 10
20 8
29 4
4
8 1
56 8
42 4
31 4
3
14 2
15 2
8 4
4
29 3
32 5
51 5
34 6
3
8 1
74 7
6 1
4
42 5
26 3
33 10
20 5
3
19 2
49 9
16 7
4
40 10
9 3
30 7
18 9
3
100 10
45 9
14 4
4
35 10
28 4
8 1
7 2
3
11 3
9 1
25 5
4
58 9
21 9
20 3
21 5
3
6 4
53 6
7 4
4
29 8
36 4
25 3
61 8
3
32 5
57 7
74 10
4
19 5
40 4
40 6
22 9
3
19 4
39 5
7 1
4
14 2
16 3
5 2
39 5
3
38 7
29 9
26 7
4
22 5
6 1
18 5
11 1
3
14 6
26 6
37 6
4
94 9
10 1
26 3
9 2
3
13 2
18 3
28 3
4
39 5
48 8
8 1
58 9
3
14 1
11 8
16 6
4
10 5
16 4
14 9
10 6
3
74 10
77 8
14 1
4
4 1
68 9
13 2
41 6
3
14 7
37 9
20 2
4
31 9
32 8
37 7
57 8
3
18 5
21 4
10 2
4
4 1
34 10
10 9
72 10
3
8 1
20 5
12 2
4
11 6
37 4
9 5
18 6
3
29 7
4 2
9 4
4
24 10
73 9
77 8
36 4
3
58 8
37 9
10 2
4
15 5
91 10
49 8
27 4
3
13 3
27 8
81 9
4
25 3
13 1
81 8
24 3
3
7 6
8 3
21 5
4
11 2
32 5
24 2
19 4
3
24 10
17 5
68 8
4
74 8
36 8
29 7
47 6
3
7 2
105 10
61 6
4
59 6
19 6
13 1
16 8
