10 5000
1
1 1
1
4728 7
4991
3134 10
3704 10
1329 7
1463 3
2375 8
3269 5
1533 3
3438 7
798 2
1457 10
2842 5
2880 2
47 10
2429 3
4894 9
1328 4
2881 10
2374 2
3786 10
4431 10
135 9
1465 10
3237 3
3092 3
2675 5
4384 2
4419 10
2545 2
879 1
1824 8
2156 2
1638 3
3774 9
1610 7
1661 3
1449 10
1751 10
2679 10
1290 6
1291 10
3729 1
3862 2
2428 5
3749 9
2903 4
3398 3
2501 8
1649 9
2780 1
3379 10
2472 8
1541 3
1341 4
1348 1
1386 10
4031 6
219 10
4181 5
114 10
2901 4
3028 8
4183 7
3217 8
2063 8
895 4
3108 1
3597 8
3824 7
1362 9
3804 1
485 4
2767 5
84 4
4282 3
386 1
4249 6
2226 6
3352 4
3133 7
2318 8
4280 7
1867 7
4447 8
2500 5
4532 6
289 9
946 2
3602 3
572 7
542 5
792 10
1631 6
4006 9
2025 1
3523 6
1986 7
85 3
37 3
2456 9
78 4
315 3
2861 7
711 8
4561 2
602 6
181 10
634 7
1321 6
4678 4
4467 2
653 9
4082 2
842 7
780 2
4689 2
1368 4
4539 10
698 1
3247 10
2849 7
1399 3
183 9
2632 10
2436 3
756 8
1534 10
861 3
2682 1
3327 6
898 9
745 2
3246 3
3905 2
1413 4
4266 2
2101 9
1944 9
3950 9
3736 1
4551 10
948 8
2967 3
3644 9
2598 7
808 4
1835 5
165 5
590 1
1538 2
2638 10
4138 6
1697 4
2304 6
1437 1
971 2
2781 7
4647 2
1118 1
3965 9
4924 5
3703 3
878 5
1176 6
3625 2
1312 8
2402 1
3053 4
4978 9
4718 10
3602 1
4965 7
4575 5
4963 9
1720 6
1732 1
243 7
1444 6
3705 8
3674 3
468 10
4728 7
4246 3
2498 8
2178 4
1459 3
1479 1
4624 6
2429 6
3879 6
3100 8
4662 9
4262 6
4834 3
96 3
2712 9
42 6
2119 8
3935 3
1433 7
4395 1
1662 5
1231 1
1779 7
3815 3
562 6
742 1
1697 6
3241 5
2338 6
3924 2
1506 10
4706 8
4358 6
730 6
1556 10
2381 2
3651 9
1476 5
1652 9
2602 5
1219 2
4969 4
4660 9
4812 8
2326 6
672 3
4060 2
4212 6
632 1
2695 1
3794 8
2061 4
1323 9
2177 7
228 6
699 8
384 10
1761 2
106 2
558 3
2579 7
2186 4
2383 3
968 2
1520 5
4130 6
2690 9
2494 6
621 9
471 2
87 6
2803 9
1606 5
4152 9
3576 5
1109 4
347 8
4957 10
3153 7
1128 9
3246 8
2073 10
2848 6
2877 7
3160 1
1080 3
406 10
1697 6
1183 3
4063 7
3526 10
4189 5
710 3
1721 7
3692 10
3232 5
2936 6
2969 1
200 9
1450 10
290 9
936 8
1879 9
2946 1
4439 2
4889 2
3552 9
4294 1
2156 7
145 2
334 9
4705 3
1618 8
2331 5
2940 5
3374 10
1721 1
776 6
3140 2
95 7
1159 5
4003 7
4161 6
4562 7
3196 10
1445 6
69 9
4888 8
2438 6
671 6
3128 10
625 6
381 8
3418 8
1384 9
3732 6
372 2
2630 4
1539 6
3181 5
1464 4
187 5
595 5
4921 3
3042 3
3257 7
1102 7
142 9
1982 8
3474 2
4172 6
121 4
3045 9
859 8
3396 8
2081 4
3130 1
2251 4
3222 5
1533 2
2202 2
5 8
3759 9
1931 5
185 6
1737 3
3568 8
3671 7
2154 9
3337 7
3034 6
975 7
617 4
551 4
3883 1
2194 5
4990 5
925 1
3391 6
4346 1
529 9
1379 7
4689 4
3496 10
1403 9
1076 2
1135 2
3899 1
141 1
3569 4
948 4
870 9
1674 4
2349 4
2683 5
1288 2
791 2
2166 6
1630 5
1049 1
3183 5
3253 10
2043 9
805 3
1292 6
341 1
2522 2
2821 8
1625 7
3621 9
1419 9
3675 5
4492 5
2887 9
2529 6
4726 1
1114 4
1551 8
616 5
3956 9
4632 8
3993 5
2484 6
762 5
2092 10
4741 5
1988 4
444 9
3862 7
1989 4
4367 3
498 8
4301 10
1338 6
238 1
3248 6
1715 1
1343 3
3636 8
327 3
2256 8
2460 7
4952 8
3813 10
2910 10
1074 4
3747 8
2511 7
3623 6
2815 5
3662 4
2450 1
1764 10
641 4
943 6
2323 3
3976 5
3406 3
1692 7
4591 10
2599 4
758 1
4073 1
1717 3
876 8
1791 2
1593 6
1719 6
1104 8
1549 8
4808 4
3458 10
588 5
3368 7
3876 2
1582 3
102 3
1973 8
3338 8
3557 7
1433 10
4202 3
1946 9
4924 8
4586 8
2615 2
238 6
999 3
3297 10
2074 9
394 2
613 5
3632 9
332 5
3837 9
1142 8
4342 1
622 2
2073 6
974 5
1145 9
4973 8
510 8
4108 6
3267 9
572 2
2116 4
1634 1
4400 9
3819 8
550 7
3422 1
2275 10
2168 3
2232 2
3426 4
2267 6
2224 6
3459 4
4090 8
376 5
3448 2
3853 7
1918 1
4918 2
4492 9
1658 8
2345 1
622 9
911 10
3175 9
4050 1
1334 1
4798 3
1966 3
1631 1
4866 7
3335 8
226 10
233 5
339 3
3563 2
3223 2
4961 1
2042 6
1482 5
1077 1
2396 9
4849 4
441 4
2961 4
2373 5
2056 1
4781 4
1409 7
2117 3
2193 3
647 3
1234 1
2621 7
4098 7
4402 7
2560 7
3207 6
3024 3
872 9
1589 6
2641 6
4497 4
3580 9
4745 5
2174 10
2179 4
3639 1
4173 10
1921 6
555 3
2823 3
1689 2
4662 6
4434 7
1397 10
3556 4
3188 2
199 3
309 5
4987 9
2576 6
1408 2
1154 9
1818 5
1103 1
2886 6
4835 10
4731 10
184 8
212 10
663 3
1408 8
4051 10
447 10
238 8
3188 8
2332 1
3089 8
2642 1
1712 9
4751 8
3258 10
315 2
3919 8
773 2
1841 5
528 2
4497 4
1531 9
4959 9
375 3
1155 7
1106 5
730 2
3431 9
2104 5
3036 10
1835 9
856 1
4619 1
4322 9
3297 8
570 8
701 1
306 1
2584 2
2034 6
3598 2
2769 7
3093 8
1446 2
4368 2
761 1
2235 2
58 7
3207 1
3272 2
930 7
3006 6
440 4
703 5
3917 9
4920 10
2214 4
2836 10
4390 3
4382 9
4666 10
2311 9
4336 5
359 6
908 4
670 10
3823 1
1289 5
4843 3
2854 4
3793 6
2627 8
1451 9
182 2
1099 5
3874 7
633 2
2401 9
3043 8
3442 4
4590 3
4937 9
2325 4
2766 9
2320 9
4850 9
1669 7
1292 1
1928 2
3910 2
3710 3
1260 1
4545 5
4195 1
1462 9
4285 9
2144 6
130 3
3145 9
3516 5
326 3
3762 7
2051 1
1927 2
99 7
148 9
4650 9
1524 9
3700 7
3564 10
1977 5
3318 4
3788 7
1909 10
1146 5
285 7
2833 6
4096 5
3115 3
1379 7
272 9
3848 2
4283 4
920 8
4488 7
4990 7
1330 1
723 5
4002 1
3388 7
3448 8
3971 8
4461 10
4509 6
2700 9
2009 7
903 9
1568 5
4818 9
4404 5
556 3
2774 3
120 10
3621 6
1309 4
1541 5
4344 4
1715 1
4062 3
3567 1
3306 6
4828 4
948 5
3840 2
3763 5
952 7
1301 1
1666 8
4467 3
3490 5
2126 2
1265 2
2289 7
3065 2
2124 4
2590 10
975 10
2130 1
2241 8
4247 10
4831 5
2471 10
4922 6
3308 2
2456 7
1392 3
1760 6
3727 7
4794 6
599 1
2689 6
2680 2
1495 7
4548 7
972 4
1054 2
1465 7
1522 10
2564 9
1758 3
3182 7
1203 4
409 1
2720 3
419 4
4981 5
3126 5
1376 6
143 6
1044 10
423 10
804 1
4300 2
4878 9
4676 7
2349 7
3945 2
1012 4
2169 4
1952 6
122 1
4914 10
98 8
2598 3
3236 3
3859 8
4116 8
3847 5
1857 3
4335 8
3034 4
1538 2
774 2
120 10
4908 7
231 3
4258 3
1532 3
4286 2
2830 9
3864 5
1857 6
638 8
2215 4
800 6
1677 1
857 4
2200 7
1546 3
368 2
1417 4
2155 1
4473 6
4901 7
4937 4
436 5
1613 2
3953 3
3688 9
1284 9
3755 8
4261 6
1684 10
2047 3
1338 10
3638 2
2841 8
309 4
547 7
1840 6
3425 3
3704 8
4986 7
3409 8
679 6
4082 4
1447 10
3707 1
1222 3
483 8
4550 8
4871 7
3647 5
2280 4
1095 9
1923 8
2429 5
1619 3
3857 4
4192 1
4457 4
992 7
2755 6
2954 3
3634 1
714 6
411 9
2400 3
4624 2
4019 1
4380 2
3108 2
3419 2
1180 8
1210 5
4028 5
1069 7
1943 1
2362 9
4730 2
4861 9
1743 6
3973 8
2330 4
3812 3
1188 3
1200 9
938 6
2448 1
1012 6
3514 2
3811 6
2034 6
2501 7
4371 9
3518 8
138 10
2199 4
2309 1
4643 6
4288 5
1585 8
1746 2
1696 8
4413 3
2818 10
1033 9
1680 5
3599 7
1231 9
233 3
599 6
3672 9
3904 4
3786 4
4730 3
3752 9
1162 6
4641 7
1594 1
1761 4
1092 1
4024 6
1810 6
4564 10
3623 1
2612 9
524 4
582 1
3760 7
1857 10
2765 4
2850 4
729 6
4413 6
3208 5
2527 4
3202 9
1455 10
1734 9
3749 9
313 4
3788 6
3981 9
118 9
1832 5
4540 8
2461 9
4990 10
574 3
4451 7
1176 6
3812 8
1987 8
2020 5
3864 2
588 8
4091 7
597 2
3078 2
1627 3
4671 3
3727 2
4822 10
1638 2
537 1
2747 10
4446 10
4408 6
339 2
1235 3
2109 5
3771 9
3586 9
4907 10
291 1
764 7
1930 6
332 7
1957 4
346 8
3356 9
3839 3
799 6
2402 8
2664 1
4660 3
4766 9
1454 7
3067 5
647 9
167 3
1918 7
4256 1
3142 1
2031 7
3628 5
1090 1
4129 7
4533 6
2583 5
388 7
4202 9
2272 2
1857 3
2710 6
4897 10
1366 5
2357 8
1972 3
775 6
1830 2
4809 8
2033 1
1605 1
3065 2
1854 5
3669 2
4089 4
710 7
3579 1
3156 2
3888 1
1750 3
3684 9
4542 2
4187 4
3852 5
3738 5
1293 7
3668 6
929 5
569 2
2044 1
4696 3
3347 3
432 3
4063 10
92 8
3101 5
2005 4
2456 10
3571 7
273 4
1294 8
4669 2
990 6
4870 7
3067 3
544 7
698 10
2521 4
3980 5
3306 1
825 3
3462 4
1979 2
4188 10
1703 7
2330 8
1594 8
3997 7
1493 8
3846 10
4521 1
3272 8
3208 1
3149 4
1026 9
3681 4
4889 1
3974 2
3637 10
2209 10
1458 8
415 3
3102 8
4329 9
246 5
3241 3
2935 1
782 1
3840 4
621 6
4248 9
3651 6
2591 9
1737 10
681 6
4985 1
1241 4
3464 2
335 9
3413 10
2905 10
266 3
2520 10
486 1
4864 2
183 5
4100 10
3154 10
4546 3
4234 4
4014 7
2201 1
4070 1
2091 4
2401 7
1150 9
1500 1
4048 10
4638 5
3014 7
3713 10
3142 3
1422 5
2469 4
551 10
741 7
374 7
175 8
4840 5
3967 6
2821 1
322 3
4966 4
4658 4
3308 5
1052 10
4939 2
1554 7
3779 3
261 2
4937 10
2638 9
3137 2
350 2
2372 8
4963 10
741 2
4215 3
4671 4
843 3
3964 4
394 3
4202 9
2205 2
3361 3
1481 5
1710 6
4423 4
3522 10
4075 5
2726 2
3608 7
2661 2
4203 10
3917 1
1857 5
1462 1
2445 5
3213 10
1375 6
876 10
210 8
2539 4
2878 5
1462 2
775 1
4956 4
247 6
3130 6
2135 8
1722 1
3502 2
2317 2
410 10
4007 6
2975 8
2139 2
4216 5
2104 9
1537 7
348 8
4830 10
781 5
4300 8
4000 4
1936 5
1422 1
269 9
2192 10
2978 10
608 1
3381 7
227 8
73 8
2176 2
615 2
2480 1
4126 6
1499 4
429 4
4650 4
430 3
1311 6
2561 2
3543 7
4272 3
846 3
1407 9
2344 6
3868 2
3375 10
3295 7
3243 7
919 4
1444 3
1741 9
2918 3
2150 5
3161 3
4891 9
1959 4
2398 6
1869 5
192 4
3382 4
2761 5
35 1
1154 5
4245 6
4286 8
1006 10
468 3
3806 6
301 4
279 4
1728 5
3212 6
2389 7
1450 4
1290 10
359 7
586 7
3668 5
3686 10
4020 1
1012 9
1207 7
4010 3
1262 1
4368 1
214 5
3625 8
4999 10
4553 4
4343 2
1933 3
4151 5
1499 4
2454 4
3103 7
628 2
4766 1
3030 6
1756 1
1828 10
2570 7
229 4
3709 8
1845 3
3432 4
2850 7
221 2
4748 5
1856 2
4050 3
1700 10
1724 10
85 3
2947 2
2227 1
2924 6
4544 5
4394 6
1077 3
2132 7
1271 7
127 8
1959 7
48 9
728 9
1338 8
3764 5
523 7
4533 6
1804 8
2914 9
2334 1
4732 3
2619 5
1863 5
1572 9
2948 10
1831 7
2183 9
1903 1
1787 2
2089 7
707 10
2382 1
3661 8
2154 7
4018 2
1035 2
4789 2
3841 5
2791 7
3192 2
763 3
2078 7
1337 8
4738 5
3138 1
2726 2
1502 7
838 7
1930 2
1224 4
4748 5
522 7
3855 8
3646 5
1689 2
4032 6
3403 4
4425 6
1643 10
3425 4
52 7
3216 5
283 7
2855 2
1478 1
4223 5
3880 1
1649 3
1483 2
911 2
1627 7
4302 10
5 6
1985 4
1112 2
2584 7
2471 10
4259 1
2061 3
4369 2
1743 3
3327 8
1422 7
4166 8
4488 1
783 3
4062 4
3789 5
2753 5
477 8
1544 6
4756 2
2653 7
3400 7
1815 1
1980 8
133 4
4589 3
4751 5
2467 7
4524 7
4004 9
674 2
42 4
2798 8
2419 3
3898 5
3881 8
4547 10
2079 1
3575 8
681 10
4078 4
3381 8
2970 6
940 6
3331 9
978 5
32 6
3895 1
2956 10
754 9
1161 2
4556 9
1540 3
3208 5
4370 9
78 6
2118 7
4296 5
3117 2
2420 8
4197 9
4344 7
2198 3
952 1
4701 2
2678 1
3821 9
4095 10
3762 6
76 7
2107 10
99 7
1766 5
995 5
2451 8
1142 5
4269 8
67 7
4896 6
3540 9
2411 10
2899 6
1592 5
1102 1
3653 10
4133 6
3279 1
3489 3
1591 4
2834 9
845 6
1337 9
3659 3
2881 7
3665 9
2825 5
4825 7
162 1
574 9
2785 8
3361 4
2396 5
4984 4
114 6
1348 4
3724 1
2892 9
2048 1
2877 9
3183 5
4698 5
2695 3
3249 1
1761 10
2003 3
4383 7
3982 3
87 2
688 6
2848 4
4420 10
1544 6
603 1
446 9
3446 8
684 6
2115 1
849 6
2884 3
2180 3
1190 1
3708 8
3873 10
4417 7
3222 2
2677 10
3016 6
4801 7
2665 1
130 4
1917 10
2123 4
2745 5
2166 1
3243 8
2816 5
2600 6
2835 5
1055 1
4526 2
3032 7
3621 10
4400 10
558 6
84 2
2801 8
3373 10
3402 1
288 3
3400 8
4423 4
111 2
4814 9
68 5
3545 1
2288 2
2720 2
4722 8
2550 8
2233 9
4155 9
4220 5
4663 7
4439 6
3923 10
4239 2
3262 1
1698 8
4658 2
270 2
573 6
943 9
4732 2
4196 7
4110 1
1789 4
666 2
1722 1
2651 1
3193 5
212 5
3262 9
2820 6
405 4
975 6
1053 7
4434 9
2737 10
13 3
2874 9
2650 8
1408 3
225 9
3783 9
2621 2
4111 5
117 2
1796 10
2382 9
4363 2
4685 5
3132 7
2264 6
572 10
30 5
2332 2
4912 7
2630 5
561 4
986 6
261 8
1986 3
899 4
3753 4
2736 3
806 9
1707 1
1252 2
2668 6
2786 2
2792 9
2940 10
4978 1
4246 3
481 7
219 7
938 6
448 7
3715 9
982 4
4311 10
2393 7
1448 10
3233 4
2784 6
1156 7
2802 9
2431 7
2768 1
1399 8
4312 2
4689 6
2010 4
3653 2
258 7
807 1
127 6
3869 6
4004 8
1790 7
3872 1
1987 8
4422 6
4784 7
4713 6
814 3
1536 4
3644 10
1233 2
480 2
3960 8
4659 10
3989 5
4269 1
4105 2
3761 7
2471 4
2859 1
1787 8
2742 7
894 3
4608 6
1343 2
1913 10
814 4
4146 10
3530 8
2641 4
1546 7
3928 10
3942 9
2577 3
3419 1
2879 1
2799 1
4610 4
3342 1
3399 1
3044 1
1629 3
4926 7
2091 1
4841 9
4286 3
4805 7
2809 7
315 3
1060 2
4813 7
4600 7
4667 8
518 9
1611 5
1055 9
943 5
4101 7
2621 1
1465 4
3690 8
4564 2
4583 6
92 8
4092 10
1477 3
2990 9
3975 10
333 8
4929 10
1565 1
3000 1
2832 7
643 6
4944 8
2966 6
4469 5
174 2
3737 8
1860 8
3875 7
2562 3
743 3
3678 6
976 9
1482 9
1110 10
3377 3
4814 10
2501 7
2856 8
2792 7
4144 10
2214 8
3030 6
2317 4
2849 1
3077 7
4860 1
1622 2
2350 8
1767 7
2004 9
1337 3
4988 5
3042 7
2539 3
4022 3
722 5
469 4
4025 5
1847 5
2169 7
222 8
1891 7
2340 3
1711 3
3397 2
2108 5
170 1
256 3
792 2
3199 7
2168 8
743 6
2481 6
2065 2
93 1
910 7
240 7
739 10
3847 7
2021 10
2418 10
3468 10
780 7
1829 8
314 5
2322 2
1909 4
4234 8
133 4
2108 4
1830 8
4433 2
3612 8
2820 3
1609 6
2046 8
2922 2
3364 2
4616 8
2058 5
3012 10
1510 9
784 6
2308 9
4362 6
864 3
977 9
983 5
2570 6
1122 1
2925 9
4438 5
3631 7
4926 3
4549 3
3999 8
1392 2
1690 4
2553 5
4060 4
362 3
1606 3
301 3
385 8
434 6
1489 9
2545 1
4180 2
2011 4
4771 5
4135 10
4670 5
2933 10
1782 8
4426 7
2167 6
232 8
655 10
1285 5
1119 10
1312 3
3296 2
2426 3
2549 1
1014 7
4615 2
4191 10
1490 1
3741 8
3766 6
1941 1
3688 7
875 9
3219 8
1722 5
4711 5
1591 5
412 4
1280 4
431 3
926 6
2131 3
1460 7
1614 3
1953 1
2167 6
4491 2
4207 2
2469 9
2402 8
3893 2
714 6
3258 7
2021 2
2435 1
2031 2
277 3
40 8
2548 4
689 2
3944 8
910 6
4590 2
1646 4
1675 7
4047 4
2219 3
2617 10
386 9
507 7
3280 10
1675 1
3257 7
2554 5
4157 5
4017 8
3602 7
3053 2
3653 10
1327 9
4806 3
4035 9
2586 7
1330 4
4260 7
323 4
1513 5
4613 6
3342 8
4254 9
1975 6
1002 3
3927 1
1009 6
3054 10
1520 2
444 8
315 9
1156 9
4440 10
4330 2
3605 10
1215 10
609 9
1481 6
2193 3
1744 3
2283 3
1738 8
2453 8
4517 9
4999 1
4425 3
3155 3
39 6
306 5
2089 1
2299 5
2773 2
4259 1
4134 1
115 5
4055 6
4242 7
2289 4
4592 6
3916 4
1668 8
4475 6
3089 5
3983 4
2990 8
3441 7
4968 9
148 5
4900 1
129 2
4754 4
658 8
3892 6
1739 7
3676 5
4247 9
4887 7
3487 6
2804 2
608 10
3816 1
4313 7
4204 1
1368 8
4242 1
3900 9
4875 2
1149 2
4592 9
4632 9
4375 9
3243 4
4494 3
1151 3
3220 6
2461 4
2714 10
2317 5
490 8
1643 4
796 9
3036 9
35 3
850 4
2670 6
2616 2
2980 7
4359 7
4894 7
3897 6
2167 1
4228 9
4981 2
4800 7
858 9
1471 1
3898 7
2231 5
2766 8
1825 1
1388 10
101 4
3040 6
2382 5
4075 4
4983 10
290 7
4546 2
4557 2
2801 3
696 6
3488 4
4666 8
1526 2
4250 4
243 1
510 7
462 7
4476 3
1756 6
2667 3
281 10
1620 8
4883 2
1238 2
2841 10
527 8
1105 4
3107 6
2384 6
1245 10
919 1
277 3
4628 3
599 7
3777 10
1015 9
3690 1
1298 10
3754 7
1206 2
4775 4
3956 2
3073 1
3346 5
4722 4
3771 7
61 9
516 6
638 4
3959 9
4857 2
869 8
1896 4
3254 8
1072 2
722 2
1690 4
2304 10
1683 1
631 2
1902 7
2808 5
4404 1
3740 2
379 4
636 4
853 8
4488 4
2282 3
728 7
2429 9
2460 5
714 1
2819 5
1896 7
57 7
2096 5
3375 5
1599 6
2188 6
904 7
568 1
2122 3
2002 5
235 6
3728 10
4343 1
3814 7
520 5
2575 1
848 9
823 9
3463 6
3985 10
3563 9
2333 2
4878 3
2819 8
3493 1
1319 7
4430 4
659 1
2229 2
4553 8
2379 5
1898 5
2977 8
4784 7
2242 5
2615 3
3756 10
3583 10
2721 6
4519 2
330 6
568 10
1579 6
3174 5
3847 4
105 10
2258 9
1834 5
1940 5
342 8
2203 8
3195 6
4626 3
2122 1
3970 5
2416 6
1114 7
3158 6
3823 10
666 8
1627 5
284 8
2085 9
4147 8
3823 10
521 1
825 4
999 4
3988 10
4616 6
1656 2
73 9
92 7
3992 7
2500 3
739 5
4788 2
1018 8
3733 3
3981 10
1360 6
107 9
4565 6
514 1
3469 8
4581 3
1477 3
4582 5
2605 1
4312 10
2900 6
2869 6
4401 9
1997 8
4158 7
1015 4
3225 4
4728 5
4349 8
231 5
1902 1
4858 10
385 9
4341 10
3390 10
856 8
4740 9
4097 9
2754 6
1725 7
2751 1
21 10
2036 1
2089 7
1381 6
467 8
2420 1
1631 10
3999 1
2607 10
2806 5
2605 1
2461 7
326 5
2986 1
749 6
3676 4
1933 3
3703 1
105 3
2531 5
705 4
1556 5
4454 2
1746 3
3692 6
1507 5
265 4
3 4
3812 7
1423 2
3437 7
4241 2
1403 5
4952 6
331 5
4057 2
3795 1
1853 9
655 2
2937 9
3161 4
2981 4
3845 9
2000 4
3130 5
2793 1
420 10
4845 4
492 1
2360 1
1239 10
4716 4
3311 6
4738 3
2000 5
670 1
4036 1
1988 1
4178 7
1481 6
4684 3
3605 3
1288 5
3301 10
3966 5
3281 7
2195 3
628 8
731 7
408 9
2478 2
2025 2
2389 10
3639 8
532 9
3981 2
886 4
2280 6
4178 9
3427 2
623 8
4864 1
4483 2
294 2
2530 7
4708 10
3290 6
3375 6
2947 1
3074 5
1750 8
815 7
4166 6
3726 3
3468 8
4831 5
3136 6
2224 10
381 6
1263 9
2874 4
4499 8
4537 5
1245 5
2346 1
4136 6
2091 9
4008 9
1759 10
3716 9
2584 6
4401 5
3142 10
1632 9
2783 3
4798 5
2716 4
2150 4
1685 1
1110 8
1736 2
1755 6
175 3
849 3
158 10
1240 3
3225 9
1980 10
3130 4
1799 5
3177 8
718 1
4443 7
2639 5
4254 10
4786 8
2796 10
2649 10
4025 1
4526 6
3890 5
1594 6
2846 3
54 8
1089 4
862 3
1829 9
4999 4
1276 9
3481 5
4004 7
4268 8
169 7
192 9
4135 9
3452 4
4166 8
2724 5
2536 1
793 4
2897 7
2675 3
389 2
3091 2
4641 3
478 6
2945 4
434 6
3541 3
2019 2
3943 9
795 4
6 3
4334 1
623 3
186 5
4828 10
3056 9
1873 9
3067 8
3782 10
578 10
2748 8
3025 4
1913 5
73 6
2865 6
396 7
4442 6
1909 5
1621 10
3160 9
593 10
3641 9
3021 7
3813 1
2555 3
4326 3
4157 10
4000 1
4832 4
4041 8
4877 10
4188 7
3081 2
144 5
436 6
2935 4
3270 2
1895 3
249 1
3622 5
3689 7
4105 8
4245 2
3605 6
3516 4
2821 6
4072 8
1452 2
60 3
277 9
2800 3
3175 5
111 7
3679 1
4838 10
4525 7
2781 2
4851 3
4697 4
4871 4
4352 7
1442 9
491 8
479 6
4272 5
3795 7
999 2
4547 9
64 9
147 1
912 1
519 1
3780 10
4009 7
3369 10
2814 8
2780 8
1963 5
3873 3
2582 5
1340 5
2070 7
4847 1
2774 5
2856 2
3666 7
2306 2
4115 5
2059 10
3299 8
4201 2
1035 3
1760 2
2629 1
3248 6
4758 7
3068 1
3226 4
321 7
2122 1
2710 5
3652 8
1188 4
112 10
2093 6
1313 2
4044 5
4633 6
2595 8
853 6
2638 10
255 2
3793 10
992 5
1132 9
4181 1
741 1
4180 10
2463 2
1498 9
1842 10
2862 10
3506 8
2834 1
2751 10
447 10
2437 2
733 9
4306 10
4807 7
3016 5
4006 3
3455 1
4314 3
112 10
501 2
3046 6
1538 8
2300 5
2322 4
3036 7
1511 8
1968 3
3486 2
1825 5
4225 1
4355 2
1374 3
1442 4
1874 1
2756 8
3807 3
601 6
2494 1
4796 10
545 8
3581 1
2472 2
4350 3
704 4
527 9
2493 5
2137 10
3611 9
470 1
4444 10
1842 1
3987 7
311 3
1241 6
4727 4
3415 7
2024 7
2138 1
3818 4
2074 6
362 2
1501 1
3127 4
4779 2
1558 3
1480 8
2361 9
1031 5
930 5
733 9
3589 5
3450 8
489 3
2168 2
2501 7
252 10
3700 6
4012 10
3049 8
1049 1
2304 10
2932 8
3639 4
2690 9
515 3
3311 5
2391 4
2570 9
4059 2
4230 7
340 2
3325 7
3295 1
3339 5
237 4
3046 7
2159 8
147 5
2310 1
2393 8
733 6
4699 8
92 5
3388 1
4247 6
3144 5
2560 8
705 10
3731 4
4242 7
142 5
714 4
4093 2
1269 3
537 7
3302 7
4278 9
598 5
3608 10
1731 2
4797 5
3181 2
3671 8
3885 6
4297 5
2879 4
3064 5
2631 6
4683 9
1522 7
4542 6
76 6
2890 9
1036 1
3136 5
3699 3
3166 6
4 9
4409 4
3929 5
2178 3
175 10
1863 10
2017 4
759 6
4095 6
944 5
3610 8
3342 9
4264 6
2695 6
4727 1
877 9
2714 7
3554 10
863 3
2404 8
4091 3
3121 5
3202 1
1757 3
3652 7
4598 6
2016 4
3111 9
2240 5
91 6
1019 7
3392 6
99 5
603 4
3675 9
2068 1
1952 4
200 2
2315 5
2199 6
1029 5
3001 6
2975 5
528 9
1761 3
102 9
2985 5
4916 1
1723 4
2337 1
2681 4
3011 5
3798 1
4732 6
4119 1
902 5
698 8
2571 3
966 10
19 9
3364 9
230 10
507 10
4008 1
1270 5
2862 9
436 8
1828 7
611 2
1607 7
3656 10
4341 4
540 7
1542 8
824 10
4076 7
1409 6
931 9
2397 3
515 6
2660 7
154 7
4697 10
4504 4
4715 3
2104 1
2647 4
3548 4
1739 1
231 3
2347 3
2343 10
2469 10
3009 6
2192 6
4219 2
2511 10
1386 5
1126 10
3013 8
2561 3
3335 2
4563 5
4789 8
747 3
686 7
481 2
84 2
3195 2
3775 2
4865 9
4924 6
3906 1
308 6
709 7
3739 3
2176 1
626 8
1399 8
2352 9
3224 4
498 10
2798 3
1173 9
1442 8
1045 1
3083 2
688 10
1312 8
2122 5
3859 2
1912 10
1174 9
639 7
4429 6
4881 2
2987 4
1289 3
495 1
4345 2
1819 7
2625 4
313 9
600 5
755 8
307 10
3933 8
3126 2
4447 6
222 3
3239 8
1368 7
3 4
1922 3
3099 9
163 8
1353 9
2389 2
3604 2
2570 5
3198 6
4686 10
1882 5
4499 9
1077 7
860 9
1613 2
1597 1
3373 1
4079 6
3825 2
264 9
2612 7
3032 4
3555 2
475 2
1400 1
4352 7
1879 6
2196 3
1950 6
3152 8
1290 7
1083 2
3270 10
4607 4
4598 8
658 7
949 10
2592 1
2348 4
1700 6
2474 5
1793 9
2349 10
789 8
3579 2
204 5
291 9
4825 2
2177 6
4478 9
338 9
4491 8
4904 8
4432 9
2453 3
3095 3
2246 9
3010 9
1790 2
3790 1
2764 8
1862 6
2262 7
788 2
2818 1
698 8
1872 6
3437 10
2430 9
1950 4
3236 8
1313 2
1436 9
2539 10
4111 3
3331 3
862 7
1799 4
899 4
2599 4
4347 8
2181 10
3888 1
4028 8
4026 6
3369 10
2108 2
513 2
1188 1
4471 4
929 8
4414 7
285 3
467 4
1829 1
2525 1
2432 8
364 7
4128 3
1657 2
4903 3
3362 7
4994 1
1519 3
2895 4
2863 6
2797 2
2119 6
2087 6
153 3
2720 8
4719 5
3596 8
4946 1
3560 7
539 6
1391 6
1869 9
3369 5
3855 7
4231 4
1498 5
2685 9
4418 5
605 7
3002 2
4998 1
3472 7
2292 4
2015 3
4089 5
2701 3
62 8
542 4
1256 6
2112 2
3546 10
3365 6
2931 6
2119 8
4918 9
4548 3
3425 9
2986 3
3036 6
2443 7
3455 10
2853 5
1198 6
3884 4
2886 2
3479 4
3389 10
4232 4
4261 3
4879 2
2514 4
171 10
3345 7
1036 6
746 10
2988 1
120 2
4664 7
4083 4
2728 4
325 5
2258 4
1076 1
1170 8
293 4
4167 6
4178 10
2857 6
4384 2
2259 2
559 7
1810 9
1712 7
2760 7
2608 3
4810 8
4123 8
3258 9
739 2
1701 6
2381 5
2436 8
4441 10
4716 3
2564 6
3140 3
934 1
3087 9
4293 4
4817 9
2629 7
1837 4
2495 4
3121 8
2981 5
339 10
2396 7
256 10
4693 10
4947 5
3782 7
1440 2
2003 5
4086 9
3333 9
425 10
2214 6
2823 10
2338 5
3458 10
2061 9
2965 4
4688 10
1768 5
2505 3
2436 6
2999 5
2605 7
4594 2
2960 5
3338 6
3383 6
1563 3
1378 10
195 1
9 8
4922 6
2091 9
4206 1
4439 2
4082 10
4500 9
921 10
3564 2
4804 6
4235 9
2361 9
131 2
1261 6
2027 2
1359 2
4077 4
1813 5
1610 1
3861 1
4385 6
369 10
820 3
3521 3
3586 9
3053 8
4930 3
1573 2
1719 10
287 5
1127 2
2589 7
2876 3
4853 9
982 8
4320 5
125 3
3104 10
3143 8
2686 4
3278 8
1518 1
3005 10
4514 1
2220 6
317 9
4605 1
3728 1
3014 3
1456 6
4518 9
1785 6
1546 6
3913 10
4952 10
4895 4
4984 7
1884 2
4239 4
1630 4
1021 7
2644 4
1751 4
736 4
2642 10
4570 10
3660 3
340 2
2571 6
4785 5
2468 1
1293 3
1447 10
1889 5
4998 10
169 10
815 2
1867 9
3005 9
330 10
85 7
2045 9
3093 6
639 10
1277 7
1129 5
351 9
4678 3
2334 7
2059 9
3758 3
81 5
3348 3
597 10
2902 7
4134 5
3967 2
285 1
592 3
4215 8
741 8
651 6
1577 5
34 1
1800 6
3358 7
2402 1
2900 5
2365 8
2188 6
4127 10
3416 3
1469 3
1213 6
4941 10
4829 1
3589 6
4492 6
2116 7
2953 2
633 9
3716 5
2205 5
2293 2
3704 5
1830 3
4050 8
2571 1
1558 1
2564 5
4029 8
3026 1
700 7
474 6
3260 3
3422 2
1357 2
4955 4
3118 10
1702 6
2886 2
2520 3
4711 9
4989 7
1139 3
3952 3
1211 9
105 3
1547 5
2840 1
2739 6
3823 7
1551 3
938 10
901 4
1324 8
1909 9
2836 7
4140 10
3696 6
4399 8
3137 5
3571 10
4204 5
930 10
2976 9
1852 7
2851 1
3072 7
2978 3
3932 6
4576 6
918 4
2719 4
504 10
2526 6
1048 7
2911 8
2818 4
3399 4
376 5
985 1
677 4
421 7
3630 10
1357 5
3474 4
3553 8
4440 6
553 8
3651 4
4146 2
3969 5
2605 8
279 9
4213 9
3334 2
4223 6
1474 7
3626 2
4028 9
4649 2
2201 4
4720 10
3681 5
4942 1
1863 4
2309 2
2387 7
365 5
3470 7
1180 8
4126 9
2764 6
287 8
1428 2
3709 4
595 3
2470 6
943 3
1922 3
3452 3
1245 1
2821 8
9 7
4769 3
1633 1
4559 2
2 4
588 7
1126 3
4125 5
4121 9
2656 4
2355 3
4897 1
2487 10
187 1
1945 6
1699 5
1949 9
3542 6
2092 5
686 10
1891 9
3250 10
1803 3
2649 3
3632 8
3616 8
4704 9
275 4
161 10
2701 2
3899 8
4304 5
2074 5
3614 7
4550 1
164 1
1173 2
4218 7
2609 9
2066 5
93 3
3483 5
668 3
3627 3
2557 8
338 5
1688 10
2723 10
2587 6
455 9
1635 2
3178 9
3069 2
2913 10
4424 4
4320 7
903 8
409 1
2290 1
3525 5
2575 1
3747 9
3834 3
4176 10
2497 10
558 9
1892 1
47 10
566 6
2667 2
2645 3
3658 4
4255 1
1054 7
3078 4
1295 2
3126 10
4854 9
205 4
1589 7
3606 5
2970 4
1264 4
1737 5
559 8
2667 5
3152 1
3799 4
4814 8
4905 7
851 7
4873 7
849 3
1809 5
3298 7
1963 1
4951 4
945 5
3642 9
106 5
1101 4
3628 1
2727 3
2236 1
4221 4
3801 6
4204 6
1045 6
1236 9
3507 1
2037 3
4285 9
1932 2
939 4
2198 1
3911 7
982 1
2318 6
734 3
4825 10
2979 7
2550 5
3800 7
3422 5
4534 10
3425 8
1340 2
4180 2
427 1
79 3
1526 9
2717 4
1476 2
2201 4
3480 5
1982 7
304 2
3226 3
3563 4
4617 8
3538 8
4819 4
2261 5
3008 9
2617 10
749 1
223 9
4679 3
4042 10
2147 2
304 7
673 4
1831 8
3648 5
2172 6
4449 9
60 6
1918 6
1158 9
3677 3
4947 9
3167 3
4726 3
3575 8
4281 8
170 8
704 4
2226 4
4780 3
4212 10
1121 3
438 6
425 7
4765 6
1569 6
1610 7
2212 2
471 8
4763 4
3506 5
58 8
4478 1
4443 2
2432 6
615 9
3830 2
625 9
358 9
2094 8
4193 7
1306 1
4087 1
3503 7
170 4
1402 5
2677 9
629 1
924 3
787 5
2867 7
2121 1
765 1
2617 2
4717 3
2340 6
3742 1
1957 3
4633 4
4424 9
2241 10
2946 6
4927 2
3698 4
4117 3
3644 3
1122 6
2013 7
1849 9
3023 5
1991 6
413 10
4775 10
2444 6
1200 7
982 3
1808 9
3577 5
151 2
1524 8
2396 2
3005 8
2823 4
3268 5
1289 6
3250 9
3291 2
2246 6
4051 3
1656 6
1074 2
4669 3
1550 8
543 5
139 4
1390 4
2731 10
3907 5
3134 3
1997 3
1382 6
2055 2
1687 10
58 9
941 1
785 7
4981 4
565 5
936 1
1965 3
512 5
2559 2
199 2
3242 1
4751 6
1816 8
696 5
2862 4
674 4
1299 10
151 6
879 1
1975 2
2773 8
1579 5
562 7
4306 1
3298 5
3663 3
837 5
2238 5
1104 7
2376 4
4504 8
3141 10
1531 6
188 8
958 3
787 2
1433 3
3509 2
835 6
885 8
4047 1
1983 8
2548 4
570 4
4878 7
3418 7
20 3
1833 2
1501 2
2221 10
3107 10
2753 1
3127 1
434 1
70 2
1182 3
4168 9
4543 9
1299 10
3300 5
4641 3
2461 2
2924 9
1108 10
866 5
2377 7
824 3
4449 9
153 9
4283 5
2113 7
1061 8
1232 7
3298 8
1964 1
4131 2
3991 9
1886 9
2653 3
3878 2
2122 6
3575 4
517 6
4794 3
4047 7
2183 4
3550 3
4407 10
249 3
1720 8
4885 1
4046 7
1980 3
2872 1
4691 3
1881 1
778 5
792 8
3588 10
4614 8
719 1
4159 3
2182 5
2126 9
3565 6
3437 10
1632 2
393 7
1654 4
73 5
4842 6
3765 6
1899 7
1905 3
216 9
2822 10
1263 7
3692 9
1893 7
3119 1
3282 8
4800 1
3969 6
4047 7
2824 9
1969 3
4618 1
1136 2
149 5
3937 8
429 6
4631 5
2383 4
4374 7
3713 7
2624 4
4520 9
2258 6
35 7
1788 1
2989 2
2483 7
3556 5
2388 7
152 1
4316 6
698 3
4586 2
687 8
3672 6
1269 4
4661 10
813 10
3651 9
41 4
2568 1
2649 4
2467 4
1797 10
1056 8
4408 5
249 1
602 4
3574 8
1332 4
420 4
284 1
4288 4
3148 2
3593 9
1655 8
2509 5
2662 6
1517 10
3551 9
1510 4
4872 10
1998 9
1579 7
903 3
2940 1
1713 4
3728 5
1825 2
3903 9
3814 4
2346 4
1973 8
3410 9
1586 6
3633 2
173 9
4588 1
2191 3
1095 5
4296 7
1580 5
2102 1
2028 5
2709 7
3280 8
4359 6
484 5
4297 2
1143 10
557 1
2398 5
727 7
3235 10
956 6
3340 3
1684 8
555 1
1941 4
4439 2
1139 6
4021 1
4762 1
3131 8
3883 2
3892 7
3067 4
1770 4
1959 8
3504 2
330 1
3742 3
2887 6
2028 9
2477 9
4697 9
195 10
1438 3
4290 2
2090 8
2769 7
1307 5
780 9
2963 6
4144 5
530 9
149 9
1673 1
221 10
1189 3
525 3
3335 10
197 9
32 10
2442 10
145 5
3099 6
1324 5
4127 5
603 6
4532 1
1576 6
1739 8
3651 4
3279 9
2153 2
1771 4
3034 5
1295 9
1226 8
714 1
3671 5
3958 1
2858 1
4118 9
400 5
387 3
4054 10
870 6
3545 7
3727 8
1427 10
373 7
2664 9
4062 9
2526 1
3497 4
1644 1
2410 5
4289 3
4076 7
2512 9
2154 5
2502 8
899 9
2730 9
3648 4
1929 2
3887 2
2387 10
4049 2
4149 1
1129 2
1820 10
2452 5
673 10
488 3
2500 1
391 3
523 3
427 5
2504 3
3295 8
2708 3
3066 5
4069 2
4044 3
3647 6
4169 8
4180 3
3807 3
171 8
217 6
3511 6
2855 3
3553 3
4400 9
2941 9
999 1
2003 4
2565 7
1906 4
3320 3
3204 4
4144 3
3605 7
3504 2
3335 3
3726 9
356 3
454 7
432 10
2987 6
2742 5
1931 5
2696 4
3580 3
4892 9
4186 2
3499 10
4884 4
1864 7
53 6
2788 7
3490 3
2158 10
4140 9
541 2
1964 7
244 1
4937 8
3367 1
2423 4
2749 5
2855 6
4196 10
4948 9
3050 4
1850 4
957 5
4092 9
3517 1
4717 10
4004 9
311 5
3447 10
685 9
4898 9
573 1
3943 7
3063 9
844 7
629 6
4789 9
4524 8
3485 5
3010 7
1040 3
2094 2
4272 10
1965 9
1309 1
4863 7
4875 8
4247 6
1326 2
1517 8
4804 4
3811 5
759 2
1397 3
4773 4
173 2
1460 10
4239 4
609 6
2411 1
3079 9
3421 7
1794 10
1855 5
3623 7
4037 6
2701 1
692 5
4201 5
1135 3
3919 10
4490 5
3161 6
2492 9
3723 3
2236 2
4563 4
2375 4
2970 7
3350 8
3227 10
1035 2
12 2
1646 1
2478 5
1256 1
3013 2
2893 6
3581 9
1495 6
883 6
3920 7
478 5
3089 7
155 9
3466 8
1595 2
3467 6
3860 4
2122 6
1946 10
2075 5
2014 3
700 4
1782 5
4742 2
1808 10
2999 4
4762 7
795 9
3467 4
4690 10
3914 5
865 10
987 4
507 9
3742 8
4084 9
395 1
3820 1
2906 1
4339 2
111 7
1132 2
789 4
4568 10
3779 10
4253 3
4593 7
2424 3
2402 5
2684 3
1819 1
1600 3
2318 7
3473 10
4019 8
3733 6
2204 5
3571 10
4577 10
2304 8
4712 2
4199 10
2406 10
1691 10
4769 8
4902 6
1779 5
530 5
408 8
1227 5
1703 3
922 4
850 10
3670 5
4734 3
2135 3
4896 6
4074 3
4642 4
3010 8
2949 7
4761 10
1174 2
1454 7
3698 9
3517 2
1811 7
4958 1
68 3
4221 1
2017 5
2837 5
3868 7
3070 5
698 10
1965 4
1367 4
231 4
1452 9
3060 1
269 4
1528 4
2563 10
450 4
4061 10
1472 10
2517 5
1582 6
4899 6
4786 2
1594 1
24 2
2034 7
4625 4
1744 8
865 9
3377 9
4953 7
4495 7
205 9
4873 3
3989 4
905 1
1987 9
2913 4
290 9
3674 8
2995 10
971 6
3833 8
3524 1
2609 2
188 2
2107 10
719 3
1881 2
1071 1
3548 2
1882 8
2541 8
2892 9
1648 3
4721 9
1327 3
2767 2
4942 4
2591 7
2252 6
699 1
383 8
3383 10
2190 4
2333 2
195 6
1170 3
4198 2
2457 4
3805 1
2276 2
1714 4
4738 8
3295 10
163 5
3171 5
944 7
4707 7
3992 8
2507 4
3941 1
2044 9
2991 8
2686 8
3339 5
786 8
1516 9
1435 1
2403 8
4531 9
3879 2
4216 2
2724 7
3065 10
806 8
108 9
3798 4
3978 7
3345 9
4644 7
408 5
3421 9
4254 9
4112 1
3599 5
4156 7
3187 8
1114 10
1030 1
3078 4
1385 4
3192 7
4298 3
3370 4
4825 4
3982 6
585 4
4891 2
1904 6
1143 7
856 10
4319 3
3480 5
4111 4
4536 3
413 4
1106 8
1352 7
611 6
4925 1
4595 8
1952 5
448 9
2282 5
4220 10
4470 9
2542 2
3143 1
4398 2
820 9
2822 10
4466 2
4090 3
4003 2
4056 10
3610 6
3804 7
2908 4
4258 7
3336 7
3814 7
3796 10
327 10
2582 5
2266 2
2128 1
4962 6
2435 5
288 9
4307 7
1946 7
3911 6
1828 7
4 1
861 8
220 8
3403 10
1228 7
4224 9
4584 9
3829 9
2152 4
4610 7
3347 3
4941 8
2138 1
4112 3
1727 2
1894 6
1186 10
2512 1
4589 3
82 9
3504 6
1806 10
1829 5
3817 4
1740 8
2688 2
1625 2
1070 7
4381 4
1010 4
3248 9
1127 6
4102 5
4370 4
2612 5
4902 3
1793 9
4689 6
2761 8
1828 6
3532 1
309 1
4967 1
341 1
4083 2
1083 6
2804 7
1831 10
3228 5
3060 3
1007 3
219 4
2798 2
3160 7
4480 9
3611 4
44 6
276 1
2801 3
2178 1
3617 7
2605 2
3314 3
3178 9
779 7
1266 4
4789 6
4741 8
3236 1
562 8
1437 10
823 3
3632 6
795 9
4376 10
1760 2
3497 10
4421 3
2601 3
2888 6
1313 1
1135 9
4288 2
2102 7
963 2
3694 4
2311 2
498 3
2432 3
3955 10
4678 5
3011 5
1809 3
1867 10
4469 10
2604 10
2500 7
4008 1
1220 6
4399 7
713 2
3370 2
652 7
599 8
1836 10
2831 6
1565 6
475 8
949 5
4125 10
893 10
4345 9
792 7
3346 1
955 6
3827 9
1204 3
2661 2
3988 9
2995 3
1869 1
3406 3
1726 3
1865 5
3043 8
2284 4
1918 1
994 8
1319 9
1407 1
2350 3
2292 6
3600 5
799 8
4981 5
4106 2
957 4
3543 6
2637 4
2696 1
4136 6
2708 3
14 1
4569 4
3826 6
759 4
104 6
3945 4
2590 1
197 1
780 3
1102 8
1018 6
3592 8
4271 7
3743 2
3896 2
3262 4
2289 8
38 2
3048 7
3946 10
2658 3
4420 9
3434 9
4210 1
4748 4
1818 3
3559 1
4738 6
4650 9
1592 1
1450 5
4894 10
3919 10
181 2
2529 10
1429 6
2092 7
3390 1
1357 2
1906 8
3851 6
2905 5
563 9
2015 5
2119 8
3698 6
537 5
2223 9
596 7
57 10
2611 7
3815 3
1590 5
4940 5
2512 9
1810 10
3163 7
1487 7
1681 2
2081 5
452 1
2002 5
2046 7
857 3
2577 2
3529 3
1608 1
605 7
772 6
4860 3
3441 6
2969 10
3373 5
3881 8
4700 9
3783 6
1154 5
1367 2
1506 4
1763 7
2691 6
3677 5
376 6
4197 2
4989 7
1185 8
3390 8
3150 6
3565 7
2320 10
407 5
3479 8
3356 10
1944 8
4766 6
3214 5
1861 5
3208 4
2694 2
4058 6
1802 6
3077 5
1546 8
4148 10
4365 5
1980 3
1899 8
1423 5
4765 5
112 10
2465 10
4205 2
2484 8
4543 2
523 1
1615 4
1317 6
1068 1
3389 10
1524 3
3993 6
2671 3
2555 3
1537 6
91 3
3454 5
899 1
1957 8
4950 3
2192 7
3226 2
4772 2
1114 9
3389 2
619 10
1211 6
2176 2
3495 1
4384 3
1901 3
3099 9
3465 3
2922 4
2456 3
626 5
2683 6
475 1
203 3
256 6
1660 5
2746 8
4546 10
1264 8
4336 4
709 3
3640 5
3887 10
534 8
4590 3
2261 7
1930 4
1012 9
2723 6
4521 2
3806 6
4720 4
1326 4
4744 6
782 1
2751 8
2111 4
4356 6
1193 9
4272 3
1718 2
3962 9
3602 6
337 9
3505 1
1137 10
3699 5
666 5
4486 3
623 9
2991 1
2411 7
2280 5
1543 5
2424 10
2107 6
4047 1
3761 1
1061 8
2520 3
4163 8
1970 6
3594 6
4793 6
3780 1
2950 9
1798 5
1258 10
916 4
2593 5
60 1
4437 3
2074 9
1301 10
3858 6
4744 7
4678 9
3642 8
4589 7
3202 3
2901 2
2406 5
4300 5
3041 3
4885 1
4394 10
3012 5
2230 6
1265 10
3520 4
1163 1
4526 3
4178 7
2503 3
2633 5
1813 3
3876 5
3334 2
2162 1
3695 5
2824 6
3651 6
2879 4
4245 9
2410 4
1289 4
3393 7
1693 9
1172 10
722 3
2290 9
4497 7
370 1
1130 7
611 2
2633 1
4616 3
1488 7
2371 7
820 4
3044 6
4541 4
1376 8
3862 3
3127 1
1083 3
3945 2
1529 8
2081 6
1916 9
1514 6
3252 9
3072 8
3942 2
1890 6
862 8
4637 1
2985 5
212 8
3699 10
2072 10
4650 1
212 6
4260 8
3064 3
449 5
3863 10
31 5
2678 5
2189 8
3973 4
3213 3
3191 8
1097 4
818 10
4751 4
3245 9
2585 10
529 7
3055 8
3173 5
2103 2
4568 2
4662 7
3910 8
2081 2
2402 4
1568 2
4962 3
2925 10
4576 1
3773 2
824 2
2753 1
756 7
757 7
4999 6
4568 5
3933 6
3532 8
469 5
3732 7
2870 8
483 1
413 5
2136 2
4654 6
2609 3
1034 9
1963 8
819 4
3854 5
2006 10
707 10
629 4
4743 8
3595 6
3355 8
3098 3
2506 9
1259 10
968 6
121 6
3113 7
2872 5
2901 5
2909 7
4090 1
3663 1
3745 9
1948 9
3259 5
2176 2
4157 8
1805 10
1105 2
1782 8
2808 10
350 3
2069 8
4145 3
4072 5
3768 8
4919 2
2345 10
2587 7
4107 5
4065 1
4076 2
2232 10
695 2
2280 7
2844 2
1435 10
3327 9
4178 2
1807 10
826 3
4479 9
2312 7
2990 9
828 10
1600 10
2278 1
457 6
1296 10
2542 6
2328 5
3147 6
4515 7
3859 7
738 6
3586 5
1960 9
2885 2
41 4
2062 1
3004 5
4484 1
2072 2
863 2
1063 8
1639 1
881 8
4197 1
2371 7
215 5
1768 9
3628 9
2789 2
4456 8
4441 9
3970 3
4430 4
1754 1
4204 6
2549 8
3551 7
4950 1
185 7
2521 5
2104 3
1722 7
405 7
27 6
2039 7
1551 7
4698 4
4436 2
187 9
4128 2
2373 2
2904 5
2704 7
1709 5
1126 7
4473 5
427 1
444 3
770 9
3794 6
4518 7
1815 10
859 7
2727 5
3604 10
685 3
3147 10
1132 7
864 2
936 6
2382 2
1697 8
2048 3
1957 7
3399 4
2845 8
2121 1
2039 1
1588 1
2522 5
3530 6
4560 7
2443 1
4188 6
4649 9
1885 8
3946 1
4622 5
3971 2
843 5
4232 9
1026 9
3843 3
1364 5
3182 10
2209 9
3573 4
3399 8
1808 6
3868 4
1426 1
3080 3
2271 6
94 2
1854 7
4335 8
2184 6
2902 8
4389 6
494 8
2435 7
3412 7
1005 10
1443 3
4479 2
2930 3
4544 9
1730 3
4206 8
567 7
627 6
653 9
3701 6
4976 8
1136 6
3096 4
4445 6
3756 2
2068 7
1282 2
4745 2
4570 6
2354 6
56 7
3069 10
3943 6
771 7
905 9
2836 3
2647 6
2440 6
2451 2
1780 2
743 2
869 3
2551 1
2397 2
2204 10
934 7
3148 4
4549 4
3009 3
4186 4
4257 8
4529 6
4988 3
3370 10
1665 9
2152 8
2482 7
4479 5
4944 1
1547 5
2014 9
1635 6
2305 1
3995 3
3863 1
2512 3
517 4
3504 6
1706 10
3034 8
1176 6
4516 3
2109 7
2670 9
1936 10
1839 5
4290 9
2588 7
2504 1
1314 9
2908 3
3879 10
383 7
3370 6
4709 3
4317 4
2348 2
4091 5
162 1
1573 1
1812 6
1395 1
3443 1
988 1
4017 7
2044 9
2981 3
4211 6
574 8
4105 2
775 7
2547 5
4756 1
350 10
147 3
987 6
3041 8
3335 3
4909 6
552 1
446 4
2294 1
1597 5
1786 9
3608 4
1582 4
2515 5
3343 10
725 9
2892 8
3424 4
3950 8
3941 1
818 6
187 8
4835 4
4121 8
4694 3
2205 1
3164 7
4601 7
4061 4
1299 10
3304 7
866 1
926 8
734 1
474 6
1966 9
4123 6
4061 7
3342 9
3805 2
3894 10
686 3
192 4
939 4
1523 1
3871 4
4615 6
228 9
197 5
3341 10
2368 10
1126 1
342 8
4661 9
3664 9
1143 9
517 7
1534 10
1282 9
4236 5
2639 6
864 3
3803 4
1860 3
2865 8
3394 1
4103 10
2241 4
4012 3
934 8
2342 2
3924 1
123 10
4364 6
3578 8
4517 3
557 8
2114 3
4334 9
2028 6
4430 7
2117 10
879 4
2178 10
264 1
2289 5
4038 9
1778 5
3064 5
3939 8
4246 10
4968 4
362 9
4561 6
886 8
3687 9
3582 6
2297 7
847 1
4416 3
2769 1
2786 10
3872 5
2222 7
4239 3
1634 5
2327 6
209 7
2991 7
3345 9
3348 9
2294 4
4413 1
3042 1
4251 8
4436 7
333 4
1030 4
1153 4
2577 5
4761 9
2669 1
1064 5
4887 2
2081 7
1176 8
1299 2
4331 5
28 1
515 5
3551 10
150 3
1495 4
2329 1
3741 6
1984 3
2408 7
1038 2
2722 5
139 2
3136 4
4406 7
1682 4
3369 7
333 7
3080 3
919 9
4168 6
4910 5
3014 6
3710 9
1421 6
568 9
2702 5
944 5
2026 3
2953 3
3199 5
1
4305 10
1
271 6
1
2734 1
1
4495 8
1
3872 7
1
4307 7
1
2248 7
