10 5000
1
1 9
2496
54 7
10 3
21 3
19 5
50 6
41 6
13 10
36 8
58 7
55 5
53 6
11 4
20 5
45 6
32 4
6 3
4 4
31 4
61 8
22 10
22 7
61 7
85 10
5 4
50 5
33 5
2 1
95 10
74 8
35 10
43 10
43 5
6 3
56 9
11 2
11 1
7 4
68 8
40 5
14 9
50 9
29 8
10 3
22 2
36 9
81 9
37 5
67 8
72 8
35 5
73 7
10 3
5 2
17 5
9 1
11 1
52 10
24 6
15 2
52 10
51 6
95 9
6 4
29 9
68 9
21 4
48 8
85 10
81 10
26 7
19 2
27 3
13 10
5 4
29 3
16 4
19 3
43 10
9 5
4 3
30 5
6 1
21 9
45 9
24 4
29 3
93 10
104 10
22 6
50 5
23 4
26 3
41 8
38 4
38 7
65 9
16 8
6 1
29 3
10 1
22 5
19 2
37 4
12 4
59 6
18 7
32 9
15 3
33 3
60 8
64 10
43 10
51 5
19 2
27 4
40 4
29 5
4 3
4 1
77 8
82 9
75 9
40 10
8 2
6 3
102 10
76 8
44 5
45 10
4 1
21 3
10 7
6 1
69 8
95 10
74 7
9 3
48 5
5 2
21 5
23 5
39 9
18 9
90 9
8 3
36 5
58 7
35 8
8 1
77 9
18 2
49 9
28 4
9 4
12 1
35 6
11 2
60 10
55 9
41 9
62 10
8 1
50 6
9 4
8 4
58 9
95 9
74 7
10 1
12 7
11 1
44 4
12 1
59 6
9 4
20 4
15 10
29 6
60 6
14 2
60 6
64 8
43 7
22 5
74 8
8 1
84 9
76 8
80 10
10 1
4 1
23 3
28 8
46 7
14 6
37 9
34 10
4 1
30 10
8 1
58 8
49 8
58 9
65 8
27 3
10 1
63 7
14 3
12 6
26 3
37 7
67 7
60 8
8 2
10 1
6 5
43 8
63 6
4 1
44 5
23 3
31 3
75 8
16 3
57 8
31 10
16 2
38 4
7 5
40 5
46 7
33 3
1 1
59 9
12 1
25 4
22 4
57 9
5 2
72 9
7 7
22 3
94 10
92 9
7 1
22 9
10 10
26 3
105 10
25 8
46 9
61 6
12 1
66 8
58 9
83 9
12 2
13 10
22 4
5 1
77 9
17 2
28 4
23 3
4 1
21 3
42 4
91 9
46 6
36 7
30 10
10 9
21 3
12 1
48 5
37 6
8 8
33 3
16 7
7 2
16 3
29 3
13 4
41 10
35 5
63 7
8 7
65 7
11 3
25 5
8 1
4 1
11 5
11 4
74 10
16 4
63 10
6 4
5 1
90 10
52 5
81 9
23 2
42 10
10 1
23 5
66 9
31 7
10 3
32 4
24 3
7 1
30 6
29 3
19 2
10 3
21 2
25 3
31 5
8 2
40 7
17 5
6 5
5 1
32 4
17 2
6 1
64 10
73 7
39 5
21 5
6 2
48 5
65 8
82 9
25 8
62 6
19 9
83 9
51 5
11 2
86 9
32 4
37 5
85 9
46 5
10 3
13 8
17 6
56 9
30 3
16 7
40 7
33 7
9 5
14 2
57 8
40 5
15 4
35 5
30 9
72 9
16 2
80 8
50 9
12 9
17 7
93 9
83 9
11 10
67 7
22 3
63 10
62 6
37 5
37 4
64 8
10 3
5 1
64 9
25 2
18 9
11 3
48 8
35 3
25 3
3 2
61 6
29 3
22 7
73 7
19 8
1 1
13 4
30 9
74 8
38 6
9 2
8 3
48 9
35 4
17 5
11 8
5 1
8 8
11 1
90 9
9 1
81 9
10 10
38 4
9 1
46 5
27 9
52 8
45 5
6 1
6 6
22 5
44 8
54 9
20 2
35 5
5 2
40 4
9 3
45 4
18 6
35 3
54 5
17 3
91 9
36 6
41 4
25 3
9 1
51 6
31 5
2 2
3 1
44 7
57 7
10 1
18 3
20 4
44 8
40 4
9 6
4 3
25 7
52 10
92 9
46 9
21 10
61 7
54 5
8 2
19 7
3 1
6 3
6 1
22 3
11 3
28 3
12 3
6 5
10 10
16 2
28 8
15 3
7 6
4 1
32 9
85 9
32 8
42 5
40 5
8 1
31 10
44 10
16 7
18 5
38 9
37 9
94 9
14 9
73 7
74 8
25 5
58 6
47 6
72 10
8 1
20 3
30 6
16 8
10 7
61 8
13 5
22 3
18 7
21 2
3 3
4 1
44 6
70 7
56 9
61 10
91 9
40 4
1 1
35 5
16 3
16 2
73 10
6 1
26 8
6 6
74 7
47 5
41 5
95 10
11 1
28 3
13 4
12 2
17 7
41 5
12 1
30 5
43 5
23 3
15 1
26 3
19 2
36 7
11 6
81 10
31 9
104 10
35 7
18 9
17 4
75 9
31 10
19 3
23 2
54 5
44 8
15 7
15 3
15 2
33 8
19 2
15 1
9 3
22 4
11 2
41 6
13 5
62 10
10 6
76 8
46 6
74 7
51 6
24 7
34 10
45 9
17 8
26 5
17 5
21 5
14 10
54 6
45 5
55 5
17 3
21 5
16 3
29 8
27 6
11 2
22 7
6 1
57 8
10 9
6 2
21 8
10 1
57 7
36 4
18 5
8 1
33 7
22 10
77 9
21 2
7 1
35 8
13 2
44 6
9 8
54 7
7 3
34 10
3 1
22 7
58 7
32 8
8 1
14 2
24 5
31 4
23 7
40 6
73 8
20 8
18 2
8 1
38 6
55 6
6 1
34 6
5 5
24 3
12 10
52 10
11 4
39 5
9 2
19 2
101 10
72 8
64 7
16 2
73 7
35 6
102 10
18 9
24 7
33 5
65 6
9 4
9 2
24 3
36 5
7 2
74 10
15 3
32 4
16 2
20 2
33 4
9 5
15 4
14 9
66 7
69 8
14 4
104 10
59 9
32 3
91 10
62 6
5 2
71 7
54 7
33 4
13 4
7 1
44 4
12 6
28 3
60 8
7 1
30 9
15 1
8 1
19 2
22 2
35 5
65 10
3 3
54 7
16 3
5 5
12 10
7 1
65 10
20 9
21 2
33 6
11 10
5 5
64 8
56 9
95 10
11 2
10 6
38 9
81 10
66 9
12 1
42 10
51 5
16 4
77 8
1 1
33 4
55 5
41 9
20 2
105 10
45 4
29 4
43 5
50 8
83 8
72 7
44 10
25 8
10 2
4 1
18 6
11 4
65 6
8 1
47 6
48 8
31 6
51 10
10 4
14 1
16 2
14 3
12 1
22 5
9 3
6 2
61 7
42 10
38 7
10 1
39 9
12 5
34 6
25 4
55 5
24 4
8 2
17 8
91 9
43 5
44 5
12 4
31 4
70 10
31 5
29 7
15 2
27 8
38 9
63 9
35 3
19 7
20 9
12 7
67 8
15 2
75 8
24 8
32 9
38 9
27 3
80 8
73 9
34 8
43 8
9 9
13 2
43 5
19 2
13 8
21 5
61 6
28 4
40 7
32 7
6 3
28 8
13 6
12 3
21 3
4 1
21 9
74 9
70 10
8 3
8 3
36 4
86 9
7 1
39 6
24 7
17 8
11 1
86 9
8 1
14 3
94 10
11 3
21 2
3 1
76 8
7 2
7 1
7 1
8 2
9 1
14 7
54 6
6 3
52 5
35 6
25 5
5 2
29 6
82 9
75 9
94 10
33 8
23 3
37 6
32 4
11 3
11 2
54 9
13 4
10 5
81 9
63 9
58 7
75 7
67 7
33 3
19 9
10 6
9 1
53 5
42 4
49 7
27 4
54 7
16 4
9 9
82 10
11 1
10 1
48 6
63 10
22 3
68 8
9 2
43 4
40 4
33 4
49 9
18 2
14 3
16 4
42 4
15 2
85 10
90 9
10 5
15 1
61 8
54 7
73 10
8 1
22 3
8 1
57 7
67 7
11 1
35 8
31 9
8 3
9 2
9 1
25 3
36 7
21 5
46 5
27 9
8 2
11 3
40 6
21 5
13 1
33 10
23 10
25 8
40 9
21 8
20 4
54 7
22 4
8 2
20 2
34 8
13 10
14 1
16 4
64 6
102 10
51 7
77 8
48 6
11 5
16 4
9 7
13 3
60 10
85 9
40 9
4 1
22 7
7 2
34 5
4 2
11 10
45 8
16 4
6 1
20 2
29 3
28 3
24 3
13 3
102 10
42 8
15 6
38 5
17 4
31 6
9 1
14 1
43 10
15 4
75 7
21 6
103 10
44 7
45 10
21 7
14 6
35 10
81 8
10 1
102 10
92 9
13 2
8 3
11 1
30 7
73 9
19 6
65 6
7 3
34 6
23 5
36 4
26 3
41 8
93 9
25 4
19 2
32 10
4 1
85 10
10 2
24 7
57 7
9 5
13 2
7 1
32 4
6 2
17 2
29 6
44 5
65 10
77 9
59 6
15 4
47 5
33 4
27 5
58 7
40 8
12 2
93 9
65 6
24 3
82 8
30 3
33 3
29 9
22 5
74 8
44 7
19 9
4 1
18 2
21 5
33 3
41 10
36 5
34 3
8 1
17 2
14 9
36 7
21 7
72 10
63 9
32 4
86 9
46 7
22 2
33 8
65 10
17 6
9 8
65 9
45 6
7 1
9 4
37 4
16 4
13 1
64 7
27 4
44 10
53 8
49 8
45 8
54 5
29 4
9 3
62 10
74 9
12 2
31 10
29 5
31 4
75 8
26 3
10 2
1 1
56 9
14 7
93 9
26 4
3 3
8 1
59 7
12 5
29 8
19 9
31 4
14 1
82 9
22 5
61 7
7 5
21 7
27 4
73 10
59 8
46 6
10 5
7 2
36 4
22 3
28 5
72 8
72 8
26 3
30 10
21 3
31 3
54 9
45 8
6 1
30 5
31 7
8 4
32 3
7 2
33 10
51 6
55 10
6 1
8 2
5 2
41 6
8 4
52 5
29 3
10 8
22 4
26 3
24 2
48 9
5 4
33 8
29 7
10 2
24 7
16 8
40 5
85 9
30 9
20 2
73 8
2 1
58 7
19 2
25 7
19 5
50 10
30 3
17 3
8 1
42 8
11 10
17 6
59 7
9 4
85 10
80 8
13 9
4 1
92 10
17 2
24 6
18 3
49 7
59 7
12 1
11 4
9 1
77 8
11 8
4 1
15 5
73 7
14 5
59 9
21 3
45 5
23 10
13 1
9 6
83 10
26 3
13 9
14 1
27 8
24 5
19 3
74 10
33 6
20 3
54 7
65 10
10 4
12 1
25 5
20 2
8 2
16 4
20 10
7 3
104 10
25 6
28 4
31 9
31 3
15 6
20 3
19 9
59 7
12 3
12 6
5 3
54 9
90 9
20 10
10 3
32 9
6 2
68 7
90 9
20 2
54 5
40 6
11 7
15 3
29 7
13 4
13 4
12 1
39 4
23 2
5 1
53 6
13 1
25 6
32 3
85 10
85 9
29 5
13 5
73 7
10 1
60 6
13 2
3 1
5 3
56 7
60 7
41 9
6 1
15 3
48 9
67 7
8 7
28 7
33 5
52 5
9 6
85 9
35 7
18 6
10 9
28 4
54 6
55 10
40 5
15 3
44 6
9 2
18 3
50 7
15 3
46 5
6 3
15 4
7 1
13 10
30 9
27 9
25 4
36 7
75 10
68 7
28 8
16 4
53 5
104 10
59 7
3 2
6 6
60 6
9 8
39 6
44 4
13 10
33 4
25 8
6 1
28 4
58 6
90 9
16 7
10 6
7 1
45 5
17 8
52 5
76 8
9 2
37 4
40 5
54 7
10 5
11 2
6 3
13 6
20 3
18 2
5 4
44 8
21 5
9 3
16 2
39 5
13 10
10 2
48 5
13 3
31 10
28 9
20 4
31 6
16 2
82 9
19 7
61 8
27 6
15 7
9 4
47 6
18 2
94 9
66 7
103 10
36 5
38 5
32 4
50 5
26 5
12 1
7 1
28 9
49 9
55 5
33 8
24 4
9 5
28 6
47 7
22 5
63 10
11 7
25 6
4 1
4 1
56 9
60 6
18 2
105 10
49 7
7 1
63 7
47 6
71 10
8 6
44 7
67 8
52 10
22 3
68 9
72 8
73 8
58 8
3 3
44 5
3 1
16 7
38 4
13 1
64 8
4 3
39 6
10 2
5 2
31 4
10 4
83 10
24 7
14 1
10 1
64 7
27 3
34 8
2 2
10 6
66 7
5 1
80 10
90 9
36 5
55 5
70 7
6 5
68 9
11 7
4 1
10 9
9 7
49 7
4 1
58 8
43 10
20 5
32 4
18 3
40 8
14 5
54 7
11 10
73 10
23 7
53 7
9 4
28 8
27 5
60 10
10 8
46 6
57 9
49 5
29 6
57 9
49 7
5 1
32 9
26 8
21 6
36 5
8 1
53 8
24 3
9 5
6 4
33 6
4 2
71 10
15 2
68 7
49 7
24 3
28 4
20 5
53 10
5 5
36 4
17 7
22 5
18 6
25 4
18 2
41 6
25 3
63 9
24 4
24 4
24 6
45 8
20 5
62 10
10 1
31 10
14 3
63 6
51 8
77 9
70 7
41 4
25 7
35 5
41 4
31 4
4 1
34 10
27 6
7 2
84 9
73 7
7 1
84 10
64 8
31 3
11 3
13 1
82 8
29 6
85 9
30 3
14 4
105 10
11 2
13 8
10 2
11 3
16 5
56 6
9 1
21 8
11 3
36 5
24 3
23 10
7 1
85 9
21 4
73 10
83 8
21 10
49 7
83 9
23 4
18 9
28 7
16 5
17 2
8 3
12 1
25 8
42 8
21 6
13 10
40 6
20 10
76 9
28 9
11 3
36 4
13 1
7 1
29 4
19 2
56 6
31 9
43 7
65 10
7 1
61 7
13 1
50 8
22 2
36 4
42 8
14 6
100 10
26 3
4 2
38 5
29 3
15 3
12 3
91 10
31 3
11 1
82 9
60 8
3 1
10 2
11 1
83 10
32 8
20 2
19 2
9 3
51 6
52 5
24 4
19 7
82 8
50 5
58 7
11 2
95 10
9 5
16 8
48 6
43 7
39 9
50 8
14 9
22 2
48 6
14 2
20 4
8 1
51 7
15 6
49 7
30 10
40 10
4 2
31 7
35 10
66 8
12 2
15 5
53 5
44 4
5 4
43 4
10 6
10 6
44 8
10 3
62 6
52 5
16 4
25 2
12 3
41 5
65 7
46 5
93 10
28 8
22 2
20 2
40 6
4 3
90 9
9 8
105 10
35 7
28 3
45 4
37 6
42 5
11 9
21 5
45 5
52 8
12 3
7 1
63 10
21 5
9 5
10 7
6 5
20 10
61 10
3 1
65 6
55 9
35 3
51 7
19 6
14 4
40 4
52 8
10 1
40 8
17 3
19 6
6 1
67 9
15 7
28 6
5 4
26 3
35 7
32 3
14 2
75 10
11 1
16 2
61 7
15 2
29 8
49 9
48 9
9 5
5 4
55 5
47 7
23 5
80 10
7 5
22 7
20 8
10 4
46 9
50 5
63 6
9 1
59 9
62 10
29 4
40 4
74 10
15 6
23 2
70 10
68 7
31 7
58 7
14 3
51 7
52 6
75 9
39 7
11 2
95 10
13 5
55 5
34 8
50 10
24 10
16 4
30 7
6 5
37 6
10 2
55 10
8 2
31 6
12 7
53 6
92 9
90 10
23 7
7 4
16 7
50 8
52 6
43 10
12 3
33 6
54 9
13 6
42 8
13 6
14 3
10 2
56 8
68 9
10 10
18 2
85 9
16 2
12 4
17 7
30 10
22 7
31 6
59 7
44 7
66 8
19 3
72 8
84 10
68 8
10 2
93 10
65 10
40 7
29 9
57 9
86 9
53 7
7 1
9 1
20 5
5 4
22 7
24 5
39 5
13 10
29 3
31 3
23 9
65 8
95 9
15 2
23 7
65 10
14 2
15 4
39 7
60 8
41 9
25 5
81 10
8 1
19 9
30 3
6 1
7 1
59 8
36 8
39 9
11 5
71 7
14 2
37 4
40 5
10 6
28 4
69 8
24 2
81 10
74 8
84 9
10 1
17 4
85 9
18 8
86 9
47 9
49 8
49 8
14 4
14 9
14 1
85 10
5 1
51 5
50 10
18 8
13 9
66 7
20 10
50 5
52 10
21 6
59 7
23 6
30 4
56 7
50 8
57 8
9 1
13 1
57 6
7 1
18 8
30 10
90 9
25 5
12 1
13 10
30 7
40 10
100 10
38 6
9 2
61 6
27 8
9 2
11 4
25 5
12 3
14 2
48 9
64 9
34 5
16 6
9 3
59 8
12 4
16 6
82 8
22 9
19 2
64 6
26 4
7 6
9 1
43 6
41 10
49 6
9 9
33 3
93 10
28 9
34 6
51 5
16 2
81 8
16 4
17 4
31 3
38 4
10 1
55 5
42 5
11 4
46 6
21 7
52 8
21 10
10 4
47 9
8 1
18 2
14 6
29 3
5 2
36 8
30 5
12 10
77 8
14 1
56 6
6 2
28 7
21 3
11 1
74 9
15 3
81 9
16 3
12 1
7 4
19 6
19 3
29 8
39 9
39 6
26 7
5 1
29 9
7 7
24 5
9 1
24 2
8 2
41 4
8 1
25 5
9 9
71 10
28 4
74 10
52 10
9 5
4 2
21 8
17 4
13 8
58 7
16 4
4 3
25 7
19 9
20 8
29 6
23 3
22 10
74 10
72 10
17 8
30 10
9 3
16 8
68 9
63 9
23 7
74 8
9 1
91 9
41 5
31 5
9 2
12 4
10 1
4 3
42 5
25 3
17 4
25 3
40 5
37 6
12 3
5 1
14 10
62 6
65 10
91 9
52 8
53 5
13 1
13 2
82 8
66 9
22 5
17 7
7 1
8 3
26 6
22 3
63 10
93 9
16 2
22 10
13 4
17 7
80 10
12 1
58 7
31 10
65 6
37 5
68 7
24 3
13 5
33 8
40 9
12 1
22 3
16 3
29 6
22 7
56 7
77 9
17 2
33 5
5 1
47 5
9 6
39 4
26 6
35 10
12 1
10 2
10 5
40 9
14 1
48 8
34 8
23 7
14 9
41 5
39 5
12 1
17 6
27 5
49 5
73 10
5 3
9 1
14 2
8 4
5 2
64 8
40 9
9 8
35 10
8 1
23 9
102 10
9 1
2 2
61 7
68 9
21 10
58 9
25 7
46 5
5 4
16 3
53 5
5 5
35 3
10 2
25 6
92 9
57 9
17 8
12 2
11 1
21 5
28 4
47 9
91 10
47 7
39 9
10 2
69 8
43 10
72 7
33 4
47 7
14 9
69 8
17 2
52 10
10 1
22 2
34 5
7 5
40 5
71 7
23 10
24 4
20 6
9 1
42 6
47 5
25 3
18 2
38 4
8 6
18 2
15 2
56 8
16 2
5 1
11 3
19 4
12 1
12 4
63 9
15 10
44 5
53 8
13 2
80 8
35 3
42 6
80 10
73 9
12 2
15 5
20 5
64 6
21 2
26 3
14 2
1 1
14 2
58 8
8 1
29 9
63 7
42 6
9 3
22 5
35 5
43 8
25 3
43 5
19 6
12 8
48 8
13 1
22 10
35 5
15 5
50 5
6 2
10 1
75 10
13 9
64 7
53 6
52 5
15 3
15 3
68 7
15 2
24 2
5 1
11 10
74 10
29 8
42 4
10 1
38 7
31 10
14 4
9 5
64 7
5 3
22 9
32 8
30 3
46 6
5 4
5 1
20 3
6 1
39 6
47 6
13 2
11 1
19 7
9 1
69 8
76 9
7 1
17 7
7 2
27 3
10 3
9 1
11 1
17 4
33 10
35 10
42 7
54 7
8 4
24 5
101 10
70 7
13 2
72 9
7 1
34 5
19 6
13 2
50 5
32 7
59 7
82 9
14 1
18 2
27 3
43 6
21 3
34 4
25 8
80 10
6 2
11 1
25 3
54 6
41 10
11 7
35 6
12 6
15 5
49 7
71 10
4 4
8 4
20 5
7 1
55 6
32 10
16 3
46 5
34 3
18 6
43 8
13 1
23 6
74 7
65 10
23 5
54 10
77 9
13 2
9 4
27 3
42 4
8 4
28 4
54 10
20 4
17 4
75 8
40 8
61 6
11 1
5 1
32 8
12 1
70 10
28 3
15 3
20 3
13 9
14 3
56 6
42 6
10 9
11 2
8 6
45 7
4 1
13 5
28 4
25 4
39 5
37 7
4 2
25 5
33 5
27 8
12 10
7 1
21 6
13 3
16 2
36 4
35 6
13 10
24 3
76 9
21 10
45 4
31 3
94 10
23 3
50 7
48 5
15 6
52 8
12 6
22 5
22 2
85 8
63 7
64 8
6 3
20 2
7 1
52 6
2 2
27 3
54 5
8 1
19 9
49 5
54 6
13 4
20 5
43 5
11 5
95 10
28 6
15 1
93 10
24 2
60 10
8 2
95 9
14 9
25 2
52 5
41 9
17 2
21 4
38 6
28 5
64 6
6 3
38 7
24 7
6 5
84 9
42 8
13 2
15 5
8 1
12 4
9 1
19 4
14 5
25 10
15 2
24 8
9 8
59 8
6 1
21 10
21 4
65 9
6 6
33 6
11 3
8 1
13 1
68 7
46 5
10 7
68 8
4 1
17 5
12 7
48 8
48 8
48 9
10 4
51 5
57 9
65 6
65 6
9 1
31 3
32 3
50 5
14 9
35 8
23 3
18 3
38 9
11 8
5 4
32 10
40 9
52 5
49 5
16 2
43 10
49 5
43 10
19 8
42 10
12 8
44 10
4 2
44 5
20 6
38 9
80 8
5 5
44 10
9 3
26 6
40 4
64 8
9 7
13 3
21 5
13 1
10 1
21 2
5 1
57 6
29 3
54 10
66 8
73 10
23 4
62 10
32 3
57 8
5 1
47 5
20 9
11 4
19 6
21 4
65 7
9 4
25 3
55 10
84 9
23 4
37 8
21 2
22 5
65 6
53 8
10 1
17 2
63 6
90 10
8 1
54 6
46 7
31 9
29 9
100 10
33 10
31 5
28 4
48 8
11 6
80 8
9 4
34 10
8 1
23 6
6 1
10 3
17 2
9 2
9 4
22 2
6 1
80 10
59 7
92 9
20 2
105 10
37 9
56 9
12 1
11 6
1
22 3
1
54 5
1
49 7
1
21 7
1
50 6
1
15 4
1
28 3
2496
83 9
60 8
40 7
18 2
23 2
30 3
8 7
58 6
40 5
5 4
3 1
11 2
8 5
41 5
32 4
81 10
51 10
30 5
60 6
38 5
26 4
55 5
8 1
29 4
17 8
30 10
57 8
8 4
25 8
28 6
18 2
26 8
60 8
39 9
60 6
12 4
12 9
14 7
34 6
27 3
5 1
22 10
81 8
102 10
13 2
59 9
60 7
8 1
21 7
7 6
24 3
73 10
4 2
16 5
24 4
28 7
12 2
53 6
14 9
30 5
30 3
23 3
41 9
21 9
20 4
8 1
81 9
41 8
27 5
12 8
40 5
35 10
58 6
75 10
45 5
10 2
14 2
15 7
17 3
14 5
12 3
21 9
13 2
75 8
12 2
19 9
17 7
10 5
8 4
43 8
11 9
66 9
29 9
95 9
10 1
70 10
33 4
6 3
63 9
53 8
37 8
12 10
16 2
10 2
23 5
27 6
58 6
67 8
36 4
31 10
10 5
25 5
18 4
10 5
34 8
24 4
43 5
11 1
26 6
63 10
56 7
36 4
5 5
31 7
85 10
4 1
24 6
41 4
61 7
10 1
10 1
2 1
34 5
92 9
21 3
45 8
16 3
19 8
19 3
58 6
32 6
37 6
7 1
69 8
18 4
52 10
73 8
11 5
67 9
8 1
3 1
24 3
26 3
33 10
13 1
4 1
42 5
80 8
30 3
59 8
25 5
49 9
52 5
30 6
14 10
13 2
8 1
77 9
10 5
8 3
3 2
11 1
26 4
10 2
8 1
8 4
24 10
23 9
90 10
69 8
42 7
101 10
49 6
12 8
51 5
57 7
41 4
80 10
11 3
77 8
31 10
25 2
7 2
28 3
30 6
7 2
50 7
15 5
21 4
5 3
54 6
32 4
11 2
53 5
9 1
19 9
7 4
4 4
60 7
12 6
67 9
20 3
11 4
40 5
66 9
74 7
102 10
14 2
5 2
32 3
5 1
14 4
2 2
68 7
44 8
11 1
28 3
73 10
84 9
17 6
13 2
46 6
49 6
72 10
47 7
23 2
5 1
36 6
29 7
33 3
13 2
6 6
35 10
32 4
37 9
9 2
23 7
34 10
32 4
15 2
46 9
40 10
12 8
22 5
23 4
5 2
53 6
22 4
27 8
10 1
51 7
10 1
92 9
75 9
49 9
12 1
61 6
25 3
19 2
53 6
8 1
64 8
18 5
19 2
44 4
14 1
21 5
24 3
26 5
6 3
83 10
23 5
58 8
40 6
43 8
40 8
29 4
22 3
42 10
7 2
9 1
21 8
24 7
6 2
29 9
5 2
42 8
10 2
104 10
12 6
10 8
46 7
14 3
12 8
21 3
85 9
18 3
32 3
72 8
5 1
12 10
7 2
59 8
10 9
7 1
9 4
48 5
4 2
6 1
38 7
57 9
10 1
66 9
31 9
55 10
3 1
7 2
26 7
5 3
90 10
64 6
16 6
75 8
8 1
28 9
36 4
43 5
74 8
73 8
16 4
104 10
90 10
29 6
32 3
21 2
10 1
15 6
8 5
27 9
4 2
59 8
24 7
3 1
94 9
18 8
35 3
31 5
15 10
52 5
34 5
63 6
59 9
39 7
37 7
69 8
47 7
13 1
44 6
6 1
21 10
34 5
95 10
43 10
18 6
94 9
24 2
33 4
4 1
103 10
2 1
50 7
18 8
21 3
30 5
10 1
16 4
80 10
59 9
13 6
27 9
23 2
53 7
43 6
9 1
10 3
27 4
38 6
102 10
56 8
42 8
23 10
11 1
10 6
11 2
5 5
10 5
83 8
11 7
36 8
63 9
23 9
4 1
26 3
61 7
25 8
11 1
45 7
25 10
51 7
18 3
67 9
20 6
17 2
7 2
26 8
63 10
76 9
23 2
8 3
5 5
10 2
91 9
40 4
28 4
23 10
15 4
21 2
35 5
6 1
63 10
66 8
58 6
19 3
12 1
13 3
38 5
91 9
71 7
8 1
11 10
10 2
6 2
16 2
47 6
18 7
36 4
13 3
45 7
61 6
41 10
20 5
8 1
45 6
66 7
22 2
8 1
9 7
13 2
10 1
8 1
20 9
43 10
6 6
13 2
52 6
44 8
28 7
85 9
22 4
14 4
64 10
5 5
29 6
20 9
5 1
16 6
19 4
43 8
6 1
42 5
16 4
16 6
24 3
7 2
55 9
10 2
9 1
104 10
9 3
14 1
15 5
8 2
45 9
14 1
48 9
10 8
32 10
54 5
15 5
35 5
36 4
32 10
3 3
45 9
44 4
26 3
9 1
21 3
29 3
15 2
13 8
64 8
34 8
17 8
95 10
35 4
3 1
8 1
13 6
42 4
65 7
21 10
10 2
6 1
23 9
21 2
18 2
28 9
44 7
92 10
30 5
22 5
8 1
21 10
41 4
30 4
63 6
40 5
26 4
43 7
24 4
57 9
32 4
31 6
9 1
23 6
19 8
23 6
7 1
90 10
27 6
15 2
10 6
94 10
23 10
62 6
36 4
53 7
52 5
9 1
45 5
95 10
12 6
46 9
7 1
9 2
40 6
65 7
41 10
81 8
32 10
35 6
29 3
10 1
20 5
5 2
19 3
2 1
92 10
7 4
72 9
15 2
33 6
5 2
25 10
8 1
9 3
35 7
105 10
77 8
22 9
55 10
16 5
41 6
20 8
24 3
32 8
13 1
75 10
72 9
19 6
45 5
39 7
27 9
10 7
90 10
2 1
102 10
29 9
21 2
11 2
6 1
13 4
54 6
8 1
17 2
7 1
55 9
33 10
60 6
39 6
45 4
46 5
11 2
73 9
13 4
10 10
22 2
25 10
61 6
80 10
9 1
5 3
13 1
21 2
74 8
4 1
2 1
25 2
7 1
7 1
57 8
24 10
11 6
57 7
53 8
85 9
6 1
36 5
61 7
14 3
26 3
49 5
65 10
29 3
15 3
7 2
53 6
6 2
15 10
6 3
13 9
20 10
85 10
11 1
19 2
25 3
35 10
54 5
52 6
53 6
45 7
29 3
9 4
32 7
21 4
7 2
19 2
85 9
33 8
66 8
26 5
23 10
13 2
36 8
90 9
55 9
9 4
63 9
45 5
30 5
8 4
68 8
44 7
84 10
45 5
9 6
80 8
12 2
13 9
9 2
16 3
17 7
9 1
11 7
59 7
23 5
35 7
72 10
45 8
17 5
16 7
17 2
74 8
19 4
18 2
28 3
31 10
37 7
3 2
23 6
40 4
63 10
17 7
22 3
55 10
31 3
19 2
16 4
15 2
83 9
9 2
84 8
21 10
92 9
51 6
77 9
51 7
73 8
104 10
46 5
17 2
25 8
16 4
7 5
54 7
16 4
6 1
31 7
55 6
13 2
82 9
67 9
39 7
22 5
52 10
8 3
15 2
14 7
14 4
47 7
19 6
12 1
63 7
42 10
24 3
20 4
31 10
7 5
41 10
35 8
5 1
8 1
58 9
53 6
47 6
10 1
95 9
83 8
18 2
15 2
5 4
29 4
5 1
18 9
57 7
34 8
18 9
73 10
16 6
17 8
24 4
63 6
65 7
36 4
30 3
21 9
45 7
18 3
9 7
36 8
10 10
56 9
20 2
23 2
23 3
24 6
7 3
16 2
31 9
19 6
33 4
54 6
39 6
35 3
28 7
76 8
54 5
51 5
9 1
24 3
33 8
44 10
47 9
10 2
42 10
18 6
65 10
32 3
19 3
13 10
37 5
14 2
10 8
13 8
32 9
74 10
44 4
63 10
76 9
52 6
14 2
59 8
74 8
23 3
20 3
23 10
34 5
14 2
28 6
5 1
35 6
40 4
35 5
5 1
25 5
62 10
51 10
40 9
10 1
56 8
19 2
37 6
30 6
32 3
53 7
22 3
12 8
21 2
70 7
6 1
24 8
16 8
28 8
54 5
4 2
39 9
19 2
8 2
25 3
5 5
6 1
19 2
69 8
10 10
22 10
45 8
19 6
44 8
13 1
35 5
35 5
41 4
20 2
8 5
26 4
7 4
58 7
72 8
81 9
33 8
35 3
31 7
12 3
84 10
28 5
31 10
4 2
58 8
55 6
32 8
12 6
16 6
19 2
32 10
25 8
19 4
52 5
42 5
63 10
53 6
95 10
35 7
7 1
100 10
7 6
91 10
21 8
6 2
16 5
50 9
28 8
86 9
15 10
39 9
41 4
22 9
73 7
45 4
71 7
100 10
58 8
8 1
6 2
13 1
49 6
60 10
45 5
27 3
30 6
11 2
29 6
18 6
14 10
10 5
12 3
46 5
33 10
72 9
8 2
34 3
13 1
30 10
25 4
39 5
15 5
59 8
5 5
61 8
43 7
26 5
14 4
6 1
9 4
8 2
31 6
56 9
21 2
37 8
18 6
7 5
13 3
61 6
44 8
35 7
33 7
25 5
24 4
6 2
19 5
61 8
25 5
4 1
82 8
6 1
9 2
51 7
17 2
35 6
14 10
10 1
13 4
21 4
15 7
5 1
83 10
22 3
100 10
94 9
20 10
60 6
68 7
10 1
4 2
16 7
7 7
3 1
25 7
43 4
39 4
40 5
15 6
45 8
7 3
7 7
61 10
32 3
9 6
27 9
16 3
55 6
11 2
20 3
84 10
49 5
28 7
13 6
74 7
6 3
75 8
61 6
31 3
21 3
20 10
22 6
73 8
105 10
25 4
12 8
18 5
52 7
17 6
9 3
20 2
100 10
41 4
10 1
61 6
94 9
65 8
23 5
28 5
11 5
20 9
11 3
48 9
18 3
7 1
22 2
35 3
23 9
45 7
10 5
57 7
42 4
82 9
44 7
19 3
5 3
9 5
69 8
82 10
16 6
29 5
14 2
14 2
15 10
10 1
82 9
70 7
33 4
20 2
37 6
37 7
50 7
45 10
9 1
21 3
24 10
67 8
10 7
43 10
20 4
33 3
71 10
22 3
35 10
52 8
15 5
52 6
18 2
8 1
24 3
65 7
31 9
5 2
38 7
14 3
23 2
24 3
53 7
51 10
92 9
11 7
65 6
18 6
41 4
22 3
45 8
54 5
13 4
65 8
71 10
60 7
86 9
55 5
56 8
6 3
9 2
5 1
13 1
31 5
72 10
75 8
64 8
15 3
93 10
16 3
67 7
19 3
31 10
20 3
12 6
28 4
34 3
19 3
8 1
36 4
60 6
95 10
11 2
70 7
73 8
54 6
3 1
15 2
32 4
51 10
8 2
51 8
40 5
61 8
13 5
46 5
56 6
74 7
41 9
6 3
6 1
27 5
5 1
57 8
14 2
10 1
10 3
32 6
44 4
37 9
40 7
21 6
64 7
39 5
15 5
51 6
22 5
11 4
49 8
23 3
14 2
51 10
11 9
91 10
77 8
26 4
52 7
23 2
22 10
28 3
5 1
12 4
3 2
36 5
53 5
12 9
48 5
10 5
5 1
4 1
30 7
4 3
25 10
86 9
33 4
20 2
43 7
33 4
65 10
44 6
53 7
20 6
14 7
53 10
28 6
42 8
11 2
10 3
19 6
43 7
15 6
45 9
8 4
6 3
28 5
40 8
15 5
5 2
7 5
21 3
10 1
25 4
13 8
7 3
19 7
72 7
68 7
2 2
58 7
42 8
31 10
27 8
31 5
10 5
95 10
10 1
12 4
34 10
15 4
9 2
12 6
12 9
9 1
59 6
34 4
17 2
34 8
26 8
73 10
74 7
57 7
42 10
49 7
11 1
12 6
16 2
25 5
23 4
25 7
8 1
20 6
28 8
6 1
22 10
41 5
2 1
84 8
11 1
7 1
33 5
10 6
25 8
41 4
84 9
60 8
21 4
31 4
8 4
8 3
22 4
65 7
84 8
5 4
4 2
53 7
15 7
69 8
25 5
27 5
22 4
21 7
30 10
16 8
15 4
31 10
25 7
52 5
23 4
51 8
9 4
94 10
23 2
4 3
23 9
45 5
15 4
7 2
76 8
13 8
59 7
11 1
53 10
30 4
7 1
11 3
40 4
51 6
40 7
7 3
4 1
25 4
83 9
75 9
28 6
44 5
43 6
8 6
12 1
4 1
51 7
55 10
70 10
40 9
44 4
10 1
36 8
59 8
36 5
47 9
73 9
15 5
54 9
18 3
4 1
50 9
12 8
45 8
24 3
17 5
40 9
18 7
23 3
21 5
45 6
9 7
6 1
8 7
8 7
15 2
50 6
21 5
22 3
64 9
13 10
28 4
16 2
18 2
2 1
22 3
10 2
17 8
60 6
41 6
17 2
90 10
19 4
29 7
6 1
31 5
14 10
8 1
16 3
24 4
9 1
17 4
20 2
26 3
60 6
4 1
22 7
20 2
23 7
8 2
9 9
55 6
28 5
103 10
13 3
25 2
20 2
14 9
58 7
65 9
23 2
43 7
11 8
6 3
51 6
17 4
101 10
28 7
50 7
18 2
75 10
12 2
28 7
2 1
16 3
6 4
9 1
43 8
13 1
25 8
9 6
49 6
64 9
11 1
6 1
12 1
32 9
72 8
11 1
71 10
13 4
94 9
30 5
82 10
12 1
7 2
6 3
30 7
22 7
7 7
75 10
47 6
63 7
51 8
49 9
5 1
13 8
13 2
59 7
43 4
28 6
7 4
43 6
64 9
68 8
9 1
6 3
49 6
8 5
17 4
26 3
6 2
44 7
9 1
21 7
8 4
17 7
57 9
11 1
13 8
33 3
24 4
50 5
20 4
25 3
59 7
12 6
11 3
22 4
8 4
10 8
85 8
49 5
24 7
8 1
9 7
19 6
49 8
28 3
26 7
19 7
45 7
11 5
26 4
64 7
80 8
2 1
48 8
32 3
16 2
14 2
25 4
30 4
45 5
11 2
72 7
47 6
27 3
9 2
65 6
21 3
34 5
18 5
35 10
32 8
12 5
32 6
58 9
50 9
22 9
9 1
52 7
12 7
75 10
14 7
11 1
70 10
20 4
43 7
20 3
33 7
85 8
9 2
27 3
18 2
27 4
85 8
84 9
59 9
17 2
50 8
82 9
3 1
38 7
28 3
15 5
50 7
10 3
14 7
40 7
20 2
73 8
43 7
18 3
40 10
10 1
8 1
65 6
58 7
81 9
32 9
42 4
11 4
40 8
72 9
31 6
20 2
12 10
18 3
36 8
65 10
11 6
15 2
65 7
30 6
16 6
55 5
11 6
45 7
46 9
18 6
27 9
67 9
90 9
19 8
12 1
23 2
3 2
16 2
95 10
60 6
46 9
20 4
12 6
44 8
26 7
8 4
28 3
25 3
10 2
14 3
50 10
6 3
32 9
6 1
49 7
31 9
36 4
5 5
36 7
37 8
73 10
29 3
21 10
28 4
52 5
90 9
23 7
49 5
63 9
63 6
20 2
37 7
29 9
11 6
9 1
8 1
50 10
92 10
36 8
47 7
33 5
36 9
34 3
59 7
39 4
14 7
46 5
38 7
6 2
9 4
30 10
25 6
15 7
18 7
27 4
104 10
11 1
84 10
17 3
53 5
11 1
16 4
6 2
3 3
52 6
100 10
33 10
4 4
11 10
19 2
15 10
12 10
4 4
22 2
51 8
13 2
9 8
83 9
45 5
28 6
18 5
30 3
21 2
103 10
48 5
24 5
35 8
10 5
8 1
15 3
16 7
2 1
45 4
7 2
5 4
49 8
16 7
68 9
64 8
40 9
3 3
20 4
10 4
8 1
18 9
20 10
6 1
31 3
63 9
25 3
25 8
9 5
24 3
27 5
60 8
56 8
61 6
64 9
9 9
40 10
14 5
9 3
12 2
4 1
20 4
34 5
32 4
36 6
24 6
31 3
23 2
27 5
16 3
16 5
81 9
4 3
16 7
15 5
22 5
32 4
25 4
21 5
55 5
35 7
15 2
41 6
13 2
20 4
9 5
6 6
7 1
65 9
41 4
34 6
12 8
15 5
72 9
72 9
22 9
42 8
13 5
26 7
10 2
31 3
5 2
13 3
19 7
60 6
15 4
16 5
10 9
12 1
11 3
8 1
76 9
12 1
20 5
20 2
63 7
4 1
62 6
26 7
77 8
82 8
66 8
33 10
11 10
10 1
32 6
46 5
71 7
63 9
31 3
10 10
44 4
82 10
59 9
16 4
21 2
35 4
59 9
15 2
14 2
21 9
65 8
33 7
54 10
10 1
84 10
32 4
21 8
53 8
90 9
35 7
47 5
50 5
41 8
68 9
19 4
15 4
6 1
56 8
27 8
22 3
20 4
58 7
14 7
26 7
36 5
32 9
80 8
8 1
19 9
105 10
10 7
9 9
31 7
6 5
8 6
16 3
22 3
20 4
69 8
8 1
74 9
22 9
72 10
9 2
8 3
21 2
6 4
8 6
10 1
34 6
83 9
52 10
6 2
26 5
33 6
55 5
68 7
10 7
9 3
23 6
95 9
15 5
12 1
80 8
30 5
16 5
32 10
20 3
43 6
37 6
28 4
25 4
6 5
15 2
25 4
21 4
64 7
43 10
17 4
15 2
49 7
21 8
100 10
11 2
26 8
22 2
29 8
8 5
8 3
51 6
25 3
22 9
7 6
32 7
11 3
8 2
14 4
56 7
43 10
8 3
51 7
17 4
26 3
32 10
68 7
76 9
17 2
23 9
7 3
40 4
5 2
53 6
34 3
23 9
22 3
20 5
16 7
6 1
1 1
64 9
16 2
23 7
21 4
41 8
30 6
11 7
11 1
33 3
17 5
16 8
28 7
20 6
103 10
9 1
33 3
24 4
24 10
50 5
43 4
32 4
16 4
27 3
40 10
25 7
18 7
25 3
10 2
11 2
9 4
80 10
9 1
19 6
20 2
42 8
8 1
59 9
8 1
72 8
10 1
60 8
85 9
46 6
15 2
24 3
14 2
11 2
75 8
94 10
17 3
59 7
14 10
33 8
10 1
54 5
7 1
3 3
25 3
14 2
16 2
22 9
24 7
70 10
10 5
29 3
51 10
25 3
40 4
9 1
49 9
8 2
6 3
12 1
16 7
30 7
5 1
41 5
22 10
13 10
85 9
17 3
23 6
12 6
60 8
10 3
40 8
10 1
48 6
16 8
45 5
13 2
41 10
35 5
21 5
3 1
13 2
52 8
9 1
76 8
33 8
45 5
44 5
19 2
50 6
26 6
9 1
14 1
11 1
18 7
12 7
85 9
10 1
9 9
35 8
32 6
73 8
8 1
20 3
25 3
19 6
14 6
13 2
54 6
39 9
18 2
13 3
61 8
86 9
11 3
47 5
29 6
30 3
73 8
26 6
6 1
19 2
13 8
50 6
75 8
28 9
102 10
81 10
71 10
49 9
68 9
5 1
9 3
55 9
21 2
14 2
24 7
44 5
27 6
68 8
11 7
38 9
30 7
7 1
37 5
8 1
7 1
6 1
67 7
30 7
64 7
46 7
23 10
75 9
61 10
19 4
45 5
9 6
22 2
47 7
21 2
57 7
26 6
32 8
62 6
93 9
14 3
46 6
5 3
25 3
8 2
8 3
11 6
14 3
43 5
57 8
80 8
10 8
51 7
12 7
36 4
23 3
14 2
16 2
16 6
33 4
66 7
3 2
41 4
50 6
18 8
22 2
13 4
52 6
37 9
12 2
5 5
17 7
10 9
25 6
37 7
55 5
40 5
75 9
60 8
1 1
16 7
68 8
19 9
58 9
15 2
66 9
22 10
12 1
14 6
75 7
6 1
27 4
61 8
65 6
29 7
11 1
43 7
8 1
19 3
18 5
12 9
82 9
20 2
49 7
12 3
20 4
27 5
45 4
9 7
19 3
8 5
20 4
53 8
74 9
83 8
9 1
74 8
33 6
9 1
25 8
24 4
45 8
29 9
80 10
56 6
22 3
63 10
59 8
34 6
4 1
13 3
40 9
28 9
71 10
11 1
16 2
82 10
22 7
105 10
5 3
58 6
43 4
48 9
61 10
11 1
45 8
8 2
45 10
5 3
42 7
16 3
92 10
81 9
13 10
40 10
40 6
12 8
50 5
31 7
73 10
7 1
38 7
10 1
82 8
54 10
91 10
48 5
50 9
8 2
29 5
15 1
63 10
19 2
55 10
11 1
19 4
80 10
4 1
92 9
41 4
25 3
12 8
83 10
42 4
5 1
35 3
32 8
37 6
13 3
41 5
21 4
28 6
27 8
18 5
59 6
83 10
39 5
48 5
57 9
17 5
64 8
7 1
21 2
33 7
16 2
94 9
4 2
2 1
35 5
18 8
45 5
63 10
13 8
4 2
13 2
20 5
35 5
43 5
41 10
95 10
21 4
66 7
51 10
28 6
27 9
44 6
82 9
41 9
32 4
52 8
30 5
15 4
105 10
6 2
90 10
48 9
37 6
50 8
7 2
26 5
22 2
6 5
61 8
35 10
72 7
35 6
25 7
9 2
11 1
46 9
28 4
76 9
45 8
30 5
31 3
30 7
29 4
25 2
7 1
43 4
45 10
9 7
4 4
37 8
50 6
16 7
6 2
6 1
25 4
18 3
7 2
14 1
8 2
83 10
19 9
16 8
24 8
46 5
75 8
90 10
13 2
24 5
7 1
12 1
59 6
36 5
64 7
10 3
40 5
50 10
22 9
31 9
7 7
54 5
33 5
24 4
10 1
45 5
21 3
47 9
6 4
63 10
34 5
32 4
16 2
70 10
18 2
6 5
38 4
28 8
16 3
48 8
7 1
91 10
23 7
2 1
22 9
13 4
11 2
37 8
43 4
29 3
60 10
10 1
27 3
7 7
25 5
25 5
14 3
8 2
5 4
72 9
60 7
17 2
9 2
18 2
11 5
20 5
60 10
69 8
37 7
64 8
22 3
15 3
55 6
21 9
17 3
11 4
11 4
17 4
41 8
49 8
92 10
83 10
43 10
32 3
26 3
15 2
36 6
10 2
18 2
90 10
35 3
15 7
52 6
13 2
29 9
20 2
51 7
28 4
31 9
54 6
50 10
13 3
9 3
46 7
10 1
74 7
18 2
10 2
26 3
51 10
81 10
45 4
33 4
11 3
15 3
10 10
25 5
11 3
14 1
42 10
54 5
60 10
16 6
32 4
6 5
84 8
5 1
38 9
11 2
