1 5000
5000
1 1
3 1
7 1
10 1
16 1
22 1
28 1
36 1
46 1
55 1
66 1
78 1
91 1
105 1
121 1
136 1
154 1
171 1
191 1
211 1
232 1
253 1
277 1
301 1
326 1
352 1
378 1
407 1
436 1
466 1
497 1
528 1
561 1
595 1
630 1
667 1
704 1
741 1
780 1
821 1
861 1
903 1
947 1
991 1
1036 1
1082 1
1129 1
1176 1
1225 1
1276 1
1326 1
1379 1
1432 1
1485 1
1540 1
1596 1
1653 1
1711 1
1770 1
1830 1
1891 1
1954 1
2017 1
2081 1
2145 1
2211 1
2278 1
2346 1
2415 1
2486 1
2556 1
2629 1
2701 1
2775 1
2851 1
2927 1
3004 1
3082 1
3161 1
3240 1
3321 1
3403 1
3486 1
3570 1
3655 1
3741 1
3829 1
3917 1
4006 1
4096 1
4187 1
4279 1
4372 1
4466 1
4560 1
4657 1
4753 1
4852 1
4951 1
5050 1
5151 1
5253 1
5357 1
5461 1
5565 1
5671 1
5778 1
5886 1
5995 1
6105 1
6216 1
6329 1
6441 1
6555 1
6671 1
6786 1
6904 1
7022 1
7140 1
7261 1
7382 1
7504 1
7627 1
7750 1
7876 1
8001 1
8128 1
8257 1
8385 1
8516 1
8646 1
8779 1
8912 1
9046 1
9181 1
9316 1
9454 1
9591 1
9730 1
9871 1
10012 1
10153 1
10296 1
10441 1
10586 1
10732 1
10879 1
11026 1
11175 1
11326 1
11477 1
11628 1
11782 1
11935 1
12091 1
12246 1
12404 1
12562 1
12720 1
12880 1
13042 1
13203 1
13366 1
13530 1
13695 1
13861 1
14028 1
14197 1
14365 1
14536 1
14706 1
14878 1
15051 1
15226 1
15400 1
15576 1
15754 1
15932 1
16110 1
16291 1
16471 1
16653 1
16837 1
17021 1
17205 1
17392 1
17578 1
17767 1
17956 1
18145 1
18336 1
18528 1
18722 1
18916 1
19110 1
19307 1
19503 1
19702 1
19901 1
20100 1
20302 1
20504 1
20707 1
20911 1
21116 1
21322 1
21528 1
21737 1
21946 1
22156 1
22366 1
22579 1
22791 1
23006 1
23220 1
23436 1
23654 1
23872 1
24091 1
24310 1
24531 1
24754 1
24977 1
25200 1
25426 1
25651 1
25879 1
26107 1
26336 1
26566 1
26797 1
27029 1
27261 1
27495 1
27730 1
27967 1
28204 1
28441 1
28681 1
28921 1
29161 1
29403 1
29646 1
29890 1
30135 1
30382 1
30628 1
30877 1
31125 1
31375 1
31626 1
31878 1
32132 1
32385 1
32640 1
32896 1
33154 1
33411 1
33670 1
33931 1
34191 1
34453 1
34716 1
34980 1
35245 1
35511 1
35779 1
36047 1
36316 1
36585 1
36856 1
37128 1
37402 1
37675 1
37951 1
38226 1
38503 1
38781 1
39061 1
39341 1
39621 1
39904 1
40187 1
40470 1
40756 1
41041 1
41329 1
41617 1
41906 1
42196 1
42486 1
42778 1
43072 1
43366 1
43660 1
43956 1
44254 1
44552 1
44850 1
45150 1
45452 1
45754 1
46057 1
46361 1
46665 1
46971 1
47279 1
47587 1
47896 1
48206 1
48517 1
48829 1
49141 1
49456 1
49771 1
50087 1
50403 1
50722 1
51041 1
51360 1
51682 1
52003 1
52327 1
52650 1
52976 1
53301 1
53628 1
53957 1
54285 1
54616 1
54947 1
55278 1
55611 1
55945 1
56280 1
56616 1
56953 1
57292 1
57630 1
57970 1
58312 1
58654 1
58996 1
59341 1
59686 1
60031 1
60379 1
60726 1
61075 1
61425 1
61777 1
62128 1
62481 1
62835 1
63190 1
63547 1
63904 1
64262 1
64621 1
64981 1
65341 1
65703 1
66067 1
66430 1
66795 1
67161 1
67528 1
67896 1
68266 1
68636 1
69006 1
69379 1
69752 1
70126 1
70500 1
70876 1
71253 1
71632 1
72011 1
72390 1
72771 1
73154 1
73537 1
73920 1
74306 1
74692 1
75079 1
75466 1
75856 1
76246 1
76636 1
77028 1
77421 1
77815 1
78211 1
78607 1
79003 1
79401 1
79801 1
80200 1
80601 1
81004 1
81407 1
81810 1
82216 1
82622 1
83028 1
83436 1
83846 1
84256 1
84667 1
85078 1
85491 1
85906 1
86321 1
86737 1
87153 1
87572 1
87991 1
88410 1
88832 1
89254 1
89676 1
90100 1
90526 1
90951 1
91379 1
91806 1
92235 1
92665 1
93096 1
93528 1
93962 1
94395 1
94831 1
95266 1
95703 1
96142 1
96580 1
97020 1
97461 1
97903 1
98346 1
98791 1
99236 1
99682 1
100128 1
100577 1
101025 1
101476 1
101927 1
102378 1
102831 1
103286 1
103741 1
104197 1
104653 1
105111 1
105571 1
106031 1
106492 1
106953 1
107417 1
107881 1
108346 1
108811 1
109278 1
109746 1
110215 1
110686 1
111156 1
111629 1
112102 1
112576 1
113051 1
113527 1
114004 1
114481 1
114960 1
115441 1
115922 1
116403 1
116887 1
117370 1
117855 1
118341 1
118829 1
119317 1
119806 1
120296 1
120786 1
121279 1
121772 1
122265 1
122761 1
123256 1
123753 1
124251 1
124751 1
125250 1
125752 1
126254 1
126756 1
127261 1
127765 1
128272 1
128779 1
129287 1
129795 1
130306 1
130816 1
131329 1
131842 1
132356 1
132870 1
133386 1
133903 1
134421 1
134940 1
135461 1
135981 1
136503 1
137027 1
137551 1
138076 1
138601 1
139129 1
139657 1
140185 1
140716 1
141247 1
141779 1
142311 1
142846 1
143380 1
143917 1
144453 1
144991 1
145531 1
146071 1
146611 1
147153 1
147696 1
148241 1
148785 1
149332 1
149879 1
150427 1
150975 1
151526 1
152077 1
152629 1
153181 1
153736 1
154291 1
154846 1
155404 1
155961 1
156521 1
157080 1
157642 1
158203 1
158766 1
159331 1
159895 1
160461 1
161028 1
161597 1
162166 1
162735 1
163307 1
163878 1
164451 1
165026 1
165600 1
166176 1
166754 1
167332 1
167911 1
168490 1
169071 1
169653 1
170237 1
170820 1
171405 1
171991 1
172578 1
173166 1
173755 1
174345 1
174936 1
175528 1
176122 1
176716 1
177310 1
177906 1
178504 1
179102 1
179701 1
180300 1
180901 1
181504 1
182106 1
182710 1
183315 1
183921 1
184529 1
185137 1
185746 1
186356 1
186967 1
187579 1
188191 1
188806 1
189421 1
190037 1
190653 1
191271 1
191891 1
192510 1
193131 1
193753 1
194377 1
195001 1
195625 1
196252 1
196878 1
197506 1
198136 1
198766 1
199397 1
200028 1
200662 1
201295 1
201931 1
202566 1
203204 1
203841 1
204481 1
205121 1
205761 1
206404 1
207046 1
207691 1
208336 1
208982 1
209629 1
210277 1
210925 1
211575 1
212226 1
212878 1
213532 1
214186 1
214840 1
215496 1
216153 1
216812 1
217471 1
218131 1
218792 1
219453 1
220117 1
220781 1
221446 1
222111 1
222778 1
223447 1
224115 1
224785 1
225456 1
226128 1
226802 1
227476 1
228151 1
228826 1
229503 1
230181 1
230860 1
231540 1
232221 1
232903 1
233586 1
234271 1
234956 1
235641 1
236328 1
237017 1
237705 1
238395 1
239087 1
239778 1
240472 1
241165 1
241861 1
242557 1
243254 1
243952 1
244651 1
245351 1
246052 1
246754 1
247456 1
248160 1
248866 1
249572 1
250279 1
250986 1
251695 1
252406 1
253117 1
253828 1
254541 1
255255 1
255971 1
256686 1
257404 1
258122 1
258840 1
259560 1
260281 1
261004 1
261727 1
262450 1
263175 1
263902 1
264629 1
265356 1
266086 1
266816 1
267547 1
268279 1
269011 1
269745 1
270480 1
271217 1
271954 1
272691 1
273431 1
274170 1
274911 1
275654 1
276397 1
277141 1
277885 1
278631 1
279378 1
280126 1
280875 1
281626 1
282377 1
283129 1
283881 1
284635 1
285390 1
286147 1
286903 1
287662 1
288421 1
289180 1
289942 1
290704 1
291467 1
292231 1
292996 1
293762 1
294529 1
295297 1
296066 1
296836 1
297606 1
298378 1
299152 1
299926 1
300700 1
301476 1
302254 1
303031 1
303811 1
304590 1
305371 1
306153 1
306936 1
307720 1
308506 1
309292 1
310079 1
310867 1
311656 1
312445 1
313236 1
314028 1
314822 1
315615 1
316410 1
317206 1
318003 1
318802 1
319600 1
320400 1
321202 1
322003 1
322807 1
323610 1
324416 1
325222 1
326028 1
326837 1
327645 1
328455 1
329266 1
330079 1
330891 1
331705 1
332520 1
333336 1
334154 1
334972 1
335791 1
336610 1
337431 1
338253 1
339077 1
339900 1
340725 1
341552 1
342378 1
343207 1
344035 1
344865 1
345697 1
346528 1
347361 1
348196 1
349030 1
349867 1
350704 1
351541 1
352380 1
353221 1
354061 1
354903 1
355747 1
356590 1
357436 1
358281 1
359129 1
359977 1
360826 1
361676 1
362526 1
363378 1
364232 1
365085 1
365941 1
366796 1
367654 1
368512 1
369371 1
370230 1
371092 1
371953 1
372817 1
373681 1
374545 1
375412 1
376278 1
377147 1
378015 1
378886 1
379757 1
380629 1
381502 1
382375 1
383250 1
384127 1
385004 1
385881 1
386760 1
387641 1
388522 1
389403 1
390287 1
391171 1
392056 1
392942 1
393829 1
394716 1
395605 1
396495 1
397386 1
398278 1
399172 1
400065 1
400960 1
401857 1
402754 1
403651 1
404550 1
405450 1
406351 1
407253 1
408157 1
409061 1
409966 1
410872 1
411778 1
412687 1
413596 1
414506 1
415417 1
416329 1
417242 1
418156 1
419070 1
419987 1
420904 1
421821 1
422740 1
423661 1
424582 1
425504 1
426426 1
427350 1
428275 1
429202 1
430129 1
431057 1
431985 1
432916 1
433847 1
434778 1
435711 1
436646 1
437581 1
438517 1
439454 1
440392 1
441331 1
442270 1
443212 1
444154 1
445096 1
446040 1
446986 1
447932 1
448879 1
449827 1
450775 1
451726 1
452676 1
453629 1
454582 1
455535 1
456491 1
457447 1
458404 1
459362 1
460320 1
461281 1
462241 1
463203 1
464167 1
465130 1
466095 1
467061 1
468029 1
468997 1
469965 1
470935 1
471907 1
472878 1
473851 1
474826 1
475800 1
476776 1
477754 1
478731 1
479711 1
480691 1
481671 1
482654 1
483636 1
484621 1
485605 1
486591 1
487578 1
488566 1
489555 1
490545 1
491536 1
492529 1
493522 1
494515 1
495511 1
496506 1
497504 1
498501 1
499501 1
500500 1
501501 1
502503 1
503506 1
504511 1
505515 1
506522 1
507528 1
508536 1
509545 1
510555 1
511566 1
512579 1
513592 1
514605 1
515620 1
516636 1
517653 1
518672 1
519691 1
520711 1
521732 1
522754 1
523777 1
524801 1
525825 1
526851 1
527878 1
528907 1
529936 1
530965 1
531997 1
533029 1
534062 1
535095 1
536131 1
537166 1
538203 1
539241 1
540280 1
541320 1
542361 1
543404 1
544446 1
545491 1
546535 1
547581 1
548628 1
549677 1
550726 1
551776 1
552827 1
553879 1
554932 1
555986 1
557040 1
558096 1
559154 1
560212 1
561271 1
562331 1
563392 1
564453 1
565516 1
566581 1
567646 1
568712 1
569778 1
570846 1
571916 1
572985 1
574057 1
575129 1
576202 1
577275 1
578351 1
579426 1
580504 1
581582 1
582661 1
583741 1
584821 1
585903 1
586986 1
588071 1
589155 1
590242 1
591329 1
592417 1
593506 1
594595 1
595686 1
596779 1
597872 1
598965 1
600060 1
601156 1
602254 1
603352 1
604450 1
605550 1
606652 1
607753 1
608856 1
609960 1
611065 1
612171 1
613279 1
614386 1
615495 1
616605 1
617717 1
618829 1
619941 1
621055 1
622170 1
623287 1
624403 1
625521 1
626641 1
627760 1
628882 1
630003 1
631126 1
632250 1
633376 1
634502 1
635629 1
636756 1
637886 1
639016 1
640147 1
641279 1
642411 1
643546 1
644680 1
645816 1
646953 1
648091 1
649231 1
650371 1
651511 1
652653 1
653796 1
654941 1
656086 1
657232 1
658379 1
659526 1
660675 1
661826 1
662976 1
664129 1
665281 1
666436 1
667591 1
668747 1
669904 1
671062 1
672220 1
673381 1
674541 1
675703 1
676866 1
678030 1
679196 1
680362 1
681529 1
682696 1
683866 1
685035 1
686207 1
687378 1
688552 1
689726 1
690900 1
692077 1
693254 1
694431 1
695610 1
696790 1
697972 1
699154 1
700336 1
701520 1
702706 1
703892 1
705079 1
706267 1
707455 1
708646 1
709836 1
711029 1
712221 1
713415 1
714611 1
715806 1
717003 1
718201 1
719401 1
720600 1
721802 1
723003 1
724206 1
725410 1
726616 1
727822 1
729028 1
730236 1
731445 1
732656 1
733867 1
735078 1
736291 1
737505 1
738720 1
739937 1
741153 1
742371 1
743590 1
744811 1
746031 1
747254 1
748476 1
749700 1
750926 1
752151 1
753379 1
754606 1
755836 1
757066 1
758296 1
759529 1
760761 1
761996 1
763231 1
764467 1
765703 1
766942 1
768180 1
769420 1
770661 1
771903 1
773147 1
774390 1
775635 1
776882 1
778128 1
779377 1
780626 1
781875 1
783126 1
784379 1
785631 1
786885 1
788140 1
789396 1
790653 1
791911 1
793170 1
794431 1
795692 1
796954 1
798217 1
799480 1
800745 1
802011 1
803279 1
804547 1
805816 1
807086 1
808356 1
809628 1
810902 1
812175 1
813450 1
814727 1
816003 1
817281 1
818560 1
819840 1
821122 1
822403 1
823686 1
824971 1
826256 1
827541 1
828829 1
830117 1
831406 1
832695 1
833987 1
835278 1
836571 1
837866 1
839161 1
840457 1
841754 1
843051 1
844351 1
845650 1
846951 1
848253 1
849556 1
850861 1
852166 1
853472 1
854778 1
856087 1
857395 1
858706 1
860017 1
861328 1
862641 1
863955 1
865271 1
866587 1
867903 1
869221 1
870540 1
871861 1
873181 1
874504 1
875826 1
877150 1
878476 1
879801 1
881128 1
882457 1
883785 1
885115 1
886446 1
887779 1
889111 1
890445 1
891781 1
893116 1
894454 1
895792 1
897131 1
898470 1
899811 1
901154 1
902496 1
903841 1
905185 1
906532 1
907878 1
909226 1
910575 1
911926 1
913277 1
914629 1
915982 1
917335 1
918691 1
920047 1
921403 1
922761 1
924121 1
925480 1
926841 1
928203 1
929566 1
930931 1
932295 1
933662 1
935029 1
936396 1
937765 1
939136 1
940506 1
941879 1
943251 1
944626 1
946000 1
947376 1
948753 1
950131 1
951510 1
952891 1
954272 1
955654 1
957036 1
958420 1
959806 1
961192 1
962578 1
963967 1
965356 1
966746 1
968137 1
969528 1
970922 1
972315 1
973711 1
975107 1
976504 1
977901 1
979300 1
980701 1
982101 1
983503 1
984906 1
986310 1
987715 1
989121 1
990529 1
991936 1
993345 1
994755 1
996166 1
997579 1
998992 1
1000406 1
1001820 1
1003237 1
1004654 1
1006072 1
1007491 1
1008910 1
1010332 1
1011754 1
1013177 1
1014600 1
1016026 1
1017451 1
1018879 1
1020307 1
1021735 1
1023166 1
1024597 1
1026028 1
1027461 1
1028896 1
1030330 1
1031766 1
1033204 1
1034642 1
1036081 1
1037521 1
1038961 1
1040403 1
1041846 1
1043291 1
1044736 1
1046182 1
1047629 1
1049077 1
1050525 1
1051975 1
1053427 1
1054879 1
1056331 1
1057785 1
1059240 1
1060697 1
1062154 1
1063611 1
1065071 1
1066531 1
1067991 1
1069454 1
1070916 1
1072380 1
1073845 1
1075311 1
1076779 1
1078247 1
1079715 1
1081186 1
1082656 1
1084129 1
1085602 1
1087076 1
1088551 1
1090027 1
1091503 1
1092981 1
1094460 1
1095941 1
1097422 1
1098904 1
1100386 1
1101870 1
1103356 1
1104842 1
1106329 1
1107817 1
1109306 1
1110795 1
1112286 1
1113778 1
1115271 1
1116765 1
1118261 1
1119756 1
1121253 1
1122751 1
1124251 1
1125751 1
1127251 1
1128754 1
1130257 1
1131760 1
1133265 1
1134772 1
1136278 1
1137787 1
1139295 1
1140806 1
1142317 1
1143828 1
1145341 1
1146856 1
1148371 1
1149886 1
1151403 1
1152922 1
1154440 1
1155960 1
1157482 1
1159003 1
1160527 1
1162050 1
1163575 1
1165102 1
1166629 1
1168156 1
1169685 1
1171216 1
1172747 1
1174278 1
1175811 1
1177346 1
1178880 1
1180417 1
1181953 1
1183491 1
1185031 1
1186571 1
1188112 1
1189653 1
1191197 1
1192740 1
1194285 1
1195832 1
1197378 1
1198926 1
1200475 1
1202026 1
1203577 1
1205129 1
1206682 1
1208235 1
1209791 1
1211347 1
1212903 1
1214461 1
1216020 1
1217581 1
1219141 1
1220703 1
1222267 1
1223831 1
1225396 1
1226962 1
1228529 1
1230097 1
1231666 1
1233236 1
1234807 1
1236379 1
1237951 1
1239525 1
1241100 1
1242676 1
1244254 1
1245832 1
1247410 1
1248990 1
1250571 1
1252153 1
1253736 1
1255321 1
1256905 1
1258491 1
1260079 1
1261666 1
1263256 1
1264845 1
1266436 1
1268028 1
1269621 1
1271216 1
1272811 1
1274407 1
1276003 1
1277601 1
1279201 1
1280800 1
1282401 1
1284003 1
1285606 1
1287210 1
1288816 1
1290422 1
1292029 1
1293637 1
1295245 1
1296855 1
1298466 1
1300078 1
1301692 1
1303306 1
1304921 1
1306537 1
1308154 1
1309772 1
1311390 1
1313011 1
1314632 1
1316254 1
1317877 1
1319500 1
1321126 1
1322751 1
1324379 1
1326007 1
1327635 1
1329266 1
1330896 1
1332529 1
1334162 1
1335796 1
1337430 1
1339066 1
1340704 1
1342341 1
1343981 1
1345621 1
1347261 1
1348904 1
1350547 1
1352191 1
1353836 1
1355482 1
1357129 1
1358777 1
1360426 1
1362076 1
1363727 1
1365379 1
1367032 1
1368685 1
1370340 1
1371996 1
1373654 1
1375312 1
1376971 1
1378630 1
1380292 1
1381954 1
1383617 1
1385281 1
1386945 1
1388611 1
1390278 1
1391946 1
1393615 1
1395285 1
1396957 1
1398628 1
1400302 1
1401975 1
1403651 1
1405326 1
1407004 1
1408681 1
1410360 1
1412040 1
1413722 1
1415404 1
1417087 1
1418771 1
1420455 1
1422142 1
1423828 1
1425516 1
1427206 1
1428896 1
1430587 1
1432279 1
1433972 1
1435666 1
1437361 1
1439056 1
1440754 1
1442451 1
1444150 1
1445850 1
1447552 1
1449253 1
1450956 1
1452661 1
1454366 1
1456072 1
1457778 1
1459487 1
1461196 1
1462905 1
1464617 1
1466329 1
1468042 1
1469756 1
1471470 1
1473187 1
1474903 1
1476621 1
1478341 1
1480060 1
1481782 1
1483503 1
1485226 1
1486950 1
1488675 1
1490402 1
1492128 1
1493856 1
1495585 1
1497316 1
1499047 1
1500778 1
1502511 1
1504246 1
1505981 1
1507716 1
1509453 1
1511192 1
1512931 1
1514671 1
1516412 1
1518154 1
1519897 1
1521641 1
1523386 1
1525132 1
1526879 1
1528627 1
1530375 1
1532126 1
1533877 1
1535628 1
1537382 1
1539136 1
1540890 1
1542647 1
1544404 1
1546162 1
1547920 1
1549680 1
1551442 1
1553204 1
1554967 1
1556731 1
1558495 1
1560261 1
1562029 1
1563797 1
1565566 1
1567336 1
1569107 1
1570878 1
1572651 1
1574426 1
1576201 1
1577976 1
1579754 1
1581532 1
1583311 1
1585090 1
1586872 1
1588653 1
1590437 1
1592220 1
1594006 1
1595791 1
1597579 1
1599366 1
1601156 1
1602946 1
1604737 1
1606529 1
1608322 1
1610116 1
1611910 1
1613707 1
1615503 1
1617301 1
1619101 1
1620901 1
1622702 1
1624504 1
1626306 1
1628110 1
1629915 1
1631722 1
1633529 1
1635336 1
1637145 1
1638956 1
1640767 1
1642579 1
1644391 1
1646206 1
1648021 1
1649837 1
1651653 1
1653472 1
1655290 1
1657111 1
1658931 1
1660754 1
1662576 1
1664401 1
1666225 1
1668051 1
1669879 1
1671706 1
1673535 1
1675365 1
1677197 1
1679028 1
1680862 1
1682695 1
1684530 1
1686367 1
1688203 1
1690042 1
1691880 1
1693720 1
1695561 1
1697403 1
1699246 1
1701091 1
1702936 1
1704781 1
1706629 1
1708476 1
1710326 1
1712176 1
1714026 1
1715879 1
1717731 1
1719585 1
1721441 1
1723296 1
1725154 1
1727012 1
1728871 1
1730731 1
1732592 1
1734454 1
1736316 1
1738180 1
1740046 1
1741911 1
1743779 1
1745647 1
1747516 1
1749386 1
1751257 1
1753128 1
1755001 1
1756875 1
1758750 1
1760626 1
1762503 1
1764382 1
1766261 1
1768141 1
1770021 1
1771904 1
1773786 1
1775671 1
1777556 1
1779442 1
1781329 1
1783216 1
1785105 1
1786995 1
1788886 1
1790778 1
1792671 1
1794565 1
1796461 1
1798356 1
1800253 1
1802151 1
1804050 1
1805950 1
1807852 1
1809753 1
1811656 1
1813561 1
1815465 1
1817371 1
1819279 1
1821186 1
1823095 1
1825005 1
1826916 1
1828829 1
1830741 1
1832656 1
1834570 1
1836486 1
1838404 1
1840322 1
1842241 1
1844160 1
1846082 1
1848004 1
1849927 1
1851850 1
1853775 1
1855701 1
1857628 1
1859557 1
1861485 1
1863416 1
1865346 1
1867279 1
1869212 1
1871145 1
1873081 1
1875017 1
1876953 1
1878891 1
1880831 1
1882770 1
1884711 1
1886653 1
1888597 1
1890541 1
1892486 1
1894431 1
1896379 1
1898327 1
1900275 1
1902225 1
1904177 1
1906129 1
1908081 1
1910035 1
1911990 1
1913947 1
1915903 1
1917861 1
1919821 1
1921781 1
1923742 1
1925703 1
1927667 1
1929631 1
1931595 1
1933562 1
1935529 1
1937496 1
1939466 1
1941435 1
1943406 1
1945378 1
1947352 1
1949325 1
1951300 1
1953277 1
1955253 1
1957232 1
1959211 1
1961190 1
1963172 1
1965153 1
1967137 1
1969121 1
1971105 1
1973092 1
1975079 1
1977067 1
1979056 1
1981045 1
1983036 1
1985029 1
1987022 1
1989015 1
1991010 1
1993007 1
1995003 1
1997002 1
1999000 1
2001001 1
2003001 1
2005003 1
2007007 1
2009010 1
2011016 1
2013022 1
2015028 1
2017036 1
2019046 1
2021055 1
2023067 1
2025078 1
2027091 1
2029106 1
2031120 1
2033136 1
2035153 1
2037172 1
2039191 1
2041210 1
2043231 1
2045254 1
2047276 1
2049301 1
2051326 1
2053351 1
2055379 1
2057407 1
2059435 1
2061465 1
2063497 1
2065528 1
2067561 1
2069596 1
2071630 1
2073667 1
2075703 1
2077742 1
2079781 1
2081820 1
2083862 1
2085903 1
2087947 1
2089990 1
2092035 1
2094081 1
2096129 1
2098176 1
2100225 1
2102276 1
2104327 1
2106379 1
2108431 1
2110485 1
2112540 1
2114596 1
2116654 1
2118712 1
2120771 1
2122830 1
2124892 1
2126953 1
2129016 1
2131081 1
2133146 1
2135212 1
2137279 1
2139346 1
2141416 1
2143486 1
2145556 1
2147629 1
2149702 1
2151776 1
2153851 1
2155927 1
2158004 1
2160082 1
2162161 1
2164241 1
2166321 1
2168403 1
2170487 1
2172571 1
2174655 1
2176741 1
2178829 1
2180917 1
2183006 1
2185095 1
2187187 1
2189279 1
2191372 1
2193466 1
2195560 1
2197657 1
2199753 1
2201851 1
2203951 1
2206051 1
2208152 1
2210253 1
2212357 1
2214461 1
2216565 1
2218672 1
2220778 1
2222886 1
2224996 1
2227105 1
2229217 1
2231329 1
2233441 1
2235556 1
2237671 1
2239786 1
2241904 1
2244022 1
2246140 1
2248260 1
2250382 1
2252503 1
2254627 1
2256751 1
2258876 1
2261002 1
2263128 1
2265256 1
2267386 1
2269516 1
2271646 1
2273779 1
2275911 1
2278045 1
2280181 1
2282317 1
2284454 1
2286591 1
2288731 1
2290870 1
2293012 1
2295154 1
2297296 1
2299441 1
2301585 1
2303732 1
2305878 1
2308026 1
2310175 1
2312326 1
2314476 1
2316628 1
2318781 1
2320935 1
2323090 1
2325247 1
2327403 1
2329562 1
2331721 1
2333880 1
2336042 1
2338204 1
2340367 1
2342530 1
2344696 1
2346862 1
2349028 1
2351196 1
2353365 1
2355536 1
2357706 1
2359879 1
2362052 1
2364226 1
2366401 1
2368577 1
2370754 1
2372931 1
2375111 1
2377290 1
2379471 1
2381654 1
2383837 1
2386021 1
2388205 1
2390392 1
2392578 1
2394766 1
2396956 1
2399146 1
2401337 1
2403528 1
2405721 1
2407916 1
2410111 1
2412306 1
2414504 1
2416702 1
2418901 1
2421100 1
2423302 1
2425503 1
2427707 1
2429911 1
2432115 1
2434321 1
2436529 1
2438736 1
2440946 1
2443155 1
2445366 1
2447579 1
2449791 1
2452006 1
2454220 1
2456437 1
2458654 1
2460872 1
2463090 1
2465311 1
2467531 1
2469754 1
2471977 1
2474200 1
2476425 1
2478652 1
2480879 1
2483107 1
2485335 1
2487566 1
2489796 1
2492028 1
2494262 1
2496496 1
2498731 1
2500967 1
2503204 1
2505442 1
2507680 1
2509921 1
2512162 1
2514404 1
2516646 1
2518890 1
2521135 1
2523381 1
2525628 1
2527877 1
2530126 1
2532375 1
2534626 1
2536878 1
2539132 1
2541386 1
2543640 1
2545896 1
2548154 1
2550411 1
2552671 1
2554931 1
2557191 1
2559454 1
2561717 1
2563981 1
2566245 1
2568512 1
2570779 1
2573047 1
2575316 1
2577586 1
2579857 1
2582129 1
2584402 1
2586676 1
2588950 1
2591227 1
2593503 1
2595782 1
2598061 1
2600341 1
2602621 1
2604903 1
2607187 1
2609470 1
2611755 1
2614042 1
2616328 1
2618616 1
2620905 1
2623195 1
2625487 1
2627778 1
2630071 1
2632365 1
2634661 1
2636956 1
2639254 1
2641551 1
2643850 1
2646151 1
2648452 1
2650754 1
2653057 1
2655360 1
2657665 1
2659972 1
2662278 1
2664586 1
2666895 1
2669205 1
2671517 1
2673828 1
2676142 1
2678456 1
2680770 1
2683086 1
2685403 1
2687722 1
2690041 1
2692360 1
2694681 1
2697004 1
2699326 1
2701651 1
2703976 1
2706301 1
2708629 1
2710957 1
2713286 1
2715615 1
2717946 1
2720278 1
2722612 1
2724945 1
2727280 1
2729616 1
2731954 1
2734291 1
2736631 1
2738971 1
2741312 1
2743653 1
2745996 1
2748341 1
2750686 1
2753032 1
2755379 1
2757726 1
2760075 1
2762426 1
2764776 1
2767128 1
2769481 1
2771835 1
2774191 1
2776547 1
2778904 1
2781262 1
2783621 1
2785980 1
2788341 1
2790704 1
2793066 1
2795430 1
2797796 1
2800162 1
2802528 1
2804896 1
2807266 1
2809636 1
2812007 1
2814378 1
2816751 1
2819126 1
2821501 1
2823877 1
2826254 1
2828631 1
2831010 1
2833391 1
2835772 1
2838154 1
2840536 1
2842921 1
2845306 1
2847692 1
2850078 1
2852467 1
2854856 1
2857245 1
2859637 1
2862028 1
2864422 1
2866815 1
2869211 1
2871607 1
2874004 1
2876401 1
2878800 1
2881200 1
2883601 1
2886004 1
2888406 1
2890811 1
2893216 1
2895622 1
2898029 1
2900436 1
2902845 1
2905255 1
2907666 1
2910079 1
2912491 1
2914905 1
2917321 1
2919736 1
2922153 1
2924571 1
2926990 1
2929411 1
2931832 1
2934253 1
2936677 1
2939101 1
2941525 1
2943952 1
2946378 1
2948807 1
2951235 1
2953666 1
2956097 1
2958528 1
2960962 1
2963395 1
2965830 1
2968266 1
2970703 1
2973141 1
2975581 1
2978020 1
2980462 1
2982903 1
2985346 1
2987791 1
2990235 1
2992682 1
2995128 1
2997577 1
3000026 1
3002476 1
3004927 1
3007378 1
3009831 1
3012285 1
3014740 1
3017196 1
3019653 1
3022111 1
3024571 1
3027030 1
3029492 1
3031954 1
3034416 1
3036880 1
3039345 1
3041812 1
3044279 1
3046747 1
3049216 1
3051686 1
3054156 1
3056629 1
3059102 1
3061576 1
3064050 1
3066526 1
3069003 1
3071481 1
3073961 1
3076441 1
3078922 1
3081404 1
3083887 1
3086370 1
3088856 1
3091342 1
3093829 1
3096316 1
3098805 1
3101295 1
3103786 1
3106278 1
3108772 1
3111265 1
3113761 1
3116257 1
3118754 1
3121251 1
3123751 1
3126250 1
3128752 1
3131253 1
3133757 1
3136260 1
3138765 1
3141272 1
3143778 1
3146286 1
3148796 1
3151305 1
3153816 1
3156328 1
3158842 1
3161356 1
3163871 1
3166386 1
3168904 1
3171421 1
3173940 1
3176460 1
3178981 1
3181503 1
3184027 1
3186550 1
3189076 1
3191602 1
3194128 1
3196657 1
3199185 1
3201716 1
3204247 1
3206779 1
3209312 1
3211845 1
3214380 1
3216917 1
3219454 1
3221992 1
3224531 1
3227071 1
3229612 1
3232153 1
3234697 1
3237241 1
3239786 1
3242332 1
3244878 1
3247426 1
3249976 1
3252525 1
3255076 1
3257628 1
3260181 1
3262736 1
3265290 1
3267847 1
3270404 1
3272961 1
3275521 1
3278081 1
3280641 1
3283203 1
3285766 1
3288331 1
3290896 1
3293462 1
3296028 1
3298596 1
3301165 1
3303736 1
3306307 1
3308879 1
3311452 1
3314025 1
3316601 1
3319176 1
3321754 1
3324331 1
3326911 1
3329491 1
3332071 1
3334654 1
3337236 1
3339821 1
3342405 1
3344992 1
3347579 1
3350166 1
3352756 1
3355345 1
3357937 1
3360529 1
3363122 1
3365715 1
3368311 1
3370907 1
3373504 1
3376101 1
3378701 1
3381300 1
3383902 1
3386504 1
3389107 1
3391710 1
3394315 1
3396921 1
3399529 1
3402136 1
3404746 1
3407355 1
3409966 1
3412578 1
3415191 1
3417805 1
3420420 1
3423037 1
3425654 1
3428272 1
3430890 1
3433510 1
3436132 1
3438754 1
3441377 1
3444001 1
3446626 1
3449251 1
3451879 1
3454506 1
3457135 1
3459766 1
3462397 1
3465028 1
3467661 1
3470295 1
3472930 1
3475567 1
3478204 1
3480841 1
3483480 1
3486121 1
3488761 1
3491404 1
3494047 1
3496690 1
3499335 1
3501981 1
3504628 1
3507276 1
3509926 1
3512576 1
3515226 1
3517878 1
3520531 1
3523186 1
3525841 1
3528497 1
3531154 1
3533812 1
3536470 1
3539131 1
3541792 1
3544454 1
3547117 1
3549781 1
3552446 1
3555111 1
3557778 1
3560447 1
3563116 1
3565786 1
3568456 1
3571129 1
3573801 1
3576476 1
3579150 1
3581827 1
3584503 1
3587182 1
3589860 1
3592541 1
3595221 1
3597903 1
3600587 1
3603271 1
3605955 1
3608641 1
3611328 1
3614016 1
3616705 1
3619396 1
3622087 1
3624779 1
3627471 1
3630165 1
3632860 1
3635557 1
3638254 1
3640951 1
3643650 1
3646351 1
3649052 1
3651754 1
3654457 1
3657161 1
3659865 1
3662572 1
3665279 1
3667986 1
3670695 1
3673405 1
3676117 1
3678829 1
3681542 1
3684256 1
3686970 1
3689687 1
3692403 1
3695122 1
3697841 1
3700560 1
3703282 1
3706004 1
3708726 1
3711450 1
3714175 1
3716902 1
3719629 1
3722356 1
3725085 1
3727816 1
3730546 1
3733278 1
3736011 1
3738746 1
3741480 1
3744216 1
3746954 1
3749692 1
3752430 1
3755171 1
3757911 1
3760653 1
3763396 1
3766140 1
3768885 1
3771632 1
3774378 1
3777126 1
3779875 1
3782625 1
3785376 1
3788129 1
3790881 1
3793636 1
3796391 1
3799147 1
3801903 1
3804661 1
3807420 1
3810181 1
3812941 1
3815704 1
3818467 1
3821230 1
3823995 1
3826761 1
3829529 1
3832297 1
3835065 1
3837835 1
3840607 1
3843378 1
3846152 1
3848926 1
3851700 1
3854476 1
3857253 1
3860031 1
3862810 1
3865591 1
3868372 1
3871154 1
3873937 1
3876720 1
3879505 1
3882291 1
3885078 1
3887867 1
3890655 1
3893446 1
3896237 1
3899029 1
3901822 1
3904616 1
3907410 1
3910206 1
3913004 1
3915801 1
3918601 1
3921401 1
3924201 1
3927004 1
3929806 1
3932611 1
3935415 1
3938221 1
3941029 1
3943836 1
3946646 1
3949455 1
3952266 1
3955078 1
3957891 1
3960706 1
3963520 1
3966337 1
3969153 1
3971971 1
3974790 1
3977610 1
3980432 1
3983254 1
3986077 1
3988900 1
3991726 1
3994551 1
3997379 1
4000207 1
4003036 1
4005865 1
4008696 1
4011529 1
4014361 1
4017196 1
4020030 1
4022867 1
4025704 1
4028542 1
4031380 1
4034220 1
4037062 1
4039903 1
4042746 1
4045590 1
4048435 1
4051281 1
4054129 1
4056977 1
4059825 1
4062675 1
4065526 1
4068379 1
4071232 1
4074085 1
4076940 1
4079797 1
4082654 1
4085512 1
4088371 1
4091230 1
4094092 1
4096954 1
4099816 1
4102681 1
4105546 1
4108412 1
4111278 1
4114146 1
4117016 1
4119886 1
4122757 1
4125628 1
4128501 1
4131375 1
4134251 1
4137127 1
4140004 1
4142881 1
4145761 1
4148640 1
4151521 1
4154404 1
4157287 1
4160170 1
4163055 1
4165941 1
4168828 1
4171717 1
4174606 1
4177495 1
4180386 1
4183278 1
4186172 1
4189065 1
4191961 1
4194857 1
4197754 1
4200652 1
4203551 1
4206451 1
4209351 1
4212253 1
4215157 1
4218061 1
4220966 1
4223871 1
4226779 1
4229686 1
4232595 1
4235505 1
4238417 1
4241329 1
4244242 1
4247156 1
4250071 1
4252987 1
4255904 1
4258821 1
4261740 1
4264661 1
4267582 1
4270504 1
4273426 1
4276350 1
4279276 1
4282201 1
4285128 1
4288057 1
4290985 1
4293916 1
4296846 1
4299778 1
4302711 1
4305646 1
4308581 1
4311517 1
4314454 1
4317392 1
4320330 1
4323271 1
4326211 1
4329154 1
4332097 1
4335040 1
4337985 1
4340932 1
4343879 1
4346827 1
4349775 1
4352725 1
4355676 1
4358628 1
4361582 1
4364536 1
4367491 1
4370447 1
4373403 1
4376361 1
4379321 1
4382281 1
4385241 1
4388204 1
4391166 1
4394131 1
4397096 1
4400061 1
4403029 1
4405997 1
4408966 1
4411936 1
4414906 1
4417879 1
4420852 1
4423825 1
4426800 1
4429776 1
4432754 1
4435732 1
4438711 1
4441690 1
4444672 1
4447653 1
4450637 1
4453620 1
4456605 1
4459591 1
4462579 1
4465567 1
4468556 1
4471545 1
4474536 1
4477528 1
4480522 1
4483515 1
4486510 1
4489506 1
4492504 1
4495502 1
4498500 1
4501501 1
4504501 1
4507503 1
4510506 1
4513511 1
4516515 1
4519521 1
4522528 1
4525536 1
4528545 1
4531555 1
4534566 1
4537578 1
4540592 1
4543606 1
4546621 1
4549637 1
4552654 1
4555672 1
4558690 1
4561710 1
4564732 1
4567754 1
4570776 1
4573801 1
4576826 1
4579851 1
4582878 1
4585907 1
4588935 1
4591966 1
4594997 1
4598029 1
4601061 1
4604096 1
4607130 1
4610166 1
4613204 1
4616242 1
4619281 1
4622321 1
4625362 1
4628403 1
4631446 1
4634490 1
4637535 1
4640582 1
4643629 1
4646676 1
4649725 1
4652776 1
4655826 1
4658879 1
4661931 1
4664985 1
4668040 1
4671096 1
4674154 1
4677212 1
4680270 1
4683331 1
4686391 1
4689453 1
4692516 1
4695581 1
4698645 1
4701712 1
4704779 1
4707846 1
4710915 1
4713986 1
4717056 1
4720128 1
4723202 1
4726276 1
4729351 1
4732426 1
4735503 1
4738582 1
4741660 1
4744741 1
4747822 1
4750904 1
4753986 1
4757071 1
4760155 1
4763242 1
4766329 1
4769416 1
4772506 1
4775595 1
4778687 1
4781779 1
4784872 1
4787966 1
4791061 1
4794157 1
4797253 1
4800351 1
4803451 1
4806551 1
4809651 1
4812754 1
4815857 1
4818960 1
4822065 1
4825172 1
4828278 1
4831386 1
4834496 1
4837605 1
4840716 1
4843828 1
4846941 1
4850056 1
4853170 1
4856286 1
4859403 1
4862522 1
4865641 1
4868760 1
4871881 1
4875004 1
4878127 1
4881251 1
4884375 1
4887502 1
4890628 1
4893756 1
4896886 1
4900016 1
4903146 1
4906278 1
4909412 1
4912546 1
4915680 1
4918817 1
4921953 1
4925091 1
4928231 1
4931370 1
4934512 1
4937654 1
4940796 1
4943941 1
4947085 1
4950232 1
4953379 1
4956526 1
4959675 1
4962826 1
4965977 1
4969129 1
4972281 1
4975435 1
4978590 1
4981747 1
4984904 1
4988061 1
4991220 1
4994380 1
4997541 1
5000703 1
5003867 1
5007031 1
5010196 1
5013362 1
5016529 1
5019697 1
5022866 1
5026035 1
5029206 1
5032379 1
5035551 1
5038726 1
5041901 1
5045076 1
5048253 1
5051431 1
5054610 1
5057791 1
5060972 1
5064154 1
5067337 1
5070520 1
5073706 1
5076892 1
5080078 1
5083266 1
5086456 1
5089645 1
5092836 1
5096029 1
5099221 1
5102415 1
5105610 1
5108806 1
5112004 1
5115202 1
5118401 1
5121601 1
5124801 1
5128003 1
5131207 1
5134410 1
5137616 1
5140821 1
5144029 1
5147237 1
5150445 1
5153656 1
5156866 1
5160079 1
5163291 1
5166506 1
5169721 1
5172937 1
5176154 1
5179371 1
5182591 1
5185811 1
5189032 1
5192253 1
5195476 1
5198700 1
5201926 1
5205152 1
5208379 1
5211607 1
5214835 1
5218065 1
5221296 1
5224528 1
5227761 1
5230995 1
5234231 1
5237467 1
5240703 1
5243942 1
5247181 1
5250421 1
5253662 1
5256904 1
5260147 1
5263391 1
5266635 1
5269882 1
5273128 1
5276377 1
5279625 1
5282875 1
5286127 1
5289379 1
5292631 1
5295885 1
5299140 1
5302397 1
5305653 1
5308911 1
5312171 1
5315430 1
5318691 1
5321954 1
5325216 1
5328480 1
5331746 1
5335011 1
5338279 1
5341546 1
5344816 1
5348085 1
5351357 1
5354628 1
5357901 1
5361176 1
5364451 1
5367727 1
5371003 1
5374282 1
5377561 1
5380841 1
5384122 1
5387404 1
5390686 1
5393970 1
5397256 1
5400542 1
5403828 1
5407117 1
5410406 1
5413695 1
5416986 1
5420279 1
5423572 1
5426865 1
5430160 1
5433457 1
5436753 1
5440052 1
5443351 1
5446650 1
5449952 1
5453254 1
5456557 1
5459861 1
5463166 1
5466472 1
5469779 1
5473086 1
5476395 1
5479705 1
5483016 1
5486329 1
5489641 1
5492955 1
5496271 1
5499586 1
5502904 1
5506222 1
5509541 1
5512860 1
5516181 1
5519504 1
5522826 1
5526151 1
5529476 1
5532801 1
5536128 1
5539456 1
5542785 1
5546116 1
5549447 1
5552779 1
5556112 1
5559446 1
5562780 1
5566116 1
5569454 1
5572791 1
5576131 1
5579470 1
5582812 1
5586153 1
5589497 1
5592841 1
5596185 1
5599532 1
5602878 1
5606227 1
5609576 1
5612925 1
5616276 1
5619628 1
5622981 1
5626336 1
5629691 1
5633046 1
5636403 1
5639762 1
5643120 1
5646480 1
5649841 1
5653204 1
5656567 1
5659931 1
5663295 1
5666661 1
5670029 1
5673396 1
5676765 1
5680136 1
5683507 1
5686878 1
5690252 1
5693626 1
5697000 1
5700376 1
5703753 1
5707132 1
5710510 1
5713891 1
5717272 1
5720654 1
5724037 1
5727421 1
5730805 1
5734192 1
5737578 1
5740966 1
5744355 1
5747745 1
5751136 1
5754528 1
5757921 1
5761316 1
5764710 1
5768107 1
5771504 1
5774901 1
5778300 1
5781701 1
5785102 1
5788503 1
5791907 1
5795311 1
5798715 1
5802122 1
5805529 1
5808936 1
5812346 1
5815756 1
5819167 1
5822578 1
5825992 1
5829406 1
5832821 1
5836237 1
5839654 1
5843072 1
5846490 1
5849911 1
5853332 1
5856754 1
5860176 1
5863601 1
5867025 1
5870451 1
5873878 1
5877307 1
5880736 1
5884165 1
5887597 1
5891029 1
5894462 1
5897896 1
5901331 1
5904766 1
5908203 1
5911641 1
5915081 1
5918521 1
5921961 1
5925403 1
5928847 1
5932291 1
5935735 1
5939182 1
5942629 1
5946077 1
5949526 1
5952975 1
5956426 1
5959878 1
5963332 1
5966785 1
5970241 1
5973697 1
5977154 1
5980612 1
5984070 1
5987531 1
5990991 1
5994454 1
5997916 1
6001381 1
6004845 1
6008311 1
6011778 1
6015246 1
6018715 1
6022186 1
6025656 1
6029129 1
6032602 1
6036076 1
6039551 1
6043027 1
6046503 1
6049981 1
6053460 1
6056940 1
6060421 1
6063904 1
6067386 1
6070871 1
6074355 1
6077842 1
6081329 1
6084817 1
6088306 1
6091795 1
6095286 1
6098778 1
6102272 1
6105766 1
6109261 1
6112757 1
6116254 1
6119752 1
6123250 1
6126750 1
6130251 1
6133753 1
6137257 1
6140760 1
6144265 1
6147772 1
6151278 1
6154786 1
6158295 1
6161806 1
6165316 1
6168828 1
6172342 1
6175855 1
6179370 1
6182886 1
6186404 1
6189922 1
6193440 1
6196960 1
6200482 1
6204004 1
6207526 1
6211050 1
6214576 1
6218102 1
6221628 1
6225156 1
6228686 1
6232215 1
6235747 1
6239278 1
6242812 1
6246346 1
6249881 1
6253416 1
6256954 1
6260492 1
6264031 1
6267571 1
6271112 1
6274653 1
6278196 1
6281740 1
6285286 1
6288832 1
6292378 1
6295926 1
6299476 1
6303026 1
6306577 1
6310129 1
6313681 1
6317236 1
6320791 1
6324346 1
6327904 1
6331461 1
6335021 1
6338581 1
6342142 1
6345704 1
6349266 1
6352830 1
6356395 1
6359961 1
6363529 1
6367097 1
6370665 1
6374236 1
6377806 1
6381379 1
6384951 1
6388525 1
6392100 1
6395677 1
6399253 1
6402831 1
6406411 1
6409990 1
6413572 1
6417153 1
6420736 1
6424321 1
6427906 1
6431491 1
6435079 1
6438667 1
6442256 1
6445846 1
6449437 1
6453029 1
6456621 1
6460215 1
6463811 1
6467407 1
6471003 1
6474602 1
6478200 1
6481801 1
6485401 1
6489003 1
6492607 1
6496210 1
6499816 1
6503421 1
6507028 1
6510636 1
6514245 1
6517855 1
6521466 1
6525078 1
6528692 1
6532305 1
6535920 1
6539536 1
6543153 1
6546771 1
6550390 1
6554011 1
6557632 1
6561254 1
6564877 1
6568501 1
6572125 1
6575752 1
6579379 1
6583007 1
6586635 1
6590265 1
6593896 1
6597528 1
6601161 1
6604795 1
6608430 1
6612066 1
6615703 1
6619342 1
6622980 1
6626620 1
6630261 1
6633904 1
6637546 1
6641190 1
6644835 1
6648481 1
6652129 1
6655776 1
6659426 1
6663076 1
6666727 1
6670379 1
6674032 1
6677685 1
6681340 1
6684996 1
6688654 1
6692311 1
6695970 1
6699631 1
6703292 1
6706954 1
6710617 1
6714281 1
6717946 1
6721612 1
6725278 1
6728946 1
6732616 1
6736285 1
6739956 1
6743629 1
6747302 1
6750975 1
6754650 1
6758326 1
6762004 1
6765682 1
6769360 1
6773041 1
6776722 1
6780403 1
6784087 1
6787770 1
6791456 1
6795142 1
6798829 1
6802517 1
6806205 1
6809895 1
6813587 1
6817279 1
6820972 1
6824665 1
6828360 1
6832057 1
6835753 1
6839451 1
6843151 1
6846851 1
6850552 1
6854254 1
6857956 1
6861661 1
6865365 1
6869072 1
6872778 1
6876486 1
6880195 1
6883905 1
6887617 1
6891328 1
6895042 1
6898756 1
6902471 1
6906187 1
6909903 1
6913622 1
6917340 1
6921061 1
6924782 1
6928503 1
6932226 1
6935951 1
6939676 1
6943401 1
6947129 1
6950856 1
6954585 1
6958316 1
6962046 1
6965779 1
6969511 1
6973245 1
6976980 1
6980716 1
6984454 1
6988191 1
6991931 1
6995670 1
6999412 1
7003154 1
7006897 1
7010640 1
7014386 1
7018132 1
7021879 1
7025626 1
7029375 1
7033125 1
7036876 1
7040628 1
7044382 1
7048136 1
7051890 1
7055646 1
7059404 1
7063162 1
7066920 1
7070680 1
7074441 1
7078203 1
7081967 1
7085730 1
7089495 1
7093262 1
7097029 1
7100796 1
7104566 1
7108336 1
7112107 1
7115879 1
7119651 1
7123425 1
7127201 1
7130976 1
7134754 1
7138532 1
7142310 1
7146090 1
7149871 1
7153654 1
7157437 1
7161221 1
7165006 1
7168791 1
7172579 1
7176367 1
7180156 1
7183946 1
7187736 1
7191528 1
7195321 1
7199115 1
7202911 1
7206706 1
7210504 1
7214301 1
7218100 1
7221900 1
7225702 1
7229503 1
7233307 1
7237111 1
7240916 1
7244721 1
7248529 1
7252337 1
7256145 1
7259955 1
7263766 1
7267579 1
7271392 1
7275205 1
7279020 1
7282836 1
7286654 1
7290471 1
7294290 1
7298110 1
7301932 1
7305753 1
7309576 1
7313400 1
7317226 1
7321051 1
7324878 1
7328707 1
7332535 1
7336366 1
7340196 1
7344028 1
7347862 1
7351695 1
7355531 1
7359366 1
7363204 1
7367041 1
7370880 1
7374721 1
7378562 1
7382403 1
7386247 1
7390090 1
7393935 1
7397782 1
7401628 1
7405476 1
7409325 1
7413175 1
7417027 1
7420879 1
7424732 1
7428586 1
7432441 1
7436296 1
7440154 1
7444012 1
7447871 1
7451731 1
7455591 1
7459453 1
7463316 1
7467181 1
7471046 1
7474911 1
7478779 1
7482646 1
7486515 1
7490386 1
7494257 1
7498128 1
7502002 1
7505875 1
7509750 1
7513627 1
7517504 1
7521381 1
7525260 1
7529141 1
7533022 1
7536903 1
7540786 1
7544671 1
7548556 1
7552442 1
7556328 1
7560216 1
7564106 1
7567996 1
7571887 1
7575778 1
7579671 1
7583565 1
7587460 1
7591356 1
7595254 1
7599151 1
7603051 1
7606951 1
7610852 1
7614753 1
7618657 1
7622561 1
7626466 1
7630371 1
7634278 1
7638187 1
7642096 1
7646006 1
7649916 1
7653828 1
7657742 1
7661656 1
7665571 1
7669487 1
7673403 1
7677322 1
7681241 1
7685161 1
7689082 1
7693004 1
7696927 1
7700851 1
7704776 1
7708701 1
7712628 1
7716557 1
7720486 1
7724416 1
7728346 1
7732278 1
7736212 1
7740146 1
7744080 1
7748017 1
7751954 1
7755892 1
7759831 1
7763770 1
7767711 1
7771654 1
7775596 1
7779541 1
7783486 1
7787431 1
7791379 1
7795326 1
7799276 1
7803225 1
7807176 1
7811128 1
7815081 1
7819036 1
7822991 1
7826946 1
7830904 1
7834862 1
7838820 1
7842780 1
7846741 1
7850704 1
7854666 1
7858630 1
7862596 1
7866561 1
7870529 1
7874497 1
7878466 1
7882436 1
7886407 1
7890379 1
7894351 1
7898326 1
7902301 1
7906277 1
7910253 1
7914231 1
7918211 1
7922190 1
7926171 1
7930153 1
7934137 1
7938120 1
7942106 1
7946092 1
7950078 1
7954066 1
7958056 1
7962046 1
7966036 1
7970028 1
7974022 1
7978016 1
7982010 1
7986007 1
7990003 1
7994002 1
7998000 1
8002001 1
8006001 1
8010004 1
8014007 1
8018010 1
8022015 1
8026021 1
8030028 1
8034037 1
8038046 1
8042056 1
8046067 1
8050078 1
8054091 1
8058106 1
8062121 1
8066136 1
8070154 1
8074172 1
8078191 1
8082210 1
8086232 1
8090254 1
8094277 1
8098301 1
8102325 1
8106351 1
8110379 1
8114407 1
8118436 1
8122465 1
8126497 1
8130529 1
8134561 1
8138596 1
8142631 1
8146667 1
8150704 1
8154742 1
8158780 1
8162820 1
8166861 1
8170904 1
8174947 1
8178991 1
8183035 1
8187082 1
8191129 1
8195176 1
8199225 1
8203276 1
8207327 1
8211378 1
8215431 1
8219485 1
8223541 1
8227596 1
8231653 1
8235711 1
8239770 1
8243831 1
8247892 1
8251953 1
8256016 1
8260081 1
8264145 1
8268212 1
8272279 1
8276347 1
8280415 1
8284485 1
8288557 1
8292629 1
8296701 1
8300776 1
8304851 1
8308927 1
8313004 1
8317082 1
8321161 1
8325240 1
8329321 1
8333403 1
8337487 1
8341570 1
8345655 1
8349741 1
8353828 1
8357917 1
8362005 1
8366096 1
8370186 1
8374278 1
8378372 1
8382465 1
8386560 1
8390657 1
8394754 1
8398852 1
8402951 1
8407051 1
8411152 1
8415254 1
8419357 1
8423460 1
8427566 1
8431671 1
8435778 1
8439886 1
8443995 1
8448105 1
8452216 1
8456329 1
8460441 1
8464556 1
8468671 1
8472786 1
8476904 1
8481022 1
8485140 1
8489261 1
8493382 1
8497504 1
8501627 1
8505751 1
8509876 1
8514002 1
8518128 1
8522257 1
8526386 1
8530516 1
8534646 1
8538778 1
8542912 1
8547046 1
8551181 1
8555317 1
8559453 1
8563591 1
8567731 1
8571871 1
8576011 1
8580154 1
8584296 1
8588441 1
8592586 1
8596732 1
8600878 1
8605026 1
8609175 1
8613326 1
8617476 1
8621628 1
8625781 1
8629936 1
8634090 1
8638246 1
8642403 1
8646562 1
8650720 1
8654880 1
8659042 1
8663203 1
8667366 1
8671530 1
8675695 1
8679861 1
8684029 1
8688196 1
8692365 1
8696535 1
8700706 1
8704878 1
8709051 1
8713226 1
8717401 1
8721576 1
8725754 1
8729932 1
8734111 1
8738290 1
8742472 1
8746653 1
8750836 1
8755021 1
8759205 1
8763392 1
8767578 1
8771766 1
8775956 1
8780146 1
8784336 1
8788529 1
8792722 1
8796915 1
8801110 1
8805307 1
8809503 1
8813702 1
8817901 1
8822101 1
8826302 1
8830503 1
8834707 1
8838910 1
8843115 1
8847322 1
8851529 1
8855736 1
8859946 1
8864156 1
8868367 1
8872579 1
8876792 1
8881006 1
8885220 1
8889437 1
8893653 1
8897872 1
8902090 1
8906310 1
8910531 1
8914754 1
8918976 1
8923201 1
8927425 1
8931652 1
8935879 1
8940106 1
8944336 1
8948565 1
8952796 1
8957029 1
8961261 1
8965496 1
8969730 1
8973967 1
8978203 1
8982442 1
8986680 1
8990921 1
8995161 1
8999404 1
9003646 1
9007890 1
9012135 1
9016381 1
9020629 1
9024876 1
9029126 1
9033375 1
9037627 1
9041879 1
9046131 1
9050386 1
9054641 1
9058896 1
9063153 1
9067411 1
9071670 1
9075931 1
9080192 1
9084454 1
9088717 1
9092980 1
9097246 1
9101511 1
9105778 1
9110046 1
9114316 1
9118585 1
9122857 1
9127128 1
9131401 1
9135676 1
9139950 1
9144227 1
9148504 1
9152782 1
9157061 1
9161340 1
9165621 1
9169904 1
9174187 1
9178470 1
9182756 1
9187042 1
9191328 1
9195616 1
9199905 1
9204196 1
9208487 1
9212778 1
9217072 1
9221366 1
9225660 1
9229956 1
9234254 1
9238551 1
9242850 1
9247150 1
9251452 1
9255753 1
9260056 1
9264361 1
9268665 1
9272971 1
9277279 1
9281587 1
9285896 1
9290205 1
9294516 1
9298828 1
9303141 1
9307455 1
9311771 1
9316087 1
9320403 1
9324722 1
9329040 1
9333361 1
9337681 1
9342003 1
9346327 1
9350651 1
9354975 1
9359301 1
9363629 1
9367956 1
9372285 1
9376615 1
9380946 1
9385278 1
9389612 1
9393945 1
9398281 1
9402616 1
9406953 1
9411292 1
9415631 1
9419971 1
9424312 1
9428654 1
9432997 1
9437341 1
9441686 1
9446031 1
9450379 1
9454727 1
9459075 1
9463426 1
9467776 1
9472128 1
9476481 1
9480836 1
9485191 1
9489547 1
9493904 1
9498261 1
9502620 1
9506980 1
9511342 1
9515704 1
9520067 1
9524431 1
9528795 1
9533161 1
9537528 1
9541896 1
9546265 1
9550636 1
9555006 1
9559378 1
9563752 1
9568125 1
9572500 1
9576877 1
9581254 1
9585632 1
9590011 1
9594390 1
9598772 1
9603154 1
9607536 1
9611921 1
9616306 1
9620691 1
9625078 1
9629466 1
9633855 1
9638246 1
9642637 1
9647029 1
9651422 1
9655815 1
9660210 1
9664606 1
9669003 1
9673401 1
9677801 1
9682201 1
9686602 1
9691003 1
9695406 1
9699810 1
9704215 1
9708622 1
9713029 1
9717436 1
9721846 1
9726256 1
9730666 1
9735078 1
9739491 1
9743905 1
9748321 1
9752736 1
9757153 1
9761572 1
9765991 1
9770411 1
9774831 1
9779254 1
9783676 1
9788100 1
9792526 1
9796952 1
9801379 1
9805806 1
9810235 1
9814666 1
9819097 1
9823528 1
9827962 1
9832396 1
9836831 1
9841266 1
9845703 1
9850141 1
9854580 1
9859021 1
9863462 1
9867904 1
9872347 1
9876790 1
9881236 1
9885681 1
9890128 1
9894577 1
9899026 1
9903475 1
9907927 1
9912378 1
9916831 1
9921286 1
9925741 1
9930197 1
9934654 1
9939112 1
9943570 1
9948031 1
9952491 1
9956954 1
9961416 1
9965880 1
9970345 1
9974811 1
9979278 1
9983746 1
9988215 1
9992686 1
9997156 1
10001629 1
10006101 1
10010576 1
10015051 1
10019526 1
10024004 1
10028481 1
10032961 1
10037441 1
10041921 1
10046403 1
10050887 1
10055370 1
10059856 1
10064341 1
10068828 1
10073316 1
10077806 1
10082296 1
10086787 1
10091279 1
10095772 1
10100265 1
10104760 1
10109256 1
10113754 1
10118252 1
10122750 1
10127250 1
10131752 1
10136253 1
10140756 1
10145260 1
10149766 1
10154271 1
10158779 1
10163286 1
10167796 1
10172305 1
10176817 1
10181328 1
10185841 1
10190355 1
10194870 1
10199387 1
10203903 1
10208422 1
10212940 1
10217461 1
10221981 1
10226503 1
10231026 1
10235550 1
10240076 1
10244602 1
10249128 1
10253656 1
10258185 1
10262715 1
10267247 1
10271778 1
10276311 1
10280845 1
10285381 1
10289917 1
10294454 1
10298991 1
10303531 1
10308071 1
10312611 1
10317154 1
10321696 1
10326240 1
10330786 1
10335331 1
10339879 1
10344427 1
10348976 1
10353525 1
10358076 1
10362629 1
10367182 1
10371736 1
10376291 1
10380847 1
10385403 1
10389962 1
10394520 1
10399080 1
10403642 1
10408203 1
10412767 1
10417330 1
10421896 1
10426461 1
10431029 1
10435597 1
10440166 1
10444736 1
10449307 1
10453878 1
10458452 1
10463025 1
10467600 1
10472177 1
10476753 1
10481332 1
10485910 1
10490491 1
10495072 1
10499654 1
10504237 1
10508821 1
10513406 1
10517992 1
10522579 1
10527166 1
10531756 1
10536345 1
10540937 1
10545528 1
10550122 1
10554715 1
10559311 1
10563907 1
10568504 1
10573102 1
10577700 1
10582300 1
10586902 1
10591504 1
10596107 1
10600710 1
10605316 1
10609921 1
10614528 1
10619137 1
10623745 1
10628356 1
10632967 1
10637579 1
10642191 1
10646806 1
10651420 1
10656036 1
10660653 1
10665272 1
10669891 1
10674510 1
10679132 1
10683754 1
10688376 1
10693001 1
10697625 1
10702251 1
10706879 1
10711506 1
10716136 1
10720766 1
10725396 1
10730029 1
10734661 1
10739296 1
10743931 1
10748567 1
10753203 1
10757842 1
10762480 1
10767120 1
10771762 1
10776403 1
10781046 1
10785690 1
10790335 1
10794982 1
10799628 1
10804276 1
10808926 1
10813575 1
10818226 1
10822878 1
10827531 1
10832185 1
10836840 1
10841496 1
10846154 1
10850812 1
10855471 1
10860130 1
10864791 1
10869454 1
10874117 1
10878780 1
10883445 1
10888112 1
10892778 1
10897447 1
10902116 1
10906785 1
10911456 1
10916128 1
10920801 1
10925475 1
10930151 1
10934827 1
10939504 1
10944182 1
10948861 1
10953541 1
10958222 1
10962903 1
10967587 1
10972271 1
10976956 1
10981642 1
10986328 1
10991017 1
10995706 1
11000395 1
11005086 1
11009779 1
11014471 1
11019166 1
11023860 1
11028557 1
11033253 1
11037952 1
11042651 1
11047351 1
11052051 1
11056753 1
11061456 1
11066161 1
11070866 1
11075571 1
11080279 1
11084987 1
11089696 1
11094405 1
11099116 1
11103829 1
11108542 1
11113255 1
11117971 1
11122687 1
11127404 1
11132121 1
11136840 1
11141561 1
11146282 1
11151004 1
11155727 1
11160450 1
11165176 1
11169902 1
11174629 1
11179356 1
11184086 1
11188816 1
11193547 1
11198278 1
11203011 1
11207745 1
11212480 1
11217216 1
11221953 1
11226692 1
11231431 1
11236170 1
11240911 1
11245653 1
11250396 1
11255140 1
11259886 1
11264631 1
11269378 1
11274126 1
11278875 1
11283626 1
11288377 1
11293129 1
11297882 1
11302635 1
11307390 1
11312146 1
11316904 1
11321661 1
11326420 1
11331180 1
11335941 1
11340703 1
11345467 1
11350231 1
11354995 1
11359762 1
11364528 1
11369297 1
11374065 1
11378835 1
11383607 1
11388379 1
11393152 1
11397925 1
11402700 1
11407476 1
11412253 1
11417032 1
11421811 1
11426590 1
11431372 1
11436153 1
11440937 1
11445720 1
11450506 1
11455292 1
11460079 1
11464866 1
11469656 1
11474445 1
11479236 1
11484029 1
11488821 1
11493616 1
11498411 1
11503206 1
11508003 1
11512802 1
11517601 1
11522401 1
11527201 1
11532003 1
11536806 1
11541611 1
11546415 1
11551222 1
11556028 1
11560837 1
11565646 1
11570455 1
11575267 1
11580078 1
11584892 1
11589705 1
11594520 1
11599336 1
11604153 1
11608971 1
11613790 1
11618610 1
11623431 1
11628254 1
11633077 1
11637900 1
11642725 1
11647552 1
11652378 1
11657207 1
11662036 1
11666866 1
11671697 1
11676528 1
11681361 1
11686195 1
11691031 1
11695866 1
11700704 1
11705542 1
11710381 1
11715220 1
11720061 1
11724904 1
11729747 1
11734591 1
11739436 1
11744282 1
11749129 1
11753976 1
11758825 1
11763675 1
11768526 1
11773379 1
11778231 1
11783085 1
11787940 1
11792796 1
11797653 1
11802512 1
11807370 1
11812231 1
11817092 1
11821953 1
11826817 1
11831681 1
11836546 1
11841411 1
11846278 1
11851146 1
11856016 1
11860885 1
11865756 1
11870628 1
11875501 1
11880375 1
11885250 1
11890126 1
11895004 1
11899882 1
11904760 1
11909640 1
11914522 1
11919404 1
11924287 1
11929171 1
11934055 1
11938942 1
11943829 1
11948717 1
11953606 1
11958495 1
11963386 1
11968278 1
11973172 1
11978066 1
11982960 1
11987856 1
11992754 1
11997652 1
12002550 1
12007451 1
12012352 1
12017254 1
12022157 1
12027060 1
12031966 1
12036871 1
12041778 1
12046686 1
12051596 1
12056505 1
12061417 1
12066328 1
12071241 1
12076156 1
12081070 1
12085986 1
12090903 1
12095821 1
12100740 1
12105661 1
12110581 1
12115504 1
12120427 1
12125350 1
12130276 1
12135201 1
12140129 1
12145056 1
12149985 1
12154916 1
12159847 1
12164778 1
12169712 1
12174645 1
12179581 1
12184517 1
12189453 1
12194392 1
12199331 1
12204271 1
12209211 1
12214154 1
12219096 1
12224041 1
12228985 1
12233932 1
12238878 1
12243827 1
12248775 1
12253726 1
12258676 1
12263628 1
12268581 1
12273536 1
12278491 1
12283447 1
12288404 1
12293361 1
12298320 1
12303281 1
12308242 1
12313203 1
12318166 1
12323130 1
12328096 1
12333062 1
12338028 1
12342997 1
12347966 1
12352935 1
12357907 1
12362878 1
12367851 1
12372825 1
12377801 1
12382777 1
12387754 1
12392732 1
12397710 1
12402691 1
12407672 1
12412654 1
12417636 1
12422621 1
12427605 1
12432591 1
12437578 1
12442567 1
12447556 1
12452546 1
12457536 1
12462529 1
12467522 1
12472515 1
12477511 1
12482507 1
12487503 1
12492502 1
12497501 1
12502501 1
