1 5000
5000
1 1
5 1
8 1
20 1
31 1
21 1
30 1
36 1
47 1
111 1
134 1
156 1
91 1
212 1
240 1
138 1
153 1
173 1
190 1
210 1
233 1
508 1
278 1
302 1
325 1
352 1
379 1
406 1
870 1
465 1
497 1
529 1
562 1
1190 1
1261 1
667 1
705 1
1484 1
781 1
1642 1
1724 1
905 1
948 1
1981 1
1035 1
1082 1
2258 1
1176 1
1225 1
2551 1
2654 1
1379 1
2863 1
1486 1
3081 1
3192 1
3308 1
1711 1
3541 1
1832 1
1893 1
1953 1
4033 1
4162 1
2147 1
4423 1
4557 1
2346 1
4832 1
2485 1
2557 1
5257 1
5404 1
2777 1
5700 1
5854 1
6006 1
6164 1
6321 1
3240 1
6643 1
3405 1
3486 1
7142 1
7311 1
7482 1
3828 1
3917 1
4005 1
4096 1
4186 1
4278 1
8742 1
4466 1
9122 1
4658 1
4754 1
4853 1
4952 1
10100 1
5153 1
10508 1
10712 1
5462 1
11132 1
5673 1
11558 1
11774 1
11992 1
12210 1
12434 1
12657 1
12883 1
6555 1
13341 1
13574 1
13808 1
14044 1
7142 1
14520 1
14764 1
15006 1
15253 1
7750 1
15750 1
16004 1
16257 1
8258 1
8387 1
8516 1
8647 1
17557 1
8912 1
18091 1
9180 1
9316 1
9455 1
19183 1
19460 1
19740 1
10012 1
10153 1
20592 1
10440 1
21170 1
21462 1
10880 1
11028 1
22351 1
22650 1
22952 1
23256 1
11782 1
11936 1
24182 1
12246 1
12405 1
25124 1
25440 1
12882 1
13041 1
26408 1
26734 1
27061 1
27390 1
27723 1
28057 1
14198 1
14365 1
29071 1
29412 1
29758 1
15051 1
15227 1
15400 1
15578 1
15754 1
31862 1
32221 1
16290 1
32944 1
33307 1
33673 1
17022 1
34410 1
17391 1
17578 1
17767 1
17955 1
36291 1
18336 1
18530 1
18722 1
37832 1
19110 1
38612 1
19505 1
39402 1
19900 1
20102 1
40602 1
41008 1
20708 1
20911 1
42231 1
21322 1
43057 1
43474 1
43892 1
44311 1
22367 1
22580 1
22793 1
46012 1
46441 1
23436 1
23653 1
47742 1
48180 1
48622 1
24533 1
49506 1
49952 1
25200 1
25426 1
51303 1
25880 1
52213 1
52672 1
53130 1
26798 1
54058 1
27262 1
27496 1
55462 1
27968 1
28204 1
28442 1
28681 1
28921 1
29163 1
29403 1
29647 1
29890 1
30136 1
30383 1
61257 1
61753 1
31127 1
31377 1
63252 1
63757 1
64264 1
32385 1
32640 1
65793 1
66306 1
33411 1
67340 1
33930 1
34192 1
34453 1
34718 1
34980 1
70491 1
71023 1
35779 1
36047 1
36317 1
36585 1
73713 1
37128 1
74803 1
37677 1
75901 1
76453 1
77008 1
77562 1
39061 1
78680 1
39622 1
79807 1
80373 1
80941 1
81512 1
41042 1
41330 1
41617 1
41906 1
42196 1
42488 1
85558 1
86144 1
43366 1
43662 1
43958 1
88508 1
89104 1
44850 1
90301 1
45453 1
45755 1
46057 1
46360 1
46665 1
46973 1
47280 1
95173 1
95790 1
48205 1
97032 1
97657 1
98283 1
49457 1
49772 1
50088 1
100806 1
50722 1
102080 1
51360 1
103364 1
104006 1
104654 1
105302 1
105951 1
106603 1
53629 1
53956 1
54287 1
109232 1
109893 1
110558 1
111222 1
55945 1
112561 1
56617 1
56953 1
57291 1
57631 1
57970 1
116624 1
58654 1
58997 1
59341 1
119370 1
120064 1
120757 1
121453 1
122151 1
122851 1
61776 1
62128 1
124964 1
125670 1
126382 1
127093 1
63905 1
64262 1
129241 1
129962 1
130684 1
131407 1
132133 1
132862 1
133590 1
134322 1
67530 1
67898 1
136530 1
68636 1
69008 1
69380 1
139502 1
70127 1
141002 1
70877 1
71254 1
71631 1
144022 1
72390 1
72771 1
73155 1
73536 1
147842 1
74306 1
74691 1
150157 1
75466 1
151710 1
152491 1
153273 1
77030 1
77423 1
77816 1
78211 1
78606 1
79003 1
79401 1
79801 1
160401 1
80601 1
81003 1
81406 1
163620 1
82217 1
165242 1
166058 1
166872 1
167690 1
168510 1
84667 1
170156 1
170982 1
171810 1
172641 1
173472 1
174307 1
87573 1
175980 1
88411 1
88831 1
89254 1
179352 1
180201 1
181051 1
90953 1
182758 1
183613 1
92235 1
92667 1
93096 1
187058 1
187924 1
188790 1
94831 1
190534 1
95704 1
96141 1
96581 1
97021 1
194922 1
195808 1
98347 1
197580 1
99237 1
199364 1
100128 1
100576 1
202051 1
101477 1
203854 1
204757 1
102831 1
103286 1
103742 1
208392 1
104655 1
210223 1
105571 1
212062 1
212983 1
213907 1
214833 1
215760 1
216692 1
217624 1
218557 1
109748 1
110215 1
221372 1
222312 1
111628 1
112103 1
112577 1
226102 1
227052 1
228006 1
114483 1
114962 1
230880 1
115921 1
232808 1
116886 1
117371 1
235710 1
236683 1
237658 1
238632 1
239611 1
120296 1
241572 1
121279 1
121771 1
122267 1
122760 1
246512 1
123755 1
248504 1
124752 1
250500 1
125752 1
126253 1
126758 1
254522 1
127767 1
128273 1
128779 1
129286 1
129795 1
260610 1
130816 1
131329 1
131843 1
132355 1
265740 1
133386 1
267808 1
134421 1
134941 1
270922 1
135983 1
136503 1
137028 1
275100 1
138076 1
277203 1
139129 1
279312 1
140187 1
281432 1
141248 1
283556 1
284623 1
142847 1
286760 1
287833 1
144454 1
289983 1
291060 1
292142 1
146611 1
147154 1
147698 1
296481 1
148785 1
149331 1
299756 1
300854 1
301952 1
303050 1
152078 1
152629 1
153181 1
153735 1
308582 1
154846 1
310807 1
311924 1
313040 1
157082 1
315283 1
316406 1
158768 1
159332 1
319792 1
320923 1
161029 1
161598 1
162165 1
162736 1
163308 1
163880 1
328902 1
330052 1
165600 1
332354 1
166754 1
167332 1
335822 1
168490 1
169071 1
169653 1
340472 1
341640 1
171405 1
343982 1
345157 1
173168 1
347512 1
174347 1
174937 1
175528 1
176122 1
176716 1
354620 1
355814 1
357008 1
179101 1
359401 1
360602 1
180903 1
363006 1
182106 1
182712 1
183316 1
367844 1
184529 1
185137 1
371490 1
186356 1
373933 1
375156 1
188191 1
377610 1
189422 1
190036 1
381306 1
191273 1
383781 1
385022 1
193131 1
193754 1
388752 1
390002 1
391252 1
196251 1
393756 1
197506 1
198135 1
397531 1
199397 1
200030 1
401322 1
402592 1
201932 1
202567 1
406407 1
203841 1
408962 1
205121 1
411522 1
206403 1
414092 1
207692 1
208335 1
208981 1
419256 1
210276 1
210925 1
423151 1
212227 1
212880 1
213531 1
428371 1
429682 1
430994 1
432306 1
433622 1
434942 1
436261 1
218792 1
219455 1
220117 1
441562 1
442890 1
444223 1
445556 1
446893 1
448232 1
449570 1
450912 1
452258 1
453602 1
454950 1
456301 1
457653 1
459006 1
460363 1
230861 1
463080 1
232222 1
465807 1
233588 1
468541 1
469911 1
471284 1
472656 1
474032 1
475412 1
238396 1
478173 1
479558 1
240473 1
241165 1
241861 1
485113 1
486507 1
487903 1
489300 1
490701 1
246051 1
493506 1
247457 1
496322 1
248866 1
249573 1
250279 1
501974 1
503390 1
252406 1
506234 1
507657 1
254543 1
255256 1
511940 1
513374 1
514806 1
516244 1
258842 1
259562 1
520564 1
522006 1
523453 1
262450 1
526350 1
263903 1
264630 1
530714 1
532171 1
266816 1
267547 1
536558 1
538024 1
269747 1
540961 1
542434 1
271953 1
545384 1
273431 1
274172 1
274913 1
275654 1
552794 1
554280 1
555772 1
557263 1
558756 1
280126 1
280875 1
563251 1
564752 1
566258 1
567762 1
569272 1
570781 1
286147 1
573806 1
575322 1
576840 1
578362 1
289941 1
290703 1
291467 1
584460 1
292996 1
293761 1
294529 1
590592 1
296065 1
296836 1
297608 1
596756 1
299151 1
599850 1
300700 1
301477 1
302253 1
303033 1
607622 1
609181 1
305372 1
306153 1
306936 1
307722 1
308507 1
618582 1
310080 1
310867 1
623311 1
312446 1
626473 1
628056 1
314822 1
631231 1
316410 1
634414 1
318003 1
318802 1
319601 1
640800 1
642403 1
644007 1
645614 1
647220 1
324415 1
325223 1
326028 1
326838 1
655292 1
656911 1
658534 1
330080 1
661782 1
663410 1
332521 1
333336 1
334155 1
334972 1
671580 1
336610 1
337433 1
676506 1
678153 1
339902 1
340725 1
683103 1
342379 1
343207 1
344036 1
689730 1
691392 1
346530 1
694724 1
348196 1
698061 1
349866 1
701408 1
351542 1
704760 1
353221 1
354063 1
709808 1
711492 1
713181 1
714870 1
716564 1
359129 1
719954 1
360827 1
361677 1
725054 1
726758 1
364233 1
365085 1
731880 1
366796 1
735307 1
737024 1
738741 1
740461 1
371092 1
371955 1
745632 1
747361 1
374545 1
375412 1
752557 1
754292 1
378016 1
757770 1
379757 1
761258 1
381502 1
382377 1
383251 1
384127 1
770006 1
385883 1
386760 1
387641 1
777042 1
778806 1
780574 1
782340 1
784110 1
785884 1
787656 1
394717 1
395606 1
792990 1
397388 1
398278 1
798343 1
400067 1
400960 1
401857 1
805507 1
403653 1
809100 1
405450 1
812704 1
814506 1
816312 1
818122 1
819931 1
410872 1
411780 1
825374 1
827191 1
414505 1
415417 1
832656 1
417243 1
418155 1
838140 1
839973 1
420904 1
843644 1
422742 1
423660 1
424581 1
425503 1
426427 1
427351 1
856551 1
429201 1
860256 1
431058 1
863972 1
432917 1
867693 1
434778 1
435711 1
436645 1
437580 1
877033 1
878906 1
880782 1
882661 1
884541 1
886424 1
444155 1
890193 1
446040 1
446987 1
895864 1
897756 1
899652 1
901550 1
451726 1
905352 1
907256 1
909164 1
911070 1
912981 1
914893 1
458403 1
459361 1
920642 1
922561 1
924484 1
926406 1
928333 1
930260 1
932191 1
934123 1
468029 1
937993 1
939931 1
941872 1
471907 1
472879 1
473851 1
474827 1
951600 1
476776 1
955506 1
957464 1
959422 1
961380 1
481671 1
965306 1
967273 1
969241 1
971212 1
486591 1
975158 1
488566 1
489557 1
490547 1
983073 1
492528 1
987042 1
494515 1
495511 1
496508 1
497504 1
997003 1
999000 1
1001001 1
1003002 1
1005007 1
1007013 1
1009020 1
1011031 1
1013044 1
1015057 1
1017072 1
1019092 1
1021112 1
1023132 1
1025156 1
1027182 1
1029210 1
515620 1
1033274 1
517654 1
1037343 1
1039382 1
1041422 1
521732 1
522753 1
1047553 1
1049600 1
525825 1
1053702 1
1055756 1
528908 1
529936 1
1061931 1
1063993 1
533028 1
534063 1
535095 1
536132 1
1074333 1
1076406 1
539242 1
540282 1
1082642 1
542362 1
543403 1
544448 1
545492 1
1093070 1
1095164 1
548629 1
1099353 1
1101451 1
1103550 1
1105652 1
1107756 1
1109864 1
1111971 1
1114080 1
558097 1
559155 1
560211 1
561271 1
562331 1
563392 1
1128908 1
565518 1
1133160 1
1135291 1
1137424 1
569779 1
570847 1
571917 1
572986 1
1148114 1
1150257 1
576203 1
1154552 1
1156701 1
579428 1
1161007 1
1163164 1
1165320 1
583741 1
584823 1
1171808 1
586988 1
1176142 1
589157 1
590242 1
1182658 1
592417 1
593505 1
1189191 1
1191374 1
596779 1
597872 1
598967 1
1200120 1
1202312 1
602254 1
603353 1
1208900 1
1211100 1
1213304 1
1215506 1
608858 1
1219922 1
1222131 1
1224343 1
1226558 1
614386 1
1230992 1
1233210 1
1235432 1
618828 1
619941 1
1242110 1
622172 1
1246574 1
1248806 1
1251043 1
626641 1
1255520 1
628882 1
630003 1
1262253 1
632250 1
1266752 1
634502 1
1271257 1
636757 1
637886 1
1278032 1
1280294 1
1282556 1
642413 1
1287091 1
1289362 1
645818 1
1293908 1
648091 1
1298461 1
1300742 1
651513 1
1305306 1
653797 1
1309880 1
1312170 1
657232 1
1316756 1
1319053 1
1321352 1
1323652 1
1325954 1
1328256 1
1330563 1
1332871 1
667590 1
668748 1
1339808 1
1342123 1
672221 1
673380 1
1349082 1
675705 1
676867 1
678030 1
1358390 1
680362 1
681528 1
1365392 1
1367731 1
685035 1
1372412 1
687380 1
1377104 1
1379450 1
1381802 1
692076 1
693253 1
1388864 1
695610 1
696792 1
1395942 1
1398308 1
700337 1
701522 1
1405411 1
703893 1
705080 1
1412532 1
1414911 1
708645 1
709837 1
711030 1
1424444 1
713417 1
1429221 1
1431614 1
717004 1
1436403 1
719401 1
720602 1
1443603 1
723004 1
724206 1
1450820 1
1453231 1
727821 1
729029 1
1460474 1
1462890 1
732657 1
1467734 1
1470157 1
1472582 1
1475010 1
738722 1
1479873 1
1482307 1
742372 1
1487180 1
744812 1
1492064 1
747255 1
1496953 1
749700 1
1501852 1
752151 1
753378 1
1509213 1
755836 1
1514130 1
758298 1
1519058 1
1521524 1
761995 1
1526460 1
764468 1
1531406 1
1533884 1
1536362 1
769422 1
770662 1
1543808 1
1546292 1
1548780 1
775636 1
1553763 1
1556257 1
779378 1
780625 1
781877 1
1566254 1
1568756 1
785633 1
786886 1
1576282 1
1578793 1
790653 1
791911 1
1586341 1
1588861 1
1591384 1
1593908 1
1596434 1
1598961 1
800747 1
1604022 1
1606558 1
1609093 1
805816 1
1614171 1
1616714 1
1619258 1
1621802 1
1624352 1
1626901 1
814726 1
816004 1
1634564 1
1637120 1
1639680 1
1642242 1
1644806 1
823688 1
1649940 1
1652511 1
827542 1
828830 1
1660232 1
831406 1
832697 1
833986 1
835280 1
1673142 1
837865 1
839161 1
1680914 1
1683508 1
1686103 1
1688700 1
845650 1
1693903 1
1696506 1
1699114 1
1701720 1
852165 1
1706942 1
1709556 1
856087 1
1714792 1
1717411 1
860018 1
861328 1
862643 1
1727911 1
1730542 1
866588 1
1735807 1
1738444 1
1741082 1
1743721 1
1746364 1
1749008 1
1751653 1
877151 1
1756950 1
1759602 1
881128 1
1764912 1
883785 1
1770232 1
1772893 1
1775557 1
889112 1
1780891 1
1783560 1
1786234 1
894453 1
1791582 1
897131 1
1796941 1
1799623 1
901153 1
1804992 1
1807680 1
905186 1
1813064 1
907879 1
1818452 1
1821152 1
911927 1
913277 1
914628 1
1831964 1
917336 1
1837382 1
920046 1
1842806 1
922761 1
924121 1
925481 1
926841 1
928203 1
929568 1
930931 1
932296 1
933663 1
935029 1
1872792 1
1875532 1
939135 1
1881012 1
941880 1
943252 1
1889251 1
946000 1
947377 1
1897507 1
950133 1
1903020 1
1905781 1
954272 1
1911307 1
957036 1
958422 1
1919611 1
961192 1
1925156 1
1927933 1
1930711 1
966746 1
1936272 1
969530 1
1941842 1
1944632 1
973711 1
1950213 1
976503 1
977901 1
979300 1
1961400 1
982103 1
1967006 1
1969812 1
986310 1
1975431 1
1978244 1
990530 1
1983873 1
993347 1
1989512 1
1992333 1
1995156 1
1997983 1
2000811 1
2003641 1
1003238 1
2009308 1
2012144 1
1007490 1
1008910 1
1010332 1
2023508 1
2026352 1
1014602 1
1016026 1
1017453 1
2037756 1
2040614 1
1021735 1
2046330 1
2049194 1
2052057 1
1027463 1
1028897 1
1030330 1
1031766 1
2066407 1
2069282 1
1036080 1
2075040 1
2077924 1
2080806 1
2083694 1
2086582 1
1044735 1
1046182 1
1047630 1
2098152 1
2101052 1
1051976 1
2106854 1
2109757 1
2112662 1
1057786 1
2118482 1
2121392 1
2124308 1
2127222 1
2130140 1
1066532 1
2135982 1
2138907 1
2141834 1
2144761 1
1073846 1
2150624 1
1076780 1
2156492 1
2159431 1
1081187 1
1082657 1
2168258 1
2171204 1
2174152 1
1088551 1
1090028 1
2183007 1
1092983 1
1094461 1
2191881 1
2194843 1
1098904 1
2200772 1
2203740 1
2206712 1
2209683 1
2212656 1
1107817 1
1109305 1
1110795 1
2224573 1
2227558 1
2230542 1
2233531 1
2236522 1
2239513 1
1121253 1
2245503 1
2248501 1
2251500 1
2254503 1
1128754 1
1130258 1
2263521 1
2266532 1
1134773 1
2272557 1
2275573 1
1139296 1
2281610 1
1142317 1
1143828 1
2290684 1
2293712 1
1148371 1
1149887 1
2302807 1
1152923 1
2308880 1
2311921 1
1157481 1
2318006 1
1160528 1
1162050 1
1163576 1
1165101 1
1166629 1
1168157 1
1169687 1
1171217 1
2345492 1
2348558 1
2351622 1
1177346 1
2357760 1
1180418 1
1181953 1
1183491 1
1185031 1
2373141 1
1188112 1
1189654 1
1191198 1
2385482 1
1194285 1
1195831 1
2394757 1
1198927 1
1200475 1
2404051 1
1203577 1
1205129 1
2413364 1
1208237 1
1209791 1
1211348 1
1212905 1
2428922 1
1216020 1
2435161 1
2438283 1
2441406 1
1222268 1
1223832 1
1225395 1
1226963 1
2457057 1
1230096 1
1231667 1
1233237 1
2469613 1
2472757 1
1237951 1
1239527 1
2482201 1
2485352 1
1244255 1
2491664 1
1247411 1
2497980 1
2501143 1
1252155 1
1253737 1
2510640 1
2513811 1
1258493 1
1260078 1
2523334 1
2526510 1
2529690 1
2532874 1
2536057 1
1269622 1
2542430 1
1272812 1
1274406 1
1276005 1
2555204 1
1279202 1
1280801 1
2564803 1
1284005 1
1285608 1
1287211 1
2577630 1
2580843 1
2584056 1
1293638 1
2590492 1
1296856 1
2596932 1
1300078 1
1301692 1
1303307 1
2609840 1
1306538 1
2616307 1
1309773 1
2622782 1
2626022 1
1314631 1
2632507 1
1317876 1
2639002 1
1321126 1
1322752 1
2648758 1
2652014 1
2655270 1
2658532 1
1330898 1
2665058 1
2668323 1
2671590 1
1337431 1
1339068 1
2681406 1
2684684 1
1343980 1
1345622 1
2694524 1
2697807 1
2701093 1
1352191 1
1353836 1
2710963 1
2714258 1
2717552 1
1360425 1
2724152 1
1363726 1
2730758 1
2734062 1
2737372 1
1370340 1
1371997 1
1373655 1
1375311 1
2753942 1
1378630 1
2760582 1
1381953 1
2767234 1
2770562 1
2773890 1
2777223 1
1390279 1
2783893 1
1393617 1
1395287 1
1396958 1
2797257 1
1400302 1
1401976 1
2807301 1
1405327 1
2814008 1
2817363 1
2820721 1
2824080 1
1413721 1
1415403 1
2834173 1
2837542 1
1420455 1
2844283 1
1423830 1
2851032 1
2854410 1
2857791 1
2861172 1
1432278 1
1433971 1
1435667 1
2874721 1
1439058 1
1440753 1
2884903 1
2888300 1
1445851 1
1447552 1
1449254 1
1450957 1
2905322 1
1454365 1
2912142 1
2915558 1
1459486 1
2922392 1
2925810 1
1464616 1
1466330 1
1468041 1
1469757 1
1471471 1
2946372 1
1474904 1
2953243 1
2956681 1
2960120 1
1481783 1
2967008 1
2970453 1
2973900 1
2977351 1
2980804 1
1492130 1
1493858 1
1495587 1
2994632 1
1499047 1
1500780 1
1502512 1
1504247 1
3011962 1
1507716 1
1509454 1
1511192 1
3025861 1
3029341 1
3032823 1
3036307 1
3039794 1
3043282 1
3046771 1
1525131 1
3053756 1
3057253 1
3060750 1
1532125 1
1533876 1
3071257 1
1537381 1
1539137 1
1540891 1
3085293 1
3088807 1
1546163 1
1547922 1
1549682 1
1551442 1
1553205 1
3109932 1
3113462 1
3116992 1
1560261 1
3124056 1
3127592 1
1565567 1
3134672 1
1569108 1
3141756 1
3145304 1
1574427 1
3152401 1
3155953 1
3159507 1
3163062 1
1583311 1
1585091 1
3173744 1
1588654 1
3180874 1
3184440 1
3188010 1
3191583 1
1597580 1
3198733 1
3202311 1
1602947 1
1604736 1
1606529 1
1608321 1
3220230 1
1611911 1
1613708 1
1615503 1
1617302 1
3238201 1
1620900 1
1622703 1
3249007 1
1626307 1
1628110 1
1629917 1
3263444 1
3267057 1
1635337 1
1637147 1
3277910 1
3281533 1
1642580 1
1644391 1
1646207 1
1648020 1
1649837 1
3303307 1
1653473 1
1655291 1
3314221 1
3317862 1
3321507 1
3325152 1
1664401 1
1666226 1
1668052 1
3339756 1
1671706 1
1673537 1
3350730 1
3354392 1
1679028 1
3361722 1
3365391 1
1684532 1
3372734 1
3376407 1
1690041 1
3383762 1
1693720 1
1695562 1
1697405 1
3398492 1
1701092 1
1702935 1
3409563 1
3413256 1
1708478 1
3420652 1
3424351 1
1714026 1
1715879 1
3435462 1
1719585 1
3442881 1
3446592 1
3450307 1
3454022 1
1728871 1
3461460 1
3465183 1
3468907 1
1736318 1
1738181 1
1740046 1
3483824 1
1743779 1
1745646 1
1747517 1
1749387 1
1751257 1
3506257 1
3510004 1
1756877 1
1758751 1
1760626 1
1762503 1
3528763 1
3532521 1
1768140 1
3540043 1
3543808 1
1773788 1
3551342 1
3555112 1
3558883 1
3562657 1
3566434 1
1785107 1
3573990 1
3577774 1
3581556 1
3585342 1
1794565 1
3592921 1
3596714 1
1800255 1
1802151 1
1804051 1
1805951 1
3615703 1
3619507 1
3623313 1
3627122 1
3630931 1
3634743 1
1819280 1
3642373 1
1823097 1
3650011 1
3653832 1
3657658 1
3661484 1
1832657 1
3669140 1
3672972 1
3676807 1
3680644 1
3684480 1
1844162 1
1846081 1
3696007 1
1849927 1
3703701 1
3707550 1
1855701 1
3715257 1
3719112 1
3722970 1
1863415 1
3730692 1
3734556 1
1869213 1
1871145 1
1873081 1
3750033 1
3753906 1
1878892 1
3761662 1
3765542 1
3769424 1
1886655 1
1888597 1
3781081 1
3784971 1
3788862 1
1896380 1
3796654 1
1900276 1
3804451 1
1904178 1
3812258 1
3816164 1
3820071 1
1911991 1
3827892 1
1915904 1
1917861 1
3839641 1
3843562 1
3847482 1
1925703 1
1927668 1
1929631 1
3863191 1
3867123 1
3871056 1
1937497 1
1939467 1
3882872 1
1943407 1
1945378 1
3894702 1
3898650 1
1951300 1
1953276 1
1955255 1
3914462 1
1959211 1
3922382 1
1963172 1
1965154 1
3934274 1
3938240 1
3942211 1
3946184 1
3950156 1
1977066 1
3958111 1
3962090 1
1983036 1
3970056 1
1987023 1
3978030 1
3982022 1
3986014 1
3990008 1
3994002 1
3998000 1
2001000 1
2003001 1
2005004 1
4014012 1
2009012 1
4022032 1
2013021 1
2015029 1
4034074 1
2019046 1
2021055 1
4046132 1
2025078 1
4054182 1
4058212 1
2031120 1
2033136 1
2035155 1
2037171 1
2039191 1
2041211 1
2043231 1
2045253 1
4094553 1
2049302 1
4102651 1
2053351 1
2055378 1
2057406 1
4118872 1
4122930 1
4126992 1
4131057 1
2067561 1
2069597 1
4143260 1
2073667 1
4151407 1
4155482 1
4159560 1
4163640 1
4167724 1
4171808 1
4175892 1
2089991 1
2092036 1
4188164 1
2096130 1
2098176 1
2100225 1
4204550 1
2104328 1
4212756 1
4216863 1
4220972 1
2112540 1
2114596 1
4233306 1
2118711 1
4241541 1
4245660 1
2124893 1
4253907 1
2129016 1
4262161 1
4266290 1
2135211 1
4274557 1
4278694 1
4282832 1
2143485 1
4291112 1
4295257 1
2149702 1
4303552 1
4307702 1
2155926 1
4316006 1
2160082 1
4324320 1
4328482 1
4332644 1
2168403 1
2170488 1
4345140 1
2174655 1
4353483 1
2178829 1
4361834 1
4366012 1
2185097 1
2187188 1
2189280 1
4382743 1
4386932 1
2195562 1
4395312 1
4399507 1
2201852 1
2203952 1
4412102 1
4416304 1
4420506 1
4424712 1
4428922 1
2216566 1
4437343 1
2220778 1
4445773 1
2224995 1
4454212 1
4458432 1
4462658 1
2233442 1
2235557 1
2237670 1
4479572 1
2241904 1
4488042 1
4492281 1
2248260 1
2250381 1
4505008 1
4509254 1
2256752 1
2258875 1
2261003 1
4526256 1
4530513 1
4534772 1
2269516 1
4543293 1
4547556 1
2275912 1
2278045 1
4560361 1
4564632 1
2284453 1
2286592 1
4577460 1
2290871 1
4586024 1
4590308 1
2297298 1
2299442 1
4603172 1
2303733 1
4611758 1
2308026 1
2310175 1
4624652 1
2314478 1
2316628 1
2318783 1
4641872 1
2323092 1
4650492 1
4654807 1
2329562 1
4663442 1
4667761 1
4672083 1
2338203 1
4680733 1
2342531 1
4689391 1
4693722 1
2349029 1
2351197 1
2353367 1
4711071 1
4715414 1
4719758 1
4724102 1
4728450 1
4732800 1
2368577 1
4741508 1
2372932 1
4750221 1
2377290 1
4758943 1
2381654 1
4767674 1
2386021 1
2388205 1
2390392 1
4785158 1
4789534 1
4793912 1
2399145 1
2401337 1
2403529 1
4811444 1
2407917 1
2410112 1
2412307 1
4829008 1
2416702 1
2418901 1
4842202 1
4846602 1
2425505 1
4855412 1
2429912 1
2432117 1
2434321 1
4873056 1
4877474 1
2440947 1
4886310 1
4890733 1
4895156 1
4899582 1
4904012 1
4908441 1
4912873 1
4917306 1
2460873 1
2463092 1
4930620 1
4935064 1
4939508 1
2471978 1
4948400 1
2476426 1
4957302 1
4961758 1
4966212 1
4970670 1
2487565 1
4979594 1
4984056 1
2494262 1
2496495 1
4997462 1
5001934 1
2503204 1
2505441 1
2507680 1
5019841 1
5024324 1
2514404 1
2516648 1
5037781 1
2521136 1
5046763 1
5051258 1
2527877 1
2530126 1
2532375 1
2534626 1
5073757 1
5078262 1
2541387 1
5087281 1
5091792 1
2548153 1
2550412 1
5105340 1
2554931 1
5114384 1
5118908 1
5123432 1
5127960 1
5132490 1
2568513 1
2570778 1
2573046 1
2575317 1
2577585 1
2579857 1
2582129 1
2584403 1
2586676 1
2588951 1
2591227 1
5187007 1
5191564 1
2598062 1
5200680 1
5205243 1
2604904 1
5214374 1
2609472 1
5223511 1
2614041 1
2616330 1
2618617 1
2620907 1
2623196 1
5250972 1
5255556 1
2630073 1
5264730 1
2634660 1
5273912 1
2639253 1
2641553 1
5287700 1
5292300 1
2648451 1
2650754 1
5306114 1
2655361 1
5315330 1
5319943 1
5324558 1
2664588 1
2666897 1
5338410 1
5343034 1
2673828 1
5352283 1
2678457 1
2680772 1
5366173 1
2685404 1
2687721 1
5380081 1
2692362 1
2694683 1
5394006 1
2699326 1
2701652 1
5407950 1
2706301 1
2708630 1
5421914 1
5426572 1
2715615 1
2717947 1
5440557 1
2722613 1
5449890 1
2727280 1
2729618 1
2731954 1
5468583 1
2736632 1
5477941 1
5482622 1
2743655 1
2745996 1
2748342 1
5501371 1
5506064 1
2755379 1
5515452 1
2760075 1
5524850 1
5529553 1
5534256 1
2769481 1
5543670 1
2774191 1
5553092 1
5557806 1
5562523 1
5567241 1
2785982 1
2788342 1
2790705 1
5586133 1
5590861 1
5595592 1
2800162 1
2802528 1
2804897 1
5614530 1
5619272 1
2812006 1
2814379 1
2816753 1
5638251 1
5643001 1
2823877 1
2826255 1
5657263 1
2831012 1
5666780 1
2835772 1
5676308 1
2840538 1
5685840 1
2845307 1
5695383 1
5700158 1
5704934 1
5709710 1
5714491 1
2859638 1
2862030 1
2864422 1
5733630 1
5738420 1
2871607 1
5748006 1
2876403 1
2878800 1
2881202 1
5767202 1
2886004 1
2888407 1
5781620 1
5786430 1
5791244 1
2898028 1
5800873 1
2902846 1
5810511 1
2907667 1
2910078 1
2912493 1
2914907 1
2917320 1
2919738 1
5844306 1
2924572 1
2926990 1
5858820 1
5863664 1
2934253 1
2936676 1
2939102 1
2941526 1
5887904 1
2946380 1
2948806 1
5902472 1
5907331 1
2956096 1
5917058 1
2960961 1
5926792 1
5931662 1
5936534 1
5941407 1
2973142 1
5951162 1
5956041 1
2980463 1
2982903 1
2985348 1
5975581 1
5980471 1
5985363 1
5990256 1
5995153 1
6000052 1
3002475 1
3004927 1
6014757 1
3009833 1
3012287 1
3014742 1
3017197 1
3019655 1
3022111 1
3024570 1
6054060 1
6058982 1
6063906 1
6068834 1
3036881 1
3039346 1
3041813 1
3044280 1
6093493 1
6098432 1
6103371 1
3054158 1
6113257 1
3059103 1
6123150 1
6128100 1
6133052 1
3069004 1
6142962 1
3073962 1
6152880 1
3078922 1
6162807 1
6167772 1
3086370 1
6177712 1
6182684 1
6187658 1
6192633 1
3098806 1
3101297 1
6207574 1
3106279 1
3108771 1
6222531 1
6227520 1
3116257 1
6237507 1
3121253 1
6247501 1
6252501 1
6257502 1
6262507 1
3133756 1
3136262 1
6277531 1
3141271 1
6287556 1
3146288 1
3148797 1
3151305 1
6307634 1
6312656 1
3158842 1
6322712 1
3163872 1
6332773 1
3168905 1
3171422 1
3173940 1
3176460 1
3178983 1
6363006 1
3184027 1
3186552 1
6378151 1
3191601 1
3194128 1
3196656 1
3199185 1
3201715 1
6408494 1
6413557 1
6418623 1
6423692 1
6428761 1
6433834 1
3219455 1
3221991 1
6449061 1
6454140 1
3229611 1
6464306 1
3234697 1
6474481 1
3239785 1
6484663 1
6489758 1
3247428 1
6499950 1
6505051 1
6510152 1
3257630 1
3260183 1
3262736 1
6530582 1
6535693 1
6540808 1
3272963 1
6551040 1
6556160 1
3280642 1
6566408 1
6571532 1
6576662 1
3290896 1
6586923 1
3296029 1
3298597 1
3301166 1
3303737 1
6612612 1
3308878 1
3311453 1
3314026 1
6633202 1
3319178 1
6643507 1
6648663 1
6653822 1
3329491 1
6664143 1
3334654 1
6674472 1
6679640 1
6684810 1
6689982 1
6695156 1
3350167 1
3352756 1
3355346 1
6715874 1
6721057 1
3363123 1
3365717 1
6736621 1
3370907 1
3373504 1
3376103 1
3378701 1
6762601 1
6767802 1
3386505 1
3389106 1
3391710 1
6788632 1
3396921 1
3399529 1
6804273 1
6809492 1
6814711 1
3409968 1
3412580 1
6830382 1
6835611 1
3420422 1
3423037 1
3425655 1
6856544 1
3430892 1
3433510 1
6872262 1
6877506 1
6882753 1
6888000 1
3446627 1
6898503 1
3451880 1
3454506 1
6914270 1
6919531 1
6924792 1
6930056 1
6935322 1
3470295 1
6945862 1
3475566 1
6956406 1
3480841 1
6966960 1
6972242 1
3488761 1
3491405 1
3494046 1
3496690 1
6998671 1
7003963 1
7009258 1
3507278 1
7019850 1
3512576 1
7030454 1
3517880 1
3520531 1
7046371 1
7051682 1
3528496 1
3531154 1
3533813 1
7072941 1
7078260 1
3541791 1
7088907 1
7094233 1
3549781 1
3552445 1
7110224 1
7115556 1
3560447 1
3563116 1
7131570 1
7136912 1
3571130 1
7147602 1
7152951 1
7158300 1
7163654 1
7169006 1
7174363 1
3589861 1
7185080 1
7190444 1
7195807 1
7201173 1
3603272 1
3605957 1
3608641 1
3611328 1
3614016 1
3616705 1
3619396 1
7244173 1
7249556 1
7254942 1
7260331 1
3632862 1
3635558 1
7276507 1
3640953 1
3643651 1
3646351 1
3649051 1
7303508 1
7308913 1
7314322 1
7319732 1
7325142 1
7330557 1
3667988 1
7341390 1
3673405 1
7352234 1
7357658 1
7363083 1
7368510 1
7373941 1
7379373 1
3692405 1
7390242 1
7395680 1
3700562 1
7406562 1
3706003 1
7417454 1
3711450 1
7428350 1
3716901 1
3719630 1
7444712 1
3725086 1
3727815 1
7461094 1
7466558 1
3736012 1
3738745 1
7482960 1
3744217 1
3746955 1
3749692 1
7504860 1
3755170 1
7515823 1
3760655 1
3763398 1
3766141 1
7537770 1
3771632 1
7548757 1
7554253 1
7559752 1
3782626 1
7570752 1
3788129 1
7581762 1
7587272 1
3796390 1
7598292 1
3801904 1
7609322 1
3807420 1
3810182 1
3812943 1
7631406 1
7636933 1
7642462 1
3823996 1
3826763 1
3829529 1
7664592 1
7670130 1
3837837 1
7681213 1
3843379 1
7692304 1
7697852 1
7703400 1
3854476 1
7714507 1
3860033 1
7725622 1
7731182 1
3868372 1
7742308 1
3873936 1
3876721 1
7759010 1
7764582 1
7770157 1
3887866 1
7781311 1
3893445 1
3896238 1
7798058 1
3901821 1
3904616 1
7814820 1
7820413 1
7826006 1
3915803 1
3918600 1
3921401 1
7848402 1
7854008 1
3929807 1
3932610 1
3935417 1
3938221 1
3941029 1
7887673 1
7893291 1
7898912 1
7904533 1
7910157 1
3957892 1
7921412 1
7927040 1
7932672 1
3969155 1
7943943 1
7949582 1
7955221 1
3980432 1
3983255 1
3986078 1
7977801 1
3991727 1
3994552 1
3997378 1
4000208 1
8006072 1
8011730 1
8017392 1
4011529 1
8028724 1
4017197 1
4020032 1
8045733 1
8051407 1
4028543 1
8062762 1
4034222 1
4037063 1
4039904 1
8085492 1
4045590 1
4048435 1
8102562 1
4054129 1
8113954 1
8119652 1
8125352 1
4065527 1
4068378 1
4071232 1
4074085 1
8153882 1
4079797 1
8165306 1
4085513 1
8176740 1
4091230 1
4094093 1
8193906 1
4099816 1
4102680 1
4105545 1
8216822 1
4111279 1
8228293 1
4117015 1
4119887 1
4122758 1
8251257 1
8257003 1
4131377 1
4134252 1
4137127 1
8280006 1
8285763 1
8291520 1
4148641 1
8303044 1
4154405 1
8314573 1
8320341 1
8326110 1
8331882 1
8337658 1
4171716 1
8349211 1
8354992 1
4180387 1
4183279 1
8372342 1
8378132 1
4191960 1
8389714 1
8395507 1
4200652 1
4203550 1
4206452 1
8418704 1
8424508 1
4215158 1
4218060 1
4220966 1
8447743 1
4226780 1
8459373 1
8465190 1
4235505 1
8476833 1
4241329 1
8488484 1
4247156 1
8500142 1
4252988 1
4255903 1
8517642 1
8523481 1
8529322 1
4267581 1
8541006 1
8546854 1
8552701 1
8558551 1
8564402 1
4285128 1
4288058 1
4290985 1
4293915 1
8593693 1
4299780 1
8605423 1
8611292 1
8617161 1
8623032 1
4314453 1
4317392 1
8640660 1
8646541 1
4326211 1
8658307 1
4332098 1
4335042 1
4337987 1
8681864 1
8687756 1
8693654 1
4349776 1
8705450 1
4355677 1
4358629 1
8723163 1
8729071 1
8734981 1
4370446 1
8746806 1
8752724 1
4379320 1
4382281 1
8770482 1
4388203 1
4391167 1
8788262 1
8794190 1
4400061 1
8806056 1
4405998 1
8817931 1
8823870 1
4414907 1
8835757 1
8841704 1
4423825 1
8853601 1
4429777 1
8865508 1
8871462 1
4438710 1
4441692 1
8889343 1
4447655 1
4450638 1
4453620 1
4456605 1
8919183 1
4462580 1
4465566 1
8937112 1
8943090 1
8949073 1
4477530 1
8961043 1
8967031 1
4486511 1
4489506 1
8985008 1
8991003 1
8997000 1
4501500 1
4504501 1
4507505 1
9021012 1
4513512 1
4516516 1
4519521 1
9045056 1
4525538 1
9057090 1
4531557 1
4534566 1
4537578 1
4540591 1
9087211 1
9093240 1
4549636 1
4552654 1
4555671 1
4558690 1
4561712 1
4564733 1
9135508 1
4570776 1
4573800 1
9153652 1
9159704 1
4582878 1
9171813 1
9177870 1
4591966 1
9189993 1
4598030 1
9202122 1
9208191 1
9214262 1
9220334 1
9226407 1
9232483 1
9238561 1
9244640 1
4625363 1
4628403 1
9262894 1
4634491 1
4637535 1
9281162 1
4643629 1
9293353 1
4649727 1
9305551 1
9311653 1
9317758 1
4661932 1
4664985 1
4668042 1
9342192 1
4674155 1
4677213 1
4680271 1
4683330 1
9372783 1
4689454 1
4692518 1
9391161 1
9397291 1
9403424 1
4704779 1
9415692 1
4710915 1
4713987 1
4717057 1
4720129 1
4723201 1
9452550 1
9458700 1
4732426 1
9471006 1
9477164 1
4741660 1
9489482 1
9495644 1
4750903 1
4753986 1
4757072 1
4760156 1
4763241 1
9532656 1
4769417 1
9545011 1
4775595 1
4778688 1
9563558 1
9569744 1
9575931 1
9582122 1
4794157 1
9594506 1
4800351 1
9606902 1
9613102 1
4809651 1
9625508 1
9631712 1
4818961 1
9644131 1
4825172 1
9656556 1
9662773 1
4834497 1
9675212 1
4840716 1
9687657 1
9693883 1
9700110 1
9706341 1
4856286 1
9718807 1
4862521 1
4865641 1
4868761 1
9743764 1
4875003 1
4878128 1
4881251 1
4884375 1
9775002 1
4890630 1
4893758 1
4896886 1
4900016 1
4903147 1
4906280 1
9818823 1
9825092 1
4915682 1
9837633 1
4921953 1
4925092 1
4928230 1
4931371 1
4934512 1
4937653 1
9881592 1
4943941 1
9894171 1
9900462 1
4953379 1
4956526 1
4959675 1
9925651 1
4965976 1
4969130 1
9944564 1
4975437 1
4978591 1
4981747 1
4984903 1
4988062 1
9982440 1
9988762 1
9995082 1
5000703 1
10007732 1
10014062 1
10020391 1
10026722 1
10033057 1
10039393 1
5022867 1
10052072 1
5029208 1
10064757 1
10071103 1
5038726 1
10083801 1
5045077 1
5048254 1
5051433 1
10109222 1
5057792 1
5060971 1
10128308 1
5067338 1
10141040 1
10147412 1
5076891 1
5080080 1
10166534 1
10172911 1
5089645 1
10185672 1
5096029 1
10198444 1
10204830 1
10211220 1
10217612 1
10224006 1
10230402 1
5118401 1
10243202 1
10249604 1
10256007 1
5131208 1
5134412 1
5137617 1
10281644 1
10288056 1
5147238 1
10300891 1
10307312 1
10313732 1
10320158 1
5163292 1
5166506 1
10339442 1
10345874 1
5176153 1
10358743 1
5182590 1
5185812 1
10378064 1
5192254 1
10390952 1
5198702 1
5201925 1
10410303 1
10416757 1
5211606 1
5214835 1
10436130 1
10442592 1
5224528 1
10455522 1
5230996 1
10468460 1
5237467 1
5240703 1
10487884 1
10494361 1
5250422 1
5253663 1
5256904 1
10520294 1
10526780 1
5266635 1
10539763 1
5273130 1
5276378 1
5279627 1
10565752 1
5286128 1
10578758 1
5292632 1
10591771 1
5299140 1
5302397 1
10611306 1
10617824 1
10624342 1
10630862 1
5318692 1
5321954 1
10650433 1
10656961 1
10663490 1
5335013 1
5338279 1
5341547 1
5344816 1
10696172 1
10702713 1
5354630 1
5357903 1
5361177 1
10728901 1
10735454 1
10742008 1
10748564 1
10755122 1
5380842 1
5384123 1
5387405 1
5390687 1
5393970 1
5397255 1
5400543 1
10807658 1
5407117 1
5410406 1
10827392 1
10833973 1
5420279 1
10847143 1
10853731 1
10860321 1
10866914 1
10873508 1
5440051 1
5443351 1
10893300 1
5449951 1
5453254 1
5456558 1
5459862 1
10926332 1
10932942 1
5469778 1
5473086 1
10952790 1
5479705 1
10966033 1
10972656 1
5489641 1
5492956 1
10992542 1
10999173 1
5502905 1
11012443 1
5509542 1
5512860 1
11032363 1
5519505 1
5522828 1
11052300 1
5529476 1
11065602 1
5536128 1
11078913 1
11085571 1
11092231 1
11098892 1
5552780 1
5556112 1
5559447 1
11125560 1
5566116 1
11138907 1
5572792 1
5576131 1
11158942 1
11165624 1
5586153 1
11178994 1
11185680 1
5596186 1
5599531 1
11205757 1
5606226 1
5609575 1
5612927 1
11232553 1
5619630 1
11245964 1
5626336 1
11259382 1
5633046 1
11272807 1
5639763 1
5643120 1
5646481 1
11299682 1
11306407 1
5656566 1
5659930 1
11326591 1
5666661 1
11340056 1
11346794 1
5676767 1
5680137 1
5683506 1
5686880 1
11380502 1
11387252 1
11394001 1
11400754 1
11407507 1
11414262 1
11421020 1
11427782 1
5717273 1
11441307 1
5724036 1
11454841 1
11461611 1
5734191 1
11475157 1
11481932 1
11488712 1
5747747 1
11502272 1
11509058 1
11515843 1
11522630 1
11529422 1
5768106 1
11543006 1
11549802 1
5778302 1
11563401 1
11570202 1
5788503 1
11583813 1
5795312 1
11597432 1
11604243 1
11611058 1
11617872 1
5812346 1
5815755 1
11638332 1
5822579 1
11651984 1
11658810 1
11665642 1
5836238 1
5839654 1
11686142 1
5846492 1
5849912 1
5853331 1
5856755 1
5860176 1
5863601 1
11734050 1
5870452 1
5873880 1
11754612 1
11761472 1
11768330 1
5887598 1
11782056 1
5894463 1
5897895 1
11802661 1
5904766 1
11816407 1
5911641 1
11830161 1
11837041 1
11843922 1
5925404 1
11857694 1
11864581 1
5935736 1
11878362 1
11885258 1
11892154 1
5949527 1
5952977 1
5956426 1
11919756 1
5963332 1
11933571 1
5970241 1
11947392 1
5977154 1
5980611 1
11968141 1
5987531 1
11981982 1
11988907 1
5997918 1
12002760 1
6004845 1
6008313 1
12023557 1
6015247 1
6018717 1
6022186 1
6025657 1
12058258 1
6032602 1
6036077 1
6039552 1
12086054 1
12093008 1
12099964 1
6053461 1
6056942 1
6060421 1
12127807 1
6067386 1
12141740 1
12148710 1
6077843 1
12162657 1
12169632 1
12176610 1
12183591 1
6095288 1
12197556 1
6102273 1
6105767 1
12218522 1
12225513 1
6116254 1
6119751 1
12246502 1
12253502 1
6130253 1
6133755 1
12274513 1
6140761 1
6144265 1
12295544 1
12302557 1
12309572 1
6158297 1
12323610 1
12330634 1
12337658 1
12344684 1
12351710 1
6179372 1
6182886 1
6186403 1
12379843 1
12386881 1
6196962 1
6200481 1
12408007 1
12415052 1
12422102 1
12429150 1
12436202 1
6221628 1
12450313 1
6228686 1
12464431 1
12471492 1
6239278 1
12485624 1
6246345 1
12499760 1
12506832 1
6256953 1
6260491 1
6264030 1
12535140 1
6271111 1
12549306 1
6278198 1
12563481 1
6285285 1
12577664 1
6292379 1
12591853 1
12598950 1
12606052 1
6306576 1
12620258 1
12627364 1
12634471 1
6320791 1
6324346 1
6327903 1
6331462 1
6335021 1
12677160 1
6342143 1
12691408 1
6349266 1
6352831 1
6356396 1
6359962 1
6363530 1
6367098 1
12741331 1
12748470 1
12755612 1
12762758 1
6384953 1
6388526 1
6392101 1
6395676 1
12798507 1
12805664 1
6406410 1
6409991 1
6413572 1
6417155 1
6420737 1
6424320 1
6427906 1
6431492 1
6435080 1
6438667 1
6442257 1
6445846 1
12898874 1
12906058 1
6456622 1
12920431 1
6463812 1
6467407 1
6471004 1
6474603 1
6478202 1
6481801 1
6485403 1
6489003 1
12985212 1
12992421 1
6499816 1
6503421 1
6507029 1
6510638 1
6514245 1
6517857 1
13042934 1
6525078 1
13057384 1
13064611 1
13071842 1
6539538 1
6543153 1
6546772 1
13100781 1
6554011 1
6557631 1
6561255 1
13129753 1
13137000 1
6572126 1
13151504 1
6579380 1
6583008 1
6586635 1
13180530 1
13187792 1
6597530 1
13202324 1
13209590 1
6608430 1
6612066 1
6615703 1
6619343 1
6622982 1
13253242 1
13260523 1
6633905 1
13275094 1
13282380 1
6644837 1
6648481 1
13304258 1
13311552 1
13318852 1
6663075 1
6666728 1
6670378 1
6674031 1
13355371 1
13362680 1
6684996 1
6688654 1
13384623 1
13391941 1
6699632 1
13406582 1
6706955 1
6710616 1
13428561 1
13435892 1
13443224 1
6725278 1
13457893 1
13465230 1
6736286 1
6739957 1
6743628 1
6747302 1
6750976 1
6754650 1
13516652 1
6762004 1
6765683 1
6769361 1
6773040 1
6776722 1
6780403 1
13568174 1
13575541 1
13582912 1
6795143 1
13597657 1
13605032 1
13612411 1
6809897 1
13627173 1
6817280 1
6820971 1
6824667 1
6828360 1
13664114 1
6835754 1
6839453 1
6843150 1
13693700 1
6850552 1
6854255 1
13715912 1
6861660 1
6865367 1
6869071 1
13745556 1
13752973 1
13760392 1
13767812 1
6887618 1
6891329 1
6895042 1
13797512 1
13804941 1
13812372 1
6909903 1
13827242 1
6917340 1
13842120 1
6924781 1
6928505 1
6932226 1
13871901 1
6939676 1
13886803 1
6947130 1
6950856 1
13909170 1
6958316 1
6962046 1
6965778 1
6969511 1
13946490 1
6976981 1
13961434 1
6984453 1
6988192 1
13983861 1
13991342 1
13998823 1
7003153 1
14013792 1
14021282 1
14028770 1
7018132 1
7021880 1
7025628 1
14058750 1
14066250 1
7036876 1
14081257 1
7044382 1
14096270 1
7051892 1
7055648 1
14118808 1
14126324 1
7066922 1
14141362 1
7074443 1
14156406 1
7081966 1
7085732 1
7089495 1
7093261 1
7097029 1
7100798 1
7104566 1
14216670 1
7112108 1
14231757 1
14239304 1
14246852 1
7127200 1
14261954 1
14269508 1
7138531 1
7142311 1
7146092 1
7149872 1
7153653 1
7157436 1
14322441 1
14330012 1
7168793 1
14345156 1
7176368 1
7180156 1
7183945 1
7187738 1
7191530 1
14390643 1
7199115 1
7202910 1
7206706 1
7210503 1
7214303 1
7218100 1
7221901 1
14451403 1
14459006 1
14466614 1
7237111 1
7240916 1
7244721 1
7248529 1
14504672 1
7256145 1
7259957 1
14527532 1
14535157 1
7271392 1
14550411 1
14558041 1
14565673 1
14573307 1
7290473 1
7294292 1
14596220 1
7301933 1
14611507 1
7309577 1
7313401 1
7317226 1
7321051 1
14649757 1
14657412 1
14665070 1
14672730 1
7340197 1
7344029 1
14695722 1
7351696 1
7355531 1
14718732 1
7363205 1
14734083 1
14741760 1
7374722 1
14757124 1
7382404 1
14772492 1
14780181 1
7393937 1
14795562 1
7401630 1
7405476 1
7409326 1
14826351 1
14834052 1
7420880 1
14849463 1
14857172 1
7432440 1
14872594 1
7440154 1
14888023 1
14895740 1
7451732 1
14911183 1
7459453 1
14926634 1
7467182 1
7471045 1
14949822 1
7478778 1
7482646 1
14973031 1
7490385 1
7494258 1
14996256 1
7502003 1
7505876 1
7509752 1
7513627 1
15035007 1
7521381 1
7525260 1
15058281 1
7533023 1
15073808 1
15081573 1
7544670 1
15097112 1
15104882 1
15112657 1
7560216 1
7564106 1
7567995 1
7571887 1
7575778 1
15159343 1
7583565 1
7587462 1
7591357 1
7595254 1
15198302 1
15206102 1
15213902 1
7610853 1
7614753 1
7618658 1
7622562 1
15252931 1
15260744 1
15268556 1
15276372 1
15284192 1
15292011 1
7649917 1
15307657 1
7657741 1
7661655 1
7665571 1
15338974 1
15346808 1
7677322 1
7681240 1
7685161 1
15378163 1
15386007 1
15393853 1
7700851 1
7704776 1
7708701 1
7712628 1
15433112 1
15440970 1
15448831 1
7728348 1
15464558 1
15472422 1
15480291 1
15488162 1
7748018 1
15503907 1
15511784 1
7759830 1
7763772 1
15535422 1
7771655 1
15551193 1
15559082 1
15566972 1
7787432 1
15582758 1
15590654 1
7799275 1
7803227 1
7807176 1
7811130 1
15630162 1
7819036 1
15645980 1
7826947 1
15661808 1
7834862 1
7838820 1
15685560 1
7846742 1
7850705 1
15709334 1
7858630 1
15725191 1
15733124 1
7870529 1
7874498 1
15756932 1
15764871 1
15772812 1
7890379 1
15788702 1
15796651 1
15804601 1
7906278 1
15820508 1
15828464 1
7918210 1
7922190 1
15852344 1
15860307 1
7934136 1
15876242 1
7942107 1
7946092 1
7950079 1
15908133 1
15916112 1
15924090 1
15932074 1
7970030 1
7974023 1
7978015 1
7982011 1
15972013 1
7990004 1
7994002 1
15996000 1
16004000 1
16012003 1
8010005 1
16028013 1
8018011 1
8022016 1
8026021 1
8030030 1
8034038 1
8038046 1
8042057 1
16092134 1
8050078 1
16108182 1
8058107 1
16124240 1
16132272 1
16140306 1
8074173 1
16156380 1
16164420 1
8086231 1
8090254 1
16188554 1
16196602 1
8102327 1
8106352 1
8110379 1
8114408 1
16236871 1
8122465 1
8126498 1
8130529 1
16269122 1
16277190 1
8142631 1
8146667 1
16301407 1
8154743 1
16317562 1
8162821 1
8166862 1
16341807 1
16349893 1
8178992 1
8183035 1
8187081 1
16382257 1
8195176 1
16398452 1
8203276 1
16414654 1
8211379 1
16430864 1
8219487 1
8223542 1
16455194 1
8231653 1
16471424 1
8239770 1
16487661 1
8247892 1
16503906 1
8256018 1
16520160 1
16528292 1
8268211 1
16544558 1
8276348 1
16560832 1
16568971 1
8288558 1
8292630 1
16593403 1
8300775 1
8304851 1
16617852 1
16626006 1
8317081 1
16642321 1
8325242 1
8329321 1
16666806 1
8337486 1
16683140 1
8345655 1
16699483 1
16707657 1
16715832 1
16724010 1
8366096 1
8370187 1
16748557 1
16756742 1
8382466 1
16773122 1
16781313 1
8394754 1
8398853 1
16805900 1
16814102 1
16822302 1
8415255 1
8419356 1
16846922 1
8427566 1
8431671 1
8435780 1
16879772 1
16887991 1
8448107 1
16904434 1
8456328 1
8460441 1
16929110 1
16937340 1
16945574 1
16953806 1
8481022 1
16970281 1
8489260 1
8493381 1
16995008 1
8501628 1
8505751 1
17019751 1
17028002 1
8518128 1
8522258 1
8526386 1
17061030 1
17069293 1
17077557 1
17085822 1
8547045 1
17102362 1
8555316 1
17118907 1
8563593 1
8567730 1
17143740 1
17152024 1
8580153 1
8584296 1
17176881 1
8592585 1
8596733 1
8600880 1
8605026 1
17218350 1
8613327 1
8617478 1
17243256 1
17251563 1
17259872 1
8634092 1
8638248 1
17284807 1
8646561 1
8650720 1
17309760 1
8659041 1
17326408 1
17334734 1
17343061 1
8675696 1
17359722 1
8684028 1
8688197 1
8692367 1
8696536 1
17401412 1
17409756 1
8709051 1
8713226 1
8717402 1
17443152 1
17451506 1
8729932 1
8734110 1
8738290 1
17484942 1
17493308 1
17501672 1
8755021 1
17518410 1
8763393 1
17535156 1
8771766 1
8775956 1
8780147 1
17568673 1
8788529 1
17585443 1
8796916 1
17602220 1
17610613 1
8809504 1
8813702 1
17635800 1
17644200 1
8826301 1
8830503 1
17669413 1
8838911 1
17686232 1
17694644 1
17703056 1
8855736 1
17719890 1
8864156 1
8868368 1
17745157 1
17753582 1
8881005 1
17770442 1
8889437 1
17787306 1
8897872 1
8902090 1
8906312 1
8910533 1
8914755 1
8918978 1
8923200 1
17854851 1
8931652 1
8935880 1
8940108 1
17888670 1
17897130 1
17905592 1
8957029 1
8961263 1
8965495 1
17939460 1
8973966 1
8978204 1
17964882 1
17973361 1
17981842 1
17990324 1
17998808 1
18007294 1
18015781 1
9012136 1
18032764 1
18041258 1
18049753 1
18058251 1
18066751 1
9037628 1
9041878 1
18092262 1
18100772 1
18109280 1
18117792 1
18126308 1
9067413 1
18143342 1
18151862 1
18160382 1
9084455 1
9088718 1
9092980 1
18194491 1
18203022 1
18211558 1
9110046 1
9114317 1
9118587 1
18245713 1
18254257 1
18262804 1
9135676 1
9139951 1
18288454 1
18297008 1
9152783 1
18314121 1
9161340 1
18331242 1
9169903 1
9174187 1
18356940 1
9182756 1
9187041 1
18382657 1
18391234 1
18399811 1
9204196 1
18416974 1
9212779 1
18434142 1
9221367 1
18451321 1
9229958 1
18468506 1
18477104 1
18485702 1
18494300 1
9251453 1
9255754 1
18520113 1
9264360 1
18537330 1
9272972 1
18554556 1
9281588 1
9285896 1
9290207 1
9294518 1
9298828 1
18606282 1
9307455 1
18623540 1
9316086 1
18640807 1
9324722 1
9329041 1
9333361 1
18675364 1
9342003 1
18692652 1
9350652 1
9354977 1
9359302 1
18727257 1
9367956 1
9372285 1
18753232 1
9380946 1
18770556 1
9389613 1
9393947 1
18796562 1
9402617 1
18813908 1
18822582 1
18831262 1
9419971 1
9424312 1
9428655 1
18865994 1
18874681 1
9441686 1
18892062 1
9450378 1
18909452 1
9459077 1
18926852 1
9467778 1
18944256 1
18952962 1
18961670 1
18970380 1
9489548 1
18987807 1
9498261 1
9502621 1
9506980 1
9511342 1
9515703 1
19040133 1
9524430 1
9528796 1
9533162 1
19075058 1
19083793 1
9546266 1
19101272 1
19110012 1
9559379 1
19127503 1
9568126 1
19145002 1
9576878 1
9581253 1
19171262 1
9590011 1
9594390 1
9598771 1
19206308 1
19215073 1
9611922 1
19232612 1
9620691 1
19250158 1
19258932 1
9633856 1
9638245 1
9642637 1
9647030 1
9651421 1
19311631 1
19320420 1
19329213 1
19338006 1
9673402 1
9677800 1
9682200 1
19373202 1
9691003 1
9695407 1
9699810 1
19408432 1
9708621 1
9713029 1
9717436 1
19443691 1
9726256 1
19461333 1
19470158 1
19478982 1
9743907 1
19496640 1
9752738 1
9757155 1
9761573 1
19531980 1
19540822 1
9774832 1
19558506 1
9783677 1
19576202 1
19585051 1
19593904 1
19602758 1
19611612 1
19620472 1
9814665 1
19638192 1
9823528 1
9827961 1
19664790 1
19673661 1
19682533 1
19691406 1
9850143 1
9854582 1
19718042 1
19726922 1
19735807 1
19744692 1
19753581 1
9881236 1
9885681 1
9890130 1
19789154 1
19798051 1
19806952 1
19815852 1
19824756 1
9916831 1
19842570 1
19851481 1
19860394 1
9934653 1
19878224 1
9943571 1
19896060 1
9952493 1
19913908 1
19922833 1
9965882 1
9970346 1
9974812 1
9979280 1
9983748 1
9988216 1
9992686 1
9997158 1
10001628 1
10006102 1
10010575 1
10015050 1
10019527 1
20048006 1
20056962 1
10032960 1
20074882 1
10041923 1
10046403 1
10050887 1
10055372 1
10059855 1
20128683 1
10068830 1
20146632 1
10077806 1
10082297 1
10086786 1
10091278 1
20191543 1
10100267 1
10104761 1
20218513 1
10113755 1
10118253 1
20245501 1
20254500 1
20263504 1
20272507 1
10140758 1
10145260 1
10149765 1
20308543 1
10158780 1
20326574 1
10167796 1
10172306 1
20353634 1
10181328 1
10185841 1
10190357 1
20389742 1
20398773 1
20407808 1
20416844 1
20425881 1
10217461 1
20443962 1
20453006 1
20462053 1
10235551 1
10240077 1
20489202 1
10249128 1
20507313 1
20516371 1
10262715 1
20534492 1
10271780 1
10276311 1
20561691 1
20570760 1
20579834 1
10294454 1
10298993 1
20607062 1
10308072 1
10312613 1
10317155 1
20643392 1
10326241 1
10330785 1
10335332 1
10339879 1
10344428 1
10348976 1
10353526 1
20716152 1
20725256 1
10367181 1
10371736 1
20752581 1
10380847 1
10385403 1
10389963 1
20789040 1
10399080 1
20807282 1
20816408 1
20825532 1
20834661 1
10421896 1
20852924 1
10431029 1
20871192 1
20880330 1
20889472 1
10449307 1
20907758 1
10458451 1
10463025 1
20935201 1
20944352 1
10476754 1
20962664 1
20971821 1
10490492 1
20990142 1
20999306 1
21008473 1
10508822 1
21026811 1
21035984 1
21045157 1
21054334 1
10531756 1
10536347 1
21081872 1
21091056 1
21100242 1
21109431 1
21118620 1
21127813 1
21137007 1
10573103 1
21155402 1
21164600 1
21173803 1
21183006 1
21192213 1
21201420 1
10605317 1
21219843 1
21229056 1
10619137 1
21247490 1
21256712 1
10632968 1
21275156 1
10642192 1
21293610 1
21302842 1
10656037 1
10660655 1
21330544 1
21339780 1
10674511 1
21358263 1
10683754 1
21376752 1
21386000 1
21395251 1
21404504 1
21413757 1
21423013 1
10716135 1
10720765 1
10725397 1
21460057 1
21469323 1
10739297 1
10743932 1
10748566 1
21506408 1
10757843 1
10762480 1
21534241 1
21543522 1
21552808 1
21562092 1
10785691 1
10790337 1
21589962 1
10799630 1
21608554 1
10808926 1
10813575 1
10818226 1
21645756 1
21655062 1
21664370 1
21673680 1
21682992 1
10846154 1
21701622 1
10855471 1
10860130 1
21729584 1
10869455 1
10874116 1
10878781 1
21766891 1
10888111 1
21785558 1
10897446 1
21804230 1
10906786 1
21822914 1
10916128 1
10920801 1
21850951 1
10930150 1
10934827 1
10939503 1
21888362 1
10948860 1
10953542 1
21916443 1
10962905 1
10967588 1
10972271 1
21953912 1
10981642 1
10986329 1
10991017 1
10995705 1
22000791 1
11005088 1
22019556 1
11014471 1
11019165 1
22047722 1
22057112 1
11033254 1
22075903 1
11042652 1
11047351 1
22104102 1
22113506 1
11061458 1
11066161 1
22141732 1
11075572 1
22160558 1
11084988 1
22179390 1
22188810 1
11099118 1
22207656 1
11108543 1
11113256 1
22235940 1
22245372 1
11127405 1
11132122 1
22273682 1
11141561 1
22292562 1
22302007 1
22311454 1
22320901 1
22330350 1
11169903 1
11174630 1
11179358 1
11184086 1
22377632 1
11193547 1
22396558 1
22406024 1
22415491 1
11212480 1
11217216 1
22443906 1
22453383 1
11231430 1
22472341 1
11240911 1
11245654 1
22500794 1
22510281 1
22519772 1
22529263 1
22538757 1
11274126 1
11278876 1
11283625 1
11288376 1
22586257 1
22595764 1
11302637 1
11307392 1
22624293 1
22633808 1
22643322 1
22652840 1
11331182 1
11335941 1
11340705 1
22690934 1
22700460 1
22709991 1
11359762 1
11364530 1
22738594 1
11374065 1
11378835 1
11383608 1
22776757 1
11393153 1
22795852 1
22805400 1
22814952 1
22824506 1
11417032 1
11421810 1
22853180 1
22862742 1
22872306 1
11440937 1
22891441 1
11450507 1
11455292 1
11460080 1
11464866 1
22939310 1
11474447 1
22958472 1
22968056 1
22977642 1
22987230 1
11498410 1
11503206 1
11508003 1
11512801 1
11517602 1
23044800 1
23054402 1
11532005 1
11536806 1
23083221 1
11546415 1
11551221 1
23112056 1
11560837 1
23131291 1
11570457 1
23150532 1
23160158 1
23169783 1
23179410 1
11594521 1
23198673 1
23208308 1
23217944 1
11613791 1
23237222 1
23246863 1
23256508 1
11633078 1
11637901 1
23285452 1
23295103 1
23304757 1
11657208 1
11662036 1
11666865 1
11671697 1
11676529 1
11681362 1
23372390 1
11691032 1
23391734 1
11700705 1
23411083 1
23420760 1
11715222 1
23440124 1
23449806 1
11729747 1
11734591 1
23478872 1
23488564 1
23498258 1
23507953 1
11758825 1
23527350 1
23537053 1
11773380 1
23556464 1
11783086 1
23575881 1
11792796 1
23595306 1
23605023 1
23614742 1
23624461 1
23634182 1
11821953 1
23653633 1
23663362 1
23673090 1
11841412 1
23692556 1
11851148 1
11856016 1
23721770 1
23731512 1
23741258 1
23751004 1
23760750 1
11885251 1
11890128 1
11895004 1
23799763 1
11904761 1
23819280 1
11914521 1
11919405 1
11924286 1
23858341 1
23868111 1
11938942 1
11943829 1
23897432 1
11953607 1
11958497 1
23926774 1
23936557 1
11973171 1
23956131 1
23965922 1
11987856 1
23985506 1
11997652 1
12002552 1
12007450 1
12012353 1
12017254 1
12022157 1
24054122 1
24063931 1
12036873 1
12041778 1
12046687 1
12051596 1
24113012 1
24122833 1
24132656 1
12071241 1
24152311 1
24162142 1
12085986 1
12090903 1
24191642 1
12100742 1
12105661 1
12110581 1
24231007 1
12120426 1
24250702 1
24260551 1
24270402 1
12140128 1
12145057 1
24299970 1
24309832 1
24319693 1
12164780 1
12169711 1
12174646 1
24359162 1
24369033 1
12189455 1
24388782 1
12199331 1
12204271 1
12209212 1
24428306 1
24438194 1
12224041 1
12228986 1
24467863 1
24477756 1
12243828 1
12248775 1
24507451 1
24517353 1
24527256 1
12268581 1
12273536 1
12278491 1
12283446 1
12288403 1
24586723 1
12298321 1
12303282 1
12308243 1
24626406 1
12318166 1
12323130 1
24656192 1
24666122 1
12338029 1
24685994 1
24695930 1
24705872 1
24715814 1
24725756 1
12367852 1
24745650 1
24755600 1
12382776 1
12387754 1
12392731 1
12397710 1
12402690 1
12407673 1
24825308 1
24835272 1
12422622 1
24855211 1
12432592 1
24875156 1
12442566 1
12447556 1
24905091 1
24915074 1
12462529 1
12467522 1
12472517 1
24955020 1
12482508 1
12487503 1
24985003 1
12497501 1
25005000 1
