2000 5000
1
1 1
1
1 1
1
1 1
1
1 1
1
1 1
1
1 1
1
1 1
1
1 1
1
1 1
1
1 1
1
1 1
1
1 1
1
1 1
1
1 1
1
1 1
1
1 1
1
1 1
1
1 1
1
1 1
1
1 1
1
1 1
1
1 1
1
1 1
1
1 1
1
1 1
1
1 1
1
1 1
1
1 1
1
1 1
1
1 1
1
1 1
1
1 1
1
1 1
1
1 1
1
1 1
1
1 1
1
1 1
1
1 1
1
1 1
1
1 1
1
1 1
1
1 1
1
1 1
1
1 1
1
1 1
1
1 1
1
1 1
1
1 1
1
1 1
1
1 1
1
1 1
1
1 1
1
1 1
1
1 1
1
1 1
1
1 1
1
1 1
1
1 1
1
1 1
1
1 1
1
1 1
1
1 1
1
1 1
1
1 1
1
1 1
1
1 1
1
1 1
1
1 1
1
1 1
1
1 1
1
1 1
1
1 1
1
1 1
1
1 1
1
1 1
1
1 1
1
1 1
1
1 1
1
1 1
1
1 1
1
1 1
1
1 1
1
1 1
1
1 1
1
1 1
1
1 1
1
1 1
1
1 1
1
1 1
1
1 1
1
1 1
1
1 1
1
1 1
1
1 1
1
1 1
1
1 1
1
1 1
1
1 1
1
1 1
1
1 1
1
1 1
1
1 1
1
1 1
1
1 1
1
1 1
1
1 1
1
1 1
1
1 1
1
1 1
1
1 1
1
1 1
1
1 1
1
1 1
1
1 1
1
1 1
1
1 1
1
1 1
1
1 1
1
1 1
1
1 1
1
1 1
1
1 1
1
1 1
1
1 1
1
1 1
1
1 1
1
1 1
1
1 1
1
1 1
1
1 1
1
1 1
1
1 1
1
1 1
1
1 1
1
1 1
1
1 1
1
1 1
1
1 1
1
1 1
1
1 1
1
1 1
1
1 1
1
1 1
1
1 1
1
1 1
1
1 1
1
1 1
1
1 1
1
1 1
1
1 1
1
1 1
1
1 1
1
1 1
1
1 1
1
1 1
1
1 1
1
1 1
1
1 1
1
1 1
1
1 1
1
1 1
1
1 1
1
1 1
1
1 1
1
1 1
1
1 1
1
1 1
1
1 1
1
1 1
1
1 1
1
1 1
1
1 1
1
1 1
1
1 1
1
1 1
1
1 1
1
1 1
1
1 1
1
1 1
1
1 1
1
1 1
1
1 1
1
1 1
1
1 1
1
1 1
1
1 1
1
1 1
1
1 1
1
1 1
1
1 1
1
1 1
1
1 1
1
1 1
1
1 1
1
1 1
1
1 1
1
1 1
1
1 1
1
1 1
1
1 1
1
1 1
1
1 1
1
1 1
1
1 1
1
1 1
1
1 1
1
1 1
1
1 1
1
1 1
1
1 1
1
1 1
1
1 1
1
1 1
1
1 1
1
1 1
1
1 1
1
1 1
1
1 1
1
1 1
1
1 1
1
1 1
1
1 1
1
1 1
1
1 1
1
1 1
1
1 1
1
1 1
1
1 1
1
1 1
1
1 1
1
1 1
1
1 1
1
1 1
1
1 1
1
1 1
1
1 1
1
1 1
1
1 1
1
1 1
1
1 1
1
1 1
1
1 1
1
1 1
1
1 1
1
1 1
1
1 1
1
1 1
1
1 1
1
1 1
1
1 1
1
1 1
1
1 1
1
1 1
1
1 1
1
1 1
1
1 1
1
1 1
1
1 1
1
1 1
1
1 1
1
1 1
1
1 1
1
1 1
1
1 1
1
1 1
1
1 1
1
1 1
1
1 1
1
1 1
1
1 1
1
1 1
1
1 1
1
1 1
1
1 1
1
1 1
1
1 1
1
1 1
1
1 1
1
1 1
1
1 1
1
1 1
1
1 1
1
1 1
1
1 1
1
1 1
1
1 1
1
1 1
1
1 1
1
1 1
1
1 1
1
1 1
1
1 1
1
1 1
1
1 1
1
1 1
1
1 1
1
1 1
1
1 1
1
1 1
1
1 1
1
1 1
1
1 1
1
1 1
1
1 1
1
1 1
1
1 1
1
1 1
1
1 1
1
1 1
1
1 1
1
1 1
1
1 1
1
1 1
1
1 1
1
1 1
1
1 1
1
1 1
1
1 1
1
1 1
1
1 1
1
1 1
1
1 1
1
1 1
1
1 1
1
1 1
1
1 1
1
1 1
1
1 1
1
1 1
1
1 1
1
1 1
1
1 1
1
1 1
1
1 1
1
1 1
1
1 1
1
1 1
1
1 1
1
1 1
1
1 1
1
1 1
1
1 1
1
1 1
1
1 1
1
1 1
1
1 1
1
1 1
1
1 1
1
1 1
1
1 1
1
1 1
1
1 1
1
1 1
1
1 1
1
1 1
1
1 1
1
1 1
1
1 1
1
1 1
1
1 1
1
1 1
1
1 1
1
1 1
1
1 1
1
1 1
1
1 1
1
1 1
1
1 1
1
1 1
1
1 1
1
1 1
1
1 1
1
1 1
1
1 1
1
1 1
1
1 1
1
1 1
1
1 1
1
1 1
1
1 1
1
1 1
1
1 1
1
1 1
1
1 1
1
1 1
1
1 1
1
1 1
1
1 1
1
1 1
1
1 1
1
1 1
1
1 1
1
1 1
1
1 1
1
1 1
1
1 1
1
1 1
1
1 1
1
1 1
1
1 1
1
1 1
1
1 1
1
1 1
1
1 1
1
1 1
1
1 1
1
1 1
1
1 1
1
1 1
1
1 1
1
1 1
1
1 1
1
1 1
1
1 1
1
1 1
1
1 1
1
1 1
1
1 1
1
1 1
1
1 1
1
1 1
1
1 1
1
1 1
1
1 1
1
1 1
1
1 1
1
1 1
1
1 1
1
1 1
1
1 1
1
1 1
1
1 1
1
1 1
1
1 1
1
1 1
1
1 1
1
1 1
1
1 1
1
1 1
1
1 1
1
1 1
1
1 1
1
1 1
1
1 1
1
1 1
1
1 1
1
1 1
1
1 1
1
1 1
1
1 1
1
1 1
1
1 1
1
1 1
1
1 1
1
1 1
1
1 1
1
1 1
1
1 1
1
1 1
1
1 1
1
1 1
1
1 1
1
1 1
1
1 1
1
1 1
1
1 1
1
1 1
1
1 1
1
1 1
1
1 1
1
1 1
1
1 1
1
1 1
1
1 1
1
1 1
1
1 1
1
1 1
1
1 1
1
1 1
1
1 1
1
1 1
1
1 1
1
1 1
1
1 1
1
1 1
1
1 1
1
1 1
1
1 1
1
1 1
1
1 1
1
1 1
1
1 1
1
1 1
1
1 1
1
1 1
1
1 1
1
1 1
1
1 1
1
1 1
1
1 1
1
1 1
1
1 1
1
1 1
1
1 1
1
1 1
1
1 1
1
1 1
1
1 1
1
1 1
1
1 1
1
1 1
1
1 1
1
1 1
1
1 1
1
1 1
1
1 1
1
1 1
1
1 1
1
1 1
1
1 1
1
1 1
1
1 1
1
1 1
1
1 1
1
1 1
1
1 1
1
1 1
1
1 1
1
1 1
1
1 1
1
1 1
1
1 1
1
1 1
1
1 1
1
1 1
1
1 1
1
1 1
1
1 1
1
1 1
1
1 1
1
1 1
1
1 1
1
1 1
1
1 1
1
1 1
1
1 1
1
1 1
1
1 1
1
1 1
1
1 1
1
1 1
1
1 1
1
1 1
1
1 1
1
1 1
1
1 1
1
1 1
1
1 1
1
1 1
1
1 1
1
1 1
1
1 1
1
1 1
1
1 1
1
1 1
1
1 1
1
1 1
1
1 1
1
1 1
1
1 1
1
1 1
1
1 1
1
1 1
1
1 1
1
1 1
1
1 1
1
1 1
1
1 1
1
1 1
1
1 1
1
1 1
1
1 1
1
1 1
1
1 1
1
1 1
1
1 1
1
1 1
1
1 1
1
1 1
1
1 1
1
1 1
1
1 1
1
1 1
1
1 1
1
1 1
1
1 1
1
1 1
1
1 1
1
1 1
1
1 1
1
1 1
1
1 1
1
1 1
1
1 1
1
1 1
1
1 1
1
1 1
1
1 1
1
1 1
1
1 1
1
1 1
1
1 1
1
1 1
1
1 1
1
1 1
1
1 1
1
1 1
1
1 1
1
1 1
1
1 1
1
1 1
1
1 1
1
1 1
1
1 1
1
1 1
1
1 1
1
1 1
1
1 1
1
1 1
1
1 1
1
1 1
1
1 1
1
1 1
1
1 1
1
1 1
1
1 1
1
1 1
1
1 1
1
1 1
1
1 1
1
1 1
1
1 1
1
1 1
1
1 1
1
1 1
1
1 1
1
1 1
1
1 1
1
1 1
1
1 1
1
1 1
1
1 1
1
1 1
1
1 1
1
1 1
1
1 1
1
1 1
1
1 1
1
1 1
1
1 1
1
1 1
1
1 1
1
1 1
1
1 1
1
1 1
1
1 1
1
1 1
1
1 1
1
1 1
1
1 1
1
1 1
1
1 1
1
1 1
1
1 1
1
1 1
1
1 1
1
1 1
1
1 1
1
1 1
1
1 1
1
1 1
1
1 1
1
1 1
1
1 1
1
1 1
1
1 1
1
1 1
1
1 1
1
1 1
1
1 1
1
1 1
1
1 1
1
1 1
1
1 1
1
1 1
1
1 1
1
1 1
1
1 1
1
1 1
1
1 1
1
1 1
1
1 1
1
1 1
1
1 1
1
1 1
1
1 1
1
1 1
1
1 1
1
1 1
1
1 1
1
1 1
1
1 1
1
1 1
1
1 1
1
1 1
1
1 1
1
1 1
1
1 1
1
1 1
1
1 1
1
1 1
1
1 1
1
1 1
1
1 1
1
1 1
1
1 1
1
1 1
1
1 1
1
1 1
1
1 1
1
1 1
1
1 1
1
1 1
1
1 1
1
1 1
1
1 1
1
1 1
1
1 1
1
1 1
1
1 1
1
1 1
1
1 1
1
1 1
1
1 1
1
1 1
1
1 1
1
1 1
1
1 1
1
1 1
1
1 1
1
1 1
1
1 1
1
1 1
1
1 1
1
1 1
1
1 1
1
1 1
1
1 1
1
1 1
1
1 1
1
1 1
1
1 1
1
1 1
1
1 1
1
1 1
1
1 1
1
1 1
1
1 1
1
1 1
1
1 1
1
1 1
1
1 1
1
1 1
1
1 1
1
1 1
1
1 1
1
1 1
1
1 1
1
1 1
1
1 1
1
1 1
1
1 1
1
1 1
1
1 1
1
1 1
1
1 1
1
1 1
1
1 1
1
1 1
1
1 1
1
1 1
1
1 1
1
1 1
1
1 1
1
1 1
1
1 1
1
1 1
1
1 1
1
1 1
1
1 1
1
1 1
1
1 1
1
1 1
1
1 1
1
1 1
1
1 1
1
1 1
1
1 1
1
1 1
1
1 1
1
1 1
1
1 1
1
1 1
1
1 1
1
1 1
1
1 1
1
1 1
1
1 1
1
1 1
1
1 1
1
1 1
1
1 1
1
1 1
1
1 1
1
1 1
1
1 1
1
1 1
1
1 1
1
1 1
1
1 1
1
1 1
1
1 1
1
1 1
1
1 1
1
1 1
1
1 1
1
1 1
1
1 1
1
1 1
1
1 1
1
1 1
1
1 1
1
1 1
1
1 1
1
1 1
1
1 1
1
1 1
1
1 1
1
1 1
1
1 1
1
1 1
1
1 1
1
1 1
1
1 1
1
1 1
1
1 1
1
1 1
1
1 1
1
1 1
1
1 1
1
1 1
1
1 1
1
1 1
1
1 1
1
1 1
1
1 1
1
1 1
1
1 1
1
1 1
1
1 1
1
1 1
1
1 1
1
1 1
1
1 1
1
1 1
1
1 1
1
1 1
1
1 1
1
1 1
1
1 1
1
1 1
1
1 1
1
1 1
1
1 1
1
1 1
1
1 1
1
1 1
1
1 1
1
1 1
1
1 1
1
1 1
1
1 1
1
1 1
1
1 1
1
1 1
1
1 1
1
1 1
1
1 1
1
1 1
1
1 1
1
1 1
1
1 1
1
1 1
1
1 1
1
1 1
1
1 1
1
1 1
1
1 1
1
1 1
1
1 1
1
1 1
1
1 1
1
1 1
1
1 1
1
1 1
1
1 1
1
1 1
1
1 1
1
1 1
1
1 1
1
1 1
1
1 1
1
1 1
1
1 1
1
1 1
1
1 1
1
1 1
1
1 1
1
1 1
1
1 1
1
1 1
1
1 1
1
1 1
1
1 1
1
1 1
1
1 1
1
1 1
1
1 1
1
1 1
1
1 1
1
1 1
1
1 1
1
1 1
1
1 1
1
1 1
1
1 1
1
1 1
1
1 1
1
1 1
1
1 1
1
1 1
1
1 1
1
1 1
1
1 1
1
1 1
1
1 1
1
1 1
1
1 1
1
1 1
1
1 1
1
1 1
1
1 1
1
1 1
1
1 1
1
1 1
1
1 1
1
1 1
1
1 1
1
1 1
1
1 1
1
1 1
1
1 1
1
1 1
1
1 1
1
1 1
1
1 1
1
1 1
1
1 1
1
1 1
1
1 1
1
1 1
1
1 1
1
1 1
1
1 1
1
1 1
1
1 1
1
1 1
1
1 1
1
1 1
1
1 1
1
1 1
1
1 1
1
1 1
1
1 1
1
1 1
1
1 1
1
1 1
1
1 1
1
1 1
1
1 1
1
1 1
1
1 1
1
1 1
1
1 1
1
1 1
1
1 1
1
1 1
1
1 1
1
1 1
1
1 1
1
1 1
1
1 1
1
1 1
1
1 1
1
1 1
1
1 1
1
1 1
1
1 1
1
1 1
1
1 1
1
1 1
1
1 1
1
1 1
1
1 1
1
1 1
1
1 1
1
1 1
1
1 1
1
1 1
1
1 1
1
1 1
1
1 1
1
1 1
1
1 1
1
1 1
1
1 1
1
1 1
1
1 1
1
1 1
1
1 1
1
1 1
1
1 1
1
1 1
1
1 1
1
1 1
1
1 1
1
1 1
1
1 1
1
1 1
1
1 1
1
1 1
1
1 1
1
1 1
1
1 1
1
1 1
1
1 1
1
1 1
1
1 1
1
1 1
1
1 1
1
1 1
1
1 1
1
1 1
1
1 1
1
1 1
1
1 1
1
1 1
1
1 1
1
1 1
1
1 1
1
1 1
1
1 1
1
1 1
1
1 1
1
1 1
1
1 1
1
1 1
1
1 1
1
1 1
1
1 1
1
1 1
1
1 1
1
1 1
1
1 1
1
1 1
1
1 1
1
1 1
1
1 1
1
1 1
1
1 1
1
1 1
1
1 1
1
1 1
1
1 1
1
1 1
1
1 1
1
1 1
1
1 1
1
1 1
1
1 1
1
1 1
1
1 1
1
1 1
1
1 1
1
1 1
1
1 1
1
1 1
1
1 1
1
1 1
1
1 1
1
1 1
1
1 1
1
1 1
1
1 1
1
1 1
1
1 1
1
1 1
1
1 1
1
1 1
1
1 1
1
1 1
1
1 1
1
1 1
1
1 1
1
1 1
1
1 1
1
1 1
1
1 1
1
1 1
1
1 1
1
1 1
1
1 1
1
1 1
1
1 1
1
1 1
1
1 1
1
1 1
1
1 1
1
1 1
1
1 1
1
1 1
1
1 1
1
1 1
1
1 1
1
1 1
1
1 1
1
1 1
1
1 1
1
1 1
1
1 1
1
1 1
1
1 1
1
1 1
1
1 1
1
1 1
1
1 1
1
1 1
1
1 1
1
1 1
1
1 1
1
1 1
1
1 1
1
1 1
1
1 1
1
1 1
1
1 1
1
1 1
1
1 1
1
1 1
1
1 1
1
1 1
1
1 1
1
1 1
1
1 1
1
1 1
1
1 1
1
1 1
1
1 1
1
1 1
1
1 1
1
1 1
1
1 1
1
1 1
1
1 1
1
1 1
1
1 1
1
1 1
1
1 1
1
1 1
1
1 1
1
1 1
1
1 1
1
1 1
1
1 1
1
1 1
1
1 1
1
1 1
1
1 1
1
1 1
1
1 1
1
1 1
1
1 1
1
1 1
1
1 1
1
1 1
1
1 1
1
1 1
1
1 1
1
1 1
1
1 1
1
1 1
1
1 1
1
1 1
1
1 1
1
1 1
1
1 1
1
1 1
1
1 1
1
1 1
1
1 1
1
1 1
1
1 1
1
1 1
1
1 1
1
1 1
1
1 1
1
1 1
1
1 1
1
1 1
1
1 1
1
1 1
1
1 1
1
1 1
1
1 1
1
1 1
1
1 1
1
1 1
1
1 1
1
1 1
1
1 1
1
1 1
1
1 1
1
1 1
1
1 1
1
1 1
1
1 1
1
1 1
1
1 1
1
1 1
1
1 1
1
1 1
1
1 1
1
1 1
1
1 1
1
1 1
1
1 1
1
1 1
1
1 1
1
1 1
1
1 1
1
1 1
1
1 1
1
1 1
1
1 1
1
1 1
1
1 1
1
1 1
1
1 1
1
1 1
1
1 1
1
1 1
1
1 1
1
1 1
1
1 1
1
1 1
1
1 1
1
1 1
1
1 1
1
1 1
1
1 1
1
1 1
1
1 1
1
1 1
1
1 1
1
1 1
1
1 1
1
1 1
1
1 1
1
1 1
1
1 1
1
1 1
1
1 1
1
1 1
1
1 1
1
1 1
1
1 1
1
1 1
1
1 1
1
1 1
1
1 1
1
1 1
1
1 1
1
1 1
1
1 1
1
1 1
1
1 1
1
1 1
1
1 1
1
1 1
1
1 1
1
1 1
1
1 1
1
1 1
1
1 1
1
1 1
1
1 1
1
1 1
1
1 1
1
1 1
1
1 1
1
1 1
1
1 1
1
1 1
1
1 1
1
1 1
1
1 1
1
1 1
1
1 1
1
1 1
1
1 1
1
1 1
1
1 1
1
1 1
1
1 1
1
1 1
1
1 1
1
1 1
1
1 1
1
1 1
1
1 1
1
1 1
1
1 1
1
1 1
1
1 1
1
1 1
1
1 1
1
1 1
1
1 1
1
1 1
1
1 1
1
1 1
1
1 1
1
1 1
1
1 1
1
1 1
1
1 1
1
1 1
1
1 1
1
1 1
1
1 1
1
1 1
1
1 1
1
1 1
1
1 1
1
1 1
1
1 1
1
1 1
1
1 1
1
1 1
1
1 1
1
1 1
1
1 1
1
1 1
1
1 1
1
1 1
1
1 1
1
1 1
1
1 1
1
1 1
1
1 1
1
1 1
1
1 1
1
1 1
1
1 1
1
1 1
1
1 1
1
1 1
1
1 1
1
1 1
1
1 1
1
1 1
1
1 1
1
1 1
1
1 1
1
1 1
1
1 1
1
1 1
1
1 1
1
1 1
1
1 1
1
1 1
1
1 1
1
1 1
1
1 1
1
1 1
1
1 1
1
1 1
1
1 1
1
1 1
1
1 1
1
1 1
1
1 1
1
1 1
1
1 1
1
1 1
1
1 1
1
1 1
1
1 1
1
1 1
1
1 1
1
1 1
1
1 1
1
1 1
1
1 1
1
1 1
1
1 1
1
1 1
1
1 1
1
1 1
1
1 1
1
1 1
1
1 1
1
1 1
1
1 1
1
1 1
1
1 1
1
1 1
1
1 1
1
1 1
1
1 1
1
1 1
1
1 1
1
1 1
1
1 1
1
1 1
1
1 1
1
1 1
1
1 1
1
1 1
1
1 1
1
1 1
1
1 1
1
1 1
1
1 1
1
1 1
1
1 1
1
1 1
1
1 1
1
1 1
1
1 1
1
1 1
1
1 1
1
1 1
1
1 1
1
1 1
1
1 1
1
1 1
1
1 1
1
1 1
1
1 1
1
1 1
1
1 1
1
1 1
1
1 1
1
1 1
1
1 1
1
1 1
1
1 1
1
1 1
1
1 1
1
1 1
1
1 1
1
1 1
1
1 1
1
1 1
1
1 1
1
1 1
1
1 1
1
1 1
1
1 1
1
1 1
1
1 1
1
1 1
1
1 1
1
1 1
1
1 1
1
1 1
1
1 1
1
1 1
1
1 1
1
1 1
1
1 1
1
1 1
1
1 1
1
1 1
1
1 1
1
1 1
1
1 1
1
1 1
1
1 1
1
1 1
1
1 1
1
1 1
1
1 1
1
1 1
1
1 1
1
1 1
1
1 1
1
1 1
1
1 1
1
1 1
1
1 1
1
1 1
1
1 1
1
1 1
1
1 1
1
1 1
1
1 1
1
1 1
1
1 1
1
1 1
1
1 1
1
1 1
1
1 1
1
1 1
1
1 1
1
1 1
1
1 1
1
1 1
1
1 1
1
1 1
1
1 1
1
1 1
1
1 1
1
1 1
1
1 1
1
1 1
1
1 1
1
1 1
1
1 1
1
1 1
1
1 1
1
1 1
1
1 1
1
1 1
1
1 1
1
1 1
1
1 1
1
1 1
1
1 1
1
1 1
1
1 1
1
1 1
1
1 1
1
1 1
1
1 1
1
1 1
1
1 1
1
1 1
1
1 1
1
1 1
1
1 1
1
1 1
1
1 1
1
1 1
1
1 1
1
1 1
1
1 1
1
1 1
1
1 1
1
1 1
1
1 1
1
1 1
1
1 1
1
1 1
1
1 1
1
1 1
1
1 1
1
1 1
1
1 1
1
1 1
1
1 1
1
1 1
1
1 1
1
1 1
1
1 1
1
1 1
1
1 1
1
1 1
1
1 1
1
1 1
1
1 1
1
1 1
1
1 1
1
1 1
1
1 1
1
1 1
1
1 1
1
1 1
1
1 1
1
1 1
1
1 1
1
1 1
1
1 1
1
1 1
1
1 1
1
1 1
1
1 1
1
1 1
1
1 1
1
1 1
1
1 1
1
1 1
1
1 1
1
1 1
1
1 1
1
1 1
1
1 1
1
1 1
1
1 1
1
1 1
1
1 1
1
1 1
1
1 1
1
1 1
1
1 1
1
1 1
1
1 1
1
1 1
1
1 1
1
1 1
1
1 1
1
1 1
1
1 1
1
1 1
1
1 1
1
1 1
1
1 1
1
1 1
1
1 1
1
1 1
1
1 1
1
1 1
1
1 1
1
1 1
1
1 1
1
1 1
1
1 1
1
1 1
1
1 1
1
1 1
1
1 1
1
1 1
1
1 1
1
1 1
1
1 1
1
1 1
1
1 1
1
1 1
1
1 1
1
1 1
1
1 1
1
1 1
1
1 1
1
1 1
1
1 1
1
1 1
1
1 1
1
1 1
1
1 1
1
1 1
1
1 1
1
1 1
1
1 1
1
1 1
1
1 1
1
1 1
1
1 1
1
1 1
1
1 1
1
1 1
1
1 1
1
1 1
1
1 1
1
1 1
1
1 1
1
1 1
1
1 1
1
1 1
1
1 1
1
1 1
1
1 1
1
1 1
1
1 1
1
1 1
1
1 1
1
1 1
1
1 1
1
1 1
1
1 1
1
1 1
1
1 1
1
1 1
1
1 1
1
1 1
1
1 1
1
1 1
1
1 1
1
1 1
1
1 1
1
1 1
1
1 1
1
1 1
1
1 1
1
1 1
1
1 1
1
1 1
1
1 1
1
1 1
1
1 1
1
1 1
1
1 1
1
1 1
1
1 1
1
1 1
1
1 1
1
1 1
1
1 1
1
1 1
1
1 1
1
1 1
1
1 1
1
1 1
1
1 1
1
1 1
1
1 1
1
1 1
1
1 1
1
1 1
1
1 1
1
1 1
1
1 1
1
1 1
1
1 1
1
1 1
1
1 1
1
1 1
1
1 1
1
1 1
1
1 1
1
1 1
1
1 1
1
1 1
1
1 1
1
1 1
1
1 1
1
1 1
1
1 1
1
1 1
1
1 1
1
1 1
1
1 1
1
1 1
1
1 1
1
1 1
1
1 1
1
1 1
1
1 1
1
1 1
1
1 1
1
1 1
1
1 1
1
1 1
1
1 1
1
1 1
1
1 1
1
1 1
1
1 1
1
1 1
1
1 1
1
1 1
1
1 1
1
1 1
1
1 1
1
1 1
1
1 1
1
1 1
1
1 1
1
1 1
1
1 1
1
1 1
1
1 1
1
1 1
1
1 1
1
1 1
1
1 1
1
1 1
1
1 1
1
1 1
1
1 1
1
1 1
1
1 1
1
1 1
1
1 1
1
1 1
1
1 1
1
1 1
1
1 1
1
1 1
1
1 1
1
1 1
1
1 1
1
1 1
1
1 1
1
1 1
1
1 1
1
1 1
1
1 1
1
1 1
1
1 1
1
1 1
1
1 1
1
1 1
1
1 1
1
1 1
1
1 1
1
1 1
1
1 1
1
1 1
1
1 1
1
1 1
1
1 1
1
1 1
1
1 1
1
1 1
1
1 1
1
1 1
1
1 1
1
1 1
1
1 1
1
1 1
1
1 1
1
1 1
1
1 1
1
1 1
1
1 1
1
1 1
1
1 1
1
1 1
1
1 1
1
1 1
1
1 1
1
1 1
1
1 1
1
1 1
1
1 1
1
1 1
1
1 1
1
1 1
1
1 1
1
1 1
1
1 1
1
1 1
1
1 1
1
1 1
1
1 1
1
1 1
1
1 1
1
1 1
1
1 1
1
1 1
1
1 1
1
1 1
1
1 1
1
1 1
1
1 1
1
1 1
1
1 1
1
1 1
1
1 1
1
1 1
1
1 1
1
1 1
1
1 1
1
1 1
1
1 1
1
1 1
1
1 1
1
1 1
1
1 1
1
1 1
1
1 1
1
1 1
1
1 1
1
1 1
1
1 1
1
1 1
1
1 1
1
1 1
1
1 1
1
1 1
1
1 1
1
1 1
1
1 1
1
1 1
1
1 1
1
1 1
1
1 1
1
1 1
1
1 1
1
1 1
1
1 1
1
1 1
1
1 1
1
1 1
1
1 1
1
1 1
1
1 1
1
1 1
1
1 1
1
1 1
1
1 1
1
1 1
1
1 1
1
1 1
1
1 1
1
1 1
1
1 1
1
1 1
1
1 1
1
1 1
1
1 1
1
1 1
1
1 1
1
1 1
1
1 1
1
1 1
1
1 1
1
1 1
1
1 1
1
1 1
1
1 1
1
1 1
1
1 1
1
1 1
1
1 1
1
1 1
1
1 1
1
1 1
1
1 1
1
1 1
1
1 1
1
1 1
1
1 1
1
1 1
1
1 1
1
1 1
1
1 1
1
1 1
1
1 1
1
1 1
1
1 1
1
1 1
1
1 1
1
1 1
1
1 1
1
1 1
1
1 1
1
1 1
1
1 1
1
1 1
1
1 1
1
1 1
1
1 1
1
1 1
1
1 1
1
1 1
1
1 1
1
1 1
1
1 1
1
1 1
1
1 1
1
1 1
1
1 1
1
1 1
1
1 1
1
1 1
1
1 1
1
1 1
3001
2000 1
2001 1
2003 1
2006 1
2010 1
2015 1
2021 1
2028 1
2036 1
2045 1
2055 1
2066 1
2078 1
2091 1
2105 1
2120 1
2136 1
2153 1
2171 1
2190 1
2210 1
2231 1
2253 1
2276 1
2300 1
2325 1
2351 1
2378 1
2406 1
2435 1
2465 1
2496 1
2528 1
2561 1
2595 1
2630 1
2666 1
2703 1
2741 1
2780 1
2820 1
2861 1
2903 1
2946 1
2990 1
3035 1
3081 1
3128 1
3176 1
3225 1
3275 1
3326 1
3378 1
3431 1
3485 1
3540 1
3596 1
3653 1
3711 1
3770 1
3830 1
3891 1
3953 1
4016 1
4080 1
4145 1
4211 1
4278 1
4346 1
4415 1
4485 1
4556 1
4628 1
4701 1
4775 1
4850 1
4926 1
5003 1
5081 1
5160 1
5240 1
5321 1
5403 1
5486 1
5570 1
5655 1
5741 1
5828 1
5916 1
6005 1
6095 1
6186 1
6278 1
6371 1
6465 1
6560 1
6656 1
6753 1
6851 1
6950 1
7050 1
7151 1
7253 1
7356 1
7460 1
7565 1
7671 1
7778 1
7886 1
7995 1
8105 1
8216 1
8328 1
8441 1
8555 1
8670 1
8786 1
8903 1
9021 1
9140 1
9260 1
9381 1
9503 1
9626 1
9750 1
9875 1
10001 1
10128 1
10256 1
10385 1
10515 1
10646 1
10778 1
10911 1
11045 1
11180 1
11316 1
11453 1
11591 1
11730 1
11870 1
12011 1
12153 1
12296 1
12440 1
12585 1
12731 1
12878 1
13026 1
13175 1
13325 1
13476 1
13628 1
13781 1
13935 1
14090 1
14246 1
14403 1
14561 1
14720 1
14880 1
15041 1
15203 1
15366 1
15530 1
15695 1
15861 1
16028 1
16196 1
16365 1
16535 1
16706 1
16878 1
17051 1
17225 1
17400 1
17576 1
17753 1
17931 1
18110 1
18290 1
18471 1
18653 1
18836 1
19020 1
19205 1
19391 1
19578 1
19766 1
19955 1
20145 1
20336 1
20528 1
20721 1
20915 1
21110 1
21306 1
21503 1
21701 1
21900 1
22100 1
22301 1
22503 1
22706 1
22910 1
23115 1
23321 1
23528 1
23736 1
23945 1
24155 1
24366 1
24578 1
24791 1
25005 1
25220 1
25436 1
25653 1
25871 1
26090 1
26310 1
26531 1
26753 1
26976 1
27200 1
27425 1
27651 1
27878 1
28106 1
28335 1
28565 1
28796 1
29028 1
29261 1
29495 1
29730 1
29966 1
30203 1
30441 1
30680 1
30920 1
31161 1
31403 1
31646 1
31890 1
32135 1
32381 1
32628 1
32876 1
33125 1
33375 1
33626 1
33878 1
34131 1
34385 1
34640 1
34896 1
35153 1
35411 1
35670 1
35930 1
36191 1
36453 1
36716 1
36980 1
37245 1
37511 1
37778 1
38046 1
38315 1
38585 1
38856 1
39128 1
39401 1
39675 1
39950 1
40226 1
40503 1
40781 1
41060 1
41340 1
41621 1
41903 1
42186 1
42470 1
42755 1
43041 1
43328 1
43616 1
43905 1
44195 1
44486 1
44778 1
45071 1
45365 1
45660 1
45956 1
46253 1
46551 1
46850 1
47150 1
47451 1
47753 1
48056 1
48360 1
48665 1
48971 1
49278 1
49586 1
49895 1
50205 1
50516 1
50828 1
51141 1
51455 1
51770 1
52086 1
52403 1
52721 1
53040 1
53360 1
53681 1
54003 1
54326 1
54650 1
54975 1
55301 1
55628 1
55956 1
56285 1
56615 1
56946 1
57278 1
57611 1
57945 1
58280 1
58616 1
58953 1
59291 1
59630 1
59970 1
60311 1
60653 1
60996 1
61340 1
61685 1
62031 1
62378 1
62726 1
63075 1
63425 1
63776 1
64128 1
64481 1
64835 1
65190 1
65546 1
65903 1
66261 1
66620 1
66980 1
67341 1
67703 1
68066 1
68430 1
68795 1
69161 1
69528 1
69896 1
70265 1
70635 1
71006 1
71378 1
71751 1
72125 1
72500 1
72876 1
73253 1
73631 1
74010 1
74390 1
74771 1
75153 1
75536 1
75920 1
76305 1
76691 1
77078 1
77466 1
77855 1
78245 1
78636 1
79028 1
79421 1
79815 1
80210 1
80606 1
81003 1
81401 1
81800 1
82200 1
82601 1
83003 1
83406 1
83810 1
84215 1
84621 1
85028 1
85436 1
85845 1
86255 1
86666 1
87078 1
87491 1
87905 1
88320 1
88736 1
89153 1
89571 1
89990 1
90410 1
90831 1
91253 1
91676 1
92100 1
92525 1
92951 1
93378 1
93806 1
94235 1
94665 1
95096 1
95528 1
95961 1
96395 1
96830 1
97266 1
97703 1
98141 1
98580 1
99020 1
99461 1
99903 1
100346 1
100790 1
101235 1
101681 1
102128 1
102576 1
103025 1
103475 1
103926 1
104378 1
104831 1
105285 1
105740 1
106196 1
106653 1
107111 1
107570 1
108030 1
108491 1
108953 1
109416 1
109880 1
110345 1
110811 1
111278 1
111746 1
112215 1
112685 1
113156 1
113628 1
114101 1
114575 1
115050 1
115526 1
116003 1
116481 1
116960 1
117440 1
117921 1
118403 1
118886 1
119370 1
119855 1
120341 1
120828 1
121316 1
121805 1
122295 1
122786 1
123278 1
123771 1
124265 1
124760 1
125256 1
125753 1
126251 1
126750 1
127250 1
127751 1
128253 1
128756 1
129260 1
129765 1
130271 1
130778 1
131286 1
131795 1
132305 1
132816 1
133328 1
133841 1
134355 1
134870 1
135386 1
135903 1
136421 1
136940 1
137460 1
137981 1
138503 1
139026 1
139550 1
140075 1
140601 1
141128 1
141656 1
142185 1
142715 1
143246 1
143778 1
144311 1
144845 1
145380 1
145916 1
146453 1
146991 1
147530 1
148070 1
148611 1
149153 1
149696 1
150240 1
150785 1
151331 1
151878 1
152426 1
152975 1
153525 1
154076 1
154628 1
155181 1
155735 1
156290 1
156846 1
157403 1
157961 1
158520 1
159080 1
159641 1
160203 1
160766 1
161330 1
161895 1
162461 1
163028 1
163596 1
164165 1
164735 1
165306 1
165878 1
166451 1
167025 1
167600 1
168176 1
168753 1
169331 1
169910 1
170490 1
171071 1
171653 1
172236 1
172820 1
173405 1
173991 1
174578 1
175166 1
175755 1
176345 1
176936 1
177528 1
178121 1
178715 1
179310 1
179906 1
180503 1
181101 1
181700 1
182300 1
182901 1
183503 1
184106 1
184710 1
185315 1
185921 1
186528 1
187136 1
187745 1
188355 1
188966 1
189578 1
190191 1
190805 1
191420 1
192036 1
192653 1
193271 1
193890 1
194510 1
195131 1
195753 1
196376 1
197000 1
197625 1
198251 1
198878 1
199506 1
200135 1
200765 1
201396 1
202028 1
202661 1
203295 1
203930 1
204566 1
205203 1
205841 1
206480 1
207120 1
207761 1
208403 1
209046 1
209690 1
210335 1
210981 1
211628 1
212276 1
212925 1
213575 1
214226 1
214878 1
215531 1
216185 1
216840 1
217496 1
218153 1
218811 1
219470 1
220130 1
220791 1
221453 1
222116 1
222780 1
223445 1
224111 1
224778 1
225446 1
226115 1
226785 1
227456 1
228128 1
228801 1
229475 1
230150 1
230826 1
231503 1
232181 1
232860 1
233540 1
234221 1
234903 1
235586 1
236270 1
236955 1
237641 1
238328 1
239016 1
239705 1
240395 1
241086 1
241778 1
242471 1
243165 1
243860 1
244556 1
245253 1
245951 1
246650 1
247350 1
248051 1
248753 1
249456 1
250160 1
250865 1
251571 1
252278 1
252986 1
253695 1
254405 1
255116 1
255828 1
256541 1
257255 1
257970 1
258686 1
259403 1
260121 1
260840 1
261560 1
262281 1
263003 1
263726 1
264450 1
265175 1
265901 1
266628 1
267356 1
268085 1
268815 1
269546 1
270278 1
271011 1
271745 1
272480 1
273216 1
273953 1
274691 1
275430 1
276170 1
276911 1
277653 1
278396 1
279140 1
279885 1
280631 1
281378 1
282126 1
282875 1
283625 1
284376 1
285128 1
285881 1
286635 1
287390 1
288146 1
288903 1
289661 1
290420 1
291180 1
291941 1
292703 1
293466 1
294230 1
294995 1
295761 1
296528 1
297296 1
298065 1
298835 1
299606 1
300378 1
301151 1
301925 1
302700 1
303476 1
304253 1
305031 1
305810 1
306590 1
307371 1
308153 1
308936 1
309720 1
310505 1
311291 1
312078 1
312866 1
313655 1
314445 1
315236 1
316028 1
316821 1
317615 1
318410 1
319206 1
320003 1
320801 1
321600 1
322400 1
323201 1
324003 1
324806 1
325610 1
326415 1
327221 1
328028 1
328836 1
329645 1
330455 1
331266 1
332078 1
332891 1
333705 1
334520 1
335336 1
336153 1
336971 1
337790 1
338610 1
339431 1
340253 1
341076 1
341900 1
342725 1
343551 1
344378 1
345206 1
346035 1
346865 1
347696 1
348528 1
349361 1
350195 1
351030 1
351866 1
352703 1
353541 1
354380 1
355220 1
356061 1
356903 1
357746 1
358590 1
359435 1
360281 1
361128 1
361976 1
362825 1
363675 1
364526 1
365378 1
366231 1
367085 1
367940 1
368796 1
369653 1
370511 1
371370 1
372230 1
373091 1
373953 1
374816 1
375680 1
376545 1
377411 1
378278 1
379146 1
380015 1
380885 1
381756 1
382628 1
383501 1
384375 1
385250 1
386126 1
387003 1
387881 1
388760 1
389640 1
390521 1
391403 1
392286 1
393170 1
394055 1
394941 1
395828 1
396716 1
397605 1
398495 1
399386 1
400278 1
401171 1
402065 1
402960 1
403856 1
404753 1
405651 1
406550 1
407450 1
408351 1
409253 1
410156 1
411060 1
411965 1
412871 1
413778 1
414686 1
415595 1
416505 1
417416 1
418328 1
419241 1
420155 1
421070 1
421986 1
422903 1
423821 1
424740 1
425660 1
426581 1
427503 1
428426 1
429350 1
430275 1
431201 1
432128 1
433056 1
433985 1
434915 1
435846 1
436778 1
437711 1
438645 1
439580 1
440516 1
441453 1
442391 1
443330 1
444270 1
445211 1
446153 1
447096 1
448040 1
448985 1
449931 1
450878 1
451826 1
452775 1
453725 1
454676 1
455628 1
456581 1
457535 1
458490 1
459446 1
460403 1
461361 1
462320 1
463280 1
464241 1
465203 1
466166 1
467130 1
468095 1
469061 1
470028 1
470996 1
471965 1
472935 1
473906 1
474878 1
475851 1
476825 1
477800 1
478776 1
479753 1
480731 1
481710 1
482690 1
483671 1
484653 1
485636 1
486620 1
487605 1
488591 1
489578 1
490566 1
491555 1
492545 1
493536 1
494528 1
495521 1
496515 1
497510 1
498506 1
499503 1
500501 1
501500 1
502500 1
503501 1
504503 1
505506 1
506510 1
507515 1
508521 1
509528 1
510536 1
511545 1
512555 1
513566 1
514578 1
515591 1
516605 1
517620 1
518636 1
519653 1
520671 1
521690 1
522710 1
523731 1
524753 1
525776 1
526800 1
527825 1
528851 1
529878 1
530906 1
531935 1
532965 1
533996 1
535028 1
536061 1
537095 1
538130 1
539166 1
540203 1
541241 1
542280 1
543320 1
544361 1
545403 1
546446 1
547490 1
548535 1
549581 1
550628 1
551676 1
552725 1
553775 1
554826 1
555878 1
556931 1
557985 1
559040 1
560096 1
561153 1
562211 1
563270 1
564330 1
565391 1
566453 1
567516 1
568580 1
569645 1
570711 1
571778 1
572846 1
573915 1
574985 1
576056 1
577128 1
578201 1
579275 1
580350 1
581426 1
582503 1
583581 1
584660 1
585740 1
586821 1
587903 1
588986 1
590070 1
591155 1
592241 1
593328 1
594416 1
595505 1
596595 1
597686 1
598778 1
599871 1
600965 1
602060 1
603156 1
604253 1
605351 1
606450 1
607550 1
608651 1
609753 1
610856 1
611960 1
613065 1
614171 1
615278 1
616386 1
617495 1
618605 1
619716 1
620828 1
621941 1
623055 1
624170 1
625286 1
626403 1
627521 1
628640 1
629760 1
630881 1
632003 1
633126 1
634250 1
635375 1
636501 1
637628 1
638756 1
639885 1
641015 1
642146 1
643278 1
644411 1
645545 1
646680 1
647816 1
648953 1
650091 1
651230 1
652370 1
653511 1
654653 1
655796 1
656940 1
658085 1
659231 1
660378 1
661526 1
662675 1
663825 1
664976 1
666128 1
667281 1
668435 1
669590 1
670746 1
671903 1
673061 1
674220 1
675380 1
676541 1
677703 1
678866 1
680030 1
681195 1
682361 1
683528 1
684696 1
685865 1
687035 1
688206 1
689378 1
690551 1
691725 1
692900 1
694076 1
695253 1
696431 1
697610 1
698790 1
699971 1
701153 1
702336 1
703520 1
704705 1
705891 1
707078 1
708266 1
709455 1
710645 1
711836 1
713028 1
714221 1
715415 1
716610 1
717806 1
719003 1
720201 1
721400 1
722600 1
723801 1
725003 1
726206 1
727410 1
728615 1
729821 1
731028 1
732236 1
733445 1
734655 1
735866 1
737078 1
738291 1
739505 1
740720 1
741936 1
743153 1
744371 1
745590 1
746810 1
748031 1
749253 1
750476 1
751700 1
752925 1
754151 1
755378 1
756606 1
757835 1
759065 1
760296 1
761528 1
762761 1
763995 1
765230 1
766466 1
767703 1
768941 1
770180 1
771420 1
772661 1
773903 1
775146 1
776390 1
777635 1
778881 1
780128 1
781376 1
782625 1
783875 1
785126 1
786378 1
787631 1
788885 1
790140 1
791396 1
792653 1
793911 1
795170 1
796430 1
797691 1
798953 1
800216 1
801480 1
802745 1
804011 1
805278 1
806546 1
807815 1
809085 1
810356 1
811628 1
812901 1
814175 1
815450 1
816726 1
818003 1
819281 1
820560 1
821840 1
823121 1
824403 1
825686 1
826970 1
828255 1
829541 1
830828 1
832116 1
833405 1
834695 1
835986 1
837278 1
838571 1
839865 1
841160 1
842456 1
843753 1
845051 1
846350 1
847650 1
848951 1
850253 1
851556 1
852860 1
854165 1
855471 1
856778 1
858086 1
859395 1
860705 1
862016 1
863328 1
864641 1
865955 1
867270 1
868586 1
869903 1
871221 1
872540 1
873860 1
875181 1
876503 1
877826 1
879150 1
880475 1
881801 1
883128 1
884456 1
885785 1
887115 1
888446 1
889778 1
891111 1
892445 1
893780 1
895116 1
896453 1
897791 1
899130 1
900470 1
901811 1
903153 1
904496 1
905840 1
907185 1
908531 1
909878 1
911226 1
912575 1
913925 1
915276 1
916628 1
917981 1
919335 1
920690 1
922046 1
923403 1
924761 1
926120 1
927480 1
928841 1
930203 1
931566 1
932930 1
934295 1
935661 1
937028 1
938396 1
939765 1
941135 1
942506 1
943878 1
945251 1
946625 1
948000 1
949376 1
950753 1
952131 1
953510 1
954890 1
956271 1
957653 1
959036 1
960420 1
961805 1
963191 1
964578 1
965966 1
967355 1
968745 1
970136 1
971528 1
972921 1
974315 1
975710 1
977106 1
978503 1
979901 1
981300 1
982700 1
984101 1
985503 1
986906 1
988310 1
989715 1
991121 1
992528 1
993936 1
995345 1
996755 1
998166 1
999578 1
1000991 1
1002405 1
1003820 1
1005236 1
1006653 1
1008071 1
1009490 1
1010910 1
1012331 1
1013753 1
1015176 1
1016600 1
1018025 1
1019451 1
1020878 1
1022306 1
1023735 1
1025165 1
1026596 1
1028028 1
1029461 1
1030895 1
1032330 1
1033766 1
1035203 1
1036641 1
1038080 1
1039520 1
1040961 1
1042403 1
1043846 1
1045290 1
1046735 1
1048181 1
1049628 1
1051076 1
1052525 1
1053975 1
1055426 1
1056878 1
1058331 1
1059785 1
1061240 1
1062696 1
1064153 1
1065611 1
1067070 1
1068530 1
1069991 1
1071453 1
1072916 1
1074380 1
1075845 1
1077311 1
1078778 1
1080246 1
1081715 1
1083185 1
1084656 1
1086128 1
1087601 1
1089075 1
1090550 1
1092026 1
1093503 1
1094981 1
1096460 1
1097940 1
1099421 1
1100903 1
1102386 1
1103870 1
1105355 1
1106841 1
1108328 1
1109816 1
1111305 1
1112795 1
1114286 1
1115778 1
1117271 1
1118765 1
1120260 1
1121756 1
1123253 1
1124751 1
1126250 1
1127750 1
1129251 1
1130753 1
1132256 1
1133760 1
1135265 1
1136771 1
1138278 1
1139786 1
1141295 1
1142805 1
1144316 1
1145828 1
1147341 1
1148855 1
1150370 1
1151886 1
1153403 1
1154921 1
1156440 1
1157960 1
1159481 1
1161003 1
1162526 1
1164050 1
1165575 1
1167101 1
1168628 1
1170156 1
1171685 1
1173215 1
1174746 1
1176278 1
1177811 1
1179345 1
1180880 1
1182416 1
1183953 1
1185491 1
1187030 1
1188570 1
1190111 1
1191653 1
1193196 1
1194740 1
1196285 1
1197831 1
1199378 1
1200926 1
1202475 1
1204025 1
1205576 1
1207128 1
1208681 1
1210235 1
1211790 1
1213346 1
1214903 1
1216461 1
1218020 1
1219580 1
1221141 1
1222703 1
1224266 1
1225830 1
1227395 1
1228961 1
1230528 1
1232096 1
1233665 1
1235235 1
1236806 1
1238378 1
1239951 1
1241525 1
1243100 1
1244676 1
1246253 1
1247831 1
1249410 1
1250990 1
1252571 1
1254153 1
1255736 1
1257320 1
1258905 1
1260491 1
1262078 1
1263666 1
1265255 1
1266845 1
1268436 1
1270028 1
1271621 1
1273215 1
1274810 1
1276406 1
1278003 1
1279601 1
1281200 1
1282800 1
1284401 1
1286003 1
1287606 1
1289210 1
1290815 1
1292421 1
1294028 1
1295636 1
1297245 1
1298855 1
1300466 1
1302078 1
1303691 1
1305305 1
1306920 1
1308536 1
1310153 1
1311771 1
1313390 1
1315010 1
1316631 1
1318253 1
1319876 1
1321500 1
1323125 1
1324751 1
1326378 1
1328006 1
1329635 1
1331265 1
1332896 1
1334528 1
1336161 1
1337795 1
1339430 1
1341066 1
1342703 1
1344341 1
1345980 1
1347620 1
1349261 1
1350903 1
1352546 1
1354190 1
1355835 1
1357481 1
1359128 1
1360776 1
1362425 1
1364075 1
1365726 1
1367378 1
1369031 1
1370685 1
1372340 1
1373996 1
1375653 1
1377311 1
1378970 1
1380630 1
1382291 1
1383953 1
1385616 1
1387280 1
1388945 1
1390611 1
1392278 1
1393946 1
1395615 1
1397285 1
1398956 1
1400628 1
1402301 1
1403975 1
1405650 1
1407326 1
1409003 1
1410681 1
1412360 1
1414040 1
1415721 1
1417403 1
1419086 1
1420770 1
1422455 1
1424141 1
1425828 1
1427516 1
1429205 1
1430895 1
1432586 1
1434278 1
1435971 1
1437665 1
1439360 1
1441056 1
1442753 1
1444451 1
1446150 1
1447850 1
1449551 1
1451253 1
1452956 1
1454660 1
1456365 1
1458071 1
1459778 1
1461486 1
1463195 1
1464905 1
1466616 1
1468328 1
1470041 1
1471755 1
1473470 1
1475186 1
1476903 1
1478621 1
1480340 1
1482060 1
1483781 1
1485503 1
1487226 1
1488950 1
1490675 1
1492401 1
1494128 1
1495856 1
1497585 1
1499315 1
1501046 1
1502778 1
1504511 1
1506245 1
1507980 1
1509716 1
1511453 1
1513191 1
1514930 1
1516670 1
1518411 1
1520153 1
1521896 1
1523640 1
1525385 1
1527131 1
1528878 1
1530626 1
1532375 1
1534125 1
1535876 1
1537628 1
1539381 1
1541135 1
1542890 1
1544646 1
1546403 1
1548161 1
1549920 1
1551680 1
1553441 1
1555203 1
1556966 1
1558730 1
1560495 1
1562261 1
1564028 1
1565796 1
1567565 1
1569335 1
1571106 1
1572878 1
1574651 1
1576425 1
1578200 1
1579976 1
1581753 1
1583531 1
1585310 1
1587090 1
1588871 1
1590653 1
1592436 1
1594220 1
1596005 1
1597791 1
1599578 1
1601366 1
1603155 1
1604945 1
1606736 1
1608528 1
1610321 1
1612115 1
1613910 1
1615706 1
1617503 1
1619301 1
1621100 1
1622900 1
1624701 1
1626503 1
1628306 1
1630110 1
1631915 1
1633721 1
1635528 1
1637336 1
1639145 1
1640955 1
1642766 1
1644578 1
1646391 1
1648205 1
1650020 1
1651836 1
1653653 1
1655471 1
1657290 1
1659110 1
1660931 1
1662753 1
1664576 1
1666400 1
1668225 1
1670051 1
1671878 1
1673706 1
1675535 1
1677365 1
1679196 1
1681028 1
1682861 1
1684695 1
1686530 1
1688366 1
1690203 1
1692041 1
1693880 1
1695720 1
1697561 1
1699403 1
1701246 1
1703090 1
1704935 1
1706781 1
1708628 1
1710476 1
1712325 1
1714175 1
1716026 1
1717878 1
1719731 1
1721585 1
1723440 1
1725296 1
1727153 1
1729011 1
1730870 1
1732730 1
1734591 1
1736453 1
1738316 1
1740180 1
1742045 1
1743911 1
1745778 1
1747646 1
1749515 1
1751385 1
1753256 1
1755128 1
1757001 1
1758875 1
1760750 1
1762626 1
1764503 1
1766381 1
1768260 1
1770140 1
1772021 1
1773903 1
1775786 1
1777670 1
1779555 1
1781441 1
1783328 1
1785216 1
1787105 1
1788995 1
1790886 1
1792778 1
1794671 1
1796565 1
1798460 1
1800356 1
1802253 1
1804151 1
1806050 1
1807950 1
1809851 1
1811753 1
1813656 1
1815560 1
1817465 1
1819371 1
1821278 1
1823186 1
1825095 1
1827005 1
1828916 1
1830828 1
1832741 1
1834655 1
1836570 1
1838486 1
1840403 1
1842321 1
1844240 1
1846160 1
1848081 1
1850003 1
1851926 1
1853850 1
1855775 1
1857701 1
1859628 1
1861556 1
1863485 1
1865415 1
1867346 1
1869278 1
1871211 1
1873145 1
1875080 1
1877016 1
1878953 1
1880891 1
1882830 1
1884770 1
1886711 1
1888653 1
1890596 1
1892540 1
1894485 1
1896431 1
1898378 1
1900326 1
1902275 1
1904225 1
1906176 1
1908128 1
1910081 1
1912035 1
1913990 1
1915946 1
1917903 1
1919861 1
1921820 1
1923780 1
1925741 1
1927703 1
1929666 1
1931630 1
1933595 1
1935561 1
1937528 1
1939496 1
1941465 1
1943435 1
1945406 1
1947378 1
1949351 1
1951325 1
1953300 1
1955276 1
1957253 1
1959231 1
1961210 1
1963190 1
1965171 1
1967153 1
1969136 1
1971120 1
1973105 1
1975091 1
1977078 1
1979066 1
1981055 1
1983045 1
1985036 1
1987028 1
1989021 1
1991015 1
1993010 1
1995006 1
1997003 1
1999001 1
2001000 1
2003000 1
2005001 1
2007003 1
2009006 1
2011010 1
2013015 1
2015021 1
2017028 1
2019036 1
2021045 1
2023055 1
2025066 1
2027078 1
2029091 1
2031105 1
2033120 1
2035136 1
2037153 1
2039171 1
2041190 1
2043210 1
2045231 1
2047253 1
2049276 1
2051300 1
2053325 1
2055351 1
2057378 1
2059406 1
2061435 1
2063465 1
2065496 1
2067528 1
2069561 1
2071595 1
2073630 1
2075666 1
2077703 1
2079741 1
2081780 1
2083820 1
2085861 1
2087903 1
2089946 1
2091990 1
2094035 1
2096081 1
2098128 1
2100176 1
2102225 1
2104275 1
2106326 1
2108378 1
2110431 1
2112485 1
2114540 1
2116596 1
2118653 1
2120711 1
2122770 1
2124830 1
2126891 1
2128953 1
2131016 1
2133080 1
2135145 1
2137211 1
2139278 1
2141346 1
2143415 1
2145485 1
2147556 1
2149628 1
2151701 1
2153775 1
2155850 1
2157926 1
2160003 1
2162081 1
2164160 1
2166240 1
2168321 1
2170403 1
2172486 1
2174570 1
2176655 1
2178741 1
2180828 1
2182916 1
2185005 1
2187095 1
2189186 1
2191278 1
2193371 1
2195465 1
2197560 1
2199656 1
2201753 1
2203851 1
2205950 1
2208050 1
2210151 1
2212253 1
2214356 1
2216460 1
2218565 1
2220671 1
2222778 1
2224886 1
2226995 1
2229105 1
2231216 1
2233328 1
2235441 1
2237555 1
2239670 1
2241786 1
2243903 1
2246021 1
2248140 1
2250260 1
2252381 1
2254503 1
2256626 1
2258750 1
2260875 1
2263001 1
2265128 1
2267256 1
2269385 1
2271515 1
2273646 1
2275778 1
2277911 1
2280045 1
2282180 1
2284316 1
2286453 1
2288591 1
2290730 1
2292870 1
2295011 1
2297153 1
2299296 1
2301440 1
2303585 1
2305731 1
2307878 1
2310026 1
2312175 1
2314325 1
2316476 1
2318628 1
2320781 1
2322935 1
2325090 1
2327246 1
2329403 1
2331561 1
2333720 1
2335880 1
2338041 1
2340203 1
2342366 1
2344530 1
2346695 1
2348861 1
2351028 1
2353196 1
2355365 1
2357535 1
2359706 1
2361878 1
2364051 1
2366225 1
2368400 1
2370576 1
2372753 1
2374931 1
2377110 1
2379290 1
2381471 1
2383653 1
2385836 1
2388020 1
2390205 1
2392391 1
2394578 1
2396766 1
2398955 1
2401145 1
2403336 1
2405528 1
2407721 1
2409915 1
2412110 1
2414306 1
2416503 1
2418701 1
2420900 1
2423100 1
2425301 1
2427503 1
2429706 1
2431910 1
2434115 1
2436321 1
2438528 1
2440736 1
2442945 1
2445155 1
2447366 1
2449578 1
2451791 1
2454005 1
2456220 1
2458436 1
2460653 1
2462871 1
2465090 1
2467310 1
2469531 1
2471753 1
2473976 1
2476200 1
2478425 1
2480651 1
2482878 1
2485106 1
2487335 1
2489565 1
2491796 1
2494028 1
2496261 1
2498495 1
2500730 1
2502966 1
2505203 1
2507441 1
2509680 1
2511920 1
2514161 1
2516403 1
2518646 1
2520890 1
2523135 1
2525381 1
2527628 1
2529876 1
2532125 1
2534375 1
2536626 1
2538878 1
2541131 1
2543385 1
2545640 1
2547896 1
2550153 1
2552411 1
2554670 1
2556930 1
2559191 1
2561453 1
2563716 1
2565980 1
2568245 1
2570511 1
2572778 1
2575046 1
2577315 1
2579585 1
2581856 1
2584128 1
2586401 1
2588675 1
2590950 1
2593226 1
2595503 1
2597781 1
2600060 1
2602340 1
2604621 1
2606903 1
2609186 1
2611470 1
2613755 1
2616041 1
2618328 1
2620616 1
2622905 1
2625195 1
2627486 1
2629778 1
2632071 1
2634365 1
2636660 1
2638956 1
2641253 1
2643551 1
2645850 1
2648150 1
2650451 1
2652753 1
2655056 1
2657360 1
2659665 1
2661971 1
2664278 1
2666586 1
2668895 1
2671205 1
2673516 1
2675828 1
2678141 1
2680455 1
2682770 1
2685086 1
2687403 1
2689721 1
2692040 1
2694360 1
2696681 1
2699003 1
2701326 1
2703650 1
2705975 1
2708301 1
2710628 1
2712956 1
2715285 1
2717615 1
2719946 1
2722278 1
2724611 1
2726945 1
2729280 1
2731616 1
2733953 1
2736291 1
2738630 1
2740970 1
2743311 1
2745653 1
2747996 1
2750340 1
2752685 1
2755031 1
2757378 1
2759726 1
2762075 1
2764425 1
2766776 1
2769128 1
2771481 1
2773835 1
2776190 1
2778546 1
2780903 1
2783261 1
2785620 1
2787980 1
2790341 1
2792703 1
2795066 1
2797430 1
2799795 1
2802161 1
2804528 1
2806896 1
2809265 1
2811635 1
2814006 1
2816378 1
2818751 1
2821125 1
2823500 1
2825876 1
2828253 1
2830631 1
2833010 1
2835390 1
2837771 1
2840153 1
2842536 1
2844920 1
2847305 1
2849691 1
2852078 1
2854466 1
2856855 1
2859245 1
2861636 1
2864028 1
2866421 1
2868815 1
2871210 1
2873606 1
2876003 1
2878401 1
2880800 1
2883200 1
2885601 1
2888003 1
2890406 1
2892810 1
2895215 1
2897621 1
2900028 1
2902436 1
2904845 1
2907255 1
2909666 1
2912078 1
2914491 1
2916905 1
2919320 1
2921736 1
2924153 1
2926571 1
2928990 1
2931410 1
2933831 1
2936253 1
2938676 1
2941100 1
2943525 1
2945951 1
2948378 1
2950806 1
2953235 1
2955665 1
2958096 1
2960528 1
2962961 1
2965395 1
2967830 1
2970266 1
2972703 1
2975141 1
2977580 1
2980020 1
2982461 1
2984903 1
2987346 1
2989790 1
2992235 1
2994681 1
2997128 1
2999576 1
3002025 1
3004475 1
3006926 1
3009378 1
3011831 1
3014285 1
3016740 1
3019196 1
3021653 1
3024111 1
3026570 1
3029030 1
3031491 1
3033953 1
3036416 1
3038880 1
3041345 1
3043811 1
3046278 1
3048746 1
3051215 1
3053685 1
3056156 1
3058628 1
3061101 1
3063575 1
3066050 1
3068526 1
3071003 1
3073481 1
3075960 1
3078440 1
3080921 1
3083403 1
3085886 1
3088370 1
3090855 1
3093341 1
3095828 1
3098316 1
3100805 1
3103295 1
3105786 1
3108278 1
3110771 1
3113265 1
3115760 1
3118256 1
3120753 1
3123251 1
3125750 1
3128250 1
3130751 1
3133253 1
3135756 1
3138260 1
3140765 1
3143271 1
3145778 1
3148286 1
3150795 1
3153305 1
3155816 1
3158328 1
3160841 1
3163355 1
3165870 1
3168386 1
3170903 1
3173421 1
3175940 1
3178460 1
3180981 1
3183503 1
3186026 1
3188550 1
3191075 1
3193601 1
3196128 1
3198656 1
3201185 1
3203715 1
3206246 1
3208778 1
3211311 1
3213845 1
3216380 1
3218916 1
3221453 1
3223991 1
3226530 1
3229070 1
3231611 1
3234153 1
3236696 1
3239240 1
3241785 1
3244331 1
3246878 1
3249426 1
3251975 1
3254525 1
3257076 1
3259628 1
3262181 1
3264735 1
3267290 1
3269846 1
3272403 1
3274961 1
3277520 1
3280080 1
3282641 1
3285203 1
3287766 1
3290330 1
3292895 1
3295461 1
3298028 1
3300596 1
3303165 1
3305735 1
3308306 1
3310878 1
3313451 1
3316025 1
3318600 1
3321176 1
3323753 1
3326331 1
3328910 1
3331490 1
3334071 1
3336653 1
3339236 1
3341820 1
3344405 1
3346991 1
3349578 1
3352166 1
3354755 1
3357345 1
3359936 1
3362528 1
3365121 1
3367715 1
3370310 1
3372906 1
3375503 1
3378101 1
3380700 1
3383300 1
3385901 1
3388503 1
3391106 1
3393710 1
3396315 1
3398921 1
3401528 1
3404136 1
3406745 1
3409355 1
3411966 1
3414578 1
3417191 1
3419805 1
3422420 1
3425036 1
3427653 1
3430271 1
3432890 1
3435510 1
3438131 1
3440753 1
3443376 1
3446000 1
3448625 1
3451251 1
3453878 1
3456506 1
3459135 1
3461765 1
3464396 1
3467028 1
3469661 1
3472295 1
3474930 1
3477566 1
3480203 1
3482841 1
3485480 1
3488120 1
3490761 1
3493403 1
3496046 1
3498690 1
3501335 1
3503981 1
3506628 1
3509276 1
3511925 1
3514575 1
3517226 1
3519878 1
3522531 1
3525185 1
3527840 1
3530496 1
3533153 1
3535811 1
3538470 1
3541130 1
3543791 1
3546453 1
3549116 1
3551780 1
3554445 1
3557111 1
3559778 1
3562446 1
3565115 1
3567785 1
3570456 1
3573128 1
3575801 1
3578475 1
3581150 1
3583826 1
3586503 1
3589181 1
3591860 1
3594540 1
3597221 1
3599903 1
3602586 1
3605270 1
3607955 1
3610641 1
3613328 1
3616016 1
3618705 1
3621395 1
3624086 1
3626778 1
3629471 1
3632165 1
3634860 1
3637556 1
3640253 1
3642951 1
3645650 1
3648350 1
3651051 1
3653753 1
3656456 1
3659160 1
3661865 1
3664571 1
3667278 1
3669986 1
3672695 1
3675405 1
3678116 1
3680828 1
3683541 1
3686255 1
3688970 1
3691686 1
3694403 1
3697121 1
3699840 1
3702560 1
3705281 1
3708003 1
3710726 1
3713450 1
3716175 1
3718901 1
3721628 1
3724356 1
3727085 1
3729815 1
3732546 1
3735278 1
3738011 1
3740745 1
3743480 1
3746216 1
3748953 1
3751691 1
3754430 1
3757170 1
3759911 1
3762653 1
3765396 1
3768140 1
3770885 1
3773631 1
3776378 1
3779126 1
3781875 1
3784625 1
3787376 1
3790128 1
3792881 1
3795635 1
3798390 1
3801146 1
3803903 1
3806661 1
3809420 1
3812180 1
3814941 1
3817703 1
3820466 1
3823230 1
3825995 1
3828761 1
3831528 1
3834296 1
3837065 1
3839835 1
3842606 1
3845378 1
3848151 1
3850925 1
3853700 1
3856476 1
3859253 1
3862031 1
3864810 1
3867590 1
3870371 1
3873153 1
3875936 1
3878720 1
3881505 1
3884291 1
3887078 1
3889866 1
3892655 1
3895445 1
3898236 1
3901028 1
3903821 1
3906615 1
3909410 1
3912206 1
3915003 1
3917801 1
3920600 1
3923400 1
3926201 1
3929003 1
3931806 1
3934610 1
3937415 1
3940221 1
3943028 1
3945836 1
3948645 1
3951455 1
3954266 1
3957078 1
3959891 1
3962705 1
3965520 1
3968336 1
3971153 1
3973971 1
3976790 1
3979610 1
3982431 1
3985253 1
3988076 1
3990900 1
3993725 1
3996551 1
3999378 1
4002206 1
4005035 1
4007865 1
4010696 1
4013528 1
4016361 1
4019195 1
4022030 1
4024866 1
4027703 1
4030541 1
4033380 1
4036220 1
4039061 1
4041903 1
4044746 1
4047590 1
4050435 1
4053281 1
4056128 1
4058976 1
4061825 1
4064675 1
4067526 1
4070378 1
4073231 1
4076085 1
4078940 1
4081796 1
4084653 1
4087511 1
4090370 1
4093230 1
4096091 1
4098953 1
4101816 1
4104680 1
4107545 1
4110411 1
4113278 1
4116146 1
4119015 1
4121885 1
4124756 1
4127628 1
4130501 1
4133375 1
4136250 1
4139126 1
4142003 1
4144881 1
4147760 1
4150640 1
4153521 1
4156403 1
4159286 1
4162170 1
4165055 1
4167941 1
4170828 1
4173716 1
4176605 1
4179495 1
4182386 1
4185278 1
4188171 1
4191065 1
4193960 1
4196856 1
4199753 1
4202651 1
4205550 1
4208450 1
4211351 1
4214253 1
4217156 1
4220060 1
4222965 1
4225871 1
4228778 1
4231686 1
4234595 1
4237505 1
4240416 1
4243328 1
4246241 1
4249155 1
4252070 1
4254986 1
4257903 1
4260821 1
4263740 1
4266660 1
4269581 1
4272503 1
4275426 1
4278350 1
4281275 1
4284201 1
4287128 1
4290056 1
4292985 1
4295915 1
4298846 1
4301778 1
4304711 1
4307645 1
4310580 1
4313516 1
4316453 1
4319391 1
4322330 1
4325270 1
4328211 1
4331153 1
4334096 1
4337040 1
4339985 1
4342931 1
4345878 1
4348826 1
4351775 1
4354725 1
4357676 1
4360628 1
4363581 1
4366535 1
4369490 1
4372446 1
4375403 1
4378361 1
4381320 1
4384280 1
4387241 1
4390203 1
4393166 1
4396130 1
4399095 1
4402061 1
4405028 1
4407996 1
4410965 1
4413935 1
4416906 1
4419878 1
4422851 1
4425825 1
4428800 1
4431776 1
4434753 1
4437731 1
4440710 1
4443690 1
4446671 1
4449653 1
4452636 1
4455620 1
4458605 1
4461591 1
4464578 1
4467566 1
4470555 1
4473545 1
4476536 1
4479528 1
4482521 1
4485515 1
4488510 1
4491506 1
4494503 1
4497501 1
4500500 1
4503500 1
