1 1000
5000
1 1
2 1
4 1
7 1
11 1
16 1
22 1
29 1
37 1
46 1
56 1
67 1
79 1
92 1
106 1
121 1
137 1
154 1
172 1
191 1
211 1
232 1
254 1
277 1
301 1
326 1
352 1
379 1
407 1
436 1
466 1
497 1
529 1
562 1
596 1
631 1
667 1
704 1
742 1
781 1
821 1
862 1
904 1
947 1
991 1
1036 1
1082 1
1129 1
1177 1
1226 1
1276 1
1327 1
1379 1
1432 1
1486 1
1541 1
1597 1
1654 1
1712 1
1771 1
1831 1
1892 1
1954 1
2017 1
2081 1
2146 1
2212 1
2279 1
2347 1
2416 1
2486 1
2557 1
2629 1
2702 1
2776 1
2851 1
2927 1
3004 1
3082 1
3161 1
3241 1
3322 1
3404 1
3487 1
3571 1
3656 1
3742 1
3829 1
3917 1
4006 1
4096 1
4187 1
4279 1
4372 1
4466 1
4561 1
4657 1
4754 1
4852 1
4951 1
5051 1
5152 1
5254 1
5357 1
5461 1
5566 1
5672 1
5779 1
5887 1
5996 1
6106 1
6217 1
6329 1
6442 1
6556 1
6671 1
6787 1
6904 1
7022 1
7141 1
7261 1
7382 1
7504 1
7627 1
7751 1
7876 1
8002 1
8129 1
8257 1
8386 1
8516 1
8647 1
8779 1
8912 1
9046 1
9181 1
9317 1
9454 1
9592 1
9731 1
9871 1
10012 1
10154 1
10297 1
10441 1
10586 1
10732 1
10879 1
11027 1
11176 1
11326 1
11477 1
11629 1
11782 1
11936 1
12091 1
12247 1
12404 1
12562 1
12721 1
12881 1
13042 1
13204 1
13367 1
13531 1
13696 1
13862 1
14029 1
14197 1
14366 1
14536 1
14707 1
14879 1
15052 1
15226 1
15401 1
15577 1
15754 1
15932 1
16111 1
16291 1
16472 1
16654 1
16837 1
17021 1
17206 1
17392 1
17579 1
17767 1
17956 1
18146 1
18337 1
18529 1
18722 1
18916 1
19111 1
19307 1
19504 1
19702 1
19901 1
20101 1
20302 1
20504 1
20707 1
20911 1
21116 1
21322 1
21529 1
21737 1
21946 1
22156 1
22367 1
22579 1
22792 1
23006 1
23221 1
23437 1
23654 1
23872 1
24091 1
24311 1
24532 1
24754 1
24977 1
25201 1
25426 1
25652 1
25879 1
26107 1
26336 1
26566 1
26797 1
27029 1
27262 1
27496 1
27731 1
27967 1
28204 1
28442 1
28681 1
28921 1
29162 1
29404 1
29647 1
29891 1
30136 1
30382 1
30629 1
30877 1
31126 1
31376 1
31627 1
31879 1
32132 1
32386 1
32641 1
32897 1
33154 1
33412 1
33671 1
33931 1
34192 1
34454 1
34717 1
34981 1
35246 1
35512 1
35779 1
36047 1
36316 1
36586 1
36857 1
37129 1
37402 1
37676 1
37951 1
38227 1
38504 1
38782 1
39061 1
39341 1
39622 1
39904 1
40187 1
40471 1
40756 1
41042 1
41329 1
41617 1
41906 1
42196 1
42487 1
42779 1
43072 1
43366 1
43661 1
43957 1
44254 1
44552 1
44851 1
45151 1
45452 1
45754 1
46057 1
46361 1
46666 1
46972 1
47279 1
47587 1
47896 1
48206 1
48517 1
48829 1
49142 1
49456 1
49771 1
50087 1
50404 1
50722 1
51041 1
51361 1
51682 1
52004 1
52327 1
52651 1
52976 1
53302 1
53629 1
53957 1
54286 1
54616 1
54947 1
55279 1
55612 1
55946 1
56281 1
56617 1
56954 1
57292 1
57631 1
57971 1
58312 1
58654 1
58997 1
59341 1
59686 1
60032 1
60379 1
60727 1
61076 1
61426 1
61777 1
62129 1
62482 1
62836 1
63191 1
63547 1
63904 1
64262 1
64621 1
64981 1
65342 1
65704 1
66067 1
66431 1
66796 1
67162 1
67529 1
67897 1
68266 1
68636 1
69007 1
69379 1
69752 1
70126 1
70501 1
70877 1
71254 1
71632 1
72011 1
72391 1
72772 1
73154 1
73537 1
73921 1
74306 1
74692 1
75079 1
75467 1
75856 1
76246 1
76637 1
77029 1
77422 1
77816 1
78211 1
78607 1
79004 1
79402 1
79801 1
80201 1
80602 1
81004 1
81407 1
81811 1
82216 1
82622 1
83029 1
83437 1
83846 1
84256 1
84667 1
85079 1
85492 1
85906 1
86321 1
86737 1
87154 1
87572 1
87991 1
88411 1
88832 1
89254 1
89677 1
90101 1
90526 1
90952 1
91379 1
91807 1
92236 1
92666 1
93097 1
93529 1
93962 1
94396 1
94831 1
95267 1
95704 1
96142 1
96581 1
97021 1
97462 1
97904 1
98347 1
98791 1
99236 1
99682 1
100129 1
100577 1
101026 1
101476 1
101927 1
102379 1
102832 1
103286 1
103741 1
104197 1
104654 1
105112 1
105571 1
106031 1
106492 1
106954 1
107417 1
107881 1
108346 1
108812 1
109279 1
109747 1
110216 1
110686 1
111157 1
111629 1
112102 1
112576 1
113051 1
113527 1
114004 1
114482 1
114961 1
115441 1
115922 1
116404 1
116887 1
117371 1
117856 1
118342 1
118829 1
119317 1
119806 1
120296 1
120787 1
121279 1
121772 1
122266 1
122761 1
123257 1
123754 1
124252 1
124751 1
125251 1
125752 1
126254 1
126757 1
127261 1
127766 1
128272 1
128779 1
129287 1
129796 1
130306 1
130817 1
131329 1
131842 1
132356 1
132871 1
133387 1
133904 1
134422 1
134941 1
135461 1
135982 1
136504 1
137027 1
137551 1
138076 1
138602 1
139129 1
139657 1
140186 1
140716 1
141247 1
141779 1
142312 1
142846 1
143381 1
143917 1
144454 1
144992 1
145531 1
146071 1
146612 1
147154 1
147697 1
148241 1
148786 1
149332 1
149879 1
150427 1
150976 1
151526 1
152077 1
152629 1
153182 1
153736 1
154291 1
154847 1
155404 1
155962 1
156521 1
157081 1
157642 1
158204 1
158767 1
159331 1
159896 1
160462 1
161029 1
161597 1
162166 1
162736 1
163307 1
163879 1
164452 1
165026 1
165601 1
166177 1
166754 1
167332 1
167911 1
168491 1
169072 1
169654 1
170237 1
170821 1
171406 1
171992 1
172579 1
173167 1
173756 1
174346 1
174937 1
175529 1
176122 1
176716 1
177311 1
177907 1
178504 1
179102 1
179701 1
180301 1
180902 1
181504 1
182107 1
182711 1
183316 1
183922 1
184529 1
185137 1
185746 1
186356 1
186967 1
187579 1
188192 1
188806 1
189421 1
190037 1
190654 1
191272 1
191891 1
192511 1
193132 1
193754 1
194377 1
195001 1
195626 1
196252 1
196879 1
197507 1
198136 1
198766 1
199397 1
200029 1
200662 1
201296 1
201931 1
202567 1
203204 1
203842 1
204481 1
205121 1
205762 1
206404 1
207047 1
207691 1
208336 1
208982 1
209629 1
210277 1
210926 1
211576 1
212227 1
212879 1
213532 1
214186 1
214841 1
215497 1
216154 1
216812 1
217471 1
218131 1
218792 1
219454 1
220117 1
220781 1
221446 1
222112 1
222779 1
223447 1
224116 1
224786 1
225457 1
226129 1
226802 1
227476 1
228151 1
228827 1
229504 1
230182 1
230861 1
231541 1
232222 1
232904 1
233587 1
234271 1
234956 1
235642 1
236329 1
237017 1
237706 1
238396 1
239087 1
239779 1
240472 1
241166 1
241861 1
242557 1
243254 1
243952 1
244651 1
245351 1
246052 1
246754 1
247457 1
248161 1
248866 1
249572 1
250279 1
250987 1
251696 1
252406 1
253117 1
253829 1
254542 1
255256 1
255971 1
256687 1
257404 1
258122 1
258841 1
259561 1
260282 1
261004 1
261727 1
262451 1
263176 1
263902 1
264629 1
265357 1
266086 1
266816 1
267547 1
268279 1
269012 1
269746 1
270481 1
271217 1
271954 1
272692 1
273431 1
274171 1
274912 1
275654 1
276397 1
277141 1
277886 1
278632 1
279379 1
280127 1
280876 1
281626 1
282377 1
283129 1
283882 1
284636 1
285391 1
286147 1
286904 1
287662 1
288421 1
289181 1
289942 1
290704 1
291467 1
292231 1
292996 1
293762 1
294529 1
295297 1
296066 1
296836 1
297607 1
298379 1
299152 1
299926 1
300701 1
301477 1
302254 1
303032 1
303811 1
304591 1
305372 1
306154 1
306937 1
307721 1
308506 1
309292 1
310079 1
310867 1
311656 1
312446 1
313237 1
314029 1
314822 1
315616 1
316411 1
317207 1
318004 1
318802 1
319601 1
320401 1
321202 1
322004 1
322807 1
323611 1
324416 1
325222 1
326029 1
326837 1
327646 1
328456 1
329267 1
330079 1
330892 1
331706 1
332521 1
333337 1
334154 1
334972 1
335791 1
336611 1
337432 1
338254 1
339077 1
339901 1
340726 1
341552 1
342379 1
343207 1
344036 1
344866 1
345697 1
346529 1
347362 1
348196 1
349031 1
349867 1
350704 1
351542 1
352381 1
353221 1
354062 1
354904 1
355747 1
356591 1
357436 1
358282 1
359129 1
359977 1
360826 1
361676 1
362527 1
363379 1
364232 1
365086 1
365941 1
366797 1
367654 1
368512 1
369371 1
370231 1
371092 1
371954 1
372817 1
373681 1
374546 1
375412 1
376279 1
377147 1
378016 1
378886 1
379757 1
380629 1
381502 1
382376 1
383251 1
384127 1
385004 1
385882 1
386761 1
387641 1
388522 1
389404 1
390287 1
391171 1
392056 1
392942 1
393829 1
394717 1
395606 1
396496 1
397387 1
398279 1
399172 1
400066 1
400961 1
401857 1
402754 1
403652 1
404551 1
405451 1
406352 1
407254 1
408157 1
409061 1
409966 1
410872 1
411779 1
412687 1
413596 1
414506 1
415417 1
416329 1
417242 1
418156 1
419071 1
419987 1
420904 1
421822 1
422741 1
423661 1
424582 1
425504 1
426427 1
427351 1
428276 1
429202 1
430129 1
431057 1
431986 1
432916 1
433847 1
434779 1
435712 1
436646 1
437581 1
438517 1
439454 1
440392 1
441331 1
442271 1
443212 1
444154 1
445097 1
446041 1
446986 1
447932 1
448879 1
449827 1
450776 1
451726 1
452677 1
453629 1
454582 1
455536 1
456491 1
457447 1
458404 1
459362 1
460321 1
461281 1
462242 1
463204 1
464167 1
465131 1
466096 1
467062 1
468029 1
468997 1
469966 1
470936 1
471907 1
472879 1
473852 1
474826 1
475801 1
476777 1
477754 1
478732 1
479711 1
480691 1
481672 1
482654 1
483637 1
484621 1
485606 1
486592 1
487579 1
488567 1
489556 1
490546 1
491537 1
492529 1
493522 1
494516 1
495511 1
496507 1
497504 1
498502 1
499501 1
500501 1
501502 1
502504 1
503507 1
504511 1
505516 1
506522 1
507529 1
508537 1
509546 1
510556 1
511567 1
512579 1
513592 1
514606 1
515621 1
516637 1
517654 1
518672 1
519691 1
520711 1
521732 1
522754 1
523777 1
524801 1
525826 1
526852 1
527879 1
528907 1
529936 1
530966 1
531997 1
533029 1
534062 1
535096 1
536131 1
537167 1
538204 1
539242 1
540281 1
541321 1
542362 1
543404 1
544447 1
545491 1
546536 1
547582 1
548629 1
549677 1
550726 1
551776 1
552827 1
553879 1
554932 1
555986 1
557041 1
558097 1
559154 1
560212 1
561271 1
562331 1
563392 1
564454 1
565517 1
566581 1
567646 1
568712 1
569779 1
570847 1
571916 1
572986 1
574057 1
575129 1
576202 1
577276 1
578351 1
579427 1
580504 1
581582 1
582661 1
583741 1
584822 1
585904 1
586987 1
588071 1
589156 1
590242 1
591329 1
592417 1
593506 1
594596 1
595687 1
596779 1
597872 1
598966 1
600061 1
601157 1
602254 1
603352 1
604451 1
605551 1
606652 1
607754 1
608857 1
609961 1
611066 1
612172 1
613279 1
614387 1
615496 1
616606 1
617717 1
618829 1
619942 1
621056 1
622171 1
623287 1
624404 1
625522 1
626641 1
627761 1
628882 1
630004 1
631127 1
632251 1
633376 1
634502 1
635629 1
636757 1
637886 1
639016 1
640147 1
641279 1
642412 1
643546 1
644681 1
645817 1
646954 1
648092 1
649231 1
650371 1
651512 1
652654 1
653797 1
654941 1
656086 1
657232 1
658379 1
659527 1
660676 1
661826 1
662977 1
664129 1
665282 1
666436 1
667591 1
668747 1
669904 1
671062 1
672221 1
673381 1
674542 1
675704 1
676867 1
678031 1
679196 1
680362 1
681529 1
682697 1
683866 1
685036 1
686207 1
687379 1
688552 1
689726 1
690901 1
692077 1
693254 1
694432 1
695611 1
696791 1
697972 1
699154 1
700337 1
701521 1
702706 1
703892 1
705079 1
706267 1
707456 1
708646 1
709837 1
711029 1
712222 1
713416 1
714611 1
715807 1
717004 1
718202 1
719401 1
720601 1
721802 1
723004 1
724207 1
725411 1
726616 1
727822 1
729029 1
730237 1
731446 1
732656 1
733867 1
735079 1
736292 1
737506 1
738721 1
739937 1
741154 1
742372 1
743591 1
744811 1
746032 1
747254 1
748477 1
749701 1
750926 1
752152 1
753379 1
754607 1
755836 1
757066 1
758297 1
759529 1
760762 1
761996 1
763231 1
764467 1
765704 1
766942 1
768181 1
769421 1
770662 1
771904 1
773147 1
774391 1
775636 1
776882 1
778129 1
779377 1
780626 1
781876 1
783127 1
784379 1
785632 1
786886 1
788141 1
789397 1
790654 1
791912 1
793171 1
794431 1
795692 1
796954 1
798217 1
799481 1
800746 1
802012 1
803279 1
804547 1
805816 1
807086 1
808357 1
809629 1
810902 1
812176 1
813451 1
814727 1
816004 1
817282 1
818561 1
819841 1
821122 1
822404 1
823687 1
824971 1
826256 1
827542 1
828829 1
830117 1
831406 1
832696 1
833987 1
835279 1
836572 1
837866 1
839161 1
840457 1
841754 1
843052 1
844351 1
845651 1
846952 1
848254 1
849557 1
850861 1
852166 1
853472 1
854779 1
856087 1
857396 1
858706 1
860017 1
861329 1
862642 1
863956 1
865271 1
866587 1
867904 1
869222 1
870541 1
871861 1
873182 1
874504 1
875827 1
877151 1
878476 1
879802 1
881129 1
882457 1
883786 1
885116 1
886447 1
887779 1
889112 1
890446 1
891781 1
893117 1
894454 1
895792 1
897131 1
898471 1
899812 1
901154 1
902497 1
903841 1
905186 1
906532 1
907879 1
909227 1
910576 1
911926 1
913277 1
914629 1
915982 1
917336 1
918691 1
920047 1
921404 1
922762 1
924121 1
925481 1
926842 1
928204 1
929567 1
930931 1
932296 1
933662 1
935029 1
936397 1
937766 1
939136 1
940507 1
941879 1
943252 1
944626 1
946001 1
947377 1
948754 1
950132 1
951511 1
952891 1
954272 1
955654 1
957037 1
958421 1
959806 1
961192 1
962579 1
963967 1
965356 1
966746 1
968137 1
969529 1
970922 1
972316 1
973711 1
975107 1
976504 1
977902 1
979301 1
980701 1
982102 1
983504 1
984907 1
986311 1
987716 1
989122 1
990529 1
991937 1
993346 1
994756 1
996167 1
997579 1
998992 1
1000406 1
1001821 1
1003237 1
1004654 1
1006072 1
1007491 1
1008911 1
1010332 1
1011754 1
1013177 1
1014601 1
1016026 1
1017452 1
1018879 1
1020307 1
1021736 1
1023166 1
1024597 1
1026029 1
1027462 1
1028896 1
1030331 1
1031767 1
1033204 1
1034642 1
1036081 1
1037521 1
1038962 1
1040404 1
1041847 1
1043291 1
1044736 1
1046182 1
1047629 1
1049077 1
1050526 1
1051976 1
1053427 1
1054879 1
1056332 1
1057786 1
1059241 1
1060697 1
1062154 1
1063612 1
1065071 1
1066531 1
1067992 1
1069454 1
1070917 1
1072381 1
1073846 1
1075312 1
1076779 1
1078247 1
1079716 1
1081186 1
1082657 1
1084129 1
1085602 1
1087076 1
1088551 1
1090027 1
1091504 1
1092982 1
1094461 1
1095941 1
1097422 1
1098904 1
1100387 1
1101871 1
1103356 1
1104842 1
1106329 1
1107817 1
1109306 1
1110796 1
1112287 1
1113779 1
1115272 1
1116766 1
1118261 1
1119757 1
1121254 1
1122752 1
1124251 1
1125751 1
1127252 1
1128754 1
1130257 1
1131761 1
1133266 1
1134772 1
1136279 1
1137787 1
1139296 1
1140806 1
1142317 1
1143829 1
1145342 1
1146856 1
1148371 1
1149887 1
1151404 1
1152922 1
1154441 1
1155961 1
1157482 1
1159004 1
1160527 1
1162051 1
1163576 1
1165102 1
1166629 1
1168157 1
1169686 1
1171216 1
1172747 1
1174279 1
1175812 1
1177346 1
1178881 1
1180417 1
1181954 1
1183492 1
1185031 1
1186571 1
1188112 1
1189654 1
1191197 1
1192741 1
1194286 1
1195832 1
1197379 1
1198927 1
1200476 1
1202026 1
1203577 1
1205129 1
1206682 1
1208236 1
1209791 1
1211347 1
1212904 1
1214462 1
1216021 1
1217581 1
1219142 1
1220704 1
1222267 1
1223831 1
1225396 1
1226962 1
1228529 1
1230097 1
1231666 1
1233236 1
1234807 1
1236379 1
1237952 1
1239526 1
1241101 1
1242677 1
1244254 1
1245832 1
1247411 1
1248991 1
1250572 1
1252154 1
1253737 1
1255321 1
1256906 1
1258492 1
1260079 1
1261667 1
1263256 1
1264846 1
1266437 1
1268029 1
1269622 1
1271216 1
1272811 1
1274407 1
1276004 1
1277602 1
1279201 1
1280801 1
1282402 1
1284004 1
1285607 1
1287211 1
1288816 1
1290422 1
1292029 1
1293637 1
1295246 1
1296856 1
1298467 1
1300079 1
1301692 1
1303306 1
1304921 1
1306537 1
1308154 1
1309772 1
1311391 1
1313011 1
1314632 1
1316254 1
1317877 1
1319501 1
1321126 1
1322752 1
1324379 1
1326007 1
1327636 1
1329266 1
1330897 1
1332529 1
1334162 1
1335796 1
1337431 1
1339067 1
1340704 1
1342342 1
1343981 1
1345621 1
1347262 1
1348904 1
1350547 1
1352191 1
1353836 1
1355482 1
1357129 1
1358777 1
1360426 1
1362076 1
1363727 1
1365379 1
1367032 1
1368686 1
1370341 1
1371997 1
1373654 1
1375312 1
1376971 1
1378631 1
1380292 1
1381954 1
1383617 1
1385281 1
1386946 1
1388612 1
1390279 1
1391947 1
1393616 1
1395286 1
1396957 1
1398629 1
1400302 1
1401976 1
1403651 1
1405327 1
1407004 1
1408682 1
1410361 1
1412041 1
1413722 1
1415404 1
1417087 1
1418771 1
1420456 1
1422142 1
1423829 1
1425517 1
1427206 1
1428896 1
1430587 1
1432279 1
1433972 1
1435666 1
1437361 1
1439057 1
1440754 1
1442452 1
1444151 1
1445851 1
1447552 1
1449254 1
1450957 1
1452661 1
1454366 1
1456072 1
1457779 1
1459487 1
1461196 1
1462906 1
1464617 1
1466329 1
1468042 1
1469756 1
1471471 1
1473187 1
1474904 1
1476622 1
1478341 1
1480061 1
1481782 1
1483504 1
1485227 1
1486951 1
1488676 1
1490402 1
1492129 1
1493857 1
1495586 1
1497316 1
1499047 1
1500779 1
1502512 1
1504246 1
1505981 1
1507717 1
1509454 1
1511192 1
1512931 1
1514671 1
1516412 1
1518154 1
1519897 1
1521641 1
1523386 1
1525132 1
1526879 1
1528627 1
1530376 1
1532126 1
1533877 1
1535629 1
1537382 1
1539136 1
1540891 1
1542647 1
1544404 1
1546162 1
1547921 1
1549681 1
1551442 1
1553204 1
1554967 1
1556731 1
1558496 1
1560262 1
1562029 1
1563797 1
1565566 1
1567336 1
1569107 1
1570879 1
1572652 1
1574426 1
1576201 1
1577977 1
1579754 1
1581532 1
1583311 1
1585091 1
1586872 1
1588654 1
1590437 1
1592221 1
1594006 1
1595792 1
1597579 1
1599367 1
1601156 1
1602946 1
1604737 1
1606529 1
1608322 1
1610116 1
1611911 1
1613707 1
1615504 1
1617302 1
1619101 1
1620901 1
1622702 1
1624504 1
1626307 1
1628111 1
1629916 1
1631722 1
1633529 1
1635337 1
1637146 1
1638956 1
1640767 1
1642579 1
1644392 1
1646206 1
1648021 1
1649837 1
1651654 1
1653472 1
1655291 1
1657111 1
1658932 1
1660754 1
1662577 1
1664401 1
1666226 1
1668052 1
1669879 1
1671707 1
1673536 1
1675366 1
1677197 1
1679029 1
1680862 1
1682696 1
1684531 1
1686367 1
1688204 1
1690042 1
1691881 1
1693721 1
1695562 1
1697404 1
1699247 1
1701091 1
1702936 1
1704782 1
1706629 1
1708477 1
1710326 1
1712176 1
1714027 1
1715879 1
1717732 1
1719586 1
1721441 1
1723297 1
1725154 1
1727012 1
1728871 1
1730731 1
1732592 1
1734454 1
1736317 1
1738181 1
1740046 1
1741912 1
1743779 1
1745647 1
1747516 1
1749386 1
1751257 1
1753129 1
1755002 1
1756876 1
1758751 1
1760627 1
1762504 1
1764382 1
1766261 1
1768141 1
1770022 1
1771904 1
1773787 1
1775671 1
1777556 1
1779442 1
1781329 1
1783217 1
1785106 1
1786996 1
1788887 1
1790779 1
1792672 1
1794566 1
1796461 1
1798357 1
1800254 1
1802152 1
1804051 1
1805951 1
1807852 1
1809754 1
1811657 1
1813561 1
1815466 1
1817372 1
1819279 1
1821187 1
1823096 1
1825006 1
1826917 1
1828829 1
1830742 1
1832656 1
1834571 1
1836487 1
1838404 1
1840322 1
1842241 1
1844161 1
1846082 1
1848004 1
1849927 1
1851851 1
1853776 1
1855702 1
1857629 1
1859557 1
1861486 1
1863416 1
1865347 1
1867279 1
1869212 1
1871146 1
1873081 1
1875017 1
1876954 1
1878892 1
1880831 1
1882771 1
1884712 1
1886654 1
1888597 1
1890541 1
1892486 1
1894432 1
1896379 1
1898327 1
1900276 1
1902226 1
1904177 1
1906129 1
1908082 1
1910036 1
1911991 1
1913947 1
1915904 1
1917862 1
1919821 1
1921781 1
1923742 1
1925704 1
1927667 1
1929631 1
1931596 1
1933562 1
1935529 1
1937497 1
1939466 1
1941436 1
1943407 1
1945379 1
1947352 1
1949326 1
1951301 1
1953277 1
1955254 1
1957232 1
1959211 1
1961191 1
1963172 1
1965154 1
1967137 1
1969121 1
1971106 1
1973092 1
1975079 1
1977067 1
1979056 1
1981046 1
1983037 1
1985029 1
1987022 1
1989016 1
1991011 1
1993007 1
1995004 1
1997002 1
1999001 1
2001001 1
2003002 1
2005004 1
2007007 1
2009011 1
2011016 1
2013022 1
2015029 1
2017037 1
2019046 1
2021056 1
2023067 1
2025079 1
2027092 1
2029106 1
2031121 1
2033137 1
2035154 1
2037172 1
2039191 1
2041211 1
2043232 1
2045254 1
2047277 1
2049301 1
2051326 1
2053352 1
2055379 1
2057407 1
2059436 1
2061466 1
2063497 1
2065529 1
2067562 1
2069596 1
2071631 1
2073667 1
2075704 1
2077742 1
2079781 1
2081821 1
2083862 1
2085904 1
2087947 1
2089991 1
2092036 1
2094082 1
2096129 1
2098177 1
2100226 1
2102276 1
2104327 1
2106379 1
2108432 1
2110486 1
2112541 1
2114597 1
2116654 1
2118712 1
2120771 1
2122831 1
2124892 1
2126954 1
2129017 1
2131081 1
2133146 1
2135212 1
2137279 1
2139347 1
2141416 1
2143486 1
2145557 1
2147629 1
2149702 1
2151776 1
2153851 1
2155927 1
2158004 1
2160082 1
2162161 1
2164241 1
2166322 1
2168404 1
2170487 1
2172571 1
2174656 1
2176742 1
2178829 1
2180917 1
2183006 1
2185096 1
2187187 1
2189279 1
2191372 1
2193466 1
2195561 1
2197657 1
2199754 1
2201852 1
2203951 1
2206051 1
2208152 1
2210254 1
2212357 1
2214461 1
2216566 1
2218672 1
2220779 1
2222887 1
2224996 1
2227106 1
2229217 1
2231329 1
2233442 1
2235556 1
2237671 1
2239787 1
2241904 1
2244022 1
2246141 1
2248261 1
2250382 1
2252504 1
2254627 1
2256751 1
2258876 1
2261002 1
2263129 1
2265257 1
2267386 1
2269516 1
2271647 1
2273779 1
2275912 1
2278046 1
2280181 1
2282317 1
2284454 1
2286592 1
2288731 1
2290871 1
2293012 1
2295154 1
2297297 1
2299441 1
2301586 1
2303732 1
2305879 1
2308027 1
2310176 1
2312326 1
2314477 1
2316629 1
2318782 1
2320936 1
2323091 1
2325247 1
2327404 1
2329562 1
2331721 1
2333881 1
2336042 1
2338204 1
2340367 1
2342531 1
2344696 1
2346862 1
2349029 1
2351197 1
2353366 1
2355536 1
2357707 1
2359879 1
2362052 1
2364226 1
2366401 1
2368577 1
2370754 1
2372932 1
2375111 1
2377291 1
2379472 1
2381654 1
2383837 1
2386021 1
2388206 1
2390392 1
2392579 1
2394767 1
2396956 1
2399146 1
2401337 1
2403529 1
2405722 1
2407916 1
2410111 1
2412307 1
2414504 1
2416702 1
2418901 1
2421101 1
2423302 1
2425504 1
2427707 1
2429911 1
2432116 1
2434322 1
2436529 1
2438737 1
2440946 1
2443156 1
2445367 1
2447579 1
2449792 1
2452006 1
2454221 1
2456437 1
2458654 1
2460872 1
2463091 1
2465311 1
2467532 1
2469754 1
2471977 1
2474201 1
2476426 1
2478652 1
2480879 1
2483107 1
2485336 1
2487566 1
2489797 1
2492029 1
2494262 1
2496496 1
2498731 1
2500967 1
2503204 1
2505442 1
2507681 1
2509921 1
2512162 1
2514404 1
2516647 1
2518891 1
2521136 1
2523382 1
2525629 1
2527877 1
2530126 1
2532376 1
2534627 1
2536879 1
2539132 1
2541386 1
2543641 1
2545897 1
2548154 1
2550412 1
2552671 1
2554931 1
2557192 1
2559454 1
2561717 1
2563981 1
2566246 1
2568512 1
2570779 1
2573047 1
2575316 1
2577586 1
2579857 1
2582129 1
2584402 1
2586676 1
2588951 1
2591227 1
2593504 1
2595782 1
2598061 1
2600341 1
2602622 1
2604904 1
2607187 1
2609471 1
2611756 1
2614042 1
2616329 1
2618617 1
2620906 1
2623196 1
2625487 1
2627779 1
2630072 1
2632366 1
2634661 1
2636957 1
2639254 1
2641552 1
2643851 1
2646151 1
2648452 1
2650754 1
2653057 1
2655361 1
2657666 1
2659972 1
2662279 1
2664587 1
2666896 1
2669206 1
2671517 1
2673829 1
2676142 1
2678456 1
2680771 1
2683087 1
2685404 1
2687722 1
2690041 1
2692361 1
2694682 1
2697004 1
2699327 1
2701651 1
2703976 1
2706302 1
2708629 1
2710957 1
2713286 1
2715616 1
2717947 1
2720279 1
2722612 1
2724946 1
2727281 1
2729617 1
2731954 1
2734292 1
2736631 1
2738971 1
2741312 1
2743654 1
2745997 1
2748341 1
2750686 1
2753032 1
2755379 1
2757727 1
2760076 1
2762426 1
2764777 1
2767129 1
2769482 1
2771836 1
2774191 1
2776547 1
2778904 1
2781262 1
2783621 1
2785981 1
2788342 1
2790704 1
2793067 1
2795431 1
2797796 1
2800162 1
2802529 1
2804897 1
2807266 1
2809636 1
2812007 1
2814379 1
2816752 1
2819126 1
2821501 1
2823877 1
2826254 1
2828632 1
2831011 1
2833391 1
2835772 1
2838154 1
2840537 1
2842921 1
2845306 1
2847692 1
2850079 1
2852467 1
2854856 1
2857246 1
2859637 1
2862029 1
2864422 1
2866816 1
2869211 1
2871607 1
2874004 1
2876402 1
2878801 1
2881201 1
2883602 1
2886004 1
2888407 1
2890811 1
2893216 1
2895622 1
2898029 1
2900437 1
2902846 1
2905256 1
2907667 1
2910079 1
2912492 1
2914906 1
2917321 1
2919737 1
2922154 1
2924572 1
2926991 1
2929411 1
2931832 1
2934254 1
2936677 1
2939101 1
2941526 1
2943952 1
2946379 1
2948807 1
2951236 1
2953666 1
2956097 1
2958529 1
2960962 1
2963396 1
2965831 1
2968267 1
2970704 1
2973142 1
2975581 1
2978021 1
2980462 1
2982904 1
2985347 1
2987791 1
2990236 1
2992682 1
2995129 1
2997577 1
3000026 1
3002476 1
3004927 1
3007379 1
3009832 1
3012286 1
3014741 1
3017197 1
3019654 1
3022112 1
3024571 1
3027031 1
3029492 1
3031954 1
3034417 1
3036881 1
3039346 1
3041812 1
3044279 1
3046747 1
3049216 1
3051686 1
3054157 1
3056629 1
3059102 1
3061576 1
3064051 1
3066527 1
3069004 1
3071482 1
3073961 1
3076441 1
3078922 1
3081404 1
3083887 1
3086371 1
3088856 1
3091342 1
3093829 1
3096317 1
3098806 1
3101296 1
3103787 1
3106279 1
3108772 1
3111266 1
3113761 1
3116257 1
3118754 1
3121252 1
3123751 1
3126251 1
3128752 1
3131254 1
3133757 1
3136261 1
3138766 1
3141272 1
3143779 1
3146287 1
3148796 1
3151306 1
3153817 1
3156329 1
3158842 1
3161356 1
3163871 1
3166387 1
3168904 1
3171422 1
3173941 1
3176461 1
3178982 1
3181504 1
3184027 1
3186551 1
3189076 1
3191602 1
3194129 1
3196657 1
3199186 1
3201716 1
3204247 1
3206779 1
3209312 1
3211846 1
3214381 1
3216917 1
3219454 1
3221992 1
3224531 1
3227071 1
3229612 1
3232154 1
3234697 1
3237241 1
3239786 1
3242332 1
3244879 1
3247427 1
3249976 1
3252526 1
3255077 1
3257629 1
3260182 1
3262736 1
3265291 1
3267847 1
3270404 1
3272962 1
3275521 1
3278081 1
3280642 1
3283204 1
3285767 1
3288331 1
3290896 1
3293462 1
3296029 1
3298597 1
3301166 1
3303736 1
3306307 1
3308879 1
3311452 1
3314026 1
3316601 1
3319177 1
3321754 1
3324332 1
3326911 1
3329491 1
3332072 1
3334654 1
3337237 1
3339821 1
3342406 1
3344992 1
3347579 1
3350167 1
3352756 1
3355346 1
3357937 1
3360529 1
3363122 1
3365716 1
3368311 1
3370907 1
3373504 1
3376102 1
3378701 1
3381301 1
3383902 1
3386504 1
3389107 1
3391711 1
3394316 1
3396922 1
3399529 1
3402137 1
3404746 1
3407356 1
3409967 1
3412579 1
3415192 1
3417806 1
3420421 1
3423037 1
3425654 1
3428272 1
3430891 1
3433511 1
3436132 1
3438754 1
3441377 1
3444001 1
3446626 1
3449252 1
3451879 1
3454507 1
3457136 1
3459766 1
3462397 1
3465029 1
3467662 1
3470296 1
3472931 1
3475567 1
3478204 1
3480842 1
3483481 1
3486121 1
3488762 1
3491404 1
3494047 1
3496691 1
3499336 1
3501982 1
3504629 1
3507277 1
3509926 1
3512576 1
3515227 1
3517879 1
3520532 1
3523186 1
3525841 1
3528497 1
3531154 1
3533812 1
3536471 1
3539131 1
3541792 1
3544454 1
3547117 1
3549781 1
3552446 1
3555112 1
3557779 1
3560447 1
3563116 1
3565786 1
3568457 1
3571129 1
3573802 1
3576476 1
3579151 1
3581827 1
3584504 1
3587182 1
3589861 1
3592541 1
3595222 1
3597904 1
3600587 1
3603271 1
3605956 1
3608642 1
3611329 1
3614017 1
3616706 1
3619396 1
3622087 1
3624779 1
3627472 1
3630166 1
3632861 1
3635557 1
3638254 1
3640952 1
3643651 1
3646351 1
3649052 1
3651754 1
3654457 1
3657161 1
3659866 1
3662572 1
3665279 1
3667987 1
3670696 1
3673406 1
3676117 1
3678829 1
3681542 1
3684256 1
3686971 1
3689687 1
3692404 1
3695122 1
3697841 1
3700561 1
3703282 1
3706004 1
3708727 1
3711451 1
3714176 1
3716902 1
3719629 1
3722357 1
3725086 1
3727816 1
3730547 1
3733279 1
3736012 1
3738746 1
3741481 1
3744217 1
3746954 1
3749692 1
3752431 1
3755171 1
3757912 1
3760654 1
3763397 1
3766141 1
3768886 1
3771632 1
3774379 1
3777127 1
3779876 1
3782626 1
3785377 1
3788129 1
3790882 1
3793636 1
3796391 1
3799147 1
3801904 1
3804662 1
3807421 1
3810181 1
3812942 1
3815704 1
3818467 1
3821231 1
3823996 1
3826762 1
3829529 1
3832297 1
3835066 1
3837836 1
3840607 1
3843379 1
3846152 1
3848926 1
3851701 1
3854477 1
3857254 1
3860032 1
3862811 1
3865591 1
3868372 1
3871154 1
3873937 1
3876721 1
3879506 1
3882292 1
3885079 1
3887867 1
3890656 1
3893446 1
3896237 1
3899029 1
3901822 1
3904616 1
3907411 1
3910207 1
3913004 1
3915802 1
3918601 1
3921401 1
3924202 1
3927004 1
3929807 1
3932611 1
3935416 1
3938222 1
3941029 1
3943837 1
3946646 1
3949456 1
3952267 1
3955079 1
3957892 1
3960706 1
3963521 1
3966337 1
3969154 1
3971972 1
3974791 1
3977611 1
3980432 1
3983254 1
3986077 1
3988901 1
3991726 1
3994552 1
3997379 1
4000207 1
4003036 1
4005866 1
4008697 1
4011529 1
4014362 1
4017196 1
4020031 1
4022867 1
4025704 1
4028542 1
4031381 1
4034221 1
4037062 1
4039904 1
4042747 1
4045591 1
4048436 1
4051282 1
4054129 1
4056977 1
4059826 1
4062676 1
4065527 1
4068379 1
4071232 1
4074086 1
4076941 1
4079797 1
4082654 1
4085512 1
4088371 1
4091231 1
4094092 1
4096954 1
4099817 1
4102681 1
4105546 1
4108412 1
4111279 1
4114147 1
4117016 1
4119886 1
4122757 1
4125629 1
4128502 1
4131376 1
4134251 1
4137127 1
4140004 1
4142882 1
4145761 1
4148641 1
4151522 1
4154404 1
4157287 1
4160171 1
4163056 1
4165942 1
4168829 1
4171717 1
4174606 1
4177496 1
4180387 1
4183279 1
4186172 1
4189066 1
4191961 1
4194857 1
4197754 1
4200652 1
4203551 1
4206451 1
4209352 1
4212254 1
4215157 1
4218061 1
4220966 1
4223872 1
4226779 1
4229687 1
4232596 1
4235506 1
4238417 1
4241329 1
4244242 1
4247156 1
4250071 1
4252987 1
4255904 1
4258822 1
4261741 1
4264661 1
4267582 1
4270504 1
4273427 1
4276351 1
4279276 1
4282202 1
4285129 1
4288057 1
4290986 1
4293916 1
4296847 1
4299779 1
4302712 1
4305646 1
4308581 1
4311517 1
4314454 1
4317392 1
4320331 1
4323271 1
4326212 1
4329154 1
4332097 1
4335041 1
4337986 1
4340932 1
4343879 1
4346827 1
4349776 1
4352726 1
4355677 1
4358629 1
4361582 1
4364536 1
4367491 1
4370447 1
4373404 1
4376362 1
4379321 1
4382281 1
4385242 1
4388204 1
4391167 1
4394131 1
4397096 1
4400062 1
4403029 1
4405997 1
4408966 1
4411936 1
4414907 1
4417879 1
4420852 1
4423826 1
4426801 1
4429777 1
4432754 1
4435732 1
4438711 1
4441691 1
4444672 1
4447654 1
4450637 1
4453621 1
4456606 1
4459592 1
4462579 1
4465567 1
4468556 1
4471546 1
4474537 1
4477529 1
4480522 1
4483516 1
4486511 1
4489507 1
4492504 1
4495502 1
4498501 1
4501501 1
4504502 1
4507504 1
4510507 1
4513511 1
4516516 1
4519522 1
4522529 1
4525537 1
4528546 1
4531556 1
4534567 1
4537579 1
4540592 1
4543606 1
4546621 1
4549637 1
4552654 1
4555672 1
4558691 1
4561711 1
4564732 1
4567754 1
4570777 1
4573801 1
4576826 1
4579852 1
4582879 1
4585907 1
4588936 1
4591966 1
4594997 1
4598029 1
4601062 1
4604096 1
4607131 1
4610167 1
4613204 1
4616242 1
4619281 1
4622321 1
4625362 1
4628404 1
4631447 1
4634491 1
4637536 1
4640582 1
4643629 1
4646677 1
4649726 1
4652776 1
4655827 1
4658879 1
4661932 1
4664986 1
4668041 1
4671097 1
4674154 1
4677212 1
4680271 1
4683331 1
4686392 1
4689454 1
4692517 1
4695581 1
4698646 1
4701712 1
4704779 1
4707847 1
4710916 1
4713986 1
4717057 1
4720129 1
4723202 1
4726276 1
4729351 1
4732427 1
4735504 1
4738582 1
4741661 1
4744741 1
4747822 1
4750904 1
4753987 1
4757071 1
4760156 1
4763242 1
4766329 1
4769417 1
4772506 1
4775596 1
4778687 1
4781779 1
4784872 1
4787966 1
4791061 1
4794157 1
4797254 1
4800352 1
4803451 1
4806551 1
4809652 1
4812754 1
4815857 1
4818961 1
4822066 1
4825172 1
4828279 1
4831387 1
4834496 1
4837606 1
4840717 1
4843829 1
4846942 1
4850056 1
4853171 1
4856287 1
4859404 1
4862522 1
4865641 1
4868761 1
4871882 1
4875004 1
4878127 1
4881251 1
4884376 1
4887502 1
4890629 1
4893757 1
4896886 1
4900016 1
4903147 1
4906279 1
4909412 1
4912546 1
4915681 1
4918817 1
4921954 1
4925092 1
4928231 1
4931371 1
4934512 1
4937654 1
4940797 1
4943941 1
4947086 1
4950232 1
4953379 1
4956527 1
4959676 1
4962826 1
4965977 1
4969129 1
4972282 1
4975436 1
4978591 1
4981747 1
4984904 1
4988062 1
4991221 1
4994381 1
4997542 1
5000704 1
5003867 1
5007031 1
5010196 1
5013362 1
5016529 1
5019697 1
5022866 1
5026036 1
5029207 1
5032379 1
5035552 1
5038726 1
5041901 1
5045077 1
5048254 1
5051432 1
5054611 1
5057791 1
5060972 1
5064154 1
5067337 1
5070521 1
5073706 1
5076892 1
5080079 1
5083267 1
5086456 1
5089646 1
5092837 1
5096029 1
5099222 1
5102416 1
5105611 1
5108807 1
5112004 1
5115202 1
5118401 1
5121601 1
5124802 1
5128004 1
5131207 1
5134411 1
5137616 1
5140822 1
5144029 1
5147237 1
5150446 1
5153656 1
5156867 1
5160079 1
5163292 1
5166506 1
5169721 1
5172937 1
5176154 1
5179372 1
5182591 1
5185811 1
5189032 1
5192254 1
5195477 1
5198701 1
5201926 1
5205152 1
5208379 1
5211607 1
5214836 1
5218066 1
5221297 1
5224529 1
5227762 1
5230996 1
5234231 1
5237467 1
5240704 1
5243942 1
5247181 1
5250421 1
5253662 1
5256904 1
5260147 1
5263391 1
5266636 1
5269882 1
5273129 1
5276377 1
5279626 1
5282876 1
5286127 1
5289379 1
5292632 1
5295886 1
5299141 1
5302397 1
5305654 1
5308912 1
5312171 1
5315431 1
5318692 1
5321954 1
5325217 1
5328481 1
5331746 1
5335012 1
5338279 1
5341547 1
5344816 1
5348086 1
5351357 1
5354629 1
5357902 1
5361176 1
5364451 1
5367727 1
5371004 1
5374282 1
5377561 1
5380841 1
5384122 1
5387404 1
5390687 1
5393971 1
5397256 1
5400542 1
5403829 1
5407117 1
5410406 1
5413696 1
5416987 1
5420279 1
5423572 1
5426866 1
5430161 1
5433457 1
5436754 1
5440052 1
5443351 1
5446651 1
5449952 1
5453254 1
5456557 1
5459861 1
5463166 1
5466472 1
5469779 1
5473087 1
5476396 1
5479706 1
5483017 1
5486329 1
5489642 1
5492956 1
5496271 1
5499587 1
5502904 1
5506222 1
5509541 1
5512861 1
5516182 1
5519504 1
5522827 1
5526151 1
5529476 1
5532802 1
5536129 1
5539457 1
5542786 1
5546116 1
5549447 1
5552779 1
5556112 1
5559446 1
5562781 1
5566117 1
5569454 1
5572792 1
5576131 1
5579471 1
5582812 1
5586154 1
5589497 1
5592841 1
5596186 1
5599532 1
5602879 1
5606227 1
5609576 1
5612926 1
5616277 1
5619629 1
5622982 1
5626336 1
5629691 1
5633047 1
5636404 1
5639762 1
5643121 1
5646481 1
5649842 1
5653204 1
5656567 1
5659931 1
5663296 1
5666662 1
5670029 1
5673397 1
5676766 1
5680136 1
5683507 1
5686879 1
5690252 1
5693626 1
5697001 1
5700377 1
5703754 1
5707132 1
5710511 1
5713891 1
5717272 1
5720654 1
5724037 1
5727421 1
5730806 1
5734192 1
5737579 1
5740967 1
5744356 1
5747746 1
5751137 1
5754529 1
5757922 1
5761316 1
5764711 1
5768107 1
5771504 1
5774902 1
5778301 1
5781701 1
5785102 1
5788504 1
5791907 1
5795311 1
5798716 1
5802122 1
5805529 1
5808937 1
5812346 1
5815756 1
5819167 1
5822579 1
5825992 1
5829406 1
5832821 1
5836237 1
5839654 1
5843072 1
5846491 1
5849911 1
5853332 1
5856754 1
5860177 1
5863601 1
5867026 1
5870452 1
5873879 1
5877307 1
5880736 1
5884166 1
5887597 1
5891029 1
5894462 1
5897896 1
5901331 1
5904767 1
5908204 1
5911642 1
5915081 1
5918521 1
5921962 1
5925404 1
5928847 1
5932291 1
5935736 1
5939182 1
5942629 1
5946077 1
5949526 1
5952976 1
5956427 1
5959879 1
5963332 1
5966786 1
5970241 1
5973697 1
5977154 1
5980612 1
5984071 1
5987531 1
5990992 1
5994454 1
5997917 1
6001381 1
6004846 1
6008312 1
6011779 1
6015247 1
6018716 1
6022186 1
6025657 1
6029129 1
6032602 1
6036076 1
6039551 1
6043027 1
6046504 1
6049982 1
6053461 1
6056941 1
6060422 1
6063904 1
6067387 1
6070871 1
6074356 1
6077842 1
6081329 1
6084817 1
6088306 1
6091796 1
6095287 1
6098779 1
6102272 1
6105766 1
6109261 1
6112757 1
6116254 1
6119752 1
6123251 1
6126751 1
6130252 1
6133754 1
6137257 1
6140761 1
6144266 1
6147772 1
6151279 1
6154787 1
6158296 1
6161806 1
6165317 1
6168829 1
6172342 1
6175856 1
6179371 1
6182887 1
6186404 1
6189922 1
6193441 1
6196961 1
6200482 1
6204004 1
6207527 1
6211051 1
6214576 1
6218102 1
6221629 1
6225157 1
6228686 1
6232216 1
6235747 1
6239279 1
6242812 1
6246346 1
6249881 1
6253417 1
6256954 1
6260492 1
6264031 1
6267571 1
6271112 1
6274654 1
6278197 1
6281741 1
6285286 1
6288832 1
6292379 1
6295927 1
6299476 1
6303026 1
6306577 1
6310129 1
6313682 1
6317236 1
6320791 1
6324347 1
6327904 1
6331462 1
6335021 1
6338581 1
6342142 1
6345704 1
6349267 1
6352831 1
6356396 1
6359962 1
6363529 1
6367097 1
6370666 1
6374236 1
6377807 1
6381379 1
6384952 1
6388526 1
6392101 1
6395677 1
6399254 1
6402832 1
6406411 1
6409991 1
6413572 1
6417154 1
6420737 1
6424321 1
6427906 1
6431492 1
6435079 1
6438667 1
6442256 1
6445846 1
6449437 1
6453029 1
6456622 1
6460216 1
6463811 1
6467407 1
6471004 1
6474602 1
6478201 1
6481801 1
6485402 1
6489004 1
6492607 1
6496211 1
6499816 1
6503422 1
6507029 1
6510637 1
6514246 1
6517856 1
6521467 1
6525079 1
6528692 1
6532306 1
6535921 1
6539537 1
6543154 1
6546772 1
6550391 1
6554011 1
6557632 1
6561254 1
6564877 1
6568501 1
6572126 1
6575752 1
6579379 1
6583007 1
6586636 1
6590266 1
6593897 1
6597529 1
6601162 1
6604796 1
6608431 1
6612067 1
6615704 1
6619342 1
6622981 1
6626621 1
6630262 1
6633904 1
6637547 1
6641191 1
6644836 1
6648482 1
6652129 1
6655777 1
6659426 1
6663076 1
6666727 1
6670379 1
6674032 1
6677686 1
6681341 1
6684997 1
6688654 1
6692312 1
6695971 1
6699631 1
6703292 1
6706954 1
6710617 1
6714281 1
6717946 1
6721612 1
6725279 1
6728947 1
6732616 1
6736286 1
6739957 1
6743629 1
6747302 1
6750976 1
6754651 1
6758327 1
6762004 1
6765682 1
6769361 1
6773041 1
6776722 1
6780404 1
6784087 1
6787771 1
6791456 1
6795142 1
6798829 1
6802517 1
6806206 1
6809896 1
6813587 1
6817279 1
6820972 1
6824666 1
6828361 1
6832057 1
6835754 1
6839452 1
6843151 1
6846851 1
6850552 1
6854254 1
6857957 1
6861661 1
6865366 1
6869072 1
6872779 1
6876487 1
6880196 1
6883906 1
6887617 1
6891329 1
6895042 1
6898756 1
6902471 1
6906187 1
6909904 1
6913622 1
6917341 1
6921061 1
6924782 1
6928504 1
6932227 1
6935951 1
6939676 1
6943402 1
6947129 1
6950857 1
6954586 1
6958316 1
6962047 1
6965779 1
6969512 1
6973246 1
6976981 1
6980717 1
6984454 1
6988192 1
6991931 1
6995671 1
6999412 1
7003154 1
7006897 1
7010641 1
7014386 1
7018132 1
7021879 1
7025627 1
7029376 1
7033126 1
7036877 1
7040629 1
7044382 1
7048136 1
7051891 1
7055647 1
7059404 1
7063162 1
7066921 1
7070681 1
7074442 1
7078204 1
7081967 1
7085731 1
7089496 1
7093262 1
7097029 1
7100797 1
7104566 1
7108336 1
7112107 1
7115879 1
7119652 1
7123426 1
7127201 1
7130977 1
7134754 1
7138532 1
7142311 1
7146091 1
7149872 1
7153654 1
7157437 1
7161221 1
7165006 1
7168792 1
7172579 1
7176367 1
7180156 1
7183946 1
7187737 1
7191529 1
7195322 1
7199116 1
7202911 1
7206707 1
7210504 1
7214302 1
7218101 1
7221901 1
7225702 1
7229504 1
7233307 1
7237111 1
7240916 1
7244722 1
7248529 1
7252337 1
7256146 1
7259956 1
7263767 1
7267579 1
7271392 1
7275206 1
7279021 1
7282837 1
7286654 1
7290472 1
7294291 1
7298111 1
7301932 1
7305754 1
7309577 1
7313401 1
7317226 1
7321052 1
7324879 1
7328707 1
7332536 1
7336366 1
7340197 1
7344029 1
7347862 1
7351696 1
7355531 1
7359367 1
7363204 1
7367042 1
7370881 1
7374721 1
7378562 1
7382404 1
7386247 1
7390091 1
7393936 1
7397782 1
7401629 1
7405477 1
7409326 1
7413176 1
7417027 1
7420879 1
7424732 1
7428586 1
7432441 1
7436297 1
7440154 1
7444012 1
7447871 1
7451731 1
7455592 1
7459454 1
7463317 1
7467181 1
7471046 1
7474912 1
7478779 1
7482647 1
7486516 1
7490386 1
7494257 1
7498129 1
7502002 1
7505876 1
7509751 1
7513627 1
7517504 1
7521382 1
7525261 1
7529141 1
7533022 1
7536904 1
7540787 1
7544671 1
7548556 1
7552442 1
7556329 1
7560217 1
7564106 1
7567996 1
7571887 1
7575779 1
7579672 1
7583566 1
7587461 1
7591357 1
7595254 1
7599152 1
7603051 1
7606951 1
7610852 1
7614754 1
7618657 1
7622561 1
7626466 1
7630372 1
7634279 1
7638187 1
7642096 1
7646006 1
7649917 1
7653829 1
7657742 1
7661656 1
7665571 1
7669487 1
7673404 1
7677322 1
7681241 1
7685161 1
7689082 1
7693004 1
7696927 1
7700851 1
7704776 1
7708702 1
7712629 1
7716557 1
7720486 1
7724416 1
7728347 1
7732279 1
7736212 1
7740146 1
7744081 1
7748017 1
7751954 1
7755892 1
7759831 1
7763771 1
7767712 1
7771654 1
7775597 1
7779541 1
7783486 1
7787432 1
7791379 1
7795327 1
7799276 1
7803226 1
7807177 1
7811129 1
7815082 1
7819036 1
7822991 1
7826947 1
7830904 1
7834862 1
7838821 1
7842781 1
7846742 1
7850704 1
7854667 1
7858631 1
7862596 1
7866562 1
7870529 1
7874497 1
7878466 1
7882436 1
7886407 1
7890379 1
7894352 1
7898326 1
7902301 1
7906277 1
7910254 1
7914232 1
7918211 1
7922191 1
7926172 1
7930154 1
7934137 1
7938121 1
7942106 1
7946092 1
7950079 1
7954067 1
7958056 1
7962046 1
7966037 1
7970029 1
7974022 1
7978016 1
7982011 1
7986007 1
7990004 1
7994002 1
7998001 1
8002001 1
8006002 1
8010004 1
8014007 1
8018011 1
8022016 1
8026022 1
8030029 1
8034037 1
8038046 1
8042056 1
8046067 1
8050079 1
8054092 1
8058106 1
8062121 1
8066137 1
8070154 1
8074172 1
8078191 1
8082211 1
8086232 1
8090254 1
8094277 1
8098301 1
8102326 1
8106352 1
8110379 1
8114407 1
8118436 1
8122466 1
8126497 1
8130529 1
8134562 1
8138596 1
8142631 1
8146667 1
8150704 1
8154742 1
8158781 1
8162821 1
8166862 1
8170904 1
8174947 1
8178991 1
8183036 1
8187082 1
8191129 1
8195177 1
8199226 1
8203276 1
8207327 1
8211379 1
8215432 1
8219486 1
8223541 1
8227597 1
8231654 1
8235712 1
8239771 1
8243831 1
8247892 1
8251954 1
8256017 1
8260081 1
8264146 1
8268212 1
8272279 1
8276347 1
8280416 1
8284486 1
8288557 1
8292629 1
8296702 1
8300776 1
8304851 1
8308927 1
8313004 1
8317082 1
8321161 1
8325241 1
8329322 1
8333404 1
8337487 1
8341571 1
8345656 1
8349742 1
8353829 1
8357917 1
8362006 1
8366096 1
8370187 1
8374279 1
8378372 1
8382466 1
8386561 1
8390657 1
8394754 1
8398852 1
8402951 1
8407051 1
8411152 1
8415254 1
8419357 1
8423461 1
8427566 1
8431672 1
8435779 1
8439887 1
8443996 1
8448106 1
8452217 1
8456329 1
8460442 1
8464556 1
8468671 1
8472787 1
8476904 1
8481022 1
8485141 1
8489261 1
8493382 1
8497504 1
8501627 1
8505751 1
8509876 1
8514002 1
8518129 1
8522257 1
8526386 1
8530516 1
8534647 1
8538779 1
8542912 1
8547046 1
8551181 1
8555317 1
8559454 1
8563592 1
8567731 1
8571871 1
8576012 1
8580154 1
8584297 1
8588441 1
8592586 1
8596732 1
8600879 1
8605027 1
8609176 1
8613326 1
8617477 1
8621629 1
8625782 1
8629936 1
8634091 1
8638247 1
8642404 1
8646562 1
8650721 1
8654881 1
8659042 1
8663204 1
8667367 1
8671531 1
8675696 1
8679862 1
8684029 1
8688197 1
8692366 1
8696536 1
8700707 1
8704879 1
8709052 1
8713226 1
8717401 1
8721577 1
8725754 1
8729932 1
8734111 1
8738291 1
8742472 1
8746654 1
8750837 1
8755021 1
8759206 1
8763392 1
8767579 1
8771767 1
8775956 1
8780146 1
8784337 1
8788529 1
8792722 1
8796916 1
8801111 1
8805307 1
8809504 1
8813702 1
8817901 1
8822101 1
8826302 1
8830504 1
8834707 1
8838911 1
8843116 1
8847322 1
8851529 1
8855737 1
8859946 1
8864156 1
8868367 1
8872579 1
8876792 1
8881006 1
8885221 1
8889437 1
8893654 1
8897872 1
8902091 1
8906311 1
8910532 1
8914754 1
8918977 1
8923201 1
8927426 1
8931652 1
8935879 1
8940107 1
8944336 1
8948566 1
8952797 1
8957029 1
8961262 1
8965496 1
8969731 1
8973967 1
8978204 1
8982442 1
8986681 1
8990921 1
8995162 1
8999404 1
9003647 1
9007891 1
9012136 1
9016382 1
9020629 1
9024877 1
9029126 1
9033376 1
9037627 1
9041879 1
9046132 1
9050386 1
9054641 1
9058897 1
9063154 1
9067412 1
9071671 1
9075931 1
9080192 1
9084454 1
9088717 1
9092981 1
9097246 1
9101512 1
9105779 1
9110047 1
9114316 1
9118586 1
9122857 1
9127129 1
9131402 1
9135676 1
9139951 1
9144227 1
9148504 1
9152782 1
9157061 1
9161341 1
9165622 1
9169904 1
9174187 1
9178471 1
9182756 1
9187042 1
9191329 1
9195617 1
9199906 1
9204196 1
9208487 1
9212779 1
9217072 1
9221366 1
9225661 1
9229957 1
9234254 1
9238552 1
9242851 1
9247151 1
9251452 1
9255754 1
9260057 1
9264361 1
9268666 1
9272972 1
9277279 1
9281587 1
9285896 1
9290206 1
9294517 1
9298829 1
9303142 1
9307456 1
9311771 1
9316087 1
9320404 1
9324722 1
9329041 1
9333361 1
9337682 1
9342004 1
9346327 1
9350651 1
9354976 1
9359302 1
9363629 1
9367957 1
9372286 1
9376616 1
9380947 1
9385279 1
9389612 1
9393946 1
9398281 1
9402617 1
9406954 1
9411292 1
9415631 1
9419971 1
9424312 1
9428654 1
9432997 1
9437341 1
9441686 1
9446032 1
9450379 1
9454727 1
9459076 1
9463426 1
9467777 1
9472129 1
9476482 1
9480836 1
9485191 1
9489547 1
9493904 1
9498262 1
9502621 1
9506981 1
9511342 1
9515704 1
9520067 1
9524431 1
9528796 1
9533162 1
9537529 1
9541897 1
9546266 1
9550636 1
9555007 1
9559379 1
9563752 1
9568126 1
9572501 1
9576877 1
9581254 1
9585632 1
9590011 1
9594391 1
9598772 1
9603154 1
9607537 1
9611921 1
9616306 1
9620692 1
9625079 1
9629467 1
9633856 1
9638246 1
9642637 1
9647029 1
9651422 1
9655816 1
9660211 1
9664607 1
9669004 1
9673402 1
9677801 1
9682201 1
9686602 1
9691004 1
9695407 1
9699811 1
9704216 1
9708622 1
9713029 1
9717437 1
9721846 1
9726256 1
9730667 1
9735079 1
9739492 1
9743906 1
9748321 1
9752737 1
9757154 1
9761572 1
9765991 1
9770411 1
9774832 1
9779254 1
9783677 1
9788101 1
9792526 1
9796952 1
9801379 1
9805807 1
9810236 1
9814666 1
9819097 1
9823529 1
9827962 1
9832396 1
9836831 1
9841267 1
9845704 1
9850142 1
9854581 1
9859021 1
9863462 1
9867904 1
9872347 1
9876791 1
9881236 1
9885682 1
9890129 1
9894577 1
9899026 1
9903476 1
9907927 1
9912379 1
9916832 1
9921286 1
9925741 1
9930197 1
9934654 1
9939112 1
9943571 1
9948031 1
9952492 1
9956954 1
9961417 1
9965881 1
9970346 1
9974812 1
9979279 1
9983747 1
9988216 1
9992686 1
9997157 1
10001629 1
10006102 1
10010576 1
10015051 1
10019527 1
10024004 1
10028482 1
10032961 1
10037441 1
10041922 1
10046404 1
10050887 1
10055371 1
10059856 1
10064342 1
10068829 1
10073317 1
10077806 1
10082296 1
10086787 1
10091279 1
10095772 1
10100266 1
10104761 1
10109257 1
10113754 1
10118252 1
10122751 1
10127251 1
10131752 1
10136254 1
10140757 1
10145261 1
10149766 1
10154272 1
10158779 1
10163287 1
10167796 1
10172306 1
10176817 1
10181329 1
10185842 1
10190356 1
10194871 1
10199387 1
10203904 1
10208422 1
10212941 1
10217461 1
10221982 1
10226504 1
10231027 1
10235551 1
10240076 1
10244602 1
10249129 1
10253657 1
10258186 1
10262716 1
10267247 1
10271779 1
10276312 1
10280846 1
10285381 1
10289917 1
10294454 1
10298992 1
10303531 1
10308071 1
10312612 1
10317154 1
10321697 1
10326241 1
10330786 1
10335332 1
10339879 1
10344427 1
10348976 1
10353526 1
10358077 1
10362629 1
10367182 1
10371736 1
10376291 1
10380847 1
10385404 1
10389962 1
10394521 1
10399081 1
10403642 1
10408204 1
10412767 1
10417331 1
10421896 1
10426462 1
10431029 1
10435597 1
10440166 1
10444736 1
10449307 1
10453879 1
10458452 1
10463026 1
10467601 1
10472177 1
10476754 1
10481332 1
10485911 1
10490491 1
10495072 1
10499654 1
10504237 1
10508821 1
10513406 1
10517992 1
10522579 1
10527167 1
10531756 1
10536346 1
10540937 1
10545529 1
10550122 1
10554716 1
10559311 1
10563907 1
10568504 1
10573102 1
10577701 1
10582301 1
10586902 1
10591504 1
10596107 1
10600711 1
10605316 1
10609922 1
10614529 1
10619137 1
10623746 1
10628356 1
10632967 1
10637579 1
10642192 1
10646806 1
10651421 1
10656037 1
10660654 1
10665272 1
10669891 1
10674511 1
10679132 1
10683754 1
10688377 1
10693001 1
10697626 1
10702252 1
10706879 1
10711507 1
10716136 1
10720766 1
10725397 1
10730029 1
10734662 1
10739296 1
10743931 1
10748567 1
10753204 1
10757842 1
10762481 1
10767121 1
10771762 1
10776404 1
10781047 1
10785691 1
10790336 1
10794982 1
10799629 1
10804277 1
10808926 1
10813576 1
10818227 1
10822879 1
10827532 1
10832186 1
10836841 1
10841497 1
10846154 1
10850812 1
10855471 1
10860131 1
10864792 1
10869454 1
10874117 1
10878781 1
10883446 1
10888112 1
10892779 1
10897447 1
10902116 1
10906786 1
10911457 1
10916129 1
10920802 1
10925476 1
10930151 1
10934827 1
10939504 1
10944182 1
10948861 1
10953541 1
10958222 1
10962904 1
10967587 1
10972271 1
10976956 1
10981642 1
10986329 1
10991017 1
10995706 1
11000396 1
11005087 1
11009779 1
11014472 1
11019166 1
11023861 1
11028557 1
11033254 1
11037952 1
11042651 1
11047351 1
11052052 1
11056754 1
11061457 1
11066161 1
11070866 1
11075572 1
11080279 1
11084987 1
11089696 1
11094406 1
11099117 1
11103829 1
11108542 1
11113256 1
11117971 1
11122687 1
11127404 1
11132122 1
11136841 1
11141561 1
11146282 1
11151004 1
11155727 1
11160451 1
11165176 1
11169902 1
11174629 1
11179357 1
11184086 1
11188816 1
11193547 1
11198279 1
11203012 1
11207746 1
11212481 1
11217217 1
11221954 1
11226692 1
11231431 1
11236171 1
11240912 1
11245654 1
11250397 1
11255141 1
11259886 1
11264632 1
11269379 1
11274127 1
11278876 1
11283626 1
11288377 1
11293129 1
11297882 1
11302636 1
11307391 1
11312147 1
11316904 1
11321662 1
11326421 1
11331181 1
11335942 1
11340704 1
11345467 1
11350231 1
11354996 1
11359762 1
11364529 1
11369297 1
11374066 1
11378836 1
11383607 1
11388379 1
11393152 1
11397926 1
11402701 1
11407477 1
11412254 1
11417032 1
11421811 1
11426591 1
11431372 1
11436154 1
11440937 1
11445721 1
11450506 1
11455292 1
11460079 1
11464867 1
11469656 1
11474446 1
11479237 1
11484029 1
11488822 1
11493616 1
11498411 1
11503207 1
11508004 1
11512802 1
11517601 1
11522401 1
11527202 1
11532004 1
11536807 1
11541611 1
11546416 1
11551222 1
11556029 1
11560837 1
11565646 1
11570456 1
11575267 1
11580079 1
11584892 1
11589706 1
11594521 1
11599337 1
11604154 1
11608972 1
11613791 1
11618611 1
11623432 1
11628254 1
11633077 1
11637901 1
11642726 1
11647552 1
11652379 1
11657207 1
11662036 1
11666866 1
11671697 1
11676529 1
11681362 1
11686196 1
11691031 1
11695867 1
11700704 1
11705542 1
11710381 1
11715221 1
11720062 1
11724904 1
11729747 1
11734591 1
11739436 1
11744282 1
11749129 1
11753977 1
11758826 1
11763676 1
11768527 1
11773379 1
11778232 1
11783086 1
11787941 1
11792797 1
11797654 1
11802512 1
11807371 1
11812231 1
11817092 1
11821954 1
11826817 1
11831681 1
11836546 1
11841412 1
11846279 1
11851147 1
11856016 1
11860886 1
11865757 1
11870629 1
11875502 1
11880376 1
11885251 1
11890127 1
11895004 1
11899882 1
11904761 1
11909641 1
11914522 1
11919404 1
11924287 1
11929171 1
11934056 1
11938942 1
11943829 1
11948717 1
11953606 1
11958496 1
11963387 1
11968279 1
11973172 1
11978066 1
11982961 1
11987857 1
11992754 1
11997652 1
12002551 1
12007451 1
12012352 1
12017254 1
12022157 1
12027061 1
12031966 1
12036872 1
12041779 1
12046687 1
12051596 1
12056506 1
12061417 1
12066329 1
12071242 1
12076156 1
12081071 1
12085987 1
12090904 1
12095822 1
12100741 1
12105661 1
12110582 1
12115504 1
12120427 1
12125351 1
12130276 1
12135202 1
12140129 1
12145057 1
12149986 1
12154916 1
12159847 1
12164779 1
12169712 1
12174646 1
12179581 1
12184517 1
12189454 1
12194392 1
12199331 1
12204271 1
12209212 1
12214154 1
12219097 1
12224041 1
12228986 1
12233932 1
12238879 1
12243827 1
12248776 1
12253726 1
12258677 1
12263629 1
12268582 1
12273536 1
12278491 1
12283447 1
12288404 1
12293362 1
12298321 1
12303281 1
12308242 1
12313204 1
12318167 1
12323131 1
12328096 1
12333062 1
12338029 1
12342997 1
12347966 1
12352936 1
12357907 1
12362879 1
12367852 1
12372826 1
12377801 1
12382777 1
12387754 1
12392732 1
12397711 1
12402691 1
12407672 1
12412654 1
12417637 1
12422621 1
12427606 1
12432592 1
12437579 1
12442567 1
12447556 1
12452546 1
12457537 1
12462529 1
12467522 1
12472516 1
12477511 1
12482507 1
12487504 1
12492502 1
12497501 1
