JA
923
492 488
492 999
487 486
487 997
997 996
481 480
481 986
44 983
94 90
94 981
473 471
473 975
466 464
466 972
972 971
971 970
970 969
463 460
463 968
462 968
462 967
513 15
513 966
512 966
512 965
450 449
450 959
448 958
447 446
447 955
445 954
442 41
442 952
606 952
606 951
89 85
89 950
88 950
88 949
87 949
87 948
950 948
950 947
439 435
439 946
946 945
945 944
944 943
434 942
433 430
433 940
432 940
432 939
431 939
431 938
429 427
429 937
937 936
936 935
935 934
934 933
428 933
428 932
423 420
423 929
422 929
422 928
419 927
418 411
418 925
417 925
417 924
416 924
416 923
409 921
920 921
547 84
547 911
406 403
406 910
405 910
405 909
404 909
404 908
397 396
397 902
902 901
396 901
762 4
762 900
388 386
388 899
899 898
387 898
387 897
298 1
298 896
525 896
525 895
297 895
297 894
3 894
3 893
122 893
122 892
385 891
382 889
889 888
888 887
886 887
381 380
381 884
884 883
883 882
378 376
378 877
877 876
373 370
373 875
875 874
369 368
369 872
367 871
871 870
870 869
868 869
366 364
366 867
365 867
365 866
363 362
363 864
864 863
362 863
361 359
361 860
352 11
352 859
81 856
856 855
854 855
349 346
349 853
345 344
345 851
344 851
344 850
341 338
341 843
843 842
337 334
337 841
333 329
333 840
332 840
332 839
80 78
80 838
838 837
837 836
328 326
328 835
325 321
325 834
320 318
320 832
317 316
317 831
316 831
313 830
312 311
312 829
829 828
828 827
827 826
311 826
528 76
528 825
310 824
824 823
823 822
822 821
820 821
309 306
309 819
308 819
308 818
568 33
568 817
817 816
34 816
34 815
567 815
567 814
305 814
305 813
816 813
816 812
815 812
815 811
814 811
814 810
303 302
303 809
809 808
808 807
807 806
302 806
301 299
301 805
300 805
300 804
720 892
720 803
719 803
719 802
295 293
295 801
292 290
292 800
291 800
291 799
286 284
286 793
285 793
285 792
283 790
789 790
70 68
70 788
788 787
69 787
69 786
282 279
282 784
281 784
281 783
278 275
278 782
277 782
277 781
782 781
782 780
274 273
274 779
273 779
273 778
779 778
779 777
272 270
272 776
67 64
67 775
775 774
269 268
269 772
265 262
265 770
264 770
264 769
770 769
770 768
261 260
261 766
395 900
395 4
394 4
394 761
6 761
6 760
40 760
40 759
253 251
253 758
252 758
252 757
250 753
752 753
496 23
496 751
751 750
571 750
571 749
750 749
750 748
495 748
495 747
249 247
249 746
248 746
248 745
746 745
746 744
745 744
745 743
246 740
739 740
515 61
515 732
732 731
731 730
63 730
63 729
62 729
62 728
245 243
245 727
244 727
244 726
723 242
241 237
241 722
240 722
240 721
10 802
10 892
9 892
9 803
504 803
504 718
552 718
552 717
32 716
716 715
544 715
544 714
543 714
543 713
232 230
232 712
229 227
229 711
224 222
224 709
60 965
60 708
581 708
581 707
217 216
217 704
704 703
216 703
510 58
510 701
215 212
215 700
700 699
211 210
211 696
210 696
204 201
204 693
203 693
203 692
693 692
693 691
531 30
531 690
688 199
57 53
57 687
56 687
56 686
198 196
198 685
14 859
14 684
573 684
573 683
680 195
194 190
194 679
189 187
189 678
188 678
188 677
678 677
678 676
677 676
677 675
501 52
501 673
673 672
672 671
671 670
2 717
2 664
22 664
22 663
8 663
8 662
29 662
29 661
539 759
539 660
39 660
39 659
179 175
179 658
658 657
657 656
656 655
174 171
174 654
173 654
173 653
654 653
654 652
170 166
170 651
169 651
169 650
651 650
651 649
650 649
650 648
168 648
168 647
167 647
167 646
499 49
499 643
51 643
51 642
162 640
639 640
161 638
160 158
160 636
159 636
159 635
636 635
636 634
155 154
155 631
631 630
630 629
629 628
524 661
524 626
21 626
21 625
664 625
664 624
75 624
75 623
152 150
152 620
983 619
479 619
149 24
149 618
26 618
26 617
146 145
146 615
615 614
614 613
144 138
144 612
143 612
143 611
612 611
612 610
611 610
611 609
607 137
43 951
43 952
441 952
441 605
42 605
42 604
605 604
605 603
604 603
604 602
134 130
134 600
133 600
133 599
600 599
600 598
127 126
127 590
590 589
589 588
588 587
126 587
125 123
125 586
586 585
124 585
124 584
585 584
585 583
584 583
584 582
221 707
221 708
708 580
48 623
48 579
579 578
718 578
718 577
13 683
13 684
12 684
12 572
566 810
566 33
813 33
813 812
565 812
565 810
304 810
304 812
114 111
114 562
113 562
113 561
110 107
110 560
106 100
106 559
105 559
105 558
99 95
99 556
98 556
98 555
97 555
97 554
93 981
93 553
503 577
503 578
20 578
20 551
47 551
47 550
523 550
523 549
86 947
86 548
546 911
546 84
84 911
542 713
542 714
234 714
234 713
714 713
714 541
541 540
38 659
38 759
393 759
393 537
5 537
5 536
392 536
392 535
82 534
534 533
532 533
530 690
530 30
31 30
31 690
77 825
77 76
825 76
825 527
527 526
76 526
1 549
1 896
551 896
551 661
121 661
121 550
717 550
717 522
522 521
66 774
66 519
519 518
11 572
11 517
684 517
684 516
730 728
730 61
18 580
18 15
220 15
220 966
580 966
580 511
701 58
618 617
618 508
508 507
83 535
83 506
391 506
391 505
296 521
296 803
578 803
578 577
28 577
28 502
50 642
50 49
748 747
748 23
23 747
120 502
120 494
185 494
185 493
491 999
491 488
490 488
490 999
489 999
489 488
975 471
969 464
968 967
968 460
461 460
461 967
460 967
603 602
603 41
41 952
952 440
438 943
438 435
940 938
940 430
939 430
939 938
430 938
933 932
933 427
932 427
421 928
421 420
928 420
925 923
925 411
415 411
415 923
414 923
414 924
924 411
413 411
413 923
923 411
506 505
506 900
660 900
660 4
505 4
505 759
390 759
390 536
659 536
659 4
537 4
537 759
761 759
761 389
898 897
898 386
377 876
377 376
874 370
360 860
360 359
351 516
351 572
859 572
859 516
517 516
517 350
853 346
340 842
340 338
336 841
336 334
331 839
331 329
327 835
327 326
324 834
324 321
319 832
319 318
832 318
819 818
819 306
307 306
307 818
306 818
812 811
33 811
33 810
805 804
805 299
804 299
896 493
896 549
74 549
74 895
494 895
494 521
294 801
294 293
793 792
793 284
280 783
280 279
783 279
276 780
276 275
780 275
776 270
263 768
263 262
758 757
758 251
727 726
727 243
239 721
239 237
238 237
238 722
722 721
540 713
233 713
712 230
711 227
709 222
219 511
219 707
511 707
511 15
218 15
218 707
17 707
17 15
214 699
214 212
213 212
213 699
202 691
202 201
201 692
691 692
690 200
685 196
193 679
193 190
192 190
192 679
191 679
191 190
679 190
626 521
626 895
4 389
4 180
178 655
178 175
177 175
177 655
176 655
176 175
653 652
653 171
172 171
172 652
649 646
649 166
648 166
648 646
647 646
647 166
635 634
635 158
620 150
507 24
617 24
617 147
610 609
610 138
142 138
142 609
141 609
141 138
140 138
140 609
139 609
139 138
599 598
599 130
46 895
46 893
521 893
521 661
663 661
663 502
895 502
895 119
117 747
562 561
562 111
112 111
112 561
111 561
560 107
104 558
104 100
103 100
103 559
102 559
102 558
101 558
101 100
558 100
556 554
556 95
555 95
555 554
554 95
553 90
949 548
949 85
85 948
947 948
760 180
760 535
79 836
79 78
894 119
894 624
893 624
893 549
550 549
550 73
625 73
625 72
73 72
73 71
787 786
787 68
786 68
65 518
65 64
61 728
707 15
707 965
687 686
687 53
55 53
55 686
686 53
49 643
642 643
577 71
577 623
549 623
549 493
803 493
803 502
502 45
602 440
602 951
440 951
37 535
37 180
536 180
536 900
389 900
389 180
180 535
350 36
516 36
516 35
45 662
624 662
624 71
147 24
19 71
19 72
892 72
892 71
16 965
16 966
966 15
965 15
683 35
683 572
36 572
36 35
572 35
7 71
7 802
119 802
119 72
72 661
623 661
623 71
535 759
900 759
71 802
661 802
