JA
1968
414 1
414 1000
188 1000
188 999
609 999
609 998
608 998
608 997
607 997
607 996
1000 996
1000 995
413 995
413 994
187 994
187 993
186 993
186 992
606 992
606 991
605 991
605 990
604 990
604 989
999 989
999 988
802 988
802 987
998 987
998 986
997 986
997 985
412 985
412 984
603 984
603 983
801 983
801 982
996 982
996 981
800 981
800 980
411 980
411 979
410 979
410 978
185 978
185 977
995 977
995 976
602 976
602 975
601 975
601 974
409 974
409 973
408 973
408 972
600 972
600 971
184 971
184 970
799 970
799 969
407 969
407 968
406 968
406 967
405 967
405 966
994 966
994 965
404 965
404 964
599 964
599 963
183 963
183 962
598 962
598 961
993 961
993 960
403 960
403 959
798 959
798 958
402 958
402 957
182 957
182 956
797 956
797 955
992 955
992 954
991 954
991 953
990 953
990 952
796 952
796 951
181 951
181 950
795 950
795 949
989 949
989 948
794 948
794 947
180 947
180 946
793 946
793 945
179 945
179 944
988 944
988 943
792 943
792 942
791 942
791 941
790 941
790 940
401 940
401 939
789 939
789 938
400 938
400 937
987 937
987 936
178 936
178 935
399 935
399 934
398 934
398 933
986 933
986 932
597 932
597 931
788 931
788 930
787 930
787 929
985 929
985 928
786 928
786 927
397 927
397 926
785 926
785 925
177 925
177 924
596 924
596 923
784 923
784 922
984 922
984 921
783 921
783 920
595 920
595 919
983 919
983 918
594 918
594 917
982 917
982 916
396 916
396 915
593 915
593 914
981 914
981 913
782 913
782 912
592 912
592 911
591 911
591 910
395 910
395 909
980 909
980 908
781 908
781 907
176 907
176 906
780 906
780 905
175 905
175 904
174 904
174 903
173 903
173 902
172 902
172 901
590 901
590 900
979 900
979 899
589 899
589 898
394 898
394 897
588 897
588 896
393 896
393 895
779 895
779 894
978 894
978 893
778 893
778 892
171 892
171 891
587 891
587 890
170 890
170 889
977 889
977 888
586 888
586 887
777 887
777 886
585 886
585 885
392 885
392 884
391 884
391 883
976 883
976 882
169 882
169 881
584 881
584 880
776 880
776 879
583 879
583 878
168 878
168 877
975 877
975 876
390 876
390 875
389 875
389 874
974 874
974 873
582 873
582 872
973 872
973 871
581 871
581 870
388 870
388 869
580 869
580 868
972 868
972 867
167 867
167 866
971 866
971 865
775 865
775 864
166 864
166 863
387 863
387 862
165 862
165 861
970 861
970 860
164 860
164 859
579 859
579 858
386 858
386 857
774 857
774 856
969 856
969 855
773 855
773 854
385 854
385 853
968 853
968 852
772 852
772 851
967 851
967 850
578 850
578 849
577 849
577 848
771 848
771 847
576 847
576 846
163 846
163 845
575 845
575 844
966 844
966 843
574 843
574 842
770 842
770 841
162 841
162 840
573 840
573 839
769 839
769 838
384 838
384 837
965 837
965 836
572 836
572 835
161 835
161 834
964 834
964 833
768 833
768 832
160 832
160 831
159 831
159 830
571 830
571 829
963 829
963 828
383 828
383 827
382 827
382 826
158 826
158 825
767 825
767 824
381 824
381 823
380 823
380 822
962 822
962 821
157 821
157 820
156 820
156 819
155 819
155 818
766 818
766 817
961 817
961 816
379 816
379 815
765 815
765 814
154 814
154 813
570 813
570 812
378 812
378 811
569 811
569 810
377 810
377 809
960 809
960 808
376 808
376 807
568 807
568 806
959 806
959 805
764 805
764 804
958 804
958 803
375 803
375 944
957 944
957 919
763 919
763 914
374 914
374 861
956 861
956 806
373 806
373 861
372 861
372 952
153 952
153 950
567 950
567 948
566 948
566 946
762 946
762 943
761 943
761 942
955 942
955 941
954 941
954 939
565 939
565 931
953 931
953 930
952 930
952 928
951 928
951 926
564 926
564 923
950 923
950 921
152 921
152 913
151 913
151 908
371 908
371 906
949 906
949 895
948 895
948 893
947 893
947 887
370 887
370 880
369 880
369 865
150 865
150 857
563 857
563 855
562 855
562 852
561 852
561 848
149 848
149 842
946 842
946 839
368 839
368 833
760 833
760 825
759 825
759 818
758 818
758 815
560 815
560 805
757 805
757 919
148 919
148 842
559 842
559 943
756 943
756 833
755 833
755 825
945 825
945 818
367 818
367 805
366 805
366 943
365 943
365 833
147 833
147 754
944 754
944 753
943 753
943 752
146 752
146 751
364 751
364 750
145 750
145 749
942 749
942 748
144 748
144 747
754 747
754 746
143 746
143 745
753 745
753 744
363 744
363 743
142 743
142 742
141 742
141 741
558 741
558 740
362 740
362 739
752 739
752 738
361 738
361 737
360 737
360 736
751 736
751 735
359 735
359 734
140 734
140 733
750 733
750 732
749 732
749 731
557 731
557 730
748 730
748 729
139 729
139 728
747 728
747 727
556 727
556 726
358 726
358 725
555 725
555 724
746 724
746 723
941 723
941 722
138 722
138 721
357 721
357 720
940 720
940 719
137 719
137 718
356 718
356 717
939 717
939 716
136 716
136 715
135 715
135 714
134 714
134 713
355 713
355 712
745 712
745 711
744 711
744 710
133 710
133 709
743 709
743 708
354 708
354 707
353 707
353 706
938 706
938 705
937 705
937 704
554 704
554 703
352 703
352 702
351 702
351 701
742 701
742 700
553 700
553 699
936 699
936 698
935 698
935 697
934 697
934 696
350 696
350 695
933 695
933 694
932 694
932 693
931 693
931 692
349 692
349 691
552 691
552 690
930 690
930 689
929 689
929 688
348 688
348 687
928 687
928 686
347 686
347 685
346 685
346 684
551 684
551 683
345 683
345 682
550 682
550 681
549 681
549 680
132 680
132 679
131 679
131 678
741 678
741 677
344 677
344 676
927 676
927 675
740 675
740 674
343 674
343 673
548 673
548 672
342 672
342 671
547 671
547 670
341 670
341 669
739 669
739 668
926 668
926 667
340 667
340 666
339 666
339 665
130 665
130 664
738 664
738 663
546 663
546 662
925 662
925 661
924 661
924 660
545 660
545 659
923 659
923 658
544 658
544 657
338 657
338 656
337 656
337 655
737 655
737 654
129 654
129 653
336 653
336 652
736 652
736 651
335 651
335 650
128 650
128 649
127 649
127 648
334 648
334 647
543 647
543 646
735 646
735 645
734 645
734 644
922 644
922 643
333 643
333 642
126 642
126 641
542 641
542 640
125 640
125 639
733 639
733 638
541 638
541 637
732 637
732 636
332 636
332 635
331 635
331 634
124 634
124 633
330 633
330 632
921 632
921 631
329 631
329 630
540 630
540 629
731 629
731 628
920 628
920 627
123 627
123 626
730 626
730 625
919 625
919 624
122 624
122 623
918 623
918 622
121 622
121 621
917 621
917 620
328 620
328 619
729 619
729 618
327 618
327 617
326 617
326 616
120 616
120 615
539 615
539 614
916 614
916 613
538 613
538 612
325 612
325 611
324 611
324 610
537 610
537 906
536 906
536 705
323 705
323 695
535 695
535 637
119 637
119 723
118 723
118 693
117 693
117 644
116 644
116 883
322 883
322 877
915 877
915 868
728 868
728 834
914 834
914 822
727 822
727 694
115 694
115 661
321 661
321 628
726 628
726 623
913 623
913 877
725 877
725 912
912 911
724 911
724 901
723 901
723 899
722 899
722 897
114 897
114 891
721 891
721 888
911 888
911 886
910 886
910 881
320 881
320 879
909 879
909 873
720 873
720 871
319 871
319 869
318 869
318 859
719 859
719 850
113 850
113 849
534 849
534 847
908 847
908 845
317 845
317 843
112 843
112 840
316 840
316 836
315 836
315 830
907 830
907 813
718 813
718 811
717 811
717 807
111 807
111 659
314 659
314 895
533 895
533 811
532 811
532 668
313 668
313 857
531 857
531 855
530 855
530 852
529 852
529 815
312 815
312 842
110 842
110 678
311 678
311 629
109 629
109 822
528 822
528 877
906 877
906 704
310 704
310 700
716 700
716 691
108 691
108 684
527 684
527 682
309 682
309 681
107 681
107 673
905 673
905 671
526 671
526 663
715 663
715 660
525 660
525 658
714 658
714 647
106 647
106 641
105 641
105 638
904 638
904 630
524 630
524 615
523 615
523 613
713 613
713 610
903 610
903 877
712 877
712 695
308 695
308 849
711 849
711 895
104 895
104 811
902 811
902 857
710 857
710 855
103 855
103 852
709 852
709 822
307 822
307 684
306 684
306 671
522 671
522 660
901 660
901 630
102 630
102 615
708 615
708 671
101 671
101 521
100 521
100 520
707 520
707 519
706 519
706 518
305 518
305 517
705 517
705 516
900 516
900 515
899 515
899 514
898 514
898 513
99 513
99 512
98 512
98 511
304 511
304 510
704 510
704 509
521 509
521 508
703 508
703 507
520 507
520 506
519 506
519 505
897 505
897 504
702 504
702 503
701 503
701 502
700 502
700 501
303 501
303 500
896 500
896 499
895 499
895 498
302 498
302 497
518 497
518 496
97 496
97 495
699 495
699 494
301 494
301 493
96 493
96 492
517 492
517 491
894 491
894 490
516 490
516 489
893 489
893 488
515 488
515 487
892 487
892 486
300 486
300 485
891 485
891 484
890 484
890 483
299 483
299 482
514 482
514 481
698 481
698 480
697 480
697 479
513 479
513 478
512 478
512 477
511 477
511 476
95 476
95 475
889 475
889 474
94 474
94 473
696 473
696 472
93 472
93 471
888 471
888 470
298 470
298 469
92 469
92 468
91 468
91 467
510 467
510 466
297 466
297 465
90 465
90 464
887 464
887 463
886 463
886 462
695 462
695 461
509 461
509 460
89 460
89 459
88 459
88 458
508 458
508 457
296 457
296 456
87 456
87 455
694 455
694 454
507 454
507 453
506 453
506 452
885 452
885 451
505 451
505 450
86 450
86 449
504 449
504 448
295 448
295 447
503 447
503 446
884 446
884 445
294 445
294 444
883 444
883 443
882 443
882 442
881 442
881 441
880 441
880 440
502 440
502 439
501 439
501 438
293 438
293 437
85 437
85 436
84 436
84 435
879 435
879 434
500 434
500 433
292 433
292 432
291 432
291 431
290 431
290 430
693 430
693 429
692 429
692 428
83 428
83 427
289 427
289 426
288 426
288 425
691 425
691 424
878 424
878 423
287 423
287 422
690 422
690 421
877 421
877 420
286 420
286 419
82 419
82 418
876 418
876 417
285 417
285 416
875 416
875 415
689 415
689 1
81 1
81 475
80 475
80 415
79 415
79 435
78 435
78 490
77 490
77 874
499 874
499 872
688 872
688 856
498 856
498 853
284 853
284 851
874 851
874 837
497 837
497 809
687 809
687 804
283 804
283 453
496 453
496 481
282 481
282 480
281 480
281 676
495 676
495 614
76 614
76 463
494 463
494 482
872 482
872 434
493 434
493 452
492 452
492 446
75 446
75 418
280 418
280 416
491 416
491 870
279 870
279 863
74 863
74 858
73 858
73 854
278 854
278 838
490 838
490 828
686 828
686 827
277 827
277 824
489 824
489 823
488 823
488 816
685 816
685 812
72 812
72 810
71 810
71 808
276 808
276 803
684 803
684 834
70 834
70 806
871 806
871 861
487 861
487 847
275 847
275 464
486 464
486 441
870 441
870 839
485 839
485 818
484 818
484 805
274 805
274 421
483 421
483 652
683 652
683 849
273 849
273 675
272 675
272 664
682 664
682 655
681 655
681 646
869 646
869 628
271 628
271 839
270 839
270 813
680 813
680 613
482 613
482 615
69 615
69 454
269 454
269 458
481 458
481 449
679 449
679 473
678 473
678 429
268 429
268 613
267 613
267 828
677 828
677 816
266 816
266 652
68 652
68 828
67 828
67 674
66 674
66 672
868 672
868 670
676 670
676 667
867 667
867 666
675 666
675 657
65 657
65 656
480 656
480 653
265 653
265 651
264 651
264 648
866 648
866 643
263 643
263 636
262 636
262 635
674 635
674 633
64 633
64 631
479 631
479 620
261 620
261 618
673 618
673 617
63 617
63 612
865 612
865 611
672 611
672 452
260 452
260 444
62 444
62 661
61 661
61 442
259 442
259 806
864 806
864 646
863 646
863 845
60 845
60 840
59 840
59 836
58 836
58 659
258 659
258 668
862 668
862 815
671 815
671 473
670 473
670 467
669 467
669 664
478 664
478 462
57 462
57 822
668 822
668 803
257 803
257 837
256 837
256 477
56 477
56 439
255 439
255 856
477 856
477 463
861 463
861 464
667 464
667 421
55 421
55 470
54 470
54 466
476 466
476 457
254 457
254 448
860 448
860 445
666 445
666 438
475 438
475 433
53 433
53 432
665 432
665 431
474 431
474 427
859 427
859 426
664 426
664 423
663 423
663 420
473 420
473 417
52 417
52 853
858 853
858 804
662 804
662 458
253 458
253 656
51 656
51 418
857 418
857 441
252 441
252 854
251 854
251 827
856 827
856 808
472 808
472 847
250 847
250 805
471 805
471 849
470 849
470 445
469 445
469 628
249 628
249 839
855 839
855 454
468 454
468 429
854 429
854 613
248 613
248 816
467 816
467 653
853 653
853 651
50 651
50 643
466 643
466 636
49 636
49 620
247 620
247 452
852 452
852 442
661 442
661 659
246 659
246 803
48 803
48 837
465 837
465 439
464 439
464 457
851 457
851 458
660 458
660 441
850 441
850 429
463 429
463 847
659 847
659 628
658 628
658 613
47 613
47 620
849 620
849 847
657 847
657 245
46 245
46 244
656 244
656 243
245 243
245 242
848 242
848 241
847 241
847 240
244 240
244 239
655 239
655 238
462 238
462 237
45 237
45 236
846 236
846 235
243 235
243 234
461 234
461 233
845 233
845 232
654 232
654 231
44 231
44 230
844 230
844 229
242 229
242 228
460 228
460 227
241 227
241 226
43 226
43 225
653 225
653 224
459 224
459 223
652 223
652 222
240 222
240 221
42 221
42 220
458 220
458 219
457 219
457 218
843 218
843 217
239 217
239 216
456 216
456 215
41 215
41 214
238 214
238 213
455 213
455 212
237 212
237 211
454 211
454 210
40 210
40 209
453 209
453 208
651 208
651 207
452 207
452 206
39 206
39 205
236 205
236 204
451 204
451 203
38 203
38 202
450 202
450 201
235 201
235 200
650 200
650 199
234 199
234 198
233 198
233 197
232 197
232 196
842 196
842 195
841 195
841 194
840 194
840 193
449 193
449 192
839 192
839 191
231 191
231 190
838 190
838 189
37 189
37 621
448 621
448 817
447 817
447 416
649 416
649 648
446 648
446 829
229 829
229 611
445 611
445 809
444 809
444 824
36 824
36 825
228 825
228 420
227 420
227 804
648 804
648 830
226 830
226 618
443 618
443 638
35 638
35 610
225 610
225 811
837 811
837 429
224 429
224 818
647 818
647 618
34 618
34 424
33 424
33 439
32 439
32 806
442 806
442 822
646 822
646 621
31 621
31 205
223 205
223 195
441 195
441 835
222 835
222 832
221 832
221 831
645 831
645 826
644 826
644 821
220 821
220 820
30 820
30 819
643 819
643 814
29 814
29 422
836 422
836 632
835 632
835 623
440 623
440 612
219 612
219 829
834 829
834 625
642 625
642 816
832 816
832 639
641 639
641 626
28 626
28 805
640 805
640 207
439 207
439 817
218 817
218 831
438 831
438 619
831 619
831 823
217 823
217 427
27 427
27 623
639 623
639 423
216 423
216 628
437 628
437 418
638 418
638 813
26 813
26 193
215 193
215 432
830 432
830 197
214 197
214 200
637 200
637 416
25 416
25 625
829 625
829 805
213 805
213 634
636 634
636 627
24 627
24 624
23 624
23 622
22 622
22 616
436 616
436 200
828 200
828 821
827 821
827 430
21 430
21 826
635 826
635 805
826 805
826 204
825 204
825 195
824 195
824 817
435 817
435 807
634 807
634 196
633 196
633 629
20 629
20 425
19 425
19 823
212 823
212 818
18 818
18 623
211 623
211 612
210 612
210 192
823 192
823 630
209 630
209 815
822 815
822 199
434 199
434 631
208 631
208 426
207 426
207 630
433 630
433 199
206 199
206 819
821 819
821 431
432 431
432 808
820 808
820 611
205 611
205 623
204 623
204 811
819 811
819 623
818 623
818 429
632 429
632 423
631 423
631 202
431 202
431 628
817 628
817 616
203 616
203 428
17 428
17 419
430 419
430 1
816 1
816 619
202 619
202 415
815 415
815 628
201 628
201 190
429 190
429 614
428 614
428 804
200 804
200 415
16 415
16 610
15 610
15 812
427 812
427 810
630 810
630 625
199 625
199 615
814 615
814 611
198 611
198 804
629 804
629 805
813 805
813 420
812 420
812 196
426 196
426 617
628 617
628 809
197 809
197 806
196 806
196 611
811 611
811 194
627 194
627 422
810 422
810 809
809 611
626 611
626 421
14 421
14 620
195 620
195 422
194 422
194 417
13 417
13 190
425 190
425 423
424 423
424 807
193 807
193 803
625 803
625 613
12 613
12 617
624 617
624 192
808 192
808 191
623 191
623 619
423 619
423 1
11 1
11 807
192 807
192 612
622 612
622 803
422 803
422 616
191 616
191 189
421 189
421 620
621 620
621 418
620 418
620 618
807 618
807 619
619 418
10 418
10 615
617 615
617 611
9 611
9 805
616 805
616 416
419 416
419 803
418 803
418 615
417 615
417 612
8 612
8 804
7 804
7 190
6 190
6 805
190 805
190 614
805 614
805 415
415 610
5 610
5 189
614 189
614 613
613 1
4 1
4 803
804 803
804 611
189 611
189 612
612 803
803 610
610 1
