JA
1742
757 693
757 695
757 1000
995 695
995 1000
1000 999
697 999
697 998
696 998
696 997
999 997
999 996
744 221
744 994
720 605
720 993
993 992
605 992
605 719
605 991
552 188
552 990
193 990
193 536
193 549
193 191
193 189
193 187
193 989
551 189
551 191
551 549
551 536
551 988
192 988
192 536
192 549
192 191
192 187
192 989
192 987
990 536
990 986
727 986
727 549
727 191
727 187
727 985
726 549
726 191
726 187
726 985
726 984
725 191
725 187
725 985
725 984
725 983
989 983
989 984
989 985
989 187
989 982
988 982
988 981
550 981
550 980
549 980
549 979
809 39
809 802
809 659
809 40
809 978
516 498
516 977
400 391
400 976
399 392
399 393
399 976
399 975
398 393
398 976
398 975
398 974
681 677
681 326
681 973
65 19
65 22
65 21
65 20
65 972
149 5
149 971
843 3
843 336
843 5
843 971
843 970
842 970
842 969
198 2
198 4
198 881
198 1
198 968
841 336
841 5
841 971
841 969
841 967
388 963
963 962
962 961
961 960
960 959
959 958
497 958
497 957
956 487
956 366
956 108
956 107
956 955
108 954
325 223
325 953
48 38
48 273
48 40
48 978
48 952
660 952
660 951
248 244
248 949
749 949
749 245
749 948
946 246
946 244
946 245
946 948
949 948
949 947
658 947
658 245
658 244
658 246
534 953
534 228
534 224
534 945
299 945
299 322
299 227
299 944
324 944
324 227
324 322
324 224
324 228
324 943
231 943
231 927
231 533
231 226
231 942
323 224
323 228
323 927
323 941
533 941
533 927
533 228
533 940
230 940
230 228
230 927
230 941
230 226
230 942
230 939
363 358
363 935
362 359
362 935
362 934
668 255
668 663
668 256
668 933
271 269
271 928
271 929
271 342
271 932
343 928
343 931
932 342
932 929
932 931
932 930
657 245
657 244
657 246
657 926
656 244
656 246
656 926
743 976
743 393
743 741
743 994
743 925
742 974
742 975
742 393
742 741
742 994
742 925
742 924
397 975
397 923
976 741
976 393
976 923
976 922
624 922
624 923
624 393
624 921
221 924
221 920
975 923
975 919
925 920
925 918
467 304
467 306
467 917
917 306
917 916
916 915
307 915
307 914
915 914
915 913
306 913
306 912
466 912
466 913
466 911
910 913
910 911
914 911
914 913
415 302
415 315
415 879
415 313
415 906
414 303
414 879
414 313
414 906
987 983
987 984
987 985
987 187
987 979
987 905
186 177
186 176
186 903
185 903
185 902
229 939
229 901
228 927
228 941
228 226
228 942
228 901
228 900
485 260
485 899
632 203
632 897
631 200
631 627
631 897
631 896
855 68
855 895
854 895
854 894
853 894
853 893
852 893
852 892
278 277
278 891
380 277
380 890
891 889
8 968
8 1
8 7
8 969
8 971
8 5
8 888
888 5
888 971
888 969
888 7
888 1
888 887
610 4
610 881
610 1
610 887
610 886
840 881
840 1
840 887
840 7
840 969
840 967
840 885
986 905
986 884
191 884
191 979
191 187
191 985
191 984
191 983
191 883
7 969
7 967
7 971
7 5
7 882
931 930
931 880
303 879
303 313
303 315
303 235
303 878
199 875
736 104
736 103
736 874
874 873
315 235
315 872
879 313
879 235
879 872
879 878
879 871
302 878
302 871
829 99
829 870
795 118
795 868
861 117
861 119
861 785
861 95
861 867
794 119
794 785
794 868
794 866
175 160
175 865
174 865
174 864
173 864
173 863
115 955
115 107
115 954
115 366
115 487
115 491
115 862
114 107
114 954
114 366
114 487
114 491
114 862
796 954
796 366
796 487
796 491
796 862
107 366
107 487
107 491
107 862
486 487
486 491
124 867
124 95
124 868
124 785
124 117
793 117
793 785
793 866
793 859
859 866
859 868
859 95
859 858
792 785
792 868
792 866
792 857
858 856
851 67
851 71
851 892
851 68
850 68
850 895
849 71
849 892
849 895
849 894
848 894
848 893
739 892
739 67
72 893
72 68
895 67
895 71
71 67
71 68
71 894
70 894
70 845
894 845
894 68
894 67
894 844
301 885
301 971
301 5
301 882
301 3
148 3
148 882
148 5
148 971
148 970
6 882
6 336
971 967
971 969
971 887
971 1
971 881
197 881
197 1
197 887
197 886
197 839
36 26
36 838
35 838
35 837
288 837
288 32
288 125
288 29
288 27
288 836
287 32
287 125
287 29
287 27
287 836
287 835
268 139
268 833
267 265
267 833
267 832
833 832
833 831
145 870
145 99
159 99
159 827
102 826
158 156
158 100
158 827
158 825
144 825
144 824
413 66
413 823
412 823
412 822
823 822
823 821
411 821
411 820
822 820
822 819
410 819
410 818
821 818
821 817
409 817
409 816
66 816
66 401
66 815
813 401
813 815
408 815
408 814
820 814
820 401
263 89
263 90
263 812
262 90
262 812
262 811
810 812
810 811
94 811
94 812
523 273
523 40
523 978
523 659
523 802
523 39
522 951
522 659
522 802
522 39
978 802
978 39
47 659
47 808
808 807
952 807
952 39
952 802
952 40
952 806
807 39
807 805
806 40
806 802
806 805
806 804
805 804
805 803
46 40
46 802
46 804
46 803
46 801
45 801
45 800
44 800
44 799
63 10
63 798
62 12
62 60
62 250
62 798
62 797
366 491
366 954
791 856
791 95
791 866
791 857
791 118
123 118
123 857
123 868
123 119
461 857
461 868
461 119
461 117
122 868
122 119
122 117
122 785
857 119
857 117
857 866
857 95
857 856
121 117
121 866
121 785
121 789
341 789
341 785
341 95
341 856
341 788
120 866
120 95
120 785
120 787
119 95
119 785
119 787
119 786
460 785
460 787
460 786
460 784
868 787
868 786
868 784
868 783
387 22
387 21
387 20
387 972
387 781
782 420
782 21
782 780
420 779
972 20
972 780
972 21
972 779
477 781
477 20
477 780
477 21
477 779
23 20
23 780
23 21
23 779
23 778
22 778
22 777
386 777
386 779
386 21
386 780
386 776
385 779
385 21
385 780
385 776
385 775
222 37
222 771
15 60
15 770
14 13
14 252
14 763
14 55
14 797
14 798
14 250
14 770
14 769
764 769
764 770
764 250
764 798
764 768
254 252
254 767
770 766
87 768
87 797
87 765
13 767
13 763
13 55
13 765
13 797
13 798
13 250
13 766
13 769
390 798
390 250
390 766
390 769
390 762
12 762
12 761
769 761
769 760
286 125
286 29
286 27
286 836
286 835
286 759
34 759
34 835
34 836
34 27
34 29
34 758
998 996
998 693
247 246
247 948
18 16
18 746
138 746
138 745
623 918
623 920
623 994
623 921
623 741
396 741
396 393
396 919
396 974
738 844
738 892
893 68
893 67
893 892
893 844
69 844
69 892
69 67
69 737
106 103
106 104
733 104
733 873
105 873
105 104
184 902
184 731
183 731
183 730
903 730
903 729
985 187
985 979
985 905
548 905
548 980
547 980
547 884
984 187
984 979
984 884
984 724
580 187
580 983
580 883
580 723
884 979
884 983
884 883
884 723
884 722
326 677
973 677
258 663
258 255
257 933
257 256
257 255
257 662
663 662
663 255
663 256
663 661
804 803
804 799
804 39
948 947
947 245
246 245
246 244
638 907
638 243
907 243
630 896
630 203
897 627
897 200
629 203
629 896
628 200
628 627
628 896
628 203
203 896
203 627
203 200
627 896
627 626
626 625
395 920
395 994
395 921
395 393
395 919
395 974
395 922
923 922
923 974
923 919
923 393
923 921
923 994
923 918
394 918
394 994
394 921
394 393
394 919
394 974
394 622
922 622
922 974
922 919
922 393
922 921
922 994
922 621
921 994
921 621
921 620
970 967
970 969
970 886
970 887
970 1
970 4
196 839
196 609
515 977
515 604
514 604
514 603
322 927
322 941
322 226
322 601
724 979
724 983
724 883
724 187
364 965
364 555
965 555
555 554
553 554
983 979
983 188
723 187
723 189
982 188
982 981
546 981
546 905
545 722
545 187
545 189
545 883
545 979
545 905
545 980
190 980
190 905
190 979
190 883
190 189
190 187
190 722
189 187
189 722
189 544
980 905
980 543
544 722
544 187
544 883
544 979
544 543
544 542
543 542
543 541
188 541
188 542
188 979
188 883
188 187
188 722
188 540
883 187
883 722
883 540
187 722
187 540
905 542
905 979
905 722
905 540
722 540
979 540
542 540
542 539
541 539
541 538
540 538
540 537
945 941
945 226
945 601
945 953
227 927
227 226
227 601
227 953
227 942
227 901
227 900
227 531
226 601
226 953
226 942
226 901
226 900
226 531
226 530
225 953
225 942
225 901
225 900
225 531
225 530
225 529
298 927
298 528
297 900
297 901
297 942
297 601
297 528
297 527
224 601
224 942
224 901
224 531
224 530
224 529
224 526
531 901
531 942
531 525
296 901
296 942
296 525
296 528
296 527
296 524
276 39
276 799
276 803
276 802
276 273
43 799
43 951
513 603
513 498
512 498
512 977
511 977
511 604
510 604
510 603
509 603
509 498
508 503
508 498
508 977
507 977
507 604
506 604
506 603
604 603
604 498
604 503
505 498
505 977
504 503
504 977
504 603
503 977
503 603
503 498
603 977
496 957
496 958
957 958
491 954
491 490
490 489
489 488
365 488
365 487
484 899
484 260
483 260
483 899
482 899
482 260
481 260
481 899
480 259
480 899
480 260
261 899
261 259
899 259
899 260
259 260
384 775
384 781
913 304
789 783
789 784
789 786
789 95
788 856
788 786
788 95
788 785
118 785
118 95
118 784
118 459
361 935
361 934
361 430
430 934
430 429
429 428
935 428
935 934
935 427
270 880
270 930
270 929
270 342
270 416
269 930
269 929
269 342
269 416
880 929
880 342
880 416
342 416
314 235
314 872
314 871
314 878
313 872
313 871
235 871
235 872
871 872
407 401
407 816
819 816
819 814
406 814
406 818
818 816
405 816
405 817
404 817
404 815
817 815
817 401
816 401
816 814
815 814
815 401
403 401
403 814
402 814
402 401
393 919
393 974
393 391
622 391
622 974
622 919
622 392
392 919
392 974
392 391
621 994
621 919
621 741
620 994
620 919
620 741
994 919
994 741
918 919
61 250
61 798
768 798
768 766
768 761
768 760
768 389
781 776
781 780
781 21
781 778
21 778
21 777
780 778
780 777
780 779
383 779
383 777
383 778
383 776
383 775
778 777
778 382
777 382
777 381
379 890
379 277
378 277
378 890
377 890
377 277
376 277
376 890
375 890
375 277
374 277
374 890
373 889
373 890
373 277
890 889
277 889
157 824
157 370
955 487
955 488
360 427
360 358
428 934
428 359
427 358
427 359
427 934
358 359
930 416
930 928
867 856
867 786
867 784
867 459
867 783
787 95
787 340
459 783
459 339
866 340
866 783
866 339
5 336
5 335
944 524
944 527
944 528
944 525
944 942
944 223
295 525
295 528
295 527
295 524
530 223
530 942
530 528
530 601
943 942
943 321
294 526
294 529
294 223
294 321
294 528
294 601
294 527
294 524
294 320
942 528
942 319
293 319
293 601
293 527
293 524
293 320
293 318
321 601
321 317
865 863
865 316
147 335
147 336
147 969
147 967
147 885
195 4
195 1
195 887
195 609
195 300
529 223
529 601
529 317
529 527
529 524
529 941
292 318
292 927
320 941
320 524
320 527
320 900
319 900
319 901
528 901
528 527
528 524
528 525
223 526
941 525
941 524
941 527
941 900
291 927
291 318
290 524
290 525
290 318
290 927
289 900
289 527
289 525
289 318
289 927
527 525
527 318
527 524
318 525
318 900
33 835
33 836
33 27
33 29
33 758
33 837
759 836
759 27
759 29
759 758
759 837
759 32
32 125
838 125
838 837
838 758
838 29
838 27
838 285
31 837
31 284
285 283
284 758
284 29
284 27
284 283
284 282
837 758
837 29
837 27
837 283
837 282
837 281
128 282
128 280
30 281
30 280
30 283
30 27
30 29
30 279
42 951
42 39
803 39
803 275
802 39
802 275
802 274
266 831
266 139
139 832
139 265
831 832
831 265
882 336
882 969
882 967
882 886
882 264
812 89
93 89
93 90
256 255
256 662
255 662
933 661
933 662
661 662
253 389
253 760
253 761
253 766
253 797
253 765
253 55
253 763
253 252
767 252
767 763
767 55
767 765
767 797
767 766
767 761
767 760
767 389
60 389
60 760
60 761
60 766
60 251
763 55
763 765
763 797
763 251
763 249
940 524
940 525
940 900
940 901
526 601
526 317
526 901
526 900
526 525
526 524
901 317
901 601
901 939
900 317
900 601
900 939
601 939
953 524
953 525
953 317
953 939
317 939
524 525
336 969
336 967
336 886
336 264
336 609
336 887
336 1
336 2
969 967
969 886
969 264
969 609
969 887
969 1
969 2
969 881
194 300
194 839
968 839
968 1
968 2
968 881
968 4
335 886
335 264
335 609
335 887
335 2
335 881
335 4
967 264
967 609
967 887
967 2
967 881
967 4
887 2
887 881
887 4
887 1
887 300
539 537
539 536
538 536
538 537
536 537
731 729
731 176
731 177
182 176
182 730
181 730
181 902
180 177
180 902
180 729
179 729
179 176
178 902
178 176
178 730
730 176
730 177
177 176
177 729
176 729
902 729
172 169
172 316
172 160
864 160
864 863
171 863
171 160
316 169
863 160
863 169
170 169
170 160
143 370
143 99
156 100
156 827
156 99
156 824
101 824
101 99
101 827
101 100
101 830
101 826
101 155
100 830
100 826
100 155
100 154
99 827
99 830
99 826
99 155
99 154
830 826
830 155
830 154
370 827
370 826
370 155
370 154
870 826
870 155
870 154
150 155
150 154
142 154
142 153
155 153
155 152
141 152
141 151
154 151
154 153
4 881
4 2
4 609
4 3
3 886
264 886
264 609
264 2
264 885
264 146
839 300
839 1
839 881
839 885
839 146
153 826
827 826
827 825
152 825
152 826
826 151
151 825
824 825
68 737
68 140
17 745
17 133
16 133
16 132
133 132
133 131
132 131
132 130
127 280
127 283
127 282
283 280
340 783
340 339
340 784
340 786
340 856
339 784
339 786
339 856
117 784
117 786
786 785
785 95
783 95
488 487
954 487
104 103
873 103
92 90
92 811
811 89
91 89
91 90
89 90
59 760
59 761
59 766
59 249
59 798
762 761
762 766
762 249
762 798
762 86
845 140
845 737
67 737
67 140
844 892
844 737
844 140
737 140
892 140
20 775
20 776
20 382
20 381
20 19
776 382
776 381
776 19
776 64
775 382
775 381
775 19
775 64
19 64
381 64
58 86
58 10
11 10
11 798
11 249
11 766
11 761
761 766
761 249
761 798
761 250
10 250
10 798
10 249
10 766
10 760
57 55
57 765
57 797
57 251
57 798
57 86
252 765
252 55
251 797
251 55
251 54
275 39
275 273
275 38
41 274
41 659
274 659
274 39
274 273
274 38
274 40
273 38
273 40
951 39
951 38
951 40
659 38
659 40
40 801
39 801
39 800
38 800
38 799
29 279
29 26
28 280
28 282
28 27
28 279
28 26
28 125
282 835
27 279
27 26
27 125
27 758
26 125
26 758
835 279
745 130
766 760
766 389
765 54
765 55
765 797
765 798
765 86
765 249
765 760
765 389
798 86
798 249
798 760
250 760
250 249
250 86
250 797
250 55
250 54
249 86
249 797
249 55
249 54
797 55
797 54
86 55
86 54
760 55
760 54
886 609
886 2
886 146
886 885
886 881
886 1
886 300
885 881
885 1
885 300
609 2
609 146
609 881
609 1
609 300
881 1
881 300
146 1
146 300
