JA
2207
525 3
525 1000
833 1000
833 999
1000 999
1000 998
561 998
561 997
918 997
918 1
918 996
342 1
342 995
639 995
639 994
596 994
596 993
638 993
638 992
999 992
999 991
595 991
595 990
729 2
729 990
729 989
661 989
661 988
456 988
456 987
479 987
479 986
873 986
873 985
707 985
707 984
142 984
142 983
307 990
307 983
307 982
998 982
998 981
685 981
685 980
106 980
106 979
478 979
478 978
438 978
438 996
438 977
706 996
706 976
750 976
750 975
660 975
660 974
387 974
387 983
387 973
49 983
49 972
997 972
997 971
637 971
637 970
262 970
262 969
636 969
636 968
261 968
261 967
127 967
127 966
220 966
220 965
549 973
549 965
549 964
326 964
326 963
14 963
14 977
14 962
996 977
996 961
635 961
635 960
70 960
70 959
659 959
659 958
594 958
594 957
69 957
69 956
814 956
814 955
126 955
126 954
424 954
424 953
141 953
141 952
477 952
477 951
386 951
386 965
386 950
13 965
13 962
13 949
502 949
502 962
502 948
949 962
949 948
949 947
983 947
983 946
548 946
548 945
325 945
325 944
593 944
593 943
89 943
89 948
89 942
341 948
341 941
658 941
658 940
324 940
324 939
705 939
705 938
618 942
618 938
618 937
197 937
197 950
197 936
125 950
125 935
848 935
848 934
982 934
982 933
260 933
260 932
68 932
68 931
704 931
704 930
524 930
524 929
934 929
934 928
749 928
749 927
748 927
748 926
783 926
783 925
617 938
617 925
617 924
703 924
703 923
560 923
560 922
239 922
239 921
872 925
872 921
872 920
153 920
153 919
684 919
684 972
782 972
782 917
455 917
455 916
454 916
454 915
797 936
797 914
453 915
453 913
140 913
140 912
702 912
702 911
501 911
501 910
657 910
657 909
466 909
466 908
357 908
357 907
813 907
813 906
177 906
177 905
340 921
340 905
340 904
306 904
306 903
578 903
578 902
34 902
34 914
34 901
917 914
917 905
917 900
437 900
437 899
385 905
385 901
385 898
423 898
423 901
423 897
847 897
847 896
305 896
305 895
966 895
966 894
323 899
323 894
323 893
422 893
422 892
421 892
421 891
304 894
304 891
304 890
764 901
764 890
764 889
259 889
259 888
683 888
683 887
812 887
812 886
965 886
965 885
176 885
176 884
105 884
105 883
871 883
871 882
219 882
219 881
796 890
796 880
175 881
175 879
465 879
465 878
846 878
846 877
616 877
616 876
452 876
452 875
845 875
845 874
615 874
615 986
88 891
88 925
781 986
781 883
656 883
656 870
523 870
523 869
577 869
577 868
981 868
981 867
995 867
995 866
870 866
870 865
371 865
371 864
384 864
384 880
384 863
464 880
464 862
67 862
67 861
12 861
12 925
12 860
592 925
592 859
436 859
436 860
436 858
87 860
87 858
87 857
339 858
339 856
407 856
407 855
196 855
196 863
196 854
291 863
291 853
420 853
420 852
547 852
547 851
322 851
322 850
614 850
614 849
406 849
406 935
321 935
321 897
104 897
104 878
273 878
273 875
701 875
701 844
303 844
303 843
320 843
320 842
383 842
383 854
383 841
258 854
258 840
811 857
811 840
811 839
174 839
174 838
591 840
591 838
591 837
994 837
994 836
218 836
218 835
405 835
405 834
933 834
933 992
139 992
139 832
795 832
795 841
795 831
356 838
356 841
356 830
634 830
634 829
48 829
48 828
964 828
964 827
794 827
794 831
794 826
11 831
11 841
11 825
238 841
238 824
47 824
47 823
382 823
382 826
382 822
780 826
780 821
576 821
576 820
793 820
793 822
793 819
948 822
948 818
86 818
86 825
86 817
237 825
237 816
522 819
522 816
522 815
66 815
66 956
257 956
257 907
500 907
500 887
435 887
435 817
435 857
832 817
832 810
655 810
655 809
290 809
290 808
763 808
763 807
355 807
355 806
381 806
381 816
381 805
980 816
980 804
85 804
85 857
85 803
521 857
521 802
404 802
404 801
613 801
613 800
499 800
499 799
831 799
831 798
380 798
380 805
380 936
195 805
195 936
195 890
173 936
173 817
520 890
520 817
520 827
124 827
124 820
779 820
779 792
682 792
682 791
681 791
681 790
979 790
979 789
476 789
476 788
289 788
289 787
892 787
892 786
217 786
217 785
434 785
434 803
434 784
932 803
932 926
546 817
546 926
546 972
288 972
288 986
680 986
680 826
172 826
172 820
963 820
963 777
891 784
891 777
891 776
463 776
463 775
728 775
728 774
216 774
216 773
545 773
545 772
916 772
916 777
916 771
33 777
33 926
33 770
810 926
810 769
931 769
931 768
993 768
993 767
103 767
103 766
319 766
319 765
379 771
379 765
379 770
379 901
809 770
809 808
318 808
318 762
123 765
123 762
123 761
354 761
354 760
84 901
84 760
84 762
84 759
10 762
10 759
10 758
844 759
844 757
236 757
236 756
194 756
194 760
194 755
287 760
287 754
544 754
544 753
138 753
138 752
612 758
612 752
612 751
256 751
256 976
962 752
962 976
962 928
46 928
46 927
9 927
9 976
9 747
171 976
171 746
611 746
611 745
475 745
475 744
102 744
102 743
978 743
978 742
519 742
519 741
610 747
610 741
610 740
890 755
890 740
890 739
727 739
727 738
193 738
193 740
193 737
338 740
338 736
170 736
170 735
169 735
169 734
45 734
45 733
726 733
726 732
32 732
32 737
32 731
168 731
168 737
168 730
31 730
31 737
31 2
725 737
725 775
462 775
462 739
498 739
498 733
992 733
992 737
461 737
461 724
930 724
930 723
353 723
353 722
44 722
44 721
915 721
915 741
915 720
122 741
122 719
83 719
83 720
83 718
575 720
575 717
747 718
747 717
747 716
914 716
914 717
914 715
543 717
543 714
654 714
654 713
961 713
961 712
317 712
317 711
889 711
889 710
137 710
137 709
888 709
888 708
101 708
101 985
474 985
474 977
352 977
352 939
947 939
947 769
590 769
590 924
679 924
679 912
843 912
843 875
473 875
473 700
136 700
136 699
65 699
65 698
792 698
792 2
792 697
991 2
991 696
235 697
235 696
235 695
272 695
272 694
167 694
167 693
724 693
724 692
887 692
887 691
977 691
977 690
589 690
589 689
791 689
791 696
791 688
678 696
678 687
842 687
842 686
215 686
215 868
746 868
746 919
633 919
633 709
497 709
497 698
700 698
700 689
777 689
777 986
745 986
745 924
337 924
337 696
192 696
192 688
192 677
403 688
403 676
588 676
588 675
351 677
351 675
351 674
302 674
302 673
370 673
370 672
496 672
496 671
653 715
653 671
653 670
43 670
43 669
419 669
419 668
418 668
418 667
841 667
841 666
336 666
336 665
960 665
960 664
191 675
191 663
402 664
402 662
369 663
369 662
369 989
609 989
609 975
472 671
472 975
472 959
350 975
350 959
350 941
518 662
518 941
518 910
368 941
368 910
368 883
121 883
121 926
42 926
42 714
82 714
82 959
82 715
840 715
840 959
840 652
723 652
723 651
830 651
830 650
417 650
417 649
829 649
829 648
652 648
652 647
166 647
166 646
722 646
722 645
744 645
744 644
886 644
886 643
401 643
401 642
776 642
776 641
699 641
699 640
574 640
574 867
542 867
542 768
451 768
451 971
869 971
869 969
929 969
929 713
495 713
495 651
165 651
165 919
8 919
8 959
8 632
790 959
790 910
790 631
30 910
30 631
30 630
81 631
81 632
81 629
743 632
743 628
762 628
762 627
976 627
976 626
928 626
928 625
494 625
494 624
913 624
913 629
913 623
559 629
559 622
632 622
632 621
135 621
135 620
450 630
450 620
450 619
912 619
912 623
912 942
433 623
433 942
433 938
400 942
400 877
493 877
493 874
100 938
100 874
100 850
677 620
677 850
677 801
80 801
80 874
80 758
335 874
335 868
911 868
911 758
911 718
868 758
868 989
990 850
990 989
990 608
698 608
698 607
541 607
541 606
449 606
449 605
676 605
676 604
271 718
271 604
271 603
885 603
885 602
517 602
517 601
190 601
190 989
190 600
608 989
608 599
721 599
721 598
448 598
448 597
607 597
607 837
720 837
720 2
255 2
255 958
808 958
808 944
399 944
399 925
910 925
910 604
910 715
367 604
367 769
492 769
492 690
286 690
286 605
416 605
416 587
587 586
214 715
214 586
214 585
631 585
631 584
491 584
491 583
7 583
7 586
7 582
975 582
975 586
975 581
927 581
927 580
828 580
828 579
719 579
719 903
946 903
946 971
471 971
471 821
516 821
516 837
213 586
213 837
213 640
334 837
334 640
334 573
99 573
99 572
398 572
398 571
234 571
234 570
366 570
366 569
64 569
64 568
959 568
959 567
365 567
365 566
573 566
573 565
775 565
775 564
254 564
254 563
212 563
212 562
974 562
974 969
675 600
675 969
675 923
867 923
867 629
866 629
866 558
989 558
989 557
41 557
41 556
630 969
630 556
630 555
29 555
29 556
29 554
973 554
973 556
973 553
79 553
79 640
79 552
865 640
865 551
606 551
606 550
28 556
28 554
697 554
697 550
697 903
696 903
696 852
189 852
189 550
189 817
98 817
98 550
98 773
164 773
164 754
364 754
364 717
742 717
742 923
515 923
515 597
470 597
470 540
629 540
629 539
301 539
301 538
152 552
152 538
152 537
78 537
78 538
78 536
77 538
77 536
77 535
651 536
651 534
300 534
300 533
839 533
839 532
349 532
349 531
718 535
718 531
718 530
695 530
695 529
333 529
333 528
761 528
761 527
586 531
586 527
586 526
120 526
120 3
363 3
363 693
884 693
884 540
27 540
27 550
27 819
469 550
469 857
378 527
378 857
378 819
378 755
514 819
514 717
188 717
188 755
188 662
447 755
447 602
513 602
513 821
151 662
151 821
151 923
807 923
807 819
540 819
540 602
741 602
741 512
6 512
6 857
6 511
119 857
119 510
827 510
827 509
285 509
285 508
26 508
26 821
26 507
988 821
988 506
774 506
774 505
118 505
118 504
97 504
97 503
432 503
432 511
432 752
134 752
134 511
134 758
40 758
40 907
460 907
460 800
650 800
650 739
539 739
539 709
96 709
96 672
883 672
883 713
694 713
694 625
760 625
760 877
415 877
415 769
150 769
150 584
117 584
117 490
377 490
377 507
377 489
838 511
838 507
838 488
446 488
446 487
882 487
882 486
5 486
5 507
5 485
362 507
362 484
253 484
253 483
693 483
693 482
270 482
270 481
558 481
558 480
211 480
211 987
233 987
233 568
740 568
740 952
628 952
628 789
881 789
881 986
163 986
163 985
572 985
572 875
909 875
909 485
909 671
468 485
468 971
210 971
210 597
284 597
284 550
232 550
232 485
773 485
773 467
864 467
864 875
445 875
445 879
95 879
95 880
209 880
209 642
348 642
348 565
332 565
332 737
63 737
63 907
739 907
739 459
880 459
880 458
585 458
585 457
538 457
538 821
537 821
537 716
490 716
490 772
674 772
674 599
958 599
958 876
972 876
972 768
187 768
187 489
187 969
361 489
361 551
806 551
806 598
39 598
39 755
94 755
94 488
231 488
231 875
162 875
162 444
557 444
557 443
299 443
299 442
467 442
467 441
283 441
283 440
252 440
252 439
316 439
316 622
431 622
431 671
431 900
161 671
161 859
282 859
282 692
945 692
945 785
298 785
298 623
556 969
556 623
556 503
149 503
149 622
376 622
376 623
376 430
536 623
536 429
789 429
789 430
789 428
805 430
805 427
444 427
444 426
804 426
804 425
605 425
605 954
375 428
375 898
443 954
443 893
604 893
604 787
512 787
512 853
414 853
414 669
230 900
230 669
230 668
413 668
413 800
208 800
208 425
759 425
759 877
673 877
673 853
826 853
826 668
672 668
672 412
863 412
863 411
908 411
908 669
908 410
571 669
571 409
281 409
281 408
671 408
671 856
489 856
489 849
649 849
649 835
584 835
584 802
926 802
926 688
269 410
269 688
269 664
862 664
862 643
803 643
803 942
861 942
861 944
583 944
583 985
25 985
25 898
25 397
879 898
879 396
148 396
148 395
907 395
907 688
907 394
360 688
360 393
906 393
906 394
906 392
397 394
397 391
825 391
825 390
297 390
297 389
116 392
116 389
116 388
459 388
459 562
115 562
115 951
772 951
772 905
511 389
511 905
511 442
160 394
160 442
160 687
582 905
582 687
582 823
62 823
62 551
925 551
925 798
905 687
905 771
904 798
904 771
904 527
648 771
648 716
251 716
251 622
788 622
788 442
788 428
758 442
758 374
771 374
771 373
837 527
837 373
837 372
510 372
510 640
38 640
38 877
24 877
24 428
24 663
186 428
186 663
186 941
627 663
627 893
229 893
229 570
924 570
924 567
944 567
944 754
757 754
757 3
738 3
738 507
603 507
603 856
626 856
626 688
602 688
602 359
923 359
923 358
570 358
570 411
903 411
903 373
903 389
878 373
878 359
396 359
396 528
442 528
442 374
331 941
331 374
331 691
185 389
185 691
185 374
185 620
902 374
902 691
902 687
860 691
860 532
802 532
802 642
412 642
412 347
228 347
228 346
535 687
535 346
535 345
756 345
756 344
943 344
943 343
770 343
770 1
670 1
670 822
4 822
4 346
4 921
569 346
569 858
737 858
737 568
133 568
133 358
581 358
581 666
250 666
250 874
76 874
76 921
76 527
534 921
534 529
347 529
347 565
184 565
184 620
184 941
787 620
787 941
787 330
249 941
249 329
555 329
555 328
395 328
395 327
159 327
159 580
836 580
836 692
769 692
769 940
75 940
75 527
75 899
280 527
280 851
824 851
824 935
330 935
330 619
625 619
625 766
801 766
801 599
942 599
942 712
248 712
248 439
717 439
717 315
786 315
786 935
786 314
957 935
957 313
247 313
247 312
183 312
183 314
183 311
61 314
61 310
509 310
509 309
987 309
987 308
23 899
23 308
23 311
23 850
922 311
922 798
246 798
246 896
901 850
901 896
901 308
901 894
859 308
859 425
346 425
346 951
971 951
971 328
158 328
158 921
227 921
227 954
647 954
647 785
568 785
568 390
245 390
245 296
268 894
268 296
268 295
716 295
716 294
93 294
93 293
941 293
941 292
132 292
132 642
970 642
970 343
554 896
554 343
554 622
226 343
226 622
226 876
823 876
823 619
858 619
858 690
157 690
157 310
37 622
37 310
37 597
92 597
92 441
279 441
279 308
736 308
736 409
755 409
755 527
315 527
315 441
580 441
580 278
182 296
182 278
182 310
182 277
225 310
225 276
940 276
940 275
296 278
296 275
296 274
715 275
715 274
715 373
441 373
441 530
430 530
430 274
430 687
114 274
114 482
900 687
900 410
899 410
899 894
567 482
567 267
822 267
822 266
692 266
692 265
359 265
359 264
22 264
22 277
22 263
821 277
821 642
800 642
800 968
553 968
553 834
646 834
646 711
508 711
508 854
60 854
60 956
224 956
224 751
857 751
857 2
488 2
488 564
714 564
714 484
507 484
507 440
156 440
156 295
244 295
244 666
91 666
91 293
877 293
877 712
345 712
345 313
207 263
207 313
207 798
267 798
267 390
206 390
206 295
487 295
487 243
969 313
969 243
969 242
131 242
131 241
344 241
344 240
155 240
155 311
956 311
956 667
624 667
624 391
876 391
876 754
785 754
785 243
785 896
147 243
147 669
533 669
533 309
601 309
601 550
205 550
205 2
429 2
429 894
429 687
955 894
955 893
856 893
856 529
113 529
113 921
21 921
21 896
21 343
532 896
532 310
986 310
986 311
623 311
623 223
130 343
130 223
130 222
669 222
669 221
735 221
735 895
668 895
668 295
411 295
411 373
59 373
59 527
410 687
410 527
410 506
734 506
734 686
898 686
898 527
898 275
897 527
897 275
897 531
394 223
394 275
394 563
713 563
713 480
875 480
875 951
820 951
820 388
768 388
768 642
181 642
181 275
181 263
36 275
36 390
314 390
314 550
622 263
622 550
622 203
855 203
855 202
278 531
278 202
278 201
921 201
921 200
277 200
277 199
358 199
358 198
645 198
645 937
754 937
754 203
767 203
767 530
954 530
954 712
644 712
644 3
90 202
90 3
90 295
180 295
180 550
180 600
953 550
953 309
712 309
712 852
203 852
203 439
129 439
129 388
202 3
202 388
202 428
896 428
896 388
896 389
600 388
600 565
313 388
313 565
313 312
3 389
3 531
112 312
112 642
667 642
667 295
374 295
374 565
374 179
409 565
409 178
223 179
223 178
223 393
952 393
952 484
201 484
201 2
531 2
531 222
276 222
276 936
486 936
486 853
58 853
58 663
666 663
666 308
566 308
566 221
20 221
20 178
20 731
295 178
295 563
819 563
819 530
599 530
599 311
799 311
799 485
854 485
854 310
920 310
920 480
222 480
222 408
19 2
19 408
19 731
19 179
146 731
146 327
665 327
665 328
711 328
711 690
985 690
985 440
530 440
530 240
733 240
733 154
458 154
458 310
895 310
895 408
895 552
18 408
18 179
18 662
485 179
485 266
343 662
343 266
343 503
691 503
691 265
200 265
200 243
853 243
853 731
951 731
951 145
111 145
111 144
643 144
643 143
145 143
145 984
690 984
690 550
266 550
266 642
753 642
753 240
408 240
408 642
312 642
312 710
579 710
579 481
393 481
393 621
428 621
428 552
428 752
243 552
243 937
565 937
565 292
392 752
392 292
392 242
17 242
17 550
17 662
752 292
752 550
752 439
642 439
642 128
766 128
766 967
457 967
457 894
110 894
110 950
221 950
221 372
427 372
427 550
427 765
621 550
621 688
620 688
620 310
57 310
57 526
275 526
275 751
939 751
939 505
619 505
619 835
426 835
426 765
426 292
732 765
732 562
598 562
598 274
265 274
265 529
564 529
564 439
56 439
56 143
552 143
552 894
938 292
938 894
938 109
242 109
242 108
109 108
109 107
55 107
55 816
551 816
551 483
311 483
311 527
199 527
199 852
710 852
710 198
54 198
54 708
894 292
506 708
506 308
16 308
16 662
16 817
689 662
689 504
329 504
329 709
529 709
529 686
53 686
53 937
310 937
310 294
505 294
505 597
528 597
528 663
893 663
893 292
893 389
391 292
391 241
74 241
74 389
74 784
563 389
563 503
144 503
144 818
937 818
937 835
179 835
179 817
179 850
562 817
562 852
390 852
390 709
835 709
835 154
550 154
550 128
143 128
143 968
968 274
440 274
440 967
852 967
852 874
851 874
851 480
765 480
765 241
15 241
15 850
15 73
73 850
73 784
73 72
484 784
484 71
874 71
874 327
527 327
527 935
850 935
850 503
264 503
264 664
439 664
439 815
818 815
818 641
483 641
483 425
198 425
198 294
128 294
128 292
709 292
709 967
263 935
263 967
263 292
35 292
35 373
52 72
52 373
52 294
294 815
108 815
108 664
798 664
798 107
504 107
504 425
664 425
664 686
2 373
2 72
597 686
597 51
373 72
373 51
373 967
373 50
482 967
482 751
481 751
481 849
688 849
688 71
751 71
751 663
480 663
480 708
708 834
526 834
526 1
663 1
663 154
687 51
687 154
687 372
389 372
389 686
849 686
849 817
641 817
641 640
178 640
178 50
178 935
936 50
936 834
241 834
241 292
309 292
309 640
984 640
984 662
274 662
274 1
240 1
240 730
731 730
731 816
935 816
935 107
784 107
784 816
784 388
372 816
372 388
293 388
293 816
154 816
154 328
503 328
503 640
919 640
919 388
72 816
72 51
817 388
817 328
640 328
640 107
816 51
816 107
816 950
71 950
71 107
71 51
425 107
425 51
662 51
662 1
51 1
51 815
388 815
388 308
292 308
292 834
686 834
686 730
834 730
834 308
308 1
107 1
107 815
50 815
50 327
730 327
730 328
815 328
815 327
1 327
