500 500
1 90
1 409
3 391
4 73
2 353
1 8
4 17
3 393
3 302
3 449
5 483
3 265
4 21
1 99
1 170
3 473
1 214
3 119
4 200
1 132
1 151
2 269
2 144
2 316
3 475
5 314
3 347
1 280
2 163
2 300
4 1
4 50
2 88
3 278
4 182
2 233
1 436
3 378
2 336
2 134
1 126
3 311
5 277
2 426
3 452
2 174
1 202
4 247
5 466
5 16
5 357
2 169
1 455
3 257
2 76
4 275
4 84
4 261
3 302
1 439
4 285
5 406
4 236
5 176
3 269
1 181
5 8
2 73
4 64
1 19
5 105
1 424
5 229
4 464
5 406
2 378
1 387
5 396
2 47
1 249
2 441
1 242
2 477
5 382
2 324
5 338
3 50
1 53
2 178
2 53
3 134
4 267
4 89
1 171
2 216
4 324
4 418
5 263
5 408
5 69
2 347
4 495
3 457
5 459
4 487
1 3
5 98
5 98
5 296
3 467
1 324
5 151
3 195
4 327
5 490
3 160
5 63
5 42
3 113
4 278
2 107
1 119
1 299
4 267
1 485
2 82
4 94
1 410
2 396
5 302
3 341
3 141
5 478
1 387
4 45
2 149
5 236
5 36
2 226
2 246
5 265
1 81
4 271
3 472
5 440
2 449
4 121
5 1
4 414
2 77
3 226
3 370
5 233
3 62
3 168
1 420
5 484
4 123
1 154
4 295
4 342
5 384
5 429
5 498
1 128
1 195
2 114
4 119
5 104
2 427
1 289
3 83
3 309
5 27
4 124
1 201
1 130
4 117
2 142
3 101
5 288
5 37
1 245
3 269
4 302
5 436
3 387
2 81
2 431
3 94
4 85
2 420
4 71
1 328
5 453
5 190
5 81
4 207
5 451
3 122
4 369
5 325
2 276
4 450
3 423
1 194
1 252
1 169
2 317
1 432
4 149
1 2
5 140
4 438
1 79
1 238
5 172
2 221
1 288
5 329
5 116
1 323
3 222
4 75
1 74
2 241
2 6
1 207
5 271
5 412
4 255
5 469
4 114
2 254
3 70
4 394
3 173
3 189
2 408
5 121
2 429
4 211
2 107
4 110
5 472
1 242
2 322
1 168
2 184
3 106
2 381
3 442
2 294
2 491
1 118
4 487
1 287
5 23
3 431
2 8
2 177
2 252
5 478
2 389
4 374
2 273
3 378
1 185
2 182
1 351
5 474
4 168
3 99
2 150
5 37
2 435
1 207
3 177
4 269
2 354
5 34
4 256
3 57
1 120
3 98
1 174
4 175
4 51
3 125
3 171
5 88
2 295
5 236
5 73
2 362
1 82
2 459
2 292
2 137
3 72
1 235
1 227
2 55
5 428
3 204
4 206
5 344
5 221
2 151
5 62
4 300
4 350
4 27
5 388
2 4
3 15
2 384
5 442
3 331
4 500
4 430
2 191
1 415
1 408
5 474
5 403
5 369
3 62
4 12
3 456
4 196
4 113
3 329
4 498
5 99
3 24
1 277
2 13
2 233
3 215
5 100
4 227
1 104
2 323
3 207
5 30
5 488
4 144
2 306
2 64
5 462
4 176
1 275
1 259
2 291
4 102
3 266
2 341
2 200
3 479
1 500
2 241
2 349
3 23
1 267
4 442
4 494
1 203
5 463
3 358
4 481
4 242
5 92
3 181
3 12
4 398
4 44
2 270
5 223
1 184
5 235
5 66
3 306
1 337
3 141
3 343
1 216
5 205
4 1
1 349
4 151
5 319
4 454
1 410
5 31
1 413
3 305
2 137
5 104
5 268
3 27
4 341
2 348
4 415
1 33
1 474
3 465
2 52
5 194
1 454
2 418
5 436
5 107
1 85
2 76
4 487
4 164
5 80
2 95
2 142
5 136
4 128
3 279
1 317
3 161
5 95
3 325
2 457
4 455
5 109
1 240
3 416
3 457
2 60
3 49
4 239
1 296
1 282
4 370
1 474
4 375
2 419
2 263
2 461
2 142
1 412
3 235
3 45
5 371
4 485
1 426
1 86
1 245
3 330
4 127
4 344
2 212
1 440
2 251
2 446
2 320
2 480
2 315
3 472
4 109
1 244
2 60
1 19
2 282
4 282
3 460
5 35
2 498
3 255
2 116
3 307
4 56
3 66
3 499
3 154
3 374
5 307
1 487
1 65
3 444
5 410
2 358
1 62
1 39
1 243
5 411
4 241
5 405
4 43
5 273
5 232
5 116
3 273
2 36
3 433
