100 200
4 153
2 40
3 173
4 20
1 52
1 195
5 14
5 162
3 58
2 136
3 44
2 109
4 23
5 11
3 92
1 14
5 85
4 199
5 6
1 176
4 118
5 16
4 151
2 147
3 58
1 108
1 108
3 88
1 99
4 48
1 128
4 9
1 97
5 16
5 84
5 4
5 132
3 65
5 172
5 27
3 187
5 96
4 179
4 152
5 16
4 188
5 164
5 97
1 191
1 81
1 19
5 185
4 190
3 146
5 97
1 111
4 9
1 181
5 32
1 41
2 135
1 65
5 99
5 59
2 89
5 66
5 13
1 73
1 4
5 159
1 61
1 155
5 167
2 118
1 48
3 108
1 130
3 122
4 12
1 14
1 128
1 167
1 111
1 61
1 121
5 135
1 110
1 53
4 100
1 130
5 151
3 47
4 96
5 11
5 95
5 118
1 88
2 171
5 21
1 156
