500 500
2 355
3 93
2 408
3 61
2 186
3 249
3 254
2 479
2 327
2 495
3 465
3 349
2 36
3 163
2 486
1 355
1 360
2 364
1 198
1 135
1 499
2 432
2 158
2 57
1 52
2 50
2 386
2 228
2 404
2 10
2 454
3 180
3 319
1 127
2 137
2 230
2 291
1 436
2 463
3 69
1 428
3 73
1 241
2 49
1 283
1 246
1 353
2 423
1 29
3 421
2 363
2 39
1 72
1 249
2 214
3 409
3 372
2 325
3 354
3 45
2 392
1 319
1 346
2 329
1 444
1 432
1 48
2 91
1 372
3 75
1 60
3 77
1 241
1 230
2 1
3 372
2 265
3 482
2 437
3 410
1 300
1 52
3 439
3 1
2 336
1 444
1 64
1 13
1 119
2 173
1 2
2 223
1 101
2 248
2 154
2 292
3 432
2 226
1 52
2 368
2 265
3 205
3 9
3 54
2 495
2 84
1 406
2 274
3 429
1 348
1 79
3 101
3 130
1 312
3 43
1 161
1 208
3 80
1 441
1 171
3 421
2 80
3 444
1 410
2 498
1 427
2 287
2 8
2 330
1 122
2 159
1 197
2 160
3 72
2 150
2 174
3 63
1 307
2 106
2 455
3 438
3 219
2 396
3 40
2 67
1 48
2 84
1 165
3 346
1 190
3 192
2 316
3 439
2 274
2 271
3 189
2 375
2 278
1 12
1 156
2 307
1 291
3 31
1 364
1 150
1 42
3 382
1 22
3 440
2 18
3 105
3 136
3 164
3 314
2 314
2 41
2 132
1 21
3 44
2 425
3 298
3 12
2 1
2 67
3 497
3 311
1 301
3 471
3 24
2 184
2 75
2 5
1 416
1 223
1 15
1 423
2 84
2 407
1 473
2 284
3 388
3 257
1 225
1 92
1 334
1 84
2 142
1 359
3 246
2 279
3 252
1 24
3 444
3 67
3 103
3 103
2 399
2 202
3 308
3 339
3 322
3 74
3 282
2 499
1 9
2 286
3 33
1 349
2 160
3 286
1 105
2 152
1 335
3 290
1 140
3 296
1 362
2 265
3 131
3 80
2 350
1 269
3 286
2 437
1 252
2 265
2 393
2 496
2 180
1 401
1 280
1 89
1 326
2 1
1 201
2 128
2 481
3 41
2 161
1 341
1 184
1 252
3 232
1 293
3 466
3 138
2 130
1 413
1 257
2 128
1 348
1 153
1 165
2 318
2 342
3 59
2 337
1 214
1 480
3 493
1 424
1 462
1 42
2 392
2 170
1 488
3 401
3 65
3 131
1 443
2 223
2 401
2 56
1 471
2 480
2 26
3 13
2 213
2 7
3 152
1 492
1 353
3 133
2 1
3 234
1 213
3 345
2 413
3 167
2 328
2 387
2 488
2 364
2 456
2 416
3 276
1 377
1 97
1 267
1 7
3 460
1 280
2 37
1 39
3 460
2 333
1 374
3 468
3 44
1 373
1 258
1 96
1 436
1 264
1 432
3 66
2 109
3 104
1 32
2 67
2 335
3 12
2 65
3 358
2 21
1 402
1 431
3 305
1 237
1 466
1 390
2 70
1 393
2 100
3 395
1 390
2 422
1 5
3 135
2 32
3 155
2 137
2 241
2 313
2 89
3 409
3 199
2 119
3 303
3 254
2 487
3 158
3 361
3 148
3 141
2 246
2 389
2 385
2 359
2 367
1 329
3 341
2 329
2 354
1 441
2 393
2 432
1 85
3 478
3 322
2 19
2 494
3 401
1 46
3 435
2 9
2 245
1 391
1 208
2 413
3 380
2 462
2 233
1 7
1 431
3 87
1 320
3 362
1 217
2 75
1 489
3 220
1 444
3 420
2 102
3 396
2 485
1 31
3 474
3 67
1 298
1 247
2 23
1 113
2 465
2 85
1 191
3 362
3 7
2 38
1 188
3 141
1 412
3 479
3 396
3 206
1 99
2 18
1 392
2 373
1 326
2 182
1 295
1 330
2 368
1 329
1 98
3 54
3 15
2 489
2 291
2 351
3 293
1 333
3 497
1 459
2 69
2 356
2 469
2 393
1 300
3 305
3 416
2 166
2 402
2 66
2 474
2 41
1 189
1 301
3 311
3 222
2 194
3 120
2 156
2 14
3 122
2 143
2 381
2 406
1 138
2 367
3 99
3 22
3 209
2 126
3 66
1 145
2 200
3 165
2 110
3 330
1 111
3 375
3 482
2 207
2 77
2 184
2 220
3 119
