500 500
2 212
3 313
5 505
5 498
1 112
3 308
4 405
1 103
3 306
3 305
3 303
5 512
3 307
3 312
3 312
1 109
3 301
2 201
3 300
3 310
2 202
1 100
4 417
2 205
1 102
2 208
2 208
5 502
4 403
3 304
2 203
2 206
5 515
1 107
4 410
2 206
5 494
1 103
3 299
4 406
5 507
2 209
5 502
5 511
5 516
5 499
3 306
5 508
4 418
4 413
1 107
1 105
5 516
4 408
1 112
3 313
5 503
3 302
1 106
4 411
4 404
5 504
4 395
1 101
3 313
4 398
3 307
4 408
3 306
3 310
1 104
5 500
1 105
5 516
1 104
3 303
4 403
3 304
5 512
2 214
4 405
4 409
4 397
2 204
3 313
5 500
1 103
5 511
4 414
1 109
2 210
3 312
2 207
5 510
1 106
2 200
1 101
4 414
4 401
1 102
2 204
2 208
3 303
4 393
5 500
3 304
1 111
3 311
4 406
2 205
3 302
1 112
2 213
3 309
1 100
1 101
2 212
2 209
2 202
3 301
1 99
1 110
3 304
5 497
2 207
4 397
3 309
4 417
2 206
2 204
3 312
2 202
2 203
2 206
2 202
4 401
1 100
2 204
2 206
1 110
1 101
4 399
5 491
1 109
5 510
5 503
2 203
3 304
1 106
3 309
4 407
3 303
4 405
4 415
1 106
4 414
5 500
5 507
2 210
4 405
5 511
2 205
2 202
4 401
5 512
4 417
4 406
2 206
2 201
5 492
2 204
1 110
1 108
4 402
5 501
1 105
1 107
1 108
3 307
4 406
4 406
2 206
2 205
4 408
3 301
4 409
1 110
4 411
4 399
5 493
3 309
3 311
4 398
2 207
4 400
5 501
2 204
5 518
4 411
4 417
4 402
4 401
4 405
3 303
3 301
4 402
1 103
1 106
3 298
1 110
4 405
4 406
4 402
1 107
5 498
3 308
3 309
4 398
5 499
4 411
2 205
1 109
2 209
1 111
5 516
4 397
4 408
2 206
4 403
3 295
1 107
5 492
4 414
5 499
5 493
2 204
3 304
4 393
3 309
2 206
2 206
3 303
5 505
1 102
3 303
4 394
2 204
5 511
2 205
2 199
2 201
4 413
3 313
5 516
1 105
5 505
5 514
3 313
1 107
5 511
5 512
4 411
2 200
2 211
3 309
4 400
5 493
2 200
3 307
4 400
1 99
1 105
2 203
1 107
4 414
1 101
5 500
5 498
5 500
5 500
2 205
2 203
4 410
2 206
1 104
1 106
4 413
1 105
2 203
2 201
1 106
3 302
3 300
2 206
2 210
3 301
5 504
4 405
3 309
1 104
5 509
2 203
2 209
3 308
2 205
4 411
2 206
2 201
3 302
5 498
3 314
4 409
3 310
4 394
2 207
3 309
2 209
5 496
4 410
3 316
4 410
4 413
1 108
2 206
1 104
5 507
4 414
5 520
2 213
5 499
3 299
2 202
4 404
2 212
4 398
5 491
5 501
4 415
4 414
5 509
2 204
3 308
4 400
1 105
5 491
5 504
1 110
3 302
3 307
3 296
5 507
5 519
5 508
2 202
3 310
2 203
1 101
4 401
2 210
4 416
5 512
3 307
2 202
2 208
1 106
3 304
4 406
5 499
4 398
3 311
1 100
3 309
3 311
1 104
2 208
5 509
4 414
4 414
4 404
1 102
3 314
3 316
5 503
4 410
3 311
1 104
1 107
1 102
4 410
3 295
1 107
1 109
2 203
1 110
5 517
4 402
2 207
4 409
1 109
5 502
5 512
2 197
3 309
2 205
2 208
2 207
5 512
2 207
2 203
2 206
5 512
5 509
2 201
1 108
2 204
5 497
4 418
2 208
2 211
2 214
4 396
5 501
2 209
2 209
1 105
4 395
4 402
3 307
2 205
2 199
4 404
3 301
5 510
5 502
2 202
2 203
4 418
5 495
3 315
2 210
2 205
1 100
1 103
4 404
1 101
5 507
1 103
3 295
3 316
1 105
1 103
2 200
5 517
1 106
1 109
2 202
3 311
5 509
5 508
4 400
2 213
2 201
5 502
1 108
2 204
2 201
5 504
4 411
5 505
2 211
4 403
5 516
3 307
5 505
2 209
2 202
1 99
1 105
4 403
3 303
3 304
1 106
4 395
2 202
1 102
4 410
4 409
5 508
1 110
4 409
1 105
1 110
4 411
1 109
5 511
3 311
5 496
2 203
3 307
3 304
