500 500
3 1
5 1
5 3
5 2
1 5
5 4
2 489
2 7
4 494
5 7
1 5
1 4
2 10
5 392
4 433
4 305
2 270
1 2
5 3
1 255
2 1
5 2
5 180
2 337
1 1
5 13
1 2
5 3
2 142
1 8
3 371
4 322
5 476
5 282
1 1
5 2
5 11
5 1
1 137
3 197
5 8
5 4
2 3
3 259
1 212
5 489
5 2
2 5
1 337
1 446
5 5
5 7
2 9
5 1
1 5
5 1
5 289
5 9
2 18
2 1
4 428
2 404
5 1
1 64
3 73
3 6
5 231
1 9
1 1
5 3
4 441
5 61
5 4
3 9
3 372
1 1
5 1
5 8
5 4
2 138
2 320
1 477
3 384
5 499
1 5
1 1
1 1
5 3
4 493
5 8
5 6
1 10
5 5
4 103
1 18
4 378
5 1
2 442
5 7
3 188
3 261
2 367
5 1
1 3
3 6
4 237
5 5
1 4
1 478
5 2
5 3
1 10
5 4
5 368
5 1
5 1
2 342
3 1
4 388
5 3
4 1
2 489
2 311
5 5
1 21
2 210
1 9
5 5
5 3
1 8
2 295
1 15
1 39
1 5
1 6
4 2
3 445
1 1
5 13
3 8
1 2
2 329
4 4
2 1
1 6
2 276
1 10
1 3
1 199
1 7
1 398
5 1
1 2
4 393
5 6
3 1
1 4
5 1
1 3
5 2
4 1
3 473
4 228
4 500
5 325
1 163
4 1
4 8
5 1
5 2
2 11
1 160
1 1
4 71
1 3
2 152
1 6
1 193
3 4
1 387
5 3
1 5
2 3
2 301
1 11
2 354
3 1
5 305
5 4
3 7
1 229
1 4
3 428
3 130
1 362
1 2
4 9
1 1
5 98
1 6
1 496
5 2
5 3
5 308
5 2
4 8
2 9
2 5
1 5
1 12
5 3
3 462
1 2
5 9
3 6
5 4
5 6
3 1
5 3
1 10
5 35
1 15
1 4
5 6
1 1
5 4
5 1
5 1
1 11
1 2
1 1
5 6
4 3
1 1
4 351
3 86
3 2
2 294
5 298
5 299
5 1
1 410
5 126
5 1
5 79
4 475
5 427
5 3
1 5
3 3
2 199
1 7
4 6
3 3
1 1
3 284
3 203
5 1
1 299
2 6
2 5
4 5
2 365
1 1
5 1
1 493
5 1
5 1
5 3
1 1
3 50
4 35
5 481
3 396
3 1
1 1
2 1
5 7
4 6
3 5
5 409
5 2
2 13
1 3
5 6
5 1
2 201
1 1
3 366
2 98
1 1
5 13
2 20
5 3
1 9
4 4
5 215
5 407
3 9
5 6
3 483
5 3
1 4
1 78
5 2
5 6
4 4
1 1
5 1
5 401
4 4
3 411
2 2
1 9
2 2
2 436
5 6
5 158
2 258
3 358
1 13
3 3
1 7
5 3
5 3
5 1
1 1
4 316
5 2
2 284
1 4
2 449
1 7
1 4
1 3
5 4
1 2
4 1
5 5
1 2
1 5
1 379
1 78
1 5
1 1
1 480
5 5
4 1
5 3
4 1
3 1
5 3
4 5
5 5
4 191
3 7
5 2
1 4
3 2
5 4
5 199
1 1
1 8
2 6
1 4
4 5
5 1
2 162
5 7
5 217
1 4
1 7
4 277
5 184
2 401
3 64
1 1
5 6
2 4
5 346
1 9
5 334
2 83
3 332
4 9
1 210
1 421
5 80
4 5
3 234
5 21
3 39
1 4
4 32
3 3
5 8
3 7
5 13
3 15
5 7
1 12
3 3
5 1
1 6
3 2
4 7
2 207
3 1
1 47
1 2
4 330
2 340
3 3
5 212
2 4
5 6
3 211
2 1
4 371
5 413
1 27
1 11
5 5
4 1
5 6
1 1
2 479
1 13
1 12
5 412
5 10
5 1
4 5
5 2
4 1
5 448
5 4
2 413
1 392
5 6
1 1
5 28
1 8
5 11
4 5
5 4
1 9
5 184
5 183
2 183
4 2
5 1
1 5
5 69
5 5
1 4
5 5
3 133
1 8
5 5
1 15
5 7
1 9
1 235
5 1
4 1
4 306
2 457
5 1
1 300
1 15
1 7
5 106
5 1
3 4
3 321
1 1
2 3
5 2
1 8
4 4
5 356
5 7
3 394
1 133
1 12
1 2
5 4
3 118
2 8
1 10
3 2
1 9
1 5
3 364
5 482
5 7
2 54
2 355
5 8
