293 263
5 127
5 141
2 121
4 119
5 159
2 78
4 87
3 225
2 134
1 154
5 140
5 174
5 126
3 188
3 208
1 182
5 117
1 119
5 42
5 251
3 7
1 204
4 141
2 185
3 139
3 93
2 110
5 150
1 241
1 13
3 82
5 206
1 167
4 120
2 1
2 3
4 152
4 111
3 85
3 146
1 72
2 203
3 95
3 63
1 210
1 241
2 213
3 210
5 178
1 60
1 75
1 101
1 112
4 34
2 85
3 247
5 188
1 174
5 249
2 227
2 163
4 60
2 92
3 257
4 236
1 235
1 1
4 246
2 200
4 94
4 127
5 14
2 114
2 68
4 163
3 44
1 160
4 24
3 93
2 137
3 248
3 184
5 231
2 209
2 140
4 231
3 100
3 88
2 210
2 59
3 246
2 163
2 229
4 131
1 60
4 177
5 55
2 90
3 158
2 160
3 45
2 46
3 148
2 121
2 190
4 92
1 169
5 165
1 177
3 116
1 115
5 167
3 216
1 244
2 189
5 159
5 155
5 166
2 238
5 131
4 227
5 190
3 191
1 11
5 49
4 64
1 90
5 215
1 5
3 235
1 101
4 7
1 128
4 39
3 249
4 195
3 71
1 43
4 6
2 251
2 142
5 134
4 107
1 162
4 247
5 249
3 22
2 218
4 133
3 40
3 98
2 153
4 191
5 83
5 32
3 214
2 243
1 182
5 178
4 91
3 10
3 101
4 162
2 130
5 108
5 213
4 190
3 18
3 70
2 111
4 70
4 159
3 180
4 193
1 172
4 42
3 232
2 79
3 46
1 206
2 92
5 221
1 4
4 209
2 106
2 205
5 77
2 86
4 228
2 105
5 244
3 182
2 178
3 38
3 10
5 27
3 56
5 252
4 126
4 171
2 93
3 154
2 108
3 51
2 197
2 60
3 205
2 110
1 256
1 182
5 93
2 94
2 250
2 209
2 5
1 48
2 4
1 158
5 46
2 256
3 214
1 161
4 4
3 226
4 241
3 248
4 244
3 233
2 2
4 183
2 241
3 33
4 257
3 46
2 6
1 43
2 110
1 84
5 235
3 184
2 12
3 41
1 119
2 126
4 157
3 168
4 183
3 175
5 13
2 6
4 121
5 206
3 74
4 70
1 205
4 233
5 16
1 173
1 177
1 256
5 116
4 244
5 116
5 149
3 8
3 210
3 21
1 127
1 115
5 45
5 83
1 43
3 58
2 168
1 237
4 240
4 208
4 239
4 182
2 219
4 65
5 12
4 196
1 37
4 39
2 76
5 80
1 181
3 58
4 11
4 83
1 97
4 39
