500 500
1 495
3 368
4 368
2 313
3 205
3 334
2 474
4 146
3 418
3 311
2 186
1 335
2 65
2 338
3 76
1 473
3 179
2 162
4 255
3 246
4 163
1 365
4 359
1 388
1 140
4 172
2 7
1 474
2 52
2 415
3 284
3 210
1 355
2 489
1 366
2 499
3 309
1 63
2 61
4 273
1 374
2 252
4 493
2 39
1 232
2 108
2 35
3 409
1 49
1 363
3 309
2 447
1 86
2 355
4 279
2 364
1 256
1 309
2 364
2 481
4 111
4 150
4 372
3 154
3 356
1 170
4 362
3 68
2 28
1 111
3 452
4 407
1 304
2 330
3 348
4 316
3 286
2 94
3 460
2 166
3 75
3 193
1 151
1 138
1 66
4 390
4 377
3 157
4 114
2 82
1 126
1 376
1 64
3 366
3 120
3 278
3 163
4 75
3 426
2 294
1 411
3 14
4 37
2 267
3 143
1 207
4 112
2 488
3 495
1 355
3 264
4 158
4 168
1 464
4 54
4 153
1 372
4 299
1 439
3 451
3 252
2 432
4 247
2 450
2 52
1 92
2 340
2 346
3 335
4 106
3 271
3 167
4 362
3 169
4 122
1 131
3 166
3 168
2 119
4 276
2 225
4 29
3 117
4 485
2 401
4 37
3 467
2 31
4 445
1 282
4 248
3 83
3 202
2 22
2 443
3 72
1 319
1 114
1 46
1 354
1 428
3 196
1 408
1 142
2 394
4 472
2 471
2 112
4 485
2 22
3 450
2 109
3 478
4 79
3 220
4 126
1 299
2 171
3 242
2 133
4 338
4 334
3 460
3 433
2 264
2 451
2 422
3 388
4 355
4 249
4 56
4 186
1 341
4 7
4 23
1 494
3 5
4 114
3 354
2 179
3 464
1 204
4 326
3 13
3 493
4 462
4 226
2 264
4 311
1 95
4 360
3 426
1 479
2 45
3 216
3 310
2 33
4 274
4 172
2 305
2 182
1 307
3 379
2 458
4 216
1 409
2 348
2 486
2 473
2 306
1 223
3 435
2 68
4 489
3 227
1 460
1 492
1 420
2 172
2 109
2 303
4 334
2 453
4 98
1 310
3 296
4 488
4 465
3 32
1 27
4 422
1 332
1 294
1 348
1 200
3 438
4 391
1 78
3 337
1 12
1 419
1 74
2 320
2 274
2 82
2 228
4 101
1 407
3 431
3 99
1 58
3 424
2 387
3 431
2 330
2 186
3 168
3 369
2 234
1 265
3 211
2 205
4 16
2 37
3 287
3 211
3 410
1 261
4 48
3 34
4 155
1 377
4 278
3 464
1 263
2 304
3 203
2 305
2 372
2 45
3 247
3 73
2 398
3 324
3 134
3 352
3 143
2 161
3 19
4 210
1 151
1 94
4 340
3 20
3 140
3 328
2 77
1 384
1 245
4 20
3 375
3 64
3 234
4 118
3 399
3 19
3 280
1 98
2 247
2 438
3 166
4 491
1 98
1 326
2 224
4 384
1 126
4 302
1 200
1 480
4 352
2 194
4 298
4 370
4 58
4 282
1 68
4 472
1 330
4 353
4 434
1 214
3 199
4 215
4 72
1 264
1 196
3 93
3 392
3 61
3 494
4 86
2 271
3 420
2 296
3 449
4 269
1 22
2 304
3 273
4 237
3 365
1 210
3 475
3 390
4 107
2 108
4 28
2 31
3 187
3 318
1 329
2 20
2 34
2 40
2 138
3 44
1 383
3 33
4 413
2 394
4 402
1 263
2 392
1 341
2 131
3 375
1 347
2 208
1 289
1 214
2 254
2 449
1 1
2 396
3 59
4 58
3 66
4 362
1 138
4 100
1 159
3 382
1 287
2 120
3 21
3 483
1 491
3 437
4 282
1 312
1 136
3 293
2 338
1 19
4 161
2 353
2 314
1 309
2 469
3 349
1 50
3 186
4 95
2 450
4 486
4 354
2 439
2 447
1 314
1 381
4 201
3 179
2 462
1 359
2 378
3 264
1 10
2 415
4 151
4 117
1 14
1 271
3 163
2 439
4 118
4 85
1 172
4 266
1 42
4 77
1 237
2 52
1 319
3 129
3 444
2 215
4 55
3 427
2 74
2 236
3 299
4 463
3 219
1 70
1 242
4 336
1 20
3 479
1 44
3 444
3 90
4 217
2 348
2 151
2 183
3 222
1 113
2 57
4 55
2 206
2 99
2 184
1 15
2 183
1 428
1 411
2 200
4 43
4 58
