500 500
3 338
1 383
1 351
1 246
2 133
3 36
3 406
4 150
3 20
1 475
1 152
5 402
3 216
4 161
3 174
2 96
2 337
2 366
2 125
3 15
2 319
4 384
5 7
1 239
1 375
3 83
2 13
4 97
4 400
4 223
4 177
5 290
4 316
3 337
3 280
5 147
3 416
1 41
5 339
1 292
4 320
5 295
4 37
1 359
4 152
5 345
4 65
5 433
3 288
2 309
3 59
1 417
5 54
5 240
3 383
1 134
2 232
5 168
2 305
3 305
4 376
2 236
1 9
5 387
4 17
1 267
2 363
5 21
5 270
2 216
1 496
5 208
1 304
4 376
3 132
1 172
2 5
5 479
5 76
2 395
2 263
5 492
1 390
5 167
1 142
2 112
4 457
4 90
3 108
2 30
4 247
5 394
2 258
5 275
2 207
5 220
3 233
2 24
1 400
3 154
1 305
1 273
2 165
4 17
3 411
5 428
4 293
2 230
4 482
5 41
3 60
3 48
4 265
5 34
1 56
4 447
1 50
2 82
1 129
5 479
5 482
1 72
5 1
5 46
3 298
1 13
3 361
2 243
3 165
3 227
4 483
4 302
1 480
1 239
5 219
4 136
4 472
3 411
2 497
2 335
1 47
1 230
4 106
4 131
4 151
2 484
2 337
5 373
1 485
4 216
4 111
4 126
2 16
3 339
3 496
1 95
5 465
2 289
5 142
4 202
5 234
2 373
3 309
1 306
2 285
1 455
4 408
2 128
3 416
5 149
3 189
2 425
5 383
4 468
5 157
5 294
1 145
1 296
3 115
5 263
4 157
2 364
3 20
3 68
2 435
4 94
5 367
3 258
2 111
3 344
5 206
4 209
4 487
4 382
2 315
5 412
3 385
1 245
1 396
2 71
1 338
3 470
3 370
3 366
2 487
2 88
4 139
4 476
1 322
5 347
1 404
2 15
5 227
5 450
2 8
5 278
5 462
2 49
1 320
4 284
1 112
1 251
2 9
2 247
1 103
2 297
3 12
5 71
3 480
5 315
3 80
2 136
5 260
4 485
3 171
2 215
4 155
1 142
4 159
5 229
4 85
2 479
1 482
5 271
5 85
2 117
3 312
1 465
4 72
2 442
5 121
1 241
4 467
2 434
3 221
5 419
2 466
5 144
4 188
1 173
4 137
3 341
4 218
4 61
3 499
1 35
4 471
2 69
4 500
1 372
3 168
2 154
3 185
3 319
3 8
3 204
1 349
1 73
3 40
3 404
2 195
5 162
4 185
1 145
4 284
1 50
3 441
5 14
3 338
3 420
5 268
4 498
1 215
1 177
2 76
4 95
5 91
1 423
5 482
2 70
3 421
1 432
3 37
1 276
2 140
2 365
4 154
3 19
3 142
5 478
4 268
3 186
2 192
1 153
5 58
1 248
1 169
2 312
3 486
5 317
2 188
5 410
4 407
3 282
2 315
5 152
4 65
1 198
1 496
4 290
5 311
5 491
3 306
2 436
4 136
1 174
1 66
4 83
1 373
2 45
3 174
4 147
5 119
3 211
5 88
3 220
3 319
4 350
4 16
2 204
4 299
2 214
3 407
2 64
3 190
3 233
4 472
4 247
2 392
4 290
5 73
1 283
3 395
1 384
5 339
2 313
3 294
4 7
4 4
3 433
2 444
2 267
4 488
4 464
4 468
1 125
3 152
2 317
3 428
3 54
1 284
1 187
5 246
1 14
4 99
4 45
5 103
4 464
1 333
2 452
5 379
2 390
5 499
5 59
4 329
1 156
1 141
3 486
4 341
4 269
2 474
3 207
5 27
3 217
3 28
1 314
1 486
1 84
3 302
5 417
3 384
4 368
3 97
2 303
2 202
5 337
1 403
1 45
5 296
2 414
2 261
5 165
2 294
2 430
1 352
5 480
4 460
5 3
1 455
1 106
1 413
3 331
4 448
1 138
4 126
5 283
1 457
3 45
3 35
1 234
2 18
1 36
5 356
1 108
5 147
2 38
4 201
2 379
4 190
1 99
2 294
3 62
3 348
2 343
1 435
1 389
3 131
1 22
2 102
4 324
1 209
5 197
4 5
2 86
5 382
5 19
4 208
3 46
5 17
1 242
3 172
5 483
3 255
3 321
3 224
1 222
1 445
5 373
4 198
4 290
4 137
3 444
4 375
1 396
5 53
2 428
2 356
5 212
1 306
5 274
1 315
2 101
3 293
3 304
3 348
5 53
4 264
5 72
5 241
4 327
