500 500
5 507
3 299
1 101
4 405
1 104
3 304
1 101
5 497
2 202
4 413
5 493
3 310
2 206
2 206
4 408
5 512
5 515
4 418
1 107
3 310
3 305
1 102
1 101
2 211
4 400
1 101
2 207
4 399
5 513
5 501
3 306
5 507
1 104
4 415
1 110
3 309
2 212
5 510
4 407
3 310
2 214
4 400
5 496
5 500
4 406
1 102
3 306
5 506
3 309
5 517
4 401
2 199
3 301
1 110
4 402
1 107
4 406
1 99
5 506
4 410
3 308
4 401
5 495
5 502
5 515
1 111
5 518
4 400
4 414
3 305
1 109
3 301
1 103
5 496
2 209
2 206
4 414
5 498
1 104
5 496
1 109
1 105
1 111
4 417
2 210
4 396
5 512
3 302
1 103
1 103
3 302
4 410
1 101
5 496
1 102
3 308
1 108
1 105
1 112
5 511
1 105
1 99
5 507
3 316
3 298
2 209
3 307
2 203
2 201
4 406
1 105
2 205
2 201
4 399
5 512
2 204
3 296
1 106
3 304
2 199
3 300
3 302
4 414
2 200
5 511
5 505
3 300
3 295
1 103
1 107
2 202
1 112
4 398
2 214
5 503
4 412
1 99
1 111
1 99
1 111
4 409
3 316
5 517
3 307
3 296
2 202
5 510
1 107
4 408
5 511
2 205
2 210
1 105
4 411
2 200
5 518
1 109
3 297
5 508
4 409
4 410
1 103
2 207
1 107
5 512
1 107
5 511
3 304
1 101
2 204
2 207
2 208
2 204
2 199
2 203
1 103
2 204
2 208
4 399
3 298
2 199
3 301
3 298
5 492
2 209
2 209
1 107
1 103
1 100
1 105
2 211
5 500
5 499
3 298
5 507
5 496
4 410
4 397
5 501
3 310
1 103
2 210
1 108
4 398
5 505
1 107
2 203
1 101
4 400
1 106
2 203
4 402
2 206
1 111
2 204
2 212
4 403
5 502
4 409
5 510
4 393
2 210
3 311
2 201
2 205
1 109
3 315
5 502
3 301
4 393
3 308
1 107
2 205
2 206
3 305
3 307
5 510
3 299
1 102
2 205
1 108
3 303
4 405
4 403
1 102
2 210
2 208
4 411
5 503
5 499
2 210
4 404
5 507
4 399
2 201
2 205
4 409
3 301
4 407
4 404
4 402
2 200
4 396
2 200
5 510
2 208
5 502
3 304
3 300
2 200
2 214
2 203
2 210
1 101
1 110
5 497
4 410
1 104
1 104
5 511
1 100
5 508
5 510
3 305
4 404
1 103
2 205
2 209
5 515
2 206
3 308
3 306
5 512
5 493
3 313
3 309
4 399
1 107
1 104
3 314
2 203
1 108
2 211
2 207
2 209
5 511
3 304
2 198
3 295
1 107
2 207
2 200
2 208
1 108
4 414
2 199
1 106
5 503
5 501
5 507
1 109
5 515
3 303
1 104
5 513
1 110
1 108
1 103
4 405
2 213
4 410
5 515
2 205
1 107
5 499
2 204
3 306
3 298
5 512
5 491
4 400
3 307
1 111
3 303
3 304
2 207
2 211
3 307
3 308
1 99
1 107
3 298
3 307
1 106
3 305
4 406
2 210
5 511
5 491
3 310
1 108
5 502
5 510
2 207
2 206
5 498
1 105
5 506
1 109
5 519
1 109
3 308
3 310
3 308
1 102
3 310
3 308
2 212
1 107
4 401
1 106
3 311
3 312
2 200
5 515
4 411
1 108
1 108
2 205
1 107
1 104
3 306
2 207
4 409
1 101
5 507
1 103
1 106
1 108
4 415
2 200
4 400
3 309
1 109
5 515
2 208
2 211
4 408
3 309
1 103
2 202
5 500
3 303
1 107
4 405
2 203
3 316
2 200
1 107
4 412
3 315
5 512
2 205
1 108
5 503
5 506
3 310
5 517
3 303
3 311
5 511
2 205
3 308
1 111
1 100
2 202
1 105
4 401
1 103
2 204
5 498
1 105
4 400
5 502
5 504
1 104
3 312
1 108
4 409
2 201
5 509
1 101
3 302
3 311
4 398
1 101
5 506
3 295
4 403
4 413
3 307
1 99
5 502
4 398
2 208
4 407
1 105
4 395
3 310
1 105
1 104
4 410
1 104
2 205
3 310
5 506
4 405
1 104
1 105
5 510
2 209
2 209
3 299
5 512
4 405
5 515
5 502
2 201
5 494
3 296
3 299
4 401
5 492
1 105
5 514
2 203
1 106
3 309
1 107
5 497
