500 500
2 317
3 421
3 125
2 480
4 23
1 297
2 199
1 495
4 465
1 51
4 388
3 365
2 393
3 121
2 234
1 389
4 290
2 325
3 134
2 97
3 489
2 394
3 392
3 486
3 194
4 224
4 80
2 274
2 83
1 37
4 470
3 280
1 433
3 327
4 92
2 180
1 449
4 235
3 275
1 408
2 270
4 272
2 106
3 302
1 274
2 46
3 293
3 272
2 394
3 218
1 254
2 206
3 409
4 485
2 364
3 409
1 80
2 75
2 82
2 401
2 101
3 182
4 163
3 133
4 229
4 353
3 457
2 122
3 13
1 349
3 407
4 259
1 151
4 465
4 75
3 190
4 412
3 346
4 78
4 481
2 61
2 79
2 58
1 212
2 192
1 368
1 91
2 66
1 417
3 490
2 306
1 450
2 46
3 182
2 273
4 231
1 379
1 148
4 146
1 194
3 320
1 204
2 234
3 259
4 240
1 493
1 434
3 226
3 357
1 200
1 316
4 377
3 269
3 156
2 208
2 248
4 200
2 136
2 232
1 255
2 100
2 168
1 321
1 267
3 34
2 215
1 358
2 479
1 194
1 14
1 109
1 160
2 40
2 160
2 294
4 300
2 279
2 229
1 235
2 350
3 245
1 51
2 326
1 211
4 450
4 251
4 498
4 258
2 461
4 269
3 356
2 350
4 50
2 232
4 120
1 375
3 20
4 470
3 338
1 81
2 253
2 111
1 392
4 351
3 355
3 144
4 319
1 70
2 94
1 70
1 351
3 138
3 147
1 74
3 79
3 31
3 246
4 118
4 101
3 19
4 345
3 176
3 68
1 413
3 389
2 129
3 178
3 233
2 448
3 99
4 459
3 227
2 47
2 98
3 383
2 133
1 322
4 134
1 134
4 284
1 473
3 120
4 446
3 499
3 182
3 209
2 371
1 221
2 101
3 112
2 468
1 423
4 288
2 77
1 198
2 195
1 432
4 315
4 358
4 350
4 346
4 458
2 458
3 348
3 272
2 276
3 266
2 7
4 406
3 264
4 273
2 210
3 102
4 50
4 23
1 179
2 221
4 483
1 262
1 65
1 412
2 317
4 337
3 228
3 354
3 194
4 447
2 165
1 199
2 54
1 70
1 198
1 252
2 18
1 16
3 272
2 270
2 376
1 86
4 349
2 67
1 422
3 400
2 384
2 225
2 45
3 262
3 336
2 2
4 344
2 478
4 340
2 137
3 32
4 380
4 401
4 440
4 486
4 412
3 105
1 431
4 339
4 184
1 85
1 353
1 59
4 215
2 10
3 140
2 275
1 488
4 15
4 328
2 65
4 200
4 282
1 51
2 193
1 372
2 350
3 68
4 289
2 20
3 151
1 160
4 218
2 348
4 169
3 334
2 57
3 22
1 152
1 235
3 46
3 441
2 28
2 202
3 427
1 306
3 371
4 9
3 96
2 104
3 157
3 111
1 309
4 365
2 251
2 51
3 490
3 421
1 119
4 495
2 224
3 311
4 218
3 255
2 405
2 494
3 447
1 432
4 255
4 356
2 11
3 318
2 423
2 312
2 66
2 436
2 300
1 299
1 66
3 48
4 12
1 6
1 417
3 251
2 84
2 95
1 182
4 131
2 341
3 70
4 115
1 230
2 85
3 237
3 377
4 301
2 328
1 237
2 313
2 12
4 304
3 265
4 466
4 40
3 441
2 48
4 267
4 424
2 108
4 14
4 229
2 32
3 182
4 74
4 271
3 449
1 285
4 125
3 256
2 169
1 315
3 312
1 460
1 326
1 52
1 290
2 412
1 223
2 7
4 301
4 233
1 54
3 120
3 215
4 81
3 413
1 90
1 446
3 2
3 300
2 99
1 236
1 465
4 101
3 58
3 435
3 53
4 174
4 203
1 130
4 360
3 400
3 393
4 139
2 456
2 471
2 298
3 343
4 241
3 457
1 287
3 287
3 233
2 396
4 196
2 42
1 263
3 225
1 436
2 133
2 258
4 86
1 218
1 95
3 460
2 118
2 184
3 287
1 322
4 165
2 264
4 55
4 11
2 86
2 489
3 462
2 25
2 414
2 116
3 448
1 107
4 186
3 216
3 245
4 384
4 320
3 336
3 76
1 428
2 221
4 84
4 46
3 437
2 260
4 227
3 460
4 1
4 175
3 334
3 259
1 189
4 187
3 104
2 162
1 201
3 249
2 138
2 325
1 76
4 268
1 16
4 62
3 312
1 176
1 330
2 448
1 456
