500 500
2 27
1 23
5 117
3 120
5 65
2 40
5 123
3 45
3 43
1 38
3 55
1 89
3 97
4 85
1 42
4 84
5 86
1 87
2 48
3 32
5 86
2 56
5 68
5 98
4 77
3 44
3 71
3 36
1 34
2 108
1 36
1 108
1 62
2 61
1 68
4 61
1 28
2 33
2 25
1 109
2 27
5 71
2 44
3 35
5 118
1 49
5 147
3 107
1 67
1 110
4 120
5 79
1 51
2 61
5 78
3 41
1 33
1 60
4 131
5 64
5 103
4 124
1 49
5 66
1 18
5 106
5 58
3 81
3 102
2 101
5 105
3 67
1 98
1 74
2 80
1 95
5 93
2 41
1 35
5 117
4 137
4 51
3 64
4 54
3 105
4 45
1 42
4 61
1 62
1 38
4 136
4 135
1 100
5 101
1 77
3 89
2 42
5 80
5 58
1 97
4 102
4 53
2 94
1 96
5 89
1 85
2 92
2 54
1 49
3 104
3 52
5 123
3 77
1 36
2 41
4 94
2 34
3 121
1 80
3 86
3 61
4 67
5 60
2 48
5 146
5 100
4 54
4 98
2 72
2 78
4 145
2 115
5 79
4 99
2 122
4 37
1 16
4 92
5 114
1 51
4 98
4 83
1 95
2 77
4 105
3 43
5 76
4 74
4 111
1 47
5 105
2 25
2 100
5 84
1 30
4 95
5 113
1 74
1 19
2 34
3 73
1 98
1 29
5 111
4 110
3 31
1 109
1 33
4 50
3 43
5 70
5 132
3 127
5 114
4 95
2 116
4 66
3 53
4 96
4 143
2 51
3 31
1 92
1 86
3 132
3 45
1 77
2 110
5 107
5 141
4 107
2 41
5 147
2 21
3 54
2 84
5 75
4 108
3 37
2 39
5 90
5 123
3 65
1 46
1 89
1 97
5 146
3 78
2 29
4 54
4 93
4 143
1 88
4 107
5 112
1 10
2 123
4 82
5 113
2 91
5 107
1 85
3 38
5 107
5 76
1 99
4 114
1 54
2 44
3 42
3 94
5 92
3 84
2 100
4 46
3 118
4 52
5 107
2 101
4 55
4 135
1 17
4 101
2 46
5 50
2 55
1 50
4 79
4 82
2 106
4 146
5 65
5 108
4 77
4 129
2 45
1 69
5 93
2 102
3 127
4 91
1 62
3 75
3 53
4 43
2 110
1 44
5 106
4 83
1 103
3 66
4 102
1 26
5 51
3 33
2 70
3 59
4 66
5 77
3 64
2 114
1 73
3 69
3 59
3 38
5 87
1 92
4 66
2 66
2 90
5 64
5 111
3 53
2 64
4 75
2 78
4 37
4 97
1 28
3 84
4 68
2 25
3 74
4 109
4 139
3 97
3 65
4 70
2 28
1 66
4 72
4 64
3 95
2 92
1 88
2 111
4 130
4 144
4 71
3 111
5 131
1 87
2 36
1 86
5 123
4 47
1 69
5 153
2 119
2 17
4 47
1 35
3 32
3 59
4 74
4 64
2 52
3 60
5 132
4 121
4 48
3 107
3 97
3 47
1 101
3 99
1 70
3 89
3 89
3 101
1 79
5 157
2 109
1 80
3 70
3 53
2 31
1 32
2 73
3 105
3 71
3 56
1 58
1 40
3 92
1 57
1 43
4 122
3 117
3 77
3 29
4 106
5 156
2 35
5 139
4 126
5 68
3 63
3 66
1 33
1 103
4 75
4 123
3 38
4 119
3 31
5 58
2 78
1 81
3 89
4 46
3 82
2 42
1 33
5 118
2 106
3 89
4 76
1 45
4 33
5 118
1 10
5 56
4 100
3 37
4 83
1 97
5 61
3 91
5 111
4 63
5 94
5 106
1 26
2 109
3 84
2 76
3 71
5 84
1 104
3 132
5 105
1 103
4 43
3 95
3 39
2 24
3 56
5 83
1 11
1 88
4 103
4 81
2 111
4 128
5 52
1 88
2 83
2 35
2 52
3 84
4 101
5 110
3 124
5 61
5 128
2 94
1 87
2 78
5 59
2 117
5 80
5 103
2 80
2 74
3 39
2 107
1 54
1 42
2 50
1 71
2 55
3 103
2 80
5 70
2 56
2 66
4 70
2 68
2 111
5 131
5 86
2 52
3 112
2 68
1 109
1 97
3 34
2 82
2 110
1 88
3 78
1 84
4 63
2 57
5 93
2 49
1 22
4 91
2 81
1 60
4 55
1 45
1 26
3 46
5 55
4 83
2 30
4 125
5 143
