500 500
2 53
3 48
1 84
5 62
4 52
1 92
1 29
4 54
4 63
3 25
3 46
5 75
1 39
5 9
5 37
2 94
4 52
2 78
3 54
3 49
3 72
1 81
3 42
3 23
4 44
2 100
2 54
2 62
1 57
5 103
4 92
1 97
1 33
1 26
3 35
1 17
1 61
1 62
3 62
1 4
2 26
5 83
1 32
4 18
4 102
4 46
1 78
5 60
3 31
4 25
5 86
1 51
2 87
3 50
3 33
4 19
2 16
5 95
5 81
2 14
4 67
2 39
5 42
5 76
3 43
4 86
1 101
2 86
3 106
2 79
4 116
2 94
3 108
2 18
4 63
3 57
1 20
5 60
3 102
4 31
5 72
4 53
4 93
4 59
5 102
4 18
5 111
4 39
3 5
4 63
5 74
2 9
1 14
4 94
3 82
1 29
1 76
3 44
5 68
2 54
2 39
5 110
2 8
2 75
2 67
3 85
2 101
2 28
3 95
2 22
5 97
2 25
4 99
3 59
4 109
4 100
2 23
5 29
4 30
3 9
2 11
3 41
3 103
1 71
4 36
3 36
4 74
1 48
4 78
1 51
4 18
3 42
4 39
1 54
1 9
3 37
4 62
3 11
4 93
1 56
2 51
4 82
4 33
2 78
2 81
4 87
5 71
4 51
2 104
4 43
5 63
2 74
3 39
3 89
4 32
3 29
5 79
5 63
5 83
2 5
1 27
2 14
3 53
5 61
3 73
5 116
4 23
4 43
4 61
1 2
4 66
2 31
2 64
1 70
3 98
5 71
2 103
5 46
1 91
2 68
4 50
1 77
2 41
4 85
4 19
5 63
2 94
2 25
4 9
3 73
5 30
1 82
4 63
3 69
3 53
2 47
5 54
1 33
2 87
3 1
5 66
4 72
1 88
3 77
3 30
2 15
3 36
5 67
3 20
3 70
4 87
4 21
1 77
1 96
2 78
5 22
1 63
4 64
4 21
5 102
1 51
2 57
5 57
3 89
4 30
3 78
2 23
3 48
1 31
2 94
5 102
2 67
3 64
1 40
1 15
5 85
4 111
3 61
4 108
5 71
3 41
5 61
5 70
1 57
4 35
2 17
1 48
4 30
2 87
5 4
4 30
5 28
1 102
5 63
3 110
2 95
4 56
2 95
5 104
3 22
2 56
2 20
5 75
4 68
2 22
2 11
4 38
5 115
1 24
3 39
3 21
5 31
5 67
1 28
2 101
3 16
3 53
2 63
2 41
1 69
1 53
2 97
5 20
1 66
3 74
1 60
1 4
3 40
5 21
3 66
5 92
3 95
2 41
5 48
2 23
5 42
1 79
2 56
5 86
2 98
4 101
2 43
2 25
4 92
2 73
5 96
4 101
3 92
3 45
1 99
4 89
4 68
5 48
3 59
4 99
1 34
1 36
5 94
4 106
3 22
2 10
5 12
3 84
3 36
1 65
3 80
3 82
5 96
5 37
2 29
5 70
2 42
5 100
1 90
3 27
1 79
4 17
1 67
3 44
3 41
5 32
2 82
4 70
4 101
3 40
4 42
2 86
5 41
3 86
5 87
5 59
2 77
5 24
2 9
3 38
5 22
3 87
1 49
1 53
2 34
1 70
4 85
3 108
5 38
4 37
2 26
4 92
2 77
4 51
5 77
1 80
2 26
1 34
4 78
4 26
3 90
1 98
1 22
3 67
5 45
1 24
3 15
3 7
1 74
2 101
2 41
2 73
2 16
4 47
3 27
3 86
5 98
3 20
4 92
3 98
5 89
4 90
3 7
3 15
4 89
2 89
4 66
4 102
2 10
4 70
5 38
5 33
1 24
3 11
4 66
2 43
4 83
2 24
3 54
4 97
4 32
2 29
3 26
2 57
4 79
1 51
4 101
5 18
3 78
4 100
2 63
1 89
3 53
3 23
5 97
4 42
5 37
1 41
4 85
5 78
4 11
1 85
2 14
2 60
5 39
1 97
1 102
2 80
4 108
5 84
4 97
3 46
2 57
4 91
2 14
2 62
2 72
2 47
4 82
5 72
3 104
2 61
4 63
5 103
2 3
4 80
2 25
3 89
1 103
5 43
3 39
3 83
3 57
4 43
1 100
3 106
1 83
4 113
1 42
1 60
1 23
1 60
2 98
1 21
1 57
5 82
1 59
3 101
2 60
3 18
5 98
5 97
4 108
1 66
4 20
4 100
2 106
5 70
4 17
3 107
2 62
2 42
5 30
5 52
5 26
