500 500
1 7
5 14
4 17
1 6
3 4
2 11
3 15
3 8
5 19
1 3
5 1
3 8
1 7
5 14
4 20
4 17
1 4
2 10
1 4
1 6
5 23
1 6
4 3
2 3
2 6
4 6
5 23
5 21
5 14
4 11
3 4
1 5
1 4
4 5
5 13
4 21
5 23
1 7
2 7
1 5
4 21
1 1
4 4
3 7
2 11
1 8
4 16
1 6
5 7
1 5
2 13
3 13
4 2
3 9
3 7
1 2
5 20
2 9
4 14
4 4
2 3
3 8
3 6
5 17
1 7
1 6
3 7
2 7
1 3
1 4
5 22
4 15
1 5
5 12
5 8
2 11
1 7
5 24
1 4
3 5
2 3
3 13
4 9
2 1
5 4
4 16
2 6
1 4
3 14
3 17
1 5
3 11
5 17
5 12
2 9
5 23
4 13
1 5
5 3
4 4
2 4
2 3
5 10
3 5
2 10
2 4
2 2
4 2
2 5
4 13
3 13
2 6
1 3
2 8
3 14
4 8
3 13
5 15
2 5
1 3
2 11
2 11
4 20
3 7
4 17
5 20
5 25
5 16
5 13
5 1
1 5
3 17
3 4
4 6
3 3
2 3
1 6
4 12
5 7
4 4
2 9
2 7
4 19
3 12
4 18
2 5
5 24
5 14
2 9
3 4
5 4
1 3
2 12
3 13
1 7
5 10
3 11
4 13
4 12
5 18
3 16
3 9
1 5
5 3
2 7
4 9
5 8
5 12
2 10
3 14
5 13
4 8
1 3
2 6
4 20
1 6
4 5
3 15
2 4
2 7
2 8
4 19
2 12
5 6
3 15
1 7
3 13
5 5
2 2
5 3
5 6
5 2
5 25
5 4
2 3
5 10
1 2
1 4
2 7
1 6
5 1
4 5
1 1
3 4
1 8
4 10
2 4
2 13
4 4
3 4
2 10
3 14
4 6
4 9
5 5
1 5
4 18
2 8
4 9
5 20
3 7
5 25
3 10
1 3
4 6
3 15
5 18
3 2
4 5
4 4
3 16
3 12
5 13
1 4
3 8
4 9
1 3
2 5
4 17
5 15
5 17
4 4
4 12
2 7
5 21
1 5
2 5
2 7
4 4
4 12
1 2
5 18
4 11
2 9
3 17
5 3
3 5
1 7
1 3
5 18
4 3
5 2
3 1
5 16
2 12
1 7
4 21
4 14
5 21
4 5
2 10
2 1
3 11
3 10
4 20
2 7
1 1
4 19
1 8
2 13
5 21
1 7
3 14
1 7
2 9
3 9
5 14
4 16
3 7
2 8
2 7
1 9
1 6
3 7
5 24
5 24
2 10
2 3
2 10
3 8
2 10
4 21
2 4
4 2
1 8
4 6
4 7
5 7
3 10
3 7
1 4
3 4
4 8
3 8
4 9
4 10
3 8
1 6
2 5
2 13
5 18
1 9
2 8
4 9
2 5
3 8
4 5
1 5
3 13
4 11
4 20
3 10
2 2
5 24
4 12
2 3
5 19
2 10
4 11
4 4
2 4
4 21
4 14
5 23
3 15
4 17
4 7
4 8
2 12
3 7
2 8
1 8
5 10
5 2
5 23
4 12
2 5
1 5
5 25
3 1
4 10
4 9
1 8
4 5
4 18
1 3
5 9
4 13
1 4
5 2
3 9
5 17
4 14
5 25
3 13
5 13
1 4
1 7
3 5
4 9
5 23
2 2
2 12
1 4
4 7
3 13
1 1
5 15
4 9
5 4
1 5
3 17
2 11
4 7
2 9
1 5
3 11
2 9
1 2
2 3
5 20
1 4
4 18
1 7
2 10
2 3
3 9
4 20
3 1
5 1
1 5
3 5
3 5
4 16
5 20
1 6
5 13
2 11
2 8
5 17
2 3
3 13
5 13
2 3
4 17
2 8
5 8
1 5
2 9
4 5
2 12
4 6
4 5
3 3
5 22
1 1
5 16
5 17
2 5
5 5
1 3
5 3
5 20
4 5
4 19
1 4
1 1
5 12
1 7
2 4
5 5
2 10
1 5
1 5
3 16
3 7
4 7
5 5
3 9
4 15
5 7
5 8
5 6
5 9
1 5
1 7
4 2
4 2
3 3
3 11
2 7
3 14
2 3
2 5
4 9
4 18
5 21
5 21
2 7
1 4
2 7
3 11
3 7
4 20
2 4
3 7
1 3
1 6
5 15
4 6
4 13
2 7
5 25
1 1
2 6
4 11
2 2
3 17
2 9
5 4
