500 500
1 89
4 32
2 95
2 73
2 64
4 101
2 45
1 15
1 62
5 17
3 25
5 31
1 79
1 94
2 78
4 9
4 76
1 11
5 6
5 44
3 69
5 74
5 91
3 14
1 22
1 18
2 78
1 86
4 77
5 21
3 89
1 3
5 86
3 68
4 5
2 88
1 71
1 18
1 98
2 79
1 48
3 77
1 101
4 29
5 108
2 17
4 14
5 66
5 35
3 14
4 90
5 56
2 54
5 65
4 113
4 60
1 57
4 18
3 81
5 34
2 94
3 10
5 95
1 5
4 21
1 4
2 5
2 26
3 50
5 32
5 40
3 31
2 45
1 3
2 22
3 34
4 83
5 52
3 105
4 60
3 46
4 71
2 23
3 101
5 54
2 18
1 76
3 85
1 10
2 83
4 101
5 28
2 89
3 80
2 52
2 79
4 95
2 35
5 19
1 89
2 64
5 93
5 64
2 8
5 38
1 34
2 96
1 59
1 96
1 101
5 82
5 86
1 23
1 76
5 19
4 33
1 96
1 24
3 83
2 13
3 52
5 73
2 77
3 84
3 82
5 111
2 47
3 42
2 78
4 69
2 46
5 113
1 26
5 39
4 91
1 93
5 52
3 96
3 21
1 22
1 39
5 13
1 39
2 101
1 3
5 30
5 27
2 91
3 95
1 39
4 32
5 49
4 105
1 81
4 32
3 85
3 98
3 33
3 62
4 71
1 18
2 53
4 31
5 46
3 39
1 6
5 54
2 59
5 87
1 85
5 97
1 14
4 52
1 68
5 59
2 11
2 20
4 106
1 99
4 88
1 97
2 101
3 21
1 57
5 67
3 2
2 83
4 110
4 85
4 19
3 18
1 52
5 48
5 67
2 18
1 5
5 105
2 24
5 43
1 87
4 72
2 63
5 68
1 11
2 67
4 44
3 13
2 55
3 22
5 93
3 16
1 39
2 84
1 85
2 81
3 11
4 45
4 37
2 88
5 43
3 90
1 30
1 51
2 73
1 54
5 12
2 78
2 11
2 97
4 25
4 64
3 28
4 19
4 89
2 48
4 74
4 100
5 41
1 28
5 91
5 116
5 30
3 61
4 68
4 67
2 66
4 55
1 42
1 10
2 57
1 12
3 72
4 72
3 88
3 54
3 49
3 86
3 70
4 35
1 48
4 70
2 57
2 92
3 25
5 38
2 103
2 56
1 53
1 85
4 44
3 90
5 52
4 90
2 74
3 33
1 91
1 67
2 13
4 78
4 52
4 43
2 29
5 17
3 97
3 88
5 39
5 97
4 38
5 37
2 69
4 28
5 103
5 26
3 89
3 2
4 80
3 45
5 58
1 73
3 77
1 10
1 81
2 37
2 42
2 59
3 29
3 2
2 84
4 52
1 32
4 94
3 9
2 92
1 58
3 63
4 20
2 44
2 31
4 100
4 13
1 96
1 37
4 66
4 18
3 14
4 59
4 100
3 75
5 20
2 85
5 110
4 48
2 19
4 27
1 48
4 86
3 60
4 63
3 54
3 77
1 59
3 66
5 47
1 58
5 51
4 80
2 10
2 19
2 81
3 30
5 58
1 88
2 93
1 30
2 60
3 90
2 69
1 40
5 91
5 60
1 99
2 37
2 61
1 42
3 61
2 91
5 6
2 51
5 58
2 6
1 84
5 23
3 89
2 46
4 84
3 94
4 66
4 41
4 62
1 69
4 99
4 75
4 32
5 57
5 77
2 38
4 65
2 46
5 47
5 46
2 96
4 76
2 76
2 47
5 11
4 53
5 64
3 41
3 59
5 40
1 8
2 69
1 9
4 82
1 99
1 57
5 37
2 12
2 99
3 92
2 28
5 25
5 20
5 77
3 7
2 44
1 80
5 9
2 14
4 94
1 61
5 80
5 60
3 67
3 77
4 49
3 98
2 89
4 86
3 94
2 12
5 96
4 55
3 109
1 80
2 44
3 88
4 16
5 25
4 95
3 9
2 8
5 68
1 90
5 18
2 41
5 45
4 66
3 100
3 105
1 60
4 76
4 26
3 82
4 56
2 80
2 76
4 97
5 13
2 71
4 34
5 112
5 88
4 57
2 80
3 77
2 64
2 58
1 88
1 32
1 84
1 11
2 53
5 65
5 109
2 93
4 76
3 11
2 17
4 43
3 19
2 12
2 61
4 105
5 105
3 46
1 91
3 42
3 41
3 81
3 15
2 17
2 17
5 19
3 1
4 48
5 54
1 29
1 88
5 73
