500 500
1 8
2 10
2 3
2 9
3 7
2 7
4 2
5 6
4 2
5 12
2 11
4 3
2 3
1 3
4 7
4 5
4 20
2 11
1 4
5 6
1 7
5 4
4 17
5 7
2 6
2 12
5 3
4 10
4 16
2 9
2 6
3 6
2 12
2 13
2 5
1 5
3 8
5 4
2 2
4 14
3 13
2 9
4 16
5 24
2 7
1 7
1 4
5 25
5 2
4 2
2 8
2 7
4 9
3 15
5 3
3 5
3 13
3 11
2 3
5 15
1 4
5 9
5 17
4 9
3 17
5 4
5 6
2 7
2 5
1 8
5 23
2 6
3 11
5 9
2 7
4 5
3 13
3 4
4 10
5 15
2 8
2 2
2 9
1 4
2 7
4 12
2 4
1 8
3 2
1 5
4 9
2 7
4 19
5 20
4 9
4 14
5 12
1 4
4 9
2 7
4 19
3 6
4 5
2 1
4 12
2 4
1 5
3 7
2 8
4 19
4 19
3 7
1 5
5 20
1 7
3 5
1 4
3 16
3 4
2 6
5 19
1 5
3 6
2 5
3 8
3 6
3 4
5 1
3 4
5 13
1 9
4 11
4 2
2 5
1 5
2 11
1 2
5 25
1 5
4 15
3 2
1 5
1 4
5 16
1 8
5 16
4 2
2 7
2 4
4 4
4 16
2 3
2 8
5 22
5 10
2 6
3 3
2 5
1 5
3 15
5 11
4 5
1 8
4 7
1 7
1 6
4 5
2 2
5 13
5 11
4 3
4 17
3 5
4 18
2 4
2 3
4 5
3 13
4 17
3 7
5 16
5 16
1 5
3 4
4 16
4 12
4 12
4 13
2 3
1 3
2 10
4 15
4 5
3 11
4 2
5 20
5 18
1 7
3 11
3 5
4 5
1 6
1 3
5 3
1 4
4 13
3 8
5 18
3 14
1 9
4 10
3 11
4 19
5 3
4 13
5 2
4 8
4 17
1 2
3 5
3 10
2 1
3 15
3 5
2 5
5 15
5 16
4 6
4 6
4 9
5 8
2 13
5 23
2 10
5 18
4 1
2 10
2 11
1 6
3 10
5 14
2 7
5 9
2 9
5 14
1 7
1 8
1 4
2 12
2 9
1 4
1 9
5 6
1 5
4 2
3 3
5 13
5 4
4 3
5 9
3 5
1 7
3 6
3 11
3 10
2 7
4 14
5 16
1 7
1 8
2 6
1 6
3 8
1 3
2 13
3 13
5 13
5 17
4 5
5 18
2 5
5 9
2 1
3 2
2 12
5 22
5 20
3 12
1 5
3 3
1 5
5 14
1 6
3 6
4 21
2 10
4 19
2 6
1 7
4 17
2 10
2 7
4 2
2 9
1 5
4 21
3 13
1 6
3 3
4 14
5 16
3 16
3 13
1 3
1 7
4 5
5 9
2 8
1 3
5 16
2 7
1 5
3 10
4 5
4 1
4 14
2 1
3 16
3 14
3 1
3 7
5 18
1 2
2 7
2 13
5 12
1 8
3 16
5 13
5 6
5 7
4 15
3 4
4 11
4 17
2 5
1 7
1 4
5 15
1 5
4 9
1 7
4 10
3 15
3 11
1 7
4 4
4 12
4 20
3 13
4 14
2 4
1 3
2 11
2 5
2 2
3 12
5 18
4 9
1 2
2 12
3 7
1 3
2 8
5 16
4 6
1 7
4 7
2 11
4 15
2 11
1 6
2 3
4 6
2 8
2 10
2 4
5 2
5 23
2 8
3 17
5 16
2 10
3 7
2 11
5 23
3 8
1 5
2 9
4 20
1 4
2 7
3 13
4 16
2 10
4 12
4 12
5 13
2 1
4 14
2 4
4 1
2 7
5 1
4 5
1 7
3 15
1 5
3 16
3 17
4 17
1 2
5 6
3 9
5 5
4 6
4 7
2 13
5 7
5 5
5 4
1 3
2 4
2 11
2 3
2 11
2 6
5 9
3 10
4 9
1 8
5 18
1 4
5 21
3 13
5 4
2 7
2 5
1 6
3 17
4 9
2 9
4 15
1 2
2 7
4 4
5 14
3 14
4 1
5 16
3 7
5 23
2 12
5 11
2 4
2 11
1 5
5 9
4 9
1 7
4 11
4 15
2 11
3 10
2 9
4 21
3 5
2 5
3 4
3 14
3 6
2 3
4 21
2 3
5 17
2 4
4 16
5 4
4 19
1 2
3 1
1 8
4 9
2 5
5 24
4 19
5 16
2 5
2 7
4 1
