500 500
2 1801
1 3151
5 3751
4 7851
4 5901
4 2201
2 2851
1 7101
1 2601
2 451
1 451
3 8301
5 3451
5 3101
5 1501
4 3201
5 2151
4 4751
2 5751
2 2901
5 4001
1 2751
1 3851
3 1451
1 8001
2 2101
3 851
5 8251
4 2101
4 3451
3 3801
4 4251
3 2301
1 4401
3 751
4 4351
3 6751
1 3901
1 6451
2 6151
3 1101
4 3701
1 7501
3 6751
5 301
2 7001
1 2501
5 6401
1 6601
2 8001
1 7151
3 8151
4 2151
3 3001
2 6751
5 1651
1 1951
3 3001
1 1501
5 6351
3 301
5 4401
4 7201
4 3801
1 5101
3 1051
1 5551
2 601
4 3351
5 3051
3 801
4 2501
2 3851
4 5001
4 5451
4 2451
1 7001
4 6601
3 5851
2 4901
5 301
3 7051
5 7251
3 5251
2 4751
3 1051
5 501
3 6451
1 1901
2 1651
5 7351
3 4401
5 4351
2 7801
1 1101
1 6151
3 901
2 2801
1 4601
1 1351
1 5651
3 5951
3 2751
3 4001
3 3901
3 4151
5 2851
5 1601
4 5601
1 6651
5 7701
5 2951
5 6901
4 7701
2 8101
5 2951
4 5201
2 4251
1 3001
2 1251
3 4901
5 4851
5 5801
1 201
3 1251
1 3051
1 1601
1 8201
4 5751
1 7551
2 3951
1 5351
4 4601
1 551
4 3251
1 1851
5 7551
3 6601
3 6501
3 5351
5 851
5 4251
1 5401
5 8251
3 7401
2 3701
4 5701
2 6401
1 701
4 4001
3 5501
1 7401
5 1151
4 7151
1 6701
1 3101
5 4651
3 5501
2 1551
5 2551
4 2551
5 5551
2 3951
5 201
1 5901
2 8051
3 7351
3 1
5 701
1 4201
1 7051
3 6801
1 651
4 1451
5 4701
2 1551
3 4701
4 951
4 8101
2 8201
4 4151
2 501
4 7801
5 101
1 2501
5 3151
1 7701
2 1351
3 4451
3 3401
4 1851
4 6551
4 3501
4 4101
3 3601
3 1401
5 6501
3 7951
3 1051
4 4951
5 2401
2 351
5 3301
3 2651
1 7801
3 2201
5 3701
1 751
3 51
5 7601
1 1651
5 3501
5 2151
2 1001
1 6701
2 3151
4 1301
4 3901
3 4701
2 4551
5 8051
2 7251
2 5351
5 251
4 6251
4 1101
3 851
1 1851
2 6351
2 6851
4 4951
5 5901
2 2451
2 6101
2 4501
1 1151
3 401
3 151
1 351
1 2851
4 3601
1 2201
2 7401
2 3951
2 6851
3 5851
2 7951
4 1201
2 6201
3 1751
3 6901
4 2701
4 1601
4 3501
3 2601
1 4151
3 7601
3 5951
3 7301
5 6201
4 2701
5 1301
4 801
2 5801
2 2651
2 3351
3 4301
3 2301
5 3551
5 4801
4 6451
4 1351
4 7751
2 7051
4 101
1 3201
5 7451
3 5151
5 6951
5 901
2 1901
2 601
3 3201
2 6801
1 6301
1 3401
2 2051
5 801
3 4101
2 8051
4 2801
1 4801
3 5451
5 4501
4 2901
3 2001
4 3551
3 7601
1 701
4 5851
4 5001
2 551
3 451
2 4101
3 5101
1 651
5 1
1 7651
4 5601
5 4051
1 4301
3 8301
1 351
4 2351
5 2651
3 2401
3 2251
4 5201
5 2801
1 5951
2 2001
1 5101
4 8201
2 6351
2 1301
4 5151
3 5751
3 51
2 6951
2 5651
3 7951
4 901
4 4901
4 6401
2 3651
4 2401
2 7301
3 7551
3 3651
2 5251
4 4351
2 2251
3 6101
4 4501
3 6301
1 7651
5 5501
3 2451
1 1951
3 3751
1 101
3 7901
4 551
4 7201
4 2301
2 7751
5 751
5 3051
3 1901
5 1201
1 8101
4 251
5 5151
4 7351
3 2251
1 8151
2 5301
4 6551
2 401
4 4051
5 3301
5 4601
2 1451
3 5301
3 201
4 5801
2 6101
3 5551
2 4651
4 7201
1 4951
3 3751
2 7101
5 5251
1 5701
1 4201
5 7501
1 7851
3 951
4 4201
3 3251
2 4851
2 7751
2 2101
1 1151
3 5201
1 6001
1 1801
1 5301
4 1001
4 401
4 7251
2 5401
4 3851
2 7101
3 6001
1 6201
2 3301
1 2351
1 2051
2 6951
3 6901
2 4551
3 7901
3 7451
4 3801
4 2601
2 4551
3 6651
5 6251
2 5001
2 1251
3 251
2 7851
5 4851
2 5701
5 3651
3 4801
1 1701
5 6151
2 1001
1 951
3 601
5 6251
2 4051
5 3451
4 7451
3 651
2 3401
1 6501
3 1801
4 2951
3 1751
3 6801
5 7901
2 6701
4 7501
2 1
4 4301
3 4451
3 7301
1 4451
3 8001
3 5051
3 1751
1 151
4 1551
1 5051
3 1401
3 1501
4 51
1 501
5 3351
2 2351
1 1951
2 6551
1 6051
3 5651
1 3551
2 6301
2 1701
2 151
4 2001
3 6051
1 3101
1 5401
2 6001
1 1401
1 4751
4 2551
3 5451
2 2901
3 5051
4 6851
5 6051
1 4651
4 2051
3 1201
4 7001
2 1701
5 7151
5 2701
1 6651
1 3601
2 2751
2 8251
4 7651
3 5601
2 8151
1 3251
