500 500
5 31
2 25
2 33
2 27
5 3
5 29
4 25
5 5
5 29
3 9
3 33
4 21
2 35
2 31
1 27
1 3
1 27
1 29
4 35
2 19
3 29
2 15
4 23
1 3
4 17
4 21
3 1
5 35
2 27
1 15
4 39
3 21
5 23
3 15
2 29
1 27
5 31
5 37
3 27
3 29
5 17
3 31
4 11
2 35
1 7
5 21
5 9
4 3
1 1
2 3
1 39
4 1
2 23
3 25
5 37
2 31
1 39
2 25
3 7
5 23
5 27
1 29
3 31
5 25
4 13
2 21
1 39
1 9
4 19
1 17
5 7
5 27
5 19
2 39
4 21
2 19
3 39
2 5
5 7
1 13
2 15
3 9
1 9
5 17
3 27
3 31
2 3
2 39
4 15
1 1
3 9
3 9
5 37
1 9
3 37
3 31
3 33
1 5
3 17
3 17
2 17
2 27
3 35
4 19
4 17
1 17
5 11
4 39
3 15
3 19
2 23
3 27
4 7
1 5
5 7
5 21
1 27
1 9
1 35
5 23
1 37
1 11
5 33
1 9
3 5
1 13
2 35
5 13
3 23
3 23
5 37
2 11
3 39
5 19
2 13
2 29
5 19
4 11
1 7
2 17
2 5
4 39
5 31
4 1
4 37
2 21
2 17
5 19
5 27
1 23
3 25
2 5
2 19
2 15
1 39
4 31
3 33
2 37
2 21
2 7
5 13
5 29
4 3
4 33
2 31
2 33
4 7
3 13
2 33
2 19
1 37
2 11
2 23
5 5
4 35
3 3
4 35
4 23
3 25
3 11
1 9
1 35
1 21
5 1
3 13
1 39
4 39
3 1
4 35
2 7
4 5
3 23
3 39
1 37
1 29
3 11
4 37
2 1
5 1
4 11
1 15
3 5
5 25
4 39
3 5
5 31
5 25
5 7
4 1
3 21
1 31
2 3
3 27
4 33
4 15
1 21
1 21
1 27
1 13
5 13
1 31
3 11
1 9
5 19
2 33
5 5
4 19
5 23
1 29
2 15
3 21
2 17
1 37
2 19
5 39
3 37
4 39
3 25
2 7
2 3
4 39
1 15
2 3
1 31
3 11
2 17
2 3
2 39
2 3
1 3
1 17
5 25
5 19
2 23
5 13
1 23
5 37
5 7
5 39
5 37
3 27
2 15
4 27
5 11
4 19
4 19
5 5
4 15
4 11
5 15
4 27
3 31
3 19
2 9
4 33
1 31
3 11
2 35
2 17
3 17
3 3
4 21
4 25
5 1
2 35
1 35
3 5
5 19
4 15
5 33
4 13
5 3
4 9
1 15
2 37
1 9
3 23
2 27
2 9
2 5
5 35
4 7
5 23
2 5
3 1
5 37
4 19
5 25
2 33
4 9
2 23
5 13
3 3
4 1
1 7
5 11
1 5
3 25
4 11
3 3
4 21
4 25
1 21
1 5
5 7
5 23
5 23
1 25
3 21
3 25
4 37
3 27
3 17
5 37
1 37
2 5
3 9
5 1
2 23
3 29
2 11
2 7
3 17
1 3
3 1
5 35
4 27
1 1
3 33
5 21
4 3
5 17
5 11
4 35
3 5
3 15
3 7
5 39
4 31
3 15
4 29
3 23
2 13
2 1
3 33
2 15
2 27
2 19
2 13
5 35
5 13
3 33
4 13
3 37
3 13
2 9
4 7
5 1
4 29
2 33
1 13
3 37
5 15
4 19
4 33
1 27
5 33
4 33
1 7
1 33
5 31
4 17
3 1
1 33
5 29
2 37
1 31
1 11
3 17
5 5
5 25
1 35
2 3
4 9
1 37
3 11
3 9
1 3
2 21
3 5
5 11
2 13
3 39
5 15
2 21
1 7
4 9
2 1
2 9
1 31
1 33
2 17
4 1
1 13
4 39
5 29
1 29
1 5
4 29
3 37
1 7
2 29
4 11
1 31
1 33
5 27
2 13
5 39
3 33
1 11
5 27
4 29
5 1
2 19
2 13
4 9
3 35
4 15
2 35
5 35
3 21
1 23
2 25
5 25
5 29
5 17
5 17
2 19
4 7
2 1
4 17
4 39
4 21
4 15
2 19
4 3
5 25
4 35
2 11
3 31
5 3
5 31
4 7
3 23
5 29
4 29
1 1
1 11
4 25
4 9
3 35
3 7
4 23
1 21
2 25
3 15
1 21
4 5
4 13
2 25
2 35
4 3
5 29
1 25
5 5
5 31
5 29
2 15
2 1
2 13
