500 500
1 61
2 121
1 21
4 61
1 121
5 61
3 121
2 41
3 101
1 101
2 161
4 41
4 41
5 161
1 21
3 61
1 21
5 61
1 101
5 61
2 1
2 161
4 1
4 161
5 121
4 21
4 81
4 41
2 61
3 21
2 101
5 81
2 121
1 41
1 1
3 61
3 21
4 121
2 181
3 41
4 21
1 161
5 81
1 101
5 161
3 61
4 1
4 81
2 141
3 181
1 161
5 1
3 61
3 81
3 21
4 181
2 81
3 141
5 141
4 181
4 181
2 61
1 61
5 41
4 121
2 21
2 21
3 161
4 101
4 181
1 61
3 41
4 81
3 141
4 41
2 21
2 41
3 161
3 21
5 101
1 1
1 61
1 181
5 181
2 61
5 161
5 161
4 101
3 21
1 1
2 141
5 181
3 81
5 101
2 81
3 101
1 141
1 141
4 1
5 121
2 1
2 161
1 101
1 101
1 141
5 81
4 41
4 101
5 161
5 181
4 1
4 41
2 61
5 21
3 161
2 161
4 21
3 161
3 61
4 81
3 181
1 181
3 181
5 41
5 101
3 81
5 181
4 101
5 141
5 61
4 101
3 121
5 61
1 81
4 181
2 41
1 41
4 61
3 81
2 41
2 161
4 21
5 61
2 21
5 41
2 61
4 101
4 21
2 61
3 41
3 141
3 141
1 21
3 1
5 1
4 41
1 181
5 21
3 1
5 121
5 121
1 121
1 101
2 121
5 141
4 141
4 81
1 121
4 81
5 1
2 141
1 81
5 161
1 21
4 181
3 81
5 21
2 81
5 1
5 81
2 21
5 21
3 121
5 101
1 101
4 181
1 21
4 41
5 1
4 141
5 141
2 141
4 181
4 61
1 61
2 121
5 1
3 181
2 41
1 121
4 101
3 121
1 161
2 21
1 1
2 101
4 1
4 101
1 121
5 41
3 121
2 41
4 101
1 161
2 141
5 181
4 81
3 101
1 41
4 41
1 141
4 41
3 161
1 181
1 81
5 81
5 181
4 21
2 101
5 101
1 21
5 141
3 101
2 161
4 101
3 1
5 121
1 161
1 141
5 161
2 181
5 181
2 41
4 81
3 101
4 41
3 181
5 121
3 21
1 141
3 141
4 1
1 61
2 41
5 61
1 21
3 41
2 121
4 21
3 81
5 101
1 1
3 141
3 121
1 41
1 121
2 21
2 161
4 41
5 101
3 41
3 101
5 181
5 101
3 41
2 41
1 21
2 61
5 161
1 141
4 1
2 81
3 41
5 61
3 181
2 41
3 141
1 161
5 61
1 161
2 141
1 61
2 1
2 161
2 41
3 161
1 181
5 161
1 161
5 81
5 81
1 21
1 41
2 181
5 121
2 121
5 81
4 81
3 1
2 181
3 41
5 141
3 81
2 141
2 21
2 1
4 121
3 1
4 121
1 141
5 121
2 81
3 161
4 81
2 181
2 161
4 41
4 141
2 161
4 141
1 1
1 61
2 61
3 81
3 1
1 81
5 101
4 101
5 181
2 21
4 161
4 1
3 181
2 121
1 121
2 101
5 61
4 101
3 101
2 141
5 141
1 141
2 101
2 181
4 181
4 21
5 41
4 81
2 121
1 81
5 21
1 141
3 1
1 121
5 181
2 41
5 21
1 1
4 101
1 21
2 41
3 141
2 81
5 61
2 21
2 121
4 61
5 1
1 61
3 41
1 161
5 141
1 101
2 181
4 41
2 181
1 41
2 61
1 121
1 61
3 161
4 101
2 181
3 181
3 21
1 141
3 181
4 161
3 121
2 121
2 121
5 121
4 61
2 1
5 121
1 81
5 161
4 81
2 181
5 101
3 21
2 61
5 21
3 161
4 141
2 181
2 121
4 41
1 121
5 101
3 181
3 181
5 21
2 61
1 121
3 1
2 41
3 81
4 81
4 61
5 141
3 1
5 1
3 81
5 61
2 101
5 61
5 181
4 1
4 101
2 141
3 121
3 1
1 141
4 121
4 1
3 161
2 1
3 1
4 1
1 161
3 1
3 21
3 81
1 61
4 141
3 41
5 61
3 121
3 61
3 21
5 181
4 121
5 181
3 161
1 81
3 141
4 1
2 1
3 141
2 121
2 181
3 21
1 141
5 101
3 61
3 161
5 81
2 81
3 1
2 161
4 141
3 161
2 141
3 141
2 101
3 161
1 1
5 1
5 121
3 161
1 81
4 81
3 21
2 81
5 1
2 101
5 61
3 21
2 161
