339 477
2 6
2 327
3 303
5 153
1 97
3 392
5 183
1 114
4 87
5 122
1 398
5 464
5 126
1 292
5 433
1 129
1 332
2 224
2 419
3 426
2 333
4 270
1 396
5 70
5 338
3 365
1 330
3 274
3 462
2 188
4 277
3 405
1 371
3 176
4 16
2 438
3 111
3 470
3 146
1 207
1 17
5 411
4 51
4 81
4 26
5 217
5 433
4 392
5 68
2 379
1 222
1 241
4 144
3 310
1 432
3 36
4 46
1 387
4 201
5 110
5 4
5 256
5 456
4 221
1 97
2 100
3 177
3 462
3 325
3 67
5 209
2 318
5 106
3 120
3 27
2 39
5 331
2 294
5 454
3 10
5 310
4 213
4 295
2 185
5 303
1 90
4 280
2 4
3 251
3 443
2 270
3 99
4 214
1 453
4 434
3 43
3 414
4 86
1 303
3 276
5 43
4 211
3 173
3 195
5 145
1 329
5 276
4 293
4 403
2 378
2 143
3 198
2 210
2 275
5 400
1 336
3 351
4 402
3 218
3 232
2 138
1 450
4 308
5 263
3 257
5 321
1 129
1 142
2 166
4 131
1 107
4 453
5 475
2 15
1 477
3 11
5 192
5 74
1 144
2 76
5 407
2 454
2 263
4 112
4 176
2 217
2 300
4 171
2 54
4 121
4 327
3 235
4 400
5 43
4 92
2 264
3 24
1 29
5 307
2 291
5 166
5 48
4 180
5 297
2 408
5 6
2 32
3 120
5 182
2 176
3 334
2 376
1 49
3 138
2 328
2 62
2 345
1 181
2 122
4 443
1 69
3 113
5 377
1 141
4 129
2 215
1 436
4 363
1 70
1 120
4 89
3 206
5 162
4 92
2 303
2 107
5 274
3 286
2 217
3 190
4 473
5 131
1 138
5 73
4 356
3 448
4 247
3 406
3 86
3 192
4 149
5 68
4 269
5 198
5 298
5 348
5 167
4 118
2 273
4 254
3 397
5 341
3 70
3 82
1 319
2 254
3 335
3 3
3 304
2 41
2 227
2 357
5 386
2 275
3 180
2 132
2 350
5 244
1 224
3 247
4 143
4 93
2 71
3 15
5 164
2 324
2 172
2 463
4 72
5 421
2 108
2 291
4 190
2 233
1 299
4 182
3 250
5 253
3 149
2 41
2 6
5 282
1 449
1 22
1 208
4 120
4 302
2 300
4 100
1 174
1 146
3 427
4 412
1 425
4 338
1 7
5 326
5 219
2 429
2 361
2 315
5 42
4 38
2 312
1 335
5 370
3 168
5 248
3 250
5 202
1 318
1 387
5 299
4 1
1 461
1 113
2 328
3 446
2 158
5 113
3 79
1 76
2 421
5 399
4 352
3 413
2 1
2 69
1 376
5 137
4 96
4 19
2 265
5 74
5 72
1 229
1 197
3 216
1 253
4 361
2 335
4 178
2 356
4 140
4 34
3 89
5 3
1 327
2 259
5 418
5 415
3 28
3 407
1 210
1 27
5 115
5 473
2 310
5 378
