500 500
1 7601
5 3451
2 5601
3 2251
3 8101
3 101
5 3501
2 6901
2 2751
4 551
3 7701
4 3151
5 7951
5 1051
4 1501
3 6151
1 651
4 7201
5 551
1 7551
3 3101
3 5801
3 6201
3 5101
4 6951
5 1101
5 2701
3 5401
3 5401
5 6801
1 2951
4 1251
2 4701
2 7101
1 5301
3 3451
3 5051
3 7101
1 4101
2 5151
4 5151
3 1401
3 5951
1 6901
5 4601
3 4651
2 151
2 851
2 2901
5 6501
3 7201
3 2501
5 8001
3 2201
2 2601
2 7101
5 6251
3 1
5 6901
2 2001
2 7001
1 4001
5 5451
2 6101
5 51
3 3151
4 3801
5 8151
5 4151
1 8301
5 451
2 3451
3 6501
3 4601
2 5801
2 2601
4 7001
2 1951
1 2801
2 301
2 4151
2 251
4 3951
5 4151
1 2051
2 401
5 3251
1 2351
1 1201
4 7351
5 5701
3 2351
5 3401
4 3751
5 5351
1 7301
3 5201
2 3751
2 951
4 4601
2 7951
1 4751
5 8151
3 2451
3 4501
3 2251
2 4351
1 6651
1 351
3 1851
4 4301
1 1801
1 5201
2 3001
4 4651
2 1451
5 6801
1 501
5 651
2 2951
4 3751
5 3601
5 2801
1 3151
4 7051
3 301
2 351
4 4251
3 1401
5 5001
4 3801
2 1651
5 6051
2 4201
5 4551
5 3901
1 5951
2 7501
1 6851
3 1051
5 1301
1 401
2 4551
4 3851
3 3351
5 8051
4 6651
3 3051
3 2301
2 1101
2 7851
1 7451
5 3601
2 7801
2 5601
2 401
3 6851
1 6451
3 5901
5 1901
1 4001
1 3551
5 8051
5 7751
4 1201
1 2651
4 5001
1 701
1 2751
1 1101
1 6751
5 1801
5 2701
5 6301
2 801
1 1601
4 3101
3 5051
2 6601
3 2651
1 5251
2 7451
5 5551
5 5801
5 3401
5 3201
5 2201
5 3651
3 5101
1 8001
2 2101
2 2501
1 3701
3 6201
4 5601
2 7801
2 751
4 6601
4 3651
5 1851
3 5751
2 5651
3 1601
1 5851
5 251
1 6351
1 6001
5 1501
4 2401
4 1751
2 3351
2 2601
2 4551
2 5051
2 1751
3 5451
3 3551
3 2501
3 1351
3 4051
1 6401
2 5901
1 3801
5 5001
3 1401
4 7551
2 951
4 2551
5 1201
1 5101
4 7251
2 7401
1 3551
1 4951
4 5901
2 4501
3 8051
1 351
3 7851
4 1551
5 4501
4 701
4 251
2 7751
2 451
5 3901
5 451
4 7301
3 3251
1 7451
5 4801
1 5551
3 3401
5 6101
5 6551
1 5501
5 8301
4 4701
1 3301
4 1251
5 4051
3 1151
4 7301
4 2001
5 5851
1 6601
1 7801
5 1
2 7551
1 301
3 7901
1 6751
2 2551
2 601
1 4051
1 851
2 51
1 1
4 4201
2 2301
2 3951
5 7651
5 4701
4 2301
1 151
3 5501
3 1701
1 6251
1 801
4 3051
5 4001
3 2801
2 2901
4 7351
3 3701
5 1701
4 5401
3 3001
3 4751
5 1301
4 2151
2 3851
2 5351
2 8151
3 7401
1 3851
5 7251
1 3301
4 8251
4 901
5 5501
5 6301
3 2951
2 5651
3 8251
3 4301
4 901
5 6951
1 5451
1 6351
3 5751
2 3101
5 6401
4 6051
5 1351
5 3201
3 6701
5 2151
4 6051
1 551
5 2201
5 2851
3 2251
5 1151
1 4251
5 2851
2 6851
3 5701
4 1951
1 3001
4 751
5 2551
5 6801
1 2051
3 5301
2 4101
3 5351
2 951
2 651
3 1901
3 1801
2 7601
3 4951
4 2351
3 3301
1 4851
1 1251
1 6701
5 4801
1 901
2 501
4 2001
3 7651
5 8201
1 3701
2 2051
3 601
5 2751
4 7651
2 2851
1 7501
5 6451
3 7151
4 6251
3 601
1 6651
1 7601
3 4201
1 3501
4 7051
4 5651
4 5201
3 5851
1 7501
5 51
4 4851
3 8201
4 3051
4 4651
5 4901
5 5701
1 6701
2 7201
4 4951
3 5751
5 7851
4 701
3 7251
2 6001
2 4251
1 1851
4 6951
1 6551
2 6451
4 3251
5 5151
3 8101
2 4101
5 2101
5 2401
3 7701
4 7001
3 1451
5 1301
2 151
5 6401
5 3351
2 6101
1 4851
4 2451
5 6751
3 1651
2 4301
2 5251
3 3901
5 1151
1 8201
5 501
5 7951
1 4901
3 1901
2 7351
4 7051
4 7701
1 1651
3 7401
2 101
4 751
2 1751
4 6151
5 1051
2 201
1 6301
5 2151
1 4401
5 4351
5 6001
3 1001
2 3951
5 5301
5 1601
4 8101
4 6201
5 8251
2 7151
4 4401
5 2401
5 1451
5 1951
4 1001
4 1551
3 851
3 201
4 4801
5 2651
3 2451
2 201
2 4451
1 7751
1 2701
3 5951
3 1501
4 6351
1 4401
4 1001
1 7901
2 4751
5 6551
5 3501
4 4451
3 6151
5 6501
3 801
4 7151
5 5551
2 1701
4 2901
2 101
4 1351
1 7901
4 4351
4 4451
2 4901
2 2101
3 5251
4 1551
1 3651
5 8001
4 3601
5 3201
