500 500
3 258
2 269
1 4
2 410
2 42
3 234
2 196
2 231
3 449
2 200
1 196
2 355
2 372
1 7
2 36
1 48
2 176
2 346
3 165
1 185
2 197
3 458
2 430
1 49
2 244
2 159
3 14
1 156
1 67
3 174
3 184
2 327
2 230
1 361
3 185
2 249
2 140
3 210
1 219
3 12
2 232
1 480
3 379
3 328
1 162
2 332
1 424
2 351
3 332
3 91
1 411
1 293
3 107
2 217
1 319
2 137
2 39
1 447
3 393
2 153
1 278
1 418
2 325
1 323
3 342
1 285
1 254
2 269
2 45
1 75
3 161
1 195
2 497
2 166
2 411
2 380
2 312
2 109
1 287
3 101
3 270
1 181
1 225
3 36
1 416
3 380
3 148
1 400
2 269
3 418
3 110
3 314
1 417
2 125
1 104
1 97
3 85
1 313
2 428
3 122
1 196
2 456
1 80
2 84
1 239
1 370
2 362
3 430
1 173
1 406
3 85
1 411
3 375
3 65
3 418
2 125
2 239
2 325
1 477
3 378
2 176
1 132
3 41
2 486
1 1
3 470
3 365
1 267
2 277
2 136
1 444
3 277
3 111
1 484
1 258
3 246
2 261
1 308
2 243
2 485
3 278
2 402
1 165
3 294
1 147
1 357
2 9
1 194
2 456
2 48
3 84
1 154
1 69
3 202
2 408
3 90
1 57
2 96
3 189
3 182
1 32
1 338
2 467
1 277
3 24
1 90
2 396
3 358
2 89
3 91
2 83
3 247
2 140
3 477
1 231
2 407
3 314
1 484
3 207
2 472
1 468
1 428
1 486
2 203
3 40
3 154
2 488
1 369
3 161
1 488
2 325
3 318
1 50
1 320
2 273
1 216
2 236
2 91
3 28
3 108
3 285
2 73
2 63
2 2
3 495
1 373
2 89
2 320
2 335
2 446
3 199
3 477
2 104
3 378
1 167
2 429
3 423
1 477
3 38
3 387
3 5
2 205
2 394
2 147
2 207
3 77
2 409
2 86
1 438
1 478
2 269
3 453
2 40
1 22
3 378
1 89
3 223
1 465
2 431
1 391
3 60
2 145
3 84
1 311
3 178
1 107
2 398
3 275
1 222
3 243
1 16
2 74
2 353
2 144
3 9
1 107
2 278
2 332
3 84
2 49
1 168
1 200
3 168
3 474
2 221
2 435
3 446
3 318
2 403
3 56
1 35
1 410
3 367
3 259
3 323
1 391
3 319
2 425
2 218
3 150
1 168
2 44
3 223
1 112
2 470
3 160
3 70
1 226
2 413
1 6
2 389
1 466
1 83
3 357
3 342
1 214
3 101
2 117
1 417
2 58
1 169
2 265
2 409
2 333
2 250
3 205
2 399
3 284
1 292
2 203
3 438
1 469
1 300
1 4
1 427
1 331
3 295
3 38
3 44
3 81
1 128
3 320
1 238
3 156
2 318
1 449
3 90
1 191
1 159
3 96
1 488
3 234
1 122
1 391
2 23
3 339
2 378
2 248
3 338
3 451
2 79
2 40
3 135
2 282
2 334
3 315
3 363
1 41
3 109
3 306
1 259
1 3
2 408
2 151
1 76
1 26
1 83
1 63
3 329
3 208
1 153
3 438
2 194
2 130
1 190
3 340
1 68
3 107
1 157
3 92
2 130
1 13
2 483
2 85
3 430
3 280
3 59
3 308
1 40
2 393
1 169
3 388
2 202
1 495
2 378
2 58
3 210
3 338
1 466
1 231
3 231
3 469
1 303
3 295
1 306
1 26
2 293
2 340
3 364
3 255
3 265
3 9
1 368
2 337
3 462
3 215
3 167
1 3
2 84
3 477
3 299
3 348
1 31
2 315
2 268
2 27
2 444
1 181
1 404
1 294
2 381
2 492
1 66
2 328
2 176
2 319
1 339
2 118
2 400
2 247
3 414
1 82
2 272
1 153
3 411
2 153
3 54
2 246
3 394
1 98
2 288
1 307
3 439
2 168
2 198
1 234
1 445
1 201
3 238
2 475
1 410
3 19
1 93
3 78
1 296
2 500
1 141
3 124
1 362
2 430
2 286
3 67
2 24
2 119
1 452
3 256
3 421
1 12
1 68
1 203
3 3
2 197
1 74
3 333
3 298
1 107
3 133
2 49
3 207
3 204
2 12
2 145
2 172
3 188
1 342
3 343
2 486
2 131
3 196
2 74
3 420
1 83
2 365
3 397
2 403
1 41
1 16
1 417
3 51
2 409
