461 463
4 36
5 25
5 20
3 12
2 8
3 30
4 44
5 20
2 84
5 90
3 30
2 60
1 82
5 20
5 85
3 18
1 22
2 52
5 25
3 45
4 72
3 69
1 27
1 36
1 5
3 6
1 72
4 48
1 72
4 40
4 68
4 16
2 34
2 22
3 42
1 33
5 5
1 25
1 40
3 24
2 20
4 88
2 36
5 90
5 20
5 15
2 74
1 63
1 25
3 33
3 36
4 60
3 6
5 25
3 57
1 39
5 15
2 58
5 25
3 90
2 22
2 52
3 84
2 34
3 60
5 75
1 72
5 85
2 92
2 28
2 26
4 68
1 85
4 8
5 80
1 14
5 40
3 57
3 87
1 80
1 23
5 15
5 75
4 48
3 63
1 50
3 42
2 74
4 36
5 80
5 20
2 12
2 76
2 44
3 72
5 60
2 52
3 69
2 56
4 72
4 68
1 64
1 70
5 15
5 30
1 34
3 66
4 80
3 27
1 12
4 92
3 54
3 12
2 16
1 62
2 84
2 54
2 62
3 39
1 20
5 90
4 56
5 20
2 38
5 55
4 72
2 4
4 88
5 15
3 9
3 54
3 69
4 64
1 49
4 92
4 40
1 55
1 64
1 23
4 12
2 40
2 56
1 2
3 51
1 83
3 15
4 68
4 52
5 45
4 48
3 36
1 73
1 82
5 15
5 40
1 20
5 80
5 80
5 65
5 60
1 14
5 50
5 40
2 48
2 56
4 68
4 8
3 3
4 72
2 12
2 4
2 70
2 4
2 74
4 36
1 24
1 16
2 92
2 6
5 35
4 40
2 10
2 10
1 24
2 84
3 24
2 78
5 15
5 15
1 39
4 4
5 5
5 45
5 60
5 15
2 32
1 64
5 60
2 8
5 70
1 78
2 88
5 55
5 35
5 55
2 6
2 38
5 85
3 60
1 51
5 40
3 66
2 56
3 48
3 15
4 68
4 92
2 54
3 78
1 89
5 85
4 8
2 66
3 87
4 60
1 65
4 12
3 33
1 60
1 80
3 81
4 84
3 66
1 82
5 60
4 92
1 1
3 27
2 86
2 4
3 48
3 72
5 40
5 90
3 48
2 86
4 40
5 25
5 20
5 30
4 68
5 90
4 80
2 80
1 88
5 10
1 88
1 61
2 28
5 55
3 24
5 90
3 21
2 68
3 27
2 82
4 64
2 20
5 70
5 85
4 60
2 26
1 6
2 72
5 65
1 62
3 78
1 29
3 57
4 60
3 9
1 68
4 60
4 12
1 77
2 8
4 8
2 10
5 55
5 70
5 70
2 82
4 92
3 15
2 90
5 10
5 10
1 5
3 60
4 8
4 4
5 35
4 92
5 35
3 57
5 45
4 92
3 69
5 50
5 45
3 9
1 16
4 48
4 68
5 60
2 14
5 70
1 10
5 25
1 57
1 32
5 30
5 20
2 6
5 55
4 76
2 22
5 10
4 44
3 30
4 12
1 64
4 24
4 56
1 15
3 84
2 26
2 26
2 80
2 28
3 36
4 72
4 60
1 41
5 40
2 90
5 75
4 64
2 56
4 36
3 24
3 60
1 88
1 2
2 44
4 32
3 57
4 48
1 68
2 10
5 75
2 42
2 92
3 69
4 52
5 15
3 69
1 14
1 80
4 48
5 15
5 10
5 85
4 76
1 40
1 48
3 21
4 48
5 90
5 50
4 88
4 68
5 75
3 6
3 78
2 4
2 22
4 80
3 33
2 44
5 30
3 63
4 52
5 80
1 9
5 35
4 48
1 44
2 24
3 63
1 92
3 36
3 84
5 40
1 43
2 10
5 60
4 48
5 40
3 90
3 30
5 55
2 50
1 55
4 64
4 64
5 45
4 48
5 80
3 57
2 54
5 65
5 50
4 60
5 60
4 40
4 4
1 12
1 14
3 12
3 39
5 90
2 64
5 50
5 70
2 88
2 72
1 80
4 72
2 72
4 36
4 8
4 40
5 30
5 40
1 2
5 15
2 2
2 86
1 66
4 24
4 12
5 10
3 12
4 56
2 14
5 30
5 75
2 38
4 28
5 45
