321 183
5 8
3 9
4 8
4 12
3 9
5 12
5 11
2 9
4 11
1 9
3 9
5 11
3 12
3 8
1 9
1 8
4 12
3 8
2 10
4 9
1 12
1 10
3 9
5 11
4 10
1 8
4 11
1 8
2 11
4 10
1 12
3 11
2 8
3 11
2 9
5 10
4 10
4 10
1 11
5 9
4 9
2 11
5 12
4 10
4 8
4 8
4 10
1 12
1 10
2 12
1 11
4 8
1 11
2 8
3 9
1 12
3 9
2 10
5 11
4 10
2 8
3 11
3 12
1 9
2 12
1 12
4 10
5 11
2 8
5 12
5 11
1 11
1 9
5 10
2 9
2 11
1 10
1 8
3 12
4 10
1 11
2 12
5 8
1 10
5 9
5 8
5 8
5 11
3 12
2 12
3 9
2 9
4 10
5 8
1 11
5 9
3 12
3 10
4 10
1 9
3 9
4 12
4 9
2 12
3 11
5 10
5 11
4 11
1 10
3 11
2 10
5 12
4 11
1 10
2 11
4 11
2 12
3 8
1 10
1 10
5 12
4 10
2 10
3 12
1 12
1 11
5 9
2 9
1 8
2 9
4 11
4 10
1 11
4 8
5 12
3 9
1 11
4 12
5 11
1 11
1 11
3 9
2 12
3 10
5 8
2 10
1 8
1 10
3 11
5 10
4 9
4 12
4 9
1 8
3 12
1 10
2 11
1 11
2 8
4 12
5 8
5 10
5 10
4 9
1 9
2 8
2 10
1 12
5 12
4 11
2 9
2 10
1 12
2 8
4 8
3 9
4 12
5 8
3 8
2 8
4 9
3 12
2 10
3 9
1 11
2 12
1 11
3 12
4 8
5 8
3 10
2 10
4 11
2 12
5 11
2 11
2 12
4 11
1 12
4 11
1 12
1 12
4 9
4 12
2 9
2 12
1 12
4 12
3 12
1 8
3 12
3 8
4 11
2 9
1 9
3 12
3 9
1 10
3 9
4 12
4 11
4 9
5 9
3 12
4 9
2 12
2 9
2 10
5 9
2 11
2 10
3 9
5 12
5 10
4 9
2 11
5 8
2 12
3 9
1 10
4 11
2 8
4 11
3 11
3 8
2 10
1 12
2 9
5 11
4 11
3 10
2 12
2 12
4 11
2 12
1 11
2 9
4 10
3 11
5 11
1 9
4 11
1 9
5 9
4 10
5 8
3 10
3 12
3 12
3 8
5 11
5 12
4 10
4 12
1 9
5 10
4 9
3 12
5 10
5 9
5 12
4 8
3 11
5 9
2 12
4 8
1 11
4 10
2 10
3 8
5 11
5 8
4 11
1 8
1 12
4 11
3 12
1 9
3 10
5 11
1 10
3 9
5 10
5 11
4 10
5 11
3 8
3 8
5 10
4 10
4 10
3 12
4 12
1 9
4 8
1 10
1 10
1 11
3 9
1 10
2 8
