500 500
2 166
2 385
3 231
5 340
1 408
1 15
1 488
4 192
4 318
3 387
2 474
3 154
1 295
1 96
3 367
4 463
4 208
4 245
1 452
2 35
4 379
3 437
4 147
5 289
2 409
3 29
5 316
1 129
1 251
3 255
4 267
5 130
4 194
4 67
1 377
5 490
1 488
5 462
4 136
4 147
1 332
5 204
1 23
5 385
5 119
5 227
3 162
2 195
4 140
2 495
4 91
1 167
2 54
1 163
3 315
1 432
3 249
3 42
3 137
2 281
1 244
4 214
5 127
4 358
2 469
1 40
1 231
3 202
5 299
3 238
4 131
3 319
3 283
4 13
5 258
2 381
4 201
1 369
1 20
5 416
5 327
4 126
2 268
1 428
5 296
5 206
4 458
5 236
1 455
3 318
3 406
5 9
4 349
4 129
1 18
3 308
3 409
3 260
3 58
2 311
4 209
1 202
5 62
4 41
2 246
2 375
1 372
2 123
3 170
3 135
3 324
1 137
2 461
1 65
1 130
5 186
1 386
4 428
1 460
1 50
2 212
3 85
3 42
1 361
2 257
5 96
2 58
2 267
2 443
2 120
3 38
1 470
2 435
3 33
5 284
5 360
2 462
5 137
4 122
3 469
2 67
1 339
1 343
1 480
2 54
1 455
3 119
4 423
4 455
3 390
2 65
3 83
4 197
2 164
1 487
5 38
5 394
1 226
2 33
3 142
1 334
1 255
2 254
4 452
1 29
1 83
3 93
5 320
5 43
1 110
1 493
5 170
1 356
4 496
1 500
4 18
1 219
5 59
1 42
4 371
2 405
2 122
5 336
1 398
5 232
1 221
5 109
1 316
3 342
5 267
3 127
1 222
2 477
1 386
4 170
5 214
1 405
4 102
3 226
3 457
1 314
4 271
2 307
1 18
4 498
5 100
4 361
3 317
4 497
2 216
3 215
4 304
4 272
3 278
2 98
3 16
3 353
5 487
3 243
4 343
5 473
4 484
4 335
1 28
3 423
2 251
2 155
5 214
4 343
5 47
4 186
5 110
3 354
5 324
2 18
1 124
4 5
5 324
2 224
5 367
2 452
3 408
3 228
2 276
4 306
4 499
5 146
5 90
1 103
1 368
2 310
2 55
5 449
3 446
2 457
3 220
4 48
1 457
5 451
3 40
3 181
5 234
1 55
2 207
2 3
2 419
1 271
2 370
3 374
3 72
5 175
3 459
4 36
3 40
1 354
5 445
3 23
1 238
5 62
5 50
1 267
4 212
4 423
4 172
3 448
4 397
4 164
4 113
5 496
3 189
4 333
2 432
3 395
4 225
4 231
2 188
1 211
2 471
2 188
3 216
3 274
1 418
4 469
3 426
4 189
3 101
3 156
2 288
1 145
3 75
2 399
5 290
3 202
4 108
1 55
3 429
5 145
4 469
2 70
1 447
3 249
3 437
2 131
4 270
2 32
5 149
2 16
1 322
1 263
4 145
4 285
5 318
2 410
1 148
2 125
2 42
4 446
4 133
3 198
2 66
4 440
5 135
1 430
2 93
5 280
2 141
2 495
3 346
1 209
2 35
2 356
2 418
4 425
3 381
2 254
5 114
1 237
4 282
3 130
5 466
2 18
1 201
3 405
4 480
5 419
1 324
2 90
4 59
1 290
5 284
4 4
4 14
5 81
4 36
5 155
4 109
4 320
1 315
3 237
4 488
5 101
5 416
3 161
2 210
1 446
3 281
1 136
1 153
4 288
2 210
4 52
2 124
2 244
2 150
1 171
3 144
5 403
1 402
3 31
3 143
1 478
4 28
2 285
1 403
3 215
2 409
2 286
5 23
2 182
2 159
4 208
5 369
4 425
3 24
1 125
4 455
5 52
1 193
3 314
4 212
1 271
2 82
3 458
5 286
5 15
5 116
1 160
3 399
3 216
1 245
5 270
3 262
3 3
5 368
4 335
5 329
1 76
1 178
4 352
2 157
3 32
1 203
4 93
4 402
1 352
1 293
1 1
2 316
1 425
4 493
2 129
3 394
3 217
3 86
2 333
5 331
3 317
5 277
1 109
1 46
1 248
4 108
3 174
4 375
3 11
3 465
4 302
2 44
5 109
4 131
5 241
4 336
4 367
1 107
2 336
3 247
3 44
5 467
2 10
5 474
5 371
5 278
2 122
2 175
2 111
1 228
4 38
3 227
3 281
5 9
3 369
5 137
5 17
3 192
4 224
3 181
4 488
4 254
5 261
5 183
