500 500
4 35
4 7
3 29
2 25
4 13
2 21
3 9
1 27
2 15
4 37
2 5
5 31
2 3
5 15
5 33
5 3
4 19
5 5
5 5
2 33
3 1
5 37
1 27
3 19
2 23
3 11
2 35
2 25
1 37
5 17
5 11
2 35
1 25
3 5
3 33
5 7
1 35
3 21
5 5
4 39
2 1
5 3
1 1
2 13
3 13
4 23
2 37
4 7
4 35
5 21
2 17
1 23
2 35
5 21
1 39
4 31
5 31
4 29
5 13
2 11
4 1
4 31
5 37
5 21
2 15
4 29
2 7
4 17
3 7
5 11
4 29
3 23
4 37
3 5
3 15
1 33
4 3
2 29
4 13
3 23
5 33
2 21
3 31
1 31
3 19
3 13
3 5
3 23
1 17
2 39
3 13
4 31
5 29
3 39
1 37
1 39
5 25
5 3
4 1
1 37
5 9
3 27
2 15
2 37
3 1
5 27
4 3
2 33
2 1
4 37
4 27
3 35
4 37
3 9
4 23
1 29
3 9
5 23
2 13
3 27
4 1
2 31
1 31
4 5
5 29
4 31
4 7
3 19
4 21
3 1
5 17
2 17
5 27
3 7
1 7
4 23
1 3
2 15
5 31
1 11
4 21
1 25
3 37
2 29
3 21
3 5
4 11
4 23
1 23
5 1
1 35
3 39
4 17
5 7
4 3
5 19
5 35
1 25
1 35
1 31
3 3
1 25
5 25
5 23
3 33
1 7
2 19
4 13
1 33
3 9
4 29
5 37
1 7
5 39
3 23
5 7
1 23
2 27
3 11
2 17
4 21
1 11
1 17
5 9
5 33
2 27
5 35
1 5
2 37
1 31
1 21
2 5
3 19
4 3
2 33
3 25
5 25
1 19
3 19
5 21
5 29
1 35
1 39
4 17
3 3
4 11
5 23
3 35
3 1
3 25
1 23
3 5
3 29
5 1
3 13
5 11
5 21
3 9
5 37
2 1
1 35
2 35
2 21
3 9
2 39
3 25
3 19
5 9
4 25
3 15
1 37
1 15
4 21
5 33
2 15
3 1
1 27
4 15
5 17
2 19
2 37
3 9
4 27
1 23
3 37
2 13
3 39
2 11
4 7
5 5
2 5
5 33
2 13
3 21
1 1
2 3
4 9
3 37
4 31
5 11
3 31
4 35
5 7
2 39
5 39
1 3
2 9
1 17
3 29
5 7
4 21
3 25
4 13
4 1
2 3
4 25
3 35
3 15
3 5
4 33
3 19
3 9
5 19
3 31
3 5
5 7
5 1
5 23
3 35
5 33
3 39
5 29
3 39
1 35
1 15
4 11
5 15
2 11
5 27
5 31
5 17
3 19
2 29
1 39
2 31
5 19
3 5
5 15
3 3
4 1
5 13
5 39
3 39
5 39
2 19
2 11
5 27
4 23
2 33
1 13
5 39
2 21
5 3
2 3
2 9
4 21
2 31
2 35
4 15
5 13
4 9
4 9
2 1
3 9
4 33
3 3
1 13
4 27
4 7
3 31
1 29
3 13
4 29
5 33
4 21
2 33
3 23
4 35
3 13
2 31
5 29
2 1
2 21
5 1
4 15
5 1
3 19
2 5
4 5
3 1
5 35
4 17
4 25
5 3
2 17
5 13
3 7
5 3
1 15
1 15
2 29
3 25
4 17
1 17
3 17
3 19
5 5
4 39
4 37
5 37
1 11
3 3
4 15
2 9
3 11
4 13
5 17
1 19
5 27
2 11
3 37
4 27
3 25
2 27
5 17
1 7
1 9
3 13
1 27
2 3
5 11
2 13
3 21
3 7
1 11
4 5
1 9
1 17
1 39
1 1
5 23
5 3
2 19
4 27
4 11
4 39
3 23
2 15
4 31
3 25
3 9
1 25
3 5
4 19
5 7
5 29
4 25
3 29
1 27
4 17
1 25
4 7
4 9
5 37
4 37
5 11
4 15
5 23
1 33
1 33
3 33
5 3
5 17
5 19
3 11
2 33
5 31
2 33
1 29
1 11
5 27
3 11
5 29
2 37
5 35
4 39
2 27
3 17
1 35
1 35
2 31
5 25
3 7
2 29
4 3
1 25
4 5
4 19
4 7
1 27
3 25
5 17
3 21
2 33
1 9
3 29
2 19
2 13
5 21
3 9
2 33
2 23
2 21
3 15
3 15
3 31
3 9
3 15
1 13
2 27
2 23
1 5
4 7
3 39
5 39
1 27
5 1
2 15
2 19
5 5
