500 500
4 102
3 125
4 38
1 75
4 119
5 111
1 96
3 53
2 20
2 108
3 45
5 109
5 66
4 129
1 70
5 85
3 94
1 23
3 63
2 108
5 61
1 64
4 131
2 106
5 127
3 84
1 42
3 84
5 78
5 63
3 48
1 53
2 70
5 141
1 51
2 117
1 23
4 107
2 58
2 104
1 41
5 116
3 37
2 61
2 95
1 110
3 91
5 95
2 57
3 78
3 58
1 90
1 103
5 118
3 124
2 72
2 26
4 133
4 118
2 71
3 51
1 28
4 75
2 35
3 74
2 58
2 77
5 116
3 52
4 115
4 77
5 89
4 58
2 108
5 132
2 66
5 90
3 85
3 37
1 22
3 103
3 114
5 85
1 16
5 112
4 131
5 79
3 100
1 75
3 38
3 107
5 75
1 46
4 86
2 81
2 53
5 76
2 73
4 34
3 108
2 23
2 29
2 60
1 75
3 72
1 81
2 104
3 125
5 107
1 17
3 73
2 68
2 106
4 78
4 58
5 99
4 70
3 78
5 77
1 89
5 127
2 113
2 38
5 124
1 80
1 41
2 88
4 123
5 108
3 67
5 138
3 61
3 75
2 115
2 95
1 41
5 160
2 94
4 73
4 77
1 18
1 58
5 73
2 37
5 105
2 109
1 34
5 99
1 58
2 35
4 126
1 51
3 111
4 121
2 86
1 25
2 28
3 50
5 91
4 98
4 80
4 80
5 75
5 139
1 106
1 98
3 108
1 38
5 125
4 79
3 128
5 82
4 94
2 32
5 58
3 99
4 82
5 85
1 43
1 110
2 79
2 56
2 105
1 88
5 150
5 91
2 39
1 75
3 60
1 56
3 101
3 87
5 115
4 90
2 19
2 81
1 22
4 90
2 32
5 100
2 37
3 96
4 91
3 51
5 56
4 50
1 57
5 118
1 73
5 118
2 105
5 70
5 121
5 61
4 51
5 41
4 73
5 121
2 76
3 34
5 94
3 43
2 117
3 61
2 36
5 87
2 76
1 107
5 59
3 63
1 61
4 142
4 115
4 129
5 149
4 138
2 62
1 102
1 49
1 89
5 132
3 110
2 46
1 45
5 94
5 101
4 72
1 67
4 108
3 121
3 125
2 78
1 73
5 108
5 120
1 68
1 92
3 77
1 67
1 17
2 108
4 79
3 98
4 106
4 106
1 101
2 59
1 79
1 70
1 90
3 94
5 105
2 34
1 57
1 21
1 77
3 44
4 101
1 23
3 54
3 43
5 125
3 108
1 94
4 54
3 54
5 109
2 64
5 122
1 28
3 48
2 52
5 125
1 18
2 38
3 113
1 91
5 83
3 113
4 62
2 48
2 96
5 119
1 72
5 52
1 92
1 21
4 141
2 107
2 116
2 102
3 85
4 52
1 76
2 102
2 108
2 46
1 83
5 132
5 71
4 83
5 142
1 94
1 104
1 53
4 139
4 46
2 84
1 88
1 35
3 80
1 39
1 64
4 50
1 21
5 64
3 98
3 121
5 97
4 55
3 49
1 17
1 102
3 105
2 30
1 70
5 73
1 73
3 107
2 100
4 49
4 47
5 70
5 82
2 69
2 35
1 109
3 58
4 54
4 48
2 113
1 59
5 126
5 121
1 110
1 35
2 19
2 28
4 144
3 105
1 59
3 117
4 60
5 75
5 100
4 90
2 115
1 30
4 94
4 33
4 98
2 84
2 93
2 57
2 121
1 51
5 122
3 73
4 89
5 69
2 110
1 85
5 85
4 55
2 85
4 72
1 70
5 85
5 67
3 84
5 98
4 66
4 82
4 83
3 106
1 84
1 91
5 78
5 46
3 88
3 41
3 106
4 71
3 80
4 121
5 85
1 80
1 86
4 99
3 125
1 88
2 81
1 83
1 106
5 65
4 56
1 110
3 61
2 108
5 104
5 155
3 72
3 54
2 98
1 47
2 74
4 93
1 110
2 29
5 118
1 79
5 76
2 56
1 23
1 69
4 88
1 52
1 79
5 77
4 120
4 80
5 115
4 126
2 89
3 106
2 37
3 95
2 79
3 53
4 47
2 108
1 45
2 111
4 71
5 107
5 106
2 44
1 48
5 125
2 80
2 86
3 88
5 63
1 91
2 103
1 86
2 24
2 34
1 108
2 69
4 108
5 113
4 123
4 58
5 123
1 98
1 88
5 104
1 31
3 114
4 42
1 62
1 100
1 57
5 92
3 94
2 65
3 126
3 41
3 50
