99 98
29 16 27
62 1 84
96 14 60
94 30 34
76 48 30
5 52 80
98 89 31
99 83 72
78 64 52
71 21 89
2 74 26
67 71 45
97 46 21
10 1 94
29 49 74
47 22 29
68 93 56
8 40 96
60 21 73
98 6 91
25 29 13
26 70 65
34 13 41
43 8 44
16 86 66
9 41 11
15 13 1
41 48 92
79 9 16
50 59 5
71 7 7
23 82 83
92 13 48
35 33 4
87 4 71
21 61 51
85 90 81
45 47 61
56 60 98
53 70 79
98 13 23
27 33 88
36 46 64
47 54 24
84 81 12
1 96 50
75 12 90
29 1 33
72 91 85
32 90 46
6 51 36
17 4 9
64 23 57
54 53 55
55 93 54
11 96 17
20 54 53
52 16 87
53 97 67
65 43 3
71 2 38
13 69 69
41 95 82
63 25 43
75 9 22
77 9 25
50 30 59
23 3 95
64 87 62
66 37 97
37 91 35
83 42 8
73 99 19
42 38 15
6 39 76
14 97 75
65 24 86
80 67 93
15 44 40
37 88 6
95 3 37
63 7 63
84 46 32
7 42 2
19 57 49
93 22 77
18 66 58
51 28 42
37 52 10
19 8 47
84 50 20
31 80 28
58 93 78
53 85 14
33 99 68
40 47 18
45 92 70
71 78 39
