99 98
89 70 6
38 76 42
88 87 10
54 9 53
92 27 13
2 63 1
44 46 33
18 92 48
39 85 26
5 86 3
34 69 40
91 30 17
88 19 5
17 34 83
95 28 93
88 55 28
97 17 12
1 98 77
58 76 74
42 84 45
47 5 94
7 39 57
78 52 29
17 29 61
9 45 36
74 7 9
17 50 96
94 13 16
99 12 23
66 81 89
22 95 86
72 79 92
66 2 7
9 56 66
45 57 58
95 50 25
56 26 38
24 13 37
36 17 98
88 94 11
8 67 97
2 60 2
40 38 70
32 49 54
66 49 20
23 9 52
40 52 49
68 18 8
96 62 47
74 98 82
89 77 62
73 27 46
65 4 4
37 18 44
70 83 59
80 18 67
47 68 22
24 96 35
73 48 55
64 99 90
24 56 24
60 25 51
24 3 72
71 87 95
71 52 68
74 33 34
21 15 56
20 61 65
65 93 87
70 7 43
89 14 88
11 38 63
21 9 80
38 29 19
6 73 84
14 44 85
59 49 18
75 36 91
43 74 81
44 31 73
52 30 79
18 82 50
23 61 14
84 74 75
51 73 76
15 35 31
53 93 69
87 72 71
57 16 30
49 78 60
94 90 78
10 27 32
36 68 15
44 63 21
39 67 64
41 44 27
4 88 41
87 12 39
