99 98
80 39 52
32 68 92
18 10 5
37 17 19
9 57 3
69 19 69
78 40 91
74 35 88
53 91 63
1 29 90
15 49 43
8 54 20
51 66 58
57 42 51
40 63 97
66 68 62
76 58 37
21 69 55
71 22 4
35 16 12
3 34 95
13 76 49
44 22 42
81 97 38
70 68 34
42 6 96
14 90 56
23 91 85
11 31 50
50 8 84
59 3 74
6 38 98
94 93 71
36 9 25
24 47 67
62 65 80
46 57 17
7 37 24
95 35 76
89 49 64
86 37 82
4 94 23
55 1 11
85 13 65
39 81 94
45 36 77
96 11 78
64 59 54
10 13 22
31 76 29
58 12 14
12 36 1
54 30 89
25 51 48
48 11 18
92 35 27
99 74 93
63 29 13
93 92 83
87 7 81
29 41 66
75 60 16
73 98 9
20 35 40
38 79 44
30 13 61
61 54 35
43 73 70
22 52 6
52 27 68
84 14 33
33 17 87
83 59 79
97 75 31
67 22 86
82 10 39
90 89 46
56 46 47
88 48 73
28 73 36
19 38 60
5 99 41
77 17 59
27 6 30
49 67 28
91 15 75
26 39 72
65 78 8
98 21 53
47 30 10
60 34 7
34 15 2
2 34 57
41 81 45
16 19 21
72 93 26
68 55 15
17 22 32
