99 98
27 70 10
45 41 8
58 13 83
50 22 68
18 47 57
86 93 48
87 54 71
11 49 2
12 53 59
59 30 1
93 49 19
57 61 96
67 64 60
17 49 26
78 39 49
1 16 58
91 31 40
49 51 50
69 70 11
61 4 39
24 62 46
74 96 70
23 72 27
14 25 89
92 78 80
16 8 14
72 46 23
30 5 79
97 40 75
79 47 38
60 50 87
39 89 64
44 58 56
95 29 41
3 28 74
53 81 92
54 58 91
42 11 30
68 29 20
34 97 17
85 87 34
20 23 53
56 49 63
76 48 76
66 24 73
26 6 21
8 21 95
55 11 6
83 5 15
19 65 18
94 86 67
81 63 81
15 64 42
40 79 66
10 53 72
13 69 33
6 17 5
90 56 16
2 72 9
32 7 13
89 54 62
96 24 61
80 2 43
21 32 32
62 94 84
33 43 54
36 41 51
84 1 4
70 18 88
99 76 22
65 41 7
98 60 55
25 5 45
73 90 35
4 10 29
75 86 44
88 46 97
43 38 82
28 7 28
71 58 25
5 56 52
37 86 78
48 8 3
52 46 65
35 9 93
47 98 98
41 4 31
63 16 69
29 44 24
82 77 94
64 56 37
51 38 36
22 96 85
77 27 90
7 96 47
46 6 12
31 73 77
9 93 86
