99 98
87 70 49
87 46 91
87 77 81
87 88 46
62 43 70
87 56 57
87 74 12
87 12 96
87 51 85
87 45 83
87 24 71
87 80 7
87 35 27
87 27 45
87 4 98
67 36 53
2 26 59
87 40 84
87 72 35
87 89 66
87 8 76
87 17 77
87 69 25
87 83 79
87 90 23
87 15 73
87 97 13
87 62 48
87 50 38
87 37 88
87 7 92
87 42 62
87 65 74
87 25 55
87 20 19
87 30 68
87 53 93
87 71 29
87 2 89
68 9 56
87 22 86
87 11 64
87 34 44
87 33 43
87 82 14
62 86 4
87 99 87
87 23 28
87 54 1
87 91 94
84 92 90
87 19 61
87 67 16
87 44 58
87 93 34
87 85 40
87 57 6
87 68 54
87 73 17
87 13 67
28 96 52
87 18 32
87 60 80
87 10 42
87 21 75
87 94 20
87 81 60
87 79 36
87 1 95
87 32 5
87 76 11
87 16 78
87 52 26
87 98 33
87 39 65
87 66 21
87 28 22
87 48 72
87 64 24
87 14 63
87 61 3
87 78 97
87 63 10
87 49 18
87 31 9
87 75 41
87 84 47
87 55 30
87 95 39
87 47 51
87 3 2
87 5 31
87 58 37
87 59 50
87 6 69
19 38 8
87 41 82
87 29 15
