99 98
36 96 17
23 51 27
36 98 96
54 65 90
7 78 84
36 45 44
36 29 64
36 71 74
62 95 63
36 39 85
89 4 93
91 19 67
36 6 98
22 49 51
36 1 57
36 84 66
40 35 1
82 47 31
36 63 69
91 38 61
87 73 26
36 16 72
36 75 50
36 46 54
80 23 36
36 25 21
42 58 2
68 60 49
36 69 37
27 66 81
36 97 18
73 40 80
36 94 55
50 93 68
36 33 73
36 88 25
24 89 29
36 37 94
15 11 52
36 55 91
35 7 65
14 56 48
92 83 75
36 14 6
17 87 60
26 64 78
36 18 56
31 27 42
64 17 28
36 9 23
36 43 14
47 70 39
58 50 70
36 79 24
93 32 33
70 62 47
48 22 15
36 72 83
36 52 87
36 61 45
44 42 20
36 8 92
76 24 9
36 90 7
51 48 41
34 82 16
11 77 12
68 92 34
78 86 19
4 26 53
36 12 82
36 85 22
32 80 35
36 21 8
54 34 43
36 74 79
36 13 89
38 44 46
36 59 76
36 81 32
66 28 30
95 91 71
36 99 58
36 57 5
6 67 10
36 53 95
92 54 59
28 68 97
36 2 77
36 10 4
86 31 40
36 3 62
77 5 11
5 76 38
36 30 86
63 20 3
15 36 88
12 41 13
