99 98
55 77 59
64 70 24
68 93 98
68 57 20
68 48 31
64 44 58
52 64 30
64 91 85
68 2 51
34 61 96
68 45 70
64 35 22
68 80 84
72 67 65
21 85 45
68 28 88
64 49 33
47 92 36
68 99 60
39 86 4
20 6 83
68 36 12
68 87 44
73 24 2
68 54 86
64 76 41
69 81 32
58 47 97
58 63 80
16 18 7
86 94 5
64 96 27
4 26 17
64 14 78
64 11 38
23 22 18
68 40 61
68 51 35
68 74 76
70 88 66
25 16 26
68 7 67
68 60 53
64 75 23
68 32 15
34 23 56
24 82 92
18 21 79
68 37 75
73 68 93
64 8 9
68 50 71
64 5 43
7 12 95
6 58 82
64 10 46
64 62 91
64 41 6
64 71 1
64 43 19
64 9 37
29 90 64
64 83 77
64 17 62
68 56 14
68 98 40
68 65 42
59 29 94
54 95 81
64 13 11
67 25 52
23 39 90
86 55 74
64 31 73
64 33 49
68 53 39
81 66 63
66 59 34
92 52 48
64 19 29
29 20 69
68 42 55
26 34 21
68 27 13
68 79 8
64 30 25
64 1 89
85 4 16
68 46 87
68 3 72
64 97 57
64 78 47
68 89 50
77 69 68
68 15 54
82 84 10
64 38 28
84 72 3
