99 98
36 33 22
15 18 96
57 73 42
36 23 64
36 75 97
15 6 73
36 61 74
15 84 50
32 1 80
36 92 39
15 51 59
54 81 61
4 35 33
15 50 29
46 41 85
10 67 82
28 32 81
42 28 44
15 22 91
15 91 87
36 16 47
72 44 1
36 21 92
36 26 58
43 54 30
86 20 60
15 66 53
15 57 31
36 85 14
98 48 25
42 15 28
15 74 72
36 30 13
48 88 69
88 8 52
15 70 63
36 47 68
67 12 48
36 56 10
65 93 79
36 53 71
99 65 3
8 87 62
15 24 18
36 83 49
36 34 51
87 40 21
36 82 38
15 96 45
84 80 8
15 37 46
15 62 35
36 68 27
59 10 89
53 2 66
44 52 78
1 46 90
15 71 24
63 59 11
36 95 26
15 4 12
15 64 43
76 63 36
12 36 4
36 60 94
36 39 55
15 38 98
36 77 37
36 7 34
52 99 84
15 13 41
15 11 32
93 14 6
15 27 7
15 97 88
36 25 77
41 98 76
15 89 56
15 29 40
36 19 9
15 86 17
40 55 16
36 58 86
12 94 70
40 90 15
36 31 83
17 43 20
36 3 75
26 5 54
36 78 57
15 45 19
81 72 23
55 17 95
15 69 65
14 76 93
15 79 2
15 49 5
36 9 67
