99 98
1 4 7
4 5 21
5 6 75
6 7 89
7 8 50
8 9 35
9 10 1
10 11 19
11 12 59
12 13 29
13 14 33
14 15 97
15 16 63
16 17 69
17 18 56
18 19 23
19 20 38
20 21 20
21 22 8
22 23 18
23 24 2
24 25 65
25 26 16
26 27 55
27 28 61
28 29 90
29 30 91
30 31 95
31 32 10
32 33 64
33 34 57
34 35 72
35 36 11
36 37 48
37 38 6
38 39 83
39 40 73
40 41 17
41 42 76
42 43 46
43 44 68
44 45 62
45 46 88
46 47 81
47 48 47
48 49 40
49 50 45
50 51 34
51 52 94
52 53 5
53 54 96
54 55 98
55 56 82
56 57 78
57 58 24
58 59 15
59 60 31
60 61 85
61 62 9
62 63 77
63 64 25
64 65 42
65 66 13
66 67 30
67 68 22
68 69 70
69 70 87
70 71 41
71 72 14
72 73 66
73 74 86
74 75 32
75 76 37
76 77 79
77 78 3
78 79 39
79 80 60
80 81 54
81 82 74
82 83 92
83 84 44
84 85 53
85 86 36
86 87 93
87 88 58
88 89 71
89 90 67
90 91 43
91 92 4
92 93 26
93 94 27
94 95 80
95 96 84
96 97 49
97 98 28
98 99 51
3 99 12
2 3 52
