99 98
1 4 74
1 5 61
1 6 26
1 3 35
1 7 69
7 8 70
8 9 14
8 10 9
7 11 8
7 12 81
8 13 43
12 14 91
11 15 39
15 16 7
16 17 41
15 18 33
12 19 97
17 20 36
14 21 56
21 22 72
20 23 55
19 24 45
20 25 86
18 26 82
23 27 84
21 28 3
23 29 48
26 30 38
24 31 63
27 32 78
29 33 62
24 34 51
25 35 16
27 36 79
29 37 4
26 38 18
36 39 83
38 40 28
36 41 13
38 42 46
40 43 15
31 44 54
31 45 11
33 46 68
42 47 22
36 48 40
43 49 93
37 50 27
47 51 92
38 52 96
47 53 32
40 54 94
39 55 88
38 56 42
45 57 21
45 58 19
43 59 77
56 60 87
48 61 90
43 62 75
43 63 2
61 64 31
57 65 29
64 66 65
49 67 64
54 68 73
49 69 89
55 70 44
50 71 5
69 72 6
59 73 80
61 74 20
64 75 66
57 76 1
53 77 60
69 78 95
68 79 57
55 80 30
74 81 34
59 82 71
78 83 10
69 84 24
64 85 37
66 86 25
70 87 98
83 88 23
75 89 58
87 90 53
90 91 67
2 91 59
81 92 12
69 93 49
86 94 47
86 95 52
72 96 76
69 97 50
77 98 17
78 99 85
