73 72
1 4 64
1 5 42
4 6 24
5 7 59
1 8 51
7 9 21
5 10 14
6 11 31
11 12 19
12 13 56
7 14 23
10 15 36
4 16 27
12 17 7
15 18 44
15 19 39
13 20 69
10 21 20
12 22 9
8 23 18
9 24 6
8 25 43
4 26 11
22 27 3
24 28 37
11 29 29
18 30 13
5 31 41
5 32 26
24 33 50
27 34 8
11 35 60
12 36 48
5 37 54
8 38 68
37 39 12
28 40 25
36 41 62
20 42 16
36 43 52
18 44 28
16 45 2
40 46 22
29 47 15
40 48 72
20 49 63
31 50 67
34 51 33
45 52 71
44 53 30
47 54 5
53 55 40
25 56 66
8 57 34
23 58 61
42 59 10
10 60 65
34 61 70
3 40 4
43 62 32
24 63 55
57 64 38
15 65 46
2 34 1
5 66 57
37 67 53
17 68 47
31 69 35
50 70 17
24 71 58
45 72 49
57 73 45
