90 92
5 88 67
71 74 34
72 52 87
45 69 16
33 76 66
29 54 22
18 22 65
68 63 10
12 72 50
86 64 8
83 20 56
87 46 84
54 5 74
7 26 61
39 15 49
56 24 4
36 45 45
9 67 59
55 77 46
65 81 76
31 89 68
2 32 6
60 12 44
46 16 72
38 62 90
10 82 64
43 65 85
82 22 42
88 61 31
67 56 57
81 84 29
70 34 47
35 21 77
84 2 2
17 60 75
59 50 82
27 73 83
32 58 86
19 18 52
75 28 58
76 4 92
52 83 28
85 29 63
16 47 23
58 42 17
6 53 19
34 9 32
3 1 55
78 57 15
14 23 9
11 8 78
63 80 39
90 36 62
89 14 60
41 79 48
20 33 11
47 78 30
4 38 40
50 39 18
53 19 54
8 37 14
77 13 53
13 6 43
15 49 26
69 4 7
42 70 5
40 66 1
57 43 21
74 59 70
25 55 69
23 48 91
28 90 24
44 30 88
61 75 13
62 51 35
22 41 20
48 3 33
73 87 51
1 71 80
30 11 79
80 44 89
4 7 36
79 86 37
21 10 12
49 40 27
66 85 38
24 31 3
64 68 73
51 17 81
37 27 25
22 35 71
26 25 41
