90 92
4 79 61
53 72 90
27 63 49
67 71 17
1 45 12
75 65 83
49 60 75
42 14 71
47 40 59
32 46 74
82 67 45
17 69 5
29 86 20
2 88 29
7 37 55
50 48 81
13 2 4
6 5 36
74 53 68
63 39 13
83 30 85
51 7 51
78 3 41
24 41 40
15 23 31
86 85 37
33 36 76
35 49 73
65 57 14
79 43 66
19 15 25
31 17 38
56 62 50
48 8 60
62 44 64
59 35 18
3 59 26
43 12 32
73 32 79
64 84 24
28 27 23
80 26 69
88 90 65
41 22 54
58 31 11
8 17 72
57 25 91
84 68 86
72 66 3
60 18 33
20 57 22
76 16 77
66 47 56
44 51 44
36 89 15
22 20 53
89 80 63
37 82 84
71 42 9
77 81 34
14 74 1
38 78 70
70 24 57
55 11 35
25 64 43
12 28 30
85 58 92
16 50 19
45 21 42
87 56 62
26 38 8
21 29 46
54 73 28
52 9 10
90 52 7
34 65 27
9 1 52
39 33 88
61 76 39
30 10 87
11 34 16
18 61 89
5 4 6
23 83 58
68 77 21
10 70 48
81 13 80
69 6 78
40 19 82
17 54 2
46 87 47
65 55 67
