90 92
10 64 26
2 69 49
59 36 41
26 39 90
81 10 16
12 38 78
6 5 33
49 84 31
18 76 47
63 34 32
28 20 27
50 32 53
35 1 87
52 16 62
65 85 80
62 70 5
39 8 24
37 18 65
58 61 61
64 80 55
13 35 73
70 56 64
43 2 76
57 29 17
47 19 58
54 59 1
5 47 11
79 55 75
7 31 82
9 63 66
55 24 8
61 62 10
45 15 7
80 78 39
19 33 50
77 79 81
88 53 46
68 42 40
73 30 34
56 12 38
30 49 3
9 78 54
71 52 57
33 7 85
44 66 86
60 21 37
40 28 9
87 17 89
25 68 2
1 57 35
2 37 67
17 88 88
86 81 12
72 26 42
21 67 20
42 87 70
34 14 43
23 27 25
85 11 77
48 22 71
82 83 19
14 60 14
32 54 74
75 82 22
29 48 18
46 89 30
8 75 51
22 77 72
89 51 92
15 37 56
11 6 60
20 72 68
84 13 21
36 3 63
4 25 28
41 45 23
76 41 59
78 46 6
3 44 84
24 40 15
90 73 36
66 9 29
67 50 91
74 71 79
53 58 44
31 4 45
27 43 13
38 23 52
51 65 48
16 86 4
69 90 83
83 74 69
