90 90
62 46 80
2 10 9
21 62 12
17 60 39
28 6 25
88 43 48
29 50 85
82 30 90
42 48 2
6 70 82
7 33 29
20 27 3
65 76 35
69 83 58
36 80 41
66 16 20
18 40 65
43 68 67
9 90 83
10 44 16
4 78 50
1 69 59
61 14 88
90 58 54
44 89 5
48 3 44
25 49 72
23 55 46
87 84 11
71 19 64
32 13 87
89 8 42
72 5 61
68 41 57
16 71 13
79 42 69
63 37 84
55 51 53
33 57 4
81 66 77
49 1 15
56 88 32
45 18 78
41 20 26
50 45 75
5 63 28
83 79 62
22 39 6
40 85 56
35 17 21
76 25 79
54 9 55
30 64 38
37 38 24
46 54 52
19 47 49
85 77 34
84 56 14
86 82 22
74 59 71
8 36 33
59 65 47
15 72 74
11 4 30
60 31 17
51 73 70
53 2 18
13 22 81
64 74 36
73 34 66
47 15 60
80 67 27
12 24 89
34 87 63
75 61 45
26 12 86
27 86 40
78 28 43
39 52 51
70 23 1
67 75 68
38 53 10
3 7 19
24 35 37
57 32 7
58 29 76
14 26 31
52 21 23
77 81 73
31 11 8
