90 92
78 64 54
63 51 52
20 42 24
35 1 78
44 60 65
5 84 32
31 87 89
27 34 29
60 27 66
42 83 20
34 85 16
39 58 37
23 61 33
25 22 69
87 36 17
48 14 11
81 59 15
50 11 31
65 43 50
33 49 10
69 71 64
76 8 73
84 54 68
47 41 3
90 26 92
58 55 38
21 18 81
42 52 62
57 4 8
8 44 56
83 13 18
45 74 6
11 30 13
32 23 41
68 24 90
89 50 67
51 68 12
74 9 26
72 77 45
3 89 77
16 48 34
88 62 91
2 31 61
41 38 55
29 7 39
62 90 48
43 42 57
80 10 46
6 66 76
85 3 19
18 47 86
7 33 2
46 75 83
1 2 1
12 5 44
36 46 30
64 6 47
70 53 79
61 72 80
41 20 85
37 45 43
54 81 28
75 76 82
82 57 21
14 70 5
56 39 9
79 86 36
59 65 23
15 69 14
9 15 75
19 16 87
71 12 88
55 21 22
49 88 84
24 82 70
17 67 49
66 28 40
67 35 4
86 78 58
52 80 59
28 25 27
13 63 63
38 40 53
4 17 74
53 79 60
77 73 51
10 41 71
40 19 72
26 32 7
22 29 35
73 56 42
30 37 25
