90 94
24 1 55
78 39 52
34 86 15
4 23 13
81 84 17
47 42 39
64 83 49
14 58 92
89 3 77
77 85 72
10 71 94
11 67 85
35 29 4
65 4 89
8 38 3
56 60 63
40 63 5
82 51 32
28 24 87
51 17 65
68 9 56
15 56 67
2 72 27
5 25 41
85 2 68
69 87 34
43 37 23
16 64 60
86 21 58
87 15 91
37 70 80
60 66 18
73 40 51
32 33 26
33 34 46
45 32 79
62 16 90
36 57 86
84 8 6
75 59 71
88 50 24
1 90 84
74 1 44
72 62 43
59 43 78
90 28 35
41 22 50
57 55 81
66 7 7
46 11 47
3 73 33
30 12 2
52 26 93
22 80 75
38 36 1
50 45 21
23 13 66
53 20 29
21 47 74
31 5 28
8 14 69
29 10 76
63 54 16
27 6 82
71 82 20
39 88 57
17 76 22
9 49 25
13 27 61
44 52 83
58 44 40
57 46 10
79 75 88
67 74 59
80 78 54
42 35 62
48 79 9
55 69 45
70 18 36
54 48 31
49 41 48
6 68 64
7 89 70
20 30 42
1 61 12
25 3 38
83 19 19
76 77 73
26 8 14
19 53 37
3 57 30
18 65 8
12 31 53
61 81 11
