90 90
21 6 46
61 1 10
38 37 28
28 61 80
22 64 16
87 54 73
42 49 48
41 45 18
26 44 84
23 56 2
18 57 19
34 38 50
6 50 76
65 75 88
53 23 62
52 24 5
9 83 53
76 32 8
70 71 11
48 66 74
59 13 38
79 78 58
5 19 63
90 70 89
47 17 82
45 84 57
83 26 42
89 51 3
60 65 55
4 79 78
27 69 77
50 68 67
7 9 79
35 81 70
13 60 52
71 72 44
40 20 85
46 58 21
2 35 72
49 39 54
74 46 59
36 16 27
33 10 45
32 77 36
85 36 43
57 2 1
69 76 60
75 30 7
88 86 64
17 87 12
37 53 75
39 22 35
10 21 17
77 43 40
20 5 29
25 88 81
62 42 26
44 82 22
78 8 41
14 73 47
15 40 71
19 55 15
72 11 23
11 18 49
82 25 90
84 85 87
67 28 32
8 12 69
68 48 68
31 29 34
58 31 61
80 63 39
56 59 6
3 15 20
12 89 51
81 27 13
1 90 31
73 33 30
55 74 33
29 80 4
30 4 56
24 41 25
16 7 86
86 3 9
43 47 37
66 62 83
64 52 66
54 14 14
63 34 24
51 67 65
