91 92
81 73 14
49 74 69
59 48 56
40 75 70
69 46 75
54 87 77
29 27 54
45 42 41
37 39 84
60 26 30
25 90 63
79 4 39
51 18 92
30 59 1
58 78 31
65 19 79
63 56 24
66 81 81
8 89 64
53 67 23
1 20 26
62 91 32
85 40 20
3 82 17
2 5 45
33 31 21
35 11 59
22 37 44
11 64 36
36 72 10
67 29 15
76 1 22
46 70 68
55 24 61
4 30 80
9 3 29
71 69 43
21 43 40
56 6 12
16 83 38
7 50 8
68 60 66
70 53 37
26 61 28
61 14 25
14 49 86
34 71 48
12 68 47
75 47 90
19 9 60
86 79 52
24 54 51
31 21 72
13 62 7
64 38 83
23 12 3
38 2 76
15 65 82
77 88 27
32 41 50
20 80 34
88 32 71
52 63 11
78 15 19
28 25 88
48 22 42
80 10 87
74 16 33
42 36 2
39 44 4
89 77 62
90 16 53
6 34 91
10 55 85
41 57 5
44 66 57
18 17 6
83 58 89
43 45 16
73 52 35
50 85 18
87 35 58
17 13 55
74 86 9
91 84 74
27 76 46
84 33 67
82 8 65
72 23 78
5 7 49
47 51 73
57 28 13
