64 84
21 17 49
17 37 76
31 37 40
31 21 64
21 42 74
42 5 45
7 5 73
21 7 16
5 6 47
6 52 27
16 52 71
5 16 65
22 52 52
22 34 30
33 34 33
33 52 8
34 63 36
63 51 19
60 51 18
34 60 44
62 51 31
62 1 25
1 61 28
61 51 51
17 50 22
50 39 32
26 39 10
17 26 23
39 20 35
20 56 14
32 56 21
39 32 26
56 41 15
41 59 78
9 59 29
56 9 17
57 59 63
57 24 69
30 24 66
30 59 3
29 24 84
29 2 58
2 28 57
28 24 20
37 18 6
18 44 59
10 44 9
37 10 60
36 44 1
36 48 62
40 48 24
40 44 13
48 4 72
4 8 79
49 8 81
48 49 77
8 58 43
58 43 42
27 43 46
8 27 48
43 54 68
54 3 50
3 13 37
43 13 4
44 35 12
35 47 39
47 46 70
44 46 61
59 15 38
15 45 67
45 11 11
59 11 53
24 55 7
55 14 5
14 64 82
24 64 2
52 53 56
53 25 34
25 19 54
52 19 83
51 23 55
23 12 75
12 38 80
51 38 41
