81 88
12 65 76
34 15 58
26 73 32
47 23 80
36 68 18
37 62 68
32 53 57
2 8 25
69 13 39
70 74 42
81 18 43
22 26 29
71 7 15
60 50 64
68 80 13
51 21 49
61 9 41
25 48 5
62 61 83
78 24 27
46 16 63
28 14 48
54 78 47
76 38 50
39 54 8
48 44 54
72 36 20
4 48 30
52 4 12
9 67 28
79 22 51
56 63 3
50 27 40
30 81 56
49 3 69
14 66 60
64 35 79
24 34 59
42 12 9
5 1 33
1 45 17
39 33 10
74 2 11
7 52 61
31 11 78
8 57 65
18 64 23
17 32 22
73 20 16
15 77 24
6 29 31
67 46 74
40 39 87
76 51 26
59 5 62
10 35 34
77 43 7
58 6 2
41 38 38
43 17 36
71 47 44
58 75 55
63 58 21
20 10 14
21 69 46
64 55 71
38 37 77
19 49 6
73 51 35
80 70 82
23 56 66
53 40 86
11 59 75
3 60 52
75 47 73
45 19 1
13 76 67
6 72 45
16 42 37
65 41 4
35 31 84
66 30 70
44 71 19
55 33 81
27 79 88
57 72 72
68 54 53
33 28 85
