91 92
76 29 47
54 20 41
34 59 48
51 25 13
26 34 84
12 41 69
27 39 67
80 52 83
91 1 86
69 63 50
45 37 81
77 30 92
10 72 4
66 24 52
37 12 36
43 15 71
59 5 85
38 67 76
62 40 87
20 35 68
19 57 35
9 49 66
35 62 82
3 82 88
81 21 27
36 59 32
31 75 25
17 91 55
55 36 56
88 76 72
2 64 34
86 81 26
5 54 57
29 58 31
78 69 21
71 10 15
59 47 90
79 56 73
57 43 58
40 38 79
18 7 2
15 88 46
49 6 60
44 19 74
21 79 89
47 32 42
13 50 1
74 28 3
24 26 78
70 77 10
72 73 77
67 46 14
23 18 62
82 71 64
56 11 28
87 22 29
50 90 33
63 53 39
41 2 91
52 17 43
11 66 63
39 3 53
83 65 61
4 55 54
22 84 70
6 70 22
7 4 7
75 60 20
53 45 6
16 78 65
68 13 16
25 33 30
84 83 38
85 14 44
33 48 80
48 80 18
65 51 51
1 9 49
58 31 40
60 16 75
46 87 11
42 89 23
8 23 8
89 8 5
30 27 17
90 44 9
32 74 19
64 61 24
28 85 45
73 68 37
61 86 59
14 42 12
