81 90
5 28 15
52 78 17
27 42 39
64 9 67
16 29 35
66 71 47
79 67 26
3 68 40
1 56 37
15 30 70
38 3 54
58 22 83
50 40 27
24 23 32
68 53 1
47 60 21
8 46 2
29 11 45
23 16 44
9 14 51
65 12 16
35 74 38
39 21 62
7 26 65
36 50 64
42 8 7
31 52 13
48 10 66
61 33 82
28 45 63
74 52 61
41 36 14
50 41 84
49 37 69
52 47 5
11 72 86
41 81 9
10 31 22
19 73 3
44 6 8
66 70 71
60 65 85
51 23 50
75 64 19
76 51 18
6 61 76
62 57 6
32 27 73
70 13 78
81 58 43
2 4 20
10 66 88
58 34 81
21 48 11
20 75 89
30 62 57
12 39 56
17 64 60
23 76 68
67 18 58
64 58 31
69 50 23
34 17 30
73 44 25
63 35 24
33 15 28
46 25 4
32 5 59
18 55 34
26 69 10
45 66 41
78 7 80
72 77 48
80 38 77
53 10 79
4 32 46
55 32 74
40 63 49
56 49 75
59 43 72
22 19 53
71 79 29
13 80 12
43 1 33
54 24 42
14 59 36
57 41 90
25 2 52
37 54 55
77 20 87
