62 76
37 31 58
22 31 49
22 36 37
59 36 17
59 37 10
37 49 48
49 14 47
4 14 69
4 34 76
37 34 5
14 28 13
28 52 33
56 52 11
56 41 40
14 41 65
52 32 31
32 1 4
1 19 21
19 8 56
52 8 26
55 31 18
55 50 59
11 50 67
11 53 46
53 31 63
50 33 20
33 58 55
18 58 43
18 39 60
50 39 39
58 27 16
27 2 36
2 5 12
45 5 74
58 45 73
36 20 32
20 57 3
23 57 70
23 12 30
36 12 14
57 6 72
6 35 71
17 35 28
17 47 54
57 47 50
35 61 24
61 3 7
3 60 6
60 29 2
35 29 45
54 31 66
54 40 61
40 46 68
48 46 44
48 31 27
48 7 19
7 16 64
16 24 1
24 38 22
48 38 29
46 13 52
13 51 75
51 44 25
44 42 57
46 42 15
31 10 51
10 25 23
25 9 53
9 30 8
31 30 38
5 21 42
21 15 41
15 26 35
26 43 34
5 43 62
1 62 9
