76 90
56 29 85
29 36 56
36 57 80
57 65 21
56 65 37
17 16 28
16 49 57
49 62 71
62 45 76
17 45 40
38 34 42
34 14 75
14 44 33
44 43 44
38 43 31
33 41 69
41 1 84
1 73 51
73 60 48
33 60 35
18 4 4
4 50 60
50 39 66
39 7 36
18 7 87
31 6 32
6 71 58
71 37 6
37 46 79
31 46 90
35 74 15
74 2 26
2 10 13
10 69 78
35 69 20
67 68 24
68 21 5
21 42 70
42 24 43
67 24 10
12 9 52
9 23 11
23 58 39
58 66 14
12 66 59
5 13 65
13 3 74
3 53 19
53 25 88
5 25 61
72 54 18
54 70 41
70 30 68
30 11 67
72 11 81
27 40 2
40 20 7
20 22 27
22 55 45
27 55 22
51 32 50
32 47 86
47 28 77
28 61 72
51 61 46
63 64 23
64 26 54
26 19 53
19 75 16
63 75 38
48 15 8
15 52 64
52 8 82
8 59 47
48 59 12
56 17 9
49 38 63
14 33 34
29 18 29
50 31 3
71 35 55
57 67 73
21 12 89
23 5 17
29 72 1
57 27 62
24 51 25
41 63 49
71 48 83
1 76 30
