73 90
29 25 14
25 59 31
59 60 46
29 60 58
65 70 36
70 17 7
17 16 6
65 16 66
61 62 65
62 64 42
64 18 32
61 18 90
53 63 37
63 52 1
52 71 40
53 71 57
14 5 61
5 1 23
1 30 35
14 30 73
50 24 70
24 13 75
13 23 18
50 23 64
22 69 56
69 6 27
6 47 26
22 47 48
34 55 74
55 33 45
33 46 2
34 46 11
9 15 49
15 2 82
2 68 19
9 68 5
66 44 13
44 51 47
51 56 86
66 56 15
20 67 84
67 28 10
28 8 71
20 8 88
19 10 30
10 32 3
32 26 38
19 26 28
43 42 33
42 3 67
3 40 68
43 40 62
45 41 78
41 37 80
37 39 83
45 39 25
21 36 16
36 48 4
48 31 87
21 31 72
11 35 17
35 27 52
27 54 89
11 54 24
4 12 9
12 58 8
58 7 50
4 7 51
57 49 79
49 72 21
72 38 43
57 38 60
29 65 20
17 61 29
64 53 22
52 14 81
25 50 85
13 22 53
6 34 69
33 9 54
59 66 76
51 20 34
28 19 55
32 43 41
15 45 77
30 21 39
46 11 59
32 4 44
60 57 63
1 73 12
