90 100
1 4 94
4 5 63
1 5 62
1 6 34
6 7 47
7 8 61
8 9 42
9 10 31
10 11 55
11 12 53
12 13 45
13 14 41
14 15 51
15 16 35
16 17 43
17 18 40
18 19 36
19 20 48
20 21 33
21 22 50
22 23 49
23 24 54
24 25 44
25 26 38
26 27 46
27 28 52
28 29 39
29 30 37
2 30 32
2 3 56
3 31 8
31 32 29
32 33 19
33 34 4
34 35 14
35 36 17
36 37 28
37 38 24
38 39 27
39 40 16
40 41 12
41 42 7
42 43 15
43 44 23
44 45 11
45 46 25
46 47 5
47 48 18
48 49 21
49 50 20
50 51 13
51 52 26
52 53 10
53 54 22
1 54 9
1 55 30
55 56 78
56 57 87
57 58 60
1 58 59
1 59 6
59 60 3
1 60 2
1 61 79
61 62 83
1 62 86
62 63 81
63 64 84
62 64 72
1 65 96
65 66 80
1 66 69
1 67 91
67 68 75
1 68 74
1 69 85
69 70 82
70 71 57
71 72 64
72 73 71
73 74 67
74 75 77
75 76 65
76 77 68
77 78 76
78 79 66
79 80 58
80 81 89
81 82 88
82 83 93
1 83 73
1 84 95
84 85 90
1 85 1
4 86 92
86 87 70
87 88 99
88 89 100
89 90 97
4 90 98
