80 98
1 4 3
4 5 5
5 6 1
6 7 8
7 8 2
8 9 7
9 10 6
3 10 4
3 11 34
11 12 79
12 13 44
13 14 38
14 15 47
15 16 42
16 17 48
1 17 49
16 18 65
18 19 90
16 19 35
12 20 36
20 21 30
12 21 43
21 22 71
22 23 89
23 24 56
24 25 86
25 26 32
26 27 50
27 28 91
28 29 21
29 30 84
30 31 27
31 32 62
32 33 9
33 34 19
2 34 20
2 35 45
35 36 12
36 37 46
37 38 41
38 39 40
39 40 14
40 41 22
41 42 11
42 43 37
43 44 39
44 45 13
45 46 15
21 46 16
45 47 28
47 48 70
45 48 95
43 49 64
49 50 72
50 51 66
51 52 25
43 52 60
43 53 77
53 54 93
43 54 57
47 55 78
55 56 33
47 56 82
41 57 53
57 58 17
41 58 55
46 59 87
59 60 92
46 60 83
59 61 51
61 62 23
59 62 54
50 63 88
63 64 98
50 64 80
51 65 81
65 66 58
51 66 61
49 67 10
67 68 75
49 68 76
64 69 63
69 70 69
64 70 31
62 71 96
71 72 26
72 73 67
73 74 73
62 74 24
53 75 18
75 76 29
53 76 68
54 77 59
77 78 97
54 78 52
63 79 85
79 80 94
63 80 74
