91 90
1 4 45
1 5 85
1 6 59
4 7 29
4 8 12
1 9 83
9 10 17
4 11 27
11 12 75
9 13 54
11 14 81
7 15 5
11 16 51
15 17 67
6 18 87
9 19 33
16 20 7
11 21 35
17 22 78
18 23 36
23 24 80
14 25 73
5 26 57
13 27 88
22 28 82
6 29 34
18 30 8
21 31 70
23 32 4
13 33 48
30 34 49
15 35 42
18 36 16
4 37 26
20 38 18
10 39 20
17 40 72
26 41 56
13 42 89
24 43 86
30 44 47
6 45 32
9 46 63
12 47 68
47 48 1
17 49 61
5 50 41
39 51 30
43 52 31
37 53 76
41 54 13
46 55 64
7 56 66
4 57 10
10 58 60
3 43 38
15 59 23
41 60 71
56 61 3
39 62 55
10 63 46
2 28 65
8 64 43
50 65 52
17 66 62
7 67 53
5 68 14
27 69 44
26 70 79
18 71 28
63 72 58
29 73 37
10 74 22
5 75 90
70 76 9
57 77 50
15 78 84
36 79 19
11 80 69
31 81 21
12 82 11
41 83 25
47 84 6
58 85 77
26 86 2
10 87 40
65 88 15
61 89 24
8 90 39
77 91 74
