68 100
1 4 56
4 5 32
1 5 73
1 6 7
6 7 79
1 7 26
1 8 4
8 9 71
1 9 61
1 10 45
10 11 94
1 11 87
1 12 60
12 13 90
1 13 63
1 14 52
14 15 20
1 15 47
1 16 66
16 17 17
1 17 88
1 18 76
18 19 44
1 19 38
1 20 97
20 21 6
1 21 55
1 22 54
22 23 49
1 23 75
23 24 74
24 25 2
23 25 48
1 26 85
26 27 39
1 27 68
1 28 41
28 29 24
1 29 35
10 30 59
25 31 37
2 31 83
2 25 96
9 32 23
32 33 10
9 33 64
17 34 18
34 35 33
17 35 29
1 36 86
36 37 70
1 37 16
36 38 69
38 39 28
36 39 27
1 40 1
40 41 98
1 41 93
1 42 40
42 43 13
1 43 9
1 44 92
44 45 15
1 45 46
1 46 91
46 47 19
1 47 99
9 48 36
48 49 53
9 49 51
1 50 8
50 51 77
1 51 3
1 52 31
52 53 30
1 53 22
1 54 72
54 55 84
1 55 5
1 56 95
56 57 82
1 57 81
16 58 42
58 59 78
16 59 34
40 60 50
60 61 12
40 61 21
1 62 100
62 63 14
1 63 65
1 64 62
64 65 58
1 65 11
1 66 80
66 67 43
1 67 25
42 68 57
3 68 67
3 42 89
