72 100
1 4 74
4 5 100
1 5 6
1 6 37
6 7 22
1 7 3
5 8 28
8 9 9
5 9 8
7 10 40
10 11 53
7 11 48
7 12 90
12 13 54
7 13 42
4 14 73
14 15 44
4 15 35
11 16 89
16 17 83
11 17 84
8 18 5
18 19 36
8 19 50
9 20 52
20 21 68
9 21 34
20 22 7
22 23 98
20 23 97
21 24 87
24 25 79
21 25 69
12 26 27
26 27 18
12 27 23
17 28 4
28 29 85
17 29 55
5 30 10
30 31 46
5 31 15
22 32 81
32 33 17
22 33 65
28 34 41
34 35 67
28 35 12
27 36 92
36 37 24
27 37 59
23 38 25
38 39 11
23 39 14
39 40 39
3 40 86
3 39 94
18 41 63
41 42 51
18 42 66
21 43 99
43 44 78
21 44 58
14 45 88
45 46 45
14 46 60
15 47 47
47 48 26
15 48 33
14 49 77
49 50 76
50 51 75
51 52 16
52 53 1
53 54 72
54 55 71
2 55 70
2 56 62
56 57 32
57 58 82
58 59 43
59 60 80
60 61 20
61 62 21
14 62 38
5 63 56
63 64 31
5 64 64
36 65 19
65 66 13
36 66 95
61 67 49
67 68 96
61 68 57
11 69 91
69 70 93
11 70 30
14 71 29
71 72 61
14 72 2
