80 100
1 3 67
3 4 62
1 4 94
4 5 7
5 6 34
6 7 21
7 8 4
8 9 40
9 10 61
10 11 48
11 12 51
12 13 77
13 14 98
14 15 44
15 16 56
16 17 71
17 18 88
4 18 29
18 19 53
19 20 93
18 20 6
18 21 85
21 22 69
18 22 100
18 23 81
23 24 92
18 24 78
22 25 83
25 26 18
22 26 66
20 27 74
27 28 96
28 29 89
29 30 5
30 31 99
31 32 68
32 33 57
33 34 91
34 35 75
35 36 8
36 37 50
37 38 45
38 39 70
2 39 14
2 40 42
40 41 55
41 42 65
42 43 10
43 44 86
44 45 41
45 46 11
46 47 87
47 48 19
48 49 82
49 50 46
50 51 15
51 52 37
20 52 73
42 53 72
53 54 63
42 54 9
44 55 2
55 56 60
44 56 80
46 57 47
57 58 30
46 58 1
44 59 36
59 60 23
44 60 43
58 61 16
61 62 59
58 62 58
57 63 31
63 64 39
57 64 97
46 65 12
65 66 27
46 66 95
47 67 64
67 68 25
47 68 54
57 69 28
69 70 90
57 70 22
64 71 49
71 72 52
64 72 17
64 73 33
73 74 84
64 74 38
54 75 26
75 76 20
54 76 3
61 77 79
77 78 32
61 78 76
70 79 13
79 80 35
70 80 24
