75 100
1 4 93
4 5 51
1 5 18
5 6 45
1 7 7
1 8 19
8 9 5
1 9 98
5 10 47
10 11 62
5 11 95
1 12 86
12 13 39
1 13 58
1 14 22
14 15 54
1 15 99
6 16 3
16 17 6
6 17 76
6 18 41
18 19 15
6 19 49
1 20 46
20 21 74
1 22 56
1 23 50
1 24 94
24 25 88
1 25 83
1 26 60
6 27 65
27 28 40
6 28 55
1 29 38
29 30 81
1 30 63
1 31 35
1 32 13
32 33 33
1 33 21
1 34 48
34 35 96
1 35 75
3 16 4
21 36 24
36 37 9
21 37 42
1 38 23
38 39 27
1 39 2
1 40 90
40 41 70
1 41 16
1 42 34
1 43 26
1 44 78
1 45 14
45 46 84
1 46 31
1 47 69
1 48 10
33 49 37
1 50 73
50 51 32
1 51 79
11 52 92
5 53 85
53 54 61
5 54 53
46 55 91
55 56 89
46 56 64
2 36 25
55 57 44
57 58 20
55 58 82
20 59 57
1 60 66
60 61 87
1 61 36
1 62 77
1 63 30
63 64 59
1 64 68
55 65 12
65 66 80
55 66 29
1 67 72
1 68 52
47 69 71
69 70 67
47 70 1
1 71 28
71 72 11
1 72 43
1 73 100
1 74 8
74 75 17
1 75 97
