60 60
2 49 19
2 39 12
29 10 55
32 16 36
18 14 37
2 27 49
2 12 30
26 42 57
2 5 54
8 23 40
2 4 17
7 57 2
21 22 26
17 18 53
2 50 56
11 28 33
28 26 11
43 8 43
56 3 1
22 55 25
57 17 45
42 38 23
2 25 22
16 2 50
37 45 20
10 52 13
55 43 28
23 48 27
1 7 32
3 20 7
52 9 39
2 31 29
2 44 16
2 59 58
51 37 41
2 58 4
2 46 5
2 30 48
40 21 31
9 40 10
1 24 35
45 13 60
36 29 18
13 36 52
2 54 21
14 6 59
2 41 51
6 19 38
15 56 6
2 47 24
20 33 47
53 2 44
2 34 14
19 15 9
48 53 3
38 32 15
2 35 8
33 11 34
2 60 46
24 51 42
