98 98
25 94 70
15 73 72
67 82 30
77 32 25
87 1 75
63 69 80
85 91 47
77 12 55
70 48 77
13 20 34
86 84 67
14 18 49
32 81 58
47 5 37
21 17 95
22 35 45
53 76 41
43 56 71
2 52 85
58 25 32
93 9 89
68 16 96
10 91 50
27 85 91
59 19 4
28 75 29
33 43 35
30 39 51
17 55 26
94 79 3
55 57 90
78 8 20
89 46 44
29 42 10
46 51 27
62 18 98
23 36 14
71 42 87
74 40 84
56 34 68
63 37 17
45 62 78
98 54 48
10 33 33
6 84 16
52 5 52
49 80 7
9 7 43
60 95 12
89 80 23
57 92 28
36 26 46
69 88 88
6 74 94
73 59 8
66 92 81
44 96 83
19 93 13
86 47 64
50 58 74
90 13 97
24 53 73
31 65 86
11 23 59
83 3 66
83 1 65
11 35 11
72 90 40
38 4 92
67 78 1
72 51 18
12 96 2
37 38 62
8 44 60
70 1 5
14 79 79
45 87 9
48 64 42
60 82 76
41 76 6
16 39 56
97 54 93
15 50 57
61 65 39
3 26 19
40 4 63
20 88 38
41 71 53
81 98 21
75 30 31
49 21 24
31 24 69
7 68 82
22 61 54
28 27 15
66 97 22
29 34 61
95 64 36
