2000 1000
1017 201
42 1128
1441 990
1842 996
1831 239
1644 779
692 278
1784 1563
404 1362
1163 179
932 1044
945 766
175 1387
10 377
554 1836
1694 514
914 1045
430 1987
1770 593
640 1929
906 731
733 1777
237 388
110 367
511 1788
589 1693
104 238
1310 1228
1892 800
1916 1071
1065 1480
1516 1340
1901 924
909 1776
360 1488
1514 1846
1451 1974
450 1520
301 1203
2000 826
1737 1491
1242 1321
1308 1827
509 1210
922 1520
22 645
416 1222
374 760
1786 1456
550 1732
860 1443
543 1821
846 1523
1718 484
1056 1676
513 408
840 1719
1860 957
983 390
1402 609
1899 1377
1066 1862
381 731
1720 777
20 739
1360 1852
855 338
650 300
881 711
820 483
306 509
871 927
1828 1244
1978 210
1513 1682
304 1056
1500 590
1549 1438
1657 573
1702 485
470 1723
1361 959
261 410
1464 1435
1048 1288
307 153
1923 1649
1707 350
491 626
663 636
264 1614
483 419
1475 283
1065 316
1527 1262
1485 625
1017 305
413 1245
302 471
1801 418
1806 609
993 844
610 156
1185 1680
1327 1040
1973 1827
1058 1897
1437 1903
1653 1432
1646 1374
1740 1287
1574 1720
18 867
149 948
1839 1894
1142 788
1165 625
1894 54
774 979
1697 32
200 1459
1269 1712
154 1736
676 1501
992 806
295 818
828 1375
369 1394
1424 409
1105 1991
539 1770
891 93
283 1298
1659 1175
382 1226
724 1133
1202 1385
1341 674
1247 1131
1591 1736
497 745
599 1946
605 333
1736 741
1401 1307
406 1732
1166 564
1455 1477
621 1507
1791 1474
939 151
1503 93
1580 1329
88 625
1239 159
964 1429
1668 1912
1391 431
1430 1324
397 1600
332 264
1429 1135
1725 545
1251 1508
1871 1423
1756 1675
1434 844
277 1698
1015 316
1166 1871
435 719
669 392
234 489
530 166
1892 350
1448 1792
651 608
480 1510
11 1444
1242 813
268 1702
584 1238
467 1938
978 702
762 1417
444 272
356 108
321 630
1819 114
805 1597
807 97
691 1627
79 612
1036 1844
1481 665
50 404
1708 1548
1160 378
1997 1512
1369 1409
1347 1866
1124 649
1414 1332
297 637
1152 1461
892 1042
953 1371
735 439
598 758
398 1614
1373 65
982 1446
887 1245
3 931
10 755
1836 1455
1732 1250
1672 312
433 1237
637 24
720 105
1263 1070
617 298
468 1596
1524 1965
14 1260
702 115
1058 65
1739 855
112 809
359 445
990 999
195 1332
335 1108
764 351
919 1174
1621 11
1250 1386
120 626
799 1939
970 1655
33 656
1536 763
1169 641
1807 949
192 583
253 290
697 1767
101 967
231 186
1686 1672
821 1969
1580 1993
1098 1790
1908 583
832 665
929 1336
838 1876
1760 1097
1386 1277
142 1974
1999 36
1731 1988
66 439
1636 881
346 1238
1470 1392
1802 1810
1432 108
1359 1442
920 1329
771 1530
1844 1949
1584 876
98 873
1117 1389
1919 1069
1077 755
854 149
1154 1571
1031 1006
1075 210
1955 1128
5 801
1521 1560
1714 1625
838 1077
1280 1750
1985 1596
1819 983
1146 500
511 1486
1176 1405
231 1912
269 375
172 1954
779 1103
1918 985
396 238
90 1805
545 1065
1094 1652
1276 838
704 1265
1925 1591
805 1247
1662 907
1018 211
1691 1532
617 480
302 47
1914 1979
1009 1907
197 1954
994 1737
1904 812
128 546
334 135
53 738
1136 900
901 92
630 1046
1322 162
1242 108
933 452
1859 1513
1853 457
464 1368
298 588
1228 486
609 383
1625 1192
128 1462
1057 595
934 1988
71 723
312 893
1880 1869
860 643
794 1079
1543 215
1852 761
1361 1861
1223 1922
961 1584
1954 1154
1633 257
1688 13
918 210
1694 970
1628 1309
1718 228
1949 1423
1674 1034
1080 964
810 1649
1840 555
1820 1617
769 879
738 1990
425 434
1988 1674
1293 1340
1922 981
1211 1208
823 310
1839 1095
1464 1822
634 1358
892 1989
1452 1507
1909 1704
1233 899
1633 1394
1898 1729
1884 859
1151 877
850 525
49 1960
392 694
212 1311
1937 321
1616 625
358 981
1826 1810
1147 431
1573 560
754 1352
1174 426
421 1121
1251 1542
900 597
1438 984
1896 290
1350 1442
102 216
1666 668
461 513
1623 1663
978 844
1993 230
649 944
1856 664
130 280
615 1243
1332 746
926 315
729 871
1224 795
1713 1249
1662 671
36 104
1748 857
685 932
1385 727
1581 1472
1022 1219
1962 700
1087 114
356 12
525 375
1923 1682
1638 1506
341 49
1301 409
28 1355
1286 1534
1201 901
1200 1323
1977 540
1299 864
572 255
668 1514
1937 126
1353 903
1313 1346
1995 1583
1443 1723
627 1279
769 826
1180 63
1450 1808
652 586
1175 1610
858 804
1433 315
779 1178
815 901
1646 1906
513 193
1966 32
1122 1844
141 1726
186 1208
112 1741
871 675
545 1395
203 270
1067 1875
1866 1481
1626 1820
1471 57
854 1534
1341 504
1112 493
1992 571
1703 29
1583 582
1254 1165
194 1851
636 1920
1949 77
1452 663
1104 643
1238 1244
1516 1476
1158 1092
1250 1422
1342 1806
79 1006
755 1105
14 1203
1272 885
1803 1422
1279 1976
1255 123
1196 1608
1348 902
1058 1748
1425 192
663 1694
873 667
1687 1750
515 707
1648 643
1678 429
1019 643
750 1947
1165 1426
1279 511
1350 24
1693 818
487 1814
1247 1502
1592 1921
1635 477
20 1458
687 1045
1161 899
1471 970
16 868
723 311
1998 1819
1092 976
134 1709
495 1975
372 586
1971 182
1398 1306
1014 751
1973 1243
1110 1688
1304 1734
1411 585
1855 236
681 1634
152 422
1027 1353
615 206
701 344
1796 724
1758 842
725 1610
1586 1610
168 532
1323 537
1196 1542
481 1880
1148 1356
568 1364
343 615
437 171
762 983
1181 1275
1564 867
1352 359
465 8
1643 671
1592 810
574 777
1096 1260
294 1612
1557 722
33 158
308 97
84 1701
293 1499
304 580
1504 794
495 1616
32 908
1322 1848
1294 1405
318 29
1208 1911
918 1496
906 1575
82 1139
1471 1764
1881 129
283 582
420 533
552 1295
499 513
1020 1120
389 469
1308 1735
1967 912
1496 500
1887 1978
523 1152
1109 378
744 1028
1441 65
1949 518
1502 158
1921 387
732 81
850 183
953 693
1680 1486
196 655
455 1458
960 1149
300 186
1625 491
1921 1669
185 710
1626 1358
1104 1606
180 742
1214 1919
53 576
1552 4
1432 1202
660 1011
1486 509
606 1907
1278 1355
1973 1504
557 718
1201 221
874 710
1618 1445
951 1228
1633 149
62 439
1197 1996
521 1949
729 518
796 1961
1234 520
1604 1718
890 195
1791 884
1930 750
1295 761
1079 1898
1425 1816
460 280
289 1415
45 376
877 131
501 899
335 91
472 689
1012 64
673 31
347 661
1065 294
235 1817
203 1191
1439 639
1386 1968
106 879
1013 315
983 535
75 1367
311 803
640 443
982 896
1926 1764
1006 1536
1140 252
886 381
238 1843
1324 137
710 1226
778 1634
1901 514
1947 18
1241 31
1022 653
1123 951
996 67
596 1399
1870 1197
97 975
369 12
500 45
80 300
280 1013
236 579
85 1804
1798 1395
13 88
630 130
991 1971
1289 176
1092 990
1656 1041
1936 262
671 476
77 1674
1920 801
1331 1329
1659 903
1847 1820
925 1516
1079 1060
873 1265
1060 1699
1383 855
1610 913
1102 423
1942 675
1615 164
1017 1305
1235 1001
659 351
551 580
255 1967
1997 1401
106 1928
127 1241
157 224
1594 697
898 234
480 1752
475 687
1421 1944
1423 1801
1237 829
105 660
1909 1382
402 89
788 1108
1891 1099
496 301
80 209
628 12
529 1073
944 1281
905 603
465 1611
618 1
914 28
1234 618
684 1749
110 415
1556 903
1527 1980
1161 407
34 6
648 633
1001 1047
767 397
748 395
1469 102
1537 1397
1781 1722
1073 790
133 1491
1667 473
585 490
1415 249
1050 869
1637 886
1009 1392
960 766
512 961
1507 1576
1056 89
1000 924
1674 17
1938 1471
1329 1403
1403 390
1417 1956
1373 1583
623 1719
1041 1798
1305 813
184 1679
1556 95
195 999
881 1673
34 275
952 1036
1806 99
1883 319
1963 361
1513 1120
462 980
1694 1455
810 65
1096 968
148 1934
87 220
143 1544
1374 1520
166 1272
1072 261
449 1456
1431 414
761 386
396 1294
16 1610
1463 52
925 1584
1274 903
1382 402
1934 926
775 1915
230 1557
172 374
1210 455
1477 78
964 346
675 1225
1517 898
486 942
1819 280
530 461
628 1190
90 1272
480 1925
603 1400
823 1999
1909 1112
248 1053
1300 175
1000 361
991 1943
1534 1435
758 891
810 1921
1137 634
1536 286
1577 822
527 979
1852 408
1034 1233
1852 1591
1133 1789
245 1314
372 88
1008 1064
761 1933
1948 115
559 1849
1726 1634
147 880
1466 1774
636 1652
1663 1657
1165 96
251 55
204 456
803 1842
1075 916
292 1613
1486 1805
1312 89
530 735
1616 925
1576 246
989 1402
1694 1752
899 1621
1957 1600
672 1675
457 1320
1650 1326
699 1015
271 606
1262 991
464 1009
1104 1890
1980 944
1428 44
1136 1338
1860 1182
791 91
1865 711
1722 656
889 984
1905 6
431 573
1597 1384
106 1566
823 1607
638 1125
1783 1656
843 626
469 369
1074 1269
357 886
1348 1426
494 1815
609 1920
1568 399
153 7
41 1091
1080 1546
627 755
1322 1295
858 1472
426 1159
1615 1278
1286 976
1998 1938
766 1995
1194 1229
1083 1218
1568 1554
1455 485
639 588
1716 642
660 1934
1007 1700
558 1483
1967 262
1560 180
1473 376
1546 1999
1325 1100
435 872
476 1446
230 1701
1353 1021
1111 511
1917 1049
398 533
1955 1075
1452 483
1240 1605
1036 983
16 673
1882 1167
66 573
258 1495
100 1001
698 1842
654 1076
506 119
81 549
1893 715
1860 1767
1083 1551
901 1612
1504 1715
1357 1277
1747 1008
8 797
1713 559
1771 1705
1053 1778
605 610
420 1534
970 117
178 694
1785 1122
601 1495
1606 896
1379 1133
1806 1762
1396 766
1831 316
1821 67
198 215
1918 1647
1607 1702
671 168
1081 410
1018 822
1952 1475
44 897
833 1048
1372 991
754 1509
581 620
754 1856
1777 1476
1546 1729
947 1205
1800 1710
100 1044
1012 416
1030 1548
883 393
1055 639
1202 1501
1233 442
662 1776
987 1472
1187 440
537 931
559 1368
1176 1123
778 329
1887 581
834 893
1966 1874
1325 774
580 573
257 185
645 306
1157 224
1958 1178
1091 112
41 391
1146 1614
570 347
1902 1488
1945 864
169 163
131 1323
1732 1576
749 1801
