2000 1500
1331 136
446 22
1934 1809
1732 1125
215 575
1956 1060
411 455
1920 6
363 1252
434 1069
1753 1523
1395 839
1296 1096
967 318
1278 1659
367 470
1837 1730
743 1940
21 342
325 783
223 1135
69 999
1282 264
180 995
1119 111
1849 1225
306 6
1114 1012
1919 475
504 882
1365 267
698 1470
181 1242
1591 774
53 467
1322 1369
237 954
1847 1219
1828 1882
1032 1042
1168 15
1158 1661
660 576
828 1441
1979 897
47 1753
1360 436
186 1426
275 1084
582 53
52 674
939 1286
1990 1836
140 870
1423 117
1640 339
961 1900
1684 528
615 1383
622 836
483 1266
1429 829
432 1529
1972 1938
1708 1010
309 1351
1264 1771
653 944
1502 1583
1607 1707
658 345
1126 1562
1363 852
1984 1600
595 525
1916 54
190 464
883 1983
338 769
1991 1599
1836 640
1802 124
1534 1900
172 1390
496 1586
1744 93
581 1200
1679 154
237 292
207 303
1230 723
1382 1981
1029 1597
179 1637
907 822
1290 1386
960 667
59 355
642 306
331 819
982 189
469 764
1255 1182
303 895
8 801
179 52
1394 419
46 1865
489 1162
467 775
26 1277
1438 1427
1138 1109
429 691
845 1255
949 1288
1955 1026
119 1305
808 1989
1251 1300
779 2
122 308
753 1219
1487 1695
563 1317
873 1558
1813 1560
718 1372
470 1334
1548 1493
966 1781
535 484
377 277
792 541
529 76
1704 1199
896 1795
1290 1516
424 78
1731 1978
496 1083
1564 520
642 85
781 1200
1630 78
735 1743
1529 58
1295 1356
867 1872
670 500
806 167
1396 628
1952 1117
1062 1886
1308 370
525 918
1344 99
24 917
816 1820
62 1553
232 77
1063 1006
1009 646
1342 285
270 1676
1391 618
563 392
1550 1720
1034 1328
1856 1944
1850 1068
131 462
732 921
258 1621
1146 723
389 1769
997 324
1325 712
1667 425
472 1474
1344 158
233 1259
1235 1176
39 139
1235 450
1376 361
977 460
1673 1620
481 1411
1356 1797
1560 503
1079 356
1525 1757
109 1326
208 233
1623 48
251 1771
271 586
1307 1346
910 1532
1454 1058
1567 187
175 1608
338 1547
300 578
584 1256
912 845
1004 191
240 1727
152 66
1032 172
780 771
283 1429
450 1141
737 557
1098 1321
480 182
749 44
858 512
1189 1932
265 1939
1991 1390
1078 1179
219 1488
1425 1916
607 1297
1292 1705
153 936
1613 1940
1496 733
80 1676
1081 637
1145 112
1254 1799
1171 1831
790 438
901 1651
271 316
992 1162
505 107
52 165
6 62
1302 1860
550 793
1312 953
547 1489
1953 1844
443 110
459 1436
1181 683
1497 1271
193 625
1580 1255
1653 897
1666 310
1117 481
1885 1633
327 1857
280 782
1657 1413
895 1081
810 1732
1033 1709
613 150
597 969
376 87
69 1003
1696 858
1738 658
1303 1109
1491 736
808 468
643 1104
538 853
1285 1328
730 758
1062 870
1107 1261
1907 1093
29 1853
625 607
1557 1251
573 418
1413 1579
1211 1059
1113 1151
985 101
280 1056
575 102
738 760
99 12
841 224
489 1553
1524 1719
247 1319
1726 158
1675 1144
679 806
1745 467
272 1278
972 474
391 40
1330 1820
445 1452
35 1553
665 1410
1070 318
541 1341
211 286
957 1111
338 383
789 390
1341 575
1705 1502
1683 1321
1131 1767
1989 60
269 953
372 388
652 1725
233 630
923 1372
22 1402
720 1006
708 1937
1702 632
424 1211
800 276
1464 1636
873 836
1001 97
312 1691
893 1313
1167 980
344 1393
1276 300
1232 1081
966 631
1236 1292
1765 321
1527 1121
264 602
635 1835
1718 493
1475 754
586 595
83 914
936 433
1724 1425
1802 505
1104 1408
1791 1684
665 1884
906 113
35 761
1056 1295
1103 1135
198 774
875 1814
837 848
279 1905
282 1647
727 322
139 1327
1267 50
701 1693
174 1411
644 82
974 1160
206 364
1486 969
1259 1759
377 351
282 974
429 619
973 1990
373 1858
999 1065
947 569
64 725
1931 535
1314 448
984 1863
1757 887
1066 868
439 1039
519 1382
1120 747
405 1462
378 1605
438 1644
1631 1122
1221 1763
121 18
1083 1707
1165 994
677 198
1610 152
36 1481
1545 412
615 1375
1585 1626
565 820
766 1320
644 1686
547 1756
1209 729
213 656
1725 173
983 653
1373 477
1094 733
1750 717
884 611
1721 1084
602 1920
1642 1217
1384 1529
632 437
1707 1411
715 1430
752 1347
1671 523
1151 1755
920 413
1259 1082
1295 1400
1134 817
167 191
1881 1264
241 1527
1502 1156
128 155
1033 346
557 581
201 1090
1384 290
1356 794
776 1922
433 1414
185 281
57 453
1930 1567
620 1087
1945 1007
203 1457
1567 842
114 1973
506 228
1500 126
453 1696
597 1027
1219 886
1900 1853
2000 1548
826 1885
338 1278
1002 1977
707 1935
742 425
1266 119
1971 1343
814 455
89 331
369 555
738 422
307 1309
574 244
1123 1779
1114 496
1452 1299
91 581
1608 746
1038 1935
662 332
258 635
387 1923
1738 1114
1951 1336
499 1672
1424 758
447 1428
856 342
1166 207
590 1692
188 318
23 1453
241 1700
76 6
581 817
916 1955
1313 1772
618 1407
22 233
1024 1774
1639 1484
685 267
577 1443
1449 247
1480 1333
1917 460
782 155
1337 1409
1942 679
1768 435
1307 1891
262 1676
1428 422
524 1234
1980 234
1319 919
917 111
1252 1138
818 497
1511 1062
8 29
1133 1015
1823 603
1593 771
1250 161
1179 1747
1950 960
1069 232
1906 460
136 367
71 1605
1560 1116
727 522
1466 631
730 997
102 631
849 1050
610 971
1063 607
1507 1245
260 1505
1103 896
1554 1578
1845 850
631 896
761 891
1040 1304
1352 1460
1323 1026
1221 852
614 1701
1943 967
1916 51
131 366
1765 844
1530 684
137 282
189 1296
1127 1962
1077 377
48 995
1438 1477
629 810
855 260
1295 1926
68 1523
393 192
1169 1272
1015 1690
1637 1403
1650 1745
1809 1985
519 1233
711 1693
1111 1462
978 299
1526 805
1903 357
569 188
747 1392
1167 523
1628 261
1488 765
775 554
576 1235
528 74
972 1384
709 25
990 179
1569 1672
1942 924
1214 1981
1806 751
350 1153
1376 1781
561 849
106 785
1723 186
357 1803
431 716
1326 1314
559 554
699 1940
1482 1499
1042 1818
289 1642
289 1270
851 1863
1977 1896
553 1400
365 50
1157 1355
1898 1509
165 1717
92 933
1507 894
1929 1356
487 924
684 277
397 1513
525 671
1336 817
1347 1351
1577 1987
309 1954
1366 800
1565 1402
1855 621
1980 1309
1534 1974
1859 1539
756 1103
566 1267
1980 550
728 806
1145 1718
1544 703
1390 1773
1883 1863
1734 533
1789 1436
1292 1701
632 1280
594 602
156 291
1973 1338
124 1646
458 1365
1986 355
1669 1509
1141 1331
1074 970
1775 945
41 1365
1895 1552
1978 1577
243 123
1923 868
982 1746
1635 1607
1385 1321
181 1681
1888 214
726 941
351 833
751 1873
1896 809
337 46
1239 503
1407 578
291 892
1040 750
818 510
780 1782
1570 713
968 593
354 106
1910 1856
475 1004
529 626
525 863
952 1102
502 54
1274 1270
550 785
420 1230
123 1547
1343 282
1649 1958
576 1340
1706 651
44 1740
765 399
1620 1617
67 1074
1753 1811
450 720
1042 992
273 908
1318 1211
1641 890
1038 238
1926 1193
1990 1871
56 620
1001 1800
734 1440
115 663
1049 366
893 1876
1520 428
1272 874
321 1691
1497 260
916 1618
44 554
743 797
1675 1133
1975 1147
695 713
1771 766
1910 416
575 452
760 747
1910 1704
394 1981
1212 1034
420 1030
1314 1304
912 45
1211 1387
275 201
217 476
1722 692
427 575
1009 1197
1192 607
119 1685
1710 900
1979 1630
98 1651
1835 1963
1634 1256
908 647
1895 894
1147 899
585 838
223 1558
76 1544
101 1005
260 235
473 532
794 1704
740 891
1202 836
1421 470
302 1447
378 1937
504 1626
1421 833
987 1651
532 1353
337 566
1908 1760
1667 1128
1464 1460
1101 249
1570 1005
1532 1718
1000 207
1732 1970
1463 1907
1048 652
1827 1311
436 450
161 242
976 669
774 1982
1090 1518
697 389
331 1077
381 612
1247 1757
628 1179
1942 452
396 1126
1590 1045
1715 457
324 697
585 465
460 1361
1454 159
872 360
892 634
79 840
1082 247
136 1421
1123 452
82 1662
1112 1702
1996 801
1083 36
1960 1676
907 1263
674 731
856 337
1491 212
355 349
1851 675
1707 543
228 1168
1273 472
1117 1539
587 1615
1158 1230
72 725
1616 684
584 841
1492 847
334 1689
1686 1222
1787 1396
89 580
1091 561
1882 587
1452 1349
1392 208
1030 592
136 998
311 1307
1565 891
233 492
1598 391
1795 1294
229 116
1739 139
748 704
1654 741
1035 1305
1634 1680
1631 1915
477 1277
963 74
968 813
1734 779
1572 952
1518 368
1840 690
513 469
1680 688
589 483
921 1392
611 175
1990 317
569 644
1124 7
119 1177
840 753
693 1984
858 1838
508 1052
1072 515
1147 1208
1399 1009
154 66
1489 1839
1465 1777
1389 1350
7 1301
1765 1148
398 930
1722 71
1342 1359
1221 1698
1258 269
1519 481
1867 1269
1213 257
499 1795
1169 796
525 897
650 22
1002 1523
911 1776
468 110
294 811
1197 1657
1470 1682
793 219
1895 776
1340 1023
401 662
138 1272
1113 1190
1005 394
572 566
1580 736
1878 1280
1969 1931
523 1349
53 898
931 984
920 415
477 914
727 1267
73 492
1396 1372
1587 1328
1450 384
1412 359
438 808
978 1357
546 938
594 1824
1178 831
1564 767
305 1360
2000 1070
738 600
1143 191
860 795
51 44
857 861
50 304
1569 1691
1048 1029
1573 598
391 1054
234 758
867 935
287 1767
273 1326
1595 500
1201 293
445 1168
1769 1918
338 613
642 917
743 1100
1354 1733
953 1483
1242 625
1854 1604
1650 890
1771 1357
1576 998
141 156
858 1346
1839 312
1910 717
1226 730
544 632
1330 1784
803 72
1386 46
1537 302
564 1208
921 1089
1992 499
559 1867
817 862
199 1651
1259 453
566 1658
1919 1150
1637 1078
495 1159
1689 854
1035 850
2 1325
1274 1314
171 95
360 1449
136 675
26 854
1349 366
1653 776
1087 245
274 72
419 1545
1373 1280
632 1154
1513 737
1632 1811
1664 204
99 1007
1399 675
1731 1352
712 568
1377 145
1975 833
373 449
962 588
964 336
1041 1803
853 1589
1295 1878
556 899
326 1102
1507 194
741 1422
1455 1121
1304 1163
1209 767
1485 1415
1381 1367
697 1625
1858 1838
798 436
975 1175
706 525
239 1137
823 1672
330 288
325 442
1290 1459
193 1705
959 1007
480 1200
1060 811
1501 828
1862 485
1397 786
1414 811
357 1970
540 1636
1720 805
1776 357
908 389
795 513
1644 1495
1318 602
49 409
1049 1253
1194 1302
422 1807
520 1283
486 866
760 397
57 124
528 1352
1040 1924
1412 373
1099 1982
713 1106
456 1680
473 1013
1885 1323
1253 855
452 1250
1463 1159
1610 1918
1456 75
1892 43
287 966
1532 1325
1816 441
230 1193
1348 1126
1295 28
61 750
379 1781
394 1016
755 549
1108 438
1646 1105
536 1445
1007 1400
452 646
1122 7
1093 1717
112 1931
668 1949
1067 91
1281 1973
1665 1846
160 1288
1738 1645
1617 1128
1254 78
416 1521
1175 983
849 334
1836 170
1896 1220
141 925
65 242
1489 1152
1539 1272
911 1984
65 637
524 969
1983 1141
1453 789
1426 759
759 710
721 91
1299 1888
121 1399
19 1055
566 1879
1679 107
1372 57
1487 1751
1315 1298
1851 720
1080 1007
1550 1714
864 961
1628 1862
917 1248
1126 962
1212 1228
943 514
141 1573
1275 1524
1896 278
1730 1038
1430 1195
106 1430
1479 1133
1904 1590
1032 254
743 531
1593 1472
331 1809
719 57
482 1390
640 1298
166 1195
1959 1626
53 1019
421 270
586 1375
1935 1195
1915 59
1461 129
278 1051
336 37
914 40
729 10
133 1499
521 955
783 1758
1338 508
1163 1528
403 1679
1981 14
67 347
1003 935
270 443
312 105
104 1951
1585 814
1358 1614
15 1493
1690 1258
119 818
1495 1200
1871 635
1287 582
757 1446
1904 462
826 22
1964 74
1979 1909
1835 1850
1204 866
1536 782
747 6
1101 817
947 1208
521 71
761 1915
877 281
1574 822
954 1233
553 815
112 1362
72 173
297 598
108 1020
1319 1544
1390 1651
1728 1258
1972 1339
642 484
556 1273
1143 60
1117 346
558 607
925 350
1326 1643
602 3
1001 184
1074 1025
863 832
953 945
1101 1642
1147 65
1904 1953
1729 855
412 366
200 1173
918 951
1554 1903
1715 485
612 91
476 325
520 1802
306 820
496 1515
252 350
1460 668
1398 229
823 634
1473 1007
383 1387
1451 1040
1603 1983
1259 1206
1255 762
1919 93
1694 296
1728 13
1769 1968
464 959
108 1827
1994 748
376 1908
1574 537
862 461
697 1498
1889 1713
1609 126
1655 184
850 1406
1810 1561
1053 1305
1046 293
639 201
127 1982
941 831
1811 146
1025 1249
1805 46
1738 1916
918 1757
1989 96
325 59
150 327
401 1466
1661 1970
1958 349
1579 969
208 1767
1679 1637
799 1512
1261 250
1594 1255
1788 1709
656 1607
1671 1281
1144 1328
882 1561
1109 1807
1822 1445
1127 870
825 1178
962 1288
1946 1255
445 1171
992 1517
1492 1840
47 849
1353 102
187 1232
1352 1678
1690 1733
693 1606
1878 1291
1256 1694
1385 1436
621 48
448 1349
348 216
953 1818
1621 784
1899 1864
1906 1963
1082 1145
1184 935
744 803
1657 462
1989 165
1098 1946
1342 1650
412 1279
236 777
1723 1813
1758 67
305 722
133 798
616 1503
292 446
1050 2
127 744
1264 1804
397 1149
281 202
1519 1724
796 1838
1410 496
1121 1909
1379 1438
1994 1494
1942 415
719 1142
1083 889
833 274
577 1787
1516 702
436 1235
1749 482
646 1761
249 817
97 1969
768 1414
1498 880
1841 140
1036 853
1584 813
1063 1592
1671 1055
1274 1965
599 1493
1149 1107
585 1617
641 443
474 1366
774 632
543 1175
1742 197
601 1903
161 193
838 224
1705 713
1923 1528
850 1172
1102 1345
265 1927
723 261
75 821
932 479
144 72
1446 1919
1779 683
861 1809
310 1939
190 1204
807 454
983 414
1720 1060
1378 1696
1187 1632
1482 1954
1947 1171
1528 1890
1787 1006
376 1728
820 1084
1627 1572
704 545
1898 1119
165 1004
1317 223
129 352
1727 631
628 714
45 377
1250 121
414 958
1127 361
1434 1204
676 1225
1915 116
1962 273
815 800
219 1964
1800 975
883 72
1602 1345
80 1551
1988 1576
764 745
1053 1353
238 1065
1160 1575
1499 88
828 1734
165 1654
262 1520
1605 968
1136 678
338 1050
1024 1593
364 980
959 1711
1480 1309
1501 1563
1644 1573
615 1422
909 1068
1687 1890
239 1250
386 1428
439 568
709 1304
514 1246
1079 970
68 1974
1960 1748
625 986
1277 255
971 624
1445 655
1728 390
1494 449
717 325
1775 455
385 229
1318 1425
1958 1876
1461 1965
596 393
295 787
1361 1643
1752 21
845 1553
1695 1547
1912 1108
1876 778
1737 366
656 1710
1062 676
851 157
1605 1952
877 723
666 1523
1391 1522
478 1108
22 1464
367 1972
1221 1376
1663 1503
15 1267
278 1942
1060 1718
64 397
366 1511
379 112
1229 1327
81 1666
1162 1584
1924 1052
863 656
1773 69
347 1916
1833 372
1028 104
1345 909
1115 452
1907 451
517 10
1650 1751
726 1242
73 1145
101 273
55 1692
227 663
1519 247
866 1006
1461 94
1142 1917
586 1572
883 1244
1365 1742
1282 574
763 1028
539 1080
1680 778
491 1151
1259 214
1963 1488
1064 838
790 1171
611 1991
1115 1810
535 951
59 821
1311 1476
1724 476
328 1118
772 1969
652 1614
