2000 2000
1702 1673
1048 173
825 162
1221 1140
1369 384
1918 284
1526 555
1575 48
1659 1234
412 520
1085 1535
1227 1585
49 1166
1176 1679
1540 615
1494 1632
1638 906
1592 1251
1871 1213
971 1221
39 204
307 1717
235 861
1716 188
597 169
1150 976
201 1062
1511 184
1172 1220
289 1729
80 304
831 1459
406 1912
691 1747
1164 499
991 1169
912 1396
758 848
981 1822
1413 1152
282 1086
214 76
1441 1664
1724 1276
1548 1074
1267 1432
297 1402
1901 1544
1516 1562
1164 1869
399 923
551 1126
1188 1202
1664 1882
1488 807
1946 1064
1739 517
1448 768
88 1188
1948 123
1706 1753
605 1814
1602 1998
589 805
1804 364
499 215
898 171
1246 1061
562 610
1100 1229
1350 872
1196 1341
69 1696
912 636
21 728
139 241
391 1608
1181 1250
310 287
1116 441
145 1601
1925 806
1209 1097
1559 717
1011 1161
316 493
1582 80
15 1026
1324 1944
858 1055
1631 720
1373 926
1988 680
479 1189
156 339
1549 296
1401 501
332 1236
115 1841
1677 317
540 1412
1221 955
204 409
1274 271
555 680
276 922
453 1417
570 1200
1049 358
380 1212
1898 70
340 1265
165 100
23 300
1875 228
381 1139
256 1972
209 1393
982 1188
1832 1460
1508 1836
229 1871
656 1260
1436 1758
1347 686
1814 1234
1784 14
1792 1942
1229 493
884 409
49 1999
199 769
491 556
1265 1256
559 1758
1060 695
897 1060
1030 862
4 1726
683 1476
1400 1306
553 1371
545 1074
1554 294
353 1832
1824 608
763 1795
863 1679
608 41
564 269
152 364
1288 1676
1249 933
345 9
496 1866
228 1590
1447 714
584 335
903 1995
523 1814
1101 1576
1761 896
1321 1793
1131 1091
711 625
1068 1637
1532 1752
103 1191
1817 1187
146 1921
470 713
1132 1250
849 328
1526 1421
1893 1830
511 645
1360 1848
864 681
1016 971
1087 70
950 662
1270 366
1372 1689
312 1882
1250 247
1770 1663
482 275
1354 251
1744 486
826 444
1816 158
1139 120
351 296
35 851
80 192
378 1740
36 1377
261 21
545 908
629 91
434 902
1520 6
1649 1035
1033 1000
1525 124
399 1146
658 373
1337 1109
1520 949
1677 1561
277 1514
774 1077
534 1097
1189 1321
470 1604
1316 324
161 956
652 433
1351 1239
1267 760
396 661
674 749
1244 1992
400 608
764 1991
702 549
1206 1195
763 407
1205 1737
566 1826
1090 1322
1201 924
809 655
163 18
1942 84
39 1187
331 832
1629 28
178 1546
1335 333
877 597
755 2
1908 1261
305 1950
887 78
1448 444
947 793
531 1223
1263 1963
1371 1954
1573 1772
1283 742
1403 1743
55 1084
259 1264
218 731
810 1345
1266 1652
1846 1992
1389 1105
1393 1924
68 1716
520 525
250 770
1385 676
1668 993
504 1457
989 467
1077 904
1472 1263
1228 1072
711 1340
957 400
1897 50
1330 590
946 61
1970 1844
540 952
1537 614
109 1785
210 1626
1878 1628
487 32
1534 747
882 738
597 1606
1927 790
885 554
1910 157
1674 964
798 503
667 410
1767 871
1985 180
568 19
1139 995
1883 307
56 428
659 1381
1373 46
1327 1479
1947 1091
1265 1814
1224 1887
1856 1881
247 1710
1209 1831
1912 480
1581 68
1997 1632
423 1177
119 1668
1546 929
982 1805
535 969
819 1686
1500 239
209 310
1143 1621
1198 1840
1776 481
241 218
300 1567
291 184
1338 1706
999 1827
1458 642
1507 1259
86 1853
1187 469
1042 1774
1612 402
91 15
715 1012
960 1600
125 224
903 70
74 65
1110 875
802 576
1178 322
1594 10
282 1398
918 1755
1573 786
1121 1245
530 1779
1699 1174
1522 1735
118 855
168 93
1973 316
233 456
1871 953
981 1754
468 560
12 41
278 1487
940 1176
925 712
389 232
44 125
297 1964
1223 1883
1797 1668
1446 1113
213 1755
354 706
987 932
619 1569
1076 1145
1385 1050
1312 740
503 17
953 901
152 1234
739 1901
1683 612
1815 1509
1454 500
752 1748
251 31
1962 128
731 703
1745 590
975 217
1588 733
1407 1163
500 872
1061 608
540 1898
191 450
1514 798
1377 1106
286 1898
1830 549
902 1002
1791 1555
140 580
1358 1263
1314 1468
375 822
405 984
1803 1950
1520 90
1415 583
1365 1444
919 337
349 892
1714 761
1495 930
1959 810
1934 663
1972 515
124 1786
307 1610
37 1804
207 710
707 1178
1327 1497
484 1227
961 970
1545 786
1065 960
480 469
106 689
1407 1127
1966 1016
883 1966
1916 1113
383 588
1102 1669
1385 56
259 1824
633 300
1084 1940
814 1477
190 1571
896 1799
1778 1910
1652 521
1018 685
649 524
784 732
312 1260
712 1586
1551 987
635 1151
1708 467
1728 319
985 1851
707 1162
1923 1235
1999 490
361 970
791 1064
968 630
830 661
1075 1754
1671 1499
403 584
1849 473
1722 1096
106 809
573 1383
1309 1900
1826 1297
4 1728
1132 250
364 803
999 1408
1564 236
578 1746
457 753
623 125
536 1346
205 1131
1961 1375
207 1865
1148 601
1288 1266
519 258
689 537
1969 283
1108 1820
462 554
1896 1954
793 1145
1424 1498
1206 1200
975 1422
1995 610
418 181
39 807
1045 282
1794 765
1579 957
386 219
314 1943
696 1137
1257 855
1851 1685
1999 469
1913 262
416 304
432 965
876 920
1556 1561
1411 1089
905 301
1542 1578
226 523
1437 1560
987 766
909 1899
41 1939
1783 1444
1367 1486
494 516
451 1274
209 773
284 185
384 135
1997 1481
624 891
1053 1858
1068 1562
740 1728
763 1161
1797 1034
885 667
1045 563
377 254
1570 321
1663 1230
156 624
1527 1883
995 1048
170 1806
228 1830
644 1767
1771 1658
1223 263
138 1285
1495 1882
1416 1922
1372 642
1278 1695
1599 1307
1943 1239
1343 54
1672 1619
555 1153
1244 1166
1588 1235
36 1826
1121 9
1538 1568
893 146
784 97
528 1060
190 911
189 1212
1969 164
726 1969
594 919
1125 365
1552 676
632 536
523 107
1868 937
834 355
900 1269
68 1553
632 111
666 52
1355 1113
1466 986
1569 1357
1364 859
506 494
1598 1070
380 155
1779 74
71 1305
1172 626
1196 556
1338 645
1760 533
188 562
560 304
674 848
1462 789
1550 394
229 1773
1282 266
1676 26
1692 195
1307 1275
975 619
941 300
1083 1032
244 1755
718 295
1545 1179
176 1950
605 1168
508 1170
1815 1462
735 1448
333 399
1895 984
1251 892
1085 9
1496 1798
1901 171
1955 627
1387 1813
826 670
727 1362
1623 698
980 1217
1086 1454
917 1595
17 1600
955 1001
36 1757
372 826
1199 337
1228 471
285 546
1752 1794
1174 1565
1790 1179
76 753
221 1731
987 587
610 140
317 523
1029 1218
743 133
826 333
25 23
1994 1999
342 1925
832 684
706 1651
1056 834
904 1206
395 853
579 1279
1950 1216
221 1032
659 1610
1950 1037
1631 1863
1437 1364
684 473
1397 15
1472 406
1131 1862
842 775
1604 1432
1107 1062
1999 1828
1162 1869
1161 1682
1902 1840
395 742
1178 843
1553 433
863 854
496 1683
418 1869
603 684
279 72
635 1834
1043 140
1830 1103
1703 1516
1041 1196
1846 1659
685 1192
1110 991
1444 1140
1305 600
15 1999
527 877
1026 1023
1752 1479
1530 1296
1007 1660
1638 1732
1091 1678
93 541
1468 1833
1465 669
9 1458
1255 15
1720 902
1638 1216
328 1971
588 735
66 109
1151 682
1537 1365
1282 1238
1133 1532
1888 1044
422 349
899 188
622 815
326 1673
826 585
1802 1852
790 910
1866 736
331 1790
215 1910
611 779
29 1838
56 648
22 1609
269 252
176 1384
183 1312
1339 227
1641 883
1320 1236
168 15
935 1165
1638 322
783 966
280 1276
380 617
344 1927
1225 1987
1428 1487
1396 993
44 1031
128 154
568 400
1564 1591
86 659
1538 8
1700 1316
1478 278
379 150
1394 1303
1781 409
1434 1902
273 586
1944 240
916 607
904 651
1898 1998
387 3
1144 1438
1126 752
321 588
161 551
1120 12
1785 1648
1297 1322
304 1474
736 1087
290 1463
1389 464
1026 1451
83 465
941 296
1627 1895
491 566
273 783
798 447
1882 1001
141 1730
533 1683
1461 1662
1218 1910
1709 1701
1626 841
1657 207
1295 339
1598 669
347 1011
985 244
950 1252
1181 467
1254 82
1260 1865
690 331
1414 758
259 747
1031 829
74 1488
1154 704
1122 1666
1530 630
1365 1878
1059 421
87 921
1930 1951
721 594
1754 596
383 1121
1586 1155
1970 390
1441 1050
194 1664
669 1928
1307 149
812 799
1640 1918
448 1637
1357 1035
842 928
1567 13
743 1044
1684 1314
1944 1687
165 372
1443 1927
244 158
1892 1735
1938 971
1805 1472
232 82
12 1332
1603 220
1796 1136
307 815
542 1988
1271 958
1621 606
1265 1422
1983 921
1439 112
1538 110
985 719
1962 760
726 909
1240 1502
1022 906
125 1843
380 1055
1364 260
28 274
551 217
1718 1713
54 729
13 1859
1127 697
909 132
1586 512
989 420
59 383
1891 7
732 1439
953 1793
33 732
1217 622
955 1383
147 1483
1383 797
233 1795
519 1584
440 1607
684 1440
1841 963
678 842
823 238
1725 741
59 535
1732 1755
1252 146
56 836
534 192
1363 54
427 304
579 952
1914 127
288 1081
981 1506
1169 1942
742 536
1810 9
1701 1871
1688 1511
303 1634
252 1984
1036 1886
745 715
1483 1739
270 1053
126 1528
589 1925
1922 1092
978 1821
1468 1315
858 387
1403 1573
1645 1648
325 1227
21 211
1828 1799
282 1644
1425 1902
182 1190
1753 1469
1786 1934
1467 276
331 1028
1652 1210
1545 1730
82 651
376 494
1162 447
956 1729
1523 352
1370 751
886 1293
604 59
1171 335
1979 1558
1322 1813
1174 1686
1260 671
1782 477
136 865
1503 1224
120 61
1023 1517
1892 1840
948 776
1306 35
613 418
1094 1907
1068 1277
818 141
1581 1841
591 1838
1704 481
1310 712
674 1099
263 220
118 830
1144 751
1333 1227
1262 870
1946 1971
628 1408
334 110
1914 1782
1217 304
1330 1182
1080 1032
664 131
200 1385
308 209
642 241
1162 587
125 1617
624 651
398 630
1833 810
1134 1010
1477 211
1118 1300
1642 1288
1724 1558
885 30
1186 140
240 758
328 1904
1460 1413
315 1330
315 1706
365 1501
626 1818
1609 889
941 1914
671 384
1243 205
203 613
666 520
897 1766
469 1745
205 302
855 1489
814 1515
161 1289
782 297
1833 361
305 1043
413 1066
1914 1714
449 1883
205 1897
1481 1216
1408 1556
282 1907
1544 786
914 622
1511 1241
1286 1977
1680 790
1950 1677
1623 1771
1211 610
259 1175
1724 807
334 1514
1655 579
681 1442
1237 1946
1182 163
1671 103
1392 584
1531 333
365 1954
1792 1952
1706 1628
430 1689
1472 1305
1545 1507
294 279
1566 495
1857 1863
720 880
1478 1438
1669 1976
276 1493
1546 1362
1590 1123
314 1716
370 512
1094 1796
218 1141
1592 1683
490 427
1129 1310
275 980
346 1548
1724 1038
1777 434
1200 948
1143 254
667 857
1081 395
622 1777
1707 1524
531 1515
1718 244
1481 225
332 1784
45 1639
1561 1876
544 822
647 1402
180 1234
1965 790
1716 828
237 979
1873 804
499 939
1502 341
1693 1666
114 1863
204 1457
27 1971
1317 1892
1023 139
1865 1442
1026 18
466 59
720 1956
1667 836
1277 1258
698 782
1684 1518
645 79
379 761
1811 361
637 1031
1070 1611
1183 284
765 1423
5 562
1345 1130
1340 1436
1901 585
264 496
916 316
907 533
827 870
1920 1894
1011 882
328 1527
1605 1885
836 444
1758 1819
1482 1112
1509 1816
974 1513
27 971
1629 1777
706 1125
783 1800
1141 302
1566 1621
1824 1359
224 385
263 1149
788 843
143 1825
1809 13
981 730
780 1492
927 1204
1101 1780
1047 1524
938 976
675 282
1169 1196
1519 1461
436 31
600 247
1157 851
1008 1519
43 1950
581 1526
1829 1189
160 888
47 1055
1903 1028
845 531
1219 587
143 1784
635 258
522 1188
1683 1551
827 72
478 1015
1870 1788
1192 957
31 571
1531 1598
802 574
244 816
1577 369
102 452
1606 1908
296 703
656 705
1824 1468
752 892
1635 288
210 562
998 1345
87 237
1290 1810
625 1246
1273 1854
1672 60
962 527
1289 1249
211 719
784 1782
1280 1802
1014 83
455 1603
1619 1329
1443 1890
1768 421
736 293
348 30
1748 687
43 1419
518 226
1190 1280
263 1813
635 345
1678 1046
1250 748
1598 68
1201 1502
1359 714
1634 1174
1424 218
1612 64
1829 1378
899 1177
921 864
166 765
890 218
957 1600
1656 30
1678 1735
993 131
591 1945
1823 1164
829 1439
1662 898
1266 1467
1437 492
1614 424
1985 804
367 1592
1990 265
328 1614
1917 272
1036 457
506 1586
1721 1931
954 1399
26 1540
1199 443
69 1706
510 534
1443 161
622 805
905 894
1547 1
1337 721
878 1483
1709 1333
1243 480
650 1249
1475 97
1062 93
1259 1098
816 1858
1210 268
142 1563
272 1335
17 1573
201 539
936 1333
1150 657
433 90
995 447
1690 919
1507 1472
468 1186
271 518
979 1607
1613 987
1954 54
1083 221
977 357
210 1143
325 1719
367 844
1597 1392
1531 1472
393 1522
1033 142
1694 663
409 1420
1416 1406
460 1839
847 794
1855 1154
1348 293
1321 1181
368 838
1429 939
1923 281
443 379
1566 1628
1819 1198
1744 219
1020 698
834 841
845 1881
543 718
571 705
252 1204
1805 436
1539 530
1678 723
613 1823
1877 877
1755 1483
1714 1575
1775 1737
170 1732
869 643
223 934
1628 1383
756 1801
1270 689
1598 1115
769 203
1618 1824
1373 1639
1046 634
1581 474
178 1452
1146 1854
784 831
1075 1048
1015 1152
753 1521
513 700
239 1970
927 809
1628 1520
911 1351
1705 876
712 839
423 1207
649 728
805 29
1497 202
1011 894
244 1495
370 197
1862 1160
1217 1594
85 1720
365 181
157 47
1788 298
1495 535
1258 1739
808 1401
112 71
1146 1594
1548 267
450 1810
1134 1138
1190 146
325 1718
1844 876
694 1222
918 1856
1533 1217
1637 938
580 1537
115 897
693 70
77 1010
1649 1318
388 1878
741 1260
821 579
744 165
790 623
1562 1970
1098 554
1803 543
228 1174
1924 1381
580 1161
594 465
1532 1204
1502 100
288 140
207 818
505 1723
1934 112
334 919
1153 1944
1649 1525
1628 15
1247 173
450 454
1017 528
956 820
842 103
467 40
1394 1740
1573 1996
1673 107
452 923
1268 9
1134 1440
1473 1833
499 9
446 669
1761 1073
1256 1129
1441 1681
466 803
1700 448
181 1525
1979 967
396 1883
400 1383
1814 1782
1457 402
1525 99
650 434
1337 150
1037 1953
1075 1281
173 1234
1975 327
313 1738
747 311
1359 1578
803 314
476 945
52 1768
1777 693
1156 520
933 172
592 982
1906 1891
1308 113
1903 923
1591 1228
177 694
571 1065
193 1450
1322 432
587 1788
1178 1752
629 1633
1395 1836
1917 210
1534 719
1485 361
1676 286
1197 66
87 1197
583 1767
43 1444
391 780
1025 1346
1775 838
1320 31
1594 1095
601 837
1028 447
1268 282
705 579
1682 1753
845 1283
1140 1495
1375 866
870 1226
953 1860
1287 111
1294 1964
1363 702
193 184
1874 1452
1327 1121
537 603
673 1702
1 1249
1834 417
1892 454
792 1548
922 1248
87 1547
1017 1999
1117 343
168 1836
592 898
1989 1906
1801 1260
333 939
1244 1757
1125 535
1895 1165
1909 757
883 1040
1838 569
1925 862
56 1074
1027 574
1805 1906
592 480
1597 1857
298 423
1763 1989
1915 1047
1573 779
278 699
1266 1415
992 317
929 1867
992 1467
1358 1271
1919 1111
119 513
1485 837
551 1952
1762 992
1721 932
1338 1471
727 1385
1326 1719
71 497
263 1255
1038 1301
573 187
470 1390
864 1367
489 405
997 1213
1607 1406
1596 1474
443 609
1001 1062
536 1733
1972 1646
992 1922
442 211
887 1667
186 693
1447 1517
752 984
341 414
1198 78
1619 1863
866 1567
526 565
615 1034
310 1676
131 979
1363 957
1304 1468
1152 1858
319 61
1344 230
1714 1842
430 1174
1805 125
100 467
1155 133
1627 55
1225 1163
1661 1536
910 1768
924 543
744 52
1493 96
1614 1408
1550 1482
1119 894
832 1177
1634 630
1207 1187
1577 112
803 50
983 1393
240 1897
903 1166
1503 899
1417 1606
197 1434
1773 1418
1627 1818
1499 695
1039 1283
765 385
744 232
220 646
1723 1240
1785 1522
1585 1549
724 109
363 138
283 404
853 1062
1090 1371
1493 988
821 1802
249 1346
1931 136
1072 147
57 646
1699 949
8 1951
310 123
577 52
344 1829
788 670
494 1584
1766 1943
1216 1362
1401 417
164 1262
1222 248
609 1996
854 1091
1649 767
33 1706
689 1857
1663 1249
1312 259
1000 1380
965 1303
1302 1326
283 1435
935 1497
696 120
12 1308
31 156
1711 610
1296 680
1407 1854
463 1138
1924 1493
231 619
851 1114
1987 811
449 1733
1843 845
1458 1608
76 1580
1020 411
499 1077
1374 1380
1656 1053
1401 3
934 1992
1093 1129
228 1909
335 414
1862 1056
1882 287
221 1045
990 509
246 963
365 1871
1122 78
738 1848
1728 610
79 93
818 1095
1705 1859
1212 1814
1737 1355
1209 750
707 88
436 984
1339 301
1833 638
993 952
52 1038
1303 710
1898 741
1305 1397
1387 25
1113 351
506 1466
1341 389
240 76
846 1658
839 1608
987 886
1462 847
1067 737
1386 587
356 259
1775 604
935 843
96 578
352 1855
1674 1087
794 272
1205 1391
1920 1232
151 1862
1026 86
861 130
1171 173
219 297
159 18
1810 1096
135 1198
732 734
1171 410
1343 1083
575 475
1166 1735
1318 470
331 1922
1391 1368
1530 113
1552 694
66 914
165 1405
244 1420
1673 224
509 715
9 1908
606 1970
1539 1355
1855 875
561 375
394 1346
1740 1414
1614 1700
682 697
884 1408
1103 625
1130 1973
682 1739
1186 138
1735 1408
89 102
778 1264
1427 353
994 1881
1098 317
649 114
835 808
678 330
159 1795
1160 357
568 1971
1244 1432
322 1332
1092 1217
1047 1219
789 1780
680 1866
97 1752
107 1415
17 684
963 63
463 211
1073 1270
194 1451
284 1847
1925 722
1536 358
703 775
1856 987
737 1636
275 1488
1560 1916
1467 1793
1250 270
1198 1469
1919 295
1799 1177
1845 1166
1333 1532
740 1238
209 1145
792 361
1289 514
831 801
231 242
585 718
1099 467
44 355
357 1431
228 309
793 179
531 363
311 388
1580 627
1226 1719
376 1295
267 594
1551 4
1167 1877
652 530
1213 138
488 695
1332 1370
490 1505
1493 871
1274 471
1826 1427
1619 1521
1862 1546
1370 364
495 1151
381 755
279 1115
1290 156
1078 719
1157 73
1511 1644
1244 1876
966 1626
809 635
796 573
1926 1356
81 808
1533 1574
1110 1434
1462 1166
940 827
261 236
464 1518
115 1504
1554 674
145 305
1376 1292
1349 1233
741 2000
1115 1324
77 1556
1517 1139
655 9
1668 1883
329 1825
622 428
1137 1812
1784 366
1830 832
1611 1826
273 1704
242 1684
1589 1043
1131 1006
1975 1031
1018 1932
455 1217
107 1624
708 1074
1140 419
1709 1288
46 43
191 16
798 367
695 1713
1254 1620
774 1145
67 466
1398 1297
1758 1467
1161 199
1186 1889
213 873
493 1525
1585 1042
1183 79
1089 1521
1324 1580
1801 1321
538 195
118 327
385 624
382 1928
866 1295
950 658
96 884
1937 1754
736 1564
1771 1136
1136 1860
211 1215
1941 1178
212 55
1485 1618
1847 1693
1925 1790
899 357
792 1599
727 1528
1832 1293
125 856
884 650
602 1428
1495 239
168 743
77 1258
912 463
1622 704
1848 1915
1359 23
1698 1017
145 409
450 867
180 96
833 1682
645 1651
699 659
922 43
1251 289
994 1086
879 367
893 1429
1371 991
826 1762
1583 13
1873 1244
836 1773
449 1732
1766 1284
1224 1092
855 1317
1940 685
33 1442
1066 1148
1431 802
1918 1660
444 441
1299 1624
256 1505
1898 355
698 118
1809 838
1553 10
1926 218
83 1182
1328 1553
25 1343
276 1414
250 919
833 1330
1931 359
1838 504
251 730
920 1252
1801 1187
113 486
1068 963
1268 1270
232 670
1589 597
580 473
1306 758
1784 1823
1669 1584
259 161
49 1573
1935 1594
1120 1339
167 876
1279 855
1348 396
175 800
503 1073
1800 395
1778 183
1725 1729
483 1000
357 480
938 1745
482 1126
958 1020
1569 1975
1586 1521
1066 1133
1126 1497
1945 425
1564 1862
1350 118
1444 1330
1801 1255
385 848
1818 1716
849 1254
1462 1754
1383 1668
337 1471
1003 81
1224 454
333 1553
1859 1374
1252 891
1405 1056
657 1709
492 141
585 454
1697 417
1883 731
349 1203
372 971
1212 1515
159 1567
1942 1101
1008 1461
1995 851
390 871
1719 1786
458 1854
911 1469
1825 205
1836 962
1562 581
1401 35
1430 1468
1565 1109
1948 98
531 126
410 1784
1169 1619
1003 622
316 1075
384 1393
302 661
1548 1997
362 829
1153 1134
679 1790
1134 1297
