2000 2000
1 2000
282 284
288 290
199 201
1 2000
441 443
1 2000
1 2000
382 384
609 611
256 258
1 2000
1 2000
1 2000
505 507
1 2000
291 293
1 2000
407 409
1 2000
494 496
1 2000
1 2000
1 2000
1 2000
1 2000
1 2000
1 2000
591 593
1 2000
491 493
1 2000
1 2000
1 2000
1 2000
1 2000
1 2000
1 2000
1 2000
1 2000
1 2000
1 2000
1 2000
244 246
1 2000
369 371
1 2000
488 490
1 2000
1 2000
1 2000
1 2000
1 2000
451 453
1 2000
301 303
1 2000
1 2000
534 536
1 2000
286 288
1 2000
1 2000
251 253
623 625
1 2000
1 2000
579 581
164 166
1 2000
603 605
457 459
1 2000
1 2000
1 2000
1 2000
1 2000
515 517
1 2000
1 2000
1 2000
1 2000
1 2000
1 2000
528 530
1 2000
1 2000
1 2000
1 2000
1 2000
1 2000
1 2000
1 2000
1 2000
1 2000
1 2000
1 2000
1 2000
1 2000
1 2000
559 561
1 2000
1 2000
1 2000
1 2000
492 494
1 2000
1 2000
1 2000
299 301
424 426
1 2000
1 2000
613 615
1 2000
1 2000
1 2000
568 570
1 2000
153 155
604 606
1 2000
1 2000
1 2000
1 2000
566 568
543 545
1 2000
1 2000
1 2000
168 170
412 414
1 2000
1 2000
1 2000
211 213
1 2000
1 2000
470 472
1 2000
1 2000
1 2000
1 2000
1 2000
481 483
1 2000
1 2000
1 2000
1 2000
1 2000
1 2000
352 354
1 2000
410 412
1 2000
406 408
429 431
1 2000
621 623
1 2000
1 2000
252 254
1 2000
1 2000
1 2000
326 328
186 188
1 2000
1 2000
426 428
1 2000
562 564
1 2000
580 582
1 2000
1 2000
1 2000
445 447
1 2000
1 2000
1 2000
1 2000
1 2000
1 2000
1 2000
1 2000
1 2000
181 183
586 588
1 2000
1 2000
1 2000
474 476
167 169
1 2000
1 2000
1 2000
1 2000
544 546
1 2000
1 2000
1 2000
1 2000
1 2000
1 2000
1 2000
582 584
1 2000
1 2000
1 2000
576 578
182 184
1 2000
1 2000
1 2000
1 2000
1 2000
354 356
1 2000
1 2000
1 2000
1 2000
1 2000
1 2000
514 516
1 2000
1 2000
1 2000
338 340
1 2000
1 2000
1 2000
513 515
1 2000
1 2000
1 2000
1 2000
1 2000
1 2000
1 2000
1 2000
413 415
321 323
1 2000
1 2000
480 482
343 345
1 2000
364 366
162 164
1 2000
1 2000
521 523
497 499
1 2000
1 2000
395 397
1 2000
1 2000
1 2000
597 599
1 2000
1 2000
1 2000
266 268
1 2000
231 233
1 2000
1 2000
1 2000
575 577
1 2000
191 193
1 2000
1 2000
1 2000
1 2000
1 2000
1 2000
635 637
1 2000
644 646
1 2000
339 341
1 2000
443 445
1 2000
1 2000
213 215
1 2000
584 586
365 367
249 251
370 372
197 199
630 632
1 2000
1 2000
196 198
1 2000
1 2000
1 2000
524 526
1 2000
1 2000
1 2000
1 2000
1 2000
1 2000
1 2000
1 2000
1 2000
1 2000
1 2000
1 2000
1 2000
1 2000
466 468
1 2000
1 2000
1 2000
1 2000
1 2000
1 2000
1 2000
1 2000
423 425
1 2000
1 2000
304 306
1 2000
1 2000
1 2000
1 2000
479 481
458 460
1 2000
1 2000
1 2000
1 2000
1 2000
1 2000
408 410
1 2000
1 2000
1 2000
147 149
1 2000
1 2000
419 421
1 2000
444 446
214 216
172 174
1 2000
1 2000
1 2000
1 2000
1 2000
1 2000
1 2000
1 2000
647 649
1 2000
1 2000
1 2000
190 192
456 458
1 2000
1 2000
1 2000
1 2000
1 2000
389 391
1 2000
1 2000
1 2000
1 2000
1 2000
297 299
1 2000
1 2000
1 2000
374 376
1 2000
1 2000
1 2000
373 375
1 2000
1 2000
1 2000
1 2000
1 2000
1 2000
233 235
1 2000
1 2000
1 2000
1 2000
1 2000
1 2000
1 2000
1 2000
1 2000
1 2000
552 554
529 531
152 154
498 500
499 501
348 350
1 2000
1 2000
1 2000
161 163
595 597
1 2000
1 2000
1 2000
1 2000
1 2000
1 2000
1 2000
1 2000
1 2000
1 2000
1 2000
1 2000
1 2000
1 2000
333 335
1 2000
356 358
1 2000
204 206
1 2000
1 2000
1 2000
460 462
1 2000
1 2000
1 2000
1 2000
1 2000
1 2000
1 2000
1 2000
1 2000
212 214
1 2000
175 177
1 2000
1 2000
1 2000
1 2000
439 441
1 2000
1 2000
518 520
1 2000
1 2000
1 2000
1 2000
1 2000
1 2000
220 222
507 509
1 2000
1 2000
1 2000
155 157
1 2000
1 2000
1 2000
183 185
1 2000
1 2000
1 2000
1 2000
1 2000
260 262
1 2000
1 2000
1 2000
612 614
1 2000
427 429
1 2000
1 2000
1 2000
272 274
238 240
1 2000
1 2000
1 2000
234 236
209 211
347 349
1 2000
1 2000
628 630
646 648
1 2000
349 351
622 624
1 2000
1 2000
533 535
1 2000
1 2000
1 2000
1 2000
563 565
592 594
1 2000
1 2000
1 2000
1 2000
1 2000
1 2000
1 2000
1 2000
1 2000
1 2000
1 2000
1 2000
353 355
1 2000
1 2000
1 2000
1 2000
1 2000
1 2000
1 2000
1 2000
1 2000
404 406
1 2000
1 2000
1 2000
496 498
1 2000
1 2000
1 2000
1 2000
226 228
1 2000
1 2000
1 2000
1 2000
1 2000
1 2000
1 2000
1 2000
1 2000
1 2000
169 171
438 440
1 2000
1 2000
1 2000
1 2000
1 2000
1 2000
1 2000
1 2000
578 580
1 2000
1 2000
1 2000
1 2000
1 2000
248 250
1 2000
1 2000
1 2000
440 442
1 2000
1 2000
1 2000
1 2000
1 2000
1 2000
1 2000
1 2000
217 219
473 475
1 2000
193 195
1 2000
1 2000
490 492
1 2000
1 2000
1 2000
1 2000
1 2000
1 2000
1 2000
1 2000
1 2000
236 238
1 2000
1 2000
475 477
314 316
1 2000
1 2000
1 2000
1 2000
1 2000
1 2000
1 2000
289 291
148 150
1 2000
577 579
1 2000
1 2000
1 2000
1 2000
1 2000
1 2000
1 2000
318 320
1 2000
1 2000
1 2000
1 2000
1 2000
1 2000
1 2000
1 2000
1 2000
1 2000
1 2000
1 2000
1 2000
1 2000
1 2000
1 2000
1 2000
1 2000
1 2000
1 2000
1 2000
1 2000
1 2000
596 598
520 522
1 2000
511 513
1 2000
493 495
1 2000
393 395
1 2000
1 2000
335 337
1 2000
1 2000
1 2000
257 259
1 2000
1 2000
223 225
1 2000
1 2000
311 313
602 604
1 2000
434 436
1 2000
1 2000
1 2000
1 2000
1 2000
1 2000
363 365
1 2000
546 548
1 2000
581 583
1 2000
1 2000
218 220
1 2000
277 279
331 333
1 2000
454 456
1 2000
1 2000
1 2000
1 2000
1 2000
1 2000
1 2000
1 2000
1 2000
1 2000
268 270
1 2000
1 2000
1 2000
307 309
1 2000
1 2000
1 2000
1 2000
1 2000
1 2000
1 2000
1 2000
1 2000
273 275
1 2000
267 269
1 2000
1 2000
1 2000
437 439
269 271
1 2000
1 2000
1 2000
1 2000
489 491
149 151
1 2000
1 2000
361 363
1 2000
1 2000
1 2000
1 2000
1 2000
1 2000
1 2000
1 2000
1 2000
1 2000
1 2000
1 2000
585 587
1 2000
1 2000
550 552
1 2000
1 2000
1 2000
1 2000
1 2000
542 544
610 612
1 2000
340 342
530 532
523 525
1 2000
1 2000
1 2000
1 2000
608 610
1 2000
1 2000
1 2000
1 2000
1 2000
1 2000
1 2000
1 2000
1 2000
1 2000
1 2000
1 2000
1 2000
1 2000
1 2000
1 2000
1 2000
616 618
1 2000
1 2000
1 2000
1 2000
253 255
1 2000
1 2000
1 2000
1 2000
1 2000
185 187
1 2000
1 2000
1 2000
1 2000
1 2000
1 2000
1 2000
1 2000
1 2000
1 2000
495 497
1 2000
1 2000
639 641
1 2000
1 2000
1 2000
1 2000
1 2000
611 613
1 2000
1 2000
1 2000
315 317
1 2000
1 2000
171 173
1 2000
1 2000
1 2000
1 2000
1 2000
274 276
1 2000
1 2000
1 2000
166 168
1 2000
651 653
287 289
159 161
1 2000
1 2000
1 2000
294 296
571 573
1 2000
1 2000
625 627
1 2000
420 422
1 2000
1 2000
202 204
409 411
1 2000
1 2000
1 2000
1 2000
1 2000
1 2000
1 2000
1 2000
1 2000
1 2000
1 2000
1 2000
1 2000
502 504
1 2000
1 2000
1 2000
239 241
1 2000
1 2000
1 2000
1 2000
1 2000
1 2000
1 2000
1 2000
192 194
359 361
1 2000
1 2000
1 2000
1 2000
1 2000
1 2000
1 2000
1 2000
1 2000
255 257
599 601
1 2000
486 488
1 2000
1 2000
1 2000
411 413
358 360
283 285
1 2000
433 435
1 2000
344 346
1 2000
1 2000
1 2000
1 2000
1 2000
1 2000
187 189
1 2000
1 2000
1 2000
1 2000
1 2000
1 2000
1 2000
1 2000
1 2000
1 2000
165 167
1 2000
1 2000
170 172
1 2000
184 186
1 2000
1 2000
1 2000
1 2000
1 2000
615 617
1 2000
1 2000
1 2000
587 589
1 2000
436 438
1 2000
332 334
264 266
1 2000
1 2000
1 2000
309 311
1 2000
598 600
1 2000
583 585
648 650
1 2000
1 2000
1 2000
1 2000
1 2000
276 278
1 2000
1 2000
1 2000
1 2000
1 2000
627 629
250 252
1 2000
1 2000
1 2000
1 2000
1 2000
1 2000
1 2000
1 2000
1 2000
1 2000
1 2000
1 2000
401 403
1 2000
1 2000
453 455
1 2000
1 2000
422 424
1 2000
1 2000
1 2000
1 2000
376 378
377 379
320 322
179 181
405 407
1 2000
450 452
201 203
1 2000
1 2000
637 639
1 2000
1 2000
1 2000
1 2000
1 2000
1 2000
1 2000
1 2000
1 2000
1 2000
1 2000
1 2000
1 2000
1 2000
1 2000
397 399
1 2000
1 2000
618 620
1 2000
1 2000
1 2000
1 2000
386 388
1 2000
516 518
526 528
1 2000
1 2000
652 654
1 2000
1 2000
1 2000
177 179
1 2000
1 2000
1 2000
1 2000
643 645
1 2000
1 2000
1 2000
279 281
1 2000
400 402
1 2000
1 2000
1 2000
1 2000
1 2000
452 454
1 2000
1 2000
1 2000
509 511
1 2000
317 319
1 2000
1 2000
1 2000
1 2000
1 2000
1 2000
1 2000
1 2000
1 2000
606 608
195 197
174 176
1 2000
564 566
1 2000
551 553
1 2000
1 2000
1 2000
1 2000
1 2000
1 2000
527 529
556 558
1 2000
1 2000
1 2000
378 380
151 153
431 433
176 178
1 2000
1 2000
1 2000
590 592
1 2000
1 2000
316 318
1 2000
428 430
1 2000
1 2000
1 2000
200 202
1 2000
1 2000
485 487
418 420
1 2000
1 2000
1 2000
1 2000
1 2000
372 374
1 2000
624 626
1 2000
296 298
1 2000
1 2000
1 2000
1 2000
1 2000
1 2000
330 332
1 2000
638 640
1 2000
1 2000
1 2000
1 2000
1 2000
1 2000
1 2000
1 2000
1 2000
360 362
242 244
487 489
573 575
588 590
1 2000
1 2000
387 389
392 394
1 2000
1 2000
1 2000
334 336
1 2000
1 2000
1 2000
1 2000
1 2000
1 2000
1 2000
398 400
1 2000
1 2000
1 2000
1 2000
1 2000
641 643
1 2000
1 2000
1 2000
463 465
221 223
1 2000
506 508
1 2000
558 560
403 405
1 2000
232 234
1 2000
1 2000
1 2000
1 2000
1 2000
1 2000
1 2000
1 2000
1 2000
1 2000
1 2000
1 2000
350 352
593 595
1 2000
1 2000
1 2000
1 2000
1 2000
1 2000
1 2000
650 652
1 2000
560 562
477 479
1 2000
1 2000
1 2000
1 2000
1 2000
1 2000
1 2000
472 474
1 2000
1 2000
1 2000
1 2000
459 461
1 2000
565 567
649 651
1 2000
1 2000
1 2000
1 2000
1 2000
391 393
1 2000
1 2000
1 2000
1 2000
1 2000
1 2000
1 2000
1 2000
1 2000
342 344
362 364
1 2000
1 2000
1 2000
601 603
1 2000
549 551
1 2000
522 524
306 308
1 2000
1 2000
1 2000
1 2000
1 2000
1 2000
1 2000
1 2000
1 2000
425 427
1 2000
1 2000
1 2000
1 2000
1 2000
1 2000
1 2000
536 538
1 2000
1 2000
1 2000
1 2000
1 2000
1 2000
1 2000
535 537
1 2000
1 2000
1 2000
519 521
1 2000
1 2000
1 2000
1 2000
1 2000
1 2000
1 2000
1 2000
1 2000
1 2000
1 2000
1 2000
1 2000
1 2000
1 2000
1 2000
1 2000
1 2000
1 2000
1 2000
1 2000
1 2000
1 2000
1 2000
1 2000
1 2000
1 2000
1 2000
540 542
1 2000
325 327
1 2000
336 338
1 2000
1 2000
617 619
539 541
1 2000
1 2000
1 2000
1 2000
1 2000
1 2000
1 2000
654 656
1 2000
302 304
545 547
1 2000
1 2000
1 2000
1 2000
1 2000
216 218
1 2000
1 2000
1 2000
532 534
1 2000
1 2000
1 2000
1 2000
1 2000
504 506
1 2000
1 2000
1 2000
1 2000
1 2000
1 2000
1 2000
341 343
1 2000
1 2000
388 390
312 314
1 2000
1 2000
448 450
1 2000
1 2000
1 2000
1 2000
569 571
371 373
1 2000
1 2000
240 242
572 574
1 2000
1 2000
346 348
1 2000
280 282
1 2000
1 2000
1 2000
1 2000
1 2000
1 2000
1 2000
219 221
270 272
1 2000
1 2000
1 2000
1 2000
229 231
324 326
1 2000
399 401
1 2000
1 2000
1 2000
1 2000
1 2000
1 2000
1 2000
1 2000
1 2000
1 2000
1 2000
222 224
1 2000
1 2000
1 2000
1 2000
1 2000
1 2000
1 2000
313 315
243 245
1 2000
1 2000
1 2000
1 2000
1 2000
1 2000
1 2000
1 2000
265 267
1 2000
1 2000
1 2000
247 249
292 294
1 2000
1 2000
1 2000
1 2000
1 2000
421 423
210 212
567 569
1 2000
1 2000
446 448
1 2000
1 2000
1 2000
1 2000
1 2000
1 2000
351 353
1 2000
1 2000
1 2000
1 2000
1 2000
1 2000
1 2000
271 273
1 2000
337 339
1 2000
145 147
1 2000
1 2000
1 2000
1 2000
629 631
1 2000
1 2000
1 2000
1 2000
1 2000
1 2000
548 550
285 287
1 2000
1 2000
1 2000
1 2000
1 2000
1 2000
1 2000
1 2000
1 2000
1 2000
379 381
1 2000
464 466
1 2000
1 2000
375 377
1 2000
468 470
1 2000
1 2000
1 2000
1 2000
1 2000
1 2000
303 305
1 2000
327 329
1 2000
1 2000
1 2000
368 370
1 2000
1 2000
293 295
1 2000
555 557
1 2000
158 160
553 555
1 2000
471 473
1 2000
467 469
305 307
1 2000
1 2000
384 386
1 2000
1 2000
525 527
1 2000
1 2000
1 2000
1 2000
1 2000
1 2000
1 2000
1 2000
1 2000
1 2000
1 2000
1 2000
383 385
1 2000
1 2000
1 2000
203 205
295 297
1 2000
1 2000
1 2000
1 2000
188 190
1 2000
1 2000
1 2000
284 286
1 2000
1 2000
308 310
345 347
1 2000
501 503
1 2000
1 2000
1 2000
146 148
1 2000
1 2000
1 2000
300 302
1 2000
414 416
1 2000
1 2000
1 2000
178 180
1 2000
1 2000
1 2000
1 2000
1 2000
1 2000
1 2000
1 2000
1 2000
1 2000
1 2000
461 463
1 2000
561 563
1 2000
208 210
1 2000
1 2000
1 2000
1 2000
160 162
1 2000
227 229
1 2000
1 2000
1 2000
626 628
1 2000
261 263
1 2000
1 2000
1 2000
1 2000
1 2000
1 2000
1 2000
1 2000
1 2000
1 2000
455 457
614 616
1 2000
1 2000
1 2000
1 2000
198 200
1 2000
278 280
1 2000
1 2000
1 2000
1 2000
1 2000
1 2000
1 2000
1 2000
1 2000
1 2000
1 2000
1 2000
1 2000
1 2000
1 2000
1 2000
1 2000
1 2000
1 2000
1 2000
390 392
1 2000
1 2000
1 2000
1 2000
1 2000
1 2000
1 2000
517 519
415 417
1 2000
1 2000
150 152
355 357
537 539
1 2000
206 208
1 2000
1 2000
1 2000
1 2000
1 2000
1 2000
1 2000
1 2000
1 2000
1 2000
254 256
1 2000
1 2000
1 2000
1 2000
531 533
1 2000
1 2000
1 2000
173 175
1 2000
1 2000
1 2000
1 2000
605 607
1 2000
1 2000
416 418
1 2000
478 480
1 2000
620 622
1 2000
1 2000
1 2000
1 2000
1 2000
1 2000
503 505
1 2000
1 2000
1 2000
1 2000
469 471
1 2000
1 2000
1 2000
1 2000
1 2000
1 2000
1 2000
594 596
631 633
1 2000
1 2000
1 2000
1 2000
357 359
1 2000
396 398
1 2000
1 2000
1 2000
1 2000
1 2000
1 2000
207 209
1 2000
1 2000
157 159
1 2000
1 2000
1 2000
1 2000
1 2000
607 609
1 2000
1 2000
1 2000
1 2000
1 2000
1 2000
1 2000
1 2000
1 2000
1 2000
1 2000
1 2000
1 2000
430 432
1 2000
1 2000
1 2000
1 2000
1 2000
1 2000
1 2000
1 2000
1 2000
329 331
205 207
442 444
1 2000
484 486
1 2000
1 2000
1 2000
1 2000
1 2000
510 512
1 2000
636 638
298 300
385 387
1 2000
189 191
1 2000
1 2000
1 2000
1 2000
1 2000
1 2000
1 2000
1 2000
1 2000
1 2000
1 2000
1 2000
1 2000
1 2000
1 2000
1 2000
1 2000
1 2000
224 226
1 2000
1 2000
1 2000
500 502
417 419
1 2000
1 2000
1 2000
1 2000
574 576
1 2000
1 2000
1 2000
180 182
1 2000
366 368
259 261
570 572
1 2000
1 2000
1 2000
1 2000
1 2000
1 2000
322 324
1 2000
1 2000
241 243
1 2000
462 464
1 2000
633 635
1 2000
1 2000
1 2000
1 2000
1 2000
402 404
1 2000
1 2000
1 2000
1 2000
1 2000
1 2000
1 2000
1 2000
1 2000
1 2000
1 2000
642 644
262 264
1 2000
258 260
1 2000
1 2000
246 248
310 312
1 2000
1 2000
1 2000
1 2000
1 2000
1 2000
381 383
1 2000
476 478
1 2000
1 2000
1 2000
1 2000
1 2000
1 2000
1 2000
1 2000
1 2000
1 2000
1 2000
1 2000
319 321
1 2000
1 2000
1 2000
1 2000
1 2000
554 556
228 230
632 634
1 2000
1 2000
1 2000
1 2000
1 2000
482 484
1 2000
1 2000
1 2000
1 2000
645 647
1 2000
1 2000
1 2000
1 2000
1 2000
1 2000
1 2000
1 2000
1 2000
1 2000
1 2000
1 2000
435 437
1 2000
449 451
1 2000
1 2000
290 292
1 2000
163 165
1 2000
541 543
447 449
1 2000
1 2000
1 2000
367 369
483 485
1 2000
1 2000
538 540
1 2000
1 2000
1 2000
600 602
640 642
1 2000
1 2000
1 2000
1 2000
1 2000
1 2000
1 2000
1 2000
1 2000
1 2000
1 2000
1 2000
215 217
225 227
245 247
1 2000
1 2000
323 325
465 467
1 2000
1 2000
1 2000
1 2000
1 2000
1 2000
547 549
1 2000
634 636
653 655
1 2000
156 158
1 2000
1 2000
1 2000
1 2000
1 2000
1 2000
1 2000
1 2000
1 2000
1 2000
1 2000
1 2000
1 2000
1 2000
557 559
1 2000
275 277
281 283
1 2000
1 2000
1 2000
1 2000
1 2000
1 2000
508 510
1 2000
1 2000
380 382
619 621
154 156
1 2000
1 2000
1 2000
1 2000
328 330
1 2000
1 2000
1 2000
1 2000
194 196
1 2000
1 2000
1 2000
235 237
1 2000
1 2000
1 2000
237 239
394 396
1 2000
1 2000
1 2000
512 514
1 2000
1 2000
1 2000
1 2000
230 232
432 434
1 2000
1 2000
589 591
263 265
1 2000
1 2000
1 2000
1 2000
