2000 500
988 1008
992 1012
988 1008
481 681
1347 1547
1755 1955
990 1010
988 1008
988 1008
438 638
992 1012
988 1008
990 1010
988 1008
989 1009
1637 1837
990 1010
988 1008
988 1008
990 1010
989 1009
989 1009
989 1009
991 1011
992 1012
1230 1430
992 1012
991 1011
989 1009
991 1011
992 1012
992 1012
990 1010
990 1010
991 1011
988 1008
989 1009
991 1011
991 1011
988 1008
989 1009
988 1008
992 1012
990 1010
991 1011
988 1008
990 1010
990 1010
988 1008
988 1008
989 1009
989 1009
991 1011
988 1008
991 1011
989 1009
989 1009
991 1011
988 1008
990 1010
991 1011
988 1008
992 1012
1403 1603
990 1010
990 1010
992 1012
992 1012
988 1008
992 1012
989 1009
991 1011
988 1008
988 1008
989 1009
988 1008
992 1012
989 1009
989 1009
989 1009
991 1011
988 1008
988 1008
989 1009
991 1011
989 1009
989 1009
989 1009
1686 1886
989 1009
991 1011
988 1008
988 1008
991 1011
992 1012
989 1009
989 1009
992 1012
989 1009
990 1010
989 1009
990 1010
992 1012
988 1008
991 1011
1264 1464
391 591
988 1008
989 1009
989 1009
990 1010
988 1008
991 1011
988 1008
992 1012
992 1012
990 1010
990 1010
992 1012
992 1012
992 1012
989 1009
992 1012
992 1012
989 1009
991 1011
990 1010
949 1149
992 1012
988 1008
988 1008
988 1008
992 1012
1168 1368
989 1009
992 1012
991 1011
990 1010
992 1012
989 1009
992 1012
988 1008
990 1010
992 1012
990 1010
991 1011
989 1009
991 1011
989 1009
989 1009
989 1009
990 1010
991 1011
990 1010
988 1008
989 1009
253 453
992 1012
991 1011
991 1011
991 1011
988 1008
992 1012
988 1008
990 1010
991 1011
988 1008
991 1011
992 1012
991 1011
992 1012
266 466
491 691
992 1012
988 1008
260 460
992 1012
988 1008
1425 1625
990 1010
991 1011
989 1009
988 1008
990 1010
991 1011
991 1011
990 1010
990 1010
989 1009
990 1010
988 1008
988 1008
991 1011
992 1012
992 1012
990 1010
990 1010
988 1008
988 1008
990 1010
992 1012
991 1011
989 1009
990 1010
991 1011
992 1012
991 1011
990 1010
992 1012
1423 1623
990 1010
990 1010
990 1010
989 1009
992 1012
990 1010
991 1011
989 1009
989 1009
988 1008
989 1009
909 1109
991 1011
991 1011
990 1010
988 1008
990 1010
990 1010
989 1009
992 1012
992 1012
992 1012
992 1012
991 1011
990 1010
991 1011
1226 1426
920 1120
989 1009
989 1009
991 1011
992 1012
988 1008
991 1011
990 1010
991 1011
246 446
989 1009
988 1008
992 1012
988 1008
990 1010
988 1008
988 1008
989 1009
990 1010
991 1011
1092 1292
989 1009
992 1012
989 1009
991 1011
992 1012
989 1009
992 1012
990 1010
992 1012
1561 1761
992 1012
989 1009
989 1009
992 1012
553 753
991 1011
988 1008
989 1009
1648 1848
991 1011
138 338
989 1009
990 1010
989 1009
991 1011
990 1010
989 1009
988 1008
991 1011
1452 1652
988 1008
990 1010
989 1009
1749 1949
992 1012
989 1009
989 1009
830 1030
989 1009
735 935
990 1010
992 1012
992 1012
988 1008
990 1010
989 1009
991 1011
992 1012
305 505
992 1012
991 1011
992 1012
988 1008
991 1011
990 1010
990 1010
992 1012
989 1009
989 1009
991 1011
988 1008
1308 1508
989 1009
992 1012
141 341
988 1008
989 1009
989 1009
991 1011
992 1012
988 1008
991 1011
988 1008
990 1010
990 1010
990 1010
990 1010
630 830
988 1008
988 1008
991 1011
992 1012
992 1012
991 1011
808 1008
992 1012
992 1012
991 1011
988 1008
992 1012
1514 1714
988 1008
992 1012
988 1008
992 1012
989 1009
990 1010
991 1011
988 1008
989 1009
992 1012
988 1008
989 1009
989 1009
989 1009
991 1011
992 1012
992 1012
988 1008
991 1011
992 1012
992 1012
990 1010
992 1012
990 1010
988 1008
989 1009
991 1011
990 1010
992 1012
990 1010
992 1012
988 1008
988 1008
988 1008
989 1009
992 1012
989 1009
988 1008
989 1009
992 1012
989 1009
990 1010
988 1008
1526 1726
992 1012
991 1011
990 1010
989 1009
989 1009
989 1009
989 1009
988 1008
1120 1320
988 1008
992 1012
339 539
990 1010
989 1009
989 1009
988 1008
988 1008
992 1012
1484 1684
988 1008
992 1012
992 1012
989 1009
988 1008
992 1012
989 1009
992 1012
991 1011
1285 1485
991 1011
991 1011
1001 1201
988 1008
988 1008
991 1011
389 589
991 1011
991 1011
989 1009
989 1009
990 1010
990 1010
991 1011
992 1012
992 1012
988 1008
988 1008
992 1012
992 1012
989 1009
988 1008
988 1008
991 1011
988 1008
988 1008
992 1012
1729 1929
990 1010
989 1009
988 1008
991 1011
992 1012
991 1011
991 1011
990 1010
991 1011
1375 1575
1733 1933
990 1010
989 1009
989 1009
989 1009
988 1008
991 1011
991 1011
992 1012
991 1011
991 1011
988 1008
1586 1786
988 1008
992 1012
992 1012
906 1106
988 1008
989 1009
992 1012
991 1011
992 1012
989 1009
988 1008
988 1008
991 1011
991 1011
988 1008
989 1009
988 1008
992 1012
989 1009
990 1010
989 1009
992 1012
607 807
992 1012
991 1011
992 1012
989 1009
