2000 1999
186 187
517 518
592 593
1090 1091
603 604
1732 1733
1596 1597
626 627
1703 1704
1489 1490
1271 1272
986 987
1701 1702
197 198
875 876
680 681
722 723
1827 1828
1953 1954
947 948
1170 1171
1725 1726
336 337
1289 1290
41 42
1504 1505
1031 1032
1730 1731
18 19
1480 1481
1642 1643
1928 1929
1146 1147
946 947
306 307
216 217
1376 1377
591 592
1682 1683
697 698
752 753
395 396
1085 1086
1731 1732
773 774
1482 1483
25 26
1122 1123
948 949
1635 1636
243 244
1045 1046
290 291
1372 1373
1413 1414
1286 1287
1070 1071
1124 1125
500 501
1217 1218
1315 1316
1819 1820
1944 1945
866 867
1867 1868
153 154
1640 1641
347 348
900 901
759 760
178 179
1462 1463
1809 1810
1241 1242
1884 1885
1223 1224
7 8
363 364
293 294
705 706
1500 1501
1659 1660
1568 1569
1184 1185
174 175
779 780
1981 1982
1133 1134
1111 1112
1792 1793
1205 1206
1869 1870
176 177
824 825
1089 1090
962 963
42 43
1127 1128
1972 1973
1212 1213
1602 1603
1443 1444
976 977
1144 1145
163 164
755 756
1037 1038
421 422
1985 1986
1954 1955
1556 1557
1280 1281
763 764
1761 1762
775 776
1200 1201
1008 1009
561 562
1593 1594
1512 1513
1559 1560
1460 1461
647 648
188 189
386 387
1667 1668
1125 1126
599 600
614 615
1382 1383
1243 1244
627 628
616 617
1698 1699
1690 1691
1582 1583
98 99
1517 1518
869 870
1879 1880
237 238
1485 1486
879 880
1250 1251
1028 1029
1580 1581
1588 1589
1378 1379
659 660
396 397
1598 1599
612 613
768 769
678 679
1802 1803
23 24
1713 1714
1263 1264
1808 1809
303 304
1817 1818
1120 1121
1192 1193
1664 1665
1249 1250
1688 1689
1433 1434
473 474
1935 1936
1527 1528
1447 1448
1383 1384
1799 1800
1134 1135
828 829
1196 1197
925 926
152 153
117 118
1729 1730
1399 1400
340 341
352 353
885 886
527 528
1477 1478
1010 1011
1768 1769
281 282
165 166
1290 1291
1779 1780
1866 1867
965 966
624 625
1063 1064
1755 1756
138 139
145 146
1613 1614
1502 1503
1522 1523
1564 1565
119 120
981 982
338 339
913 914
818 819
1074 1075
717 718
167 168
355 356
480 481
1287 1288
630 631
111 112
1201 1202
304 305
1990 1991
839 840
496 497
1046 1047
1369 1370
1256 1257
1628 1629
1043 1044
1913 1914
676 677
709 710
308 309
906 907
1647 1648
696 697
1513 1514
783 784
1239 1240
579 580
68 69
351 352
110 111
493 494
54 55
1689 1690
674 675
1906 1907
1408 1409
950 951
487 488
528 529
1001 1002
1007 1008
70 71
445 446
121 122
1555 1556
539 540
1030 1031
1065 1066
1123 1124
1641 1642
1918 1919
1903 1904
804 805
1860 1861
1841 1842
1148 1149
1391 1392
1353 1354
850 851
1215 1216
1850 1851
670 671
1147 1148
280 281
991 992
4 5
598 599
1506 1507
1265 1266
1131 1132
628 629
525 526
1456 1457
685 686
1377 1378
1020 1021
924 925
93 94
1804 1805
371 372
1064 1065
988 989
744 745
1634 1635
1047 1048
1398 1399
811 812
135 136
1937 1938
1595 1596
1051 1052
671 672
219 220
1234 1235
715 716
148 149
424 425
37 38
545 546
1673 1674
1390 1391
570 571
1723 1724
1899 1900
1420 1421
723 724
1488 1489
1916 1917
657 658
510 511
1781 1782
211 212
1857 1858
1648 1649
1905 1906
1116 1117
335 336
679 680
151 152
1362 1363
921 922
880 881
419 420
1091 1092
1294 1295
568 569
312 313
1041 1042
1320 1321
1156 1157
872 873
827 828
370 371
1415 1416
1162 1163
801 802
1202 1203
84 85
1438 1439
275 276
403 404
721 722
595 596
1061 1062
1759 1760
1576 1577
1379 1380
1105 1106
1695 1696
1410 1411
941 942
1389 1390
1330 1331
160 161
499 500
942 943
762 763
1305 1306
132 133
1722 1723
785 786
1442 1443
1032 1033
1251 1252
1742 1743
1149 1150
300 301
1525 1526
1342 1343
597 598
639 640
1417 1418
449 450
629 630
1163 1164
1015 1016
1795 1796
661 662
261 262
400 401
1735 1736
1445 1446
113 114
909 910
479 480
1370 1371
388 389
1002 1003
1137 1138
1791 1792
367 368
1524 1525
495 496
64 65
313 314
1977 1978
504 505
1649 1650
1077 1078
470 471
448 449
985 986
238 239
1711 1712
1324 1325
1671 1672
252 253
970 971
248 249
1670 1671
233 234
271 272
1401 1402
1335 1336
702 703
1260 1261
36 37
256 257
1497 1498
537 538
1942 1943
1976 1977
466 467
1295 1296
297 298
296 297
1547 1548
459 460
401 402
1901 1902
623 624
410 411
1248 1249
1577 1578
1697 1698
513 514
316 317
307 308
1472 1473
1058 1059
1757 1758
1650 1651
724 725
514 515
642 643
1154 1155
534 535
1347 1348
1312 1313
1537 1538
1570 1571
173 174
1826 1827
1463 1464
760 761
864 865
1333 1334
474 475
1585 1586
690 691
1801 1802
1009 1010
604 605
1081 1082
937 938
1266 1267
582 583
309 310
1563 1564
202 203
1619 1620
939 940
314 315
553 554
838 839
1316 1317
605 606
557 558
1321 1322
1226 1227
416 417
1560 1561
544 545
44 45
453 454
673 674
926 927
541 542
223 224
1744 1745
226 227
1621 1622
929 930
392 393
1026 1027
1042 1043
1657 1658
905 906
686 687
1567 1568
258 259
244 245
1877 1878
1653 1654
1620 1621
778 779
1702 1703
1965 1966
766 767
1843 1844
1968 1969
1845 1846
665 666
1931 1932
1107 1108
1974 1975
651 652
276 277
483 484
1153 1154
813 814
1300 1301
1375 1376
224 225
1359 1360
373 374
731 732
131 132
1966 1967
1511 1512
861 862
1086 1087
346 347
1000 1001
636 637
1754 1755
1179 1180
192 193
1343 1344
907 908
1209 1210
158 159
1397 1398
38 39
1501 1502
1087 1088
822 823
1914 1915
1545 1546
1834 1835
1336 1337
185 186
806 807
1268 1269
269 270
1416 1417
706 707
1696 1697
792 793
1749 1750
602 603
1166 1167
1218 1219
1774 1775
1174 1175
1553 1554
230 231
1565 1566
1255 1256
1952 1953
1510 1511
575 576
469 470
1854 1855
1608 1609
952 953
1962 1963
129 130
693 694
213 214
1848 1849
1658 1659
71 72
1747 1748
175 176
1175 1176
631 632
12 13
1820 1821
1739 1740
1487 1488
342 343
287 288
1494 1495
101 102
1152 1153
741 742
1350 1351
1987 1988
46 47
1062 1063
1314 1315
246 247
1816 1817
556 557
524 525
1846 1847
356 357
848 849
1865 1866
776 777
1139 1140
1788 1789
810 811
282 283
1193 1194
1516 1517
1079 1080
104 105
835 836
1060 1061
831 832
1736 1737
154 155
984 985
1157 1158
1561 1562
1758 1759
695 696
433 434
361 362
380 381
87 88
1787 1788
767 768
898 899
508 509
1298 1299
1424 1425
289 290
1003 1004
823 824
384 385
1444 1445
1851 1852
1505 1506
1188 1189
1066 1067
1092 1093
423 424
26 27
1710 1711
328 329
1168 1169
1909 1910
936 937
1864 1865
1113 1114
892 893
1997 1998
1777 1778
1005 1006
585 586
896 897
658 659
1304 1305
236 237
786 787
372 373
1894 1895
1637 1638
390 391
144 145
509 510
259 260
426 427
573 574
319 320
1344 1345
1083 1084
430 431
1907 1908
586 587
1518 1519
497 498
1835 1836
625 626
581 582
849 850
1986 1987
228 229
112 113
413 414
436 437
1895 1896
1531 1532
169 170
1988 1989
1392 1393
77 78
348 349
204 205
1103 1104
1766 1767
1495 1496
446 447
1325 1326
1973 1974
1856 1857
120 121
322 323
1979 1980
1891 1892
1380 1381
451 452
559 560
471 472
521 522
1958 1959
1844 1845
765 766
1712 1713
1898 1899
1430 1431
1331 1332
771 772
1 2
1360 1361
1797 1798
1423 1424
1459 1460
902 903
548 549
437 438
156 157
1714 1715
1467 1468
183 184
1213 1214
1665 1666
321 322
1978 1979
972 973
727 728
1617 1618
374 375
1756 1757
1414 1415
914 915
1994 1995
677 678
883 884
81 82
354 355
1693 1694
638 639
716 717
536 537
1395 1396
218 219
1446 1447
1101 1102
1069 1070
1318 1319
99 100
32 33
91 92
1388 1389
894 895
1660 1661
910 911
102 103
1881 1882
1220 1221
412 413
1311 1312
1633 1634
863 864
82 83
407 408
1437 1438
713 714
558 559
1969 1970
484 485
1940 1941
1839 1840
974 975
1340 1341
1982 1983
688 689
933 934
1975 1976
1984 1985
943 944
323 324
1396 1397
1519 1520
1769 1770
1281 1282
1468 1469
887 888
215 216
157 158
1118 1119
399 400
1142 1143
1412 1413
404 405
1597 1598
1566 1567
893 894
273 274
1764 1765
56 57
920 921
1235 1236
1991 1992
1332 1333
1159 1160
897 898
8 9
969 970
199 200
1075 1076
249 250
901 902
180 181
100 101
1337 1338
584 585
1004 1005
310 311
750 751
1831 1832
669 670
325 326
1329 1330
1473 1474
829 830
1351 1352
1526 1527
1876 1877
982 983
1191 1192
1135 1136
1440 1441
1253 1254
712 713
780 781
790 791
464 465
1322 1323
89 90
552 553
1733 1734
1521 1522
1543 1544
1187 1188
1586 1587
654 655
1151 1152
1126 1127
1623 1624
247 248
1886 1887
560 561
1242 1243
964 965
468 469
814 815
538 539
857 858
1815 1816
1419 1420
645 646
444 445
1950 1951
1400 1401
1910 1911
327 328
284 285
663 664
1323 1324
1025 1026
1409 1410
578 579
75 76
94 95
797 798
1257 1258
149 150
478 479
1718 1719
993 994
1829 1830
1093 1094
428 429
440 441
1814 1815
62 63
662 663
123 124
1872 1873
1746 1747
664 665
345 346
1309 1310
339 340
845 846
301 302
959 960
1842 1843
1138 1139
381 382
1176 1177
1252 1253
977 978
454 455
1861 1862
978 979
1435 1436
653 654
1221 1222
1204 1205
47 48
1180 1181
916 917
1770 1771
1515 1516
150 151
1088 1089
1625 1626
1327 1328
195 196
953 954
1833 1834
1926 1927
414 415
668 669
1363 1364
375 376
492 493
1919 1920
1681 1682
6 7
409 410
571 572
443 444
966 967
734 735
1056 1057
318 319
383 384
967 968
463 464
1328 1329
842 843
882 883
781 782
1474 1475
488 489
840 841
563 564
435 436
874 875
1752 1753
608 609
904 905
711 712
868 869
1262 1263
1896 1897
787 788
1812 1813
172 173
1189 1190
465 466
1636 1637
1514 1515
3 4
956 957
456 457
1283 1284
935 936
884 885
193 194
634 635
1943 1944
1297 1298
40 41
871 872
1992 1993
1921 1922
1591 1592
1049 1050
551 552
179 180
353 354
1237 1238
1607 1608
1195 1196
1887 1888
1405 1406
876 877
1885 1886
408 409
1307 1308
1143 1144
834 835
270 271
1605 1606
107 108
930 931
92 93
1807 1808
1897 1898
940 941
1614 1615
447 448
1686 1687
1611 1612
286 287
460 461
1536 1537
330 331
80 81
601 602
1016 1017
1748 1749
88 89
1579 1580
1721 1722
387 388
1530 1531
1164 1165
1989 1990
1222 1223
1542 1543
1888 1889
1535 1536
1102 1103
1734 1735
567 568
1145 1146
1947 1948
491 492
1140 1141
1685 1686
457 458
1100 1101
130 131
1945 1946
1870 1871
841 842
809 810
945 946
1181 1182
349 350
217 218
1852 1853
161 162
1017 1018
1371 1372
1483 1484
2 3
1503 1504
139 140
652 653
1706 1707
1643 1644
482 483
114 115
1229 1230
450 451
675 676
646 647
52 53
221 222
343 344
1292 1293
1523 1524
1019 1020
1082 1083
20 21
1282 1283
1862 1863
1458 1459
1161 1162
1946 1947
1012 1013
331 332
1411 1412
30 31
1683 1684
66 67
899 900
105 106
164 165
719 720
1825 1826
564 565
607 608
923 924
181 182
498 499
1475 1476
1203 1204
798 799
260 261
1374 1375
1778 1779
1796 1797
535 536
1404 1405
637 638
1700 1701
1169 1170
1550 1551
1760 1761
1431 1432
1439 1440
263 264
11 12
1106 1107
730 731
873 874
147 148
1626 1627
609 610
1675 1676
998 999
402 403
1057 1058
774 775
1448 1449
1726 1727
1119 1120
1024 1025
1971 1972
365 366
210 211
78 79
162 163
294 295
770 771
61 62
918 919
272 273
1793 1794
10 11
208 209
97 98
1313 1314
1228 1229
133 134
411 412
285 286
90 91
1573 1574
1115 1116
815 816
198 199
341 342
14 15
231 232
1277 1278
816 817
1385 1386
1117 1118
589 590
732 733
476 477
1546 1547
1224 1225
890 891
1538 1539
617 618
522 523
305 306
1441 1442
255 256
501 502
1436 1437
572 573
1261 1262
1341 1342
1771 1772
687 688
1301 1302
707 708
317 318
274 275
515 516
1794 1795
995 996
242 243
720 721
475 476
1129 1130
955 956
1622 1623
533 534
220 221
1680 1681
927 928
108 109
1692 1693
867 868
1578 1579
143 144
587 588
159 160
764 765
225 226
756 757
376 377
398 399
1288 1289
1429 1430
1345 1346
136 137
116 117
1811 1812
704 705
1240 1241
957 958
182 183
1367 1368
1615 1616
511 512
366 367
546 547
22 23
1738 1739
746 747
1630 1631
1457 1458
1912 1913
1627 1628
699 700
65 66
1668 1669
1745 1746
326 327
1059 1060
1373 1374
28 29
1709 1710
1719 1720
961 962
265 266
932 933
251 252
397 398
393 394
239 240
754 755
1452 1453
1194 1195
1784 1785
288 289
784 785
1109 1110
250 251
666 667
21 22
124 125
1291 1292
632 633
1104 1105
1554 1555
951 952
190 191
364 365
648 649
1821 1822
530 531
987 988
1669 1670
973 974
51 52
1038 1039
618 619
718 719
830 831
1902 1903
753 754
431 432
503 504
1072 1073
232 233
155 156
1601 1602
1691 1692
379 380
1727 1728
1434 1435
1569 1570
142 143
1471 1472
422 423
1875 1876
34 35
299 300
442 443
1339 1340
858 859
1800 1801
1428 1429
1364 1365
1068 1069
1830 1831
1035 1036
757 758
1048 1049
1532 1533
1259 1260
1044 1045
889 890
344 345
1651 1652
1782 1783
1053 1054
1677 1678
919 920
569 570
1023 1024
820 821
1096 1097
737 738
391 392
207 208
1269 1270
619 620
406 407
1453 1454
1095 1096
45 46
1071 1072
1939 1940
134 135
1855 1856
50 51
577 578
635 636
1368 1369
1932 1933
1426 1427
118 119
994 995
320 321
1130 1131
1112 1113
958 959
1823 1824
526 527
358 359
1878 1879
1652 1653
205 206
184 185
324 325
736 737
1806 1807
55 56
915 916
1743 1744
1451 1452
708 709
1539 1540
1013 1014
389 390
1165 1166
1247 1248
1893 1894
1930 1931
1904 1905
672 673
203 204
477 478
512 513
1959 1960
24 25
1406 1407
1186 1187
1285 1286
17 18
802 803
266 267
1479 1480
1225 1226
1141 1142
1352 1353
1655 1656
19 20
1099 1100
1040 1041
1270 1271
1786 1787
844 845
240 241
418 419
819 820
1114 1115
911 912
1920 1921
1199 1200
1765 1766
467 468
1206 1207
146 147
1014 1015
1980 1981
1076 1077
1348 1349
329 330
1394 1395
542 543
643 644
359 360
1873 1874
1624 1625
1661 1662
1936 1937
931 932
793 794
1594 1595
1422 1423
333 334
1493 1494
683 684
494 495
1173 1174
1167 1168
1027 1028
214 215
851 852
1838 1839
979 980
769 770
1847 1848
1900 1901
621 622
826 827
865 866
949 950
1818 1819
656 657
279 280
73 74
1678 1679
1238 1239
550 551
805 806
1496 1497
971 972
1208 1209
1207 1208
1672 1673
1705 1706
382 383
895 896
540 541
194 195
1858 1859
523 524
640 641
1384 1385
200 201
235 236
1484 1485
1762 1763
622 623
140 141
1034 1035
1859 1860
222 223
1349 1350
337 338
761 762
1284 1285
1178 1179
1600 1601
1216 1217
490 491
122 123
295 296
377 378
1128 1129
1575 1576
1874 1875
1177 1178
1381 1382
1018 1019
1612 1613
825 826
59 60
1278 1279
1773 1774
432 433
1094 1095
1645 1646
1050 1051
518 519
1052 1053
870 871
751 752
832 833
1584 1585
291 292
489 490
1915 1916
455 456
1450 1451
1646 1647
168 169
1402 1403
520 521
794 795
206 207
1190 1191
109 110
1499 1500
189 190
63 64
187 188
782 783
334 335
1662 1663
847 848
1466 1467
1358 1359
1548 1549
1276 1277
684 685
1951 1952
1941 1942
1882 1883
1296 1297
83 84
1549 1550
1666 1667
1720 1721
529 530
1632 1633
852 853
1949 1950
1810 1811
917 918
1590 1591
692 693
1583 1584
1508 1509
1006 1007
1449 1450
126 127
1956 1957
1963 1964
519 520
922 923
1923 1924
278 279
980 981
1185 1186
60 61
1245 1246
1533 1534
881 882
1644 1645
1715 1716
1498 1499
234 235
714 715
1073 1074
1581 1582
1421 1422
1572 1573
434 435
1780 1781
67 68
735 736
975 976
1357 1358
1425 1426
35 36
1355 1356
667 668
908 909
1326 1327
856 857
1021 1022
1067 1068
1707 1708
944 945
1587 1588
1183 1184
999 1000
532 533
531 532
171 172
912 913
76 77
1996 1997
726 727
554 555
267 268
886 887
125 126
1603 1604
85 86
1110 1111
574 575
1267 1268
1922 1923
990 991
1386 1387
1274 1275
749 750
855 856
1728 1729
481 482
1589 1590
1036 1037
859 860
817 818
1354 1355
1687 1688
1740 1741
127 128
742 743
1210 1211
1917 1918
1763 1764
710 711
1964 1965
128 129
315 316
439 440
1750 1751
1629 1630
1366 1367
438 439
1461 1462
1656 1657
1528 1529
357 358
1233 1234
1454 1455
615 616
960 961
1798 1799
1737 1738
283 284
1957 1958
1317 1318
1557 1558
1837 1838
1927 1928
1970 1971
807 808
700 701
1160 1161
843 844
1775 1776
1790 1791
1676 1677
812 813
1995 1996
1393 1394
441 442
1387 1388
1432 1433
837 838
660 661
791 792
1078 1079
1803 1804
33 34
229 230
29 30
1254 1255
1182 1183
311 312
1960 1961
420 421
611 612
1999 2000
891 892
58 59
1604 1605
1491 1492
1892 1893
350 351
788 789
191 192
1080 1081
1776 1777
31 32
1540 1541
1832 1833
268 269
745 746
86 87
1813 1814
777 778
1055 1056
1889 1890
1492 1493
43 44
177 178
1679 1680
1805 1806
1246 1247
1618 1619
209 210
1955 1956
1911 1912
1606 1607
1011 1012
694 695
997 998
1663 1664
1361 1362
502 503
1097 1098
1741 1742
1883 1884
1211 1212
245 246
368 369
103 104
254 255
264 265
1172 1173
1136 1137
1684 1685
740 741
903 904
369 370
1470 1471
610 611
808 809
576 577
1708 1709
1785 1786
1948 1949
79 80
1783 1784
170 171
486 487
733 734
1699 1700
606 607
562 563
378 379
1998 1999
800 801
72 73
1230 1231
1427 1428
934 935
992 993
1039 1040
1961 1962
789 790
292 293
1789 1790
1544 1545
1490 1491
1534 1535
833 834
547 548
516 517
600 601
1704 1705
1674 1675
748 749
1908 1909
738 739
5 6
983 984
1303 1304
613 614
1029 1030
1767 1768
302 303
1306 1307
739 740
655 656
1551 1552
385 386
49 50
1871 1872
1299 1300
1346 1347
1236 1237
1849 1850
277 278
1273 1274
9 10
644 645
1716 1717
1403 1404
53 54
728 729
1465 1466
1610 1611
1356 1357
1084 1085
201 202
405 406
1753 1754
461 462
1509 1510
1639 1640
1724 1725
877 878
417 418
1486 1487
1022 1023
212 213
928 929
689 690
1529 1530
1541 1542
650 651
1824 1825
1481 1482
1476 1477
1558 1559
1197 1198
1924 1925
1880 1881
1933 1934
1293 1294
253 254
1478 1479
1967 1968
425 426
1836 1837
698 699
1231 1232
1507 1508
1853 1854
1822 1823
996 997
725 726
1592 1593
1158 1159
588 589
1772 1773
332 333
691 692
862 863
633 634
48 49
1631 1632
795 796
507 508
566 567
968 969
1599 1600
1171 1172
682 683
16 17
888 889
1272 1273
580 581
1132 1133
1938 1939
1609 1610
452 453
1244 1245
505 506
1227 1228
796 797
860 861
1264 1265
458 459
39 40
462 463
1279 1280
989 990
1993 1994
1108 1109
1054 1055
95 96
1319 1320
854 855
821 822
1868 1869
241 242
1407 1408
543 544
853 854
27 28
115 116
1574 1575
1863 1864
593 594
166 167
747 748
565 566
641 642
596 597
1308 1309
15 16
701 702
1214 1215
743 744
1983 1984
1033 1034
1751 1752
1098 1099
772 773
137 138
196 197
1121 1122
257 258
1616 1617
69 70
878 879
1198 1199
1258 1259
429 430
485 486
506 507
74 75
415 416
1638 1639
1552 1553
649 650
1155 1156
1654 1655
1717 1718
96 97
758 759
1334 1335
1562 1563
1464 1465
360 361
1365 1366
1828 1829
1275 1276
362 363
298 299
394 395
1302 1303
1934 1935
227 228
1571 1572
1694 1695
1418 1419
1219 1220
1232 1233
1840 1841
13 14
583 584
1310 1311
703 704
1890 1891
1929 1930
1338 1339
681 682
1469 1470
954 955
963 964
1925 1926
262 263
729 730
141 142
555 556
549 550
590 591
846 847
799 800
620 621
1520 1521
594 595
472 473
106 107
427 428
1455 1456
938 939
57 58
836 837
803 804
1150 1151
