2000 2000
590 768
1222 1798
889 327
1141 1256
778 1170
1436 1725
1436 1214
322 651
1222 345
322 1890
978 785
978 377
778 934
778 705
1436 453
978 1966
590 395
1222 1681
889 669
322 1202
1423 316
1436 740
1335 673
889 1271
1335 801
1335 1783
1141 53
889 473
590 591
322 1306
590 755
590 734
1335 1306
1141 1271
978 1232
1436 937
590 199
1222 1899
889 1526
590 1271
1423 1548
322 673
778 281
1436 1966
889 884
1335 477
978 673
322 1037
322 773
1436 1374
1423 477
1222 827
322 1619
1222 1450
778 281
889 70
978 1229
978 471
978 1557
590 1252
322 1557
778 469
889 395
590 350
590 1299
1222 1256
590 630
778 341
778 1388
1335 1585
590 1899
1436 1966
1222 106
1423 1271
889 91
322 1902
1423 1450
1436 7
590 91
978 86
322 945
590 157
590 1404
1436 1204
1335 827
889 1238
1222 1938
978 1358
1222 1256
1335 1250
1222 1602
978 1264
590 70
1335 945
1423 881
1335 1946
322 705
322 740
1335 594
889 313
889 1518
1423 1386
1335 594
590 70
1335 157
1141 322
1222 622
1436 471
1141 673
1141 378
590 448
322 1751
322 1825
322 1825
778 1019
1423 339
1335 1518
1436 1146
1222 1203
889 1564
322 1306
322 1808
1335 1564
1436 316
590 1221
322 1221
1141 1501
322 673
590 106
1222 1202
1335 1725
1423 1449
322 316
778 738
1222 1943
778 1335
322 1374
889 1938
1436 1520
978 1518
1141 1725
889 1136
590 1204
1141 1507
590 1507
1222 544
778 1518
1436 333
889 281
778 1798
1335 630
1335 934
1436 1222
1222 827
1222 1890
1141 473
590 1146
778 1309
1423 630
1423 397
1335 86
1141 380
978 471
1222 1238
778 470
590 395
889 937
778 705
1335 380
1141 1250
1423 1221
1141 377
1423 377
1222 755
1423 155
590 1318
322 1946
1436 1526
1436 86
322 945
978 86
978 1243
1335 931
322 1335
1423 1214
1423 1358
978 937
778 164
322 53
1423 397
889 646
590 1374
322 1799
778 1365
1141 357
1141 1758
1436 436
1436 350
1436 1450
590 1347
1141 705
978 1202
889 712
1335 1110
1436 937
1436 773
778 533
978 1150
1423 731
889 432
322 1382
1335 1456
1222 136
590 881
889 827
1222 1966
978 1743
978 1037
1335 673
590 1474
1436 1213
778 316
590 630
1222 397
889 1730
1141 740
1335 164
590 1236
1141 155
590 1374
1141 1335
1222 313
778 1855
978 1334
322 281
978 183
1141 1520
1335 443
1222 106
590 540
322 1238
590 931
1141 764
1141 448
1141 1334
978 345
322 734
322 764
590 1170
978 1221
889 1863
978 20
1423 91
778 1342
778 327
1436 1243
590 1335
1335 768
1335 937
778 801
590 432
1222 470
978 1855
1436 1623
889 1256
1141 1374
978 801
1335 1564
590 333
1436 1202
1423 1303
1141 1146
889 1222
1423 1214
778 1681
590 50
1141 1338
1222 1306
978 395
978 402
978 1250
978 469
1436 646
1141 731
1335 1808
1222 544
1222 1681
1222 884
889 1404
590 1290
778 1334
1222 785
1222 477
978 931
1222 734
889 731
1335 1204
1436 432
322 339
590 1681
1423 470
1222 1306
1436 470
1436 453
1141 53
322 1681
590 1899
1222 705
1222 350
322 1440
590 1808
1141 102
1423 289
978 606
1436 378
978 594
1423 1681
1222 1318
778 1456
1222 827
889 1203
1423 620
322 1334
1423 738
1141 712
590 1931
889 1730
322 1252
1335 1146
590 1564
889 1388
590 1890
1423 513
1423 891
978 1306
1423 507
1423 281
1222 7
778 606
1436 1117
889 381
1335 1863
889 622
1222 544
322 470
1222 1303
1423 1743
1423 1388
322 712
1141 712
1141 1117
1222 630
1335 1429
1436 1623
1423 1779
978 705
1436 289
322 470
1436 591
1423 1450
590 313
1222 646
978 1213
322 1892
1423 1743
889 1918
1141 731
1335 183
778 90
1436 377
322 327
978 313
978 345
1222 937
322 738
322 157
889 877
978 322
1436 1388
1436 376
1423 339
1423 301
1423 322
778 164
889 1382
889 1456
1335 630
322 755
590 1388
978 1798
1222 1213
978 402
778 333
1141 827
978 1946
889 1798
1141 1450
322 395
889 1136
978 718
1335 1440
1423 1938
1335 1303
1141 1938
1141 1429
778 1798
889 1204
1141 7
1141 945
590 1136
1436 341
889 768
322 1772
1222 1150
889 1236
978 106
978 1374
1436 929
1423 594
978 1440
590 1992
889 1309
1436 1943
322 1548
889 357
1222 1117
1423 378
1423 1743
1335 1456
889 937
889 1202
590 402
778 1557
322 42
1141 1228
1141 1518
590 1342
778 50
978 1429
1436 1299
978 1150
1222 884
1335 333
889 540
1335 1046
590 1117
978 1892
1222 471
889 397
322 773
1222 1557
889 1117
1222 1450
889 620
1423 436
1222 1347
1423 117
322 705
322 199
1335 768
778 934
978 1303
1335 20
778 136
1436 1030
978 1365
590 1019
1141 1619
322 1250
1141 1030
1141 1890
1423 617
889 397
778 106
889 1456
778 357
1335 313
778 934
1141 443
1436 764
889 453
778 1117
322 453
978 1918
1436 1309
1222 1884
1141 1117
1335 1213
1436 934
322 1683
978 1884
778 1925
889 102
590 381
590 1281
1436 155
1141 357
978 1440
322 540
590 199
1335 1318
889 591
778 544
1335 1281
978 1992
1423 155
978 1117
1141 579
322 1030
1222 1229
1436 1203
1335 1306
322 117
322 1616
322 1884
978 1892
1141 70
1141 1030
889 740
322 1456
1222 432
322 764
322 591
1141 1146
1423 345
1436 1743
590 1203
978 473
889 443
1436 1290
889 1202
1222 1992
322 1347
889 1585
778 931
778 1779
778 1918
978 1815
1141 1619
590 1892
1436 881
978 1931
978 102
978 1429
1436 183
778 1725
322 1347
1141 594
1436 164
322 881
778 785
1222 1751
889 827
1423 1938
590 617
1436 1652
1222 1564
778 884
1222 1925
978 1990
1222 1299
778 90
322 773
1436 1117
1335 1252
1436 1815
590 937
1423 1318
322 395
1222 617
590 1548
322 579
978 278
1335 164
1423 1943
590 350
778 1236
1141 1388
590 1202
1335 1204
778 651
889 1449
1436 651
590 579
889 1940
1436 254
778 718
322 278
322 453
590 1743
1222 1046
590 1683
1335 945
1423 1825
1222 1711
1423 1518
1141 579
322 768
1335 376
1423 301
778 333
590 436
322 1170
1423 738
1423 357
1222 1940
1141 1652
1423 827
889 1815
978 1855
778 1943
322 432
322 1564
1423 448
778 50
590 1050
778 785
1222 785
590 53
978 1204
1335 651
322 1855
590 1232
590 533
1141 1110
1141 1815
778 1228
1436 1652
1436 380
889 1619
1335 1271
590 341
590 606
1335 1306
322 1232
778 402
1423 718
1335 1204
1141 301
1335 705
889 1338
1335 1290
1436 1725
1335 1203
1436 155
1423 50
778 1318
590 155
889 764
1335 469
778 1990
1141 1306
778 881
322 1214
778 646
978 1203
778 199
978 1992
978 513
889 734
778 1602
1423 1619
590 1507
978 755
1335 380
778 544
778 1548
1335 622
1436 1892
778 7
590 1449
590 1456
1335 1342
1335 1347
1335 1751
1436 1751
889 1229
1141 620
978 877
1423 1374
978 630
778 136
1222 929
1335 929
778 1925
322 322
1141 1204
889 157
889 513
1222 1046
1222 1863
322 1725
1222 1214
1141 1518
889 395
1423 734
1222 470
1141 1711
889 1884
1335 718
1222 1318
978 1117
322 937
978 327
1423 1404
1141 1899
1423 301
1222 594
978 1940
590 278
1222 1623
1141 1880
1222 378
778 1386
322 381
1141 1030
1141 669
778 630
1436 102
322 1204
1141 891
1436 755
1423 1030
1222 378
1222 1799
889 1808
1423 945
1335 199
1222 929
978 1683
322 1318
1436 339
1141 540
1222 1681
1335 397
1423 1404
978 1772
1222 1222
778 453
1141 155
1335 1334
1141 1303
1141 973
1423 1808
1141 1501
590 1730
1436 1548
778 453
1436 345
1335 1548
1335 630
1141 322
1141 199
1423 402
1335 1388
889 1855
778 470
889 1758
590 734
778 622
778 157
590 1526
978 313
322 1616
1436 1548
1423 1946
322 1309
1141 622
1222 1374
1423 1798
1423 1271
978 602
322 157
1436 443
778 380
978 380
889 622
1423 773
1423 1365
1335 339
1335 1652
1436 470
1335 594
590 1228
1436 1342
1141 7
1436 106
978 1271
889 891
889 350
322 1946
1335 1892
590 785
1335 785
1222 1855
889 973
978 1683
1423 1730
1335 1335
978 1382
889 622
1141 20
590 1228
889 1683
1141 90
889 357
889 1037
590 471
590 1585
1222 731
778 1892
590 1943
978 1150
1335 1388
1423 289
1222 740
778 1825
1141 397
1222 1518
322 1623
590 673
1141 469
889 1743
1335 1943
978 289
978 594
1222 1526
889 357
778 1150
1141 378
590 1388
322 20
1222 945
1335 1250
1423 1214
889 1990
1222 341
978 1232
1423 1725
889 1271
1335 91
978 1902
1423 1136
590 705
1141 90
889 1938
889 42
590 1303
1436 1938
590 1990
1222 473
1423 1243
1423 1429
778 768
889 1342
1335 1520
778 630
1423 620
778 1518
590 1931
778 622
1335 854
1436 1711
978 53
778 164
322 1940
1335 1303
778 380
590 1335
1335 1232
322 1652
978 1456
1423 1585
1335 1150
778 1808
1222 1526
590 755
1222 1318
1436 102
889 1440
1423 1683
1335 1204
1222 1825
978 1236
978 1264
778 199
322 136
322 1992
889 1652
1436 1730
1335 533
978 448
322 1338
590 1966
778 333
590 1030
778 448
1436 591
889 712
1335 1306
978 1229
1335 473
1141 341
1222 731
322 1943
978 20
1335 327
1222 53
1141 1681
1141 1312
1222 1388
1436 248
889 376
1141 1136
1423 877
978 1365
1141 854
1141 102
1335 1050
1335 1474
1222 827
1141 1303
590 1037
1436 669
1335 1774
1141 1884
1141 1990
778 443
1423 622
1436 579
778 1711
322 1808
778 1228
778 1779
1222 102
322 1880
889 1306
1335 1440
1141 544
1423 1228
322 1170
1335 884
1141 70
889 1309
1335 1374
1141 1318
1436 785
889 1019
322 90
1222 881
1436 1203
778 1518
1335 402
778 1019
978 1585
1141 1243
322 533
590 1429
1222 1808
1141 1772
322 1825
1423 718
590 1815
1436 1306
590 1222
978 471
1335 1564
1222 1429
1141 470
1141 322
889 785
1335 1918
978 606
778 1450
1335 1222
1141 1783
322 1880
1423 764
1141 1309
889 42
1222 1204
1335 381
1335 712
1222 199
889 333
978 1474
778 533
889 254
1423 705
590 1619
1335 183
1423 1335
1335 70
1222 1966
322 281
978 731
889 20
1436 1170
1222 718
1436 1290
322 1779
1436 357
778 1214
978 1779
889 1386
1141 53
978 1892
1141 1863
322 1450
778 738
889 617
1141 934
1222 507
1436 248
322 477
1436 453
322 1046
889 289
778 1309
1141 1306
1141 1342
1436 606
1335 579
1335 1890
322 1309
1335 1238
1436 1992
1436 1751
1141 278
1222 533
1436 1214
1335 1264
1141 1940
322 50
1141 278
322 248
778 1619
778 740
889 1548
1335 1271
978 1382
1141 669
590 469
1423 1299
978 1238
590 473
1436 1228
978 1946
978 507
1423 1388
778 1374
590 1382
978 86
889 1899
590 1347
1436 402
322 1222
1335 1758
1436 20
778 1557
322 1214
590 1526
778 1779
590 339
1222 313
889 1518
978 1030
322 477
1141 877
322 1271
1436 117
1423 1992
889 436
978 1306
978 1382
1222 1652
978 397
322 448
889 106
590 1507
322 157
1222 540
590 1228
322 1221
1141 1214
1436 1652
1436 1931
1436 1711
978 1204
1141 884
1141 1202
978 1204
778 1221
1222 1213
778 436
322 507
889 881
889 448
889 1256
1335 1271
322 301
1141 755
889 1863
1222 617
1222 1203
1436 436
1436 1619
778 1585
778 712
978 1046
889 313
978 740
1436 1170
889 718
1335 1440
1423 345
778 477
1222 617
889 50
590 1347
978 1825
778 443
1222 1221
322 1880
590 381
1335 1564
1222 1507
322 339
978 1252
778 1619
590 443
1335 327
978 1236
978 436
590 1136
778 1264
1436 397
1436 1758
1436 1117
1423 1799
1335 602
1335 544
590 1404
1335 768
1141 606
1222 544
778 1808
978 42
778 381
322 731
978 931
778 316
778 1798
1423 1564
1141 436
978 402
1436 602
590 70
1141 7
590 881
590 1202
1423 1652
1141 1299
1335 1619
322 402
1436 1652
1141 106
1222 1799
322 1202
978 1136
1222 1798
1141 1236
1222 1501
1335 891
978 768
1335 1203
978 579
778 1306
1141 1918
1423 1374
1436 1342
322 1774
1436 1204
1436 1243
322 1050
1141 1440
978 1783
590 322
1335 1203
1222 740
322 1623
322 341
778 20
778 395
889 1931
590 381
590 42
1423 1940
1141 507
778 378
1423 157
1222 755
1222 1772
978 1170
778 973
1436 1228
1335 1358
778 91
322 934
978 1146
889 477
1436 1365
322 929
778 1966
978 1404
778 1374
978 313
1436 281
322 1863
778 91
1141 381
978 1232
322 470
322 1238
1141 1585
978 1798
1436 622
1335 102
978 1347
590 20
590 1146
1141 1943
1141 785
1436 785
1423 183
1335 42
978 473
889 1290
1423 471
1423 1202
889 1783
1141 740
978 533
1436 1386
1141 1335
778 620
1436 884
590 513
322 1256
1335 630
889 254
1423 322
978 673
590 1264
889 507
1436 1602
1222 1050
1335 1456
978 1050
889 768
1423 1890
1423 630
978 1232
1335 1365
1141 1037
1141 1474
978 651
978 1616
889 591
889 1683
1222 705
1222 738
1141 1264
1423 1520
590 1892
590 91
590 1429
1335 436
889 1440
978 1992
1335 1825
322 86
1423 1312
1436 157
590 106
322 1507
1335 1743
1423 1037
322 1526
1141 1429
978 937
889 533
322 1374
1436 316
322 402
322 1815
889 705
1141 884
1141 1798
889 117
590 1221
889 345
1141 651
978 1110
590 646
590 1456
978 1309
1423 1743
590 937
1141 630
889 1050
590 622
590 698
778 1808
1335 1386
1335 301
978 1429
778 86
1141 1474
978 470
1423 1616
1141 380
889 1815
1423 1990
978 1564
1436 1751
889 718
1423 377
978 1518
978 1374
590 157
1222 617
1423 1256
889 469
1436 591
778 1616
1141 1440
1436 1290
1423 1213
1436 1616
778 929
1423 1931
978 1585
590 1585
1141 1890
322 164
778 1990
1222 1030
889 70
1222 357
322 1730
889 1309
889 183
889 1520
1423 1334
1423 673
1423 1683
590 86
1436 1170
1436 1564
322 1236
889 1110
1436 934
978 117
1423 327
590 1890
778 620
1141 1772
1141 929
1436 1318
1222 891
1141 1250
322 891
322 755
978 1203
889 1751
778 1501
1335 1386
1423 1037
1335 1440
889 1264
1141 1751
590 1252
778 473
1222 377
889 768
1335 1938
590 470
1335 881
322 1229
1423 301
778 764
1141 507
590 289
1436 1229
1222 102
590 1940
978 448
889 7
1335 738
1423 377
1335 1772
1141 768
322 1652
889 973
1222 155
1141 155
1335 1799
1141 827
1436 579
889 443
1436 1946
978 1725
1423 339
1335 1743
1423 1783
322 1940
1335 705
778 53
1141 718
1436 1110
322 183
1423 155
1222 937
590 1507
322 1170
889 1386
1141 1222
978 1335
1423 1902
978 254
590 301
590 1335
590 738
1436 278
978 473
1222 881
322 341
1423 381
590 1772
1436 1548
1423 316
1141 1783
1222 1902
322 622
778 248
889 1507
889 1136
889 1783
1423 1204
1335 20
889 443
1436 1725
1436 1318
889 53
978 1557
978 1585
1436 1252
1436 1335
1141 1501
322 136
1222 768
978 884
778 1229
1423 1309
1335 470
889 718
1436 617
322 1250
978 1798
1222 1312
1141 443
1436 1256
978 1030
1222 380
978 157
1436 1449
1436 402
590 1783
1141 734
1423 1518
590 1779
322 1150
1141 1429
1335 579
778 157
322 544
978 1938
978 1798
1335 1943
1222 91
889 1943
778 1229
322 594
322 1863
889 533
978 1815
778 436
590 1358
1423 718
889 1474
978 785
1141 579
1423 1992
1141 1037
322 617
978 1110
590 155
1423 591
590 773
778 183
978 157
889 945
1222 281
590 1825
1335 1474
1423 1652
1141 785
1141 630
1335 1050
1141 53
322 785
1436 313
1423 1507
590 755
322 199
590 1619
1335 738
978 469
1423 1855
1141 1204
322 1050
322 345
322 341
590 620
1423 620
1222 1808
322 378
1222 1256
978 1681
889 1303
1222 651
1436 507
322 1799
1335 1037
978 117
1423 1990
1222 345
590 1880
322 1449
1423 357
1436 1526
778 1358
778 1222
590 1743
1423 1518
590 931
1423 1050
978 1290
778 1880
1436 1309
889 102
889 934
1436 630
1222 1966
590 322
1335 90
1222 1449
1423 533
590 937
1423 345
1436 1938
1141 50
590 1312
978 1456
889 157
590 1358
1222 1342
322 1743
1222 1751
1222 1243
590 1474
1222 1585
1423 1382
978 1250
1141 1358
1141 281
590 734
1436 1751
1335 1918
1222 313
778 50
1436 934
322 877
1222 136
322 1938
1436 1711
978 768
1141 333
1436 740
1335 436
322 1204
1436 1404
1436 432
1436 1338
322 91
1423 1252
1141 1236
889 1342
778 289
1423 1365
1436 591
1141 544
590 1213
778 1899
1423 881
1423 1037
778 734
1423 540
1335 877
1423 1616
1141 934
1423 471
1141 507
590 1557
778 1730
978 1222
889 333
1222 705
778 544
590 934
1436 785
1335 854
889 1449
1141 1520
889 731
590 620
1423 7
322 281
778 606
978 1992
889 1758
322 183
1436 1783
1335 1271
322 1456
322 376
1335 1019
1222 1585
889 1992
889 1221
889 533
778 42
889 1557
889 1250
1423 712
1335 1931
1436 891
778 646
978 432
889 1450
1436 477
1335 1347
590 1312
1222 395
590 1374
1423 70
778 1214
1436 738
1423 740
1436 102
1335 579
778 884
1423 378
322 579
1423 248
978 1501
590 945
1423 1880
778 1318
1436 345
889 513
1436 854
1423 1520
889 1382
889 1136
889 91
889 937
1436 931
590 1681
889 157
590 507
1141 86
1335 199
1222 1725
1423 1474
1423 313
1423 594
590 620
778 1758
778 1751
778 1501
1436 301
1222 854
1141 1338
1141 7
1423 1798
1141 1309
590 1050
889 734
1141 1474
978 50
590 1243
1423 738
778 90
889 533
590 1619
1335 1808
1423 1146
1335 470
322 90
1141 931
590 378
978 1221
889 731
889 1456
322 1725
978 1758
889 740
1423 1110
978 254
1423 973
1335 673
889 1214
590 705
1335 1725
1436 1902
1222 937
978 973
322 341
1222 734
1335 1616
1436 1449
1222 155
1222 1450
1141 91
1222 473
322 945
778 1214
1335 606
1436 698
322 1602
1335 436
1141 1204
1423 1358
1222 622
1141 1290
1222 106
778 183
889 443
1423 669
778 1507
1423 1243
889 764
889 341
322 1281
1222 470
978 1892
978 1150
1222 7
1141 1374
1335 698
1141 1585
1423 90
322 617
778 1203
322 1365
1335 854
1335 1623
1436 1774
889 183
889 333
322 443
1335 1652
778 1404
1423 1117
778 1501
1423 1751
978 248
978 734
322 1243
778 327
889 1990
889 1946
1436 1992
1436 1940
1335 443
889 540
978 376
1423 1619
322 345
978 1652
590 91
590 1338
1335 1966
590 1404
322 117
590 1238
978 1456
322 1232
1335 1925
1423 1892
590 377
978 1557
1423 1271
1222 1306
889 1229
590 1290
590 1214
778 1228
889 937
1141 579
1335 471
778 278
322 1990
1335 622
889 1271
590 712
1335 877
1423 1202
1222 1136
778 1238
1222 1303
1222 1779
1423 102
1423 1918
1141 86
1335 1526
778 1931
322 397
1436 1222
778 945
978 50
590 448
1222 740
778 345
1335 106
590 1899
1335 507
1141 1966
1141 1623
1423 768
1436 931
322 327
1141 1214
322 281
978 1931
1423 579
322 453
1141 7
1423 1222
590 281
1423 117
1141 712
1436 313
1436 1918
1335 881
889 1264
322 755
1335 1221
322 1507
778 1779
978 1243
1141 339
889 785
1141 602
590 827
889 1232
778 764
978 397
590 1931
778 471
978 157
778 1136
1222 313
778 1204
889 1146
1423 1681
889 1758
322 1203
978 579
1436 70
322 1170
1436 278
322 507
778 1365
978 1264
778 1966
322 1404
322 1518
978 1136
1436 591
889 891
1335 579
1222 1334
778 877
889 594
1423 1946
1436 646
1436 1338
778 254
1335 1202
322 884
590 617
1141 381
1436 448
1436 1855
322 1429
1222 470
1436 712
322 102
889 1236
889 1501
778 1382
1423 397
1436 1779
1423 470
1141 1772
889 327
978 289
1222 50
978 1312
1222 1758
322 1204
889 50
1423 630
1423 1730
322 1204
322 106
978 854
1423 1449
322 540
590 1203
1222 1429
1423 376
1222 1652
590 934
889 376
590 443
1222 333
889 1232
590 376
978 1388
778 1623
778 1202
978 183
1423 102
1436 854
1141 1616
778 1037
889 1019
1222 827
1436 1623
889 1019
778 1229
1141 507
978 1318
778 380
889 1146
1423 740
778 630
1222 1202
1423 1619
778 544
590 1751
1335 718
978 448
322 1779
778 533
322 1338
322 397
1222 339
778 544
590 377
1222 1725
978 1382
978 1890
978 155
1436 1250
1222 1585
1423 1236
322 594
1436 827
322 289
1423 1990
1141 513
1222 1938
1141 620
1222 1110
778 1449
