2000 2000
1336 1681
1793 747
1100 1653
448 1356
1478 3
330 1933
1793 1474
1366 1642
330 599
652 216
1478 939
1478 509
330 1826
1478 1204
387 573
1366 468
1336 623
330 573
387 285
263 578
1366 1681
448 625
1336 1194
1478 1341
1336 461
387 1356
330 599
263 271
652 468
448 721
387 468
652 1194
1336 3
1336 820
652 1775
652 3
448 1911
1366 625
1100 1978
1100 1642
1478 1775
1100 542
1336 401
1793 401
448 1923
330 599
1100 1341
1336 1653
387 402
1336 1826
1478 461
263 163
387 542
1336 939
1793 402
387 1658
1100 216
1336 1923
1366 1923
448 1923
448 1923
1336 1776
387 542
1793 1923
263 509
1366 1978
387 578
263 1933
652 623
1478 1409
1478 1933
1336 1341
1793 1409
1366 939
1478 1080
1366 747
1366 285
387 721
387 224
1478 401
1336 820
1336 216
1793 402
652 1356
1336 1193
1336 599
1100 134
448 1204
330 271
448 1204
1100 509
1793 1658
448 1356
263 578
448 1559
330 939
1366 1658
652 647
1336 224
1793 1681
652 1029
652 747
448 401
1478 578
448 1866
330 1356
330 1658
1366 163
1366 1370
387 509
448 1987
1100 1866
1478 461
1793 1902
652 894
1793 468
330 625
1366 1559
330 1775
1100 1933
263 1933
387 1902
1793 1826
1336 1776
1336 1923
652 1923
652 271
448 401
448 1902
263 1978
330 163
1100 163
1336 1978
1478 401
263 1866
387 1923
1366 134
652 1978
1336 623
387 3
263 1933
448 1911
652 599
1793 163
1100 647
652 1409
387 573
387 224
1336 461
1366 224
652 894
1336 542
387 1204
387 1642
1366 1080
1336 1978
387 1911
1366 1923
448 468
1100 894
1478 1681
652 1923
1336 1933
1478 1080
652 542
1366 820
263 939
1100 1681
1336 1902
448 1341
387 625
1336 747
1366 1193
448 134
330 625
1336 468
330 1923
1366 624
448 1923
263 1356
448 1341
1793 820
1100 1642
1793 820
263 1341
1100 1356
1100 1933
1100 3
1100 1029
330 1775
1793 1193
1366 285
1100 1923
387 468
1793 623
1100 1193
330 134
652 820
652 578
387 599
330 1775
1100 1029
1793 1559
1100 1356
1100 163
1478 1642
1336 134
1366 625
1478 3
448 747
652 402
387 573
652 1559
1793 820
652 894
1336 1193
330 721
652 1658
652 1029
448 939
1793 224
448 271
263 216
652 894
387 402
1478 747
1100 271
1793 1902
448 1474
387 1029
652 224
1478 939
652 224
1478 1029
1100 894
1793 1987
263 1642
1793 1642
1100 468
1336 623
1336 573
1793 1080
1366 468
1478 1029
387 1409
1336 1866
330 285
1793 1775
448 578
330 894
1793 1826
1793 1978
652 1193
448 747
1100 1194
263 1681
1100 509
330 1080
387 625
1478 1776
263 1653
1100 1681
448 3
652 820
652 285
448 224
1336 1987
263 163
1478 509
1366 1933
1100 1776
1478 1776
387 939
1100 1775
1366 1193
448 163
1100 1204
1100 647
387 1933
652 271
1366 578
1793 1193
1100 1370
1100 402
1793 1978
387 1933
652 1642
1478 1642
1366 623
1100 624
1336 573
1100 1080
652 939
1366 285
387 542
387 939
1478 1080
1793 224
330 1204
1100 401
448 1911
263 1653
1100 599
330 624
652 1653
1478 509
263 1933
1366 1409
1336 401
652 1775
1366 747
448 1193
1336 721
1366 1029
1793 578
330 820
1366 3
330 1194
1793 625
263 461
387 1776
330 1642
1366 1987
652 721
448 1978
448 1923
263 1409
1336 1653
1793 1653
263 1866
330 461
1336 1978
448 163
652 1029
1478 1658
1366 509
1336 625
652 1194
330 1341
1366 1474
1478 1911
448 747
263 747
1100 820
1793 625
1336 820
1793 578
1478 1409
1366 939
1793 647
652 1923
1478 461
263 1978
448 624
1478 401
263 1474
652 1356
1100 271
448 939
1336 1902
1793 578
387 1204
1366 271
1366 163
263 1911
1336 285
1478 1902
1100 1474
1478 1681
330 1987
387 1409
1100 1658
448 1681
448 134
448 1923
448 401
448 1923
448 1775
330 1978
263 468
387 1658
330 1029
1100 1194
1793 1978
448 1029
263 1356
1366 647
652 1029
263 747
1366 1826
448 1642
330 1409
387 3
448 1642
448 1642
448 1474
263 721
387 1356
263 1775
387 1978
387 1911
330 1559
387 401
652 216
448 1080
1336 285
330 1658
1100 1987
1478 402
1793 3
1100 1559
652 1029
1336 1866
387 721
263 1080
263 747
448 461
263 1987
1478 1194
1478 623
387 1923
330 647
1336 3
1336 163
1336 1370
1478 624
263 1559
652 1559
1793 216
387 573
387 1193
1366 461
1100 1341
448 1356
448 624
387 1194
1336 1029
652 1194
263 1080
263 1987
387 461
448 1933
652 461
1366 1826
448 1866
1336 3
652 509
652 599
1366 1642
330 224
1336 573
1366 578
387 1409
330 1341
1336 1658
330 509
263 1775
387 623
1793 1978
330 271
448 624
330 468
1366 578
263 894
263 1409
1478 285
1478 1559
652 224
1100 1029
263 1902
1793 542
263 1341
263 1775
652 163
448 820
1793 1658
330 1029
263 468
1478 1193
1100 1987
1366 1194
1478 468
330 939
1100 624
1100 1341
387 163
1478 1978
1366 647
263 1356
263 1193
1336 1642
1366 894
1793 1775
652 578
1366 1080
1793 721
652 134
263 285
1100 623
1478 578
1336 1474
448 1775
387 1204
1793 1987
652 1923
1366 623
1100 1341
1336 134
263 216
263 1987
652 1681
263 1409
1793 1653
263 1826
330 1409
652 1642
1100 1933
1100 1933
330 1029
1793 939
387 216
1366 401
1336 224
1366 578
330 1987
1366 401
1100 1658
1100 573
263 1658
448 1978
448 625
1478 1559
1366 1775
448 134
1100 1193
1366 1658
330 578
1793 509
1336 1204
1366 578
1100 1911
448 3
330 1866
448 599
330 402
448 1356
652 1826
652 542
1336 1681
1793 1866
1100 163
652 163
1366 468
1366 1029
1793 1658
448 647
1336 747
1366 747
1793 461
1100 1080
1478 894
1793 468
652 1341
1366 1356
330 1474
263 647
1100 216
330 1409
1100 1775
387 1409
1478 1080
1100 820
1478 1474
1336 625
1366 285
387 509
1793 134
652 1923
263 1681
448 224
1366 1080
1478 1826
448 468
448 285
1100 1193
448 1776
1100 1194
652 1356
387 1776
1100 623
652 1923
387 820
1793 461
1366 1681
263 1775
1336 624
263 1194
448 542
1478 820
652 1776
263 1681
1100 647
448 285
1100 1775
330 3
1366 1776
387 1923
1366 134
330 134
448 542
1100 578
1100 1559
1336 1029
263 1776
448 1029
330 1775
1100 468
387 1902
652 573
1336 624
1478 894
330 1658
1478 134
1793 1409
1793 1559
1100 1356
263 624
387 599
652 468
1478 3
1478 721
387 1080
387 1474
652 578
387 509
263 542
1100 1866
1366 1658
652 542
1793 599
1336 216
1793 1080
1366 401
448 3
330 1341
1336 1902
1366 1409
1793 1194
1793 1409
263 623
652 1658
1100 134
1478 1933
330 1474
263 1923
448 163
1793 1193
1366 894
1366 1776
387 1776
1100 599
1366 1923
263 1826
387 1933
1336 1409
1336 1642
1366 1776
1366 1029
1336 1080
1336 1080
263 3
1100 1658
1793 599
652 402
263 1029
330 1776
263 1029
1336 1978
1366 625
1366 1370
1366 461
330 1978
1336 216
448 468
263 573
387 401
1366 285
1366 401
263 542
1366 3
1366 401
1366 1204
448 573
263 1204
387 747
1478 1341
652 573
1478 625
263 1642
387 1923
448 939
387 894
1100 1866
387 224
330 402
263 1681
1478 1902
448 1923
330 1775
1366 1029
652 647
1336 461
1793 1080
448 271
1478 509
1336 1658
652 163
1336 721
1478 1653
263 747
330 542
387 1933
1478 1653
387 1775
1793 163
652 1653
652 468
1478 1409
652 1204
1478 1978
652 1681
263 402
652 578
1366 647
1793 461
1793 285
263 1826
1336 1923
263 285
1100 647
652 1474
387 224
263 3
330 1029
1793 1902
1100 1341
652 1370
1478 1193
330 542
1478 461
330 402
1793 1194
1793 1933
387 216
387 1923
1478 1658
448 747
448 1978
330 1776
263 402
1336 1826
1100 1866
387 402
387 1902
448 1409
387 134
387 224
652 1204
1793 939
1336 1681
1100 1681
330 599
1100 1826
1336 1080
330 1559
1100 1029
330 3
263 1923
1336 1826
1793 1658
1793 894
1336 216
330 1653
652 578
1366 1978
1478 542
448 224
1336 163
263 1826
652 1559
387 1681
1793 1356
330 647
1478 721
330 1776
1100 1978
263 1370
1336 542
1366 1474
263 1029
448 1658
330 1370
1366 624
1336 747
652 624
263 1923
1366 271
652 578
1336 624
652 1826
330 1933
652 573
1793 1474
652 1080
652 461
1366 134
387 285
1793 624
1336 1987
387 624
387 625
1793 1080
1478 1826
652 1987
1366 1681
1793 647
1478 468
1793 721
1100 573
1366 468
1100 224
1793 1987
1336 1866
1793 285
330 1911
1478 599
1478 1194
1100 1080
652 402
1793 1681
652 163
1366 1978
1478 1193
652 1978
1793 1559
1336 573
1366 599
1793 1341
263 285
652 1409
1366 1681
1478 624
1478 1341
330 163
1100 509
1478 163
1100 1681
1336 721
387 573
387 285
1478 894
263 224
1366 509
448 1658
1366 1559
387 747
1100 820
387 1987
1366 647
387 647
387 939
263 285
263 1341
330 721
448 573
1793 1370
1100 894
330 1933
1336 1080
387 1776
1793 1193
263 623
1100 1653
1366 1923
330 134
652 509
263 1370
1793 1029
263 625
1793 1776
1366 1194
1100 578
1793 1902
330 747
263 573
330 163
1478 285
448 1193
1336 625
1366 1902
1100 573
448 1356
387 647
1100 1978
330 573
387 625
1793 134
1478 747
387 509
1336 1370
1366 468
652 3
1793 647
1336 285
1100 721
1478 647
263 402
1366 623
330 1776
448 721
652 401
330 1370
1100 1029
1366 1559
1478 285
1366 578
1478 134
1100 721
330 1826
1366 1776
330 1559
1336 285
448 1193
1100 625
1100 820
1336 216
330 1902
263 468
387 1080
263 624
1100 542
387 573
1100 624
263 1080
1100 285
652 625
1478 461
387 1204
387 401
263 224
1366 1775
330 625
1336 939
1100 573
330 1653
1478 747
1336 1474
1100 1194
330 285
1336 1987
652 1933
263 624
387 1204
1336 1409
448 625
1336 285
1100 1642
448 1193
330 647
1478 1653
1478 1204
448 1204
1478 625
1100 1559
1793 461
1366 747
1100 542
448 216
652 1559
652 1559
387 461
1100 1826
448 461
1336 894
387 542
1366 461
1100 747
330 1204
387 1193
330 625
1336 578
1366 271
263 1681
263 721
652 1923
652 134
387 578
448 1194
448 1356
448 1370
1478 3
1336 747
1793 1341
1100 402
387 1356
1100 1356
387 624
1366 1775
1100 285
387 1409
263 1409
330 894
1478 468
1366 623
1100 647
1366 1341
1366 624
652 894
1366 625
1793 1356
330 1776
1336 1653
1100 542
1336 1978
1478 1653
1793 1658
652 1978
448 285
1336 625
263 939
448 573
1478 721
387 134
652 623
652 1653
652 599
448 1559
1793 625
330 1356
263 1474
1366 820
1336 1902
263 1826
1100 623
652 401
330 285
1100 625
330 1902
1478 578
263 1642
1793 1653
448 402
1366 625
330 401
1100 1902
652 401
1478 1370
1478 1204
448 1923
1793 224
1793 1911
1100 1923
1100 1080
387 1356
387 285
387 820
1793 1341
652 820
263 271
387 542
652 820
1478 1029
1793 1193
1478 1658
1366 1559
330 820
263 894
263 1978
387 1642
448 1978
387 1559
1100 578
1793 1559
652 3
1366 647
1793 461
1793 1080
330 1370
1366 468
330 1911
652 1902
1100 1923
1793 894
263 623
1100 1826
652 747
1336 542
1100 599
448 623
1478 1409
1478 1194
1100 1653
387 216
263 402
1366 1559
1336 1409
448 1923
1478 224
448 820
1366 1866
652 1911
652 623
652 573
1100 134
1336 625
1478 285
1100 647
652 216
1100 1341
1366 1642
330 224
1478 1341
330 1029
330 1911
387 573
263 1978
330 624
1366 271
1100 721
1478 1356
1336 1474
448 1193
330 1681
1793 623
387 1978
1100 1341
1336 216
448 1911
387 1409
1793 721
1336 1681
263 1923
1336 1775
1100 1775
1793 134
263 1356
1366 1653
652 894
1336 1933
1793 1776
1100 1826
1366 1776
387 1987
387 747
263 1642
1100 578
330 1987
1100 1642
263 1029
1366 894
1478 1559
1336 285
263 578
1100 894
263 1356
1793 1923
1100 1029
1336 134
1793 1653
1793 1775
1100 1933
1366 1356
1366 599
652 401
330 1902
330 216
263 747
263 163
448 1474
1100 1681
652 939
387 1193
330 224
387 3
1478 1204
1366 1653
1100 401
1793 1987
1793 1866
263 1653
448 1978
1478 402
1366 623
387 624
387 402
1793 461
1478 1474
1366 599
263 1080
330 509
1366 1776
1478 461
448 1987
1100 1987
1336 1029
1336 721
1100 542
448 1776
652 1776
1100 647
1793 1474
330 1080
1366 1080
448 1370
652 573
1366 1080
1336 647
1100 509
330 721
387 1080
387 542
1336 163
330 1923
1478 1409
1366 1080
1478 134
387 624
448 1356
1793 1356
1336 1658
263 1370
1793 271
1793 285
1100 647
1100 1341
263 1474
1478 894
1336 542
330 1866
448 271
1478 509
652 3
1100 578
1793 624
1478 1681
1366 578
387 1193
1336 1642
1478 1370
1100 894
1366 1474
652 461
387 468
330 224
1100 1866
448 224
263 1642
652 3
263 578
330 599
652 402
1478 573
1336 1080
1793 163
387 134
330 747
1793 1775
1100 599
1478 163
1100 1642
1336 1559
263 820
1100 721
263 1370
1100 216
387 573
1336 721
1793 1370
1366 542
448 721
1793 1474
330 1029
652 134
1478 401
652 599
1366 1370
387 1356
330 624
1478 939
1478 1356
1100 224
1336 1775
1100 402
1336 461
1793 1194
263 1826
1478 578
1793 625
263 216
448 1204
1100 271
330 647
1100 1681
387 1356
1366 1826
1100 747
1793 1987
1366 1559
652 1866
387 1923
330 599
652 1080
448 578
330 1559
330 573
263 271
652 1658
387 224
1793 285
448 1653
1793 163
1336 1474
448 1866
1100 599
1793 163
652 3
1478 1681
652 894
330 573
1793 1776
1336 401
387 509
652 1356
387 1193
387 1776
1478 1474
1793 1409
652 1933
1100 1681
652 1409
387 1923
652 1902
1336 1193
1478 1658
448 1029
448 1080
652 542
448 3
448 1080
448 468
1366 624
330 1775
448 1923
652 1776
330 509
1100 1370
1793 1356
1366 820
1478 939
1793 1080
652 163
1100 647
1793 1370
652 1658
330 624
263 134
1366 1826
330 542
387 401
263 271
1366 625
387 1409
652 578
652 573
1793 578
330 1658
1478 1923
1366 573
1336 401
1478 623
263 624
263 1409
387 1653
1336 3
1366 216
1366 1681
330 747
330 468
1366 401
1793 461
263 461
652 134
652 624
652 1933
1366 216
1100 647
387 820
263 1029
330 1559
1366 1080
1100 1653
1478 624
387 401
387 3
1100 1826
1478 939
448 134
387 1653
387 3
1478 1681
448 285
330 1193
1478 599
652 1341
1478 747
1793 401
652 647
387 401
330 1474
448 401
1100 625
1336 1080
652 578
387 3
1366 1559
1100 578
448 134
1100 1866
1793 1194
1336 939
1336 1681
330 747
330 1987
652 3
1478 939
387 1911
1793 216
1366 224
1793 1642
263 134
1336 599
1366 468
387 285
1336 1409
1100 285
330 1653
1793 1826
1366 401
448 509
652 1826
1366 721
1366 721
1366 1987
1366 1681
1100 1559
1336 1370
652 216
387 1658
263 216
1336 1029
652 1923
448 285
263 461
1336 624
387 1029
263 134
1478 285
387 1370
1478 1923
448 1653
387 285
263 1642
1336 623
1100 1356
652 1987
1366 1775
1478 1642
263 747
1100 1653
1366 216
1478 647
1100 939
330 1193
1336 216
330 542
263 1776
652 402
1793 163
1100 509
330 721
1793 1642
448 1080
1336 624
330 1341
1478 271
448 1559
263 623
1793 573
1366 216
1100 939
330 624
263 1193
330 1559
1366 1370
263 1080
448 1681
1336 216
263 1923
387 542
448 573
1478 1775
387 163
1100 1658
652 3
1793 285
263 1911
1366 1080
652 578
263 1559
448 402
652 939
1100 1902
1366 1933
1100 271
387 271
1793 1409
387 1775
263 285
1100 216
1366 163
1793 3
330 1681
1336 1933
652 134
263 509
387 1204
1366 1911
1336 163
387 624
448 1933
1336 623
1793 1474
263 1559
263 599
1478 461
330 134
263 1559
1478 468
1478 216
330 1341
448 509
652 542
1478 468
1366 1978
1478 578
448 271
448 509
1793 573
387 1658
652 578
1100 1911
330 721
263 1356
387 1370
263 1370
448 1559
652 1658
448 1204
1336 1341
1793 1923
652 461
1336 1474
1793 1194
1366 1080
263 216
1100 134
330 1356
448 747
1100 1370
1336 1826
1366 163
1366 1409
652 1987
448 468
263 1370
263 1409
387 401
1336 1826
652 1341
330 509
448 1658
1336 163
1336 461
263 1923
1366 461
1336 1194
1336 1826
1478 1370
652 1653
448 1653
1336 1911
263 542
387 939
652 216
1478 402
448 1826
1793 1559
1478 647
652 542
1336 1681
652 3
1793 939
263 461
652 1933
1478 1194
387 647
1100 1370
330 1978
387 509
1366 401
1336 1080
1793 1474
1100 1080
1336 163
1366 1911
1336 721
1366 461
1366 402
1336 1356
1336 747
652 625
1478 573
652 216
387 542
330 573
1478 224
1366 1826
330 1559
1366 1559
1366 1204
1478 939
1793 1978
1793 1776
330 1409
330 1775
387 271
1100 1370
330 1681
1336 468
263 578
387 1776
652 1826
1100 1080
1793 578
448 721
387 1826
652 573
1366 1658
387 1194
1478 271
330 1356
387 1658
330 647
1793 820
448 468
1366 1642
387 224
330 1902
263 1681
1478 1341
1366 1866
387 1978
1478 624
1336 542
1336 401
387 1933
1366 1559
263 1658
387 1775
1793 134
1793 1474
387 624
1100 625
1100 401
448 1911
1366 402
330 402
1366 721
330 224
1478 1987
448 1658
1793 624
448 285
652 1923
1100 1204
448 134
448 216
263 1911
263 1911
1336 1474
330 1775
387 1474
330 401
652 1776
1100 271
1478 1987
1100 1776
1336 623
330 1559
330 1978
1793 1902
1100 1866
1336 578
1478 271
652 1826
1478 1653
1366 468
330 625
448 820
448 461
1336 1653
1478 1356
1100 1370
387 134
1366 1911
1793 1978
1366 402
1336 624
1478 216
1793 647
1793 1029
1793 894
1366 134
387 216
652 1370
1336 647
387 1911
1793 1658
448 3
1478 1923
1793 624
448 939
1793 624
1366 461
1100 461
1100 1642
1793 1653
1100 647
1366 1341
1793 1911
448 1194
387 625
1793 1080
1366 573
1100 1080
652 624
263 1409
263 1341
448 599
263 1204
387 1370
1366 1987
1366 625
1366 1775
387 461
263 894
1793 461
652 939
1793 747
263 1933
387 1474
1366 1923
652 1775
1366 1933
1793 1559
263 1933
652 625
1793 461
1366 1204
330 1911
1366 1356
1100 1204
330 1902
1100 1029
1336 1080
1336 1826
652 1933
1366 461
1100 461
1366 1194
1478 224
1366 1080
652 271
1478 1194
1793 3
1100 1933
1336 1987
330 1194
652 1866
1478 401
1366 1987
387 573
387 1653
1100 1923
1100 939
448 224
1793 1866
1478 1193
1478 1933
1478 216
1100 1356
1336 1987
1100 542
1336 1194
387 894
1793 573
1366 1866
387 1911
1366 1341
263 1658
1336 599
652 894
1100 163
448 578
652 647
652 163
330 402
1793 1356
1336 1193
1100 1902
330 1370
387 1775
1100 542
1793 578
263 1987
263 216
263 461
263 1911
263 461
1336 134
1478 542
1366 1029
448 1933
448 1409
263 271
448 3
387 542
1366 939
330 1775
1100 894
652 747
387 542
652 820
387 285
1366 461
652 163
1336 721
330 1080
1336 402
263 163
263 224
1478 401
1793 3
387 1902
387 1029
330 1341
1100 624
1336 1409
652 1080
652 509
1793 1080
1793 1987
1366 1866
330 578
1336 1866
652 1653
1366 1933
1100 468
1336 1409
1366 3
1366 542
1366 285
387 1978
1478 224
1793 1653
263 1923
263 1826
263 468
387 1204
263 1559
652 1653
1336 134
1366 1933
1366 1911
1793 1204
1100 216
387 1474
387 3
1100 1923
448 1642
1366 1933
1793 1826
263 1204
1336 894
1366 1681
1100 624
652 509
1793 1642
263 1559
1478 1193
1336 1409
1793 163
387 401
387 461
1793 1776
330 599
1100 1658
448 271
1100 468
652 1193
1100 402
330 1370
387 1409
1366 216
652 509
1100 3
1793 1642
1366 542
330 1194
1336 1776
1100 1204
1793 1987
263 625
1336 134
1478 625
1366 625
1100 224
652 625
330 1559
1478 1356
263 623
448 1194
330 573
652 1029
1366 625
330 1341
1336 1911
1366 1029
652 1826
1793 1776
1366 1409
1336 647
1793 402
330 1204
1366 1642
387 468
330 1978
263 939
263 820
448 216
1100 625
1793 578
652 271
263 1911
652 1681
652 468
1366 1204
330 216
330 1987
1366 647
652 1642
1100 578
1478 624
448 271
1366 624
1478 1681
1100 1978
330 216
263 401
1478 1474
263 134
1478 1933
652 1474
1478 1653
330 1341
330 1356
1366 1194
652 1653
1793 1559
1793 599
1793 1193
263 224
387 939
387 1559
1793 573
1366 401
330 285
387 271
1478 894
1478 1653
