2000 1000
745 1256
614 1387
330 1671
301 1700
719 1282
42 1959
493 1508
23 1978
55 1946
15 1986
917 1084
390 1611
80 1921
85 1916
608 1393
403 1598
161 1840
109 1892
309 1692
324 1677
651 1350
446 1555
778 1223
3 1998
183 1818
500 1501
943 1058
909 1092
6 1995
398 1603
363 1638
846 1155
572 1429
795 1206
796 1205
44 1957
1 2000
241 1760
276 1725
259 1742
460 1541
2 1999
806 1195
992 1009
635 1366
400 1601
813 1188
619 1382
876 1125
337 1664
88 1913
421 1580
504 1497
920 1081
877 1124
254 1747
451 1550
114 1887
717 1284
374 1627
566 1435
212 1789
45 1956
903 1098
938 1063
110 1891
622 1379
242 1759
236 1765
393 1608
83 1918
660 1341
51 1950
218 1783
830 1171
916 1085
424 1577
322 1679
473 1528
316 1685
615 1386
912 1089
993 1008
829 1172
774 1227
842 1159
396 1605
165 1836
873 1128
139 1862
728 1273
381 1620
727 1274
764 1237
949 1052
616 1385
832 1169
712 1289
293 1708
939 1062
240 1761
657 1344
874 1127
851 1150
714 1287
782 1219
188 1813
527 1474
791 1210
987 1014
184 1817
63 1938
389 1612
700 1301
636 1365
43 1958
134 1867
258 1743
221 1780
238 1763
977 1024
81 1920
283 1718
368 1633
437 1564
326 1675
819 1182
61 1940
128 1873
235 1766
758 1243
442 1559
705 1296
394 1607
58 1943
941 1060
306 1695
708 1293
174 1827
234 1767
524 1477
837 1164
715 1286
935 1066
117 1884
113 1888
684 1317
767 1234
793 1208
463 1538
497 1504
404 1597
60 1941
998 1003
532 1469
934 1067
193 1808
534 1467
65 1936
962 1039
475 1526
812 1189
596 1405
892 1109
790 1211
290 1711
685 1316
365 1636
12 1989
226 1775
732 1269
303 1698
170 1831
910 1091
754 1247
287 1714
947 1054
807 1194
918 1083
414 1587
149 1852
351 1650
211 1790
352 1649
587 1414
602 1399
862 1139
581 1420
658 1343
198 1803
769 1232
570 1431
595 1406
133 1868
176 1825
999 1002
959 1042
565 1436
990 1011
246 1755
951 1050
804 1197
491 1510
833 1168
563 1438
556 1445
486 1515
599 1402
627 1374
299 1702
222 1779
773 1228
502 1499
818 1183
37 1964
826 1175
725 1276
298 1703
250 1751
265 1736
428 1573
973 1028
231 1770
609 1392
888 1113
815 1186
445 1556
638 1363
40 1961
9 1992
653 1348
668 1333
835 1166
281 1720
520 1481
840 1161
925 1076
57 1944
582 1419
130 1871
688 1313
125 1876
776 1225
929 1072
77 1924
574 1427
919 1082
558 1443
749 1252
251 1750
20 1981
282 1719
191 1810
118 1883
794 1207
704 1297
738 1263
785 1216
34 1967
523 1478
124 1877
102 1899
459 1542
450 1551
341 1660
386 1615
551 1450
252 1749
343 1658
160 1841
580 1421
937 1064
590 1411
302 1699
431 1570
716 1285
730 1271
543 1458
911 1090
740 1261
151 1850
787 1214
648 1353
8 1993
900 1101
618 1383
957 1044
641 1360
746 1255
509 1492
294 1707
512 1489
669 1332
481 1520
516 1485
327 1674
737 1264
371 1630
141 1860
495 1506
162 1839
564 1437
721 1280
122 1879
593 1408
526 1475
203 1798
880 1121
186 1815
690 1311
101 1900
29 1972
686 1315
297 1704
997 1004
75 1926
841 1160
930 1071
153 1848
471 1530
271 1730
982 1019
908 1093
206 1795
266 1735
675 1326
192 1809
931 1070
166 1835
639 1362
849 1152
528 1473
811 1190
370 1631
915 1086
378 1623
248 1753
970 1031
533 1468
49 1952
742 1259
875 1126
204 1797
332 1669
507 1494
629 1372
607 1394
177 1824
121 1880
676 1325
207 1794
986 1015
483 1518
228 1773
775 1226
417 1584
644 1357
30 1971
985 1016
385 1616
311 1690
515 1486
786 1215
272 1729
320 1681
356 1645
21 1980
763 1238
671 1330
976 1025
946 1055
201 1800
64 1937
499 1502
448 1553
865 1136
771 1230
455 1546
513 1488
662 1339
490 1511
890 1111
387 1614
16 1985
994 1007
805 1196
25 1976
770 1231
547 1454
674 1327
814 1187
126 1875
411 1590
470 1531
169 1832
637 1364
127 1874
736 1265
953 1048
47 1954
416 1585
366 1635
645 1356
656 1345
357 1644
180 1821
821 1180
726 1275
375 1626
689 1312
120 1881
388 1613
850 1151
190 1811
333 1668
140 1861
652 1349
1000 1001
995 1006
577 1424
148 1853
624 1377
340 1661
709 1292
744 1257
922 1079
278 1723
552 1449
646 1355
529 1472
279 1722
519 1482
182 1819
541 1460
522 1479
62 1939
801 1200
100 1901
965 1036
106 1895
409 1592
480 1521
691 1310
952 1049
408 1593
555 1446
253 1748
267 1734
642 1359
74 1927
521 1480
286 1715
383 1618
484 1517
739 1262
406 1595
741 1260
227 1774
31 1970
677 1324
673 1328
257 1744
984 1017
208 1793
557 1444
968 1033
683 1318
631 1370
682 1319
56 1945
129 1872
70 1931
724 1277
355 1646
948 1053
457 1544
95 1906
288 1713
896 1105
747 1254
844 1157
420 1581
146 1855
407 1594
305 1696
76 1925
517 1484
335 1666
156 1845
777 1224
310 1691
559 1442
150 1851
91 1910
611 1390
289 1712
256 1745
479 1522
617 1384
702 1299
41 1960
87 1914
854 1147
605 1396
195 1806
843 1158
780 1221
592 1409
349 1652
757 1244
454 1547
284 1717
52 1949
620 1381
50 1951
958 1043
848 1153
59 1942
373 1628
924 1077
734 1267
36 1965
462 1539
410 1591
308 1693
469 1532
779 1222
792 1209
886 1115
831 1170
539 1462
230 1771
756 1245
753 1248
983 1018
440 1561
157 1844
731 1270
268 1733
926 1075
589 1412
525 1476
560 1441
822 1179
372 1629
723 1278
510 1491
601 1400
654 1347
152 1849
168 1833
928 1073
561 1440
713 1288
802 1199
232 1769
53 1948
872 1129
82 1919
472 1529
955 1046
996 1005
353 1648
7 1994
969 1032
859 1142
612 1389
578 1423
981 1020
663 1338
950 1051
625 1376
585 1416
196 1805
163 1838
443 1558
382 1619
159 1842
847 1154
885 1116
661 1340
494 1507
164 1837
444 1557
863 1138
679 1322
345 1656
71 1930
895 1106
632 1369
579 1422
672 1329
550 1451
263 1738
438 1563
68 1933
123 1878
531 1470
759 1242
138 1863
755 1246
367 1634
167 1834
476 1525
857 1144
10 1991
24 1977
978 1023
229 1772
178 1823
913 1088
312 1689
441 1560
936 1065
864 1137
583 1418
549 1452
810 1191
107 1894
867 1134
870 1131
974 1027
27 1974
465 1536
433 1568
586 1415
571 1430
260 1741
905 1096
86 1915
105 1896
703 1298
860 1141
573 1428
361 1640
317 1684
99 1902
548 1453
132 1869
667 1334
137 1864
38 1963
893 1108
292 1709
73 1928
269 1732
735 1266
898 1103
307 1694
501 1500
633 1368
273 1728
743 1258
584 1417
956 1045
401 1600
391 1610
96 1905
853 1148
215 1786
277 1724
960 1041
354 1647
338 1663
435 1566
492 1509
93 1908
245 1756
693 1308
39 1962
143 1858
722 1279
921 1080
766 1235
429 1572
28 1973
219 1782
797 1204
630 1371
989 1012
79 1922
887 1114
314 1687
237 1764
649 1352
881 1120
98 1903
800 1201
300 1701
942 1059
508 1493
488 1513
104 1897
836 1165
427 1574
255 1746
48 1953
405 1596
112 1889
342 1659
788 1213
665 1336
659 1342
155 1846
103 1898
707 1294
115 1886
598 1403
329 1672
67 1934
197 1804
569 1432
379 1622
97 1904
699 1302
991 1010
546 1455
567 1434
144 1857
478 1523
894 1107
489 1512
966 1035
46 1955
482 1519
823 1178
171 1830
422 1579
664 1337
838 1163
834 1167
447 1554
963 1038
789 1212
458 1543
26 1975
538 1463
485 1516
54 1947
980 1021
655 1346
154 1847
752 1249
762 1239
397 1604
695 1306
899 1102
14 1987
348 1653
453 1548
136 1865
901 1100
506 1495
119 1882
173 1828
69 1932
945 1056
932 1069
967 1034
698 1303
600 1401
562 1439
871 1130
22 1979
643 1358
866 1135
249 1752
224 1777
360 1641
418 1583
628 1373
425 1576
783 1218
261 1740
225 1776
243 1758
210 1791
839 1162
364 1637
158 1843
419 1582
78 1923
336 1665
296 1705
496 1505
362 1639
670 1331
544 1457
270 1731
891 1110
518 1483
537 1464
680 1321
477 1524
545 1456
376 1625
131 1870
318 1683
640 1361
434 1567
845 1156
334 1667
597 1404
503 1498
181 1820
540 1461
760 1241
202 1799
897 1104
694 1307
395 1606
858 1143
217 1784
175 1826
262 1739
623 1378
466 1535
111 1890
687 1314
430 1571
185 1816
816 1185
514 1487
239 1762
878 1123
553 1448
369 1632
33 1968
13 1988
304 1697
692 1309
187 1814
954 1047
321 1680
784 1217
346 1655
358 1643
432 1569
852 1149
147 1854
855 1146
244 1757
439 1562
461 1540
975 1026
678 1323
626 1375
498 1503
474 1527
906 1095
377 1624
748 1253
681 1320
214 1787
275 1726
415 1586
380 1621
66 1935
907 1094
142 1859
384 1617
820 1181
5 1996
456 1545
17 1984
89 1912
209 1792
172 1829
768 1233
751 1250
530 1471
594 1407
750 1251
761 1240
247 1754
94 1907
808 1193
402 1599
199 1802
979 1022
464 1537
868 1133
914 1087
621 1380
944 1057
765 1236
359 1642
35 1966
233 1768
696 1305
11 1990
803 1198
487 1514
535 1466
347 1654
331 1670
798 1203
554 1447
706 1295
634 1367
650 1351
711 1290
315 1686
856 1145
591 1410
568 1433
904 1097
399 1602
647 1354
869 1132
116 1885
220 1781
610 1391
809 1192
32 1969
468 1533
90 1911
542 1459
718 1283
889 1112
216 1785
4 1997
291 1710
328 1673
799 1202
606 1395
423 1578
772 1229
733 1268
971 1030
313 1688
828 1173
325 1676
964 1037
295 1706
884 1117
223 1778
436 1565
613 1388
923 1078
200 1801
902 1099
108 1893
339 1662
575 1426
319 1682
697 1304
666 1335
883 1118
701 1300
720 1281
879 1122
213 1788
988 1013
824 1177
961 1040
194 1807
72 1929
179 1822
285 1716
817 1184
323 1678
412 1589
933 1068
576 1425
511 1490
449 1552
467 1534
861 1140
536 1465
729 1272
135 1866
19 1982
189 1812
392 1609
927 1074
825 1176
603 1398
274 1727
280 1721
604 1397
588 1413
92 1909
781 1220
505 1496
882 1119
452 1549
205 1796
264 1737
145 1856
84 1917
972 1029
710 1291
344 1657
18 1983
413 1588
827 1174
350 1651
426 1575
940 1061
