2000 1000
1559 1267
1397 558
1757 765
491 1586
1048 763
1114 371
167 1248
1607 910
169 1592
946 935
117 1600
132 206
1445 1117
21 512
1289 753
656 725
1917 1057
817 263
1934 1795
1249 273
1086 1594
853 466
920 1557
512 745
1052 755
1920 893
1398 1618
322 94
1209 840
1430 1615
59 1384
630 1390
460 1413
569 1132
498 1715
926 660
1404 509
1689 880
718 1291
1720 1346
1782 1947
1572 1652
1763 1249
1291 1042
433 1556
392 957
751 345
906 1954
679 882
1821 920
193 1857
249 1198
1101 9
555 501
1850 1717
698 1749
826 1543
1659 1686
1808 1659
1425 1805
564 697
1518 1276
578 200
377 1689
1177 202
1349 444
655 1157
808 1312
1867 119
1768 1434
1360 1302
893 1415
829 747
659 1360
282 1424
1955 744
420 349
276 1165
579 1820
1129 1790
1449 312
1505 1699
752 605
565 100
662 489
604 209
1264 228
684 852
801 1969
71 1613
107 754
1495 1601
841 384
780 342
642 491
313 1614
1736 57
1051 499
1143 1871
1073 1368
1983 1404
1276 394
1149 1297
113 997
970 803
1110 1483
1836 1963
1186 1559
872 352
1630 194
1078 1869
81 34
974 1016
663 1750
1950 1696
1257 1535
832 934
483 1396
1459 977
541 1907
1409 7
312 1856
1324 1466
1503 1896
1031 1574
1164 1778
1312 1037
181 687
404 671
1966 248
1796 160
1567 748
1826 154
1151 1318
900 52
1068 1306
1472 1126
1463 791
1895 978
1072 1263
397 1562
1773 1352
880 881
1566 1928
815 147
706 1744
705 1938
932 1506
915 1735
864 1410
1492 51
1927 985
790 946
1556 561
1174 1519
319 562
1243 1080
466 1141
88 104
770 284
155 557
1002 1298
1380 949
1175 1076
1231 993
528 1170
1862 1919
1795 986
1611 1742
1007 758
1790 326
1228 399
277 1870
1163 688
641 132
1783 224
1370 794
1670 1673
537 1935
673 158
1642 847
1806 1432
188 631
990 391
651 1530
710 1389
1410 1987
1239 385
1342 479
812 1584
1655 13
1286 1019
727 507
1902 1758
682 1299
1771 907
98 1943
521 3
1753 60
1132 1732
294 1582
884 664
688 70
999 742
612 1329
1281 780
1754 1523
1888 1007
1800 805
625 111
1712 462
1550 1442
753 705
1549 930
737 39
367 161
1039 296
219 952
1095 899
493 1875
919 78
921 1033
1161 496
691 1980
929 1880
485 1628
1055 1475
1148 1371
54 433
1691 885
615 1636
403 418
702 47
640 1014
195 1986
725 139
278 1999
1159 136
237 459
1992 231
1991 637
1937 810
627 437
1065 246
1940 1677
305 244
1270 1092
828 1504
810 1224
1105 839
373 1020
793 1726
1030 183
1530 1103
1191 980
629 785
1283 1545
1313 1381
321 1220
1723 490
1809 827
134 1116
551 1245
804 249
1201 1209
470 128
1089 221
697 1215
660 134
99 577
519 1058
441 1642
1254 635
1734 36
326 537
296 1741
410 1417
1020 254
1717 828
1476 1162
1587 1314
456 857
1158 56
1434 905
1715 1251
1255 1394
448 1431
610 943
489 179
587 277
861 1656
104 1465
617 374
440 527
1507 1085
182 676
12 370
1309 1641
300 294
1058 1232
1384 1191
472 603
704 1486
187 1756
1697 463
757 434
1839 477
1426 1501
165 703
1803 1528
426 445
670 700
47 186
1424 1237
32 1457
693 1286
1301 942
42 1266
1134 1123
1346 656
116 412
9 774
658 1428
1758 669
1680 1694
646 514
568 608
176 1264
1911 1161
1130 1770
200 995
1634 802
1971 515
5 1340
1603 1546
1316 1107
1651 1477
836 329
1308 338
1585 1777
1900 659
1385 1111
1502 521
500 1482
1168 252
1311 1104
1083 46
154 150
394 321
252 257
1964 1762
1856 1406
229 1073
383 176
989 1450
309 1034
264 797
811 1743
1632 301
1139 324
192 113
1711 1693
1669 722
703 6
1780 1554
942 215
1874 849
1989 1411
747 776
1516 309
1944 1468
345 1487
495 843
7 1062
1705 648
1391 727
419 2000
1012 1001
1006 1779
1583 438
981 1399
299 1108
315 807
741 1976
1454 62
73 44
224 1485
159 1362
1310 1236
1577 1702
728 620
1540 638
1606 268
707 487
602 191
454 86
306 1036
1067 1515
1121 1317
1219 1661
357 1704
34 456
1522 41
1694 762
940 1110
1675 1733
82 1109
1967 1526
1293 937
1578 963
166 1679
197 80
716 872
518 189
572 146
511 829
761 1995
488 856
583 1254
1365 571
943 1336
67 925
389 1663
577 217
1807 1355
1909 211
1422 1203
1331 27
106 694
1627 1290
785 1860
1506 833
1372 1134
1820 1462
60 976
337 461
754 317
1085 568
711 120
800 1828
1244 938
1446 247
928 427
144 174
196 1481
1437 108
1325 1792
740 1443
1117 604
1144 230
586 583
1777 1221
1938 831
1401 944
1687 226
1579 823
1745 588
1273 1536
979 1258
1769 81
916 539
590 393
1565 519
174 1918
228 426
44 1522
601 1419
1303 431
336 1834
608 422
1637 696
522 1774
1653 1973
513 1846
143 1426
721 689
1912 1727
639 1050
1266 570
90 1513
1453 449
218 1152
1147 117
1961 707
1646 732
153 77
1088 1283
526 932
643 587
240 1139
250 1029
680 1273
212 1453
1162 446
1853 1398
892 406
1280 1233
1946 93
1580 1359
1021 1617
269 1166
1913 1989
887 48
1240 66
1650 133
1123 1304
1008 734
1906 1227
124 1728
1729 1112
311 74
1713 1991
1234 1436
1928 1929
545 58
867 327
343 1895
831 365
666 298
1406 1532
1750 1277
458 903
1215 219
1044 526
1451 1382
664 630
998 1904
585 1537
501 1066
1599 488
776 33
1682 1334
161 1939
1827 1517
851 14
1146 1534
428 830
1297 533
844 1936
6 988
344 1525
1458 1225
1678 72
135 918
1840 1367
20 800
885 948
527 441
1778 767
896 213
94 992
1508 565
530 610
1224 1473
1573 115
1984 1841
899 821
803 1392
1368 343
1092 109
938 1893
1982 1013
10 685
781 157
1294 1863
802 832
1748 1564
1292 1440
897 195
1960 1061
1829 1341
1690 1876
1182 1816
1183 611
1546 416
1907 629
171 775
1956 663
638 1853
1320 1175
1963 476
91 914
960 897
825 1294
787 1669
1851 708
443 892
1794 1681
696 1760
1465 1376
1504 1917
1456 1830
121 864
675 779
708 566
1755 1692
1654 710
1770 1331
245 998
956 569
980 1159
1779 1566
1837 641
97 600
1868 192
1823 1287
1230 749
1564 575
910 95
908 1571
1035 314
503 1829
78 185
1319 1851
1824 866
689 1824
1595 99
1165 135
235 716
1192 1461
1332 1552
1636 1979
390 585
927 193
407 1700
133 777
68 1009
1464 1621
8 1027
340 1832
756 322
838 253
1870 169
1848 845
775 188
26 1155
198 1327
1855 1281
795 1811
1810 1056
1897 8
25 1180
1639 962
1026 98
1389 916
263 1555
924 661
425 1957
1097 471
1386 126
1009 1809
985 787
1124 812
209 210
1096 1
1696 1023
773 1977
257 155
1396 1300
1171 1883
1378 1587
973 1801
1499 1005
874 1025
1535 626
1677 503
652 204
186 792
1893 245
1206 801
1415 1378
215 1131
1968 655
1726 1288
1252 772
792 1783
833 1736
933 1839
52 1905
1251 1759
1977 961
894 1081
778 1129
637 683
222 869
35 1768
1681 1096
1475 1031
1975 1884
1166 1200
876 366
529 239
1363 278
1965 960
534 483
379 368
1799 1105
1442 871
103 1305
28 928
840 1521
715 764
1918 1143
1340 825
505 1603
267 1862
502 1024
759 59
510 878
1336 724
1791 1966
731 1888
1985 1496
1233 1725
694 1244
72 1171
286 286
393 574
354 550
115 1262
1222 911
24 646
598 1038
1671 1149
1871 397
1633 1680
977 1230
225 112
1127 465
1099 1307
451 1071
1395 171
1082 279
1842 1624
1337 223
1441 806
158 919
1885 1961
730 1910
1069 409
234 435
348 464
205 1444
809 1088
692 1683
126 1781
1969 900
966 1012
1056 692
1272 1332
1668 1874
886 198
909 1185
525 142
605 67
330 567
412 1531
965 984
599 835
1730 1836
1974 1008
1484 127
1160 1459
1942 1982
717 1967
573 1003
1816 1150
1287 1849
63 1250
931 32
1107 1238
626 1924
1227 1279
1527 1188
972 1369
1558 874
1980 1214
1688 1218
1804 1930
957 1508
1429 582
48 175
576 1585
1482 529
1405 1932
1501 793
138 447
1093 1993
1939 505
1751 974
913 1512
16 172
524 1272
396 873
1314 927
1354 1705
1034 291
1532 1089
110 29
307 1395
1584 255
439 1231
624 860
109 649
1981 1447
194 1914
1204 1130
1138 1243
1364 1800
142 1810
1640 1458
1210 440
657 475
1070 1261
92 1626
1493 770
958 90
700 375
1548 738
1402 105
1373 1268
749 761
387 1611
238 1691
1722 1366
177 1480
384 1667
227 1610
27 1840
1176 1060
1525 258
1539 1972
835 1102
1652 1293
152 1992
111 531
866 424
50 1665
1223 1752
1417 1364
77 450
719 606
603 699
1932 1094
461 1899
246 240
180 262
350 1082
1876 1763
1455 411
1626 1168
1156 894
1988 76
40 152
538 168
1764 958
206 1015
1602 1812
1256 1503
301 102
445 1813
1645 1429
66 265
882 786
3 480
1624 1402
1699 1897
64 1643
173 97
160 1455
1247 887
726 1962
1116 1951
1326 653
550 493
823 971
254 989
1462 1657
1323 783
1279 1047
1815 1173
141 1627
1112 400
1024 1698
490 1385
146 468
547 1063
1285 1427
1772 913
374 1124
875 1746
476 1670
822 212
1374 573
226 1548
1990 315
56 636
127 819
1588 383
1322 1052
863 79
1304 1323
1737 1714
427 1799
1661 178
347 983
137 289
709 931
1345 1908
1488 1407
961 1625
849 1084
213 250
1275 65
1494 130
1881 73
19 523
766 205
1038 316
1469 1835
1178 1205
1635 1358
70 333
1997 269
120 517
447 61
1400 686
119 657
1612 598
496 167
574 513
1935 1255
1695 875
1483 759
1861 1280
935 1797
385 1495
1427 173
266 71
1957 511
15 281
1245 1887
39 1435
1849 1550
819 1493
287 1333
777 728
1854 1194
1282 1623
1805 1706
1568 87
270 54
1041 184
1999 467
1063 1004
1489 665
723 220
1811 548
1027 1148
221 740
1802 53
1665 361
647 1339
1683 1739
216 876
1042 1520
324 1053
821 964
1327 1761
283 599
1721 1710
532 891
595 182
1152 481
1411 560
434 1445
1882 1909
1801 5
85 159
1443 1046
1511 1397
422 1330
1321 1315
1774 1878
1787 1206
1707 1597
147 1753
289 813
1335 933
1202 941
421 166
925 1502
1390 472
1128 45
303 1011
285 1927
230 1370
391 344
1616 1902
1760 576
