2000 1000
957 1957
876 1876
35 1035
123 1123
76 1076
986 1986
581 1581
816 1816
163 1163
712 1712
918 1918
906 1906
604 1604
991 1991
222 1222
747 1747
133 1133
601 1601
357 1357
846 1846
516 1516
195 1195
432 1432
41 1041
289 1289
385 1385
773 1773
466 1466
105 1105
772 1772
565 1565
724 1724
554 1554
508 1508
185 1185
73 1073
934 1934
149 1149
567 1567
818 1818
678 1678
323 1323
118 1118
812 1812
948 1948
249 1249
686 1686
141 1141
498 1498
582 1582
70 1070
745 1745
786 1786
89 1089
943 1943
464 1464
338 1338
459 1459
224 1224
688 1688
180 1180
136 1136
721 1721
850 1850
448 1448
75 1075
301 1301
746 1746
864 1864
437 1437
473 1473
470 1470
854 1854
415 1415
403 1403
355 1355
535 1535
182 1182
998 1998
735 1735
774 1774
491 1491
444 1444
83 1083
201 1201
947 1947
937 1937
600 1600
618 1618
726 1726
386 1386
609 1609
179 1179
903 1903
851 1851
911 1911
429 1429
342 1342
980 1980
550 1550
741 1741
186 1186
39 1039
335 1335
709 1709
292 1292
888 1888
442 1442
28 1028
354 1354
29 1029
801 1801
775 1775
645 1645
815 1815
51 1051
60 1060
33 1033
829 1829
267 1267
672 1672
970 1970
485 1485
597 1597
826 1826
896 1896
398 1398
94 1094
610 1610
612 1612
669 1669
281 1281
960 1960
583 1583
440 1440
175 1175
156 1156
653 1653
288 1288
62 1062
58 1058
445 1445
479 1479
860 1860
764 1764
858 1858
524 1524
151 1151
933 1933
43 1043
751 1751
45 1045
561 1561
527 1527
551 1551
698 1698
915 1915
207 1207
424 1424
286 1286
38 1038
715 1715
364 1364
374 1374
857 1857
312 1312
544 1544
241 1241
702 1702
714 1714
117 1117
174 1174
394 1394
139 1139
871 1871
422 1422
7 1007
994 1994
57 1057
810 1810
532 1532
239 1239
500 1500
907 1907
161 1161
363 1363
226 1226
228 1228
613 1613
792 1792
130 1130
788 1788
537 1537
988 1988
345 1345
400 1400
297 1297
732 1732
965 1965
624 1624
579 1579
165 1165
52 1052
997 1997
923 1923
87 1087
560 1560
284 1284
566 1566
737 1737
458 1458
272 1272
777 1777
368 1368
591 1591
632 1632
594 1594
157 1157
271 1271
901 1901
235 1235
455 1455
142 1142
787 1787
552 1552
474 1474
276 1276
120 1120
708 1708
219 1219
50 1050
780 1780
512 1512
329 1329
106 1106
138 1138
145 1145
216 1216
426 1426
664 1664
162 1162
913 1913
969 1969
592 1592
880 1880
169 1169
828 1828
676 1676
853 1853
606 1606
602 1602
369 1369
213 1213
611 1611
155 1155
395 1395
779 1779
371 1371
736 1736
861 1861
15 1015
623 1623
488 1488
31 1031
246 1246
887 1887
478 1478
279 1279
719 1719
399 1399
720 1720
742 1742
728 1728
367 1367
690 1690
250 1250
748 1748
208 1208
243 1243
614 1614
194 1194
717 1717
619 1619
633 1633
706 1706
256 1256
924 1924
351 1351
113 1113
685 1685
545 1545
102 1102
22 1022
215 1215
311 1311
457 1457
833 1833
589 1589
711 1711
971 1971
187 1187
325 1325
921 1921
25 1025
205 1205
147 1147
872 1872
651 1651
514 1514
233 1233
580 1580
266 1266
697 1697
332 1332
229 1229
590 1590
336 1336
767 1767
304 1304
784 1784
731 1731
739 1739
859 1859
127 1127
936 1936
137 1137
570 1570
26 1026
188 1188
341 1341
569 1569
273 1273
507 1507
571 1571
412 1412
482 1482
111 1111
192 1192
945 1945
863 1863
265 1265
616 1616
797 1797
252 1252
638 1638
230 1230
406 1406
744 1744
382 1382
689 1689
520 1520
200 1200
414 1414
135 1135
24 1024
375 1375
795 1795
756 1756
10 1010
132 1132
641 1641
976 1976
122 1122
765 1765
661 1661
421 1421
700 1700
293 1293
225 1225
405 1405
255 1255
642 1642
620 1620
793 1793
995 1995
666 1666
46 1046
680 1680
733 1733
171 1171
438 1438
539 1539
376 1376
740 1740
103 1103
549 1549
121 1121
892 1892
630 1630
237 1237
112 1112
832 1832
984 1984
417 1417
259 1259
203 1203
963 1963
247 1247
280 1280
893 1893
82 1082
522 1522
447 1447
806 1806
366 1366
657 1657
460 1460
285 1285
891 1891
564 1564
238 1238
84 1084
373 1373
166 1166
483 1483
540 1540
910 1910
497 1497
391 1391
575 1575
168 1168
350 1350
97 1097
467 1467
1000 2000
326 1326
4 1004
725 1725
968 1968
131 1131
650 1650
469 1469
759 1759
68 1068
181 1181
475 1475
953 1953
472 1472
558 1558
743 1743
410 1410
848 1848
958 1958
378 1378
870 1870
730 1730
656 1656
425 1425
17 1017
821 1821
691 1691
823 1823
926 1926
647 1647
420 1420
317 1317
119 1119
929 1929
307 1307
372 1372
862 1862
356 1356
428 1428
536 1536
306 1306
81 1081
358 1358
401 1401
248 1248
727 1727
502 1502
496 1496
699 1699
88 1088
770 1770
331 1331
196 1196
295 1295
762 1762
904 1904
799 1799
486 1486
884 1884
898 1898
489 1489
44 1044
548 1548
308 1308
418 1418
531 1531
388 1388
152 1152
789 1789
407 1407
834 1834
64 1064
446 1446
380 1380
757 1757
79 1079
803 1803
681 1681
922 1922
362 1362
392 1392
972 1972
885 1885
270 1270
723 1723
841 1841
796 1796
302 1302
18 1018
938 1938
842 1842
344 1344
679 1679
154 1154
245 1245
173 1173
693 1693
404 1404
644 1644
529 1529
808 1808
622 1622
878 1878
430 1430
973 1973
766 1766
822 1822
269 1269
946 1946
716 1716
989 1989
800 1800
660 1660
48 1048
578 1578
172 1172
416 1416
992 1992
92 1092
701 1701
729 1729
704 1704
835 1835
193 1193
370 1370
490 1490
334 1334
450 1450
37 1037
146 1146
227 1227
541 1541
449 1449
670 1670
836 1836
830 1830
617 1617
327 1327
291 1291
310 1310
134 1134
917 1917
996 1996
263 1263
99 1099
316 1316
879 1879
687 1687
349 1349
519 1519
825 1825
837 1837
577 1577
114 1114
100 1100
557 1557
749 1749
629 1629
116 1116
534 1534
941 1941
23 1023
682 1682
987 1987
873 1873
637 1637
902 1902
813 1813
805 1805
513 1513
110 1110
199 1199
451 1451
573 1573
845 1845
707 1707
942 1942
254 1254
6 1006
305 1305
242 1242
69 1069
12 1012
40 1040
521 1521
713 1713
673 1673
804 1804
487 1487
453 1453
158 1158
501 1501
365 1365
107 1107
856 1856
608 1608
890 1890
95 1095
586 1586
954 1954
807 1807
900 1900
964 1964
844 1844
211 1211
66 1066
663 1663
927 1927
760 1760
905 1905
34 1034
214 1214
568 1568
59 1059
19 1019
212 1212
379 1379
126 1126
42 1042
54 1054
258 1258
961 1961
315 1315
78 1078
781 1781
346 1346
353 1353
456 1456
439 1439
852 1852
176 1176
654 1654
384 1384
668 1668
977 1977
347 1347
30 1030
328 1328
939 1939
167 1167
593 1593
959 1959
499 1499
962 1962
324 1324
667 1667
755 1755
710 1710
866 1866
299 1299
177 1177
393 1393
940 1940
8 1008
585 1585
783 1783
526 1526
966 1966
722 1722
337 1337
49 1049
944 1944
493 1493
631 1631
975 1975
798 1798
899 1899
282 1282
56 1056
290 1290
104 1104
360 1360
20 1020
389 1389
220 1220
441 1441
530 1530
528 1528
2 1002
603 1603
615 1615
251 1251
53 1053
819 1819
240 1240
463 1463
515 1515
268 1268
874 1874
313 1313
433 1433
505 1505
348 1348
465 1465
981 1981
13 1013
159 1159
674 1674
790 1790
626 1626
262 1262
128 1128
886 1886
555 1555
124 1124
547 1547
955 1955
523 1523
96 1096
184 1184
210 1210
794 1794
283 1283
752 1752
985 1985
839 1839
596 1596
635 1635
71 1071
109 1109
838 1838
694 1694
484 1484
533 1533
320 1320
897 1897
359 1359
599 1599
881 1881
72 1072
436 1436
74 1074
189 1189
771 1771
108 1108
27 1027
993 1993
153 1153
974 1974
840 1840
278 1278
150 1150
692 1692
190 1190
967 1967
11 1011
387 1387
413 1413
204 1204
319 1319
160 1160
492 1492
65 1065
875 1875
814 1814
434 1434
298 1298
63 1063
509 1509
877 1877
80 1080
895 1895
510 1510
999 1999
47 1047
198 1198
525 1525
811 1811
480 1480
831 1831
260 1260
244 1244
481 1481
553 1553
86 1086
300 1300
264 1264
605 1605
932 1932
443 1443
1 1001
221 1221
91 1091
769 1769
408 1408
178 1178
919 1919
652 1652
98 1098
556 1556
978 1978
658 1658
951 1951
494 1494
409 1409
935 1935
231 1231
628 1628
677 1677
411 1411
93 1093
847 1847
14 1014
912 1912
703 1703
21 1021
144 1144
477 1477
882 1882
754 1754
90 1090
546 1546
776 1776
352 1352
785 1785
36 1036
85 1085
883 1883
894 1894
261 1261
5 1005
495 1495
665 1665
321 1321
377 1377
206 1206
277 1277
979 1979
820 1820
517 1517
101 1101
296 1296
452 1452
381 1381
435 1435
462 1462
758 1758
562 1562
574 1574
646 1646
849 1849
753 1753
843 1843
217 1217
511 1511
627 1627
197 1197
990 1990
287 1287
143 1143
3 1003
607 1607
643 1643
543 1543
503 1503
77 1077
343 1343
588 1588
333 1333
649 1649
925 1925
542 1542
506 1506
294 1294
330 1330
791 1791
419 1419
671 1671
232 1232
734 1734
209 1209
538 1538
750 1750
869 1869
889 1889
454 1454
322 1322
191 1191
383 1383
867 1867
827 1827
930 1930
868 1868
461 1461
318 1318
32 1032
621 1621
982 1982
253 1253
183 1183
309 1309
361 1361
817 1817
705 1705
920 1920
931 1931
956 1956
909 1909
983 1983
675 1675
778 1778
423 1423
802 1802
67 1067
202 1202
563 1563
572 1572
223 1223
402 1402
763 1763
471 1471
683 1683
140 1140
587 1587
339 1339
274 1274
908 1908
950 1950
662 1662
576 1576
476 1476
218 1218
148 1148
595 1595
115 1115
782 1782
431 1431
559 1559
949 1949
598 1598
648 1648
340 1340
914 1914
9 1009
397 1397
390 1390
625 1625
928 1928
257 1257
761 1761
236 1236
234 1234
952 1952
634 1634
427 1427
125 1125
275 1275
695 1695
809 1809
738 1738
468 1468
718 1718
164 1164
55 1055
16 1016
865 1865
768 1768
655 1655
696 1696
396 1396
170 1170
640 1640
659 1659
684 1684
639 1639
855 1855
824 1824
584 1584
636 1636
129 1129
61 1061
504 1504
314 1314
916 1916
303 1303
518 1518
