481 512
295 113 38
113 166 61
166 75 313
75 56 251
56 272 118
272 428 60
428 116 199
116 148 321
148 247 217
247 54 368
54 351 364
351 427 356
427 32 498
32 478 485
295 478 451
179 260 227
260 244 449
244 356 326
356 403 226
403 6 350
6 38 444
38 22 264
22 121 212
121 363 120
363 41 393
41 443 156
443 187 225
187 45 459
45 426 500
179 426 512
196 414 440
414 136 402
136 321 458
321 453 403
453 438 46
438 228 453
228 432 344
432 14 1
14 299 330
299 250 460
250 273 239
273 49 408
49 350 424
350 386 129
196 386 276
285 305 35
305 48 448
48 52 502
52 30 211
30 409 357
409 58 389
58 28 376
28 130 271
130 89 390
89 436 327
436 154 194
154 306 219
306 349 141
349 267 417
285 267 6
126 338 2
338 391 452
391 301 267
301 120 198
120 110 235
110 122 467
122 23 305
23 133 301
133 476 175
476 264 324
264 474 77
474 202 309
202 320 302
320 157 97
126 157 112
112 175 177
175 12 71
12 473 369
473 142 400
142 366 218
366 174 420
174 395 86
395 195 259
195 147 503
147 102 266
102 21 82
21 18 148
18 281 232
281 400 202
112 400 476
108 72 250
72 105 360
105 461 493
461 333 438
333 377 328
377 218 229
218 117 74
117 50 248
50 373 412
373 308 401
308 258 283
258 252 113
252 47 511
47 134 455
108 134 281
384 470 210
470 370 347
370 86 164
86 16 345
16 389 479
389 437 155
437 242 75
242 394 102
394 140 192
140 206 427
206 100 481
100 169 303
169 184 5
184 168 381
384 168 24
348 472 237
472 189 187
189 365 203
365 67 162
67 413 245
413 209 361
209 98 346
98 416 190
416 190 44
190 139 508
139 430 174
430 124 254
124 40 238
40 396 442
348 396 258
149 70 396
70 328 139
328 332 504
332 229 137
229 53 282
53 55 58
55 231 311
231 392 323
392 449 373
449 109 422
109 442 265
442 263 294
263 243 87
243 161 335
149 161 315
325 185 256
185 84 207
84 431 269
431 339 407
339 410 111
410 81 26
81 1 432
1 237 378
237 434 333
434 227 461
227 59 337
59 76 124
76 298 334
298 88 108
325 88 252
106 357 261
357 359 367
359 230 242
230 420 429
420 291 430
291 385 484
385 60 473
60 162 501
162 468 131
468 64 69
64 165 222
165 123 76
123 71 441
71 33 186
106 33 478
248 39 220
39 439 291
439 186 454
186 11 260
11 83 273
83 382 179
382 152 122
152 259 394
259 345 234
345 10 128
10 172 270
172 27 114
27 268 257
268 176 56
248 176 383
31 307 445
307 235 510
235 111 64
111 405 7
405 225 340
225 238 380
238 210 89
210 200 123
200 390 209
390 324 206
324 107 205
107 163 152
163 364 365
364 336 204
31 336 106
146 326 49
326 103 23
103 282 288
282 313 377
313 334 375
334 173 425
173 304 9
304 316 80
316 399 57
399 36 181
36 216 348
216 376 176
376 246 308
246 275 246
146 275 27
207 99 19
99 155 16
155 429 307
429 452 96
452 455 339
455 182 494
182 425 88
425 170 471
170 61 189
61 441 65
441 323 244
323 269 121
269 278 133
278 448 41
207 448 262
331 335 316
335 9 168
9 404 343
404 233 236
233 95 125
95 198 224
198 303 426
303 181 98
181 462 384
462 270 91
270 224 4
224 97 165
97 280 272
280 447 132
331 447 475
254 192 151
192 378 193
378 337 135
337 220 83
220 132 184
132 287 166
287 353 240
353 4 386
4 312 22
312 20 146
20 421 85
421 374 63
374 292 280
292 471 153
254 471 191
361 440 53
440 94 253
94 262 185
262 144 421
144 352 507
352 318 45
318 159 466
159 91 399
91 115 395
115 119 268
119 104 105
104 329 140
329 92 101
92 87 469
361 87 320
397 265 300
265 479 496
479 276 213
276 63 312
63 347 370
347 153 182
153 406 329
406 465 413
465 188 147
188 257 472
257 214 480
214 300 482
300 286 351
286 19 332
397 19 286
417 164 68
164 35 73
35 341 117
341 284 352
284 138 67
138 93 415
93 2 228
2 34 223
34 44 72
44 314 435
314 69 142
69 208 289
208 387 3
387 201 439
417 201 150
221 393 241
393 422 338
422 66 436
66 296 405
296 74 285
74 193 8
193 145 325
145 340 143
340 371 70
371 418 322
418 167 18
167 24 55
24 457 95
457 223 292
221 223 39
477 412 414
412 310 299
310 433 159
433 211 163
211 127 149
127 309 423
309 80 161
80 266 317
266 129 230
129 217 200
217 213 385
213 82 366
82 256 243
256 65 37
477 65 109
178 454 127
454 459 107
459 253 221
253 450 416
450 467 20
467 368 298
368 118 304
118 222 359
222 419 486
419 78 470
78 212 12
212 158 50
158 464 398
464 475 353
178 475 92
160 411 126
411 51 404
51 101 489
101 277 11
277 289 208
289 360 342
360 156 167
156 317 10
317 362 78
362 407 290
407 469 450
469 343 387
343 322 144
322 191 406
160 191 215
379 302 52
302 17 214
17 234 158
234 135 509
135 232 201
232 5 119
5 77 462
77 194 195
194 7 249
7 344 341
344 203 263
203 240 372
240 96 474
96 294 51
379 294 54
446 293 397
293 330 443
330 435 25
435 137 188
137 245 279
245 128 136
128 226 391
226 444 358
444 367 278
367 271 79
271 177 100
177 274 32
274 46 34
46 460 362
446 460 319
79 85 374
85 151 154
151 25 42
25 15 465
15 255 446
255 319 505
319 415 99
415 150 293
150 43 331
43 62 306
62 197 349
197 251 59
251 342 488
342 283 468
79 283 81
380 199 274
199 261 145
261 131 336
131 372 43
372 288 216
288 90 247
90 236 115
236 375 495
375 13 169
13 249 170
249 29 506
29 143 157
143 311 483
311 114 437
380 114 310
423 346 318
346 290 434
290 408 94
408 458 314
458 315 31
315 57 178
57 42 134
42 204 392
204 125 21
125 445 196
445 381 410
381 215 456
215 402 47
402 279 17
423 279 371
68 463 15
463 241 62
241 388 36
388 355 183
355 73 104
73 358 447
358 3 464
3 327 33
327 37 28
37 180 40
180 466 160
466 171 382
171 369 487
369 219 457
68 219 409
141 297 277
297 26 66
26 239 419
239 401 284
401 354 355
354 424 233
424 383 295
383 183 172
183 8 388
8 398 255
398 480 90
480 451 497
451 205 180
205 456 110
141 456 296
295 179 116
22 196 297
432 285 433
28 126 171
23 112 14
395 108 354
117 384 463
242 348 418
98 149 363
231 325 499
272 106 492
60 248 491
152 31 93
210 146 231
304 207 428
425 331 287
303 254 477
353 361 13
159 397 490
406 417 29
54 221 173
145 477 48
80 178 84
118 160 138
156 379 411
77 446 431
226 79 275
415 380 130
236 423 379
42 68 197
266 141 103
1 481 30
