641 672
51 521 159
521 128 323
128 630 280
630 574 22
574 547 561
547 601 471
601 223 387
223 12 220
12 576 192
576 308 592
308 49 37
49 114 42
114 215 213
215 112 373
112 544 331
544 355 26
355 91 614
91 138 349
138 358 136
51 358 442
199 412 497
412 85 4
85 391 290
391 472 507
472 354 593
354 426 16
426 508 462
508 395 357
395 600 535
600 357 142
357 500 322
500 164 639
164 423 318
423 45 557
45 172 665
172 303 411
303 339 11
339 450 145
450 632 522
199 632 99
115 47 264
47 72 12
72 577 618
577 314 385
314 301 63
301 173 116
173 167 110
167 419 582
419 94 602
94 580 249
580 93 294
93 639 201
639 538 653
538 363 62
363 326 503
326 483 483
483 157 376
157 384 214
384 153 596
115 153 250
386 525 190
525 7 54
7 378 45
378 492 381
492 276 78
276 99 117
99 125 127
125 548 656
548 406 306
406 584 670
584 486 260
486 184 514
184 198 500
198 491 493
491 43 112
43 146 178
146 514 540
514 331 65
331 392 407
386 392 104
558 561 177
561 398 329
398 468 620
468 191 229
191 460 633
460 21 278
21 636 123
636 493 658
493 279 146
279 554 380
554 174 180
174 307 150
307 634 342
634 490 421
490 635 367
635 477 509
477 10 452
10 517 149
517 100 40
558 100 458
527 510 512
510 353 254
353 447 476
447 288 80
288 267 598
267 78 182
78 163 560
163 168 209
168 549 599
549 348 47
348 159 657
159 590 75
590 34 277
34 356 603
356 557 660
557 17 46
17 90 66
90 420 494
420 411 223
527 411 583
556 422 642
422 46 621
46 158 87
158 427 444
427 205 636
205 342 265
342 268 67
268 366 487
366 177 427
177 26 481
26 404 501
404 458 401
458 31 441
31 305 286
305 344 262
344 212 19
212 408 628
408 120 563
120 608 548
556 608 251
530 414 155
414 367 30
367 578 610
578 142 345
142 631 38
631 623 89
623 109 627
109 417 370
417 290 98
290 362 92
362 523 171
523 316 671
316 211 428
211 200 293
200 494 141
494 504 383
504 315 643
315 266 549
266 329 1
530 329 194
372 509 341
509 272 375
272 583 288
583 371 224
371 139 558
139 389 649
389 552 569
552 322 572
322 13 632
13 130 550
130 496 151
496 614 571
614 320 414
320 313 664
313 59 389
59 323 313
323 77 81
77 503 76
503 564 270
372 564 91
111 409 351
409 147 106
147 430 515
430 121 207
121 232 379
232 501 199
501 106 612
106 234 608
234 330 672
330 526 61
526 28 434
28 464 9
464 541 668
541 56 160
56 591 600
591 231 309
231 528 526
528 11 552
11 396 186
111 396 218
502 609 52
609 369 578
369 449 336
449 280 418
280 160 589
160 133 328
133 105 184
105 296 366
296 32 108
32 1 635
1 374 238
374 183 302
183 572 13
572 58 58
58 185 478
185 505 393
505 507 368
507 254 200
254 361 438
502 361 8
442 136 285
136 35 655
35 446 119
446 24 164
24 224 325
224 243 538
243 145 435
145 64 652
64 610 84
610 310 392
310 8 541
8 376 477
376 235 450
235 264 464
264 219 537
219 416 317
416 487 343
487 519 211
519 377 305
442 377 417
604 213 279
213 170 511
170 555 523
555 256 651
256 285 519
285 522 577
522 495 433
495 562 570
562 393 50
393 540 60
540 405 140
405 535 454
535 277 346
277 41 102
41 197 301
197 474 413
474 237 584
237 217 565
217 165 630
604 165 71
573 516 587
516 148 135
148 560 513
560 566 41
566 188 126
188 334 595
334 129 339
129 328 324
328 359 446
359 214 179
214 216 276
216 407 510
407 195 386
195 443 611
443 53 360
53 512 271
512 360 113
360 380 86
380 418 241
573 418 3
488 563 543
563 260 304
260 463 585
463 397 320
397 543 221
543 440 134
440 44 431
44 255 163
255 295 300
295 176 23
176 318 616
318 319 358
319 457 154
457 79 51
79 74 597
74 18 352
18 84 484
84 387 362
387 104 482
488 104 289
14 118 255
118 102 212
102 324 472
324 228 282
228 629 239
629 15 69
15 311 667
311 92 617
92 506 196
506 123 590
123 293 533
293 240 457
240 621 176
621 546 648
546 186 666
186 400 638
400 5 236
5 327 33
327 539 559
14 539 284
67 599 622
599 575 31
575 55 2
55 586 268
586 364 225
364 179 348
179 452 430
452 19 206
19 571 82
571 613 468
613 152 15
152 582 539
582 568 425
568 225 364
225 434 459
434 456 203
456 180 532
180 524 372
524 638 267
67 638 556
606 282 161
282 466 93
466 499 237
499 206 432
206 62 144
62 459 253
459 640 669
640 531 326
531 373 18
373 135 574
135 421 181
421 76 296
76 36 423
36 465 453
465 605 542
605 533 626
533 259 28
259 340 292
340 461 499
606 461 275
553 627 473
627 476 298
476 4 455
4 346 334
346 343 604
343 251 208
251 236 95
236 97 217
97 154 485
154 190 148
190 633 551
633 628 338
628 529 14
529 178 581
178 89 162
89 338 57
338 127 531
127 222 594
222 593 185
553 593 90
189 30 64
30 383 449
383 122 156
122 413 470
413 624 44
624 132 273
132 242 7
242 202 451
202 230 175
230 244 395
244 596 426
596 597 230
597 245 216
245 40 398
40 261 390
261 289 480
289 249 420
249 347 394
347 48 625
189 48 547
108 207 132
207 350 555
350 513 504
513 61 406
61 615 465
615 379 404
379 511 79
511 454 527
454 82 576
82 2 609
2 113 36
113 54 492
54 619 256
619 448 173
448 341 498
341 273 506
273 616 240
616 22 204
22 210 613
108 210 397
520 469 94
469 436 629
436 612 353
612 292 544
292 103 333
103 462 391
462 336 129
336 567 153
567 88 437
88 20 327
20 287 287
287 534 344
534 60 247
60 617 191
617 429 227
429 365 508
365 57 429
57 166 219
166 80 546
520 80 479
309 175 133
175 625 20
625 209 469
209 602 124
602 345 456
345 603 269
603 270 448
270 626 447
626 119 382
119 149 233
149 218 388
218 194 97
194 107 354
107 349 252
349 542 363
542 95 445
95 81 312
81 298 100
298 156 335
309 156 640
9 241 474
241 155 27
155 415 566
415 473 234
473 299 405
299 271 580
271 382 586
382 226 330
226 581 443
581 50 384
50 29 6
29 431 303
431 269 361
269 622 461
622 204 647
204 302 103
302 239 232
239 394 215
394 424 440
9 424 396
98 453 130
453 381 299
381 545 56
545 432 297
432 445 369
445 587 606
587 25 128
25 351 518
351 438 579
438 258 641
258 141 605
141 101 412
101 181 74
181 536 118
536 352 619
352 470 573
470 233 21
233 444 415
444 317 359
98 317 73
221 306 131
306 262 662
262 247 55
247 518 403
518 208 516
208 263 416
263 385 24
385 116 436
116 297 96
297 286 272
286 117 242
117 283 101
283 332 263
332 187 72
187 550 183
550 592 505
592 137 644
137 312 488
312 551 245
221 551 645
83 304 634
304 579 39
579 594 243
594 559 661
559 250 601
250 401 197
401 69 408
69 589 623
589 428 624
428 388 588
388 140 377
140 425 337
425 515 311
515 294 615
294 169 29
169 291 562
291 284 235
284 143 226
143 335 332
83 335 77
451 565 231
565 37 355
37 478 281
478 611 424
611 410 654
410 437 439
437 481 400
481 220 139
220 595 158
595 325 170
325 68 371
68 33 198
33 42 637
42 637 659
637 246 402
246 182 340
182 27 34
27 618 165
618 238 319
451 238 107
150 375 5
375 333 536
333 151 138
151 399 631
399 124 258
124 484 463
484 281 591
281 489 607
489 300 167
300 253 248
253 87 172
87 96 168
96 620 496
620 570 350
570 38 663
38 86 409
86 537 246
537 435 202
435 402 489
150 402 466
588 52 374
52 485 48
485 569 120
569 598 257
598 532 283
532 252 467
252 278 261
278 70 530
70 257 205
257 497 310
497 71 567
71 201 10
201 73 25
73 39 378
39 475 266
475 370 59
370 196 295
196 368 105
368 455 109
588 455 195
227 229 525
229 110 49
110 65 114
65 585 365
585 321 491
321 498 486
498 482 568
482 390 188
390 203 410
203 3 143
3 144 274
144 162 187
162 479 419
479 471 17
471 480 534
480 75 291
75 607 308
607 126 43
126 66 495
227 66 83
337 467 122
467 265 321
265 275 528
275 63 529
63 131 399
131 433 356
433 403 147
403 171 137
171 192 422
192 134 259
134 439 564
439 23 169
23 274 85
274 248 521
248 6 210
6 441 125
441 16 553
16 161 316
161 193 32
337 193 460
51 199 490
357 115 121
580 386 157
584 558 517
554 527 520
348 556 650
26 530 475
362 372 314
130 111 166
526 502 646
601 442 244
310 604 228
540 573 53
214 488 545
176 14 222
123 67 68
613 606 111
135 553 88
190 189 554
244 108 115
215 520 524
20 309 502
149 9 575
50 98 174
258 221 35
286 83 315
388 451 307
325 150 193
253 588 347
497 227 70
377 337 152
1 641 189
