705 736
349 158 439
158 246 567
246 104 636
104 12 57
12 391 451
391 430 249
430 677 675
677 420 689
420 456 573
456 453 175
453 481 142
481 111 386
111 678 425
678 95 640
95 522 653
522 588 110
588 197 197
197 56 488
56 560 58
560 396 578
396 245 361
349 245 231
217 60 452
60 443 465
443 69 84
69 332 245
332 263 700
263 683 539
683 42 529
42 161 289
161 351 370
351 35 66
35 27 134
27 214 463
214 387 662
387 632 40
632 601 168
601 190 540
190 656 398
656 615 36
615 500 496
500 701 345
701 182 121
217 182 108
76 320 153
320 291 246
291 609 572
609 424 262
424 547 160
547 394 424
394 257 732
257 11 584
11 303 528
303 254 611
254 101 503
101 384 710
384 148 4
148 318 19
318 399 688
399 100 696
100 619 534
619 648 457
648 475 315
475 86 419
86 335 272
76 335 32
146 577 210
577 72 332
72 66 642
66 569 651
569 278 601
278 361 545
361 302 577
302 14 400
14 115 209
115 602 278
602 362 508
362 623 683
623 122 517
122 561 514
561 253 460
253 251 171
251 274 359
274 164 25
164 184 372
184 91 426
91 397 554
146 397 703
331 237 356
237 702 434
702 93 347
93 121 646
121 151 402
151 169 575
169 131 544
131 622 267
622 63 726
63 94 254
94 463 476
463 432 228
432 160 221
160 187 156
187 484 187
484 229 217
229 533 661
533 442 417
442 61 147
61 583 44
583 342 181
331 342 16
425 227 307
227 386 449
386 221 412
221 107 220
107 353 581
353 657 258
657 520 234
520 357 692
357 527 248
527 454 431
454 47 43
47 584 311
584 415 684
415 40 711
40 404 326
404 52 678
52 673 574
673 593 152
593 336 385
336 401 180
401 544 302
425 544 418
671 559 479
559 439 33
439 614 304
614 408 635
408 20 396
20 106 712
106 207 482
207 46 459
46 552 294
552 172 11
172 390 323
390 70 260
70 108 369
108 268 550
268 143 107
143 216 690
216 486 393
486 304 522
304 412 256
412 691 128
691 516 45
671 516 520
587 636 389
636 416 102
416 440 218
440 603 695
603 681 230
681 539 49
539 141 319
141 546 621
546 620 506
620 36 472
36 553 658
553 494 297
494 205 625
205 674 37
674 333 395
333 117 576
117 324 82
324 233 492
233 676 450
676 579 376
579 58 10
587 58 446
85 637 366
637 319 659
319 8 365
8 548 130
548 157 109
157 368 510
368 326 634
326 369 610
369 373 617
373 68 204
68 22 103
22 578 562
578 147 251
147 521 293
521 438 274
438 204 282
204 514 543
514 279 467
279 625 705
625 25 334
25 689 17
85 689 483
667 5 453
5 29 527
29 159 513
159 660 481
660 406 546
406 616 186
616 241 500
241 277 308
277 155 521
155 590 552
590 255 75
255 208 67
208 261 409
261 613 279
613 653 623
653 364 243
364 90 266
90 215 438
215 696 104
696 448 157
448 398 729
667 398 114
538 631 101
631 222 641
222 607 724
607 592 632
592 177 388
177 59 733
59 451 301
451 150 100
150 573 665
573 462 159
462 1 22
1 635 721
635 314 686
314 612 117
612 183 583
183 167 497
167 695 549
695 139 414
139 374 404
374 598 378
598 380 645
538 380 354
7 213 214
213 599 627
599 350 26
350 300 46
300 290 723
290 78 119
78 308 6
308 144 728
144 580 189
580 356 644
356 428 454
428 536 98
536 337 718
337 508 151
508 633 509
633 23 116
23 166 392
166 537 144
537 83 357
83 316 48
316 203 321
7 203 626
571 563 667
563 322 215
322 287 96
287 618 512
618 98 403
98 589 275
589 6 604
6 126 65
126 541 639
541 497 191
497 646 270
646 44 437
44 596 489
596 479 76
479 550 212
550 551 701
551 507 553
507 628 192
628 378 694
378 679 477
679 474 288
571 474 613
395 402 676
402 476 285
476 240 30
240 18 526
18 284 515
284 554 614
554 38 190
38 51 141
51 490 622
490 611 709
611 280 166
280 234 343
234 345 475
345 431 318
431 371 227
371 503 131
503 37 582
37 186 135
186 178 363
178 488 722
488 288 111
395 288 206
163 354 447
354 480 720
480 55 122
55 87 624
87 199 587
199 266 629
266 170 63
170 405 666
405 600 430
600 358 300
358 567 161
567 198 346
198 276 263
276 212 735
212 654 143
654 459 328
459 218 682
218 282 125
282 191 410
191 640 324
640 171 647
163 171 631
644 496 531
496 694 68
694 74 606
74 134 196
134 610 383
610 477 592
477 124 504
124 133 674
133 529 579
529 19 598
19 130 525
130 658 557
658 531 298
531 226 555
226 48 42
48 532 320
532 665 91
665 103 491
103 264 469
264 666 367
666 429 620
644 429 591
260 502 427
502 272 242
272 341 706
341 688 89
688 312 261
312 501 637
501 566 83
566 606 730
606 114 21
114 499 413
499 9 305
9 441 436
441 45 179
45 174 177
174 570 350
570 519 669
519 149 145
149 423 31
423 82 691
82 549 85
549 703 607
260 703 677
664 659 406
659 586 174
586 493 537
493 307 240
307 446 501
446 129 628
129 79 530
79 192 660
192 235 335
235 672 445
672 419 129
419 305 12
305 652 719
652 297 225
297 140 155
140 498 440
498 483 704
483 329 259
329 252 149
252 31 588
31 478 169
664 478 137
142 88 478
88 383 39
383 690 693
690 540 74
540 310 731
310 379 93
379 452 269
452 152 239
152 102 566
102 271 375
271 328 609
328 285 471
285 202 211
202 138 327
138 162 664
162 71 113
71 495 362
495 219 238
219 525 715
525 630 494
630 360 106
142 360 132
417 289 64
289 511 672
511 482 713
482 321 524
321 617 586
617 54 50
54 179 13
179 123 86
123 634 353
634 153 429
153 346 428
346 99 317
99 447 120
447 377 456
377 526 502
526 24 90
24 306 556
306 492 364
492 16 276
16 437 216
437 649 1
417 649 390
292 193 571
193 543 589
543 334 649
334 355 656
355 565 384
565 206 176
206 110 309
110 413 590
413 256 112
256 128 173
128 2 5
2 65 23
65 96 199
96 595 253
595 545 490
545 470 432
470 28 62
28 523 580
523 258 140
258 238 81
238 597 717
292 597 668
433 39 34
39 43 547
43 575 24
575 504 736
504 435 194
435 338 470
338 389 349
389 530 468
530 655 408
655 188 164
188 73 605
73 236 633
236 299 299
299 247 99
247 84 284
84 195 397
195 313 133
313 661 725
661 461 202
461 422 139
422 118 198
433 118 505
232 41 599
41 242 532
242 231 650
231 572 18
572 629 277
629 485 455
485 669 348
669 339 172
339 647 565
647 591 416
591 685 630
685 194 41
194 286 236
286 449 643
449 311 563
311 77 205
77 145 379
145 403 433
403 582 55
582 224 337
224 555 484
232 555 163
487 542 559
542 33 77
33 409 257
409 209 182
209 248 538
248 444 268
444 49 201
49 64 80
64 704 291
704 273 542
273 663 79
663 281 558
281 293 602
293 201 154
201 473 207
473 330 150
330 464 612
464 296 422
296 375 341
375 298 290
298 366 200
487 366 53
4 564 29
564 50 381
50 686 331
686 185 486
185 283 685
283 120 61
120 323 708
323 680 671
680 682 377
682 556 511
556 400 28
400 363 38
363 699 551
699 113 516
113 407 193
407 57 95
57 259 72
259 421 203
421 75 464
75 605 615
605 119 237
4 119 146
684 81 541
81 244 208
244 223 281
223 469 87
469 468 344
468 535 435
535 624 342
624 458 518
458 524 507
524 309 585
309 370 716
370 275 188
275 414 499
414 220 727
220 132 493
132 200 405
200 528 2
528 382 616
382 687 670
687 176 655
176 317 441
684 317 47
385 67 9
67 112 127
112 460 94
460 670 170
670 512 73
512 97 20
97 344 339
344 325 458
325 491 115
491 243 303
243 165 235
165 249 52
249 608 560
608 510 423
510 62 313
62 558 394
558 650 442
650 175 448
175 135 352
135 662 336
662 457 600
385 457 702
574 576 734
576 376 707
376 294 687
294 225 340
225 700 485
700 489 593
489 562 71
562 347 519
347 517 657
517 642 271
642 352 473
352 626 333
626 26 373
26 381 699
381 692 407
692 109 184
109 515 54
515 581 523
581 15 286
15 301 292
301 267 548
574 267 568
465 427 185
427 410 638
410 295 680
295 643 351
643 434 162
434 513 295
513 638 213
638 639 312
639 505 167
505 388 264
388 675 244
675 189 380
189 181 314
181 693 495
693 265 330
265 450 224
450 467 474
467 359 183
359 471 136
471 518 3
518 472 358
465 472 618
455 228 273
228 168 14
168 156 222
156 568 69
568 230 498
230 506 252
506 348 241
348 367 92
367 89 329
89 392 663
392 557 443
557 269 487
269 125 70
125 137 679
137 154 15
154 426 697
426 239 570
239 645 444
645 315 603
315 13 165
13 594 178
455 594 382
641 668 105
668 92 35
92 10 648
10 250 411
250 196 229
196 436 316
436 173 265
173 136 462
136 365 368
365 651 569
651 3 536
3 534 420
534 627 698
627 116 338
116 80 7
80 105 287
105 585 374
585 509 126
509 411 652
411 698 619
698 393 714
641 393 325
466 30 78
30 34 123
34 343 533
343 127 233
127 21 597
21 211 59
211 418 8
418 32 148
32 210 371
210 340 118
340 697 399
697 270 283
270 372 158
372 262 60
262 445 654
445 604 673
604 17 608
17 53 27
53 327 280
327 180 594
180 621 88
466 621 391
349 217 195
27 76 355
101 146 596
362 331 535
463 425 296
47 671 56
390 587 124
553 85 138
22 667 421
255 538 681
677 7 415
428 571 561
646 395 461
280 163 255
567 644 387
130 260 310
9 664 232
419 142 306
328 417 247
346 292 223
95 433 480
73 232 97
685 487 564
663 4 250
400 684 219
370 385 360
165 574 401
352 465 51
675 455 226
557 641 595
158 466 322
1 705 466
