470 516
129 134 336
134 133 259
133 468 117
468 311 88
311 356 45
356 367 51
367 268 421
268 285 85
285 110 305
129 110 284
428 30 333
30 109 224
109 70 384
70 108 454
108 419 429
419 348 472
348 334 200
334 378 100
378 345 179
428 345 193
123 163 339
163 26 132
26 240 410
240 62 256
62 288 281
288 281 510
281 196 361
196 442 427
442 314 128
123 314 203
97 188 50
188 239 170
239 166 488
166 381 42
381 280 163
280 350 62
350 168 130
168 464 356
464 82 238
97 82 93
282 39 342
39 320 34
320 242 156
242 404 112
404 63 5
63 206 79
206 391 92
391 250 416
250 377 216
282 377 31
86 124 6
124 460 350
460 84 394
84 56 136
56 29 183
29 4 178
4 125 441
125 390 268
390 79 397
86 79 272
205 251 402
251 437 36
437 73 318
73 91 478
91 290 304
290 439 405
439 229 458
229 7 187
7 59 366
205 59 355
245 336 227
336 264 123
264 237 77
237 235 121
235 396 408
396 326 482
326 434 73
434 355 291
355 319 46
245 319 202
21 198 460
198 137 111
137 402 239
402 162 308
162 76 8
76 293 141
293 197 385
197 149 4
149 120 461
21 120 274
455 136 300
136 183 47
183 374 40
374 401 326
401 308 449
308 312 412
312 67 292
67 161 287
161 81 207
455 81 18
101 139 168
139 182 237
182 296 357
296 131 229
131 369 107
369 173 490
173 178 105
178 230 137
230 132 329
101 132 113
324 315 82
315 68 44
68 27 110
27 304 116
304 384 217
384 116 114
116 370 3
370 418 391
418 368 505
324 368 265
50 210 74
210 208 253
208 22 72
22 40 417
40 287 496
287 115 221
115 387 198
387 142 29
142 462 166
50 462 37
185 254 310
254 219 22
219 227 487
227 331 393
331 6 236
6 441 54
441 159 108
159 157 465
157 148 486
185 148 409
398 358 86
358 295 407
295 271 225
271 392 469
392 25 298
25 45 150
45 65 240
65 297 212
297 261 194
398 261 146
144 307 462
307 406 477
406 244 444
244 171 511
171 1 209
1 176 43
176 263 463
263 37 493
37 408 320
144 408 251
192 48 271
48 313 171
313 466 35
466 274 423
274 233 219
233 121 129
121 440 286
440 385 101
385 341 383
192 341 32
158 364 162
364 93 248
93 180 293
180 403 369
403 172 362
172 24 365
24 318 349
318 112 56
112 119 19
158 119 242
260 187 249
187 12 499
12 431 55
431 174 426
174 151 368
151 155 438
155 306 68
306 347 316
347 203 372
260 203 208
456 433 258
433 423 512
423 193 20
193 228 149
228 194 451
194 360 245
360 126 324
126 291 127
291 277 302
456 277 17
284 88 205
88 169 80
169 95 30
95 309 415
309 184 201
184 89 514
89 11 99
11 128 190
128 66 155
284 66 233
152 310 375
310 14 148
14 17 432
17 106 344
106 212 456
212 292 49
292 461 115
461 278 414
278 363 165
152 363 230
100 247 126
247 202 379
202 104 453
104 28 12
28 449 143
449 36 343
36 411 71
411 69 348
69 211 104
100 211 220
8 415 267
415 209 386
209 265 210
265 465 322
465 425 430
425 96 135
96 302 102
302 463 39
463 409 83
8 409 147
327 329 354
329 429 180
429 181 296
181 365 471
365 216 196
216 94 442
94 214 277
214 446 172
446 248 181
327 248 358
217 165 160
165 31 503
31 57 122
57 102 314
102 83 445
83 354 24
354 325 290
325 333 191
333 430 2
217 430 455
190 359 395
359 373 475
373 78 443
78 349 516
349 164 120
164 422 280
422 156 231
156 352 58
352 224 476
190 224 406
246 213 161
213 388 60
388 74 319
74 10 90
10 346 468
346 432 502
432 420 247
420 412 403
412 138 435
246 138 266
98 340 25
340 262 331
262 71 474
71 241 10
241 448 380
448 15 167
15 337 98
337 397 387
397 186 419
98 186 257
399 179 78
179 270 97
270 99 173
99 407 431
407 130 425
130 276 243
276 177 389
177 44 145
44 426 353
399 426 91
467 223 360
223 207 199
207 13 481
13 47 65
47 2 9
2 189 411
189 54 448
54 443 84
443 122 509
467 122 131
256 127 313
127 23 434
23 32 311
32 64 254
64 103 378
103 42 188
42 371 439
371 405 63
405 113 273
256 113 159
135 234 340
234 289 234
289 301 401
301 218 197
218 170 346
170 322 94
322 267 495
267 105 332
105 259 109
135 259 508
249 201 282
201 46 328
46 146 11
146 272 479
272 344 396
344 447 1
447 195 382
195 153 491
153 215 21
249 215 321
199 414 428
414 53 41
53 75 226
75 226 214
226 107 376
107 330 325
330 204 377
204 72 228
72 255 177
199 255 52
232 77 498
77 316 470
316 353 299
353 454 241
454 85 70
85 335 38
335 35 103
35 114 250
114 200 418
232 200 301
458 413 27
413 362 175
362 470 420
470 389 433
389 424 176
424 386 69
386 33 467
33 343 185
343 321 174
458 321 381
382 380 373
380 372 189
372 221 371
221 243 424
243 80 211
80 444 345
444 257 347
257 298 315
298 117 222
382 117 285
379 238 370
238 342 337
342 269 169
269 416 13
416 427 87
427 400 232
400 376 288
376 220 494
220 452 297
379 452 501
393 236 118
236 395 447
395 55 134
55 332 53
332 150 261
150 275 335
275 300 59
300 19 515
19 421 436
393 421 504
445 283 323
283 317 61
317 383 278
383 366 485
366 34 66
34 279 270
279 52 142
52 58 75
58 160 140
445 160 23
92 266 306
266 417 96
417 175 464
175 18 218
18 299 204
299 438 48
438 51 124
51 43 359
43 41 289
92 41 363
394 351 7
351 339 506
339 294 164
294 16 374
16 453 295
453 90 184
90 435 28
435 118 341
118 450 15
394 450 235
49 20 294
20 273 213
273 410 364
410 61 312
61 38 279
38 143 399
143 5 497
5 60 186
60 258 317
49 258 507
154 375 57
375 361 246
361 167 263
167 305 153
305 87 255
87 222 489
222 357 392
357 323 307
323 253 95
154 253 500
111 191 195
191 225 513
225 436 223
436 459 14
459 3 260
3 145 215
145 231 483
231 338 67
338 469 492
111 469 81
457 252 89
252 303 151
303 9 157
9 328 413
328 141 138
141 140 480
140 286 367
286 451 275
451 147 144
457 147 352
129 428 244
419 123 16
288 97 484
280 282 283
63 86 262
29 205 269
290 245 152
396 21 64
76 455 334
308 101 466
369 324 303
384 50 76
287 185 457
6 398 473
25 144 404
468 192 139
233 158 133
172 260 33
151 456 446
194 284 106
184 152 338
212 100 459
449 8 158
425 327 388
216 217 327
83 190 125
164 246 437
346 98 351
448 399 182
130 467 450
367 256 390
103 135 276
170 249 252
344 199 400
107 232 119
85 458 422
424 382 440
80 379 330
427 393 309
150 445 26
34 92 154
299 394 192
453 49 452
38 154 206
87 111 398
132 457 264
