706 752
10 43 547
43 30 192
30 465 603
465 466 728
466 47 269
47 48 512
48 242 332
242 287 725
287 231 511
231 604 360
604 210 663
210 102 633
102 491 347
491 203 183
10 203 654
62 280 445
280 585 30
585 411 621
411 400 362
400 661 496
661 597 495
597 260 396
260 607 746
607 593 598
593 211 221
211 478 178
478 28 718
28 540 220
540 286 52
62 286 17
438 367 723
367 285 678
285 602 412
602 646 288
646 168 119
168 100 521
100 494 668
494 501 142
501 71 113
71 24 170
24 141 642
141 333 100
333 389 130
389 16 212
438 16 70
406 378 743
378 394 737
394 383 202
383 337 671
337 683 586
683 180 684
180 111 29
111 55 164
55 390 601
390 21 165
21 399 542
399 454 62
454 232 135
232 149 162
406 149 391
606 148 727
148 97 57
97 369 700
369 91 105
91 433 341
433 460 540
460 140 593
140 629 655
629 188 168
188 637 45
637 134 274
134 22 185
22 656 431
656 306 148
606 306 471
689 131 581
131 303 197
303 271 153
271 69 482
69 643 182
643 507 177
507 142 227
142 567 349
567 245 242
245 560 664
560 557 320
557 482 559
482 299 502
299 39 271
689 39 555
598 695 211
695 624 389
624 129 419
129 215 158
215 192 151
192 543 409
543 196 609
196 319 637
319 295 485
295 499 42
499 246 235
246 568 225
568 504 218
504 699 484
598 699 64
194 544 675
544 663 249
663 455 531
455 45 639
45 431 724
431 204 673
204 272 691
272 281 39
281 526 268
526 628 443
628 618 477
618 164 448
164 649 283
649 418 35
194 418 494
467 531 657
531 425 564
425 330 140
330 569 356
569 514 704
514 78 504
78 135 602
135 565 714
565 583 191
583 592 43
592 341 442
341 323 415
323 226 373
226 174 378
467 174 58
625 556 522
556 468 534
468 470 466
470 27 497
27 653 123
653 657 738
657 172 38
172 488 175
488 38 344
38 354 614
354 309 289
309 489 628
489 582 74
582 138 465
625 138 526
264 527 95
527 184 508
184 517 78
517 566 607
566 315 608
315 98 299
98 382 749
382 576 94
576 292 330
292 152 680
152 696 503
696 77 59
77 36 280
36 668 53
264 668 55
153 548 266
548 525 719
525 577 69
577 8 435
8 644 40
644 144 321
144 655 345
655 698 548
698 178 560
178 344 143
344 502 304
502 243 81
243 345 26
345 616 604
153 616 480
251 46 712
46 356 80
356 409 14
409 676 264
676 451 72
451 120 333
120 113 635
113 259 537
259 132 493
132 216 294
216 324 129
324 555 2
555 563 231
563 417 682
251 417 584
37 372 314
372 124 77
124 380 498
380 214 566
214 587 517
587 551 468
551 487 48
487 342 411
342 697 381
697 169 307
169 247 740
247 524 457
524 654 529
654 534 549
37 534 228
701 638 91
638 205 44
205 521 739
521 627 530
627 80 469
80 493 751
493 82 455
82 432 103
432 233 641
233 682 28
682 123 25
123 642 458
642 374 226
374 290 306
701 290 102
350 580 223
580 381 82
381 228 210
228 445 507
445 352 372
352 87 193
87 1 550
1 225 426
225 154 616
154 175 101
175 623 262
623 320 703
320 550 585
550 648 253
350 648 618
427 117 301
117 650 84
650 118 702
118 401 624
401 110 699
110 376 615
376 115 377
115 89 473
89 403 107
403 32 606
32 13 476
13 255 506
255 163 239
163 424 597
427 424 694
387 199 489
199 397 375
397 296 309
296 558 491
558 589 418
589 542 574
542 329 236
329 156 355
156 536 184
536 435 393
435 35 166
35 222 410
222 234 114
234 92 5
387 92 568
359 158 89
158 703 470
703 632 551
632 106 71
106 40 665
40 237 623
237 254 421
254 171 475
171 269 436
269 326 163
326 422 353
422 497 672
497 114 118
114 405 599
359 405 610
53 471 523
471 301 683
301 421 34
421 476 146
476 538 384
538 496 660
496 688 562
688 19 395
19 674 190
674 477 368
477 547 348
547 101 387
101 402 425
402 195 156
53 195 589
366 549 241
549 256 305
256 139 595
139 553 176
553 608 302
608 700 224
700 363 205
363 523 376
523 212 258
212 686 708
686 530 722
530 498 329
498 486 670
486 270 196
366 270 625
413 328 342
328 213 363
213 248 463
248 66 361
66 554 86
554 365 171
365 630 414
630 351 369
351 603 379
603 442 583
442 240 430
240 166 334
166 485 339
485 385 312
413 385 159
617 564 733
564 574 7
574 236 186
236 599 327
599 99 505
99 586 518
586 620 528
620 109 656
109 416 328
416 181 422
181 59 65
59 677 316
677 691 572
691 355 144
617 355 172
619 6 687
6 546 13
546 276 296
276 439 83
439 244 707
244 238 544
238 639 582
639 575 281
575 294 481
294 492 263
492 186 124
186 621 450
621 552 571
552 518 383
619 518 10
42 289 319
289 220 19
220 562 317
562 456 464
456 297 696
297 437 490
437 358 510
358 20 295
20 321 323
321 63 516
63 481 520
481 94 230
94 219 133
219 440 695
42 440 257
681 423 308
423 434 247
434 179 134
179 651 324
651 594 685
594 343 204
343 160 716
160 298 359
298 393 290
393 64 577
64 641 651
641 41 297
41 218 486
218 125 92
681 125 698
513 193 60
193 377 591
377 314 265
314 505 632
505 283 293
283 157 22
157 252 613
252 307 600
307 694 403
694 262 734
262 441 701
441 17 492
17 327 399
327 479 653
513 479 570
81 404 697
404 458 420
458 447 538
447 420 96
420 93 267
93 622 203
622 173 33
173 79 626
79 176 322
176 705 132
705 73 667
73 364 467
364 398 260
398 685 93
81 685 407
443 72 277
72 206 340
206 609 552
609 448 569
448 528 298
528 371 233
371 469 732
469 684 541
684 472 676
472 473 326
473 15 73
15 310 634
310 529 532
529 339 563
443 339 169
449 647 279
647 209 617
209 291 658
291 645 545
645 147 679
147 130 578
130 509 131
509 510 115
510 7 558
7 693 16
693 500 527
500 541 650
541 533 117
533 90 715
449 90 357
208 672 717
672 667 620
667 239 644
239 662 736
662 690 217
690 338 515
338 2 207
2 539 222
539 235 729
235 483 535
483 512 499
512 495 731
495 373 318
373 202 364
208 202 149
426 167 138
167 665 417
665 293 201
293 58 215
58 687 272
687 474 75
474 253 741
253 414 248
414 545 567
545 68 278
68 177 251
177 278 116
278 664 514
664 60 666
426 60 180
96 631 354
631 511 79
511 463 554
463 104 104
104 25 99
25 165 388
165 680 709
680 340 557
340 133 256
133 65 366
65 44 259
44 257 402
257 391 189
391 112 120
96 112 21
316 116 20
116 4 139
4 578 198
578 311 461
311 128 588
128 362 735
362 85 88
85 571 161
571 612 126
612 161 335
161 119 252
119 18 229
18 61 152
61 223 748
316 223 367
9 633 9
633 503 6
503 31 648
31 70 478
70 52 456
52 388 370
388 54 200
54 317 336
317 191 669
191 669 371
669 375 36
375 579 136
579 464 286
464 56 713
9 56 556
12 506 150
506 692 446
692 201 337
201 516 208
516 353 214
353 29 108
29 515 433
515 396 705
396 635 137
635 572 460
572 596 611
596 14 188
14 384 408
384 702 612
12 702 66
346 490 428
490 673 56
673 229 661
229 185 351
185 197 439
197 5 677
5 74 1
74 84 173
84 615 209
615 200 232
200 573 273
573 121 423
121 137 649
137 182 483
346 182 90
313 348 525
348 561 488
561 159 444
159 600 87
600 675 174
675 302 590
302 614 292
614 266 434
266 67 122
67 49 643
49 288 199
288 170 474
170 519 270
519 581 424
313 581 405
660 277 358
277 183 343
183 318 576
318 453 261
453 51 745
51 679 573
679 360 385
360 258 441
258 386 640
386 601 730
601 410 76
410 190 352
190 95 325
95 146 195
660 146 238
107 312 50
312 305 674
305 508 500
508 428 300
428 83 561
83 11 392
11 559 662
559 626 67
626 263 636
263 520 303
520 370 647
370 241 254
241 588 24
588 452 284
107 452 398
535 415 54
415 162 127
162 189 3
189 349 179
349 480 630
480 275 250
275 127 154
127 224 155
224 57 97
57 347 285
347 584 536
584 392 539
392 261 397
261 640 145
535 640 246
308 122 234
122 457 437
457 484 240
484 357 693
357 23 452
23 419 18
419 282 638
282 304 276
304 325 244
325 332 315
332 103 413
103 537 744
537 636 147
636 658 752
308 658 605
459 595 686
595 450 394
450 75 12
75 670 432
670 155 187
155 34 594
34 33 98
33 634 622
634 265 109
265 267 579
267 605 219
605 611 41
611 429 565
429 446 453
459 446 692
591 151 681
151 334 596
334 522 513
522 322 553
322 207 447
207 300 386
300 570 688
570 187 404
187 268 15
268 532 68
532 652 338
652 274 121
274 217 438
217 284 720
591 284 291
704 145 543
145 250 592
250 671 11
671 461 85
461 221 275
221 368 479
368 408 416
408 412 37
412 407 519
407 136 313
136 666 49
666 610 282
610 678 111
678 336 587
704 336 106
273 26 429
26 395 546
395 475 32
475 143 440
143 150 160
150 462 646
462 3 194
3 76 287
76 108 51
108 249 380
249 444 631
444 379 346
379 227 652
227 590 750
273 590 706
279 88 112
88 331 645
331 230 619
230 613 255
613 361 374
361 126 365
126 105 406
105 86 390
86 198 245
198 50 63
50 659 401
659 335 243
335 430 237
430 436 125
279 436 533
10 62 690
260 438 350
494 406 310
111 606 487
140 689 721
142 598 726
196 194 181
272 467 524
135 625 128
172 264 449
382 153 382
655 251 451
113 37 27
487 701 167
82 350 659
47 427 710
115 387 311
329 359 31
254 53 110
688 366 8
363 413 711
630 617 61
620 619 4
639 42 459
358 681 580
160 513 462
252 81 427
173 443 331
469 449 400
509 208 501
604 426 454
253 96 47
680 316 141
85 9 213
54 12 206
515 346 472
74 313 747
614 660 46
360 107 627
559 535 575
127 308 23
282 459 742
33 591 509
570 704 157
408 273 689
294 279 216
1 706 629
