940 986
280 360 503
360 362 5
362 917 229
917 762 841
762 39 2
39 707 544
707 703 444
703 114 858
114 597 146
597 169 502
169 350 118
350 642 855
642 184 563
184 613 565
613 482 750
482 110 81
110 217 488
217 191 462
191 786 483
280 786 506
90 701 337
701 240 187
240 176 985
176 70 469
70 276 836
276 702 137
702 154 897
154 82 404
82 490 292
490 743 240
743 551 177
551 534 207
534 671 866
671 291 129
291 386 910
386 426 125
426 35 131
35 133 257
133 412 706
90 412 754
162 546 191
546 48 64
48 877 325
877 113 261
113 66 528
66 208 184
208 20 850
20 179 233
179 746 468
746 679 619
679 63 813
63 931 588
931 128 495
128 103 818
103 477 429
477 449 241
449 807 212
807 467 854
467 138 306
162 138 642
330 416 89
416 561 728
561 532 625
532 621 42
621 429 564
429 306 738
306 739 702
739 681 582
681 151 547
151 781 248
781 887 472
887 907 859
907 936 208
936 352 165
352 425 143
425 893 151
893 535 393
535 364 802
364 312 363
330 312 846
422 824 16
824 513 438
513 281 346
281 167 182
167 289 781
289 554 681
554 152 707
152 313 298
313 244 61
244 440 458
440 190 949
190 706 810
706 295 629
295 355 772
355 559 258
559 690 591
690 177 666
177 374 847
374 387 220
422 387 185
397 25 494
25 831 174
831 819 853
819 396 120
396 216 148
216 269 635
269 205 108
205 80 107
80 832 305
832 895 431
895 705 470
705 468 403
468 380 684
380 271 579
271 920 814
920 878 756
878 219 951
219 466 11
466 458 931
397 458 104
200 309 133
309 908 795
908 520 957
520 302 784
302 164 36
164 220 492
220 811 699
811 867 459
867 879 34
879 724 279
724 497 37
497 117 141
117 38 121
38 6 966
6 85 199
85 52 530
52 688 26
688 863 328
863 173 583
200 173 744
348 747 132
747 556 574
556 47 75
47 733 624
733 683 384
683 314 9
314 10 514
10 385 105
385 60 729
60 897 309
897 843 76
843 658 902
658 522 555
522 725 791
725 218 979
218 484 414
484 923 618
923 939 311
939 795 660
348 795 861
674 121 597
121 601 382
601 471 383
471 913 360
913 898 74
898 599 827
599 311 863
311 577 954
577 837 644
837 442 534
442 883 851
883 303 749
303 365 188
365 648 102
648 916 344
916 328 543
328 728 31
728 123 379
123 346 903
674 346 294
780 851 416
851 835 84
835 810 616
810 782 46
782 583 100
583 337 242
337 21 22
21 685 173
685 166 677
166 617 290
617 17 41
17 654 552
654 849 686
849 325 417
325 930 226
930 876 937
876 345 353
345 712 202
712 296 135
780 296 496
250 803 630
803 723 198
723 821 343
821 488 400
488 95 826
95 307 234
307 542 32
542 864 73
864 572 683
572 401 480
401 248 442
248 108 57
108 738 216
738 331 658
331 593 962
593 873 213
873 629 354
629 265 302
265 571 697
250 571 99
78 399 252
399 75 934
75 914 581
914 861 672
861 737 428
737 111 195
111 427 688
427 589 764
589 156 3
156 141 665
141 499 450
499 297 490
297 106 48
106 872 206
872 594 735
594 472 727
472 15 596
15 256 771
256 211 777
78 211 30
124 438 56
438 83 186
83 304 721
304 636 807
636 710 890
710 242 367
242 822 467
822 592 70
592 230 809
230 238 825
238 324 512
324 172 221
172 612 865
612 641 283
641 788 682
788 414 739
414 45 38
45 774 95
774 753 609
124 753 952
544 150 44
150 323 716
323 792 679
792 308 284
308 239 355
239 81 785
81 413 930
413 371 493
371 33 316
33 37 500
37 640 712
640 605 778
605 871 685
871 57 510
57 632 662
632 625 359
625 430 808
430 695 349
695 581 130
544 581 676
881 109 788
109 196 670
196 517 254
517 288 264
288 598 297
598 794 820
794 838 327
838 241 447
241 343 427
343 870 190
870 454 474
454 752 29
752 857 800
857 118 180
118 616 654
616 470 908
470 890 285
890 183 88
183 409 558
881 409 714
875 793 415
793 721 218
721 392 649
392 473 326
473 436 109
436 868 59
868 423 578
423 515 838
515 408 150
408 1 517
1 756 158
756 892 546
892 223 481
223 602 767
602 626 419
626 50 269
50 224 668
224 28 554
28 65 927
875 65 640
763 273 487
273 664 923
664 7 842
7 18 819
18 527 43
527 772 304
772 400 287
400 64 138
64 932 896
932 465 545
465 814 774
814 461 336
461 478 498
478 181 914
181 283 655
283 165 332
165 86 21
86 911 711
911 446 604
763 446 969
896 783 391
783 284 348
284 462 203
462 645 175
645 694 746
694 12 83
12 27 848
27 74 342
74 558 278
558 886 782
886 748 572
748 87 508
87 145 197
145 591 217
591 372 265
372 628 446
628 666 663
666 735 380
735 161 276
896 161 164
784 180 646
180 266 796
266 510 79
510 332 924
332 650 733
650 267 833
267 4 246
4 178 971
178 888 822
888 563 983
563 491 567
491 662 691
662 42 475
42 221 689
221 73 705
73 403 701
403 579 891
579 500 580
500 850 178
784 850 358
549 149 940
149 866 162
866 902 163
902 606 145
606 300 862
300 767 451
767 852 780
852 708 453
708 550 692
550 928 938
928 806 341
806 789 921
789 62 77
62 226 398
226 377 758
377 489 587
489 448 598
448 447 394
447 765 485
549 765 204
600 375 837
375 84 944
84 105 112
105 714 28
714 44 881
44 29 477
29 439 520
439 647 628
647 675 860
675 585 499
585 34 905
34 318 643
318 361 445
361 508 156
508 143 301
143 104 181
104 102 194
102 168 687
168 212 315
600 212 967
505 98 507
98 771 895
771 776 892
776 569 592
569 660 977
660 779 986
779 253 289
253 529 225
529 732 55
732 678 769
678 59 110
59 342 650
342 182 602
182 841 617
841 543 762
543 745 550
745 278 631
278 153 82
153 378 719
505 378 734
799 614 745
614 452 211
452 635 535
635 51 7
51 54 413
54 370 356
370 643 288
643 682 834
682 480 675
480 856 231
856 514 386
514 848 755
848 49 388
49 444 741
444 576 904
576 757 840
757 189 970
189 921 90
921 334 128
799 334 917
665 539 732
539 595 18
595 358 622
358 163 929
163 686 812
686 257 659
257 519 247
519 479 49
479 214 24
214 481 111
481 77 953
77 744 71
744 432 637
432 317 291
317 347 373
347 693 690
693 232 406
232 553 529
553 741 626
665 741 210
339 321 313
321 287 844
287 578 19
578 349 632
349 894 399
894 147 669
147 734 321
734 516 17
516 524 906
524 247 232
247 727 770
727 540 126
540 905 268
905 421 101
421 155 53
155 922 200
922 410 804
410 618 333
618 204 410
339 204 270
263 874 960
874 71 10
71 709 1
709 233 560
233 720 521
720 209 20
209 493 421
493 222 352
222 880 725
880 435 274
435 565 877
565 825 251
825 661 713
661 564 147
564 847 621
847 823 973
823 798 310
798 206 943
206 97 811
263 97 407
202 148 505
148 197 576
197 633 901
633 68 709
68 258 792
258 715 828
715 530 794
530 344 45
344 187 478
187 495 136
495 285 918
285 115 783
115 144 540
144 518 170
518 566 443
566 858 590
858 697 900
697 58 948
58 134 589
202 134 533
760 131 561
131 43 568
43 673 176
673 659 6
659 351 330
351 404 312
404 67 69
67 236 718
236 91 961
91 507 436
507 830 613
830 201 192
201 8 593
8 698 318
698 227 153
227 186 700
186 127 869
127 672 299
672 56 633
760 56 504
623 804 541
804 802 724
802 935 13
935 718 65
718 800 14
800 252 742
252 657 371
657 420 542
420 538 698
538 390 760
390 136 594
136 787 351
787 268 730
268 901 142
901 622 823
622 459 522
459 327 965
327 590 307
590 759 114
623 759 378
213 910 223
910 552 68
552 316 139
316 755 611
755 119 880
119 568 817
568 40 396
40 494 52
494 900 539
900 384 536
384 903 96
903 383 424
383 411 553
411 22 571
22 437 933
437 9 237
9 254 161
254 249 397
249 125 763
213 125 980
290 925 605
925 586 433
586 406 956
406 107 339
107 777 601
777 711 761
711 584 790
584 402 968
402 853 259
853 2 638
2 356 584
356 882 779
882 560 551
560 274 768
274 525 920
525 112 183
112 369 434
369 528 157
528 194 50
290 194 829
298 729 515
729 638 463
638 587 722
587 498 144
498 455 63
455 769 479
769 353 922
353 245 408
245 129 93
129 696 201
696 192 437
192 96 484
96 691 559
691 511 787
511 649 106
649 801 751
801 829 473
829 146 610
146 393 898
298 393 320
11 575 926
575 368 60
368 379 412
379 547 169
547 434 731
434 909 361
909 808 947
808 366 748
366 521 303
521 716 432
716 854 831
854 929 976
929 272 932
272 768 295
768 367 335
367 72 907
72 487 887
487 139 214
139 338 466
11 338 159
210 630 867
630 742 275
742 61 357
61 652 708
652 815 230
815 16 97
16 766 879
766 225 317
225 286 486
286 293 282
293 319 856
319 14 224
14 305 885
305 135 982
135 76 449
76 790 280
790 631 189
631 860 786
860 235 263
210 235 913
398 610 86
610 122 255
122 326 209
326 687 113
687 255 273
255 526 193
526 537 418
537 692 227
692 279 374
279 924 476
924 827 372
827 69 389
69 750 975
750 573 981
573 501 845
501 450 894
450 485 219
485 933 569
933 475 127
398 475 556
651 31 376
31 620 67
620 46 946
46 820 874
820 310 375
310 839 39
839 855 87
855 891 664
891 30 524
30 92 882
92 329 338
329 464 271
464 574 513
574 656 300
656 431 950
431 869 262
869 684 821
684 270 548
270 717 439
651 717 928
773 634 243
634 299 623
299 912 799
912 615 562
615 918 509
918 754 775
754 120 236
120 277 62
277 548 149
548 130 573
130 926 645
926 394 461
394 624 365
624 234 440
234 834 235
834 340 873
340 667 916
667 382 66
382 719 256
773 719 911
292 596 454
596 207 566
207 251 972
251 736 140
736 474 441
474 492 345
492 94 797
94 915 648
915 840 172
840 865 15
865 555 636
555 99 889
99 713 824
713 215 40
215 816 452
816 193 116
193 512 759
512 391 395
391 689 757
292 689 570
174 938 606
938 509 435
509 862 599
862 357 228
357 611 805
611 859 793
859 588 314
588 246 614
246 100 430
100 376 491
376 301 238
301 405 94
405 846 849
846 417 331
417 55 726
55 761 789
761 607 239
607 13 272
13 418 612
174 418 387
373 428 85
428 469 350
469 260 532
260 159 124
159 486 266
486 809 678
809 381 634
381 817 281
817 740 776
740 415 607
415 203 154
203 730 525
730 608 766
608 460 527
460 41 122
41 101 362
101 441 747
441 264 806
264 158 723
373 158 293
749 443 835
443 341 78
341 502 936
502 603 497
603 833 765
833 388 798
388 680 244
680 456 277
456 116 249
116 536 92
536 627 519
627 229 465
229 604 51
604 424 115
424 395 868
395 53 852
53 140 586
140 79 54
79 504 324
749 504 286
26 670 717
670 237 369
237 137 575
137 764 753
764 797 250
797 24 205
24 919 166
919 453 526
453 609 620
609 758 963
758 655 651
655 315 893
315 262 366
262 5 448
5 320 801
320 419 25
419 699 401
699 335 308
335 275 878
26 275 456
646 523 4
523 796 323
796 637 870
637 175 482
175 541 695
541 359 80
359 751 98
751 198 347
198 89 773
89 389 47
389 228 171
228 23 816
23 775 103
775 19 58
19 677 12
677 496 671
496 828 884
828 195 8
195 463 72
646 463 409
506 582 160
582 132 385
132 503 167
503 619 872
619 188 253
188 580 33
580 884 661
884 726 815
726 785 557
785 171 843
171 791 919
791 282 864
282 669 736
669 562 704
562 545 984
545 906 964
906 333 511
333 185 839
185 899 667
506 899 585
157 170 405
170 704 710
704 644 942
644 93 857
93 199 673
199 32 945
32 844 657
844 937 909
937 445 752
445 826 245
826 557 377
557 940 423
940 700 832
700 904 696
904 88 422
88 653 329
653 531 27
531 818 639
818 668 935
157 668 537
812 570 523
570 639 152
639 451 179
451 934 455
934 845 411
845 731 489
731 567 656
567 676 296
676 363 888
363 3 35
3 813 740
813 483 978
483 533 680
533 336 334
336 294 955
294 805 737
805 836 460
836 261 531
261 160 871
812 160 615
476 885 392
885 663 627
663 407 322
407 36 364
36 243 958
243 126 641
126 231 319
231 457 720
457 842 464
842 927 267
927 433 119
433 889 653
889 354 595
354 770 222
770 722 899
722 142 803
142 259 196
259 778 390
778 322 941
476 322 381
280 90 939
743 162 883
679 330 518
781 422 402
440 397 886
895 200 703
724 348 647
897 674 538
442 780 91
617 250 715
401 78 117
141 124 260
238 544 471
37 881 168
870 875 915
707 763 603
465 896 123
886 784 925
563 549 974
928 600 501
585 505 549
678 799 215
856 665 830
481 339 876
247 263 577
435 202 134
495 760 420
507 623 608
390 213 340
384 290 457
184 298 368
696 11 743
716 210 516
293 398 959
924 651 693
92 773 652
130 292 425
865 174 912
376 373 155
415 749 600
536 26 694
758 646 674
389 506 370
171 157 875
826 812 23
934 476 426
