931 992
396 31 727
31 734 591
734 303 440
303 926 230
926 288 473
288 486 655
486 153 318
153 895 674
895 751 470
751 431 163
431 468 242
468 861 181
861 909 717
909 251 16
396 251 304
94 132 14
132 684 893
684 221 556
221 320 554
320 177 728
177 565 173
565 270 665
270 883 838
883 509 872
509 889 307
889 692 516
692 790 463
790 108 264
108 548 404
94 548 40
733 493 983
493 412 917
412 428 72
428 81 397
81 475 270
475 392 911
392 151 175
151 379 293
379 556 406
556 312 30
312 890 150
890 398 775
398 452 481
452 907 759
733 907 329
928 439 374
439 123 504
123 304 166
304 287 288
287 470 982
470 501 450
501 789 856
789 735 520
735 482 209
482 471 787
471 38 812
38 747 561
747 469 624
469 636 197
928 636 895
755 707 248
707 272 196
272 716 455
716 172 932
172 47 96
47 121 380
121 638 346
638 587 417
587 167 114
167 784 147
784 792 149
792 815 33
815 813 438
813 711 683
755 711 322
158 712 336
712 52 874
52 844 552
844 925 970
925 302 630
302 812 780
812 517 571
517 164 222
164 698 350
698 762 677
762 886 387
886 36 776
36 218 805
218 105 100
158 105 105
779 911 921
911 241 161
241 656 667
656 651 519
651 610 472
610 725 65
725 661 933
661 778 211
778 775 822
775 520 89
520 83 940
83 258 565
258 830 170
830 893 251
779 893 90
450 688 888
688 878 221
878 249 873
249 559 219
559 803 478
803 847 910
847 191 159
191 525 686
525 27 69
27 275 539
275 184 298
184 860 956
860 421 569
421 449 436
450 449 422
679 192 439
192 279 495
279 710 278
710 140 642
140 4 875
4 214 734
214 319 414
319 380 155
380 230 297
230 226 474
226 199 375
199 582 351
582 79 784
79 850 688
679 850 551
152 719 382
719 783 267
783 742 229
742 786 303
786 267 928
267 135 349
135 702 992
702 727 151
727 315 638
315 920 898
920 543 289
543 115 70
115 506 594
506 136 71
152 136 41
703 641 143
641 748 257
748 61 369
61 454 357
454 128 128
128 420 332
420 899 907
899 601 326
601 816 112
816 34 753
34 900 92
900 644 643
644 352 10
352 519 514
703 519 452
45 247 48
247 327 735
327 127 247
127 406 684
406 866 103
866 578 443
578 818 802
818 741 21
741 467 255
467 697 37
697 188 876
188 311 306
311 21 972
21 416 990
45 416 502
631 359 12
359 356 966
356 248 368
248 14 235
14 95 567
95 696 877
696 872 952
872 849 464
849 864 442
864 405 797
405 269 948
269 138 252
138 378 510
378 180 979
631 180 294
261 561 62
561 743 59
743 522 487
522 562 308
562 767 597
767 20 396
20 821 723
821 754 849
754 683 661
683 24 649
24 228 228
228 568 208
568 361 207
361 613 54
261 613 592
838 835 98
835 505 671
505 868 451
868 292 950
292 12 261
12 731 894
731 252 798
252 334 615
334 224 109
224 694 769
694 480 107
480 843 83
843 165 546
165 457 668
838 457 711
70 574 977
574 451 533
451 110 206
110 5 138
5 780 4
780 667 381
667 896 595
896 542 848
542 25 503
25 642 184
642 407 739
407 41 777
41 186 302
186 316 733
70 316 542
666 104 505
104 622 11
622 51 522
51 764 492
764 213 670
213 245 792
245 317 168
317 499 61
499 634 286
634 225 675
225 362 104
362 706 192
706 592 939
592 738 389
666 738 174
533 586 884
586 229 152
229 633 334
633 732 513
732 721 732
721 282 215
282 48 340
48 126 445
126 202 28
202 13 560
13 67 528
67 456 137
456 90 613
90 455 604
533 455 35
440 640 669
640 163 383
163 867 479
867 829 762
829 558 710
558 72 673
72 417 424
417 147 123
147 465 817
465 404 603
404 564 460
564 42 751
42 205 738
205 793 903
440 793 432
607 358 249
358 671 586
671 189 49
189 913 146
913 344 393
344 510 635
510 23 596
23 777 38
777 442 195
442 508 706
508 103 703
103 166 129
166 44 116
44 278 488
607 278 323
572 290 454
290 546 238
546 401 139
401 337 15
337 208 609
208 309 177
309 1 25
1 68 199
68 681 337
681 685 425
685 814 908
814 389 662
389 113 725
113 472 749
572 472 462
616 194 837
194 16 579
16 749 7
749 494 841
494 324 715
324 274 590
274 672 75
672 795 300
795 927 634
927 130 954
130 761 158
761 485 862
485 18 988
18 178 45
616 178 423
170 173 427
173 193 156
193 263 659
263 310 258
310 345 367
345 491 76
491 859 309
859 19 537
19 924 951
924 608 262
608 354 899
354 446 589
446 299 400
299 346 768
170 346 401
624 55 67
55 6 976
6 149 719
149 116 141
116 590 84
590 664 132
664 609 891
609 481 447
481 554 606
554 772 896
772 759 897
759 84 154
84 804 729
804 824 774
624 824 840
921 387 754
387 879 820
879 595 399
595 653 811
653 655 486
655 848 781
848 880 335
880 854 183
854 402 153
402 788 410
788 686 730
686 71 941
71 473 663
473 550 46
921 550 131
669 62 793
62 724 831
724 502 957
502 367 468
367 10 66
10 796 231
796 906 136
906 646 272
646 391 987
391 341 394
341 57 652
57 235 86
235 584 548
584 233 254
669 233 960
808 283 557
283 763 398
763 17 290
17 851 385
851 802 942
802 744 201
744 704 34
704 9 392
9 296 363
296 729 343
729 32 345
32 630 426
630 355 419
355 648 29
808 648 816
427 80 39
80 771 499
771 529 428
529 424 654
424 437 370
437 827 847
827 593 864
593 605 457
605 560 127
560 809 469
809 142 660
142 182 68
182 832 887
832 680 403
427 680 772
443 459 742
459 693 120
693 219 330
219 466 277
466 478 310
478 551 402
551 284 331
284 591 408
591 217 616
217 329 736
329 243 794
243 690 285
690 822 640
822 897 900
443 897 985
682 736 119
736 207 705
207 190 73
190 865 121
865 137 3
137 845 704
845 400 189
400 422 171
422 807 824
807 381 263
381 375 490
375 430 353
430 176 786
176 212 943
682 212 51
657 828 213
828 145 165
145 659 771
659 196 301
196 326 63
326 343 804
343 700 413
700 175 523
175 570 969
570 536 281
536 425 852
425 120 315
120 781 27
781 441 188
657 441 692
663 376 901
376 366 645
366 758 379
758 513 415
513 658 9
658 423 707
423 239 95
239 369 5
369 870 130
870 668 693
668 195 553
195 75 801
75 839 110
839 372 273
663 372 818
857 910 43
910 652 664
652 169 536
169 695 923
695 154 906
154 161 365
161 898 198
898 390 299
390 635 902
635 259 446
259 162 633
162 511 244
511 919 694
919 912 628
857 912 122
330 740 760
740 515 791
515 713 570
713 532 407
532 563 680
563 800 883
800 384 180
384 791 234
791 141 47
141 488 241
488 766 808
766 206 974
206 122 647
122 662 766
330 662 193
504 220 846
220 429 737
429 301 259
301 266 164
266 82 761
82 531 26
531 871 935
871 674 819
674 134 94
134 805 53
805 823 912
823 373 243
373 28 458
28 49 584
504 49 608
383 528 540
528 846 861
846 717 266
717 461 718
461 904 869
904 244 851
244 720 658
720 571 227
571 117 871
117 760 631
760 460 483
460 395 338
395 769 588
769 11 115
383 11 526
837 234 839
234 101 240
101 64 722
64 146 945
146 144 600
144 231 223
231 65 607
65 297 388
297 260 984
260 673 832
673 596 135
596 76 78
76 797 476
797 892 19
837 892 701
397 598 18
598 348 391
348 30 559
30 444 558
444 119 265
119 768 57
768 645 758
645 53 702
53 594 782
594 689 102
689 222 867
222 58 185
58 211 962
211 722 118
397 722 498
500 273 82
273 183 936
183 198 803
198 553 886
553 322 682
322 905 915
905 862 843
862 523 882
523 619 317
619 840 833
840 833 827
833 597 583
597 39 582
39 271 524
500 271 920
8 535 287
535 447 829
447 237 538
237 737 342
737 363 321
363 903 2
903 88 210
88 527 714
527 60 148
60 540 232
540 810 292
810 66 200
66 125 989
125 409 981
8 409 545
490 782 648
782 476 944
476 545 280
545 687 269
687 665 947
665 583 354
583 2 547
2 600 525
600 647 305
647 882 626
882 811 716
811 581 973
581 394 268
394 255 619
490 255 218
834 739 429
739 577 909
577 109 657
109 750 614
750 223 828
223 479 676
479 492 796
492 179 904
179 507 58
507 156 641
156 54 610
54 78 639
78 382 494
382 435 788
834 435 80
902 599 535
599 201 721
201 399 491
399 215 324
215 203 291
203 930 963
930 436 868
436 432 144
432 426 627
426 50 433
50 22 625
22 257 124
257 566 162
566 106 835
902 106 467
726 552 905
552 357 508
357 216 601
216 254 205
254 377 958
377 547 853
547 98 386
98 124 731
124 484 409
484 579 6
579 418 807
418 637 618
637 7 532
7 300 333
726 300 416
63 660 204
660 385 312
385 715 373
715 318 482
318 73 22
73 914 863
914 410 93
410 573 224
573 776 271
776 114 245
114 514 212
514 46 699
46 901 276
901 718 8
63 718 250
544 350 621
350 588 85
588 347 955
347 112 836
112 434 500
434 285 687
285 77 575
77 155 74
155 253 169
253 518 860
518 888 113
888 246 681
246 873 134
873 69 765
544 69 892
627 557 914
557 884 465
884 131 475
131 894 493
894 753 741
753 705 937
705 728 778
728 236 946
236 100 672
100 232 825
232 336 555
336 825 563
825 353 296
353 585 441
627 585 437
308 414 295
414 691 471
691 332 934
332 869 806
869 280 275
280 863 225
863 765 857
765 489 968
489 576 593
576 675 320
675 96 611
96 242 13
242 580 529
580 875 348
308 875 885
238 171 632
171 371 543
371 281 202
281 185 743
185 881 313
881 118 756
118 374 1
374 148 20
148 853 358
853 291 371
291 37 653
37 534 260
534 539 239
539 929 126
238 929 167
555 276 430
276 614 512
614 293 283
293 676 236
676 589 834
589 323 695
323 99 421
99 325 724
325 85 800
85 368 750
368 143 826
143 858 813
858 56 879
56 294 314
555 294 745
157 745 282
745 227 949
227 567 160
567 102 361
102 699 878
699 43 726
43 388 991
388 606 562
606 917 44
917 774 496
774 730 515
730 339 274
339 650 779
650 474 922
157 474 689
826 307 509
307 496 926
496 891 344
891 197 220
197 876 930
876 463 453
463 40 420
40 306 890
306 419 359
419 757 42
757 649 87
649 458 237
458 335 697
335 364 763
826 364 81
321 756 366
756 670 564
670 411 866
411 831 133
831 604 938
604 15 448
15 74 55
74 91 629
91 370 814
370 35 965
35 516 497
516 160 246
160 256 376
256 87 431
321 87 842
612 314 622
314 277 190
277 817 217
817 240 967
240 709 744
709 752 477
752 26 172
26 639 573
639 618 456
618 295 88
295 569 709
569 331 656
331 841 506
841 526 865
612 526 918
537 874 364
874 615 56
615 265 747
265 677 789
677 408 870
408 626 405
626 139 279
139 403 480
403 477 518
477 908 362
908 209 889
209 181 99
181 678 913
678 438 444
537 438 700
856 107 746
107 340 581
340 200 620
200 305 587
305 498 986
498 328 377
328 250 550
250 877 580
877 798 740
798 333 644
333 393 679
393 773 316
773 602 23
602 29 541
856 29 360
623 819 319
819 174 795
174 611 577
611 338 845
338 746 844
746 204 511
204 621 411
621 787 233
787 365 203
365 723 925
723 210 531
210 922 461
922 628 651
628 714 881
623 714 964
495 885 52
885 541 712
541 168 916
168 448 953
448 855 685
855 59 527
59 625 327
625 97 666
97 915 412
915 538 809
538 462 783
462 111 566
111 286 637
286 349 530
495 349 815
453 464 534
464 852 24
852 433 108
433 794 77
794 770 125
770 575 176
575 133 186
133 503 755
503 360 748
360 842 924
842 89 854
89 887 578
887 86 501
86 524 256
453 524 720
129 264 574
264 806 418
806 313 106
313 497 821
497 785 773
785 351 352
351 701 690
701 92 17
92 521 216
521 445 60
445 799 355
799 386 356
386 187 145
187 342 341
129 342 434
708 512 466
512 33 489
33 923 284
923 620 623
620 268 646
268 487 485
487 3 157
3 530 311
530 150 617
150 820 111
820 262 36
262 654 521
654 916 823
916 643 691
708 643 576
801 415 858
415 603 32
603 413 810
413 298 978
298 483 585
483 918 91
918 629 764
629 617 484
617 632 880
632 549 850
549 836 767
836 289 980
289 93 140
93 159 971
801 159 770
396 94 975
270 733 64
151 928 97
789 755 708
638 158 517
517 779 572
661 450 696
191 679 785
319 152 253
702 703 101
899 45 372
818 631 395
872 261 449
821 838 602
252 70 544
896 666 698
317 533 605
48 440 191
417 607 752
23 572 214
288 616 339
672 170 187
859 624 859
609 921 325
880 669 678
906 808 117
704 427 378
593 443 650
284 682 961
400 657 390
700 663 959
239 857 568
898 330 636
384 504 855
871 383 790
720 837 182
65 397 799
645 500 713
862 8 459
88 490 79
431 834 929
492 902 178
436 726 612
98 63 507
410 544 931
77 627 347
728 308 226
765 238 919
374 555 194
99 157 927
388 826 599
40 321 50
74 612 31
26 537 549
139 856 435
250 623 830
621 495 384
625 453 328
133 129 598
701 708 179
541 801 757
1 931 142
