1365 1426
1066 1241 1373
1241 138 758
138 55 774
55 1090 1001
1090 1035 653
1035 1016 299
1016 341 1038
341 722 1181
722 1055 743
1055 781 463
781 155 270
155 477 251
477 42 499
42 779 1236
779 82 810
82 1265 619
1265 844 215
844 940 1043
940 917 1380
917 915 1319
915 882 1124
1066 882 1281
599 777 93
777 397 1088
397 13 119
13 22 375
22 97 1271
97 494 57
494 1204 81
1204 996 1369
996 1354 518
1354 654 649
654 1216 947
1216 170 1058
170 818 448
818 712 911
712 1277 703
1277 1044 445
1044 1219 650
1219 911 802
911 102 788
102 515 607
515 1240 1202
599 1240 796
376 1313 975
1313 783 716
783 739 959
739 256 700
256 734 676
734 1200 976
1200 1359 128
1359 415 475
415 277 406
277 208 184
208 713 1163
713 894 1002
894 275 28
275 266 249
266 506 478
506 227 928
227 378 64
378 400 273
400 308 757
308 395 61
395 40 1159
376 40 328
1145 922 1213
922 226 183
226 518 1311
518 758 1282
758 1149 1180
1149 950 633
950 439 500
439 916 320
916 1077 279
1077 10 995
10 1344 1164
1344 44 451
44 708 329
708 1133 170
1133 23 29
23 770 396
770 312 175
312 1033 818
1033 110 684
110 618 841
618 250 728
1145 250 705
7 1279 325
1279 357 469
357 267 644
267 26 1354
26 287 23
287 914 233
914 533 946
533 475 965
475 1260 1392
1260 846 1069
846 670 1028
670 559 1386
559 656 302
656 387 1084
387 1328 527
1328 1248 1321
1248 953 1347
953 955 419
955 1072 884
1072 344 386
344 582 235
7 582 1107
615 1212 696
1212 1293 1018
1293 441 413
441 1075 826
1075 67 651
67 985 843
985 611 1123
611 1238 195
1238 221 25
221 706 171
706 1056 514
1056 438 240
438 1154 645
1154 664 951
664 1340 591
1340 317 165
317 903 856
903 145 51
145 207 392
207 647 888
647 679 132
615 679 131
880 1291 206
1291 723 1232
723 1305 1013
1305 892 595
892 231 1081
231 1361 166
1361 98 877
98 566 542
566 736 566
736 688 815
688 367 189
367 667 378
667 495 217
495 876 1094
876 1168 1101
1168 343 1295
343 321 608
321 1255 516
1255 355 342
355 185 188
185 942 1138
880 942 614
369 527 574
527 109 1345
109 946 558
946 557 838
557 556 668
556 1347 1221
1347 847 694
847 71 1004
71 136 1209
136 804 491
804 1309 126
1309 1215 138
1215 436 226
436 757 1325
757 1330 1382
1330 842 80
842 285 120
285 1068 578
1068 76 1222
76 182 720
182 365 83
369 365 1090
95 885 1017
885 1288 632
1288 1321 420
1321 425 821
425 620 219
620 1164 771
1164 598 68
598 445 54
445 114 1370
114 983 484
983 1322 587
1322 504 152
504 815 143
815 1161 207
1161 964 1330
964 489 508
489 1310 885
1310 769 1414
769 1139 118
1139 455 756
455 959 1198
95 959 852
124 502 441
502 542 801
542 1142 1360
1142 484 1174
484 1175 817
1175 639 1162
639 222 339
222 1224 133
1224 873 190
873 868 972
868 822 1176
822 904 1261
904 895 779
895 157 1116
157 1063 1348
1063 1353 1215
1353 1325 17
1325 588 1076
588 229 145
229 1176 1082
1176 385 181
124 385 308
869 505 693
505 1331 426
1331 299 970
299 1094 1267
1094 584 1063
584 1186 167
1186 172 370
172 1263 324
1263 765 471
765 1211 831
1211 1312 1183
1312 432 661
432 536 94
536 1087 477
1087 347 109
347 396 380
396 1117 1244
1117 209 991
209 45 479
45 354 122
354 485 494
869 485 1297
288 230 492
230 6 264
6 392 962
392 683 782
683 1231 1156
1231 467 1226
467 719 58
719 1000 533
1000 1024 12
1024 53 1409
53 797 1041
797 931 385
931 532 1252
532 303 935
303 265 326
265 860 690
860 244 1230
244 810 415
810 334 435
334 143 1137
143 479 974
288 479 244
772 606 855
606 1127 603
1127 216 711
216 314 335
314 872 741
872 1109 11
1109 96 862
96 424 927
424 867 62
867 938 1422
938 339 553
339 568 1411
568 329 286
329 345 510
345 33 75
33 360 1223
360 920 979
920 1011 681
1011 381 1393
381 984 1158
984 86 1366
772 86 277
803 511 289
511 1297 579
1297 653 287
653 1112 1228
1112 958 1172
958 371 1355
371 204 1131
204 251 1235
251 1326 698
1326 745 956
745 550 637
550 1131 341
1131 570 6
570 962 836
962 1025 883
1025 149 101
149 224 1034
224 472 1119
472 247 837
247 520 667
520 1103 767
803 1103 220
43 87 338
87 731 1298
731 448 903
448 835 1320
835 1119 1206
1119 404 612
404 1067 814
1067 1239 1056
1239 359 452
359 118 1160
118 696 735
696 642 74
642 833 1066
833 72 722
72 211 1387
211 919 228
919 190 89
190 316 257
316 1336 929
1336 640 66
640 493 79
43 493 759
821 771 1249
771 379 1408
379 754 1020
754 788 804
788 324 268
324 59 803
59 443 1254
443 1246 309
1246 990 205
990 252 1175
252 800 298
800 255 151
255 699 1426
699 1042 592
1042 243 347
243 99 1415
99 921 345
921 52 474
52 941 1166
941 325 1351
325 1167 1225
821 1167 1395
512 1364 1304
1364 184 656
184 947 1154
947 1022 740
1022 361 1353
361 1012 971
1012 1135 784
1135 1125 846
1125 358 410
358 1363 985
1363 913 863
913 417 1115
417 61 1110
61 1203 1173
1203 891 481
891 1069 658
1069 988 1143
988 881 227
881 30 812
30 384 762
384 701 453
512 701 604
1106 813 26
813 636 433
636 724 1279
724 693 144
693 39 444
39 838 236
838 617 1211
617 189 1139
189 529 749
529 215 1161
215 166 254
166 1230 108
1230 1074 391
1074 1059 582
1059 927 1047
927 1218 778
1218 674 387
674 746 129
746 128 615
128 1165 1049
1165 300 889
1106 300 82
1190 370 993
370 790 414
790 373 626
373 1141 602
1141 315 1019
315 967 689
967 918 488
918 828 487
828 150 442
150 741 53
741 268 1046
268 977 860
977 1060 1212
1060 1174 361
1174 248 1365
248 1194 806
1194 1148 113
1148 755 398
755 327 260
327 519 1250
519 249 503
1190 249 525
454 768 106
768 306 179
306 21 1270
21 907 1425
907 412 1398
412 474 909
474 386 937
386 1257 222
1257 1245 1262
1245 994 569
994 430 1372
430 236 701
236 802 907
802 1198 697
1198 456 376
456 840 688
840 453 261
453 144 446
144 1351 1132
1351 546 1149
546 650 839
454 650 925
1002 80 199
80 1205 405
1205 1155 1121
1155 1315 379
1315 274 38
274 1237 436
1237 780 1054
780 348 35
348 558 663
558 539 992
539 1 78
1 587 317
587 1270 373
1270 644 910
644 1177 994
1177 884 1413
884 641 1044
641 933 1303
933 629 752
629 473 981
473 930 1399
1002 930 861
422 125 10
125 878 1067
878 130 1210
130 889 1008
889 776 1227
776 1222 1193
1222 451 90
451 1097 1201
1097 1318 229
1318 677 524
677 1275 1251
1275 241 348
241 991 52
991 774 973
774 851 234
851 1343 59
1343 1138 239
1138 1256 629
1256 326 367
326 206 1362
206 573 606
422 573 186
538 214 1057
214 1080 506
1080 508 404
508 332 403
332 1137 751
1137 142 1074
142 322 164
322 604 243
604 1028 1258
1028 272 241
272 173 505
173 380 835
380 887 997
887 1250 1091
1250 163 13
163 490 73
490 716 652
716 691 517
691 1267 417
1267 48 783
48 107 495
538 107 486
1193 307 1309
307 19 192
19 123 1135
123 1170 278
1170 806 1114
806 444 1332
444 223 1147
223 499 121
499 199 1120
199 1234 150
1234 1341 502
1341 695 31
695 1153 1367
1153 574 1095
574 1306 825
1306 509 646
509 1355 865
1355 827 472
827 1009 418
1009 408 1145
408 728 103
1193 728 1292
926 1244 1326
1244 24 896
24 305 895
305 1311 768
1311 528 250
528 1104 704
1104 595 1300
595 937 1208
937 900 631
900 442 572
442 1116 1093
1116 1209 1389
1209 337 590
337 37 140
37 978 1182
978 857 1055
857 1342 1338
1342 177 621
177 352 879
352 976 986
976 562 987
926 562 683
669 1289 1111
1289 605 1400
605 589 275
589 968 675
968 311 988
311 906 1029
906 93 1167
93 1362 157
1362 292 617
292 943 917
943 1299 1216
1299 263 1125
263 805 1052
805 534 580
534 1115 1016
1115 1295 141
1295 1276 1313
1276 148 766
148 1337 428
1337 32 659
32 220 1218
669 220 538
368 115 721
115 862 155
862 127 898
127 336 669
336 1100 842
1100 271 172
271 1303 288
1303 77 564
77 1294 931
1294 1122 388
1122 364 1059
364 1084 1064
1084 158 1185
158 1046 760
1046 1092 187
1092 692 1133
692 767 655
767 812 541
812 478 125
478 1254 344
1254 567 1255
368 567 605
690 666 136
666 111 726
111 1157 1012
1157 202 1085
202 896 634
896 276 805
276 62 1188
62 609 400
609 350 266
350 203 374
203 1169 594
1169 81 483
81 1114 42
1114 217 149
217 936 948
936 452 1312
452 240 761
240 616 314
616 284 618
284 1220 154
1220 808 393
690 808 880
410 390 559
390 487 613
487 784 16
784 912 1315
912 858 546
858 974 876
974 84 1026
84 1360 828
1360 1285 1197
1285 1235 399
1235 581 1136
581 945 754
945 140 480
140 766 1015
766 839 537
839 309 178
309 1096 72
1096 585 599
585 259 1098
259 981 737
981 1187 297
410 1187 1021
270 1007 980
1007 1191 1296
1191 1073 1071
1073 330 686
330 1278 1097
1278 198 91
198 569 123
569 1001 522
1001 328 1324
328 902 901
902 1253 32
1253 78 39
78 164 115
164 646 501
646 721 5
721 108 1142
108 461 589
461 261 354
261 79 1294
79 1039 368
1039 1065 570
270 1065 1423
541 1317 232
1317 738 996
738 389 449
389 825 827
825 181 682
181 201 900
201 482 306
482 1356 159
1356 431 576
431 855 713
855 1091 989
1091 578 953
578 159 844
159 242 786
242 580 554
580 727 49
727 480 1340
480 853 1104
853 837 1027
837 15 1129
15 100 282
541 100 665
743 948 550
948 66 85
66 1029 866
1029 684 642
684 686 785
686 459 434
459 510 402
510 645 258
645 88 1000
88 591 1253
591 1159 221
1159 302 161
302 212 949
212 333 111
333 192 432
192 649 295
649 106 736
106 1210 48
1210 1298 430
1298 503 738
503 1348 37
743 1348 534
648 1233 88
1233 965 967
965 711 921
711 1229 1003
1229 517 983
517 1130 893
1130 655 267
655 375 822
375 1171 670
1171 1049 1418
1049 725 1006
725 1032 46
1032 65 790
65 1185 824
1185 662 1237
662 91 174
91 1223 573
1223 1335 322
1335 523 1286
523 1334 1264
1334 1151 1257
648 1151 596
726 1156 1155
1156 1010 87
1010 995 854
995 856 1053
856 356 1037
356 1280 832
1280 1041 1287
1041 775 1109
775 225 319
225 824 699
824 399 636
399 593 702
593 1221 982
1221 685 356
685 8 269
8 973 1032
973 1064 9
1064 834 1274
834 619 816
619 975 1384
975 363 1248
726 363 830
1057 638 383
638 1144 1385
1144 1107 489
1107 627 459
627 1031 849
1031 1262 628
1262 228 869
228 458 196
458 819 63
819 286 2
286 554 330
554 560 586
560 94 611
94 694 372
694 254 1238
254 471 958
471 865 1405
865 426 568
426 1304 307
1304 180 532
180 1095 1379
1057 1095 1170
1140 262 182
262 117 1339
117 1047 926
1047 429 3
429 760 1247
760 1101 1317
1101 427 954
427 47 390
47 434 211
434 702 873
702 335 940
335 1158 246
1158 850 504
850 264 359
264 801 687
801 154 674
154 681 858
681 50 41
50 1003 840
1003 1163 717
1163 481 1178
1140 481 1350
4 447 1130
447 796 1204
796 966 1371
966 729 44
729 737 1171
737 897 1089
897 1086 1151
1086 874 1192
874 450 200
450 1110 40
1110 1308 336
1308 934 334
934 60 600
60 747 412
747 11 811
11 961 1189
961 1324 1105
1324 160 15
160 778 807
778 362 371
362 294 1273
4 294 315
112 1264 142
1264 854 745
854 890 203
890 1268 84
1268 1332 961
1332 859 1078
859 500 180
500 1043 712
1043 893 1383
893 952 718
952 1346 521
1346 1228 114
1228 544 664
544 793 624
793 849 1374
849 1252 748
1252 388 230
388 625 732
625 870 1035
870 733 1036
733 602 496
112 602 300
703 1128 305
1128 1018 158
1018 632 439
632 342 789
342 147 86
147 811 577
811 460 116
460 752 673
752 193 874
193 298 360
298 5 1342
5 1307 1070
1307 1083 753
1083 1282 1302
1282 875 1127
875 179 198
179 232 920
232 612 729
612 634 265
634 63 127
63 470 1196
703 470 787
643 1345 1214
1345 1076 408
1076 496 462
496 497 271
497 1242 363
1242 596 908
596 283 523
283 987 685
987 651 1310
651 575 1305
575 673 755
673 637 966
637 761 1050
761 383 1146
383 104 780
104 787 845
787 1132 1086
1132 1180 622
1180 1118 139
1118 682 1336
682 382 547
643 382 616
1302 197 1080
197 845 1401
845 12 301
12 756 107
756 340 193
340 1037 1234
1037 1054 1122
1054 1008 130
1008 720 395
720 103 1083
103 2 1096
2 742 1051
742 407 710
407 1247 1229
1247 525 531
525 687 530
687 928 1420
928 290 575
290 1160 1301
1160 260 666
260 414 648
1302 414 1363
301 704 311
704 1214 950
1214 366 1007
366 1266 1030
1266 488 431
488 614 864
614 237 424
237 476 454
476 513 36
513 1178 1186
1178 113 1404
113 613 1169
613 989 1361
989 689 1278
689 816 560
816 1172 1184
1172 970 938
970 196 853
196 939 707
939 331 945
331 296 936
301 296 1152
1082 583 440
583 1006 773
1006 1079 272
1079 1201 60
1201 1206 327
1206 843 1241
843 1272 581
1272 877 1341
877 469 1165
469 547 1077
547 764 256
764 121 923
121 594 425
594 552 919
552 187 943
187 671 781
671 633 1322
633 1150 1148
1150 791 939
791 131 1134
131 848 922
1082 848 95
319 715 33
715 186 609
186 233 695
233 269 904
269 83 124
83 1261 1075
1261 1249 672
1249 537 777
537 213 1025
213 1290 296
1290 971 1394
971 1023 764
1023 626 47
626 25 1128
25 1350 819
1350 218 245
218 178 1272
178 419 1141
419 1045 96
1045 323 870
323 372 706
319 372 1072
122 782 1376
782 1338 223
1338 423 358
423 526 208
526 64 476
64 1102 263
1102 169 45
169 346 50
346 174 1103
174 817 1040
817 1182 281
1182 291 639
291 555 460
555 421 739
421 753 709
753 762 1299
762 161 362
161 1259 548
1259 986 549
986 1281 555
1281 635 671
122 635 1068
698 718 238
718 623 450
623 1195 397
1195 592 455
592 1034 76
1034 1078 662
1078 246 497
246 785 1100
785 14 1207
14 717 691
717 551 4
551 603 56
603 1188 708
1188 1273 162
1273 152 1113
152 597 715
597 36 905
36 740 466
740 394 1344
394 652 1277
652 759 1308
698 759 597
798 572 135
572 899 1150
899 1192 630
1192 289 565
289 1085 177
1085 1284 112
1284 1123 401
1123 1208 333
1208 700 638
700 1320 1406
1320 929 1285
929 1051 1157
1051 191 955
191 1152 623
1152 377 679
377 167 99
167 1236 556
1236 750 906
750 90 1419
90 751 742
751 433 1217
798 433 303
1301 137 833
137 129 834
129 1226 731
1226 16 7
16 660 1256
660 1349 978
1349 730 253
730 600 1364
600 905 18
905 1089 457
1089 313 1375
313 630 407
630 607 389
607 171 1323
171 58 394
58 631 871
631 535 892
535 888 563
888 1202 730
1202 624 447
624 374 544
1301 374 316
405 101 485
101 1251 34
1251 507 583
507 863 1331
863 972 1417
972 1327 1102
1327 1070 225
1070 944 584
944 156 1108
156 826 321
826 1015 464
1015 1058 990
1058 1040 98
1040 1027 848
1027 1143 641
1143 235 968
235 418 1291
418 1136 490
1136 1081 952
1081 1020 216
1020 999 934
405 999 820
320 132 1359
132 992 881
992 74 137
74 1120 218
1120 413 890
413 672 102
672 925 598
925 935 875
935 1124 1284
1124 1352 24
1352 168 798
168 279 176
279 1004 498
1004 563 1346
563 1014 539
1014 462 146
462 901 520
901 1225 891
1225 416 643
416 710 635
710 151 1289
320 151 998
18 176 147
176 521 1062
521 420 977
420 663 678
663 29 809
29 1339 1243
1339 57 110
57 548 1065
548 318 734
318 576 365
576 998 551
998 749 1358
749 126 1005
126 714 511
714 886 364
886 446 212
446 1173 1265
1173 245 1195
245 73 304
73 1296 515
1296 1099 443
18 1099 887
807 1134 117
1134 1036 21
1036 1050 562
1050 183 1187
183 457 851
457 1319 960
1319 1358 680
1358 253 793
253 205 293
205 391 437
391 610 588
610 1013 944
1013 809 509
809 830 627
830 393 262
393 116 153
116 175 382
175 310 1199
310 409 964
409 516 654
516 133 369
807 133 1391
1111 960 526
960 1162 872
1162 141 513
141 1088 942
1088 1274 438
1274 829 1014
829 697 799
697 465 924
465 146 1283
146 553 355
553 282 727
282 1314 247
1314 531 1024
531 909 284
909 105 65
105 1292 318
1292 1333 384
1333 910 204
910 820 55
820 1017 77
1017 280 933
1111 280 349
219 969 557
969 1105 1403
1105 795 914
795 852 770
852 1098 797
1098 675 291
675 561 366
561 1258 202
1258 1061 340
1061 406 209
406 601 1246
601 861 791
861 823 1328
823 1053 71
1053 744 8
744 1184 543
1184 119 231
119 661 918
661 486 585
486 464 912
464 814 1126
219 814 601
1147 932 808
932 1146 1205
1146 864 1410
864 794 800
794 707 468
707 954 1327
954 951 1118
951 401 857
401 1207 625
1207 1199 197
1199 514 1140
514 257 1335
257 194 470
194 1166 43
1166 492 1268
492 1329 794
1329 1071 1190
1071 1062 313
1062 786 999
786 1213 536
1213 1113 163
1147 1113 465
571 530 381
530 46 409
46 411 67
411 338 859
338 1026 214
1026 200 561
200 997 1033
997 658 571
658 956 1307
956 134 1245
134 608 160
608 522 173
522 468 280
468 31 1306
31 957 351
957 351 248
351 449 467
449 69 290
69 1052 894
1052 1189 259
1189 1021 1412
571 1021 134
402 540 1424
540 1316 886
1316 195 294
195 297 14
297 923 719
923 165 763
165 1197 1288
1197 545 1276
545 1126 930
1126 1179 1402
1179 1030 1106
1030 51 237
51 668 1220
668 56 1177
56 1019 775
1019 188 747
188 831 331
831 1038 416
1038 1196 473
1196 1183 255
1183 763 692
402 763 337
238 676 593
676 1005 1039
1005 832 725
832 162 493
162 1269 1352
1269 665 1280
665 1048 210
1048 792 427
792 657 1329
657 789 724
789 491 1117
491 1287 1314
1287 68 224
68 621 1203
621 735 1318
735 924 421
924 75 27
75 1232 963
1232 428 813
428 1108 744
1108 1093 1421
238 1093 1240
70 678 1010
678 980 916
980 866 377
866 949 1260
949 979 22
979 92 70
92 1286 1153
1286 440 1087
440 34 1023
34 295 723
295 982 733
982 278 1239
278 564 1099
564 9 1343
9 89 1073
89 773 528
773 234 1396
234 139 657
139 898 148
898 622 640
622 799 242
70 799 310
49 841 984
841 732 535
732 1181 899
1181 579 850
579 1283 458
1283 463 353
463 38 868
38 1217 1224
1217 20 1219
20 85 1011
85 258 507
258 748 867
748 35 69
35 1323 610
1323 466 567
466 135 1266
135 281 620
281 120 1388
120 705 776
705 659 1269
659 1129 20
49 1129 312
993 1121 104
1121 398 941
398 501 1048
501 524 647
524 879 168
879 565 529
565 883 1194
883 27 1179
27 549 1263
549 353 191
353 3 1060
3 836 512
836 498 1378
498 54 1407
54 1357 1200
1357 1227 878
1227 28 1416
28 41 545
41 239 772
239 577 677
577 437 932
993 437 847
210 908 1290
908 1300 1009
1300 963 156
963 349 1092
349 543 105
543 680 213
680 1271 1381
1271 293 792
293 586 350
586 871 1259
871 153 357
153 17 92
17 1243 292
1243 628 1390
628 435 1368
435 709 1112
709 590 1079
590 273 201
273 403 915
403 483 482
483 304 902
210 304 1042
1066 599 411
1216 376 285
713 1145 519
1344 7 1357
670 615 30
1056 880 185
367 369 795
1309 95 429
1322 124 1
822 869 829
1312 288 1045
797 772 969
339 803 1397
550 43 1333
696 821 769
800 512 19
913 1106 1349
166 1190 169
268 454 823
430 1002 746
341 422 750
1275 538 100
173 1193 323
1341 926 1316
1116 669 540
1299 368 1356
364 690 1144
1169 410 97
581 270 283
1253 541 957
1091 743 352
1159 648 1293
725 726 1377
399 1057 423
554 1140 461
335 4 552
1308 112 882
1346 703 1242
5 643 1168
673 1302 913
779 301 765
113 1082 1022
764 319 1334
971 122 332
1182 698 252
551 798 1191
929 1301 276
313 405 1231
1015 320 456
168 18 194
998 807 346
610 1111 1337
282 219 1061
601 1147 714
514 571 1031
608 402 897
1030 238 1275
491 70 274
982 49 660
258 993 1233
674 210 422
1 1365 343
