681 748
165 374 364
374 10 89
10 298 579
298 672 244
672 146 179
146 15 596
15 450 532
450 641 285
641 449 404
165 449 470
140 220 578
220 264 663
264 257 45
257 46 199
46 245 139
245 216 489
216 622 270
622 353 214
353 316 408
140 316 225
16 304 672
304 98 584
98 234 35
234 436 335
436 525 685
525 346 64
346 644 441
644 534 63
534 79 98
16 79 713
582 475 69
475 279 589
279 308 306
308 151 333
151 334 23
334 143 346
143 647 382
647 227 710
227 361 647
582 361 172
621 609 145
609 602 137
602 252 250
252 108 689
108 206 13
206 584 291
584 380 692
380 5 81
5 654 161
621 654 162
390 593 691
593 469 542
469 477 696
477 543 278
543 536 662
536 613 551
613 214 423
214 511 583
511 637 312
390 637 174
302 171 305
171 27 475
27 589 28
589 72 26
72 123 512
123 167 131
167 313 96
313 560 388
560 232 31
302 232 223
420 50 555
50 512 80
512 521 260
521 32 631
32 520 577
520 461 426
461 330 421
330 491 572
491 290 229
420 290 72
542 44 48
44 70 638
70 213 443
213 523 376
523 258 581
258 625 340
625 221 613
221 208 633
208 402 2
542 402 180
85 468 211
468 187 730
187 47 673
47 659 490
659 294 384
294 411 67
411 237 126
237 620 29
620 100 238
85 100 455
127 456 570
456 558 487
558 186 135
186 432 519
432 103 141
103 87 212
87 172 668
172 74 247
74 404 445
127 404 409
266 596 485
596 435 256
435 148 320
148 228 157
228 480 412
480 550 605
550 320 397
320 664 189
664 454 684
266 454 483
341 20 406
20 455 181
455 164 265
164 518 478
518 433 394
433 354 97
354 331 281
331 312 370
312 662 390
341 662 593
24 324 66
324 8 274
8 51 585
51 365 267
365 451 103
451 210 361
210 605 42
605 191 552
191 423 15
24 423 428
356 133 105
133 601 379
601 486 372
486 462 618
462 14 41
14 581 360
581 586 498
586 430 246
430 528 568
356 528 374
270 243 276
243 642 347
642 364 198
364 610 615
610 200 517
200 119 400
119 212 114
212 348 743
348 315 327
270 315 462
627 53 49
53 125 50
125 496 588
496 569 313
569 388 682
388 556 311
556 618 420
618 500 226
500 233 447
627 233 740
204 111 721
111 209 40
209 180 715
180 349 60
349 497 398
497 88 416
88 276 355
276 281 616
281 336 5
204 336 90
309 595 122
595 488 417
488 175 592
175 440 438
440 362 667
362 260 627
260 295 554
295 553 748
553 188 118
309 188 630
162 225 349
225 386 215
386 13 252
13 226 464
226 399 304
399 217 330
217 514 405
514 176 153
176 128 14
162 128 380
18 305 444
305 196 371
196 321 210
321 421 734
421 4 727
4 319 297
319 181 486
181 261 378
261 271 383
18 271 203
357 132 91
132 557 106
557 355 336
355 478 18
478 120 192
120 441 283
441 95 367
95 671 506
671 296 401
357 296 580
648 280 742
280 11 561
11 121 70
121 231 308
231 1 20
1 567 168
567 116 466
116 427 624
427 337 79
648 337 536
311 49 467
49 130 345
130 552 562
552 371 541
371 466 411
466 105 343
105 519 547
519 370 99
370 339 586
311 339 248
391 358 664
358 41 699
41 563 644
563 438 4
438 205 328
205 168 148
168 34 108
34 679 240
679 619 656
391 619 43
117 522 643
522 368 193
368 285 514
285 86 395
86 60 339
60 428 112
428 52 322
52 463 309
463 448 531
117 448 73
630 666 658
666 144 363
144 254 702
254 101 527
101 246 123
246 69 282
69 571 134
571 439 303
439 207 608
630 207 17
579 62 537
62 55 714
55 372 659
372 591 132
591 400 494
400 504 151
504 192 280
192 573 54
573 283 550
579 283 277
59 263 127
263 549 266
549 418 216
418 277 607
277 653 8
653 275 614
275 66 538
66 493 694
493 142 669
59 142 520
256 126 46
126 300 528
300 179 338
179 90 553
90 54 386
54 669 693
669 465 206
465 564 323
564 474 442
256 474 571
539 416 670
416 182 543
182 471 268
471 499 195
499 327 61
327 470 33
470 56 601
56 541 224
541 223 258
539 223 626
482 177 166
177 235 59
235 410 164
410 651 524
651 640 602
640 190 474
190 676 744
676 378 337
378 445 654
482 445 113
240 265 575
265 57 257
57 559 298
559 299 381
299 201 503
201 65 653
65 555 159
555 359 245
359 195 507
240 195 196
259 21 599
21 375 709
375 612 34
612 194 352
194 106 24
106 94 213
94 268 318
268 269 293
269 251 255
259 251 86
405 401 459
401 335 738
335 675 236
675 96 625
96 576 232
576 155 36
155 615 152
615 250 735
250 396 191
405 396 632
650 255 698
255 114 334
114 657 457
657 554 523
554 166 177
166 342 611
342 318 595
318 389 560
389 328 500
650 328 146
513 506 136
506 413 449
413 661 262
661 124 1
124 547 739
547 397 496
397 588 217
588 322 418
322 80 746
513 80 128
178 407 202
407 643 143
643 33 545
33 490 150
490 414 707
414 289 84
289 248 403
248 392 208
392 89 142
178 89 200
607 652 324
652 134 37
134 43 209
43 9 95
9 631 535
631 548 295
548 262 436
262 282 68
282 149 522
607 149 129
17 510 529
510 360 495
360 267 460
267 424 125
424 481 254
481 323 469
323 395 117
395 509 175
509 183 665
17 183 156
645 211 219
211 28 559
28 343 377
343 273 9
273 249 197
249 84 121
84 628 661
628 314 19
314 572 110
645 572 513
527 473 235
473 317 115
317 633 666
633 678 737
678 173 637
173 453 176
453 667 182
667 403 368
403 145 526
527 145 167
526 419 77
419 447 703
447 479 57
479 345 557
345 517 641
517 104 76
104 674 492
674 58 140
58 498 573
526 498 642
109 629 688
629 75 723
75 23 461
23 634 476
634 163 497
163 545 387
545 646 452
646 350 184
350 673 722
109 673 732
535 431 27
431 157 299
157 82 83
82 377 201
377 2 109
2 25 712
25 467 169
467 161 566
161 352 362
535 352 690
284 230 655
230 623 437
623 457 477
457 680 521
680 437 100
437 219 639
219 37 353
37 383 505
383 138 341
284 138 393
568 76 433
76 197 160
197 278 704
278 135 194
135 503 539
503 170 227
170 668 231
668 147 471
147 507 396
568 507 10
239 26 468
26 36 617
36 540 652
540 472 316
472 19 62
19 655 434
655 531 453
531 158 124
158 73 525
239 73 678
7 131 657
131 495 587
495 224 120
224 129 680
129 635 111
635 394 207
394 363 102
363 118 598
118 494 16
7 494 94
78 663 569
663 562 427
562 110 544
110 199 275
199 670 392
670 102 366
102 617 435
617 516 147
516 6 504
78 6 359
97 561 509
561 139 640
139 306 325
306 600 499
600 83 458
83 606 218
606 347 329
347 434 563
434 297 501
97 297 717
241 30 650
30 160 65
160 351 410
351 443 253
443 484 705
484 546 700
546 136 155
136 409 609
409 291 104
241 291 290
61 626 454
626 587 389
587 580 354
580 244 314
244 515 479
515 153 419
153 340 264
340 599 292
599 35 391
61 35 648
594 169 259
169 485 7
485 530 716
530 658 623
658 379 385
379 236 230
236 91 271
91 193 287
193 198 465
594 198 597
287 247 234
247 533 52
533 603 302
603 31 493
31 464 373
464 583 604
583 660 237
660 575 675
575 501 612
287 501 279
570 665 56
665 29 138
29 202 294
202 524 187
524 39 71
39 107 677
107 415 424
415 544 731
544 598 402
570 598 358
325 113 222
113 272 233
272 307 508
307 578 706
578 92 671
92 215 448
215 398 576
398 502 149
502 326 491
325 326 101
408 64 300
64 218 78
218 369 429
369 608 686
608 429 321
429 174 567
174 492 75
492 22 11
22 303 3
408 303 220
592 460 85
460 574 620
574 426 58
426 301 22
301 387 133
387 614 239
614 12 482
12 253 163
253 604 32
592 604 610
483 99 719
99 344 183
344 508 130
508 442 725
442 40 357
40 446 6
446 185 540
185 505 488
505 537 331
483 537 747
649 590 307
590 529 315
529 93 726
93 366 546
366 45 116
45 222 687
222 274 284
274 384 269
384 67 518
649 67 590
412 585 356
585 112 549
112 48 87
48 656 286
656 459 154
459 597 178
597 189 472
189 71 144
71 577 636
412 577 582
242 115 720
115 566 674
566 624 534
624 381 228
381 286 344
286 122 310
122 229 186
229 333 728
333 203 646
242 203 190
636 77 74
77 329 350
329 425 88
425 150 711
150 367 724
367 292 619
292 616 415
616 310 82
310 154 456
636 154 502
393 152 425
152 382 430
382 38 251
38 452 243
452 444 649
444 487 629
487 137 39
137 632 530
632 538 645
393 538 511
288 458 695
458 338 473
338 238 326
238 141 319
141 638 451
638 332 249
332 551 481
551 385 261
385 81 273
288 81 697
532 677 407
677 156 55
156 489 12
489 293 241
293 3 399
3 184 413
184 42 185
42 63 107
63 565 289
532 565 301
639 611 565
611 373 21
373 159 93
159 476 622
476 376 548
376 417 701
417 422 556
422 406 480
406 68 729
639 68 484
165 140 733
245 16 165
525 582 718
334 621 119
206 390 25
536 302 574
123 420 606
520 542 431
258 85 44
294 127 450
103 266 51
480 341 47
433 24 296
451 356 288
14 270 651
200 627 53
388 204 660
497 309 351
362 162 242
399 18 516
4 357 676
120 648 263
298 311 422
466 391 463
205 117 515
60 630 564
246 579 375
400 59 736
653 256 332
54 539 38
327 482 634
640 240 446
201 259 30
106 405 272
576 650 173
166 513 533
547 178 510
414 607 683
631 17 591
481 645 621
249 527 171
173 526 439
517 109 432
163 535 635
15 284 594
437 568 603
503 239 205
19 7 628
635 78 679
670 97 92
83 241 558
484 61 440
515 594 681
379 287 204
464 570 348
39 325 708
92 408 414
429 592 342
387 483 365
40 649 170
45 412 745
459 242 221
286 636 158
367 393 317
444 288 741
638 532 369
214 639 600
1 681 188
