1497 1564
680 538 1530
538 8 1291
8 899 1501
899 148 732
148 552 466
552 405 78
405 1411 372
1411 1477 1397
1477 382 202
382 375 477
375 171 1004
171 1270 289
1270 365 236
365 1272 1509
1272 247 1448
247 896 701
896 1212 880
1212 1128 1019
1128 1295 1523
1295 458 115
458 1432 1412
680 1432 469
391 1053 547
1053 320 201
320 801 521
801 1114 1374
1114 1199 316
1199 1036 1294
1036 765 762
765 54 435
54 578 1281
578 428 594
428 965 112
965 451 208
451 321 526
321 1012 1559
1012 1253 772
1253 599 522
599 1100 746
1100 692 816
692 295 717
295 23 786
23 1034 1067
391 1034 225
967 1441 431
1441 168 1212
168 505 283
505 1146 1197
1146 661 1267
661 465 1172
465 613 677
613 1236 1467
1236 1373 576
1373 614 476
614 296 1028
296 626 699
626 357 1001
357 27 291
27 903 106
903 1471 600
1471 1322 206
1322 823 1187
823 1106 1162
1106 322 1102
322 993 1014
967 993 1340
40 630 1376
630 1082 490
1082 1226 641
1226 90 254
90 83 120
83 1260 935
1260 64 200
64 157 1182
157 1333 1167
1333 453 854
453 1417 1554
1417 783 6
783 900 1216
900 1341 442
1341 1383 1209
1383 261 1332
261 685 929
685 424 750
424 208 1300
208 956 1494
956 1429 603
40 1429 892
1141 343 1232
343 561 1089
561 1070 1068
1070 1207 1503
1207 229 1347
229 648 826
648 831 199
831 347 1360
347 1096 343
1096 1339 1110
1339 984 338
984 81 796
81 1117 122
1117 1267 1152
1267 185 1206
185 773 922
773 244 156
244 1090 59
1090 1254 415
1254 1110 239
1110 1134 747
1141 1134 889
283 1394 1129
1394 34 33
34 113 682
113 983 480
983 1057 20
1057 1147 255
1147 41 919
41 239 1226
239 141 1122
141 789 71
789 1266 1553
1266 872 101
872 934 1532
934 440 1108
440 1462 941
1462 341 211
341 1173 1420
1173 1203 948
1203 1102 446
1102 1225 503
1225 1273 673
283 1273 226
936 817 510
817 606 235
606 1442 383
1442 878 276
878 60 629
60 182 1289
182 115 443
115 484 623
484 964 730
964 605 764
605 489 1230
489 1040 942
1040 545 1043
545 1138 1031
1138 876 311
876 1081 301
1081 794 1527
794 643 317
643 762 409
762 317 1263
317 907 553
936 907 1297
540 1049 463
1049 1237 105
1237 740 804
740 1450 312
1450 576 1259
576 1443 375
1443 222 524
222 877 933
877 1385 1236
1385 398 361
398 130 1096
130 423 341
423 137 1126
137 162 1331
162 1327 958
1327 1022 1144
1022 154 1558
154 978 588
978 761 871
761 806 176
806 658 932
540 658 174
443 1101 1111
1101 38 393
38 592 900
592 833 1248
833 665 217
665 9 666
9 627 472
627 758 1148
758 708 1436
708 359 285
359 1265 1430
1265 1048 232
1048 1448 695
1448 915 1174
915 1221 314
1221 267 1160
267 1169 1295
1169 564 731
564 181 1469
181 1457 1476
1457 499 494
443 499 346
624 892 95
892 1050 73
1050 174 24
174 638 9
638 121 1555
121 742 391
742 1357 1085
1357 1422 61
1422 253 1136
253 1426 34
1426 59 1137
59 269 333
269 1125 126
1125 1075 1154
1075 344 902
344 160 1508
160 1133 815
1133 217 937
217 48 181
48 944 802
944 726 1262
624 726 1414
681 1150 768
1150 1061 1194
1061 1242 1303
1242 1132 1292
1132 196 44
196 1085 132
1085 914 1510
914 943 1143
943 472 915
472 669 1350
669 339 1163
339 325 188
325 84 1475
84 257 1353
257 891 134
891 714 13
714 255 1276
255 49 318
49 1408 108
1408 756 1402
756 433 1451
681 433 1198
1156 745 719
745 394 737
394 447 650
447 1376 1009
1376 1231 342
1231 920 912
920 587 465
587 547 297
547 581 953
581 116 1250
116 1019 1361
1019 492 70
492 856 116
856 1436 1445
1436 245 294
245 1119 613
1119 1181 1307
1181 908 1557
908 473 441
473 902 985
902 350 882
1156 350 278
586 1059 396
1059 401 1305
401 851 617
851 156 1423
156 666 515
666 29 611
29 1309 861
1309 779 659
779 123 493
123 1438 1190
1438 92 1316
92 153 136
153 1229 1026
1229 1239 264
1239 1097 1478
1097 1263 1064
1263 39 344
39 1105 729
1105 452 47
452 18 622
18 57 186
586 57 1235
1306 374 688
374 1286 1443
1286 345 12
345 657 879
657 1478 58
1478 568 392
568 870 946
870 922 257
922 280 327
280 100 665
100 551 250
551 868 834
868 1409 993
1409 1020 473
1020 1112 148
1112 438 304
438 1042 513
1042 368 302
368 324 1465
324 294 1123
294 864 395
1306 864 865
1281 511 416
511 1483 362
1483 625 147
625 1240 158
1240 1001 860
1001 1210 191
1210 781 1379
781 1187 27
1187 1297 150
1297 167 238
167 441 920
441 1395 423
1395 615 1401
615 467 1498
467 1484 1562
1484 1256 1246
1256 159 866
159 1000 956
1000 520 295
520 836 331
836 958 1564
1281 958 1062
1222 230 328
230 709 775
709 828 210
828 641 474
641 1287 870
1287 1459 923
1459 705 519
705 504 99
504 850 616
850 635 710
635 392 166
392 126 247
126 1412 97
1412 862 281
862 1372 502
1372 210 198
210 161 1225
161 805 751
805 470 1369
470 82 373
82 482 1322
1222 482 563
88 319 1220
319 807 1383
807 916 766
916 644 837
644 897 692
897 1307 1127
1307 582 523
582 814 963
814 478 164
478 1044 310
1044 1196 1116
1196 76 1171
76 977 505
977 954 1334
954 1475 1076
1475 514 424
514 875 630
875 151 908
151 1032 951
1032 445 7
445 353 350
88 353 401
1330 493 160
493 1469 760
1469 815 649
815 667 1006
667 188 1260
188 340 959
340 1137 972
1137 1319 543
1319 1366 135
1366 863 1468
863 1078 1335
1078 729 1308
729 1249 572
1249 759 482
759 565 444
565 959 1178
959 711 204
711 330 292
330 86 178
86 672 1057
672 683 307
1330 683 265
223 1051 999
1051 825 1254
825 1095 1325
1095 651 936
651 584 374
584 1046 562
1046 264 459
264 1214 534
1214 621 813
621 854 821
854 203 528
203 70 864
70 927 151
927 437 1094
437 757 1403
757 450 420
450 410 537
410 802 1287
802 1155 107
1155 755 309
755 1088 1517
223 1088 632
134 969 578
969 1371 412
1371 548 832
548 189 1005
189 835 320
835 328 368
328 865 1319
865 629 592
629 395 1218
395 87 930
87 544 698
544 811 492
811 448 45
448 634 565
634 1455 1486
1455 291 496
291 1167 30
1167 1200 1342
1200 1086 633
1086 1158 1449
1158 1185 1395
134 1185 1524
728 539 261
539 787 80
787 1285 139
1285 596 389
596 699 700
699 1414 129
1414 19 887
19 1192 577
1192 1310 1491
1310 488 1545
488 191 500
191 616 1082
616 30 1464
30 1338 1261
1338 67 1211
67 143 1036
143 1190 916
1190 32 1513
32 1401 403
1401 866 1066
866 218 1312
728 218 615
1162 446 155
446 1431 1119
1431 1393 249
1393 1258 5
1258 733 1481
733 190 1202
190 1058 22
1058 199 640
199 1018 944
1018 522 183
522 165 300
165 197 334
197 752 1053
752 986 54
986 459 10
459 721 1315
721 1121 689
1121 526 114
526 707 928
707 1291 388
1291 1193 819
1162 1193 1169
1103 1391 1035
1391 172 1456
172 397 554
397 25 736
25 1274 1442
1274 1458 68
1458 1008 1257
1008 536 430
536 573 273
573 980 197
980 1 679
1 1251 434
1251 318 803
318 941 1302
941 383 1217
383 939 451
939 106 931
106 769 345
769 911 130
911 671 812
671 1364 365
1103 1364 714
1186 881 1518
881 853 1474
853 378 925
378 1129 133
1129 1465 1275
1465 1302 1356
1302 69 303
69 800 1011
800 654 269
654 731 652
731 1337 662
1337 883 544
883 1427 337
1427 219 636
219 215 25
215 542 38
542 1439 359
1439 186 161
186 894 569
894 37 35
37 201 1370
1186 201 407
712 1211 1149
1211 1013 805
1013 299 862
299 1142 643
1142 1420 1365
1420 346 404
346 377 614
377 1289 656
1289 1464 413
1464 497 780
497 494 1550
494 1215 1529
1215 53 1229
53 1435 846
1435 1268 382
1268 292 518
292 277 660
277 1091 1394
1091 205 23
205 607 1551
607 122 829
712 122 583
98 1184 1471
1184 924 974
924 193 153
193 706 487
706 1379 1269
1379 1324 798
1324 385 716
385 1467 817
1467 766 807
766 697 1134
697 271 771
271 610 402
610 571 352
571 431 1388
431 99 432
99 1127 1030
1127 1399 801
1399 1027 1195
1027 33 525
33 158 628
158 795 1522
98 795 387
362 1329 1161
1329 1488 1166
1488 513 1191
513 400 53
400 1227 448
1227 1365 419
1365 1456 843
1456 888 1483
888 910 1188
910 1065 745
1065 668 550
668 617 934
617 258 748
258 724 1514
724 114 1366
114 656 172
656 558 1087
558 999 1519
999 1276 1511
1276 1290 426
1290 1296 639
362 1296 32
469 670 1349
670 1140 779
1140 1234 910
1234 1201 1271
1201 541 1384
541 1340 60
1340 487 1164
487 427 1080
427 562 87
562 570 1061
570 1002 626
1002 1452 1279
1452 1300 877
1300 531 708
531 1067 1274
1067 829 742
829 301 270
301 1355 820
1355 265 258
265 1282 535
1282 221 462
469 221 339
337 259 267
259 13 1033
13 1148 1314
1148 77 1109
77 524 1399
524 700 284
700 719 140
719 163 907
163 1246 1037
1246 679 605
679 393 1002
393 333 570
333 923 137
923 1023 369
1023 93 1466
93 51 418
51 937 437
937 530 966
530 611 1418
611 1352 520
1352 1312 1243
337 1312 672
256 169 593
169 1288 470
1288 303 69
303 738 1497
738 176 532
176 475 1398
475 753 1330
753 108 1021
108 1217 754
1217 1317 1400
1317 415 377
415 502 245
502 313 657
313 263 516
263 1045 1015
1045 527 1095
527 702 994
702 737 536
737 886 651
886 612 988
612 152 272
256 152 545
855 950 1311
950 662 517
662 1482 1059
1482 331 828
331 529 296
529 233 182
233 955 707
955 381 1389
381 1172 1156
1172 819 998
819 972 1073
972 323 638
323 78 131
78 47 1425
47 821 1165
821 170 1103
170 305 51
305 212 761
212 603 495
603 772 1540
772 282 1285
855 282 113
646 995 769
995 133 1107
133 142 1528
142 1496 921
1496 1358 1452
1358 1481 287
1481 293 479
293 1476 1060
1476 178 851
178 1182 357
1182 187 1338
187 953 1299
953 1335 189
1335 510 1000
510 31 1247
31 976 429
976 302 56
302 1353 445
1353 602 16
602 6 1214
6 931 793
646 931 992
192 818 1056
818 637 1125
637 285 667
285 563 608
563 834 759
834 1104 340
1104 369 890
369 45 1264
45 974 1192
974 715 506
715 403 1034
403 1361 557
1361 1351 41
1351 996 968
996 847 243
847 275 1385
275 1107 1145
1107 1213 1079
1213 44 1288
44 693 1427
693 1407 883
192 1407 893
528 747 1345
747 1099 1041
1099 97 282
97 1492 141
1492 1202 194
1202 525 4
525 1284 1484
1284 1416 1541
1416 179 1304
179 1235 488
1235 1179 244
1179 1005 1506
1005 1010 1118
1010 824 971
824 1154 1025
1154 297 610
297 975 1485
975 1405 1419
1405 118 582
118 845 39
845 1177 109
528 1177 585
991 748 1538
748 515 84
515 204 348
204 439 1239
439 1398 1359
1398 1336 647
1336 91 1348
91 532 1185
532 177 1016
177 273 1362
273 314 709
314 973 376
973 266 678
266 1331 29
1331 456 1429
456 1178 142
1178 591 789
591 183 355
183 799 781
799 1313 221
1313 764 683
991 764 1561
1294 326 561
326 871 37
871 861 961
861 1418 1546
1418 516 332
516 490 1416
490 982 1286
982 1404 1457
1404 1035 596
1035 1024 538
1024 1304 767
1304 550 1477
550 249 1253
249 135 1238
135 898 1032
898 879 42
879 1026 1054
1026 1444 1479
1444 987 765
987 144 949
144 1037 1516
1294 1037 1213
224 1004 703
1004 763 1252
763 1445 1515
1445 786 100
786 938 1313
938 329 556
329 1163 1038
1163 858 1495
858 1305 567
1305 887 218
887 1382 497
1382 840 157
840 260 530
260 622 1140
622 985 559
985 379 1124
379 124 1159
124 363 835
363 1344 1413
1344 577 504
577 688 405
224 688 914
690 631 215
631 286 40
286 988 558
988 1308 874
1308 150 483
150 1247 612
1247 998 406
998 970 1105
970 138 1542
138 913 1278
913 376 1223
376 1396 94
1396 885 1525
885 417 664
417 816 549
816 241 845
241 1136 955
1136 720 421
720 1168 1055
1168 1191 298
1191 832 810
690 832 1377
237 46 356
46 849 1077
849 132 853
132 1124 878
1124 306 1117
306 1380 894
1380 1074 579
1074 1195 850
1195 198 830
198 909 542
909 960 1081
960 355 1233
355 251 1391
251 628 844
628 842 691
842 1072 965
1072 164 839
164 270 76
270 1347 1326
1347 1403 1024
1403 235 905
237 235 1428
155 315 1207
315 933 313
933 809 271
809 1030 531
1030 479 1023
479 1021 408
1021 52 308
52 1164 325
1164 430 1097
430 687 991
687 1130 1327
1130 543 335
543 890 173
890 1139 1422
1139 723 906
723 349 818
349 1063 1437
1063 989 1224
989 1060 607
1060 1264 840
1264 1283 290
155 1283 17
560 1316 1534
1316 659 263
659 24 725
24 71 1320
71 399 938
399 503 1128
503 1011 447
1011 1292 962
1292 722 110
722 734 711
734 1079 945
1079 1183 88
1183 1326 726
1326 1397 842
1397 1080 926
1080 432 1047
432 780 1040
780 691 1222
691 1493 1210
1493 1421 179
1421 408 1344
560 408 213
4 567 1052
567 1342 1410
1342 96 857
96 7 873
7 636 624
636 1165 370
1165 310 1490
310 678 597
678 1205 1258
1205 703 248
703 10 1203
10 509 814
509 26 229
26 1301 457
1301 129 964
129 1386 1042
1386 248 117
248 22 319
22 105 686
105 725 104
725 421 336
4 421 1354
1381 750 509
750 696 895
696 810 1499
810 460 481
460 857 83
857 55 428
55 65 501
65 554 175
554 110 162
110 921 584
921 1098 72
1098 1223 400
1223 1325 216
1325 1345 885
1345 620 960
620 435 1373
435 66 125
66 1378 144
1378 785 1150
785 316 471
316 466 891
1381 466 293
649 1259 1492
1259 951 128
951 519 790
519 518 1208
518 206 371
206 1390 1306
1390 880 251
880 250 1093
250 128 831
128 1017 326
1017 1087 1020
1087 882 169
882 743 380
743 791 939
791 1490 773
1490 1262 888
1262 420 360
420 14 917
14 553 852
553 1152 634
1152 175 1293
649 175 718
1093 843 1158
843 1064 1426
1064 388 740
388 56 381
56 574 1215
574 1143 552
1143 28 1463
28 442 1132
442 413 1029
413 1275 1531
1275 2 1323
2 252 1454
252 966 1351
966 1039 1265
1039 1415 1406
1415 925 1283
925 327 262
327 826 1512
826 559 1270
559 1470 658
1470 777 1086
1093 777 1046
243 595 868
595 1220 704
1220 778 299
778 1466 655
1466 674 1505
674 947 1017
947 689 1176
689 480 670
480 957 397
957 580 696
580 495 57
495 812 627
812 216 1284
216 220 11
220 1031 422
1031 1052 378
1052 1387 1521
1387 1151 1234
1151 655 246
655 776 1473
776 103 514
243 103 1433
1160 796 1175
796 1077 65
1077 462 653
462 889 757
889 1144 996
1144 535 1099
535 716 18
716 1349 957
1349 1419 646
1419 798 1101
798 1369 863
1369 788 856
788 926 741
926 449 277
449 741 1324
741 971 55
971 43 977
43 228 566
228 358 146
358 713 785
713 1359 618
1160 1359 715
136 1224 485
1224 1367 456
1367 361 625
361 213 799
213 1047 1421
1047 963 897
963 1250 728
1250 1188 918
1188 1375 145
1375 901 1205
901 675 1453
675 1494 990
1494 1118 896
1118 80 1170
80 1198 1256
1198 1149 1533
1149 1189 1241
1189 775 903
775 335 475
335 1174 787
1174 990 833
136 990 705
1122 1230 394
1230 214 1249
214 585 663
585 412 690
412 131 604
131 1007 330
1007 74 1173
74 236 280
236 1425 1227
1425 749 460
749 351 43
351 579 91
579 751 1552
751 1410 1074
1410 918 1415
918 1094 1092
1094 1454 671
1454 735 1070
735 36 1409
36 676 367
676 1166 838
1122 1166 1444
664 590 722
590 695 602
695 1328 847
1328 1370 452
1370 117 1204
117 1161 1455
1161 682 205
682 1334 989
1334 1071 589
1071 1451 1549
1451 338 90
338 1206 1404
1206 945 1181
945 11 1072
11 304 954
304 701 410
701 409 654
409 507 165
507 498 867
498 838 1439
838 140 1018
664 140 1556
1218 468 1022
468 653 64
653 1209 676
1209 782 1372
782 1449 822
1449 1430 1282
1430 981 684
981 932 124
932 869 620
869 242 98
242 790 177
790 298 1296
298 386 1496
386 1066 1407
1066 290 1168
290 663 363
663 844 841
844 1350 739
1350 1194 464
1194 837 1539
837 62 1460
1218 62 119
1056 149 306
149 808 808
808 1278 706
1278 895 167
895 930 358
930 35 886
35 429 111
429 20 1526
20 1374 1487
1374 754 976
754 1180 1199
1180 820 560
820 371 1268
371 195 207
195 1016 209
1016 1346 1184
1346 884 1446
884 95 806
95 194 1180
194 992 1438
992 387 228
1056 387 170
1025 1400 721
1400 416 1502
416 476 1355
476 411 184
411 686 529
686 1238 943
1238 1243 1447
1243 1343 102
1343 1487 1488
1487 583 212
583 464 1411
464 342 669
342 426 1408
426 491 969
491 356 809
356 425 192
425 609 573
609 1216 63
1216 906 231
906 471 601
471 1197 675
1025 1197 574
841 1055 75
1055 477 1115
477 905 484
905 803 1048
803 1233 364
1233 125 50
125 481 1063
481 1486 190
1486 684 1013
684 262 997
262 694 1392
694 419 390
419 207 1341
207 1271 1141
1271 200 1091
200 17 74
17 569 1221
569 404 1138
404 300 756
300 474 1200
474 867 62
841 867 581
1248 521 1273
521 422 274
422 771 575
771 225 713
225 501 1462
501 1003 222
1003 1356 568
1356 1434 1396
1434 1208 48
1208 1320 242
1320 1303 1133
1303 42 1186
42 1384 1317
1384 935 468
935 1069 913
1069 211 1083
211 949 1044
949 139 103
139 639 859
639 287 950
287 21 81
1248 21 899
1440 912 455
912 797 46
797 698 792
698 231 702
231 1115 973
1115 589 79
589 588 499
588 1068 427
1068 281 1458
281 402 353
402 120 1183
120 575 898
575 457 825
457 396 876
396 730 347
730 50 118
50 1280 1065
1280 1123 1450
1123 1041 541
1041 1033 143
1033 1479 1301
1440 1479 89
1423 555 848
555 147 1008
147 952 286
952 1460 163
1460 1219 1329
1219 739 784
739 704 752
704 549 1375
549 839 1051
839 308 1367
308 1109 637
1109 1038 1431
1038 1252 1357
1252 1402 324
1402 1092 697
1092 352 180
352 804 1058
804 238 252
238 75 1537
75 202 794
202 486 783
1423 486 398
1392 407 1328
407 557 1049
557 1043 491
1043 572 911
572 12 159
12 1437 379
1437 593 454
593 1485 219
1485 288 152
288 767 712
767 1362 982
1362 1029 1387
1029 279 49
279 1368 1135
1368 455 555
455 1446 987
1446 312 598
312 873 1500
873 1348 1189
1348 1428 609
1428 928 511
1392 928 237
5 1363 1346
1363 274 824
274 111 606
111 254 1337
254 226 31
226 647 1106
647 774 984
774 1145 1003
1145 1433 681
1433 1084 777
1084 830 414
830 1153 723
1153 948 138
948 360 1390
360 1377 2
1377 444 224
444 717 967
717 1463 28
1463 104 193
104 1277 1112
1277 768 154
5 768 1386
533 166 694
166 145 85
145 640 1231
640 454 498
454 1028 223
1028 485 735
485 309 266
309 1131 952
1131 240 259
240 1176 386
1176 1311 1333
1311 556 1339
556 994 661
994 63 461
63 846 797
846 1083 619
1083 929 478
929 390 275
390 1108 1201
1108 508 1405
508 997 425
533 997 884
119 506 1482
506 827 351
827 727 979
727 354 1027
354 1315 399
1315 107 855
107 1299 869
1299 1228 1255
1228 1261 1237
1261 1388 645
1388 89 168
89 594 82
594 1413 1309
1413 645 366
645 517 385
517 418 1380
418 58 1280
58 546 693
546 184 1310
184 463 66
463 1120 1179
119 1120 436
307 770 1368
770 1360 901
1360 1269 727
1269 784 1277
784 336 93
336 822 755
822 1204 595
1204 566 230
566 979 981
979 180 1417
180 232 234
232 534 924
534 736 1147
736 364 512
364 227 1245
227 619 1544
619 1318 753
1318 677 96
677 414 253
414 348 758
348 860 1393
307 860 1459
380 72 533
72 793 587
793 1298 1242
1298 1257 1343
1257 1015 349
1015 1406 527
1406 461 1536
461 1113 1104
1113 73 940
73 598 26
598 523 1240
523 68 67
68 85 836
85 79 1424
79 1453 315
1453 1293 1336
1293 512 1382
512 373 1381
373 1232 354
1232 1489 599
1489 1062 720
380 1062 1298
496 919 1266
919 760 564
760 942 668
942 434 1290
434 1171 849
1171 384 1177
384 1314 1363
1314 718 546
718 968 439
968 792 1196
792 101 8
101 1354 644
1354 102 621
102 600 648
600 500 321
500 94 240
94 1170 411
1170 1468 1090
1468 813 1318
813 1076 983
1076 311 1114
496 311 1157
961 652 1075
652 1321 904
1321 604 1155
604 597 21
597 483 811
483 1006 220
1006 272 1071
272 904 776
904 633 1352
633 246 635
246 1332 744
1332 1424 127
1424 1135 1039
1135 209 872
209 1323 268
1323 1073 1378
1073 893 674
893 372 970
372 1389 724
1389 334 858
334 268 763
961 268 187
1461 127 1244
127 618 1434
618 940 1012
940 623 1432
623 332 1560
332 650 185
650 946 875
946 632 1142
632 289 1098
289 1126 1489
1126 746 1493
746 389 489
389 1111 288
1111 732 1078
732 112 256
112 660 1139
660 608 1151
608 436 15
436 234 438
234 1495 1228
1495 61 241
1461 61 687
1159 1116 1045
1116 15 980
15 852 1084
852 1279 486
1279 1014 778
1014 1245 1219
1245 370 1364
370 406 1121
406 859 1563
859 1009 1193
1009 3 975
3 962 453
962 1255 305
1255 366 631
366 1157 52
1157 109 384
109 1089 195
1089 917 1547
917 276 551
276 601 1543
601 1447 1010
1159 1447 508
848 1480 233
1480 1054 196
1054 1473 782
1473 710 279
710 673 788
673 173 1504
173 744 467
744 146 1321
146 278 580
278 1241 733
1241 1472 743
1472 537 433
537 642 1131
642 1474 1153
1474 367 1440
367 874 909
874 1491 449
1491 1244 947
1244 16 1441
16 284 86
284 1175 800
848 1175 1113
680 391 642
965 967 322
296 40 927
1417 1141 1272
984 283 3
1266 936 1146
489 540 92
130 443 1480
1265 624 995
59 681 738
339 1156 1520
1019 586 214
92 1306 14
551 1281 227
441 1222 591
392 88 986
1196 1330 458
1078 223 586
203 134 795
544 728 791
191 1162 417
165 1103 507
1411 1186 590
1337 712 1507
494 98 1007
271 362 571
668 469 19
1002 337 440
393 256 827
415 855 1130
972 646 149
187 192 685
403 528 540
1179 991 1
314 1294 978
1304 224 123
1382 690 1050
376 237 881
960 155 1548
1130 560 1371
1079 4 1251
10 1381 749
1098 649 1120
1087 1093 680
1272 243 734
495 1160 823
1369 136 1472
675 1122 1358
351 664 450
338 1218 774
790 1056 1470
1180 1025 1535
464 841 1088
694 1248 539
1303 1440 548
120 1423 1069
1109 1392 121
1362 5 77
830 533 203
1311 119 1100
89 307 260
232 380 171
523 496 36
101 961 1435
1332 1461 770
746 1159 323
584 848 1461
1 1497 329
