1950 1950
946 652 676
1735 1397 1400
29 1780 30
1622 1144 244
481 1725 411
48 546 125
293 818 1099
1895 834 162
617 1814 166
803 360 1167
1874 465 251
1491 1688 670
1888 1431 1795
1292 569 898
335 1272 1823
16 1285 33
1075 306 448
1118 911 1000
933 689 1178
459 261 1059
474 1609 559
774 673 850
1174 530 674
1454 886 1595
1094 265 1077
437 178 193
594 1642 1340
1189 448 1849
985 1938 940
1429 535 3
294 1784 191
140 357 998
446 371 16
1522 1259 540
350 1803 906
271 1875 200
854 1757 409
622 256 1743
1812 1613 631
156 303 1054
54 43 836
1428 1770 1150
1441 1169 1110
795 246 1890
368 801 1197
1493 919 539
1020 1409 912
409 1204 968
1217 82 800
243 1641 975
1926 725 761
1700 1781 1624
1291 1403 1175
1729 1289 1839
621 385 70
1627 439 563
938 403 1300
1776 1663 1397
161 906 1224
871 527 628
234 1381 1769
760 1578 1713
915 34 971
286 1771 1045
1574 506 353
692 1919 487
1150 797 1075
1029 743 933
310 973 1314
1716 1422 55
1771 1935 1538
1129 1459 1935
329 276 766
1103 548 434
899 1362 1052
378 1040 946
1614 1312 335
1909 631 1898
336 664 338
1673 1032 788
1171 708 240
1296 1943 322
202 576 134
1135 1165 1439
1912 238 1776
901 1559 1514
1398 1949 1705
1391 1480 785
305 394 810
458 758 918
59 701 566
1349 1486 921
298 22 1829
883 95 1184
1404 672 632
913 1382 1093
1568 1635 1061
1251 15 1707
1841 1639 714
244 1028 1264
63 560 342
978 545 285
1371 823 1796
251 888 400
1810 1488 824
1410 1776 262
1546 362 1268
693 358 703
1267 1277 706
757 568 984
1033 266 284
1914 1907 571
1518 619 790
31 1519 752
738 1429 195
1213 1320 1562
722 918 1783
703 339 1642
1406 873 1506
688 158 1262
1738 218 1393
897 1549 1180
1603 142 215
1639 1280 1378
926 1472 6
35 374 731
1514 1284 929
697 68 1754
443 726 1322
895 837 618
184 455 1697
520 1030 1915
530 1836 1011
1234 1880 83
1157 54 1271
980 1550 895
1269 728 1020
882 684 1794
1445 1514 1725
1564 1842 198
489 338 633
1323 547 155
1173 147 1524
1917 650 1232
1792 1715 1142
360 1591 809
30 66 1770
1341 1111 1727
148 1590 951
1813 1266 1445
810 83 1631
1123 176 1763
491 854 1729
464 1455 408
238 528 142
1102 1424 1564
918 215 948
1055 1786 1681
876 1792 764
1728 1399 636
997 1566 272
426 175 8
1276 251 1114
1141 174 1517
1059 1229 483
620 1863 9
1715 64 1418
1273 842 1363
764 452 1802
1210 193 608
1588 99 1355
916 1134 278
1244 198 386
1507 344 430
631 1328 615
956 1304 480
885 1721 647
939 1686 288
928 173 911
1948 1109 1660
1731 1301 226
439 1657 1873
1409 609 1290
626 1118 1443
1442 5 468
797 1527 370
610 392 1643
578 1073 1773
207 150 330
1199 1477 1894
1789 1485 31
484 1587 367
637 145 26
1008 159 1644
914 222 115
1212 1105 826
565 1740 1434
524 1806 140
1134 538 1094
1878 461 36
523 533 1307
1389 754 404
1468 442 614
987 985 1494
142 1839 872
1197 800 1491
1751 1569 499
1556 926 653
1177 575 867
549 285 985
1616 1365 919
553 482 238
1271 1210 1088
1030 610 269
397 1902 123
1105 356 257
1723 1460 807
90 931 1851
1896 777 1602
1881 521 1896
412 363 1909
1227 790 1916
592 930 1791
1399 574 1447
1116 1367 343
144 494 181
1322 258 293
1576 1246 1880
114 897 1618
1910 1554 440
957 1816 781
3 878 377
1333 84 462
1235 1687 439
407 916 1792
573 370 1031
1250 1195 1173
8 1909 212
1436 551 1836
1714 699 81
856 612 1202
552 1335 1534
787 1900 1179
343 1904 4
472 1741 1131
1019 1197 852
333 1390 1488
213 731 1636
253 1948 1893
1927 980 1833
821 942 11
833 438 1259
391 813 927
45 1885 1074
1608 327 1283
1767 1085 298
750 156 216
76 437 1455
1782 346 1480
988 53 1351
630 409 658
1159 753 106
1147 1540 406
398 927 1299
295 1125 390
1400 909 450
1745 1727 586
1024 1862 426
1022 1765 214
1604 56 592
577 965 1208
204 1252 161
23 1276 371
603 1676 1907
1842 1723 675
219 9 1417
629 1296 865
290 1572 172
1268 1794 1326
944 559 1533
1090 1221 1667
117 913 420
1855 292 1036
1702 638 111
1369 1069 102
56 450 1868
801 473 1586
1581 984 178
898 1667 1654
203 1258 689
1784 1346 527
547 1896 357
154 1183 227
657 1182 515
1038 651 562
1505 207 548
186 629 582
490 1371 256
104 577 1454
1358 791 978
674 1821 1139
691 377 1015
650 1713 1677
772 1556 1062
269 733 1121
964 600 1753
1443 282 1155
1284 903 1080
1852 567 649
456 1915 1330
1557 1807 1205
1583 1003 1904
240 1418 797
132 1785 902
1113 1228 1209
292 794 1740
1619 315 339
1561 166 1901
1309 195 1933
358 1248 579
1890 1463 1500
712 74 82
659 959 1119
277 1632 1745
1373 1623 966
1339 1531 1030
1501 91 463
1438 113 1200
315 1608 1804
929 876 189
1093 1565 1502
318 657 652
235 73 392
644 291 712
538 263 77
924 223 1032
1795 968 1006
1456 430 79
1657 1007 317
759 1041 1714
660 1791 1834
1774 143 101
566 1465 225
1049 1350 742
374 1772 1106
672 1619 1274
589 322 1352
1511 329 1486
1803 1584 1402
1641 680 1567
1034 1931 896
285 1944 654
1530 1920 65
1301 819 478
605 67 1913
1736 440 1568
274 1646 292
1080 1801 1383
1469 1552 745
1607 1787 1607
730 1588 557
1899 739 1302
796 1138 1213
1066 228 1356
835 1044 1837
1646 1464 427
1525 759 192
452 1337 1001
337 191 547
1587 296 186
435 353 273
232 1810 575
1846 1386 1779
217 1518 1287
1388 1733 1071
569 1500 1659
1534 1235 232
587 434 844
417 8 1470
689 1906 1923
1166 247 1215
1007 1719 1807
1302 977 523
370 1074 1089
864 1128 1800
1073 1570 173
280 468 1784
1128 1598 1017
896 489 1433
1136 123 265
1552 1577 1367
403 365 333
640 1393 1818
477 613 1878
537 830 436
1885 126 1327
1348 1031 1253
930 1947 1138
1328 252 1372
110 585 104
1084 826 465
675 1099 724
1376 1758 1543
831 1507 202
1791 697 1207
1617 1746 263
1447 1737 696
1228 80 154
1655 1027 37
1104 254 1678
80 1766 5
1550 1457 795
1864 1082 1557
1681 1358 603
1837 414 1347
532 202 1241
1407 1295 1720
1385 472 457
651 832 891
1374 724 282
1125 388 903
1356 1798 662
88 1333 1441
518 687 1884
1231 507 619
568 1941 268
1586 1311 366
1585 1096 519
783 65 1323
1523 425 174
1766 1600 1669
1540 299 639
1326 1376 1613
1393 10 74
1117 531 1547
1195 1930 395
1649 144 857
228 1212 1771
163 1712 234
1187 155 230
1572 750 1781
1004 954 1774
1152 975 1329
1590 1103 1037
153 1166 875
1079 444 640
433 381 1288
71 706 17
1261 336 830
884 1038 266
1451 141 776
966 16 581
381 822 1189
1130 518 1256
815 1795 888
1916 1501 1196
1021 393 418
1444 1447 1461
718 1269 858
1853 653 1423
247 47 718
1847 486 233
320 899 327
511 1855 533
579 1436 401
889 1351 1280
1378 616 1701
1687 408 185
844 1468 1257
560 1914 993
1095 1115 542
975 1021 1572
1664 1467 699
1786 1520 1270
1632 1176 1532
363 1025 864
664 12 1427
496 1541 354
1003 746 1204
102 1243 176
26 453 1172
706 923 1312
1299 1870 165
1061 1763 874
1920 586 1055
1872 1146 740
330 1340 66
1536 1253 1943
581 1225 1373
1190 976 711
1579 1172 1291
1318 640 1612
1512 1611 1252
1405 1680 916
890 924 1395
872 1010 917
1589 1298 798
1811 1817 793
1381 1321 207
1875 1655 682
108 433 819
1838 729 1847
468 1342 1653
344 108 1085
1219 233 1530
1848 1932 1757
974 1177 1498
1009 135 1276
1260 589 1222
1877 331 1076
1352 1694 1281
819 1778 1519
515 203 683
1420 151 777
199 953 294
715 391 728
160 466 866
75 1446 1424
1072 1402 428
1160 1154 1566
51 411 1549
1140 1697 1069
619 907 383
1214 618 981
297 257 1475
133 979 1635
1238 881 291
1492 1291 741
1183 1218 1243
601 1336 1686
1484 412 645
1739 163 1035
761 480 464
1307 75 1738
1256 1153 1087
1274 869 1463
1448 744 1229
1508 1171 697
670 36 46
634 410 34
414 685 1477
221 1451 471
1779 1462 1726
1661 469 908
1247 1734 1478
623 1924 1060
1266 1347 369
836 783 296
955 775 1487
1887 138 1107
1535 1142 1293
512 709 1104
740 25 870
1602 1634 1129
423 885 1587
817 1859 1563
1860 553 361
1223 13 1674
455 1071 21
1772 1395 1403
737 617 1328
829 1605 295
470 1888 56
1823 1530 1472
1368 1884 1043
1571 398 91
636 1089 1565
789 1100 1152
42 615 1345
418 1672 791
1032 332 112
86 635 1210
1127 915 1265
598 1400 1501
962 316 372
39 364 1824
756 1353 1416
1591 614 1067
279 129 320
1869 1856 1746
867 1088 452
390 1011 297
1142 1581 1732
1558 849 597
461 645 982
700 666 267
1593 1799 1665
531 1237 1608
196 302 1013
105 20 1611
249 912 1641
1506 727 270
49 1850 1174
1640 1710 890
1229 1876 1876
126 710 1008
1350 990 584
1453 556 1583
1402 1205 1523
671 1223 944
961 1240 1680
457 422 1772
1596 989 414
284 950 1819
860 774 709
124 1193 885
231 792 1357
1148 960 170
419 1129 1903
220 956 1070
1413 46 1250
1851 498 884
376 1014 881
214 1104 203
1146 1024 175
607 1334 1165
1504 1523 688
1237 1610 130
888 1529 425
767 103 1590
1765 698 1511
686 1861 773
878 1805 1436
466 264 1504
676 369 1495
1678 1724 666
1043 1558 1344
50 1499 60
1017 182 1670
1762 647 1185
1610 633 39
1354 501 95
1868 1917 141
516 957 1065
1056 1093 1578
201 1522 160
1048 772 1917
1300 971 715
784 1548 432
1016 1551 446
1638 793 1718
1417 1286 1703
304 572 1282
1780 730 1752
1205 1167 531
873 1329 1195
900 326 177
427 860 1279
1719 952 309
1674 184 1516
192 1720 994
1692 893 332
1623 1070 208
1285 634 352
61 1603 1469
1370 1564 1216
1688 1755 1381
863 1 261
1392 735 1289
1000 236 1182
1202 1392 1777
1902 1830 422
1801 1251 1762
1319 828 1370
539 1775 678
582 63 626
1311 100 1272
1220 1160 1201
1325 806 1790
1570 1669 12
695 1140 842
1218 383 1022
1528 1470 1132
1359 676 23
502 328 275
1677 1242 1
1355 337 1083
931 37 665
1794 491 1298
1710 1375 1928
385 23 730
687 1119 500
719 214 513
34 514 1479
743 1098 1319
558 877 871
790 1149 1428
1832 761 617
401 1630 290
369 646 879
1815 852 1852
1613 694 1655
1592 1355 956
327 1384 816
1031 525 1710
64 862 407
1873 1857 538
1162 1693 820
1151 1290 473
296 397 1188
752 1020 1863
762 278 1311
941 284 108
728 943 840
127 667 1318
1058 1079 109
488 1360 796
768 1405 774
1225 288 605
118 1213 1782
386 1054 490
421 1883 334
1790 1062 1082
1542 1198 99
506 1184 638
959 1314 1408
1744 1597 889
425 690 461
1626 1891 1748
9 1170 1163
1313 118 1571
971 766 935
739 1476 835
37 720 402
195 1479 1647
724 283 772
903 508 1758
239 540 516
342 509 736
1732 1401 681
166 1761 126
1459 1614 1505
1259 1505 1101
1397 661 1820
347 313 1575
1288 751 729
677 78 1793
17 1601 1248
1764 1474 1148
198 1045 486
1010 134 528
824 938 344
27 50 1382
1708 1649 1598
633 1466 359
1332 1215 1450
152 1783 1628
744 659 1235
179 495 1072
600 1508 1141
6 662 1879
1013 562 114
1344 598 1126
870 1121 848
656 835 1939
47 1491 1679
364 1764 953
205 738 1396
716 323 1162
346 1002 1775
1624 836 51
570 1410 950
1733 55 939
10 240 159
645 986 1320
982 1264 73
877 186 1171
1761 1882 1688
190 1219 1580
395 1232 1343
852 1796 1882
392 181 726
405 343 622
1360 1706 708
1519 1330 934
1236 1035 451
681 1579 514
802 1844 802
429 1454 1831
937 1815 1044
1805 1939 231
1419 1679 1273
1053 1665 1404
1362 611 1156
720 1513 88
690 1318 1339
606 756 1231
275 1126 80
1433 718 859
1317 934 113
1143 1681 570
1184 1833 1385
170 1602 498
5 270 1449
1825 550 412
1804 588 707
729 169 313
1110 451 497
591 896 1153
1365 1306 49
816 260 924
635 1656 778
1457 1729 987
1866 674 1157
902 874 986
694 688 1466
1439 1843 217
1464 732 1715
357 882 146
723 1108 89
667 1279 1379
1541 895 825
1108 14 989
1797 220 1136
1893 1848 1788
79 1438 694
1163 1327 1125
87 1487 1552
1510 564 501
609 1739 698
22 1147 1047
1253 1647 1474
1691 1222 1459
838 4 105
101 671 812
1346 1471 196
191 1196 1832
135 1754 1284
1496 866 1858
1827 29 449
1138 1080 1203
1800 1823 1105
1752 38 1656
480 94 1161
467 130 723
1717 875 41
262 1217 1127
65 1846 1019
1252 1452 945
1154 1163 704
1807 779 1014
473 1194 671
563 1203 1855
134 407 378
595 180 1410
93 1385 1012
1258 752 1130
316 1819 754
855 1132 1900
983 770 22
500 1726 1407
1889 1946 246
1862 101 1856
1938 928 1599
1209 98 1621
1423 1173 876
1466 944 437
307 18 459
991 1824 789
1490 1478 1375
575 1922 1870
1743 493 1597
1831 273 1147
1028 563 476
442 523 277
268 1820 517
608 1127 209
348 1925 1508
33 1387 963
921 386 553
1636 420 686
794 153 205
206 565 892
804 1095 484
1943 1338 445
894 1661 856
13 1236 1885
283 197 1658
1908 190 690
463 961 1112
1911 1773 613
351 601 1689
115 1701 1559
733 1911 612
1577 492 606
272 542 1337
839 512 1023
1473 1307 455
371 1607 717
422 921 594
1182 1056 419
216 1078 873
123 580 1033
1737 1260 1108
260 1319 136
1287 683 351
1498 1317 1869
471 293 14
1901 1852 1111
911 1705 1934
1676 1871 1556
1584 140 314
212 1666 421
1002 89 1221
1036 558 1672
781 1837 35
771 470 1682
1191 1525 544
1380 1928 1652
1597 1561 1649
174 686 179
1521 941 47
519 920 1211
1538 485 1462
769 301 1891
1724 841 494
1709 677 496
1595 1700 90
157 974 211
507 1937 1234
1601 1595 92
1045 597 1810
1833 696 1349
1185 1244 801
509 902 1739
1052 1137 1384
1014 825 253
1944 1708 1603
576 1735 127
584 248 1633
1898 865 1484
875 321 1187
851 649 68
1478 998 775
7 1910 722
372 1793 1452
116 1427 979
981 148 1841
1796 1419 763
1379 1262 29
1730 1913 1310
504 1179 1540
699 416 1098
711 1442 600
1262 1760 839
1278 1878 76
1918 1220 1206
246 578 157
925 1748 1212
1467 1544 762
1845 462 149
1663 1802 1862
861 188 757
1928 1539 1097
1553 1690 1359
1366 497 693
652 1192 1406
555 1383 1545
180 1695 1485
1836 713 1561
1297 375 1386
353 910 1353
1367 1117 869
289 951 1764
1659 799 1026
734 1299 325
451 1255 1702
28 1731 48
162 400 1711
1814 1644 1507
649 127 63
905 1458 1227
482 177 1041
302 851 1588
564 490 50
1924 863 1492
365 1940 1269
1361 160 300
1204 1918 937
1416 1905 1700
832 555 524
1281 152 585
209 1343 1582
255 1039 110
533 1901 210
1254 537 805
904 856 803
218 978 1296
986 898 813
1922 281 1124
1401 880 1391
107 1662 1090
1164 516 470
1091 1292 651
834 642 1637
1070 387 1662
60 1287 1821
1693 1831 32
182 1324 1639
1169 721 18
943 352 368
1233 1889 1244
919 1542 1432
1011 224 1063
158 121 1458
493 24 337
754 125 1638
742 573 596
1224 939 1596
1329 194 1937
1578 185 133
893 396 846
1500 458 589
1850 1161 841
1950 1175 302
1819 1865 1374
732 1849 388
1088 165 1626
138 536 838
846 1752 137
996 532 1735
99 1498 672
445 1751 887
334 1067 1761
1897 1208 1116
522 1323 965
164 947 1920
596 755 1128
999 1717 1228
866 900 326
288 904 236
1477 1043 336
210 1624 893
1489 1356 1619
1494 972 532
1652 949 283
265 776 444
1106 2 1910
1144 217 1535
1644 1749 1930
1939 1101 973
1822 963 1629
1560 234 565
707 72 780
1293 445 64
241 1094 1048
1487 1034 821
122 1148 1046
1740 1060 1881
1701 1742 1358
714 1617 1117
967 1263 75
611 1651 1542
1672 964 40
1335 271 485
1394 1908 1503
227 1256 1134
1068 623 1546
406 1892 20
1100 206 546
1277 201 97
874 376 304
1474 715 1004
393 1604 1723
785 1310 634
77 1637 1744
1770 40 578
359 1282 1346
1207 1912 522
643 599 610
383 1585 375
379 816 749
1156 1926 1668
1314 347 254
1249 427 67
1643 92 510
811 700 25
89 596 1569
932 1790 1936
1042 1818 308
266 475 1438
449 767 713
1679 1380 677
717 1102 1842
167 812 504
254 1942 1135
222 110 535
326 244 213
525 395 384
1483 379 992
995 1756 1736
36 237 1510
1531 1297 96
1777 45 199
1806 1678 1226
1023 1250 1840
197 221 954
1415 1673 943
1555 1378 7
1545 1112 1261
850 1606 733
257 1745 1875
1682 515 1872
862 549 552
1760 991 832
1337 620 345
701 1325 550
1137 692 894
1499 1015 1115
1086 805 43
1432 890 899
792 1202 880
95 208 1785
945 1354 163
1109 428 1109
1713 1560 1025
1112 1788 1051
1463 1716 1168
487 510 323
1662 1004 1237
993 1116 305
542 57 1238
100 354 1584
1039 1616 990
1037 154 817
658 608 753
1165 955 837
1255 1449 1028
20 762 554
958 1200 847
1934 32 245
1727 829 673
638 639 1926
1243 1313 1057
1548 1445 1086
1194 1626 814
1279 1670 1574
1642 85 398
639 768 301
705 1066 1780
613 1929 750
120 905 145
1290 61 1741
497 1326 1169
1826 1417 1614
444 648 1906
1933 707 863
806 1768 739
151 795 1657
1698 1156 42
514 946 1177
1630 259 568
800 417 799
313 1873 1731
1440 1728 307
1172 999 784
366 524 804
554 1860 1389
808 848 1617
1704 487 1493
185 814 834
536 96 759
1808 581 720
1665 1524 1576
448 413 616
1697 1428 1817
830 1124 10
1476 539 1118
177 1704 1144
923 239 1218
505 389 767
1064 1368 481
70 757 237
1452 796 593
1089 443 53
1018 996 1749
753 734 1151
696 1230 19
1321 817 243
684 484 122
1390 1869 1845
1161 241 660
1658 786 1360
602 702 94
812 630 630
1330 884 1518
1680 216 932
1757 341 700
67 670 453
1099 107 1499
1726 1268 1650
1418 628 1664
927 19 1892
1929 1822 1573
256 17 646
66 1363 456
308 272 45
1338 1586 1531
375 243 1946
1435 1890 328
1921 867 668
1111 1493 241
1119 992 831
1942 1052 479
1683 1502 311
1756 1592 947
1809 131 405
44 1437 271
726 526 315
1884 1845 572
264 1433 913
847 1408 949
1240 1895 363
200 627 1911
809 1423 381
865 1650 656
1931 654 1640
1949 1747 1170
176 1233 1481
1621 1851 1399
920 59 904
259 294 509
1196 1562 1908
1778 1281 59
1462 855 1620
447 1178 1095
382 522 972
1569 1005 1029
1559 71 537
112 467 1313
1312 1625 787
1334 804 144
1131 1484 1529
1634 319 920
1120 11 748
799 742 1338
1930 1494 1120
508 810 1122
1430 1186 1826
805 27 1453
1263 230 416
922 48 1648
521 1396 529
950 1224 1002
1945 788 1489
624 1135 1825
361 864 1709
1742 1181 738
1215 1372 1694
324 1341 611
1748 1434 1912
683 280 493
1703 1120 397
1025 844 1808
1303 1207 1401
328 748 454
1747 566 469
57 1439 1425
1308 1091 252
615 922 1944
1230 1923 1100
627 406 120
1594 840 1483
486 760 100
881 769 573
404 658 1886
1114 1453 1605
1753 1339 107
859 464 977
745 504 474
1122 441 135
301 1364 667
1242 1300 782
599 936 346
322 1151 1577
1327 1473 508
562 1744 1859
300 807 1380
527 1188 648
165 1110 466
559 1209 511
906 1854 643
12 454 255
1479 871 828
356 1503 1365
1755 1557 1551
1615 1800 374
1612 1809 447
984 1916 659
1892 172 183
1320 249 491
586 859 1812
1353 1136 551
1686 1278 1601
669 405 1887
72 1305 988
1785 421 1464
1186 255 679
1382 1461 264
550 87 57
1071 1406 1420
1211 419 362
168 114 1354
765 1510 1651
1883 626 1843
1605 995 1853
282 745 201
1844 245 1585
1524 1145 1721
994 716 941
19 7 702
125 704 482
1282 1594 1230
1857 1684 69
935 1535 1918
1395 361 1861
814 1443 1733
1485 1315 705
1446 1671 685
1458 161 765
420 660 1704
345 1122 129
14 669 429
1628 295 1465
1563 384 1600
1935 1689 279
749 429 396
1424 1214 561
436 210 443
892 1081 310
1907 675 1604
567 857 1698
1631 483 1390
1551 1164 1895
1248 26 1801
1414 1254 1755
1180 1271 886
1667 1394 1236
103 1456 786
1582 1826 27
1502 1421 1899
798 157 1394
858 1620 770
323 811 627
1035 298 569
223 1072 1068
1919 1867 415
1718 845 1431
309 320 923
825 1026 1922
747 513 260
1539 1076 347
92 1580 962
62 511 1303
654 1782 171
879 1640 364
1065 1023 607
1886 831 1050
934 781 955
709 170 1183
1257 117 1663
483 424 1871
273 330 168
1481 1691 1947
18 162 1285
1208 139 1806
1861 305 391
1941 705 1866
1363 1593 1798
822 1703 664
98 348 1405
1387 529 399
1516 164 489
1126 1872 1016
1802 1106 860
1763 1769 1553
303 274 1558
1903 1379 124
786 1238 811
1867 1008 1278
261 367 657
1139 917 743
912 1050 358
96 1245 926
139 1847 792
853 1840 961
1840 1316 1789
1758 1065 1666
81 404 1158
1533 602 1333
1426 1828 991
131 426 1606
1124 1497 121
299 1709 1342
1839 1633 495
1856 719 758
78 1750 58
965 380 1482
1434 584 1220
951 262 2
1408 1654 1255
708 1545 349
668 1413 560
1461 1227 783
529 1567 1371
1880 1349 957
614 1267 851
434 49 716
746 219 1728
503 1696 845
188 1411 1949
1167 1897 1695
175 773 1589
1455 1416 1685
1488 607 1509
1245 552 577
1472 583 276
248 435 167
1721 268 1874
887 1936 1301
534 809 1512
215 1574 1945
4 446 460
1835 967 518
1746 1699 1258
1012 1017 1609
242 1483 477
1226 1150 687
462 1615 1814
250 987 1737
321 1612 1348
1200 401 1003
1834 798 389
551 1370 197
237 1155 1888
1648 1797 623
312 993 1537
1201 310 1081
189 62 84
1044 591 1476
1216 104 423
1188 474 1724
972 1141 184
32 780 1693
91 1068 150
1074 287 1467
245 205 224
1821 714 1591
535 368 794
1573 966 746
136 1547 1615
1115 637 936
380 1033 1240
661 1331 299
1870 901 258
727 28 1593
1057 722 1717
949 981 1005
1431 1211 823
1720 372 1473
679 304 458
498 423 914
685 606 536
1040 1887 1297
979 595 1324
147 436 806
2 378 1446
917 1777 1526
1609 1016 655
1707 1692 379
97 1133 1822
583 691 564
211 1420 1460
837 1130 822
396 77 525
1629 1348 1440
517 815 541
111 457 545
1863 459 684
1026 593 259
52 1345 1219
942 187 1398
1871 557 1263
528 1732 931
1050 703 959
886 1332 348
773 1804 549
736 1407 247
478 994 1245
1947 1051 1513
678 1322 206
869 488 976
454 933 1160
352 1308 204
41 1743 625
778 1648 1805
704 1629 1815
1286 355 507
1575 31 1190
208 21 321
1347 1571 574
74 655 331
648 914 1056
780 1440 624
947 189 732
1913 681 119
544 1189 970
820 325 868
1741 1934 1415
113 1599 1092
432 1293 621
1580 1753 1421
460 415 1490
826 1504 86
278 1827 1579
1051 447 650
287 1492 164
1060 1369 1186
1891 335 512
590 1627 1799
411 1273 1706
571 390 1734
1773 33 599
141 1933 143
1 1675 1536
475 682 1468
731 554 1835
1403 342 1760
1181 737 1233
526 883 505
1547 846 1198
1798 1825 475
963 1187 280
1082 1555 242
1923 1838 1039
1495 212 1525
1818 120 1437
106 1921 71
1178 1677 1691
1544 858 942
1168 821 1883
1633 81 1053
1427 1357 403
702 226 1766
145 717 958
1450 449 1058
1906 1711 435
1001 838 1827
735 636 521
349 1736 1786
319 1201 1286
616 1388 818
1239 1057 1376
1567 227 1673
574 803 1632
848 1563 901
499 741 413
1069 764 1377
1449 456 883
1865 894 1844
1357 349 960
172 496 116
1272 740 556
666 1444 156
1712 656 567
1656 843 520
1520 872 350
1599 1653 356
1668 300 1078
1666 1898 1616
680 1157 721
1820 1226 472
1513 1482 1194
1849 592 1137
1486 1618 735
1372 232 1164
642 1685 1275
263 643 635
1781 477 1515
682 275 769
976 1589 1692
1475 1048 983
224 269 598
1876 1767 1123
1675 277 1308
969 879 287
121 1275 555
1654 1450 974
355 500 1413
788 590 620
1611 209 1448
173 693 1816
1316 242 1456
632 929 1948
373 1903 24
1077 1858 1009
159 1841 862
1283 1377 744
843 168 854
556 51 1325
827 1835 1294
387 1652 219
907 471 928
1046 1059 1331
416 1090 1267
561 1533 1392
588 543 360
1637 1303 588
408 1366 1426
1149 1075 1950
314 1521 590
137 136 492
1543 204 433
849 622 1145
710 1206 1451
438 517 1570
469 665 1159
828 345 229
597 1029 1034
1915 641 1225
698 1573 855
818 311 1828
1375 839 1751
226 42 52
38 1698 1630
338 833 1018
424 290 1676
430 1174 747
647 625 1042
1005 1899 1625
1076 1516 151
119 1344 1555
492 1018 930
413 1722 1860
317 1158 526
1145 297 248
1515 1152 995
1298 763 1007
1858 167 999
1940 183 1217
362 1621 591
1377 1274 118
741 41 187
1497 1469 194
1645 1834 1719
793 1448 1767
1936 1576 725
662 1047 1242
479 267 910
225 1512 1191
109 870 1304
625 1877 909
291 503 503
155 318 289
415 1506 692
171 1622 833
1270 309 1149
331 229 878
770 1042 376
807 1077 180
777 86 1940
1054 1261 996
1422 808 1361
1651 1199 1192
1690 1682 587
1275 1481 1388
410 969 281
1768 502 1073
1482 970 431
1554 1113 629
953 1738 1931
1096 1022 905
258 663 1554
1480 736 558
1754 1283 1864
1351 1495 1627
1206 570 303
1759 1107 410
572 624 756
1620 887 601
823 1546 158
440 90 907
1625 604 1914
954 200 1830
1265 235 1414
612 1086 530
775 594 1722
143 1543 768
1598 418 882
713 105 1867
169 366 1539
1471 1191 1581
845 317 1444
1647 1058 1249
585 1475 1412
25 1435 1838
513 1389 131
1793 1628 1332
665 1509 1813
908 307 980
1063 1927 467
388 286 967
1509 1391 642
1412 787 1321
1101 1537 87
43 1658 1521
1706 1538 98
453 1832 1919
85 1575 1247
1193 1162 695
94 179 969
1425 463 1747
24 519 62
1696 1009 340
402 1702 808
1517 1638 1889
1310 1092 1457
1562 1813 641
751 499 1645
1925 333 417
1246 505 1309
1526 192 1687
763 289 1064
354 1168 1442
11 1309 139
367 1730 543
1750 1596 148
646 76 1409
580 119 153
270 109 1809
1894 997 1154
400 478 583
1532 1536 1317
548 213 1522
130 712 1021
1092 861 1091
1198 340 1430
377 102 534
541 1249 925
960 1083 316
1775 932 1143
1203 679 1929
1078 1853 38
779 1374 1066
281 1511 324
1685 211 580
1879 1553 1712
641 116 719
150 350 1176
1006 1001 1797
1618 1441 1623
1689 1779 644
758 39 306
1566 621 128
21 432 1336
339 891 1925
178 279 506
1787 1114 727
1900 1874 1811
1470 124 1528
194 250 1024
229 171 663
1097 695 152
1304 88 964
1937 6 1902
1383 1084 1544
441 1868 1646
485 115 1865
146 1864 61
940 373 147
1653 853 438
501 1019 602
868 771 188
1421 1412 442
1232 132 760
1192 1190 85
1537 824 661
1722 958 1846
183 52 373
1027 1526 1140
748 935 441
428 1425 710
673 1414 117
193 1046 387
1015 382 1113
1799 1185 1550
725 520 1942
1725 587 815
341 122 1387
1179 1683 669
332 196 223
1600 541 235
236 1668 737
1749 782 138
1396 1270 13
1340 1515 103
476 1945 1750
628 1645 1369
1465 820 1520
1343 399 385
543 1143 1335
389 199 169
1289 678 1921
989 802 329
948 1055 1496
1132 312 1366
1306 765 382
1859 1582 1254
1565 351 1730
1315 827 922
53 1006 1759
909 1490 1292
40 1063 1699
1153 1361 1429
1932 225 1497
1295 431 1592
1222 1036 1166
1830 850 393
910 128 604
1824 1234 734
1364 784 997
977 1404 1471
1175 1660 15
394 778 576
1705 937 1246
1342 1265 1239
1529 1636 1548
1854 1430 1622
1769 1534 93
1503 30 1684
604 1037 779
1047 231 827
1695 1061 250
1324 571 341
69 1950 1527
557 1239 239
1336 534 365
970 460 1696
1669 789 54
306 1886 1096
1121 1517 938
1098 44 1084
663 253 1305
1788 1139 1560
998 605 1181
1699 1247 1778
129 1288 502
992 962 1927
776 359 28
1882 1532 1877
1670 1496 218
15 58 691
968 908 1306
340 1359 1938
55 1568 843
73 1000 853
1221 93 1924
721 479 829
325 70 1277
187 308 1634
181 1808 1316
1083 1762 952
267 1097 701
973 632 1675
1158 1811 1768
1345 644 1368
1155 112 1690
1684 1631 286
1041 1489 897
857 668 861
58 79 1362
1694 1714 1103
1904 133 182
1170 1064 1419
276 892 1102
1734 106 595
1606 1718 1850
880 149 394
618 561 751
399 1812 228
84 579 1049
952 1643 771
1843 925 1541
593 402 424
1817 3 877
1067 749 1266
1650 1894 1295
840 1426 1435
1829 1707 1716
233 1528 44
1081 723 915
465 1583 1193
990 1373 249
545 940 190
1107 1216 1334
891 97 220
1331 1257 1905
1816 847 78
1411 324 1341
1711 868 849
1635 1674 318
755 1231 1765
1264 334 609
1527 314 312
1280 146 1897
494 1053 1146
1386 785 274
842 603 1223
1671 1789 221
495 476 1038
450 1241 1214
936 1415 1251
1085 1049 355
68 711 1683
1241 1180 132
1660 1012 222
230 137 637
1062 111 1315
813 1866 1708
311 1123 1027
510 1398 1803
384 747 1350
128 1774 380
1460 1664 1857
1946 1159 1756
540 1131 1133
1087 945 1848
1437 544 680
1176 1294 1742
1828 1352 1040
766 1759 1671
841 1659 1941
546 1302 319
1133 889 900
782 1087 72
1294 1879 1079
791 35 1010
46 982 1854
1783 988 755
653 1893 1661
1384 481 1932
1549 948 1787
1905 1881 488
1305 983 1260
83 1829 1422
149 1013 1199
655 69 1364
431 1432 1594
82 60 1411
252 582 1610
