1951 1952
1392 430 1085
1808 1031 1347
891 1045 918
761 148 1041
646 1743 8
881 1121 1547
281 1745 940
337 1412 5
62 511 1313
980 701 1945
1139 1177 1775
1699 327 1250
1616 80 1805
1047 1785 1855
1000 1070 1683
288 312 755
729 681 1727
1936 48 1270
511 1298 1486
1344 1206 999
221 316 712
1721 953 735
1846 501 56
1619 653 341
1890 1544 1821
833 998 1866
241 274 709
1456 1636 289
1263 988 350
1129 913 962
878 519 685
712 1300 492
1938 1766 750
889 728 80
1267 1138 1841
439 440 1180
1947 1301 875
1637 1232 1539
982 344 615
955 1481 220
1458 1927 1051
1402 25 1899
723 1826 989
844 1017 1399
584 256 209
273 1256 1034
104 119 1349
992 1225 1169
622 1704 1661
1074 1717 1231
803 749 1425
1836 429 1409
454 1203 1470
130 1556 1107
1805 1800 1572
458 1837 23
1712 1597 349
496 1110 1327
1291 1027 74
126 1459 163
390 1915 1928
1742 159 1548
421 1757 1820
1841 505 1538
425 545 1230
1364 295 1880
1570 50 1873
842 57 1405
1763 498 1943
47 583 1472
73 1583 669
1735 1242 1691
464 1789 1232
866 1151 59
1810 24 1646
1243 710 253
312 1111 446
1146 1058 238
1226 1159 1853
17 1337 34
134 1 1652
1405 389 485
448 1643 1303
383 499 1431
514 415 249
1548 36 297
1843 1332 411
463 1621 167
103 1498 657
61 619 1259
851 73 410
1751 400 986
949 1723 132
595 1809 1181
1177 1506 600
1382 632 416
693 1328 1556
1334 364 1397
1011 997 1512
82 224 252
1498 412 1225
913 1002 972
1789 1932 971
58 1883 124
230 1180 1237
231 1682 464
917 718 664
1381 572 740
620 676 710
769 1336 900
154 1810 1477
937 1194 1257
1460 98 601
919 1271 672
1359 347 1801
469 67 1810
1892 1708 543
1630 1914 819
1220 1517 637
1910 1228 905
1474 1674 1783
41 607 833
1708 355 987
635 1231 104
846 1264 1396
1949 17 1471
1403 1333 545
303 1645 1121
1370 880 598
1365 1560 1463
668 1831 479
1124 1752 93
66 1076 991
492 1215 135
1513 39 134
987 1143 817
944 885 1442
926 1600 1703
536 297 1601
1715 1493 577
589 615 858
1006 1804 1500
1902 205 893
1031 417 1586
856 1890 773
450 280 1799
348 1767 820
13 949 1348
1142 1615 862
1041 1201 1762
736 1695 1910
775 1771 489
1312 774 561
680 1230 1655
1483 408 195
307 1945 1864
1743 1608 1558
1678 1906 1670
785 495 1827
319 1112 1092
137 1534 1712
1189 1706 1109
1524 439 60
545 1262 1433
268 602 1708
1834 871 933
720 1428 88
1820 272 678
332 1248 790
1506 1943 565
1399 331 1809
1527 1733 652
1926 787 223
975 1725 1584
1592 822 1912
1758 771 1414
5 948 584
295 595 1295
1772 737 589
1277 1798 1564
603 1258 1862
1441 763 208
75 492 728
533 963 541
597 532 1253
1797 1450 660
865 1150 683
552 336 891
1899 217 1664
18 361 927
1740 1391 1549
837 311 1478
1092 491 1135
1839 1009 1689
1050 1091 155
336 628 219
246 1591 1201
59 384 1949
950 1310 1108
1452 322 1004
1558 673 1875
1858 1304 304
645 197 908
1144 373 915
662 1125 1816
1163 1341 983
1732 52 1244
71 1068 182
760 975 45
297 577 1288
658 1293 1329
1553 294 1202
960 569 887
220 827 1705
1184 1533 1647
321 1937 1025
965 1267 1436
1676 1846 1802
468 1162 196
930 157 40
1860 1724 1541
30 298 774
754 767 173
86 1181 680
1286 691 463
1734 959 911
643 502 1490
1908 910 776
121 31 1757
1180 14 1843
840 1911 1153
57 1090 467
1024 1649 275
1562 1580 1211
590 713 1424
683 1728 347
985 555 1484
1821 794 78
671 688 1590
1738 925 1537
903 862 340
434 1199 1363
1114 836 488
843 1552 1335
393 1059 1435
193 1772 923
624 300 1602
358 679 1468
1508 345 85
194 1861 1159
1354 939 1492
634 186 100
1837 1528 76
1582 850 519
280 776 1183
1799 1197 1895
1095 97 1543
249 1520 1506
1015 365 1668
1355 1741 461
418 1718 468
206 1671 1752
1432 724 1856
461 1252 1814
1749 1646 621
224 78 1848
892 70 384
1776 1422 1475
1341 1594 974
8 874 988
1212 1866 1747
830 548 1639
1933 682 556
1608 1518 1714
653 1145 233
344 243 1796
270 1213 1868
419 1514 886
446 1014 635
762 753 671
1219 887 456
1022 829 944
1002 1368 1411
1534 766 1162
274 614 1525
521 846 1124
25 293 798
1308 1529 1738
1844 82 28
1539 1403 1889
989 1365 515
1290 89 1644
510 12 1304
922 1093 1568
473 1429 1483
287 813 398
255 451 86
1748 1801 852
1191 112 922
1485 22 1118
867 1226 641
85 1777 1103
1736 1825 1371
1120 1054 202
560 884 1579
740 1436 1634
1584 1632 766
898 649 1326
899 381 1522
1549 955 1273
237 1022 1498
1115 1279 765
256 1860 1143
513 1799 1583
226 428 366
1471 1793 1635
1285 1941 386
320 257 431
1040 1574 847
1423 15 1933
286 1211 871
1760 1892 1346
1270 1284 954
947 433 612
789 232 1012
127 1607 829
1466 1577 1217
1183 514 879
478 589 1428
746 456 1178
1893 1679 357
855 1131 958
1500 1388 1134
74 1503 1382
1747 213 1360
1396 629 1618
1925 290 1701
21 337 397
499 1161 1068
1241 487 241
253 281 24
22 328 822
538 1053 1423
1545 206 1950
943 890 1571
1728 1411 877
974 1320 236
1178 723 498
1433 1089 57
1850 1691 29
1856 784 1163
814 1898 1936
1516 55 668
773 1350 1951
703 1479 787
990 1848 1235
715 1063 331
1761 1276 1243
791 658 1632
1059 223 1728
988 942 1233
402 1467 1110
1764 1727 1073
409 139 367
1768 697 382
317 1108 315
500 508 364
692 454 939
379 786 1769
219 1502 1238
1253 1410 1553
300 1823 724
1110 968 1665
1065 587 1921
507 1209 596
1912 995 957
774 475 1585
938 1190 1922
575 84 1150
215 684 495
331 1060 950
479 904 365
1438 716 437
999 534 267
669 261 592
275 1243 317
1724 1760 1641
1791 1109 706
1705 19 1454
1416 1855 809
748 461 580
1607 1908 1626
561 1540 1612
1238 296 1903
1617 1701 726
1793 370 1493
1690 1227 338
1206 562 296
23 1071 881
1546 1188 1156
1104 1650 1528
1446 550 542
961 99 1372
751 1013 816
1664 387 1132
1347 1043 1105
1663 500 428
995 479 1332
838 841 1940
1469 551 91
1486 1922 87
1682 1732 507
1172 81 1901
78 211 1456
1004 849 1119
416 111 96
1151 1335 491
133 524 650
1494 182 477
1064 1874 1778
1635 740 1600
1478 27 632
1467 617 1807
1306 1137 1832
1795 402 1797
1289 1797 1247
420 1631 1322
1181 142 407
1673 1639 722
159 371 434
329 598 318
373 1735 1693
1195 1815 1090
1397 1461 430
606 1550 960
605 1875 1443
742 1680 383
1363 1620 1473
1662 1537 1723
697 335 457
1038 982 800
1610 472 1033
1652 51 924
1767 123 538
664 552 616
1029 1169 77
1638 570 723
1204 1229 1036
544 221 1930
1043 189 1754
355 1038 1573
555 1910 1062
1623 1003 793
472 1433 882
1424 116 1599
1053 291 281
1199 95 440
1444 730 813
50 981 1840
489 1327 1133
1484 385 260
1665 692 802
46 1551 225
483 1288 106
548 460 769
577 971 994
260 974 232
978 1377 261
1417 1469 1200
1636 1554 1394
301 483 1830
1576 1448 805
1451 1659 564
1421 276 480
1906 1239 1055
95 1876 884
585 1075 419
790 352 1039
40 1569 131
1342 671 474
1033 923 699
1574 304 1407
540 1803 578
285 565 1255
726 1939 82
539 1750 1216
234 845 1557
1904 980 243
701 908 152
679 401 823
1781 536 417
1706 1299 32
1293 1838 745
610 496 1129
1350 309 380
1693 1183 1674
1373 1726 1317
444 924 348
1037 414 585
698 181 1361
1704 178 1271
873 694 1503
362 242 1137
1674 485 1932
1615 1240 1779
1127 62 1406
97 1030 412
481 877 1126
1777 254 1070
1842 1656 1172
343 275 581
727 642 1177
1228 1340 1911
146 927 964
1319 244 291
1497 380 1080
594 1189 1654
1900 1339 599
857 1660 254
240 1684 1052
652 819 1429
1122 568 1758
639 633 1516
1103 160 1149
780 32 1684
1462 793 1917
677 1329 738
1784 1843 604
1080 1716 1089
673 1033 1476
411 893 757
745 866 590
885 127 1466
520 894 963
412 449 1026
1278 1454 788
334 1737 1924
84 613 444
1434 1127 1390
984 263 1377
1694 366 184
318 815 402
971 1813 117
400 21 1096
305 854 127
1013 1474 1909
735 1237 1117
704 1056 708
192 245 1410
140 277 1659
583 1907 843
796 226 1355
1258 560 1187
429 1477 743
1886 349 1286
1280 75 273
153 1948 1097
313 1761 841
537 803 1204
1283 468 1937
54 1806 153
929 809 1766
1519 1192 1337
186 1755 473
382 1273 170
1509 1721 801
1360 1115 594
531 768 1245
487 751 1574
1512 87 1774
177 168 1598
1014 804 597
923 775 906
1538 1080 1191
1318 486 1199
1164 1895 1261
1375 1408 140
836 1570 483
1216 596 1056
1716 390 391
388 1356 511
614 1078 1144
1123 1839 1227
1868 1331 177
174 265 499
1132 1676 1228
636 574 1829
872 1571 1449
1528 134 179
1383 152 532
815 1311 1016
263 1802 385
474 1309 1116
445 359 567
1937 695 1902
259 879 375
239 1870 572
1409 826 129
1725 315 518
1849 1432 95
568 738 113
1188 897 642
364 391 1919
1305 1297 528
1250 769 967
733 158 783
1165 5 1260
1811 504 1465
621 1590 1165
825 828 1179
353 1592 1482
1082 1566 324
1018 1891 1155
824 59 1279
1746 1294 39
884 1124 445
1294 1729 1828
227 762 1014
907 616 1417
1440 1844 682
547 1778 265
1877 663 767
1236 1413 1787
251 636 1510
1023 1419 1448
821 210 899
556 1697 782
1787 437 1314
1328 319 1024
1352 1812 1046
928 1664 1184
105 13 422
1377 1023 1364
972 1740 1610
114 65 279
1651 144 1018
1826 1784 119
161 458 856
1660 1872 1445
436 1233 925
809 162 301
945 1936 602
1639 250 1948
106 1319 1032
1948 1244 1944
953 863 1367
716 1019 1696
1579 1950 690
805 708 931
225 1440 418
839 648 1658
1914 1064 172
322 246 1302
9 1266 1328
1488 1134 902
1262 993 1867
776 792 89
806 1095 1887
1152 357 760
1093 1343 186
277 251 1554
100 1051 1847
630 1149 1091
1287 1749 107
602 1833 1282
721 1567 1171
1271 332 1939
861 1011 353
1067 1814 71
1792 220 1350
1389 1763 280
213 1007 114
1086 1562 1412
1340 647 703
119 659 780
214 1146 1650
257 1510 1751
1557 1509 168
179 875 1608
72 204 224
1362 1775 1291
243 478 620
1942 231 187
52 919 1266
69 1699 31
293 45 1252
1552 1522 1781
1863 1039 718
1590 900 1206
1005 1466 648
650 193 1309
269 1504 1513
124 110 1283
816 388 1220
1159 725 1514
681 1894 1416
591 1928 997
1415 637 1258
1632 1758 481
1200 516 1285
264 441 1508
1078 1482 1502
702 627 674
1400 1034 1813
123 128 1474
1788 1050 388
505 1105 1356
1332 266 548
619 972 27
1911 467 109
956 626 1575
1880 1715 21
1230 1642 1842
546 1912 1311
1010 1655 1315
453 1665 1219
169 1302 794
558 1862 688
359 1460 1656
616 747 1653
1493 93 1467
151 672 429
1346 1074 447
682 83 372
115 1929 1366
1385 1122 395
1526 341 1791
1865 1330 183
788 192 890
298 1136 828
466 1208 965
486 821 1636
1316 423 1845
756 1439 772
559 824 22
1042 1088 1786
933 1805 1768
1857 1355 527
33 432 1914
973 124 108
1089 722 1623
1668 1313 1851
642 1470 554
529 1404 1648
566 1245 493
1326 932 785
633 1142 1603
519 323 771
526 1933 1685
1185 374 33
722 748 1439
1889 1603 904
7 704 1400
550 755 1844
767 1734 16
1174 1816 1432
1428 588 531
1589 1421 1251
724 873 1100
1182 1223 659
163 510 1527
670 1505 1767
1167 1593 864
1214 1541 1617
28 1572 312
1232 1072 307
1085 1316 622
349 1447 1535
1887 481 465
1231 264 1819
156 1025 748
361 1359 734
405 333 145
1935 1186 222
522 1191 1277
705 685 228
1268 1345 778
476 1257 777
936 592 1607
1090 1364 675
1338 153 1869
145 922 627
1658 1864 606
1717 154 1863
1578 1087 746
1393 696 1125
32 1005 355
530 218 536
1918 564 1621
112 700 169
1479 1578 830
1755 1657 921
1481 1379 453
1572 353 717
397 810 993
996 9 1389
1431 518 1587
1235 1218 287
757 856 1072
1116 650 441
200 1185 566
731 599 462
628 1476 1808
1449 96 1593
613 1449 472
135 852 1741
1945 1675 1501
957 594 1637
649 1314 390
208 1334 1408
1675 1352 1942
172 1640 935
1626 1565 458
1036 644 1061
1591 765 1193
1874 597 404
784 239 136
451 53 1876
477 252 118
1684 914 147
1697 579 1926
1256 1627 342
1264 1077 490
1210 1128 1776
1414 1808 1384
1940 872 1276
918 1174 835
691 1086 730
1864 604 326
1720 639 791
1335 199 1622
1922 1605 1633
68 554 122
1324 382 857
1339 1845 827
732 522 1730
1298 34 1488
1774 1690 1403
291 1168 1318
1126 1456 1916
1540 1269 558
966 436 1782
942 608 551
569 183 897
406 1919 1931
424 1000 1127
666 1117 319
1001 1386 1925
49 851 1891
1454 958 1662
711 1444 1444
70 140 298
563 299 1437
1819 1160 1281
1057 1285 1195
1812 1057 638
1140 1611 834
1109 1101 141
1299 1295 942
1535 1018 1284
1711 1278 1722
1069 1794 149
1944 1156 1138
1691 1008 763
1153 1499 1731
1605 1830 1194
1604 1200 1947
1585 343 1906
223 1141 1877
94 219 888
706 782 321
728 732 1331
1828 1918 1354
165 1324 1764
175 1196 37
107 1164 1706
399 1612 346
686 1638 1818
1928 553 328
1166 745 1175
793 1351 399
983 466 454
1550 66 1561
1729 937 476
455 797 1649
874 1904 278
879 907 213
504 450 870
1136 909 896
1568 743 729
247 377 188
79 1878 1122
11 839 143
279 1807 917
1254 305 1038
282 1099 889
1060 196 844
65 477 1084
396 100 626
553 1066 110
834 320 1020
750 1289 655
647 1507 1534
142 1475 752
1201 693 120
1442 1446 573
1168 1463 1099
385 1423 203
901 398 1208
413 1094 1385
442 1065 226
198 383 980
176 847 1460
1307 1235 1203
1155 212 204
1107 1828 1619
1234 1770 894
1876 1521 3
1249 273 1321
1490 898 1734
1292 833 792
518 1647 299
1094 575 246
1035 1405 443
725 1259 640
3 1917 1822
157 1886 190
852 1670 992
484 1140 1886
1217 1222 1882
470 1879 649
1198 961 1519
1522 1648 166
376 236 1254
199 1887 812
120 531 946
600 1913 1214
81 902 1804
572 314 368
209 1418 7
1320 493 1450
1336 1700 859
694 1494 1616
1055 1905 282
1563 56 1935
592 976 936
920 234 1071
779 917 1833
1244 726 981
1845 1712 381
959 473 1262
1779 262 1718
31 593 1236
893 1759 323
1627 1942 1040
244 1858 1457
713 1220 376
296 470 332
325 1193 1293
190 1921 435
1853 1306 1908
350 1840 30
787 1673 534
1193 1367 514
845 635 731
1661 1020 1028
1044 1696 605
1703 1167 1530
588 443 1480
371 1354 1307
1470 29 103
265 515 102
39 1681 1520
370 734 269
1941 651 1418
1192 30 1589
1672 23 1596
340 379 1676
1600 1441 1504
465 540 912
931 1714 949
143 916 1013
333 714 206
1353 1378 1157
659 611 1426
1473 445 92
144 1132 123
166 1224 270
34 1347 43
1246 1024 1112
460 72 133
1657 1930 928
389 996 795
535 403 466
1503 214 1559
1121 1374 1666
1322 267 697
1125 1595 1740
1300 1212 20
1567 983 1324
1753 858 1677
42 960 1681
798 434 1551
98 202 200
1017 1483 1884
1580 1834 1031
1599 825 1905
549 411 1680
207 1202 1581
826 1644 1088
1754 431 1952
1237 1791 325
1367 807 982
700 1148 618
1260 1338 1176
467 326 591
860 1847 1743
1100 394 636
1240 1819 1679
110 338 901
498 1417 1760
304 269 1485
488 105 1918
1275 1349 629
1862 44 216
490 1372 535
203 1079 1755
1131 2 966
1325 1268 1336
415 660 1419
941 109 1006
1366 421 644
902 1165 442
1510 480 46
430 689 1168
76 465 448
1128 1360 1620
876 1265 895
438 179 478
1430 40 955
770 946 4
1313 1182 1226
1647 985 1860
289 977 1638
801 1559 1566
665 132 630
904 457 1241
1259 559 1744
819 393 1082
1569 867 1339
426 1234 41
1544 920 520
1625 788 1595
927 729 1710
1379 253 475
1169 310 579
1242 926 1746
912 542 1702
1087 832 1145
1782 282 1697
1111 1210 814
1915 209 452
1406 1854 1077
366 1119 1229
1119 818 1223
394 652 1365
1689 669 1927
1384 1097 339
1135 342 1147
1667 208 509
27 759 947
1575 571 799
238 1492 363
48 1308 1182
170 1832 1196
90 1083 1941
997 1617 1063
1656 1489 1699
482 404 1341
1919 876 516
1190 709 1580
427 526 1049
131 1542 1552
250 1585 898
1903 1158 1
1455 1401 1592
1333 1863 1453
354 778 1010
908 77 529
979 706 433
1390 1596 663
699 584 160
216 321 1687
1866 1614 1900
1371 1438 1823
67 1568 544
707 18 557
152 844 1351
574 657 907
1741 1465 759
1459 1584 1120
710 43 1713
1670 817 302
1072 1166 1308
191 783 406
864 802 1391
1187 1468 54
1112 835 199
1227 1187 162
1411 1126 362
1388 237 1831
890 1363 990
1833 1630 1660
579 720 1148
1221 1323 1682
160 1012 593
315 777 547
1096 1934 300
1030 680 415
1714 986 1101
1311 1776 128
1654 1606 892
210 984 1594
1202 1849 286
1565 1781 786
197 785 508
1564 1920 846
1007 1398 1726
1913 464 494
952 1951 1578
339 1856 1719
1778 1415 405
542 582 460
1105 1782 333
570 1249 193
1118 881 1625
443 1184 503
1461 814 863
1679 712 1464
12 744 1793
1707 1041 1289
695 622 1630
868 901 313
1618 405 582
1807 459 1059
977 1129 1469
167 869 1069
1068 921 1114
598 1120 524
1531 307 379
164 990 1540
1851 1157 1565
847 717 231
1769 878 1735
1702 171 613
1407 1326 400
1547 834 984
1296 1451 1160
714 47 250
684 687 1158
1046 1563 1487
1027 703 284
601 1530 351
1916 1889 1673
377 573 609
1790 58 1246
940 1400 1765
1920 1424 1035
911 1753 48
1395 289 1264
1594 798 666
1598 1152 510
1314 603 1455
401 1900 1489
1554 1490 880
1137 905 1015
387 1512 512
1049 471 330
1802 1434 610
306 662 36
4 284 94
212 409 1074
859 1867 255
532 1396 631
1372 1385 1388
356 1457 1837
551 1536 553
437 1658 1692
1276 1705 1310
810 530 1479
228 918 574
188 1205 1715
623 362 815
1425 1104 866
625 1626 855
1786 780 1075
1284 1730 1569
771 225 1724
827 1519 575
1145 255 469
292 1635 197
1806 870 212
1016 1852 914
1872 1420 559
1593 1543 1383
1677 886 689
1556 1431 1359
517 113 909
1681 1292 1663
302 1515 1378
1644 1395 234
506 184 1686
290 1179 1836
1898 1170 937
1088 503 1395
37 899 486
1063 1842 327
1927 1903 1507
1840 1683 716
342 1307 694
541 1774 1605
617 149 1515
10 215 1065
1302 1625 1325
1537 800 101
435 318 1042
651 686 583
1583 930 586
1056 248 1064
326 581 65
1641 677 50
1315 970 73
1422 1207 361
136 1261 1379
1443 1178 356
236 715 953
1643 1925 105
1718 1669 370
368 188 1690
1602 678 1267
1762 1822 1047
528 978 1732
850 79 358
870 1173 207
1847 761 568
689 1348 1166
1757 521 426
969 169 1274
932 1787 1296
644 1634 12
808 207 758
1171 739 686
1218 233 185
195 1382 934
823 54 484
1669 1062 1784
1387 76 112
254 1250 698
1879 609 90
763 620 607
284 325 576
909 528 951
1435 1884 1923
384 1069 1170
494 163 1920
1348 418 684
1838 1579 1240
1823 699 1380
1447 1602 1375
565 1786 18
1687 646 501
457 395 1628
1901 378 310
309 46 1248
1081 1366 1720
578 525 826
1327 150 775
122 1004 1812
24 1497 614
696 882 1759
1450 1779 854
168 129 665
403 912 693
849 42 860
719 425 700
1133 1370 555
734 444 1438
1222 1703 210
1032 868 1141
875 1032 1879
1504 915 681
1394 115 1849
1245 830 959
258 1116 1511
1045 317 178
417 8 1249
576 63 1645
475 895 1343
1106 145 1883
147 1375 1780
1943 1926 1451
648 330 653
233 664 83
1613 721 293
946 175 1373
1465 375 1721
45 69 970
64 1393 1104
1532 61 691
1525 1414 1189
858 1282 714
63 945 1526
1476 1901 9
422 640 628
1058 558 715
497 238 1794
886 556 497
1559 1496 839
580 187 1499
1780 544 1839
611 1082 919
854 811 427
882 60 1892
1543 308 1000
640 1902 1224
1380 1106 308
276 674 58
1698 1835 654
818 270 211
271 1425 1509
1609 372 872
1854 1114 408
180 523 1861
19 1947 1398
365 228 244
1176 35 1029
739 1488 563
795 1666 1640
848 1736 1050
1770 1135 1729
894 931 1079
1491 957 1550
747 1622 1298
491 120 1894
1633 1672 1678
1418 991 322
181 566 2
1611 1881 148
663 141 47
278 655 670
743 956 1098
1739 1371 1672
29 906 1748
1614 20 873
1211 118 552
1156 1768 707
1034 641 1669
820 313 1458
1701 1484 1207
1895 1899 335
91 1321 500
20 1362 1562
1835 951 242
627 506 633
883 3 1066
150 1546 725
1831 165 646
408 1575 1609
471 1246 1597
1158 1713 1529
314 1871 303
252 49 403
1897 1026 1305
1499 1573 1800
449 1610 1269
1869 1888 1859
685 1037 540
1303 590 1210
1496 864 1234
141 356 1268
1515 1081 1657
1521 258 334
916 892 1205
976 711 825
428 507 910
508 227 1441
1713 576 1897
895 216 1185
1337 1896 796
1648 842 539
1251 1587 1106
516 586 1874
1489 1893 1803
921 840 470
493 789 1215
132 1085 125
1640 621 98
380 1344 1334
1581 1742 44
958 1795 753
205 666 1739
672 883 1560
1066 865 838
363 933 1834
452 1677 68
1141 756 506
1629 1829 482
155 201 810
1595 1882 52
1566 638 549
43 1769 283
690 1558 673
432 180 1495
14 453 176
89 1545 1462
1848 268 696
1814 229 619
1631 1661 975
1726 741 1030
1620 754 1695
1357 805 1737
324 190 1742
1800 1171 343
749 1217 235
612 801 51
441 114 985
1361 1236 1536
102 539 329
1463 125 521
1075 1877 1606
1852 1586 84
1733 1442 756
1511 1055 164
1587 964 1870
398 557 245
1505 292 217
1154 249 853
925 1710 1287
991 416 751
1645 1016 1929
1495 161 1386
139 1762 137
897 1430 436
609 1637 851
1288 624 639
1888 1857 1878
1475 1836 1576
607 1028 625
765 194 588
92 1452 941
841 969 1301
480 541 1750
1822 736 1087
1194 488 389
906 103 1173
951 1678 414
327 419 956
1730 1501 1358
954 360 1688
1871 1618 913
1773 420 1792
391 934 1415
431 853 130
117 1923 1139
656 1756 608
1062 857 533
1404 92 721
1855 1312 248
581 452 1146
862 185 53
1205 1720 126
1464 1557 70
184 1407 438
786 1731 705
1008 1204 268
1437 167 530
599 1780 111
709 610 192
351 702 1190
1921 94 969
149 1601 1770
1266 1555 611
1102 1214 295
187 668 237
772 1303 1022
1597 1685 19
970 1176 1161
375 463 837
218 1841 1174
459 1175 227
96 1238 1567
1514 1241 251
641 1480 396
99 1296 1497
1520 240 1413
109 799 1591
675 1516 1494
1150 1290 311
1208 1272 1319
456 1046 142
1261 903 807
1825 645 702
116 476 502
1861 1539 979
1274 350 1907
1692 760 258
369 670 1218
1875 37 701
792 733 1330
863 1641 624
799 1711 1294
1907 363 99
1946 1687 692
543 891 695
1052 1384 1222
93 1616 523
1612 1486 1667
1021 618 1704
1445 1698 932
1700 1598 973
178 1652 1885
1161 1473 309
896 601 1570
1873 600 1761
807 941 285
1039 1274 1312
1297 334 761
328 1792 401
35 1653 1370
924 1260 968
764 929 1611
196 1654 1838
661 117 1888
1368 1885 903
173 1722 768
1878 1783 1427
632 935 240
564 410 64
1622 1853 38
1265 1747 1151
1601 1247 221
604 1118 1717
36 1487 257
1091 543 1772
515 843 1771
1419 130 1716
1745 727 6
812 422 62
527 1123 191
1295 1373 1342
1213 1409 1003
1134 1508 1083
378 1369 371
759 1719 661
586 1270 1613
1239 1406 97
1386 643 487
582 1859 157
1025 1154 995
1247 1390 1402
777 795 883
372 535 1362
245 966 1825
822 1667 180
797 1547 1152
1148 494 1045
509 1318 1491
101 509 294
1130 1633 1197
1413 1619 1523
667 1576 345
753 1255 55
963 1940 451
1429 1061 569
1356 1532 711
485 1107 1447
1794 339 1857
877 90 1130
1453 1689 305
1571 1048 1081
1696 26 1009
283 936 1871
1427 1133 314
16 396 174
1606 1139 377
1577 279 144
964 399 797
900 1029 1756
423 1221 976
800 351 239
235 837 1496
1229 634 1086
15 86 804
676 283 1123
1824 1788 1053
55 580 977
308 999 1369
1809 260 571
1448 1040 455
688 278 421
981 413 139
730 302 247
802 764 747
660 954 1753
1719 1869 1221
888 1526 1430
386 1599 779
1098 108 679
1766 1113 1368
1051 135 634
222 91 1531
674 1491 393
1934 16 1555
817 1216 1826
968 164 1651
1759 369 943
1555 301 764
202 1709 336
935 806 916
1586 757 1037
1448 722 789
311 176 831
654 1042 741
1905 1096 1763
1529 1387 1136
1209 950 392
1923 1453 1896
1588 661 1272
1 1686 1872
626 131 1142
335 992 1811
1077 489 359
593 259 832
1028 1531 306
1157 200 316
395 1437 732
1162 563 808
1688 1251 1044
525 1317 272
56 1172 1338
1723 567 387
1304 1358 1938
1378 166 1745
125 1427 292
829 735 1297
189 987 75
1084 513 215
267 520 744
1248 174 885
495 812 676
557 1253 1615
1896 1561 81
1272 1478 720
51 1381 517
1457 1738 154
1596 1462 719
1281 143 1381
1815 1549 651
615 967 550
1756 1416 1113
1603 1931 49
1530 241 850
1179 137 1209
986 1629 189
939 994 373
1628 1281 996
831 1865 1517
752 848 259
1410 512 1357
1561 447 158
1343 952 1790
201 1380 1352
1436 1325 1164
1882 397 496
1796 104 1795
1097 1130 978
1830 1500 1001
229 122 1345
1775 1353 1019
1507 424 1008
248 896 1002
1391 1155 1115
1832 1663 15
1686 138 525
6 752 749
1909 10 1212
1817 106 1093
346 469 1459
1019 136 194
272 455 1239
596 690 72
1358 354 1188
1541 947 432
1225 324 1852
266 1582 1420
129 1754 647
1487 630 1060
360 1402 1806
1659 625 1078
1026 151 1893
994 1821 337
741 1818 1058
967 484 138
869 1765 1518
261 407 214
637 1688 876
1147 831 1881
1653 1525 165
828 578 1773
1501 1916 1054
381 1613 1850
1439 286 161
657 537 1102
1330 1277 274
1867 288 1192
83 1394 1546
832 1305 1542
1076 1751 952
80 71 1131
128 368 1275
1279 631 1306
1099 1263 861
1310 606 439
1345 438 1198
1472 1623 1854
1223 859 1128
887 1092 17
1950 74 360
914 973 1340
1870 1021 836
1012 426 865
608 1383 1242
1827 750 1890
148 173 920
534 1163 1154
1149 1873 1749
1939 1820 1421
1891 1949 288
1203 85 1401
1813 1581 998
813 1946 806
392 1254 1422
1727 170 1017
1426 1495 1048
1480 1084 1643
111 1589 1057
1309 1662 271
1160 855 1353
1785 705 1736
717 1052 1452
77 529 677
737 146 262
915 1445 1604
1816 247 450
1621 1322 1027
171 68 1588
1884 7 229
53 1746 522
1398 746 1280
1829 656 1021
1798 546 1524
1894 1535 150
708 177 1624
299 1651 874
1197 1588 1167
440 1315 562
1073 490 762
1885 770 737
778 1851 369
794 126 1481
310 346 1545
1173 1524 1544
1083 989 1709
678 772 570
1207 33 11
768 1399 824
182 1748 1858
1930 888 420
1650 1006 505
573 790 1300
766 1811 687
357 1044 842
503 64 121
782 719 1256
1744 348 1934
1317 928 736
108 943 623
1175 102 1824
1518 1692 1913
217 1067 1671
1542 665 727
183 358 1461
1351 1513 1140
1054 1458 1316
1502 561 1675
1071 1850 276
211 406 425
853 11 1898
631 41 146
1801 1773 1374
501 1098 115
998 1195 218
232 1553 1393
655 392 938
1771 462 13
1233 1443 1698
407 329 423
1269 1790 803
1061 1764 171
1710 1935 116
1070 1523 1631
1951 1346 1278
1255 156 704
1009 4 264
118 121 1846
835 1001 205
1859 1219 1946
804 517 878
1273 1036 770
1108 1924 63
60 287 25
1655 235 926
1257 1389 1095
447 1827 1788
242 1035 1563
562 1147 1614
1252 1455 159
1482 1426 617
1282 861 587
758 133 471
338 1609 1111
1695 1693 424
744 482 948
1709 435 1404
1196 731 1865
204 1668 1213
587 1103 1186
1401 222 1532
523 446 1320
502 938 459
1551 549 35
1323 1283 713
1642 155 230
718 538 754
1683 230 733
1680 367 1815
345 758 662
262 1397 266
44 1471 1292
88 1464 1711
162 1472 742
1138 1010 1694
433 1897 79
1560 1049 1725
113 1485 14
1929 667 263
1143 1286 1577
374 1628 1777
1329 965 1376
738 474 1043
294 612 1333
554 773 181
1881 306 784
905 779 156
462 860 1835
1369 1361 26
1117 1102 656
1671 1392 277
347 303 781
1186 101 1434
948 675 1582
1374 838 1629
1224 1435 67
1917 442 1392
1765 791 201
1523 591 818
1412 1047 869
367 781 1446
1883 1287 1290
1215 285 66
1666 1100 1707
1468 605 930
1722 172 1299
1685 911 1005
1349 195 1521
783 1624 929
1048 1153 658
1536 1073 1533
1783 823 290
1020 1707 1733
87 88 849
1376 940 1323
1803 623 1700
512 1604 1344
1931 1511 256
1492 979 1627
1573 707 1387
1517 944 1798
158 386 42
1932 147 1094
1624 654 413
1170 28 595
567 1824 394
1649 1198 1915
38 1015 1007
1533 376 868
138 6 1505
1408 191 961
1737 1817 546
1752 1739 151
1301 1538 513
687 1744 175
629 527 1789
414 808 739
316 820 1904
1321 1280 840
26 1796 526
1079 107 1023
1634 1357 603
1113 203 1265
1101 1527 374
993 1938 378
1804 796 1263
404 497 537
781 962 848
571 1880 821
330 698 1067
1331 1702 61
1731 1694 1440
934 547 449
1477 1909 845
618 1291 504
341 1944 320
1750 1868 1785
185 742 945
871 198 352
880 585 560
910 816 1642
1646 340 667
410 1144 409
638 1548 1076
811 533 811
1818 271 69
755 427 645
524 683 10
1003 1376 1817
352 448 867
962 38 643
1420 1342 198
1924 1564 344
2 1275 354
323 889 1011
