1950 1952
1359 597 668
306 1814 425
1489 536 630
1515 1627 315
861 1279 1664
72 1520 972
190 1551 1515
53 1358 681
1745 1068 1218
1422 507 1374
1202 1466 952
1664 927 359
875 236 775
1333 484 1924
374 519 169
211 1201 1946
1511 92 1442
1739 1460 611
1501 1235 99
1893 462 270
1207 216 593
1778 1822 1518
45 1931 1797
248 364 350
1230 1514 57
1841 1792 509
1543 1717 542
771 1677 1731
899 1107 1062
163 844 1563
1945 387 966
1675 382 1423
1077 544 419
1656 1640 1388
430 1908 1733
1583 1588 1095
49 1592 1795
1637 1333 358
305 1288 1312
651 1698 340
620 430 1920
777 707 539
1770 642 1216
535 1000 1460
695 264 224
1076 1383 1699
1216 374 1578
1112 456 1023
501 265 501
1865 1337 635
1328 1526 843
674 1447 1899
744 1083 1812
297 1241 1497
606 581 1363
1654 1231 869
1856 1040 25
160 1465 337
1204 764 156
1062 1862 1220
1819 1851 1389
1506 1490 1930
1809 846 1280
774 1731 646
132 601 1111
1851 1621 1299
955 200 1120
1088 1541 1769
637 1890 1750
789 1308 1379
525 1598 1298
1288 690 1214
48 1791 1141
1282 493 436
54 1669 1608
507 1401 772
406 830 1833
792 1399 522
880 1429 575
1943 1923 1693
801 1553 1642
1298 1282 507
188 1745 628
1287 58 1373
1064 1368 717
1532 495 941
239 745 1066
1597 693 879
402 776 648
1039 1726 119
1182 1434 288
1902 45 1055
185 890 1735
285 934 624
1944 591 1631
1932 333 1870
658 1527 1551
1083 321 269
1601 1450 19
1591 1422 1929
1106 652 1450
1822 952 742
467 1601 1689
512 250 217
1784 1914 1024
1564 761 391
280 1647 1703
308 1100 1492
864 391 1879
816 530 632
1408 656 769
950 1387 1685
802 959 1644
352 598 1670
765 90 932
881 1470 394
1313 1034 862
1304 708 870
805 22 90
1 166 544
1056 496 1679
1853 357 232
1899 64 1714
2 150 1131
1622 1454 834
647 1902 1130
96 1509 1743
354 551 615
1371 26 1667
393 1802 434
593 1328 252
1080 818 804
198 1262 561
1020 713 1084
917 1893 310
559 852 1288
50 332 1848
1178 931 825
753 365 417
1706 140 1351
52 1505 1085
225 778 967
846 1685 821
878 603 1059
1082 1413 1547
699 217 1873
348 1346 732
1781 903 1314
1645 646 1698
1137 1751 1208
916 1384 1909
570 351 1348
12 372 1307
1537 964 1636
1848 557 1811
1174 885 59
1472 923 756
907 1696 896
1401 1560 1409
1756 805 383
1927 629 1887
1264 870 1493
1098 1457 532
1725 1315 588
1703 553 1686
1834 1293 1159
30 768 192
1938 1044 244
209 401 15
1569 1603 687
1391 1783 508
1183 1913 1851
1676 1261 1426
1888 1868 397
982 1495 1271
203 1364 1022
279 1610 1837
433 218 554
407 368 1361
1484 862 1641
1521 944 1813
542 1656 663
1788 1405 1222
1612 1500 1559
357 371 878
1701 157 510
1242 933 1589
466 1247 1151
1603 569 1927
840 500 995
1714 720 1773
969 1433 167
568 531 816
731 1725 1112
683 772 1678
588 1809 500
121 1374 1080
81 611 1310
1925 995 1237
331 1138 764
1296 1864 537
1504 134 685
1043 370 504
1525 118 418
834 714 634
364 1623 550
1163 1212 1914
454 1096 1349
818 1688 1496
1308 1830 1579
97 1207 384
68 1267 304
1399 1260 1083
442 479 1383
1791 1645 893
826 240 768
161 566 104
526 1412 712
337 1011 225
1801 579 1219
33 1570 1441
175 1437 1459
587 1713 887
646 299 45
138 529 219
967 76 845
1824 1203 1041
625 55 1015
518 991 692
16 455 1614
1417 1312 1029
661 1351 122
179 746 1432
778 326 923
1176 5 1915
128 961 338
532 555 336
582 56 1411
664 703 1269
1343 1372 1732
1179 1129 1291
656 1296 1284
1335 1197 1228
1522 353 168
1866 1636 1789
1011 125 706
1180 1648 1522
1246 1478 623
772 956 738
1086 1148 493
489 607 1672
911 1335 131
1488 1425 466
73 1394 431
1385 1359 1569
135 1248 516
1065 808 757
1213 309 1422
720 57 407
1596 874 1822
276 442 1011
1250 1712 376
1069 533 762
1545 1813 526
1172 1529 1566
605 1407 820
1260 1937 1047
1736 1654 312
1752 358 98
1744 1561 20
266 576 1740
1467 229 411
307 790 1054
1758 1874 860
206 777 745
116 1476 382
1001 1888 1069
1388 18 406
1536 716 1666
672 1218 839
1462 151 1472
1889 431 558
1268 1136 356
13 354 553
1133 340 700
1018 1480 1170
897 796 1198
1114 1944 91
1451 517 400
1724 1133 355
1787 303 1036
1101 1185 1857
871 1128 1756
156 1038 1040
490 330 1421
1412 417 566
1222 306 323
1524 1084 1254
1197 497 1634
1346 380 1656
1704 1191 1304
1754 143 645
304 1661 957
1914 1151 212
461 1662 867
9 632 330
884 212 1042
537 1303 1776
380 469 370
659 1395 135
1680 170 808
137 1253 268
557 1095 751
281 1635 854
962 602 4
1631 1317 1728
1728 1363 1038
1257 786 393
961 1289 464
1317 174 567
104 1134 665
148 1622 600
895 1276 297
813 955 1116
458 1634 1302
1175 839 924
516 649 1230
259 1877 698
176 1682 1081
1094 427 306
1832 155 1524
632 1329 841
836 565 1648
1619 970 844
1189 1485 1186
1594 168 237
1138 187 58
1748 1304 236
57 1508 1755
887 561 40
1585 895 1487
626 635 1858
1228 521 1540
797 173 979
956 626 1847
92 1087 1665
67 633 1358
487 189 1408
482 1943 1079
1170 87 24
1528 188 1431
1916 819 1176
608 1029 1462
641 1904 1278
367 1700 290
472 657 283
768 171 427
284 99 38
1883 804 12
560 803 1787
243 1168 647
19 508 1757
612 891 463
1581 1015 378
766 1093 631
1805 253 1009
845 760 1026
543 1901 1617
1872 1309 829
99 1400 309
1099 1594 606
290 147 379
111 1562 1943
1187 1314 662
493 334 1035
1145 34 262
1499 1145 1684
172 296 364
1710 448 372
424 1392 1904
251 1799 1391
1940 1779 276
1057 72 160
1037 59 211
1324 305 833
216 1082 1628
63 691 1292
27 1183 1528
972 549 1633
650 1651 1884
435 1686 106
1812 1178 920
621 1238 318
574 1569 116
264 1225 1387
939 31 837
1519 1371 174
815 128 1158
1934 513 1240
1006 190 289
338 389 498
770 1571 794
82 670 976
47 384 1935
1384 1014 1253
569 1463 278
208 1123 259
89 748 1772
1919 1336 1944
1455 681 1646
1636 1452 272
8 545 992
900 1176 1580
1354 254 1438
696 277 1413
358 1114 465
1130 640 139
450 674 204
779 799 33
752 1462 1866
903 1173 440
1892 1393 1233
226 1609 786
754 1298 1334
1255 873 2
1269 1879 1592
1512 481 357
1084 258 641
671 840 1680
413 281 831
1650 75 254
925 645 1549
751 1596 1921
1400 1073 130
271 441 955
905 1475 74
1309 1255 1191
1021 1564 1201
1211 107 1135
1387 1325 421
98 965 610
1016 270 579
40 1402 1575
1540 1619 1491
533 1023 659
1459 1286 1889
1415 437 1245
1107 61 1597
419 191 680
684 381 1244
497 38 538
1487 728 1145
486 1481 1063
835 290 978
1265 378 1751
1566 1256 1774
1403 1007 1100
799 1204 1471
1441 1270 1931
936 124 1028
1568 115 1565
242 310 1264
937 894 363
856 1472 319
1651 1385 416
622 1063 253
273 930 1412
1852 446 1713
1247 1945 1596
689 1710 1406
1073 440 735
1682 324 1783
1871 1258 1123
477 1245 1117
166 817 527
729 910 1031
1029 113 1842
1696 1075 578
1104 1680 1718
1402 767 1287
491 1010 1752
1435 1085 699
1890 604 1241
314 822 519
400 963 1461
291 35 1437
1195 464 1619
1826 1154 747
1757 251 678
1709 425 880
1261 1272 1734
368 1828 560
1616 861 250
873 1424 906
1321 926 1447
107 1175 1801
213 468 1286
923 226 401
1192 1711 1912
825 84 196
283 938 49
1503 1844 1681
1243 1111 1917
474 398 203
1450 679 1711
437 1153 1267
890 592 82
379 1048 171
896 750 26
1156 1492 186
383 1483 1448
1799 131 1621
1433 1574 847
436 412 770
329 1881 907
1460 915 256
704 1550 1156
178 997 832
821 348 484
233 298 1330
1635 875 546
734 1456 78
858 388 529
1606 1098 1333
1127 206 1006
1729 835 264
1443 470 475
1572 1474 1027
70 402 523
589 1455 531
522 559 530
591 694 163
1520 723 1407
1426 699 1044
1393 1761 686
1146 331 977
1375 572 201
554 571 451
561 198 42
1476 1918 1573
214 501 1098
1046 1090 27
1070 979 1203
1132 488 120
1517 1853 576
420 1742 521
1864 1501 1195
114 1870 1872
1638 1127 1247
177 625 206
603 962 1346
100 199 1523
342 1036 284
363 1855 178
253 13 1836
991 842 1043
780 1632 1340
1019 247 282
610 771 1405
865 523 492
1734 1741 133
966 855 809
150 639 1834
1835 323 1905
1762 245 1765
319 1305 296
520 436 320
807 480 1014
1275 1728 1012
1013 1343 1353
847 490 1143
174 1479 1215
762 318 1229
1434 568 1061
1869 1530 79
727 279 545
318 1829 1469
404 1436 478
455 802 442
1150 1104 908
75 428 1939
355 1344 1737
1547 1906 1926
162 1578 913
1209 116 1178
1891 1130 1862
534 1915 1329
831 1367 164
838 1196 1938
1358 451 1137
521 1141 1707
199 1121 1161
1828 1690 21
1398 414 1357
1929 641 1864
1733 1736 760
539 1013 765
981 1008 1470
1772 2 1736
1931 373 322
1123 231 988
607 1338 1754
1376 1403 1632
685 63 621
60 1077 1212
1436 81 371
718 721 1160
1529 196 1073
207 202 1122
1530 575 441
1790 1064 18
1780 1665 1295
1196 1487 1225
428 542 1180
988 920 128
475 1852 1376
737 32 1134
1821 1004 1821
1331 1633 1590
604 526 899
361 509 604
149 1557 1173
1747 688 248
631 194 94
375 609 1164
1640 882 1529
1224 449 1243
295 1105 83
654 916 1526
719 919 3
373 438 365
1807 1778 110
1720 1774 707
550 29 205
153 315 50
1896 1264 1623
1885 735 945
498 1590 1350
317 1194 1846
1920 411 1638
692 1776 428
1033 547 814
1740 700 933
879 1740 714
1378 787 302
1723 418 64
1948 1833 361
1165 945 89
254 1192 1279
1291 900 1005
906 1348 1835
1546 783 929
505 1086 1404
1452 1209 1855
10 749 1602
1613 1214 1536
1516 1602 1446
32 1320 1716
618 1101 445
863 400 819
1285 1899 817
1394 1819 374
1924 452 182
1235 704 996
1075 730 321
1356 228 987
1428 752 1658
426 1784 1
386 1047 1942
680 515 1319
1225 367 916
1212 865 1890
1383 824 734
249 223 1868
223 534 1019
227 1006 749
1661 1663 1474
1641 86 489
1900 307 1629
1139 1718 449
1677 1565 8
484 1092 1627
1551 1942 1234
1360 717 1181
1159 792 202
803 1331 535
21 24 170
102 1538 949
311 1854 1800
1618 998 1936
1008 73 1392
1507 1860 229
948 293 931
1684 1155 1101
1491 1746 1490
1887 836 944
1219 1757 1911
446 1259 328
1471 661 482
1570 207 285
920 1494 1749
1584 172 1050
1469 876 802
300 538 1206
134 1103 1183
422 1810 246
1659 1831 633
1614 1865 1519
1318 1629 1323
1587 1697 753
1808 224 1546
1058 988 218
1060 423 1702
1806 1031 644
1495 1812 1945
1372 98 1289
1561 1182 85
144 1050 1803
1226 1674 1445
1067 1506 1119
1881 1618 1809
180 1174 1309
934 100 1060
1502 1773 1503
1410 697 1109
257 463 1495
1184 928 1918
94 1001 1169
1155 1489 1625
1199 1219 1370
1256 278 852
669 1012 147
691 984 1091
915 1582 673
247 214 471
1839 1249 1572
538 766 1484
1611 1928 249
746 726 1725
628 1912 864
726 379 754
1022 1577 102
1936 1863 1691
885 360 1788
759 871 275
1278 510 1454
1694 1743 488
1038 1171 1947
334 40 676
1779 1723 1337
56 881 313
1816 789 1166
660 1910 710
1815 765 741
1429 1316 1687
204 854 157
189 1498 257
1074 1003 1481
1557 1849 1612
1930 1224 596
1169 628 1577
1831 1311 263
191 167 1895
735 465 200
1096 1933 597
530 1278 946
585 511 1094
1655 302 216
1390 554 111
429 46 514
157 1202 1726
814 1909 76
1607 313 1798
1862 1703 1235
140 1391 13
1028 1254 1896
617 992 1401
478 541 1704
1249 1189 1127
1634 599 1742
235 1867 1453
681 838 1934
703 546 1480
841 958 1824
1004 139 1465
1432 1643 423
88 887 1867
1727 1523 927
922 259 1829
1751 751 904
1061 238 1017
1760 415 942
862 432 1327
323 1009 402
957 739 1888
328 785 1607
1665 286 1952
168 454 1364
1430 1378 909
372 600 1512
668 1074 1606
1644 1850 703
657 65 1871
110 742 132
1698 1668 1025
58 1078 1951
1381 1080 1322
158 1672 311
983 1916 562
931 1054 1650
1382 350 1808
1026 52 1443
219 971 1306
817 366 642
562 1607 1276
1312 1355 193
1842 344 661
601 1110 1574
843 266 660
1218 667 266
686 1170 143
1186 537 1430
1041 1608 1202
1340 1606 1365
1797 1330 138
408 1587 971
1765 1584 1458
1023 753 1845
488 543 369
1658 1469 1067
462 489 430
1396 1102 518
926 51 385
492 205 125
347 78 994
1316 466 1343
1861 774 396
1307 573 1369
1849 36 280
22 1497 1853
725 612 332
1053 1940 1485
1286 664 51
44 405 334
1648 1583 226
91 1941 1712
336 1352 513
37 985 1325
351 494 1576
736 459 1371
1481 606 1317
1160 1149 731
384 813 1296
1657 662 314
43 1482 1477
1718 1556 1321
1713 1386 1482
457 577 1587
25 1808 1916
1937 136 274
978 816 1231
369 1921 117
1574 589 1415
514 1215 740
1299 44 1107
824 1365 1096
1769 593 305
1258 156 1354
427 1848 56
164 1922 118
724 1702 1790
700 834 1588
867 1605 1236
112 1190 1139
333 532 1362
1800 225 1700
201 1242 1433
964 827 185
387 1263 88
412 341 490
1598 1431 1347
122 1283 969
1497 942 1126
171 899 1760
1300 1390 1843
828 213 1865
293 21 223
261 1277 1090
1405 499 1510
1905 1684 1932
1910 1408 1738
324 1708 1115
195 312 215
697 1321 1594
852 179 1149
782 1313 158
921 130 1859
344 1925 1694
811 618 620
855 1081 1106
312 907 1345
527 158 1586
397 1767 1611
1478 1349 790
839 1418 948
1416 221 494
301 1683 515
1044 823 580
470 1324 799
1663 1239 1786
459 1414 1923
1122 1504 1378
103 1513 584
1647 1132 1748
181 655 1609
565 1614 671
809 969 1263
1350 1949 1200
1093 506 1815
575 740 392
951 711 1157
806 863 1841
418 1734 234
1194 902 326
245 676 1483
1167 145 1071
1731 1885 788
1380 1230 1259
1921 1567 652
1625 276 1745
748 1291 693
1301 1045 115
933 909 643
1518 1035 959
182 814 1068
1449 1841 1762
1144 1699 1124
46 177 1224
86 1131 1352
506 1764 1509
519 1246 86
7 160 792
1505 408 1816
1456 524 696
1480 1449 637
1085 1616 766
1901 763 1451
1201 1210 905
1338 1547 688
1259 1765 1654
124 1117 1558
1695 1382 11
34 403 1414
1419 1069 1275
381 1859 435
698 1803 1877
1344 1200 303
764 1301 1449
1541 1 934
794 1464 1747
389 1886 1171
747 1195 1720
1624 320 1281
592 1299 1082
1254 39 1356
1051 1644 31
343 1339 142
453 1285 1032
1365 141 882
1007 1109 1901
1330 1406 826
1768 1046 6
1206 1597 1620
912 355 1093
1692 1676 1475
186 1857 403
447 1503 536
849 901 454
1879 1566 344
1702 1442 1088
316 1232 1301
287 255 1844
222 1805 1251
441 491 1193
670 486 1004
1453 797 1876
653 1294 666
1792 1681 601
773 256 1368
282 1118 1057
1424 426 1761
960 1729 412
580 304 1655
584 1573 835
1369 209 190
1386 77 664
1273 859 1635
954 435 1535
690 1883 1305
1361 637 1674
443 1106 1144
649 1347 1767
1210 88 1163
511 447 985
1327 1184 650
597 1161 525
844 1099 1692
1054 1878 1601
1742 175 366
918 482 1265
728 1659 261
1283 877 569
1115 1576 1758
1750 737 568
205 1678 228
655 1825 1252
1457 1055 791
1233 1419 1324
1323 274 675
648 1181 1719
1876 806 1246
1059 1166 176
1653 267 48
1623 1927 105
1840 1549 805
252 420 367
38 666 528
1875 798 460
1407 1211 231
1404 1016 1850
1140 888 476
1513 1521 968
1368 954 1188
1549 275 1150
1162 1756 375
1314 558 291
1111 729 1639
61 1798 317
784 1300 1165
1565 550 294
80 1146 227
272 1243 307
1741 181 556
1527 784 534
579 1512 1856
1149 1020 1226
1409 1120 267
968 203 1056
1949 1694 1710
1693 687 702
1854 1445 1823
566 153 1582
932 397 1290
1125 1770 273
1303 605 92
1950 686 1048
1510 1845 990
702 841 1108
388 996 144
788 1789 723
935 1666 574
1786 1600 29
1092 1221 453
1633 383 1875
1673 820 1863
776 1353 87
775 106 830
11 1898 935
1032 1017 277
1031 444 1659
1049 1785 926
1913 527 1826
615 948 608
629 1057 1396
894 744 1232
1627 1579 1729
710 1323 1567
24 1585 1435
1639 419 349
35 108 197
1592 339 329
798 1920 964
842 943 213
743 272 134
1055 705 141
827 1002 1297
460 1625 1640
638 1769 980
169 105 1668
1771 50 888
733 668 733
1538 1160 1154
945 260 974
1068 759 767
1352 152 36
120 361 866
296 337 1814
1117 1752 541
712 1228 1326
1332 201 457
810 897 694
1593 294 1260
513 504 1293
1448 1595 1880
1933 1572 1673
941 1271 900
709 1555 865
1036 1517 1058
376 27 725
1906 540 1799
480 977 65
362 327 194
848 1670 1479
1079 85 1311
1002 1559 892
1464 849 324
465 893 474
1895 725 1779
677 395 720
401 976 67
940 1144 1205
1397 949 609
29 756 473
590 109 937
723 1199 1189
1705 922 883
1003 257 779
623 471 1516
687 807 1463
993 937 126
129 1701 124
42 868 1250
173 1552 1335
127 743 617
1136 1295 439
1302 848 1598
1474 161 590
1874 443 1372
423 1030 874
888 1545 1807
876 1473 73
1105 69 1604
1494 1575 571
1220 1448 1001
1134 1033 452
303 1797 1784
1253 755 1599
886 1179 1261
263 722 895
745 1152 1034
1898 1641 188
1798 960 1817
6 1379 1502
760 1430 1092
415 522 1239
1227 929 517
1215 1042 921
1113 1679 398
1844 70 166
1722 1525 607
602 1818 592
320 941 1456
398 1897 1003
220 754 625
1763 8 1039
1124 1820 752
77 1491 1258
14 1768 1676
278 1188 728
901 1507 286
1012 701 961
1610 30 1940
228 1281 622
1244 1815 1792
3 908 1403
409 104 352
929 913 1881
1707 146 585
531 638 1511
1479 1719 614
898 233 684
1191 967 1184
1168 1691 705
786 1292 1182
812 67 1238
1621 974 335
28 1273 1394
79 1861 1033
1576 48 1125
217 634 1739
445 564 437
108 445 1300
732 244 984
270 1167 1427
1245 1252 547
1305 1667 1399
1716 1811 1381
1240 683 287
1266 644 1683
586 940 918
1367 1758 438
613 328 823
1262 1626 543
819 1689 1428
289 647 1121
1279 3 704
1014 1444 1274
1660 680 150
340 832 1583
1571 1759 1730
1292 1733 1336
1377 1135 605
1904 516 1883
275 1486 72
1034 1617 572
644 586 43
1531 1441 1782
795 287 9
313 1673 220
246 1240 60
1198 658 1272
356 1157 183
665 570 1605
889 1800 938
193 1790 613
1829 619 1046
781 149 1498
451 1019 243
1351 1213 573
510 80 327
1803 702 861
184 1284 1075
985 94 422
1652 1423 683
1620 1477 774
1217 648 873
1310 329 199
1349 837 1185
1414 692 1155
833 1671 399
141 856 483
854 1801 1860
1802 1269 627
473 966 450
1767 178 447
1783 1453 1021
1857 1122 549
1604 1061 1637
1128 826 1741
202 845 1132
1773 1934 983
642 548 1016
541 1446 405
1823 1518 298
924 1089 1420
633 1274 1331
984 904 1618
1072 1250 1167
919 1060 928
1048 1722 1102
118 345 1148
1859 129 1517
567 587 917
595 1837 462
1626 273 1010
1493 232 1581
1120 1421 506
995 1558 1455
1553 1653 239
1395 1843 1473
1200 314 175
71 1705 1221
1550 37 1538
378 1763 1207
469 407 954
1185 1832 815
1295 234 1393
793 1856 354
210 119 649
990 53 63
998 460 963
1868 770 1763
1571 150 1671
1374 1318 242
1911 620 1766
238 1461 497
327 1748 480
126 169 136
1116 1156 716
93 1839 1053
1379 126 241
1345 82 387
18 1612 1103
1315 1357 1885
1563 249 612
476 393 853
1777 643 1086
730 322 71
851 1220 66
1775 1025 1192
581 815 981
544 1307 325
1685 41 1488
151 362 301
938 675 999
808 1468 813
1509 1041 153
1746 502 1724
758 192 722
1580 1924 198
51 96 1114
1691 957 39
761 580 1830
1252 539 148
947 932 1897
1454 1496 1645
258 1655 851
523 947 1486
1035 1177 670
1420 782 1910
197 1905 856
1473 487 807
41 858 709
1164 103 1018
663 1360 848
1047 1687 1099
500 1704 793
143 54 1805
1090 335 587
1271 392 520
721 738 1256
1552 1887 1652
485 973 524
701 1532 424
1290 1889 1133
1015 433 1211
1425 1112 750
105 1929 1892
1811 710 1425
707 1186 557
229 1217 1367
1590 889 1744
549 17 836
1370 376 1400
1810 1410 901
395 1079 551
1423 1327 881
391 1950 152
716 1056 208
979 1926 638
1785 211 140
503 1216 939
1833 1939 570
717 222 868
837 1071 1366
1470 1932 965
365 1782 594
1935 1568 347
1017 1440 1464
1582 1760 1630
1579 1895 179
84 410 875
528 1750 55
822 120 798
1153 142 824
1142 1322 1355
578 1753 1341
705 144 989
241 288 838
1615 1244 730
1234 1142 850
1827 724 1138
1678 1158 84
714 1539 10
1915 1871 1507
481 1522 616
212 1319 1508
853 434 912
1711 1599 70
1670 921 1810
1870 406 1197
1672 781 1494
167 1938 214
546 1762 1395
31 346 1585
1188 1493 1832
1078 734 395
187 422 34
1342 981 61
1837 292 1709
959 794 381
1468 1404 691
927 1720 1277
1700 1847 1187
1884 590 1384
711 1749 1074
1025 1163 1653
277 1373 1595
693 682 1196
377 1039 1344
1600 15 777
1555 829 1552
294 1428 1175
1447 1754 653
1100 896 559
1320 935 470
232 1866 533
1319 685 348
944 831 159
425 1499 1715
675 1287 238
1364 184 467
1126 308 415
645 1376 953
90 853 863
1867 1411 1556
1548 911 1891
986 453 1444
1294 193 1793
1599 95 1255
1293 678 295
1177 872 258
643 377 32
1671 1233 1753
1030 1911 1339
1560 62 173
502 1546 1194
757 1237 1204
1334 369 1489
495 1326 822
101 1755 351
1818 1381 233
1431 1510 877
286 1630 1791
977 243 1078
1946 1361 1828
1947 97 486
1873 775 414
456 584 1723
1735 1059 1777
609 918 221
1089 356 17
1667 1026 812
1498 906 1418
830 1948 719
119 864 657
1363 1362 495
17 1032 511
547 185 958
145 535 101
1438 1222 947
234 1930 1520
572 732 781
1214 1658 746
250 810 1268
1608 1162 1162
36 1936 1908
1091 485 827
230 1515 222
1280 164 44
1589 610 485
1732 1516 353
1490 1180 1129
1050 1714 1359
1632 1642 785
571 154 1919
1005 1816 1527
1205 1022 1764
1465 1458 577
1836 1108 598
1248 241 458
1000 821 281
1674 110 1270
1406 719 677
1882 394 975
1708 925 1531
832 1124 855
1281 349 1624
1087 472 1113
872 512 783
152 1821 758
994 843 857
142 801 925
1097 982 737
20 1533 842
123 180 1318
1203 133 341
256 1375 1303
1239 404 1429
366 83 695
1825 950 444
1539 1589 108
448 1275 162
224 242 1382
1533 1223 726
1715 615 209
739 1907 54
1157 1834 1227
165 1869 1561
1052 1388 1657
1877 399 1570
1129 220 1153
170 886 724
1362 731 1717
1903 812 1900
970 1341 1548
1475 1058 1375
883 409 1377
236 1088 940
1737 528 889
432 1738 1179
1118 1172 800
800 695 1768
1554 1206 1616
573 1935 7
1776 1709 1128
989 560 1262
221 1027 22
4 283 708
553 999 1452
600 269 1568
1108 1139 247
231 163 552
332 1807 331
708 475 1770
1897 1826 629
288 660 1467
552 673 388
330 1342 626
468 1664 1838
302 114 1476
1477 1345 1802
1341 1066 1557
414 665 1603
1508 850 998
1894 101 656
996 338 1922
741 1340 1273
1789 1637 1643
438 616 343
1347 582 1584
1337 138 1610
902 689 1550
1373 1297 1849
694 994 1907
1236 596 711
791 1065 145
1152 1543 1506
106 879 432
237 1113 1543
1193 520 97
517 1917 1402
394 1613 1661
1813 672 1562
1446 473 1903
464 386 1416
65 1409 1533
1567 19 951
769 498 184
1668 1563 1626
349 20 1499
1306 621 1554
1238 1580 30
439 1147 1706
1190 993 461
117 7 265
74 1919 1077
1782 953 1521
1231 237 255
673 1706 1501
1573 1018 1696
244 301 736
1922 183 540
1413 1234 818
1229 1581 443
155 1747 849
946 583 761
509 1649 47
942 1620 210
928 429 413
1749 28 1266
1923 828 1052
787 204 1209
1726 300 1541
893 706 1385
1662 1628 902
417 736 858
1907 1544 872
1121 1208 187
1131 1169 619
1143 883 1600
359 4 426
1595 608 1898
194 1794 894
1681 182 1398
1886 1484 469
1232 525 448
1679 936 1136
850 975 1147
913 503 1591
1147 1737 1008
1556 1511 655
1171 1716 1534
66 478 1142
346 60 1223
125 477 801
667 122 796
1588 6 75
636 1205 915
1796 1615 1542
1355 869 903
1389 1894 759
1690 1650 1894
260 1876 230
877 1873 1948
952 93 1514
1135 457 368
1917 595 1257
1880 990 487
1284 833 973
1514 230 512
1649 780 1785
299 227 636
1158 1193 1478
1463 1467 729
640 282 1560
1458 1265 682
652 1771 386
1642 733 679
870 252 1360
240 654 95
310 1554 603
1845 1535 389
1461 450 299
1918 79 997
440 1817 154
1526 1548 1248
1329 1804 640
976 424 1037
583 121 1087
1154 1005 180
738 14 81
504 1116 1539
360 800 113
1339 1266 1316
1311 1631 410
1759 1519 1950
682 1693 333
218 343 1781
196 1028 810
823 162 1677
133 1947 1332
611 1842 1397
536 12 950
1066 1417 993
1427 1051 300
1646 492 1500
69 16 667
1544 1370 1070
1221 741 1778
1774 317 1553
396 11 1854
298 1076 1893
309 1840 5
1630 878 346
1045 396 279
326 884 129
382 1611 1089
756 1724 1902
1110 788 114
892 476 1283
598 514 251
1697 1695 1105
1442 757 1000
1523 1488 1906
974 825 1168
676 123 1651
1392 235 195
783 905 121
147 624 429
1496 210 502
274 617 1852
1542 1021 1199
1223 385 377
1909 653 112
350 1164 165
1119 811 755
1860 1880 1771
866 1542 103
1440 556 1949
452 66 743
269 68 1007
1717 594 80
1166 563 898
192 650 1874
85 857 1571
1838 285 1775
1578 1137 149
385 208 46
722 1369 876
1846 1707 1928
325 289 713
62 1306 107
109 1024 778
1738 421 1882
1297 773 1564
963 727 591
790 1846 1827
200 347 1390
1621 1257 1049
431 1884 505
740 1397 846
1272 851 468
405 1334 123
1605 248 1410
399 132 658
908 712 1504
558 1302 479
1721 1119 1020
1276 1426 962
1500 636 1886
1942 176 1825
1764 1675 1439
403 1657 1308
973 709 739
910 1126 771
341 924 1820
370 319 316
1024 1786 1076
434 552 1210
639 1537 28
1289 1591 240
499 1903 35
1237 1251 491
1071 588 93
594 1946 599
577 1781 582
1263 1227 891
1687 1416 1190
1411 1721 271
785 1827 1249
1830 505 780
265 1652 127
829 1443 1342
1274 1396 930
1322 1639 1796
1628 627 960
555 917 914
1466 297 701
515 1380 69
1753 1187 455
1766 1715 481
113 284 1424
335 9 602
882 1415 339
1939 972 293
215 390 362
999 718 1013
392 439 1780
39 791 884
556 567 991
76 1332 936
548 474 1282
1577 659 1468
1151 336 565
1609 623 1285
139 1115 1002
1820 219 1513
463 1150 68
1793 195 1525
1629 912 1688
1669 758 408
130 363 191
1712 762 456
1102 102 1697
943 1062 308
1439 375 1440
115 137 1660
1483 793 1118
322 978 1759
1357 1052 1649
1928 197 1217
1730 1536 472
860 165 1146
421 698 1622
154 715 910
914 112 360
1719 989 744
83 291 245
1326 413 871
755 1900 1434
1817 295 1174
26 1350 1419
136 986 1878
599 1037 37
1141 1540 1746
494 1427 23
1666 860 773
713 866 1110
59 1398 689
1912 1730 496
965 262 1532
1348 951 718
909 1838 1869
55 1593 1328
1804 585 1913
1795 1735 1140
1009 769 811
804 311 721
750 1377 1380
267 1290 155
1558 352 53
868 47 181
339 1891 1097
992 613 919
479 847 943
545 518 1152
371 1094 1831
563 91 1933
183 1824 1727
1534 483 618
678 325 260
1161 148 1051
1421 779 784
1535 880 1722
345 1049 1072
614 159 1708
1063 1788 1436
1181 1528 789
321 1836 1313
292 1524 1818
551 1534 1386
857 1140 77
524 1439 563
1418 1646 651
1444 1858 555
987 968 177
1941 1638 1530
1743 1872 1937
1794 1739 1861
1492 795 922
1173 1604 477
1689 574 885
529 1772 982
15 467 828
1437 342 639
635 74 345
1336 316 137
508 1775 1544
564 271 1030
1617 43 172
540 1432 1682
767 1502 840
410 263 1662
630 25 654
1559 1451 1045
679 1268 292
1926 1435 342
666 631 897
1575 1727 1242
23 127 1840
1027 1732 586
1267 1471 1065
1366 1070 595
763 111 886
997 684 420
859 696 787
742 1354 674
64 578 1804
1850 614 96
688 10 803
262 1389 548
706 1531 146
1863 1310 1695
619 1280 1064
1270 663 986
904 461 956
1908 1660 1794
1325 1159 109
131 1586 1104
627 1356 1177
1148 186 1705
958 89 1213
749 1125 390
1586 1366 1294
1095 1766 1721
576 622 161
268 1692 795
87 416 446
1602 1165 672
1445 261 1417
1109 987 1338
1683 1198 1663
1208 1236 1613
5 898 763
411 1459 776
1277 651 1315
416 671 1593
971 1229 52
949 669 1505
1042 42 970
1686 71 1669
1251 1896 1555
1699 914 380
1814 1072 564
796 1835 1675
1755 1143 1545
353 1796 1457
1103 1793 151
1761 677 1320
1858 1892 697
820 246 499
1843 1823 1806
95 1744 207
1040 939 235
662 1420 859
596 33 503
1878 49 727
496 280 1466
715 1875 41
624 1067 433
78 980 1537
1482 1097 911
616 1777 14
1486 946 1941
159 867 583
1241 1091 189
634 747 1701
980 239 100
1485 1438 62
255 458 459
449 1780 890
930 268 1819
891 1806 782
1643 1787 404
146 562 690
390 1226 1839
444 1795 589
483 215 581
471 23 1172
1847 974 1925
315 983 669
1855 117 373
975 1624 409
953 1882 715
1688 359 16
1353 630 748
1562 1053 1615
874 892 1690
1081 135 1647
1010 1043 806
869 809 797
