1951 1960
1235 556 180
370 590 792
1422 158 1906
343 119 1850
588 1224 176
1003 1595 1709
205 568 47
4 1118 1399
744 1066 1231
873 1903 471
79 1525 152
444 1667 1491
578 1240 1512
852 1919 771
1641 1168 1266
390 441 788
1254 44 834
726 997 1133
1768 1146 628
76 972 1905
1836 970 1743
714 1373 698
1815 1314 1365
699 219 1776
1036 1511 504
1059 454 1528
19 1587 328
1364 734 385
506 340 568
1354 608 61
1162 1307 1582
1428 383 552
1578 1295 1652
129 1722 1465
851 1573 340
541 799 1057
42 356 1876
1755 599 1864
1154 1198 863
1905 1437 1279
38 1021 1718
1339 1918 309
1321 765 1590
20 907 631
1152 32 827
1536 1524 1013
997 321 7
1666 322 1302
661 670 1726
1266 527 1714
533 1906 1203
1188 647 252
620 1528 1063
704 855 1058
1332 452 390
1605 433 68
349 1575 1816
961 1226 1667
1010 925 1265
790 90 283
862 386 30
1665 1394 1311
57 1797 735
1491 1826 1301
1682 408 1879
716 285 1358
1055 1251 701
1503 154 56
532 425 781
1660 912 1597
1322 1482 909
1550 1006 470
741 296 1896
931 1362 1757
319 443 1038
1598 1300 141
824 661 1552
166 1322 751
28 752 1787
36 1717 1790
1758 341 1209
1204 1318 1619
337 1087 353
179 1774 517
1642 1073 441
1106 1140 1675
1487 313 1888
889 1777 1402
674 1753 1807
975 1113 1486
1399 1816 154
314 1659 1289
624 391 99
1573 1872 733
1838 1078 1614
1182 199 1276
879 1249 582
121 616 763
1825 610 93
1330 148 1883
1697 1825 796
48 1068 1513
486 1336 433
694 1865 1553
916 1469 753
590 1772 1204
952 589 1736
297 642 488
1557 560 227
1692 1072 1591
868 693 1626
1085 1272 1473
1296 1787 1139
833 878 1345
753 224 1321
839 450 231
1698 1518 1717
332 840 281
149 1352 1532
480 852 1493
397 762 729
1367 1193 597
1438 1553 1546
1676 1878 473
705 1631 428
1907 624 177
187 1536 1225
1153 1754 1391
199 790 1180
417 295 217
827 277 1764
1587 1709 985
1764 100 1603
229 272 1690
1317 687 981
1186 352 1830
1310 575 339
1828 1819 743
524 318 939
1661 1617 1645
1604 1623 76
1067 477 1396
172 53 758
1760 1951 1469
1105 1856 1904
1216 1756 302
409 1299 228
1107 1950 963
380 713 1303
1463 1081 1150
1368 327 1174
806 921 11
1084 1898 230
5 184 91
1203 606 673
844 231 323
182 1208 1294
884 794 337
1284 1728 1262
122 837 1295
329 595 187
1146 212 730
692 375 1931
521 1264 520
693 856 1089
387 498 549
1037 1761 1333
1562 1355 1328
994 965 1819
244 690 346
1580 1585 1646
964 397 233
1785 517 638
1934 775 1092
215 328 1087
1565 675 5
1462 319 126
1610 1215 463
1801 1053 1179
1205 271 1
1253 1940 761
1469 140 823
1674 1445 1581
793 15 288
1434 1696 1467
998 97 602
1948 801 161
41 1834 1707
895 483 1400
929 916 1796
1263 1806 655
1320 613 1916
434 209 524
520 472 423
778 509 260
917 1562 1326
1436 1718 243
37 1188 851
702 543 498
1821 1567 1121
311 501 856
1908 513 1360
1534 1549 305
605 1840 1068
1116 48 1677
569 985 1759
548 421 1848
508 1655 1237
14 1375 1049
1046 446 513
1237 1037 836
1711 1080 551
723 1232 1702
427 217 1565
1433 1563 410
181 1821 438
1009 382 130
1644 617 1620
411 1114 1247
903 1030 1722
1542 1104 375
441 248 1028
180 1515 966
904 192 265
368 1476 480
1275 363 1803
518 788 109
1679 91 147
1654 1 1672
437 1000 153
119 1466 116
1621 719 807
1166 1404 172
435 601 1109
992 312 257
990 1668 652
1617 1121 1022
84 1148 1363
1523 1306 745
1420 798 1207
1093 748 621
1522 195 712
846 86 197
1318 487 984
1338 153 764
1749 1802 434
1404 1392 1041
1624 1759 632
326 557 1067
232 1886 1324
832 977 1658
1331 125 52
1747 194 976
1069 981 1775
1180 1672 829
302 241 1418
86 1629 235
1554 1426 1421
1784 461 1800
264 274 195
1027 1901 734
671 1481 1913
1728 1643 1411
1590 722 1540
634 680 224
977 306 455
72 1782 421
1135 911 1769
80 8 1246
664 962 1457
1695 1733 1414
1131 761 713
670 25 583
935 578 636
1191 955 1441
327 1502 411
861 1829 1292
1244 956 772
1371 1855 1693
1047 1478 598
974 239 118
132 920 360
1754 1286 60
1922 1436 1116
914 1049 293
938 1388 1239
677 931 1939
71 506 184
185 1237 768
459 645 357
1394 1145 546
1633 304 299
1538 1265 285
1356 980 1393
1612 1688 878
1771 743 642
761 1379 1001
1508 1038 739
214 827 292
1555 1852 1427
60 1514 1188
759 387 146
1548 1831 465
557 940 1227
1424 162 203
358 369 1792
1863 260 1033
545 894 1432
552 294 42
1141 1310 1956
1407 841 452
584 447 742
1124 1027 1853
1063 905 1834
470 957 1123
1595 476 894
1865 994 852
1705 943 1014
1395 281 1189
1080 1365 769
1576 976 942
1640 1060 1138
583 1075 156
537 440 350
1373 698 1233
1843 833 1198
1718 1939 906
1397 1248 27
1468 1182 1674
1738 66 1887
171 1747 1450
1134 422 539
1928 803 923
1386 133 588
696 1377 1601
1223 28 1784
312 1435 158
894 1467 1452
646 1547 137
1853 783 35
330 571 910
356 1294 499
939 257 1075
1700 1880 1307
1231 1907 799
592 706 170
1457 266 873
987 869 1178
1070 872 1829
1693 779 324
160 1693 645
410 574 1430
1398 1166 83
1883 1582 464
771 1568 993
686 417 1578
1601 55 290
1947 576 881
1890 315 1212
1894 42 282
1150 409 1285
510 288 528
1022 230 1793
235 1921 1681
1521 1381 833
254 400 872
64 1814 754
1925 289 1255
1780 1576 1749
1888 525 1173
350 1763 1641
715 1557 1745
1622 1386 532
745 1926 1214
260 805 221
101 546 719
685 87 991
757 1094 1060
854 1219 709
542 581 1954
1251 924 1611
1014 1654 1288
477 993 936
1350 346 1076
1163 83 28
816 1822 1902
638 385 785
1703 1929 1371
377 1449 1300
1724 717 55
412 1936 1822
472 1291 1713
1267 1646 933
965 1344 967
912 1400 1146
1662 1681 1335
211 347 505
1090 700 1768
1701 640 1380
1717 1875 1724
891 1887 1898
732 1541 483
1685 303 1169
911 1160 1704
821 374 1103
1025 1045 725
681 1912 467
450 222 476
601 988 1274
733 253 215
1505 1064 276
1066 1837 565
1012 282 416
942 1133 691
234 1304 424
922 942 413
1806 1885 1842
342 991 1502
1917 979 1877
8 267 1342
96 1841 267
251 585 586
1794 588 194
340 145 415
925 1496 501
268 830 1419
203 1626 1480
641 196 125
1637 1324 901
1156 1223 1125
133 128 1053
1756 143 1079
1856 688 103
984 638 246
1746 1003 1503
218 1280 740
953 1433 962
697 611 216
594 1925 1570
1743 297 778
221 489 85
1176 1390 569
1099 1691 1356
589 497 578
233 1453 1753
1822 511 757
706 535 1002
1122 242 885
1103 131 924
165 1824 1337
1128 208 1507
438 1311 311
1294 1897 1762
93 1032 459
1577 754 266
1385 573 1108
945 1768 718
201 1408 1884
217 1534 454
794 1201 1602
1340 1026 1666
1808 1749 782
1527 344 178
1885 1283 354
338 1257 303
1787 579 1350
1778 1739 407
109 1129 548
1930 233 943
1161 995 72
805 453 10
10 1372 871
1295 1882 124
73 1765 893
1501 65 1668
1057 961 408
290 1701 1277
1502 1411 842
158 774 1245
836 718 225
1211 432 814
154 1545 1662
534 518 402
941 1425 941
1392 1341 1820
1414 485 1859
570 1288 1293
454 1673 108
731 1771 865
197 889 1867
1635 746 599
1846 1199 787
749 989 596
1109 1480 1812
564 1602 1081
31 1132 1663
1382 1098 1260
1372 1801 199
134 866 342
248 715 1122
701 666 425
936 1301 1920
1421 355 1695
1763 198 25
1369 373 397
1920 486 510
1599 1042 1858
1435 1010 869
855 101 1593
675 372 506
1190 934 1524
576 780 938
1651 481 210
1079 1004 1747
142 1274 1184
188 1913 1692
1048 457 84
767 61 1592
999 1817 972
1531 1055 164
1196 875 793
15 515 1012
623 275 1710
1064 1531 193
464 1495 765
279 392 1895
1940 1923 703
1927 1894 362
1034 1596 1832
1880 1235 1786
1145 559 1334
572 1644 373
688 1706 1394
1423 562 1785
27 1755 1650
1425 106 1644
1062 759 956
1886 692 1248
333 60 332
1776 1153 1482
1593 917 1647
1108 1873 660
1450 1289 647
1672 1721 857
1101 302 1952
432 1074 291
29 766 914
1614 922 468
1493 1471 166
1136 1695 1458
618 1370 212
896 129 32
1089 1034 1145
655 1176 759
175 697 1166
599 367 1751
1775 1790 922
1564 1211 1387
489 974 747
355 1827 620
523 930 866
11 1086 716
1277 114 1734
1646 659 1498
212 1462 412
1024 157 1023
295 1808 1035
1143 1387 29
1583 1593 442
1484 147 1455
1594 1909 1256
943 1743 627
391 1881 928
1741 858 1915
690 1503 677
654 137 1729
222 684 653
292 411 444
1632 825 1960
763 1447 1344
1323 828 805
424 828 97
291 211 273
615 172 1036
1198 538 1072
1673 593 422
611 102 961
1041 1713 334
167 290 1777
695 1323 1585
1018 227 1284
469 1842 861
382 958 1539
1762 170 1852
1939 1679 1957
1786 1783 493
1147 1757 122
1050 291 280
1712 1649 491
910 1376 1824
913 177 1697
1390 1678 186
639 1116 1018
1789 1633 1131
1054 1065 1332
63 1578 1525
1677 1369 1357
351 84 613
1950 1703 1193
1482 406 1899
32 1650 791
1416 1879 1549
651 464 608
1159 935 1490
406 404 1543
118 117 868
225 1263 1220
853 1526 1389
1495 1269 1149
781 978 560
860 72 241
369 316 1132
1449 329 1742
1447 721 1137
1160 1107 1712
766 730 1921
818 529 572
559 1076 19
658 1611 990
1745 278 1120
1043 1690 44
78 565 248
1478 150 1635
400 85 895
97 787 1560
1552 225 274
125 1327 1375
1437 998 173
1417 204 1809
1571 906 1192
1361 1183 1004
798 868 296
504 1924 917
357 1597 925
1032 1868 351
144 191 1500
1329 1732 543
1413 1848 1616
1748 1331 1318
1456 164 1936
1039 627 1275
869 1329 236
571 113 577
231 64 891
1870 1149 191
307 1092 1397
1602 553 1501
1004 247 854
1461 1533 1249
173 1259 542
1000 1946 1640
316 1859 978
1465 1566 1940
683 149 900
1201 470 1364
1179 902 822
507 946 1569
785 701 1598
920 672 1384
1556 854 1630
1810 98 971
1292 1734 1919
1114 1798 155
1029 1157 1760
360 6 1368
374 999 1044
721 1277 575
1081 555 1504
1351 163 1027
1419 1794 1398
1889 68 1050
1833 1727 1596
711 33 908
1406 1786 696
475 1784 1669
995 1321 912
728 155 1580
191 460 889
667 1687 802
1073 859 1153
1910 702 414
1185 857 1415
130 1059 1934
138 888 1941
1514 1142 1261
858 334 684
1734 348 1437
1042 308 22
135 1429 958
100 704 1527
1270 1097 67
273 625 1733
200 36 527
415 121 862
51 1292 795
420 884 1799
892 1186 1283
278 703 1741
381 567 379
1729 394 1181
1242 1167 1077
103 899 242
47 842 272
82 123 1030
626 727 1254
1566 1303 562
579 1560 1548
289 418 457
679 607 376
1315 1485 1795
362 876 1232
582 480 1381
866 1371 850
838 1543 1558
650 1399 406
547 468 1151
1751 1561 1739
1842 699 1890
490 174 121
989 1397 162
1217 1858 1065
1636 1131 1136
649 298 94
1451 1384 261
698 226 63
428 813 1353
1086 1715 1287
1608 1169 1162
1285 1930 298
1020 1820 436
67 1403 1497
1460 4 312
1257 110 138
871 689 1182
1325 439 239
1923 1385 1308
1615 835 559
1100 964 1865
98 615 1433
209 1119 1170
967 569 78
184 904 1020
955 1546 105
859 379 367
1668 332 1167
673 714 986
34 1675 446
1574 649 143
737 1792 554
1818 1008 1377
1837 583 181
1936 1775 1435
1839 210 98
951 983 245
1752 73 525
585 1266 1098
1206 839 837
887 818 289
404 1949 320
1346 1616 1689
361 1716 14
1537 2 278
1779 1345 1154
1287 834 1040
204 539 1019
1921 773 1521
1875 845 1046
1384 293 440
509 1853 1436
425 1358 1788
1814 1276 69
1078 1735 462
1652 455 1678
1862 844 1567
66 1212 387
1680 1457 1659
1366 1491 492
1850 1020 16
880 456 820
1467 1156 1102
1518 815 611
950 1464 2
162 221 521
1184 1740 1461
246 738 705
1077 336 101
959 1737 1529
372 648 1031
1809 618 345
689 299 1250
426 1766 1763
457 27 689
247 229 1817
1546 261 1547
1412 173 581
546 963 1951
1387 1694 232
762 1884 1854
1268 1621 1873
257 814 1251
1903 1351 1015
708 1583 819
379 250 1767
170 1828 481
933 365 1909
1017 1150 1783
1732 1600 1407
1370 604 840
220 9 812
124 187 789
809 359 1683
280 1413 666
466 1123 182
502 190 1651
12 530 832
7 887 880
988 634 45
591 633 1404
1279 662 255
1259 245 1144
621 427 1298
1498 351 825
1256 1627 365
525 938 17
1650 1883 1093
116 1417 211
610 1762 767
141 1803 1949
114 1443 1657
1844 1057 818
102 1380 1213
885 144 478
758 626 1401
394 1507 1226
629 542 1892
301 622 1383
1824 1931 1459
909 1143 1520
1544 1117 1372
678 21 723
1313 310 198
1471 1653 317
1474 1368 1655
216 1247 658
1526 435 1424
305 1054 201
1517 665 544
287 236 1622
1516 1112 1891
850 517 1105
386 1804 592
174 737 704
421 1472 39
1513 1692 1917
1265 1854 489
284 838 561
628 78 1551
996 1339 616
1528 1851 508
1951 426 951
1092 358 472
1316 1542 366
46 786 347
1767 1333 902
1798 1937 1893
1829 111 1912
13 1661 1327
1753 1580 295
540 1540 1561
1477 990 826
1334 202 358
944 740 1698
807 1591 1866
676 1785 920
448 767 448
1058 1214 1813
352 93 1382
1769 950 1392
363 641 688
1120 88 1007
1110 1781 654
1678 1091 1778
795 265 474
717 933 316
70 744 634
1213 678 1168
527 160 1903
804 1519 999
1199 603 1194
176 1638 664
1011 494 429
747 1522 874
1056 218 988
1236 541 1806
1250 848 1849
1895 1342 327
169 401 1495
581 711 683
1021 1271 71
519 1367 341
1258 1207 1352
867 378 686
1714 1439 998
1669 671 547
1906 500 965
663 482 1215
1891 1484 643
946 564 1594
1909 5 1826
241 1162 884
1352 612 1479
538 1493 557
750 1788 333
1645 1606 449
1659 122 644
514 1938 1234
1611 1192 1550
991 1708 573
1229 1173 1163
1688 1048 1054
1094 1141 1574
932 1203 1670
577 10 393
112 407 1051
1707 1082 1489
1799 1750 383
1731 1354 1286
1074 503 512
392 1656 139
1830 540 1361
631 629 484
1375 1615 321
1023 667 469
1418 1760 1195
823 1202 1084
1403 1725 1223
1831 1726 1910
1207 822 1306
948 368 1269
1949 1835 1347
1121 381 870
1788 338 1756
1151 169 1930
1140 1677 1730
1864 552 1370
223 1111 537
1402 1942 1516
725 1015 699
318 396 1129
963 189 1026
359 1809 587
1065 1234 437
151 79 148
1859 584 1732
1415 1019 915
488 948 223
659 325 394
35 3 1494
517 796 1080
194 1780 1142
1689 772 671
1051 134 519
907 176 1264
1260 1579 1737
923 1101 1638
1115 548 253
775 1712 1313
782 1871 662
1816 1517 1947
193 728 1680
1704 551 135
826 96 1229
440 954 1329
1044 1450 244
95 996 132
1274 1018 756
596 118 1052
155 1050 903
587 1839 1577
1812 473 629
285 679 377
1429 896 1468
1480 1916 355
1123 1172 1191
18 1523 1485
756 600 1765
729 893 1894
1596 1498 913
1795 1779 898
106 1477 1119
1876 1233 297
393 587 447
1007 808 1202
774 1642 641
1942 14 1572
487 228 1518
306 444 890
969 1684 1425
131 1325 1731
452 882 1515
153 416 1568
662 499 522
250 1628 46
496 750 318
1431 309 811
1309 1029 1791
736 1510 1637
267 1899 603
1543 1012 775
1820 1658 752
240 429 1025
1272 161 237
554 1535 566
1343 763 1648
883 726 1021
77 1707 960
1158 778 679
1904 928 222
1887 1745 1309
622 130 714
1716 1268 798
1488 850 1196
493 1559 307
1497 1124 1475
276 1069 567
713 1134 584
315 674 1686
255 1200 75
1559 1320 1679
1391 1326 774
1301 152 247
1567 890 1781
443 823 1096
666 207 676
1278 1744 1107
367 1039 777
748 621 1841
1410 205 1474
1271 695 209
645 521 681
385 1487 934
1572 419 987
422 1795 431
1168 505 930
593 864 1201
1811 807 1798
1782 1093 36
202 353 54
644 1723 1412
890 200 378
152 897 1664
642 1414 1944
1157 1241 53
334 388 1583
1427 782 731
1939 1830 1855
1307 1170 249
1426 524 204
765 1151 1187
242 1228 1124
1269 732 1409
760 49 585
1781 1002 1470
317 1204 1114
1720 493 343
65 1285 384
512 975 711
320 81 1846
979 258 432
779 1609 969
1946 413 495
1742 52 1728
659 1928 1366
1172 760 945
1944 1586 1857
89 29 1938
727 1488 175
536 1564 1556
640 23 165
1137 1720 1354
1183 1194 1797
915 1442 174
436 1844 835
62 1244 1278
1305 69 1336
1220 851 1043
937 1614 1499
1252 1036 766
1507 1440 1872
1524 582 1774
88 1261 1953
1549 1736 790
630 496 405
535 1746 1629
1139 1636 860
1579 1933 1604
1441 1685 1045
430 1446 456
1333 108 234
1832 1669 1815
388 1431 1487
1379 572 1661
1765 658 1536
738 1724 1074
513 301 1831
966 1911 284
1529 1252 1359
481 1776 1268
568 74 1000
1288 1407 630
1125 1135 200
439 1089 500
1388 1007 315
1558 34 1070
1360 120 430
1715 1812 1526
949 591 1870
463 1175 1171
120 1548 959
1466 1099 1579
1629 1572 604
238 1512 622
808 1468 18
1532 276 1305
146 769 1643
1454 300 732
52 1666 624
453 1752 322
323 424 113
104 1904 1420
1224 507 1379
906 597 970
549 7 1446
796 1366 830
730 1282 553
1851 966 395
310 1896 1584
226 213 1685
768 1444 619
419 63 150
848 1832 726
1913 1577 1804
1401 1863 690
1038 758 773
145 46 1222
1381 549 1943
1470 197 1451
1241 847 1175
973 1095 1932
1226 357 1880
1932 655 1928
431 898 738
764 1412 929
275 1250 1607
1943 1538 1564
30 1709 555
1155 95 755
1625 826 896
500 886 403
691 343 750
803 1348 1128
1170 1158 1958
1008 389 370
598 1046 151
1589 1161 1158
497 1874 1386
1210 1500 1636
259 646 348
940 1185 179
1817 682 129
364 1943 710
528 22 744
888 1262 1588
256 94 515
1400 188 1271
1877 819 1315
1445 1537 1069
813 873 301
926 1011 319
900 1040 1349
550 733 994
1686 812 640
553 720 609
186 1105 899
143 67 944
1777 1033 1032
707 105 1772
423 1328 326
1627 151 1476
1506 349 1654
700 448 1055
1819 286 1003
616 1662 51
783 1773 106
22 438 1444
1588 1504 1708
113 1028 240
270 1928 1725
788 639 81
1616 1398 1576
1146 402 1856
930 1253 359
1791 458 841
863 1486 374
755 1914 916
99 1330 1609
91 570 1782
192 1389 1478
164 919 1440
198 284 617
92 806 1403
1071 350 1155
901 1624 946
1628 1047 1613
924 879 127
262 951 844
1363 451 304
313 251 1338
680 1115 982
168 1499 1780
1490 1610 9
1247 1527 721
1945 1932 325
1722 16 926
1486 1915 1346
595 58 1814
954 953 208
1489 1483 1847
1127 1109 286
1442 594 1705
1783 1434 1946
1218 949 1408
752 1422 1805
1212 908 1615
600 434 479
1873 171 269
1696 410 219
161 895 538
751 264 659
336 1612 800
802 1520 810
812 337 1557
742 1077 1348
1337 863 715
647 817 368
1248 986 571
1304 504 1463
85 1102 1562
371 1378 1542
921 1603 497
857 92 695
1519 1947 159
110 1796 1639
24 502 973
849 1423 59
1261 532 15
56 1281 1449
1324 1571 1118
1813 510 949
447 1811 1933
105 1001 1185
544 1432 1509
1113 1180 1537
1713 1679 409
1912 333 651
1702 811 96
719 891 477
551 1556 1094
746 376 40
789 1652 1545
1675 1230 1571
841 918 1291
283 1005 707
1481 614 591
1053 1581 361
208 1683 937
830 138 737
822 1598 382
1525 652 92
227 1302 1801
668 339 1282
45 1448 277
561 380 487
1511 1850 157
1834 314 160
1848 843 1314
566 41 1844
1826 771 831
445 1067 1926
1803 1657 389
1091 1305 64
1249 554 48
1671 1312 149
724 1127 1840
1280 1892 1134
348 186 948
140 415 344
1040 1948 746
347 656 1029
1348 1171 1431
1807 792 62
971 1867 1471
648 283 977
6 1846 1296
619 249 1186
1230 1944 1950
1440 423 1339
927 1222 649
1649 853 1534
1597 235 1649
1002 263 115
308 932 1927
196 586 1740
274 753 250
271 1516 1825
303 960 196
811 1475 877
59 654 168
522 1465 983
115 70 1642
1620 566 1851
870 967 605
206 1177 167
1881 710 531
474 206 396
353 1861 1095
269 508 450
865 1639 1228
1683 1225 1317
1104 871 1355
837 1632 1882
1222 1641 420
1144 804 1885
396 1227 580
769 1017 114
815 1807 1235
433 971 950
74 403 1253
563 533 1190
1933 1255 466
1631 1613 1738
1892 836 911
1297 1190 736
978 1697 1090
1726 756 1340
228 167 443
908 1945 607
1221 1178 66
1192 544 1117
1142 1041 202
237 1833 940
299 1210 1376
1919 1058 238
1884 193 665
669 62 23
25 1184 1083
94 71 1821
1520 38 675
1643 166 1914
498 1317 955
413 605 388
1592 1424 849
499 909 1843
531 1084 1691
1790 705 637
177 1189 1362
981 516 760
455 1588 1694
213 927 1141
484 528 399
1459 1163 722
1181 1479 887
709 1815 846
1479 1242 669
1088 694 1600
1117 1618 1176
1719 393 558
612 181 1676
344 797 618
157 725 1839
653 201 128
159 402 888
1540 1470 294
1708 945 533
780 269 1445
286 1810 142
712 279 656
511 1353 680
1841 76 8
1496 1231 189
1347 183 843
1341 677 88
1219 491 1221
792 1196 828
1878 1640 1599
1045 1791 1530
718 742 817
1630 1415 1242
1727 103 1071
384 1805 1881
875 1619 263
258 1680 1059
1648 745 1752
272 182 271
494 1421 692
1232 537 1460
402 1922 1918
687 1144 256
265 781 426
1255 1279 1140
1068 1554 258
281 238 1523
657 1296 1869
61 741 855
1868 1254 1008
1926 307 1428
1899 1509 300
1411 35 1426
3 1719 1701
49 592 352
574 1917 1310
1130 1767 308
1380 168 749
539 335 1823
1575 1309 762
1835 867 779
1915 179 697
1126 1920 1758
1600 1497 1703
740 1891 1219
835 1935 275
90 691 1496
1866 1895 1827
897 1419 1205
451 13 1395
1681 596 1143
1246 19 1492
163 1751 1720
1483 707 1267
905 519 331
243 712 1157
495 1905 338
1335 598 1575
75 937 1942
526 1035 570
1119 39 1605
627 968 270
1290 1570 550
777 1889 847
1013 1663 1416
1874 37 794
1937 1869 1838
1761 1847 1257
617 1391 1612
405 1349 34
1430 1900 1477
1684 1316 185
1897 512 992
1164 1862 144
799 885 1073
636 366 1312
339 832 1907
376 436 112
1653 651 1048
23 602 1034
957 1927 1199
1097 1154 1466
820 124 1218
476 82 921
69 43 427
602 1530 1802
1243 1139 540
684 405 1696
1281 1191 1632
1374 1179 995
516 1206 90
189 650 1111
1475 1508 1610
1935 1406 935
1264 1402 614
1200 1083 12
1757 330 1447
665 1319 120
403 660 968
331 1009 907
1049 1607 1442
1882 139 741
1052 673 564
881 1238 1097
770 914 646
1409 923 657
1314 577 418
1165 1778 435
1174 214 678
1699 901 1761
567 414 1923
309 619 451
1303 1455 1519
604 54 1272
1148 1243 1878
462 56 1901
1736 531 13
1227 180 102
224 1505 1517
1911 420 1010
298 112 957
1898 1313 1514
814 952 1006
986 1665 1508
529 757 848
1030 390 776
934 824 1716
266 1343 1422
828 1024 511
1376 969 606
442 1738 1126
378 1651 700
703 1748 26
1931 749 797
1118 1044 1406
565 1416 1836
1901 1195 119
1793 731 1955
1510 1025 1319
956 861 1789
383 156 1113
672 883 1273
354 1290 1929
50 1216 593
148 377 264
83 1361 1818
1273 462 1259
1353 637 615
876 558 1723
1408 459 1280
1311 1941 123
919 1043 804
1858 1860 717
505 1100 612
1455 1258 927
847 1490 867
1082 1686 77
1792 696 104
607 484 1748
219 1934 1868
1319 104 1088
341 520 1252
710 862 724
968 1605 1727
54 1492 635
1918 1539 879
123 686 1258
294 428 1771
625 709 1165
365 1648 214
597 20 1862
1291 1592 784
856 1494 1011
1464 747 667
81 630 439
1938 1382 1281
1033 362 1005
1515 1569 1634
461 816 931
1869 892 1453
1607 1551 1210
1670 40 989
614 135 356
1770 1689 1130
111 785 687
399 1704 183
877 490 31
776 495 1064
603 1239 1147
456 657 590
501 1460 1715
1072 874 1653
491 563 1183
366 1217 1770
1432 246 43
375 723 110
1239 268 518
1209 1789 509
1169 237 918
1187 1315 1900
882 821 682
1378 1138 70
1772 17 668
1847 1051 1405
446 1769 1385
1171 685 335
1444 256 460
1879 1159 133
1569 1890 1106
586 1125 1456
1326 1645 1711
325 1340 1164
1867 270 1625
1585 944 1216
1345 223 1488
1177 1574 381
300 735 1464
1015 430 1224
840 1364 95
1849 399 1244
1840 50 648
1545 287 1706
1286 1085 1656
1328 326 82
982 1902 218
1852 903 1660
878 1589 858
983 116 1627
1096 1893 1750
1111 1599 1608
1189 683 111
1647 900 1623
43 305 1684
660 1799 1104
515 311 670
754 1630 1808
117 739 1484
288 1122 1889
1823 492 1573
1619 522 633
1098 724 1177
739 1910 1017
1061 18 975
263 1270 1263
1547 1071 661
465 669 371
797 1209 1330
843 1001 1135
87 820 536
1759 398 140
1225 466 171
1710 777 541
1533 1165 1024
801 550 1320
786 929 535
30 142 824
1499 371 33
1687 292 1587
1530 1584 1200
485 1454 853
414 1096 1618
324 1866 839
1802 1229 251
449 877 786
1452 992 1621
1900 1022 1112
1656 1463 482
1262 1420 496
1584 534 1061
44 1152 1671
1393 1565 461
55 1876 58
68 479 475
1740 1635 685
1234 220 932
460 1702 1665
1300 1031 229
834 1625 1735
958 1409 329
772 800 86
107 1622 1388
398 1764 205
1638 784 783
1472 370 1039
773 1843 980
1664 1334 364
819 1529 1744
1028 1056 821
1138 1137 1628
573 45 1148
1541 865 1037
401 1374 1897
126 1108 1948
682 1705 770
150 1660 134
1233 1647 1374
1389 1742 516
825 26 279
556 1070 1378
1075 185 503
1561 1489 1483
1929 1634 601
1215 663 882
1570 536 1959
1690 1730 1871
1336 395 1429
1006 1013 213
1302 324 1439
1026 1818 404
1563 240 1240
1133 795 1617
918 644 188
1308 1213 1206
831 259 6
1129 1350 523
1494 361 1606
253 165 625
800 11 392
1473 1877 50
296 1061 1586
1306 1332 1522
139 1908 117
39 1164 41
1785 802 1886
136 1836 1448
1623 1273 1875
1083 126 220
1173 1711 1544
1855 203 400
1941 109 1208
637 1383 49
980 1452 1559
478 810 1082
1827 831 576
1737 1506 954
1586 1604 1009
468 51 964
1893 59 702
429 1410 563
893 1174 1673
635 320 107
1568 1458 974
1228 273 1351
1706 232 727
1535 1395 1323
993 1110 708
1657 1293 623
1289 384 21
335 1888 1682
190 467 372
1723 1103 1874
482 1670 514
1800 1674 1554
1739 881 369
1019 729 1624
53 1428 556
985 791 1413
558 1090 445
1102 653 1845
560 1260 1833
1618 262 952
898 1473 74
1197 793 1438
899 1729 206
652 1699 674
976 628 1505
16 1405 453
108 936 801
1245 1155 131
874 1218 996
1639 1297 1922
1202 1126 813
1492 146 398
395 1256 268
1001 561 1589
1634 1664 1563
647 1085 1197
418 216 1811
137 959 1100
1551 1823 254
643 47 24
346 764 589
1509 1710 892
947 1758 1861
1655 984 1230
1512 127 1042
1087 768 1217
743 478 816
962 1106 336
1448 1474 534
183 664 530
1167 1857 79
1016 178 780
845 1338 1535
1709 342 80
902 465 1016
2 1682 306
321 30 363
1603 1870 1908
1342 1393 720
1924 24 190
1691 1356 1091
1861 1136 1056
1458 860 706
817 1063 259
322 234 1290
458 469 1481
1149 89 226
1193 1396 1152
1744 545 1243
1175 1346 904
609 789 89
784 31 1631
503 1532 639
1076 345 1835
407 514 1773
613 1308 494
261 926 886
1195 829 1236
1663 132 1110
26 880 57
787 1427 803
1362 364 1541
483 523 169
471 910 485
1845 1187 1367
960 1298 391
1377 244 1434
1860 412 600
1443 1079 1325
1609 1601 919
17 1147 1443
829 770 1945
1582 280 349
1383 1555 136
9 580 1115
373 939 529
1327 107 1755
1194 1521 314
1872 57 1810
58 1016 1531
1735 159 1935
1613 1401 1462
1626 1590 1390
1276 1845 1304
1430 777 1047
1796 636 417
1773 488 1373
147 1637 1297
40 1014 1754
282 175 1078
1060 973 1238
1871 1052 207
1214 475 905
543 1676 4
156 736 1331
389 1335 594
492 632 313
1358 471 808
1774 354 1066
872 1770 1211
1721 317 1085
1238 1360 507
1725 360 486
555 141 1937
1132 987 1779
127 1246 1566
1283 254 1924
21 1552 38
1035 1793 748
1299 846 883
1694 1430 490
1282 445 1555
1606 1700 1423
1500 474 1127
1902 12 1700
530 1594 1099
408 1441 809
230 252 1746
1857 668 1721
416 1205 37
1560 913 419
195 1513 1510
328 1671 65
1553 449 1160
105 947 1410
562 243 1341
345 870 100
1916 437 458
1485 115 1343
128 1267 1719
970 1608 330
1293 1181 87
1396 1236 1633
1591 1544 728
1733 1278 859
1766 1221 845
178 681 875
1446 676 997
1658 1287 526
633 1220 73
1476 547 1687
304 1558 401
1344 463 610
33 99 1595
928 849 1511
424 1337 386
473 635 897
236 1245 145
252 1459 20
1349 631 3
575 75 1472
810 1438 1794
1914 716 815
1854 623 947
1031 708 1925
632 982 876
606 1130 262
1357 1456 1369
608 609 574
886 1620 192
210 1418 864
1112 620 1417
1405 331 672
972 1838 502
1365 215 626
1797 1451 1766
842 442 1506
1504 1275 1863
1 1284 1911
479 1800 1299
1539 941 1322
1178 1197 1161
1804 809 1538
720 1849 953
1439 77 163
735 526 1159
1750 136 1270
1805 1864 693
1667 915 1837
656 755 650
207 1359 1860
239 1357 1086
864 323 287
1208 1088 663
1095 1550 694
1359 1062 1454
293 1813 1156
1453 1120 1062
467 1501 1828
1298 255 1241
791 751 979
245 1698 1688
1005 1461 838
1896 643 1316
734 431 806
1240 80 545
1312 776 1101
580 1347 380
249 1714 1533
1355 1741 310
277 1128 595
1730 1363 1172
722 1731 1699
1581 1023 579
