1851 1940
962 1010 1201
1432 795 1564
341 348 1142
1380 363 1873
927 246 663
801 1252 1235
229 1386 1356
61 808 362
26 664 932
300 642 333
1369 1522 802
680 1461 1196
1185 426 963
76 1700 302
425 1229 594
999 1009 980
156 1532 1409
1813 848 1221
390 342 327
875 485 1185
1655 810 776
973 677 960
940 73 638
750 1590 163
1076 119 1192
293 777 1676
1621 31 1421
779 1588 374
839 1206 1475
474 510 1084
1423 544 1322
1275 684 762
1776 1506 170
1471 1352 161
885 1090 828
877 1732 1625
580 1192 1418
1751 476 1689
161 1307 466
1513 556 1110
1669 1742 1645
755 1217 697
832 179 1300
898 734 198
1737 506 1295
98 600 83
1180 1041 1311
352 1819 1611
1723 996 1336
1617 1355 1302
1324 267 1171
809 1772 706
39 450 452
22 1063 1153
173 1573 1898
1266 874 331
1728 399 1675
1633 753 1693
287 1004 1117
307 1556 1723
1098 442 1843
1400 498 1725
545 1333 97
1599 33 104
200 1389 835
983 1463 1863
931 660 1280
739 187 120
219 588 586
1568 853 930
138 1480 796
1738 844 977
1760 151 1320
572 1046 1515
244 204 1696
573 390 731
1217 1240 190
1000 1544 1327
24 546 175
1826 713 207
216 1803 1505
342 955 924
1351 1304 46
1359 628 1636
1518 1082 1145
1298 1092 1930
872 946 927
1069 1785 326
236 1398 552
1081 1798 1780
326 917 1577
619 1651 1934
475 880 1255
1673 1558 157
650 678 1531
793 1511 971
1596 788 63
1439 1796 1118
696 369 1109
1149 592 1677
1662 389 1928
758 277 265
1766 13 197
419 706 64
1125 183 546
1548 1161 323
954 339 178
1114 1575 1096
1387 1704 1931
1586 1482 1575
1112 1630 891
444 278 356
625 432 1241
1060 365 1597
1718 1270 928
1207 1608 1337
1507 1313 1090
1831 21 1115
1458 1616 1123
344 477 68
1128 1697 944
1199 1276 1236
627 877 1916
37 1708 1680
68 141 870
1659 1657 557
1022 1264 1032
348 126 216
409 341 1770
1171 1017 1906
116 261 1046
242 344 1045
990 938 1602
314 1306 250
611 699 417
363 1020 1536
595 1519 721
1044 391 301
57 613 872
1455 551 1661
542 1208 248
96 1465 1699
147 1686 1612
516 236 1741
795 520 1732
374 1669 1671
746 57 1687
857 197 651
1386 812 1022
334 951 1405
1217 200 1406
346 290 1481
982 542 1404
785 1476 510
178 1146 1162
449 652 800
1233 1769 94
912 801 816
124 397 1151
1830 1661 1065
976 1366 34
731 1393 1570
924 1107 24
1006 131 678
83 55 449
1039 1659 1865
583 282 267
207 1100 1378
930 1227 874
800 454 33
559 165 1332
1428 1297 1173
886 994 548
1849 959 674
677 1737 79
804 87 1371
161 1262 472
1182 1788 107
166 716 1590
75 1485 1629
1583 356 1459
451 1752 1342
654 580 419
392 1054 590
282 1520 290
1634 939 1210
1523 1635 1936
358 437 222
761 1153 970
1007 736 77
920 602 1188
338 334 1219
357 186 1245
1403 1687 1124
630 1668 391
385 1576 1820
1358 167 103
609 1369 44
275 1410 343
656 1258 846
73 1589 215
581 760 1252
1345 1490 1572
1194 1380 976
180 315 1272
1075 560 1938
849 905 80
698 936 720
1129 1035 274
1707 830 1393
529 714 266
129 595 992
1378 1649 1082
461 578 505
1155 71 201
238 1163 128
1049 166 489
880 1190 1553
312 539 841
1744 1656 1352
748 269 719
1595 639 188
1086 1650 733
181 159 859
1210 223 1838
963 1273 1546
703 1682 1606
1196 1454 1720
158 229 1227
1141 1007 1180
770 1787 1809
780 473 1855
700 136 1154
1531 61 929
367 806 812
1120 319 777
981 675 1373
1253 283 1353
40 354 289
1501 329 868
1703 662 1229
1724 797 1579
1051 1211 1746
553 1443 531
230 926 1365
398 643 1306
701 200 1213
92 1799 141
853 1776 910
1648 621 134
861 29 975
322 464 351
310 407 897
908 876 423
883 300 409
1590 1456 1756
1657 563 540
1213 707 1450
18 303 1919
1750 1509 524
971 803 679
984 1749 445
111 24 1605
1618 784 608
1558 829 102
1746 1248 211
753 327 167
500 1673 860
340 636 1439
1526 1204 619
411 1462 1203
270 438 1204
160 1760 1402
841 2 209
362 409 1093
1059 1478 793
658 1341 1841
192 1274 1839
1757 741 649
1169 80 1691
541 1224 1019
452 731 613
329 169 905
501 458 431
987 720 1416
1773 824 920
279 954 1778
144 1561 1539
460 535 239
717 1332 185
396 306 765
32 1427 566
789 509 1669
1311 1293 1467
1410 856 1480
1235 1611 1282
945 1640 1624
653 386 324
86 96 1710
741 1132 1209
1556 1747 138
1820 1549 14
610 800 450
60 1031 818
1057 1517 873
454 406 686
1164 1329 1550
1352 58 1802
1124 83 708
54 1554 1063
153 1781 1228
1134 945 852
769 1628 1290
269 1268 1549
1638 1548 775
33 710 801
427 1144 1207
998 931 1518
1785 1361 1700
15 895 1511
710 367 881
504 690 1730
647 1542 106
1325 612 298
1015 1390 386
430 761 88
1398 1169 19
1411 1142 1832
1138 146 1574
836 974 1739
140 77 56
1562 763 1408
135 142 10
520 1008 658
1719 1679 957
49 823 512
119 1525 1587
1639 979 400
747 786 1935
1679 224 1341
1747 39 1641
117 1726 661
1492 1629 199
1156 14 1169
283 1214 1889
1328 374 1266
292 295 1292
1222 1508 1113
218 1660 1023
7 1847 959
1453 1296 252
1092 149 711
549 717 1073
831 1455 1731
1109 1706 1143
406 419 112
1466 1767 1777
714 899 1381
817 439 1721
903 195 1851
533 1755 1214
913 1837 8
114 1330 1703
524 353 1226
421 1744 563
281 585 1533
1264 227 420
1130 1022 1911
521 417 764
416 1625 1375
1616 1725 473
21 1765 525
688 1736 1417
1465 1314 28
1519 1197 1275
725 1011 635
910 1002 1501
1347 93 1682
1688 1118 660
494 849 982
1467 1613 810
1604 130 1449
182 1768 1223
1087 216 627
1809 1320 821
1070 1285 325
1365 1150 463
1588 1441 704
952 886 1678
681 1420 1926
337 147 195
720 1618 1344
1482 942 784
29 1605 1122
687 519 1924
1116 1771 974
862 1225 892
1421 878 1324
1375 640 407
607 759 338
737 983 1015
1126 153 1882
1110 18 1088
234 888 1551
827 1233 460
819 1119 1049
1561 966 399
84 1716 1131
1037 1179 255
1559 1555 756
842 103 1166
777 452 1755
551 724 1586
168 115 1613
525 1237 1035
732 1729 1639
1651 443 135
316 66 685
527 274 183
1470 655 367
623 1513 931
1524 1328 1224
517 597 254
751 577 1781
193 893 1346
1243 1597 1543
1314 839 646
1073 1311 847
1370 81 1910
1010 751 1828
328 259 284
1692 1394 634
1278 242 1465
197 1847 1158
1581 1109 1791
428 1841 1240
670 453 1568
1376 287 1208
1250 552 609
205 1067 1445
957 1377 1444
1147 320 1230
1300 670 815
19 1745 1496
1334 42 262
833 444 789
446 441 794
1085 842 1765
1816 1095 165
1123 682 303
17 410 1150
177 231 53
1029 221 933
1019 1114 1643
128 554 1747
220 536 1264
773 1342 1571
1498 719 948
82 1021 952
1781 793 405
283 1614 1734
321 1826 790
570 157 387
774 1817 1827
1294 74 503
202 1263 39
1753 1079 861
260 1848 1769
672 393 1767
614 1230 1374
965 1131 844
1293 903 177
733 1830 371
1792 792 1915
1602 1614 1733
387 1672 631
1772 1356 1064
1504 385 1922
1301 493 1440
781 1834 1251
917 766 1248
887 302 1552
1032 414 1578
162 1851 1312
1726 1794 990
1569 791 647
451 1684 956
1326 995 1498
1823 1180 217
869 1481 1813
1192 1470 1168
435 949 985
1740 1523 807
684 1429 1878
331 1023 1441
514 549 1435
258 630 1463
159 1186 1927
30 1302 893
190 240 668
1412 1821 1287
301 1714 1749
1177 433 465
188 1376 782
1542 1047 214
1495 1336 1779
719 132 751
109 361 1368
1505 1691 1542
1457 462 154
471 868 1904
1335 811 336
571 1404 1907
1103 918 688
148 516 1800
1454 836 1618
567 802 1504
199 1550 717
1257 394 565
1187 978 1128
1614 611 746
121 885 691
1842 826 667
1203 1266 260
812 379 372
227 383 1308
961 1690 851
1212 1392 1021
378 1032 574
1344 52 739
1020 1832 244
939 1128 1167
1802 589 1488
298 1228 1066
1837 1419 1758
515 740 1314
1646 1209 1010
1515 896 645
858 90 1433
764 363 257
1329 891 735
305 219 1559
1817 1415 1818
1582 340 855
1419 956 799
89 460 105
1587 1717 837
742 643 173
486 529 1509
1461 1130 788
1315 1534 1626
1190 196 89
707 318 1187
1840 264 759
870 1052 1666
807 1547 1743
1847 1541 126
1304 980 1620
1435 815 778
90 929 1163
1143 1582 1831
1722 1743 1673
1223 1280 365
1296 855 1157
339 279 519
247 1088 292
605 40 935
686 1777 962
1456 99 1234
1035 1362 1183
1292 1666 1279
1368 1174 1354
1176 172 1018
1377 1359 529
256 999 621
1804 1733 1412
1532 1337 1548
1628 780 1532
1094 1045 1808
1017 1807 1561
615 781 1457
355 1428 1121
113 1073 1044
959 718 1012
99 355 1902
44 1692 69
820 1188 894
463 1000 1206
16 370 1609
1517 1814 184
874 641 1614
150 722 840
1131 746 1297
1012 395 15
1653 305 753
1811 114 1683
505 866 1422
8 1151 1094
1759 1825 1478
518 226 889
189 950 1679
404 1368 1298
1448 1587 732
1016 1412 940
131 770 1648
407 161 1707
664 1251 1545
474 274 264
1360 586 439
954 517 1562
1388 845 710
1706 825 1464
1545 180 282
854 1812 1080
576 862 740
1303 698 1764
662 738 743
450 1232 1599
1601 1515 270
1716 402 1771
448 957 575
1097 879 1867
1287 1752 1835
61 162 916
1594 335 1020
1162 408 1736
673 1181 384
1848 579 1760
1068 1089 1638
941 534 1513
565 475 476
1449 779 1607
853 1249 1794
1404 357 432
405 931 376
198 1457 1627
707 468 1713
65 1843 23
55 1147 1380
960 1123 1237
1420 1467 1847
485 1027 1652
1174 1786 1658
972 1379 1534
1642 1414 538
1660 1081 427
691 1676 486
1575 1061 1761
895 1503 279
394 988 1913
1563 686 148
9 1222 983
1255 451 1288
1310 1125 760
365 756 1796
980 1492 1786
986 904 1011
648 434 334
938 952 1333
1337 351 379
996 723 342
434 1383 798
1585 1644 5
1698 1231 1735
937 1653 921
975 1716 1074
682 1622 523
825 245 500
1546 859 780
51 1723 1134
526 1626 684
263 465 724
679 1129 1401
366 504 174
1479 1426 1037
20 1538 730
174 311 1706
1522 1003 164
214 44 261
389 201 1664
646 1173 1233
884 387 1149
1782 709 1869
1535 919 671
482 1475 418
213 1294 306
1001 1698 1428
897 1243 514
400 17 1239
894 765 1826
949 838 522
786 1084 1697
964 185 1555
195 1043 1027
1108 1612 809
1158 1781 1301
1615 1499 42
1052 1735 1339
1211 1695 1170
1152 1353 1580
1754 189 1497
1191 1427 1715
1099 1312 1388
360 413 388
1620 915 1508
826 1305 52
176 594 1681
1647 1822 309
1161 1700 1888
599 1156 611
823 1546 352
478 923 1087
1225 721 1407
297 28 1670
14 1502 1633
1048 69 1242
803 747 518
626 1001 1565
154 975 221
165 337 208
566 364 137
1592 1813 1470
1430 1761 1837
1827 727 672
1018 1223 1711
1028 733 1604
1732 1489 1858
574 1291 1585
530 346 1484
445 420 676
716 249 76
904 832 603
1483 213 223
1277 703 1395
1481 43 541
640 1041 1892
772 1371 1436
876 1811 965
841 1597 530
506 1594 615
1418 1309 1318
1288 1642 1047
968 1808 617
317 267 1338
332 861 988
1263 1707 521
1061 10 1293
1818 739 749
151 84 748
1649 1699 968
784 19 507
1422 1149 1619
655 821 595
1084 505 1303
767 1201 1446
394 86 410
505 411 1640
1780 336 1782
106 702 554
145 345 654
1193 1284 1600
1367 332 32
1594 1350 1874
1656 1395 369
1259 593 291
859 1322 958
79 1527 1766
80 1369 1431
946 207 838
1381 1763 1471
604 388 1363
31 930 996
740 659 1383
1283 139 1410
1205 50 315
1438 1203 21
1506 648 236
1268 1267 559
63 1239 787
1484 171 669
388 1391 1132
550 37 504
1608 401 1267
771 796 393
564 1709 1317
918 1048 1701
598 1388 779
642 596 550
1516 198 446
1218 7 462
47 63 1506
624 1315 913
146 202 276
540 937 447
1271 1637 1538
1735 982 71
1745 1839 820
958 1325 662
590 134 545
548 916 156
993 154 316
792 826 11
333 1483 1905
834 1298 979
1597 1621 915
1408 1374 854
453 1722 493
787 548 1834
215 1829 695
991 1739 381
678 368 1848
1715 1058 235
437 647 853
1610 133 1136
1083 616 443
713 764 158
1799 1583 1541
66 1568 304
1096 3 999
950 1831 797
1204 298 385
712 513 907
1538 671 1819
143 1607 945
1843 692 1358
1395 646 1829
1320 1721 1389
1664 683 35
629 494 1129
914 508 867
735 11 1657
1040 1530 1525
167 296 1476
1668 1442 1535
1072 528 65
185 618 1719
1056 429 547
560 1074 769
442 1189 1635
1089 1795 592
602 620 219
796 757 1917
659 993 1148
798 1030 471
1437 122 1768
1117 1802 200
417 1447 428
808 1281 1486
622 375 904
1014 758 1821
64 1727 527
830 27 312
10 822 813
666 1474 806
379 1354 544
1658 1740 1527
1800 969 1631
440 1422 1784
1335 1762 224
690 570 268
1331 1565 467
318 1308 1695
797 1194 1709
1004 1448 883
1459 851 1875
499 1249 1712
470 809 830
1302 530 240
547 1097 1016
1573 1105 125
942 573 1106
324 1741 139
186 1108 305
871 889 169
1569 652 1220
25 1713 1584
374 25 1054
1348 989 943
706 1536 1759
1041 1584 1108
289 1078 321
1342 85 1744
1171 440 864
70 1632 1547
578 307 1072
1630 988 1357
1236 1436 1286
1021 1098 967
277 1016 600
157 524 1817
1810 89 111
1078 343 397
899 674 499
237 319 587
685 525 1704
1402 1026 1588
1645 847 253
1730 1545 1909
866 571 1493
1551 676 1705
393 252 1452
1292 486 1816
503 1158 1274
1326 711 849
1627 1487 283
1486 944 1343
302 1712 822
1425 1835 1309
911 1600 1569
1172 4 249
1478 561 1437
415 914 1438
1521 1148 792
1473 1029 937
1150 1059 805
191 322 624
847 1290 1191
1779 427 1326
353 1773 1672
285 1718 286
141 559 665
1537 1387 1349
1474 400 1225
867 148 82
1153 835 1147
1113 1310 1856
757 1039 87
354 1326 115
762 1659 234
532 68 70
1511 1255 421
1363 416 9
1317 635 453
528 457 1908
1321 1202 567
704 472 1271
1415 398 914
1198 507 1413
1554 852 1246
641 170 604
814 304 1850
426 1094 1197
1023 1005 878
1353 1533 121
1340 1678 824
375 976 1174
729 1053 955
1079 1514 458
601 1113 1141
1366 1070 1254
303 1604 1283
906 1793 459
1564 471 1662
709 614 1891
252 128 947
1557 206 487
1106 234 335
1643 1655 766
1105 1559 350
1246 1378 22
473 1571 1367
1796 927 568
1406 1134 13
104 326 1859
1063 107 738
223 1445 1114
189 1423 888
702 1068 750
856 191 1883
1099 1775 189
1234 1758 96
835 882 1051
671 672 1392
1220 977 396
78 1104 251
1784 970 204
105 164 72
1580 313 1567
794 968 804
502 1789 16
600 663 1598
95 1344 380
436 558 652
1417 1367 1078
1273 1466 492
640 1370 1685
1603 1121 1370
1286 1593 745
974 1017 1849
261 1162 485
1508 1689 1510
782 424 212
1636 120 1270
1565 1574 1062
1256 474 1384
1440 215 772
1042 819 1030
1189 1435 1469
203 162 819
495 837 1238
225 1774 1347
368 459 1642
1355 394 1033
439 1013 1146
1475 1235 1262
1619 188 1694
661 1779 1098
80 557 1674
1510 110 1360
466 1317 537
1258 211 657
730 666 584
1429 726 1024
402 502 1807
1013 1037 401
1121 922 869
1179 1798 1043
1714 1256 573
1632 729 281
382 908 625
271 1823 528
1631 1491 149
883 674 349
196 591 1013
383 1318 1526
1151 1347 1263
1178 496 694
1129 256 1617
1841 1343 1198
233 1764 997
998 1680 1788
222 707 127
1378 783 1003
91 285 1466
1409 1535 415
944 1521 1492
1339 1662 675
1626 467 1783
221 1278 1281
381 1282 1596
1725 1301 1218
323 1433 1940
1389 669 1017
114 84 583
1215 1606 132
708 892 131
391 850 742
1434 1334 1698
1819 1437 406
1490 212 1893
788 1136 972
1405 484 1718
458 667 1900
882 1034 877
1829 1464 1918
1316 184 1785
87 106 1176
1729 112 1650
164 745 1364
617 866 1376
217 1327 1608
1736 1191 994
103 750 310
1548 1753 477
351 1111 160
23 1259 534
48 1038 1644
1416 449 1177
118 235 1359
1815 1526 1651
1684 1236 1668
276 155 885
155 1670 353
1270 422 666
613 228 1350
184 36 1483
575 1432 1502
1064 281 984
1385 1664 1085
1373 950 614
85 789 1454
1845 1838 213
775 619 1803
919 1693 30
1139 403 1079
1349 1804 1456
778 1124 712
900 1200 403
410 1479 1576
1306 858 117
1122 1287 1491
490 1170 1425
1710 38 275
1825 1524 598
1267 1719 1868
776 30 108
264 705 1530
596 704 1007
246 1470 1790
1821 455 1573
1834 1450 1520
1413 816 1256
1170 1335 1285
1081 884 1717
637 768 1268
510 88 871
638 466 1880
967 1836 880
667 1833 99
77 237 40
123 118 1396
237 533 1815
592 408 348
274 1639 966
1393 1250 118
543 1472 1299
508 1665 59
1166 1241 98
902 1060 1411
1115 1069 1864
1512 203 582
1357 1066 394
947 813 119
3 1675 194
163 1300 1495
1560 1578 1330
1576 782 1222
969 575 520
1472 1649 829
1074 665 1455
1500 1028 408
1132 1529 781
1046 1754 1899
721 1784 670
1678 645 1774
1356 1440 814
38 1323 1886
618 869 1260
1034 843 1522
1806 1512 1460
669 205 949
1452 328 3
412 767 355
1237 1358 1789
1451 517 85
586 854 1004
985 587 925
1637 315 843
1820 1466 682
1756 480 451
295 1076 159
81 492 1473
364 841 54
1565 1718 233
1374 1340 1929
1372 323 1348
683 1658 564
932 890 434
1794 23 1323
1828 35 1582
1197 948 1276
829 499 155
35 214 560
1433 144 1726
1525 135 1345
1787 1185 411
1295 1219 532
46 51 491
1598 1363 344
538 1319 699
503 934 51
790 70 1595
1043 1112 172
56 1748 946
589 293 1637
373 1842 1057
320 762 1068
299 222 1474
330 423 1844
1734 1840 230
1605 782 1291
1697 638 1740
1392 1015 570
433 1778 1659
1739 362 20
101 1075 1458
925 1288 553
127 1299 191
587 163 1351
1362 1295 1258
1095 1688 917
951 156 25
115 190 1896
744 1715 1772
327 804 1901
304 1096 12
1742 1663 942
606 377 1029
953 700 1397
675 1585 1754
1690 1207 1
380 284 1529
1322 799 271
597 1103 272
722 271 1485
1050 1183 588
966 735 317
1008 503 438
943 1702 300
1031 1417 186
1567 469 1514
831 1341 1400
1239 1751 247
315 818 361
432 488 1372
647 1548 1429
34 605 1472
1635 1845 1041
1464 865 192
1206 1257 875
1327 831 18
1262 232 1127
873 1627 383
893 1374 422
1733 1406 923
674 1494 364
1228 1135 229
749 1516 311
697 1265 241
756 941 442
1667 581 1398
408 1728 1315
588 1694 681
468 299 569
1536 67 6
914 280 122
846 965 640
879 907 1000
591 537 689
1394 574 436
734 247 113
1338 607 716
718 1488 1825
687 540 1884
343 1827 193
1735 373 939
1350 199 1792
738 1375 481
1272 1254 1366
43 1055 1443
922 359 480
1209 531 202
534 598 1742
1708 309 950
1793 1246 93
1279 681 1102
692 268 1665
933 998 1190
1313 1178 1426
1676 728 1138
905 294 1845
1625 1572 1005
5 1199 1026
1463 49 456
1450 1677 1394
936 1569 346
1146 97 783
246 1439 1105
1579 893 1377
197 901 993
1528 1641 936
1850 1424 205
1243 1824 1490
88 241 903
1570 173 375
1087 794 1161
1188 1757 1442
1765 288 1419
935 1824 571
1102 987 67
1534 428 1039
645 1408 296
1274 653 951
431 606 1793
139 564 1103
1694 540 887
1249 1820 501
455 1085 653
1003 116 1554
632 1141 313
130 685 1181
1251 1364 347
1005 532 747
694 258 1866
122 1648 45
16 1240 1708
1093 347 593
120 421 602
108 1357 1116
1200 91 43
892 1711 696
727 928 50
1622 725 754
1663 730 1601
1261 1093 1386
689 1324 246
728 1165 1763
1055 1750 526
818 1303 908
840 1634 1487
438 1610 47
1791 871 484
1641 452 1628
386 599 536
1600 1065 1232
1165 233 1507
535 310 785
1431 209 741
1144 501 1737
423 1596 73
639 610 1447
1716 425 31
557 1669 1159
1247 673 398
1637 1261 1646
1468 1654 918
1721 658 78
763 1647 1331
1184 1216 1890
848 1416 1126
1312 176 1328
467 798 171
1701 181 659
239 555 1653
1045 352 1385
1024 873 49
1549 1580 116
1011 1269 744
489 1801 698
492 1703 1489
294 691 340
1230 26 182
1680 911 906
356 755 392
556 1430 1165
948 1345 425
802 986 1001
1460 436 1156
1219 1137 922
1157 137 1075
1396 12 1189
4 875 220
1356 445 238
429 45 572
511 1080 1656
1767 963 7
21 938 886
654 1535 825
715 1451 1069
507 846 1009
1761 776 1523
1671 1623 1762
1574 15 771
1276 1459 1059
1444 415 245
539 145 1249
582 1666 961
1445 1286 508
1699 1782 1420
628 1762 987
254 72 176
232 615 1215
319 523 237
577 1592 470
1683 625 370
175 541 1060
555 651 1269
1047 1815 168
1426 1051 1692
249 1495 639
824 545 358
1118 840 1654
1202 1500 773
843 491 995
1346 350 1335
1579 960 1305
171 1271 1887
53 76 703
201 297 827
916 218 1716
636 1501 1801
401 262 973
1462 629 210
1237 478 1265
660 257 734
881 1599 1111
1763 622 1199
1119 634 1231
890 1133 1854
742 961 1212
1336 584 673
1469 1253 273
1491 1469 1623
115 785 153
267 689 150
464 920 151
172 1705 713
142 317 332
1762 1117 17
142 119 774
1002 53 1119
768 1633 576
1803 490 938
133 1157 1494
422 900 1563
1104 182 285
309 964 373
1027 633 37
1805 820 1278
1163 962 1369
1502 358 27
1289 335 597
1734 2 1787
42 113 1833
1030 117 1092
635 446 1259
1689 1086 1724
1650 497 687
469 1195 1216
1764 1674 1836
72 1351 768
1343 260 1451
1333 967 539
851 1683 1462
531 321 496
1090 1056 737
399 1171 911
1778 1238 912
1612 301 269
3 102 479
1709 1505 495
1717 1122 1277
1577 1275 1250
1844 1372 441
540 1076 440
349 263 755
1142 1643 1321
12 1791 1804
462 487 382
347 1025 258
1539 46 1432
306 1540 901
1661 1279 1727
1801 79 1081
291 1091 1130
1186 495 1086
240 316 581
169 910 1186
1173 932 181
1496 248 1140
1584 376 1752
1208 1247 1434
272 748 497
1137 140 612
259 1167 433
1170 216 1034
705 105 294
1466 861 1857
1682 522 998
766 973 722
418 1477 770
1530 1373 1217
1774 1766 1152
134 291 1178
1245 547 29
512 94 833
1071 657 1925
483 418 599
67 1033 1932
1477 953 295
838 1714 152
1485 1143 1728
1383 190 1076
384 1497 729
170 1321 1205
1241 1044 848
743 1790 1310
1822 1245 533
1695 101 1340
865 1591 1273
149 1553 1091
1082 623 1036
558 5 899
1221 75 1414
1354 32 1125
1499 773 444
1281 1537 701
413 1205 488
1135 1234 1519
1741 644 1894
901 1138 377
1693 1543 1077
262 742 1610
370 1425 517
1380 1636 81
1593 1106 791
1140 981 1316
1168 543 705
1749 1631 549
179 712 991
296 512 320
644 774 1558
350 624 630
132 1050 1211
1319 912 74
1572 984 1937
562 1213 1853
1391 1175 318
554 1510 1499
1576 79 1101
211 1780 1797
1677 1262 1139
907 921 1361
522 59 1852
593 521 832
459 568 1025
124 1231 856
477 1552 1750
1244 1518 1202
552 1567 1097
1685 1746 95
1175 1620 578
781 279 366
676 1349 644
537 1407 834
994 470 136
1136 1042 1824
1390 1671 795
335 787 288
1566 1446 1684
212 143 817
45 479 509
27 54 426
816 1402 1702
620 1218 607
253 744 226
1748 1449 884
102 1312 577
278 1164 314
783 1226 307
1062 771 404
376 483 482
1442 384 218
97 1453 1289
726 1724 693
995 1155 1690
1332 1338 1593
442 1690 1512
1252 603 542
1088 174 1862
888 992 580
1077 254 610
1154 1062 1415
94 538 2
878 1806 718
1824 971 1881
1191 1072 978
799 1024 437
273 225 909
208 947 162
1623 412 457
280 405 203
1039 178 1100
1743 138 329
487 1049 110
657 1431 1089
1111 553 91
1731 1172 483
805 1382 242
665 1850 700
699 1127 1647
1790 1220 1160
1100 270 1870
372 1102 876
1704 396 728
1494 1292 413
1552 1087 337
711 688 896
480 1115 1615
58 569 179
1755 56 1805
1183 1400 1616
255 317 1557
1401 661 1776
643 583 1172
582 1269 1040
1553 1586 114
1591 632 981
50 1244 618
544 754 761
668 1581 1304
855 312 133
194 1139 1686
1436 48 726
693 1810 263
1305 650 227
1609 749 632
1067 134 1061
397 696 589
752 158 1503
1091 1348 48
828 217 143
519 251 414
1195 1484 591
1795 1696 1589
1786 1770 1592
889 1418 1028
612 601 516
1167 1140 752
509 160 558
1058 566 1773
1771 1685 1795
844 1283 1403
988 371 297
1835 98 36
633 1667 551
1446 743 636
621 330 1313
860 515 180
616 679 1810
13 272 857
204 1401 1822
997 860 715
1624 790 1811
481 925 839
926 1403 84
313 431 1175
760 1800 629
290 1083 416
1681 41 757
791 514 341
1226 489 1002
1514 1638 454
634 1551 1067
1127 863 41
1181 1624 1325
1541 1797 1581
1397 276 605
915 382 1846
769 9 1058
1727 817 1070
266 737 642
1160 1346 1334
1520 1277 1382
948 635 1933
241 435 1355
1711 62 831
1808 1409 643
928 152 1184
257 78 1775
1700 1012 140
1260 1468 953
1443 985 1872
2 253 680
1480 1035 1257
868 1019 555
1543 1570 1923
652 208 1071
1789 1154 293
496 1335 714
1361 1316 146
243 572 919
1509 649 562
126 833 1008
187 125 57
112 668 26
1699 640 100
1798 1187 389
1364 108 601
1607 1120 124
1812 732 707
1408 1775 378
479 500 596
603 210 1540
498 883 986
1675 497 1603
821 654 147
1036 1168 1914
811 1507 38
359 637 1556
1654 1566 280
1065 1595 1379
125 617 58
1286 1845 1006
456 567 862
1476 626 75
837 1504 692
923 1405 1048
107 1577 142
754 478 319
288 1040 786
1201 627 1544
759 1730 363
152 1458 895
1770 752 900
308 1397 677
1282 772 606
1652 711 1296
11 92 863
1752 693 299
1265 419 725
546 958 866
663 1486 637
689 1469 1939
1493 1421 702
251 404 1390
1076 292 1104
813 562 1052
513 775 836
226 1331 228
1427 687 359
465 1617 1745
1323 1849 60
929 1339 1427
1851 1064 62
414 266 1164
1297 1071 1453
1025 1250 1482
59 324 1823
955 902 322
210 291 354
286 1652 145
561 250 475
864 527 461
1299 150 664
1665 47 626
1393 1057 1319
268 1609 1921
1414 372 330
110 656 1182
970 239 144
6 1471 1253
1384 1116 556
1066 8 882
1814 1399 1722
1318 447 243
209 1413 455
1503 1557 1860
336 1619 502
1629 909 1528
62 1176 1871
136 127 1461
93 1036 1814
443 511 1200
1578 1844 412
695 898 256
1644 1272 1885
248 1628 535
1691 1014 879
1488 1460 628
345 402 648
1487 870 1362
810 1816 1307
441 1210 616
1846 576 448
1605 1563 767
1589 1444 469
1269 565 845
1674 1193 468
1054 1212 129
1768 940 620
850 430 1194
1033 481 1621
1355 864 1135
1720 293 1660
921 1681 1594
206 518 357
563 22 287
493 407 506
28 867 90
977 1615 424
137 378 758
651 461 1038
301 1818 858
1836 273 1056
36 1411 656
1758 1846 1423
1162 609 1031
231 695 1144
1242 1006 1099
497 769 435
1407 175 1247
536 872 1284
457 286 633
1705 526 1622
1640 392 655
745 318 1521
1330 805 1903
1672 1215 1876
956 314 515
1550 230 1391
395 604 308
311 631 1083
322 991 1448
1713 1101 1591
1529 333 1895
420 990 1014
765 104 579
1240 1242 231
1489 694 1630
992 1564 1634
1159 100 1877
723 1182 490
1807 1498 1753
1533 1574 1112
1687 1496 902
909 123 890
1611 1385 543
1213 238 823
1497 1159 196
1214 1598 850
1133 778 1632
979 265 1729
1227 897 1537
1555 1473 1243
585 360 690
1148 1805 464
523 129 430
472 1196 826
224 308 1840
265 827 561
1797 1438 328
1053 680 1424
245 997 808
284 935 623
1309 1792 1430
1101 381 723
1441 338 225
1838 82 278
1686 1365 1830
815 482 277
1769 1603 1861
978 220 61
736 1539 1179
371 1452 1261
1308 1645 1649
71 807 641
1839 1198 811
100 1560 989
1067 701 941
896 1184 360
183 1601 1524
1540 1646 1517
1382 1221 1399
777 1720 232
1371 1166 926
1399 1528 1468
1544 1177 727
1216 924 964
863 828 1748
1547 1434 1842
1248 380 1560
1613 275 66
447 608 1120
1832 194 166
361 814 1294
1127 1602 622
1285 906 1095
1026 1384 683
1229 1077 1583
1533 991 1751
1477 1234 1663
1107 1738 4
398 697 763
569 1783 865
1527 1381 1799
325 1158 1812
579 857 494
235 1360 1920
1238 331 1107
476 508 1566
228 933 402
1777 60 969
1712 366 1244
934 1440 1757
631 1579 1137
52 1756 1387
1232 192 709
649 1018 345
1606 1289 1329
488 463 954
424 1701 736
403 1531 1050
250 1160 1500
1341 1759 1806
1833 16 1193
1080 913 1912
1 1493 55
1571 894 1133
1280 177 1053
724 863 1195
69 124 585
1254 1562 1798
584 20 511
1231 168 803
1670 111 130
1307 289 513
491 1809 934
369 715 898
568 244 429
1290 1734 368
377 121 1897
1291 64 650
1145 1161 1688
1788 6 474
891 972 123
822 834 842
608 943 1055
1038 1126 259
41 34 1879
1424 456 1738
852 1710 478
1702 1828 1667
310 65 395
806 1731 1477
84 1260 390
845 95 498
484 243 101
74 1396 1155
1379 1152 86
1447 1 109
1783 881 1479
589 448 1655
594 109 92
1696 349 339
989 1110 187
1239 1460 1516
1224 550 206
1284 887 1714
1009 708 1042
