321 352
255 141 104
141 125 226
125 165 116
165 260 167
260 299 305
299 306 32
306 99 65
99 195 26
195 226 217
255 226 170
45 308 221
308 110 125
110 63 91
63 136 161
136 132 328
132 145 92
145 97 271
97 135 223
135 156 110
45 156 311
184 109 155
109 296 194
296 133 135
133 196 198
196 318 53
318 198 8
198 257 265
257 67 181
67 175 301
184 175 288
112 37 327
37 249 6
249 199 157
199 122 348
122 163 115
163 169 347
169 176 247
176 211 149
211 143 260
112 143 66
154 17 343
17 238 233
238 282 293
282 49 242
49 104 255
104 271 207
271 202 48
202 20 47
20 212 182
154 212 109
231 57 81
57 284 98
284 208 25
208 261 280
261 200 251
200 287 266
287 53 195
53 244 100
244 26 320
231 26 138
307 60 196
60 181 351
181 62 179
62 215 146
215 42 7
42 123 40
123 239 120
239 276 180
276 115 239
307 115 277
130 120 325
120 265 199
265 264 75
264 252 140
252 4 73
4 89 105
89 278 329
278 157 197
157 40 173
130 40 243
47 102 51
102 303 137
303 291 281
291 205 136
205 256 232
256 258 164
258 190 172
190 221 99
221 277 337
47 277 302
214 155 13
155 66 16
66 166 352
166 290 119
290 119 323
119 114 294
114 289 156
289 118 52
118 30 88
214 30 58
140 46 192
46 281 175
281 50 210
50 317 1
317 1 76
1 309 291
309 316 342
316 34 245
34 178 50
140 178 19
288 180 267
180 11 292
11 250 222
250 300 213
300 225 35
225 117 3
117 91 124
91 96 212
96 266 94
288 266 67
106 172 220
172 191 335
191 243 206
243 127 117
127 59 12
59 5 128
5 319 216
319 194 126
194 293 346
106 293 176
71 149 284
149 280 314
280 80 332
80 254 244
254 209 23
209 51 84
51 229 82
229 108 60
108 251 256
71 251 74
183 148 158
148 68 177
68 272 269
272 27 278
27 72 215
72 144 64
144 146 263
146 292 303
292 137 38
183 137 178
153 192 166
192 248 276
248 131 204
131 247 159
247 160 21
160 315 97
315 25 33
25 7 141
7 311 154
153 311 319
6 15 14
15 233 229
233 283 214
283 61 86
61 210 338
210 23 151
23 48 4
48 18 313
18 83 340
6 83 10
142 28 190
28 269 87
269 113 79
113 124 339
124 151 102
151 90 130
90 95 142
95 101 150
101 55 63
142 55 68
268 44 28
44 304 49
304 105 249
105 98 209
98 152 203
152 58 253
58 128 237
128 56 225
56 31 349
268 31 171
43 242 261
242 217 101
217 16 321
16 253 22
253 64 57
64 21 61
21 164 78
164 302 24
302 224 72
43 224 290
8 171 205
171 235 306
235 77 185
77 270 153
270 2 201
2 234 123
234 54 46
54 246 336
246 87 184
8 87 103
103 298 248
298 213 118
213 161 114
161 12 163
12 297 145
297 275 127
275 14 9
14 236 345
236 10 326
103 10 121
286 177 11
177 267 113
267 310 18
310 203 240
203 207 188
207 241 2
241 92 264
92 9 250
9 263 162
286 263 310
274 232 318
232 230 85
230 100 42
100 24 257
24 39 285
39 84 295
84 88 187
88 111 274
111 294 69
274 294 224
170 312 304
312 206 44
206 32 80
32 320 134
320 173 108
173 94 272
94 73 37
73 93 211
93 222 183
170 222 228
228 74 55
74 116 307
116 245 186
245 13 262
13 174 45
174 81 139
81 188 234
188 107 309
107 121 334
228 121 39
138 78 191
78 220 254
220 223 147
223 65 227
65 126 27
126 41 56
41 85 111
85 75 316
75 227 143
138 227 275
70 38 17
38 204 246
204 197 286
197 134 238
134 159 270
159 168 152
168 147 70
147 22 144
22 187 315
70 187 54
273 314 83
314 33 312
33 69 344
69 237 131
237 162 235
162 219 273
219 285 350
285 295 30
295 35 333
273 35 200
189 52 106
52 185 112
185 216 43
216 305 96
305 193 236
193 36 308
36 313 324
313 158 299
158 201 298
189 201 330
182 29 29
29 139 90
139 167 148
167 76 241
76 3 5
3 150 202
150 301 252
301 259 296
259 19 258
182 19 230
79 186 20
186 179 282
179 262 168
262 279 132
279 86 279
86 218 268
218 240 331
240 129 231
129 82 160
79 82 59
255 45 193
132 184 341
318 112 95
163 154 297
104 231 71
200 307 219
42 130 31
4 47 15
256 214 77
119 140 300
165 288 317
225 106 133
59 71 289
209 183 259
72 153 122
160 6 208
210 142 89
151 268 165
152 43 174
64 8 169
306 103 322
297 286 107
207 274 41
39 170 283
173 228 218
174 138 129
126 70 36
159 273 34
162 189 189
193 182 287
305 79 62
1 321 93
