1800 2000
1 4 476
4 5 766
5 6 484
6 7 725
7 8 603
8 9 498
9 10 615
10 11 705
11 12 508
12 13 742
13 14 604
14 15 414
15 16 578
16 17 514
17 18 731
18 19 404
19 20 460
20 21 429
21 22 497
22 23 720
23 24 594
24 25 681
25 26 746
26 27 659
27 28 596
28 29 499
29 30 765
30 31 670
31 32 443
32 33 653
33 34 612
34 35 683
35 36 556
36 37 509
37 38 627
38 39 628
39 40 671
40 41 422
41 42 713
42 43 449
43 44 617
44 45 750
45 46 756
46 47 491
47 48 736
48 49 684
49 50 493
50 51 706
51 52 412
52 53 564
53 54 593
54 55 434
55 56 780
56 57 632
57 58 572
58 59 607
59 60 759
60 61 411
61 62 573
62 63 423
63 64 777
64 65 678
65 66 691
66 67 749
67 68 525
68 69 785
69 70 694
70 71 506
71 72 477
72 73 663
73 74 472
74 75 571
75 76 682
76 77 465
77 78 441
78 79 457
79 80 482
80 81 494
81 82 641
82 83 500
83 84 660
84 85 563
85 86 666
86 87 778
87 88 402
88 89 496
89 90 584
90 91 515
91 92 504
92 93 466
93 94 635
94 95 536
95 96 551
96 97 495
97 98 588
98 99 406
99 100 779
100 101 558
101 102 668
102 103 693
103 104 531
104 105 433
105 106 709
106 107 699
107 108 579
108 109 530
109 110 552
110 111 786
111 112 510
112 113 438
113 114 454
114 115 437
115 116 503
116 117 667
117 118 458
118 119 730
119 120 774
120 121 654
121 122 747
122 123 790
123 124 523
124 125 712
125 126 591
126 127 492
127 128 733
128 129 448
129 130 524
130 131 642
131 132 582
132 133 680
133 134 609
134 135 453
135 136 741
136 137 738
137 138 788
138 139 413
139 140 570
140 141 519
141 142 760
142 143 400
143 144 577
144 145 589
145 146 431
146 147 748
147 148 606
148 149 647
149 150 781
150 151 513
151 152 625
152 153 648
153 154 784
154 155 439
155 156 685
156 157 557
157 158 772
158 159 636
159 160 522
160 161 732
161 162 602
162 163 452
163 164 505
164 165 461
165 166 674
166 167 567
167 168 618
168 169 701
169 170 752
170 171 548
171 172 679
172 173 743
173 174 644
174 175 690
175 176 490
176 177 483
177 178 425
178 179 626
179 180 521
180 181 555
181 182 658
182 183 435
183 184 624
184 185 599
185 186 430
186 187 526
187 188 450
188 189 459
189 190 776
190 191 528
191 192 586
192 193 721
193 194 770
194 195 527
195 196 723
196 197 735
197 198 716
198 199 417
199 200 675
200 201 650
201 202 502
202 203 580
203 204 751
204 205 501
205 206 486
206 207 590
207 208 547
208 209 661
209 210 629
210 211 758
211 212 689
212 213 619
213 214 534
214 215 783
215 216 540
216 217 569
217 218 771
218 219 462
219 220 700
220 221 620
221 222 487
222 223 535
223 224 436
224 225 634
225 226 488
226 227 697
227 228 456
228 229 773
229 230 533
230 231 787
231 232 445
232 233 616
233 234 739
234 235 611
235 236 424
236 237 597
237 238 408
238 239 605
239 240 399
240 241 664
241 242 475
242 243 665
243 244 610
244 245 715
245 246 637
246 247 673
247 248 446
248 249 763
249 250 727
250 251 419
251 252 415
252 253 418
253 254 677
254 255 529
255 256 734
256 257 688
257 258 468
258 259 532
259 260 598
260 261 600
261 262 587
262 263 762
263 264 614
264 265 565
265 266 656
266 267 707
267 268 447
268 269 542
269 270 507
270 271 585
271 272 729
272 273 469
273 274 714
274 275 724
275 276 754
276 277 651
277 278 489
278 279 421
279 280 645
280 281 403
281 282 717
282 283 463
283 284 737
284 285 464
285 286 471
286 287 698
287 288 485
288 289 405
289 290 455
290 291 728
291 292 575
292 293 481
293 294 518
294 295 397
295 296 432
296 297 517
297 298 687
298 299 426
299 300 451
300 301 560
301 302 633
302 303 676
303 304 581
304 305 722
305 306 516
306 307 470
307 308 710
308 309 669
309 310 622
310 311 410
311 312 549
312 313 630
313 314 545
314 315 407
315 316 554
316 317 646
317 318 442
318 319 702
319 320 544
320 321 662
321 322 726
322 323 652
323 324 562
324 325 428
325 326 692
326 327 638
327 328 537
328 329 740
329 330 764
330 331 623
331 332 744
332 333 639
333 334 427
334 335 767
335 336 775
336 337 745
337 338 568
338 339 753
339 340 696
340 341 695
341 342 538
342 343 686
343 344 512
344 345 719
345 346 474
346 347 791
347 348 511
348 349 789
349 350 595
350 351 576
351 352 539
352 353 473
353 354 718
354 355 553
355 356 621
356 357 444
357 358 703
358 359 574
359 360 613
360 361 541
361 362 479
362 363 631
363 364 649
364 365 608
365 366 478
366 367 543
367 368 561
368 369 782
369 370 672
370 371 559
371 372 768
372 373 761
373 374 398
374 375 711
375 376 655
376 377 583
377 378 467
378 379 640
379 380 401
380 381 755
381 382 550
382 383 601
383 384 592
384 385 704
385 386 420
386 387 520
387 388 566
388 389 708
389 390 546
390 391 769
391 392 657
392 393 757
393 394 643
394 395 416
395 396 440
396 397 409
3 397 480
2 3 1764
2 398 292
398 399 371
399 400 237
400 401 140
401 402 377
402 403 85
403 404 278
404 405 16
405 406 286
406 407 96
407 408 312
408 409 235
409 410 394
410 411 308
411 412 58
412 413 49
413 414 136
414 415 12
415 416 249
416 417 392
417 418 196
418 419 250
419 420 248
420 421 383
421 422 276
422 423 38
423 424 60
424 425 233
425 426 175
426 427 296
427 428 331
428 429 322
429 430 18
430 431 183
431 432 143
432 433 293
433 434 102
434 435 52
435 436 180
436 437 221
437 438 112
438 439 110
439 440 152
440 441 393
441 442 75
442 443 315
443 444 29
444 445 354
445 446 229
446 447 245
447 448 265
448 449 126
449 450 40
450 451 185
451 452 297
452 453 160
453 454 132
454 455 111
455 456 287
456 457 225
457 458 76
458 459 115
459 460 186
460 461 17
461 462 162
462 463 216
463 464 280
464 465 282
465 466 74
466 467 90
467 468 375
468 469 255
469 470 270
470 471 304
471 472 283
472 473 71
473 474 350
474 475 343
475 476 239
476 477 1
477 478 69
478 479 363
479 480 359
480 481 395
481 482 290
482 483 77
483 484 174
484 485 3
485 486 285
486 487 203
487 488 219
488 489 223
489 490 275
490 491 173
491 492 44
492 493 124
493 494 47
494 495 78
495 496 94
496 497 86
497 498 19
498 499 6
499 500 26
500 501 80
501 502 202
502 503 199
503 504 113
504 505 89
505 506 161
506 507 68
507 508 267
508 509 9
509 510 34
510 511 109
511 512 345
512 513 341
513 514 148
514 515 14
515 516 88
516 517 303
517 518 294
518 519 291
519 520 138
520 521 384
521 522 177
522 523 157
523 524 121
524 525 127
525 526 65
526 527 184
527 528 192
528 529 188
529 530 252
530 531 106
531 532 101
532 533 256
533 534 227
534 535 211
535 536 220
536 537 92
537 538 325
538 539 339
539 540 349
540 541 213
541 542 358
542 543 266
543 544 364
544 545 317
545 546 311
546 547 387
547 548 205
548 549 168
549 550 309
550 551 379
551 552 93
552 553 107
553 554 352
554 555 313
555 556 178
556 557 33
557 558 154
558 559 98
559 560 368
560 561 298
561 562 365
562 563 321
563 564 82
564 565 50
565 566 262
566 567 385
567 568 164
568 569 335
569 570 214
570 571 137
571 572 72
572 573 55
573 574 59
574 575 356
575 576 289
576 577 348
577 578 141
578 579 13
579 580 105
580 581 200
581 582 301
582 583 129
583 584 374
584 585 87
585 586 268
586 587 189
587 588 259
588 589 95
589 590 142
590 591 204
591 592 123
592 593 381
593 594 51
594 595 21
595 596 347
596 597 25
597 598 234
598 599 257
599 600 182
600 601 258
601 602 380
602 603 159
603 604 5
604 605 11
605 606 236
606 607 145
607 608 56
608 609 362
609 610 131
610 611 241
611 612 232
612 613 31
613 614 357
614 615 261
615 616 7
616 617 230
617 618 41
618 619 165
619 620 210
620 621 218
621 622 353
622 623 307
623 624 328
624 625 181
625 626 149
626 627 176
627 628 35
628 629 36
629 630 207
630 631 310
631 632 360
632 633 54
633 634 299
634 635 222
635 636 91
636 637 156
637 638 243
638 639 324
639 640 330
640 641 376
641 642 79
642 643 128
643 644 391
644 645 171
645 646 277
646 647 314
647 648 146
648 649 150
649 650 361
650 651 198
651 652 274
652 653 320
653 654 30
654 655 118
655 656 373
656 657 263
657 658 389
658 659 179
659 660 24
660 661 81
661 662 206
662 663 318
663 664 70
664 665 238
665 666 240
666 667 83
667 668 114
668 669 99
669 670 306
670 671 28
671 672 37
672 673 367
673 674 244
674 675 163
675 676 197
676 677 300
677 678 251
678 679 62
679 680 169
680 681 130
681 682 22
682 683 73
683 684 32
684 685 46
685 686 153
686 687 340
687 688 295
688 689 254
689 690 209
690 691 172
691 692 63
692 693 323
693 694 100
694 695 67
695 696 338
696 697 337
697 698 224
698 699 284
699 700 104
700 701 217
701 702 166
702 703 316
703 704 355
704 705 382
705 706 8
706 707 48
707 708 264
708 709 386
709 710 103
710 711 305
711 712 372
712 713 122
713 714 39
714 715 271
715 716 242
716 717 195
717 718 279
718 719 351
719 720 342
720 721 20
721 722 190
722 723 302
723 724 193
724 725 272
725 726 4
726 727 319
727 728 247
728 729 288
729 730 269
730 731 116
731 732 15
732 733 158
733 734 125
734 735 253
735 736 194
736 737 45
737 738 281
738 739 134
739 740 231
740 741 326
741 742 133
742 743 10
743 744 170
744 745 329
745 746 334
746 747 23
747 748 119
748 749 144
749 750 64
750 751 42
751 752 201
752 753 167
753 754 336
754 755 273
755 756 378
756 757 43
757 758 390
758 759 208
759 760 57
760 761 139
761 762 370
762 763 260
763 764 246
764 765 327
765 766 27
766 767 2
767 768 332
768 769 369
769 770 388
770 771 191
771 772 215
772 773 155
773 774 226
774 775 117
775 776 333
776 777 187
777 778 61
778 779 84
779 780 97
780 781 53
781 782 147
782 783 366
783 784 212
784 785 151
785 786 66
786 787 108
787 788 228
788 789 135
789 790 346
790 791 120
1 791 344
1 792 1598
792 793 872
793 794 1890
794 795 1647
795 796 1190
796 797 1945
797 798 1699
798 799 1675
799 800 1389
800 801 1728
801 802 1769
802 803 1534
803 804 1373
804 805 1408
805 806 1193
806 807 1161
807 808 1011
808 809 834
809 810 1629
810 811 1317
811 812 1070
812 813 1561
813 814 977
814 815 1650
815 816 1423
816 817 1150
817 818 1179
818 819 1767
819 820 1065
820 821 1812
821 822 1072
822 823 1911
823 824 1265
824 825 1415
825 826 1791
826 827 1711
827 828 1266
828 829 1119
829 830 1494
830 831 1030
831 832 1120
832 833 874
833 834 809
834 835 1243
835 836 1796
836 837 884
837 838 1891
838 839 905
839 840 1632
840 841 916
841 842 1056
842 843 1298
843 844 1012
844 845 1670
845 846 1562
846 847 858
847 848 1268
848 849 1360
849 850 1957
850 851 1835
851 852 1655
852 853 879
853 854 1214
854 855 964
855 856 1516
856 857 1227
857 858 847
858 859 968
859 860 1399
860 861 1597
861 862 983
862 863 1883
863 864 1114
864 865 1807
865 866 1468
866 867 1868
867 868 1553
868 869 1218
869 870 1221
870 871 1160
871 872 793
872 873 1098
873 874 833
874 875 1822
875 876 1042
876 877 1395
877 878 1016
878 879 853
879 880 1470
880 881 1457
881 882 1989
882 883 1285
883 884 837
884 885 888
885 886 1411
886 887 1757
887 888 885
888 889 917
889 890 1761
890 891 1546
891 892 1668
892 893 1702
893 894 1455
894 895 1148
895 896 982
896 897 1928
897 898 1901
898 899 937
899 900 1191
900 901 1611
901 902 1188
902 903 1307
903 904 1917
904 905 839
905 906 1175
906 907 1231
907 908 1964
908 909 1004
909 910 1520
910 911 984
911 912 1577
912 913 1529
913 914 1986
914 915 1896
915 916 841
916 917 889
917 918 1497
918 919 1140
919 920 1956
920 921 1660
921 922 1240
922 923 1282
923 924 1118
924 925 1279
925 926 1653
926 927 1460
927 928 1283
928 929 1980
929 930 1115
930 931 1654
931 932 1580
932 933 1536
933 934 1351
934 935 1970
935 936 1936
936 937 899
937 938 1703
938 939 1479
939 940 1749
940 941 955
941 942 1400
942 943 967
943 944 1245
944 945 1130
945 946 1064
946 947 1068
947 948 1977
948 949 1258
949 950 1369
950 951 1665
951 952 1433
952 953 1768
953 954 1466
954 955 941
955 956 1925
956 957 1841
957 958 1616
958 959 1242
959 960 1584
960 961 1842
961 962 1458
962 963 1157
963 964 855
964 965 1232
965 966 1800
966 967 943
967 968 859
968 969 1333
969 970 1222
970 971 1071
971 972 1447
972 973 1531
973 974 1864
974 975 1732
975 976 1943
976 977 814
977 978 1327
978 979 1381
979 980 1567
980 981 1111
981 982 896
982 983 862
983 984 911
984 985 1513
985 986 1701
986 987 1692
987 988 1454
988 989 1610
989 990 1778
990 991 1156
991 992 1856
992 993 1034
993 994 1028
994 995 1840
995 996 1705
996 997 1058
997 998 1763
998 999 1879
999 1000 1357
1000 1001 1652
1001 1002 1304
1002 1003 1727
1003 1004 909
1004 1005 1538
1005 1006 1165
1006 1007 1149
1007 1008 1624
1008 1009 1318
1009 1010 1931
1010 1011 808
1011 1012 844
1012 1013 1688
1013 1014 1867
1014 1015 1643
1015 1016 878
1016 1017 1248
1017 1018 1690
1018 1019 1474
1019 1020 1865
1020 1021 1181
1021 1022 1037
1022 1023 1557
1023 1024 1569
1024 1025 2000
1025 1026 1972
1026 1027 1884
1027 1028 994
1028 1029 1407
1029 1030 831
1030 1031 1697
1031 1032 1863
1032 1033 1979
1033 1034 993
1034 1035 1260
1035 1036 1599
1036 1037 1022
1037 1038 1905
1038 1039 1982
1039 1040 1578
1040 1041 1489
1041 1042 876
1042 1043 1309
1043 1044 1131
1044 1045 1210
1045 1046 1376
1046 1047 1645
1047 1048 1501
1048 1049 1918
1049 1050 1564
1050 1051 1488
1051 1052 1426
1052 1053 1241
1053 1054 1588
1054 1055 1341
1055 1056 842
1056 1057 1813
1057 1058 997
1058 1059 1747
1059 1060 1170
1060 1061 1949
1061 1062 1811
1062 1063 1236
1063 1064 946
1064 1065 820
1065 1066 1990
1066 1067 1451
1067 1068 947
1068 1069 1656
1069 1070 812
1070 1071 971
1071 1072 822
1072 1073 1171
1073 1074 1816
1074 1075 1669
1075 1076 1641
1076 1077 1916
1077 1078 1959
1078 1079 1798
1079 1080 1753
1080 1081 1682
1081 1082 1929
1082 1083 1159
1083 1084 1397
1084 1085 1371
1085 1086 1713
1086 1087 1742
1087 1088 1799
1088 1089 1431
1089 1090 1270
1090 1091 1121
1091 1092 1666
1092 1093 1958
1093 1094 1983
1094 1095 1254
1095 1096 1305
1096 1097 1565
1097 1098 873
1098 1099 1390
1099 1100 1942
1100 1101 1832
1101 1102 1173
1102 1103 1636
1103 1104 1915
1104 1105 1877
1105 1106 1107
1106 1107 1106
1107 1108 1601
1108 1109 1334
1109 1110 1167
1110 1111 981
1111 1112 1301
1112 1113 1876
1113 1114 864
1114 1115 930
1115 1116 1850
1116 1117 1205
1117 1118 924
1118 1119 829
1119 1120 832
1120 1121 1091
1121 1122 1313
1122 1123 1495
1123 1124 1996
1124 1125 1872
1125 1126 1888
1126 1127 1755
1127 1128 1370
1128 1129 1657
1129 1130 945
1130 1131 1044
1131 1132 1950
1132 1133 1284
1133 1134 1178
1134 1135 1136
1135 1136 1135
1136 1137 1363
1137 1138 1216
1138 1139 1186
1139 1140 919
1140 1141 1378
1141 1142 1906
1142 1143 1162
1143 1144 1640
1144 1145 1204
1145 1146 1760
1146 1147 1348
1147 1148 895
1148 1149 1007
1149 1150 817
1150 1151 1413
1151 1152 1277
1152 1153 1836
1153 1154 1717
1154 1155 1583
1155 1156 991
1156 1157 963
1157 1158 1782
1158 1159 1083
1159 1160 871
1160 1161 807
1161 1162 1143
1162 1163 1978
1163 1164 1293
1164 1165 1006
1165 1166 1522
1166 1167 1110
1167 1168 1975
1168 1169 1311
1169 1170 1060
1170 1171 1073
1171 1172 1338
1172 1173 1102
1173 1174 1576
1174 1175 906
1175 1176 1523
1176 1177 1674
1177 1178 1134
1178 1179 818
1179 1180 1450
1180 1181 1021
1181 1182 1613
792 1182 1941
792 1183 1563
1183 1184 1444
1184 1185 1139
1185 1186 1673
1186 1187 902
1187 1188 1480
1188 1189 796
1189 1190 900
1190 1191 1895
1191 1192 806
1192 1193 1275
1193 1194 1257
1194 1195 1819
1195 1196 1550
1196 1197 1909
1197 1198 1885
1183 1198 1826
1183 1199 1750
1199 1200 1881
1200 1201 1398
1199 1201 1145
1199 1202 1117
1202 1203 1685
1203 1204 1848
1204 1205 1953
1205 1206 1921
1206 1207 1045
1207 1208 1893
1202 1208 1366
1202 1209 1808
1209 1210 854
1210 1211 1547
1211 1212 1138
1212 1213 1854
1213 1214 869
1214 1215 1579
1209 1215 1288
1209 1216 870
1216 1217 970
1217 1218 1860
1216 1218 1803
1216 1219 1353
1219 1220 1485
1220 1221 857
1219 1221 1272
1219 1222 1969
1222 1223 1609
1223 1224 907
1222 1224 965
1222 1225 1725
1225 1226 1710
1226 1227 1873
1225 1227 1063
1225 1228 1300
1228 1229 1566
1229 1230 1324
1228 1230 922
1228 1231 1053
1231 1232 959
1232 1233 835
1231 1233 1368
1231 1234 944
1234 1235 1805
1235 1236 1361
1234 1236 1017
1234 1237 1377
1237 1238 1797
1238 1239 1521
1237 1239 1748
1237 1240 1323
1240 1241 1095
1241 1242 1930
1240 1242 1662
1240 1243 1195
1243 1244 949
1244 1245 1572
1243 1245 1035
1243 1246 1910
1246 1247 1960
1247 1248 1815
1246 1248 1600
1246 1249 824
1249 1250 828
1250 1251 1387
1249 1251 848
1249 1252 1461
1252 1253 1090
1253 1254 1354
1252 1254 1228
1252 1255 1716
1255 1256 1729
1256 1257 1194
1255 1257 1581
1255 1258 1152
1258 1259 1658
1259 1260 925
1258 1260 1806
1258 1261 1939
1261 1262 923
1262 1263 928
1261 1263 1133
1261 1264 883
1264 1265 1322
1265 1266 1383
1264 1266 1220
1264 1267 1962
1267 1268 1680
1268 1269 1720
1267 1269 1759
1267 1270 1164
1270 1271 1621
1271 1272 1758
1270 1272 1882
1270 1273 1592
1273 1274 843
1274 1275 1858
1273 1275 1237
1273 1276 1112
1276 1277 1794
1277 1278 1310
1276 1278 1002
1276 1279 1096
1279 1280 1646
1280 1281 903
1279 1281 1487
1279 1282 1043
1282 1283 1303
1283 1284 1169
1282 1284 1993
1282 1285 1122
1285 1286 1559
1286 1287 1968
1285 1287 1897
1285 1288 811
1288 1289 1009
1289 1290 1332
1288 1290 1937
1288 1291 1944
1291 1292 1286
1292 1293 1253
1291 1293 1239
1291 1294 1349
1294 1295 1777
1295 1296 978
1294 1296 1385
1294 1297 1912
1297 1298 1358
1298 1299 1738
1297 1299 1319
1297 1300 969
1300 1301 1109
1301 1302 1582
1300 1302 1528
1300 1303 1722
1303 1304 1172
1304 1305 1735
1303 1305 1787
1303 1306 1055
1306 1307 1664
1307 1308 1904
1306 1308 1478
1306 1309 1766
1309 1310 1965
1310 1311 1410
1309 1311 1147
1309 1312 1325
1312 1313 1726
1313 1314 934
1312 1314 1933
1312 1315 1225
1315 1316 1271
1316 1317 1730
1315 1317 1988
1315 1318 1000
1318 1319 1330
1319 1320 1545
1318 1320 849
1318 1321 1247
1321 1322 1512
1322 1323 1137
1321 1323 1831
1321 1324 1380
1324 1325 1212
1325 1326 1591
1324 1326 1244
1324 1327 950
1327 1328 1128
1328 1329 1085
1327 1329 1773
1327 1330 804
1330 1331 1875
1331 1332 1899
1330 1332 1046
1330 1333 1249
1333 1334 1141
1334 1335 1966
1333 1335 1365
1333 1336 979
1336 1337 1602
1337 1338 1287
1336 1338 1907
1336 1339 1328
1339 1340 1829
1340 1341 1267
1339 1341 1439
1339 1342 800
1342 1343 1099
1343 1344 1481
1342 1344 1401
1342 1345 1780
1345 1346 1568
1346 1347 877
1345 1347 1491
1345 1348 1084
1348 1349 1203
1349 1350 860
1348 1350 942
1348 1351 1392
1351 1352 1952
1352 1353 1483
1351 1353 1422
1351 1354 1919
1354 1355 1788
1355 1356 1029
1354 1356 805
1354 1357 1570
1357 1358 1347
1358 1359 886
1357 1359 1453
1357 1360 1151
1360 1361 1789
1361 1362 825
1360 1362 1500
1360 1363 1740
1363 1364 1693
1364 1365 1442
1363 1365 1852
1363 1366 1446
1366 1367 1404
1367 1368 816
1366 1368 1734
1366 1369 1955
1369 1370 1052
1370 1371 1814
1369 1371 1781
1369 1372 1524
1372 1373 1926
1373 1374 1089
1372 1374 1708
1372 1375 952
1375 1376 1639
1376 1377 1506
1375 1377 1998
1375 1378 1862
1378 1379 1606
1379 1380 1388
1378 1380 1802
1378 1381 1746
1381 1382 1419
1382 1383 1946
1381 1383 1185
1381 1384 1681
1384 1385 1421
1385 1386 972
1384 1386 1663
1384 1387 1623
1387 1388 1180
1388 1389 1067
1387 1389 1683
1387 1390 1412
1390 1391 988
1391 1392 894
1390 1392 1736
1390 1393 881
1393 1394 962
1394 1395 1837
1393 1395 927
1393 1396 1269
1396 1397 1542
1397 1398 1704
1396 1398 1934
1396 1399 1992
1399 1400 954
1400 1401 1509
1399 1401 866
1399 1402 1857
1402 1403 880
1403 1404 1954
1402 1404 1920
1402 1405 1994
1405 1406 1019
1406 1407 1776
1405 1407 1914
1405 1408 1659
1408 1409 1344
1409 1410 939
1408 1410 1189
1408 1411 1391
1411 1412 1619
1412 1413 1403
1411 1413 1833
1411 1414 1226
1414 1415 1839
1415 1416 1308
1414 1416 1051
1414 1417 1041
1417 1418 1635
1418 1419 1396
1417 1419 1784
1417 1420 1694
1420 1421 830
1421 1422 1123
1420 1422 1533
1420 1423 918
1423 1424 1505
1424 1425 1718
1423 1425 1416
1423 1426 1048
1426 1427 1689
1427 1428 1637
1426 1428 1793
1426 1429 1498
1429 1430 1435
1430 1431 1908
1429 1431 1633
1429 1432 1467
1432 1433 1585
1433 1434 1684
1432 1434 1362
1432 1435 985
1435 1436 1963
1436 1437 1551
1435 1437 856
1435 1438 1874
1438 1439 1698
1439 1440 1981
1438 1440 910
1438 1441 1251
1441 1442 1166
1442 1443 1176
1441 1443 1429
1441 1444 1869
1444 1445 1947
1445 1446 1625
1444 1446 1336
1444 1447 913
1447 1448 1847
1448 1449 973
1447 1449 1676
1447 1450 1496
1450 1451 803
1451 1452 1661
1450 1452 933
1450 1453 1549
1453 1454 1005
1454 1455 1543
1453 1455 1795
1453 1456 1671
1456 1457 1462
1457 1458 1539
1456 1458 1810
1456 1459 1359
1459 1460 891
1460 1461 1215
1459 1461 1801
1459 1462 1537
1462 1463 1197
1463 1464 1515
1462 1464 1961
1462 1465 868
1465 1466 1886
1466 1467 1774
1465 1467 1630
1465 1468 1023
1468 1469 1825
1469 1470 1314
1468 1470 1844
1468 1471 813
1471 1472 846
1472 1473 1184
1471 1473 1050
1471 1474 1097
1474 1475 1238
1475 1476 980
1474 1476 1394
1474 1477 1024
1477 1478 1409
1478 1479 1894
1477 1479 1259
1477 1480 1743
1480 1481 1627
1481 1482 1678
1480 1482 1174
1480 1483 912
1483 1484 1040
1484 1485 1219
1483 1485 932
1483 1486 1276
1486 1487 1335
1487 1488 1155
1486 1488 960
1486 1489 1510
1489 1490 1634
1490 1491 1700
1489 1491 1054
1489 1492 1823
1492 1493 1628
1493 1494 1367
1492 1494 1297
1492 1495 1902
1495 1496 1733
1496 1497 1651
1495 1497 1631
1495 1498 861
1498 1499 792
1499 1500 1036
1498 1500 1264
1498 1501 1108
1501 1502 1382
1502 1503 1827
1501 1503 1859
1501 1504 1672
1504 1505 1438
1505 1506 1686
1504 1506 1614
1504 1507 1230
1507 1508 989
1508 1509 901
1507 1509 1973
1507 1510 1182
1510 1511 1608
1511 1512 1756
1510 1512 958
1510 1513 1620
1513 1514 1927
1514 1515 1482
1513 1515 1617
1513 1516 1294
1516 1517 1744
1517 1518 1449
1516 1518 1008
1516 1519 1527
1519 1520 1785
1520 1521 1574
1519 1521 1590
1519 1522 810
1522 1523 1556
1523 1524 1596
1522 1524 840
1522 1525 1508
1525 1526 1586
1526 1527 1490
1525 1527 1103
1525 1528 1503
1528 1529 1940
1529 1530 1434
1528 1530 1144
1528 1531 1076
1531 1532 1987
1532 1533 1015
1531 1533 1830
1531 1534 1047
1534 1535 1306
1535 1536 795
1534 1536 1871
1534 1537 1935
1537 1538 815
1538 1539 1595
1537 1539 1001
1537 1540 926
1540 1541 931
1541 1542 852
1540 1542 1069
1540 1543 1129
1543 1544 1278
1544 1545 1477
1543 1545 921
1543 1546 1535
1546 1547 1256
1547 1548 1448
1546 1548 1342
1546 1549 951
1549 1550 1092
1550 1551 1786
1549 1551 892
1549 1552 1075
1552 1553 845
1553 1554 1541
1552 1554 1605
1552 1555 1187
1555 1556 1177
1556 1557 799
1555 1557 1532
1555 1558 1938
1558 1559 1575
1559 1560 1820
1558 1560 1290
1558 1561 1445
1561 1562 1081
1562 1563 1452
1561 1563 1511
1561 1564 1206
1564 1565 1607
1565 1566 1779
1564 1566 1013
1564 1567 1502
1567 1568 1018
1568 1569 1828
1567 1569 987
1567 1570 1418
1570 1571 1493
1571 1572 1843
1570 1572 1922
1570 1573 1031
1573 1574 1518
1574 1575 798
1573 1575 1587
1573 1576 986
1576 1577 893
1577 1578 938
1576 1578 1463
1576 1579 996
1579 1580 1739
1580 1581 1974
1579 1581 1432
1579 1582 1809
1582 1583 1234
1583 1584 827
1582 1584 1932
1582 1585 1086
1585 1586 1924
1586 1587 1845
1585 1587 1273
1585 1588 1154
1588 1589 1499
1589 1590 1731
1588 1590 1291
1588 1591 1976
1591 1592 1337
1592 1593 1818
1591 1593 1792
1591 1594 1233
1594 1595 1350
1595 1596 1003
1594 1596 801
1594 1597 1274
1597 1598 1355
1598 1599 1719
1597 1599 975
1597 1600 1594
1600 1601 1424
1601 1602 1339
1600 1602 1456
1600 1603 1889
1603 1604 1331
1604 1605 1706
1603 1605 1417
1603 1606 1951
1606 1607 1087
1607 1608 1573
1606 1608 1622
1606 1609 1948
1609 1610 1441
1610 1611 1059
1609 1611 1252
1609 1612 940
1612 1613 1201
1613 1614 1851
1612 1614 1900
1612 1615 1080
1615 1616 1853
1616 1617 1127
1615 1617 1615
1615 1618 887
1618 1619 1295
1619 1620 1292
1618 1620 1146
1618 1621 890
1621 1622 1985
1622 1623 998
1621 1623 396
1621 1624 1971
1624 1625 1345
1625 1626 819
1624 1626 953
1624 1627 802
1627 1628 1772
1628 1629 1834
1627 1629 1770
1627 1630 1372
1630 1631 1555
1631 1632 1804
1630 1632 1475
1630 1633 1326
1633 1634 990
1634 1635 1687
1633 1635 1393
1633 1636 1428
1636 1637 1158
1637 1638 1997
1636 1638 1492
1636 1639 1626
1639 1640 1667
1640 1641 1340
1639 1641 1406
1639 1642 1414
1642 1643 1855
1643 1644 826
1642 1644 1724
1642 1645 1504
1645 1646 1302
1646 1647 1540
1645 1647 836
1645 1648 1250
1648 1649 1079
1649 1650 1088
1648 1650 966
1648 1651 1548
1651 1652 1440
1652 1653 1224
1651 1653 1775
1651 1654 1246
1654 1655 1280
1655 1656 865
1654 1656 1213
1654 1657 1709
1657 1658 1544
1658 1659 1062
1657 1659 821
1657 1660 1057
1660 1661 1427
1661 1662 1263
1660 1662 1074
1660 1663 1903
1663 1664 1723
1664 1665 1196
1663 1665 1679
1663 1666 1995
1666 1667 875
1667 1668 1589
1666 1668 1923
1666 1669 1558
1669 1670 1200
1670 1671 1603
1669 1671 1691
1669 1672 1386
1672 1673 1644
1673 1674 1364
1672 1674 1101
1672 1675 1484
1675 1676 1771
1676 1677 851
1675 1677 1153
1675 1678 1459
1678 1679 1861
1679 1680 1486
1678 1680 995
1678 1681 957
1681 1682 961
1682 1683 1695
1681 1683 1560
1681 1684 1715
1684 1685 1887
1685 1686 1530
1684 1686 1207
1684 1687 1870
1687 1688 1116
1688 1689 1751
1687 1689 1420
1687 1690 1754
1690 1691 1217
1691 1692 1790
1690 1692 992
1690 1693 1469
1693 1694 1299
1694 1695 1604
1693 1695 1223
1693 1696 1838
1696 1697 1437
1697 1698 1032
1696 1698 974
1696 1699 1020
1699 1700 1999
1700 1701 1014
1699 1701 867
1699 1702 1525
1702 1703 1849
1703 1704 1648
1702 1704 1125
1702 1705 1235
1705 1706 1517
1706 1707 1374
1705 1707 1113
1705 1708 1105
1708 1709 1991
1709 1710 999
1708 1710 1898
1708 1711 1202
1711 1712 1296
1712 1713 863
1711 1713 1027
1711 1714 1199
1714 1715 1554
1715 1716 1846
1714 1716 1126
1714 1717 1737
1717 1718 794
1718 1719 838
1717 1719 1913
1717 1720 1211
1720 1721 1571
1721 1722 1192
1720 1722 915
1720 1723 1316
1723 1724 1880
1724 1725 1375
1723 1725 1752
1723 1726 898
1726 1727 1593
1727 1728 1817
1726 1728 1343
1726 1729 1038
1729 1730 1142
1730 1731 1384
1729 1731 1507
1729 1732 1198
1732 1733 1261
1733 1734 823
1732 1734 1329
1732 1735 1892
1735 1736 1476
1736 1737 1104
1735 1737 1077
1735 1738 904
1738 1739 1049
1739 1740 1405
1738 1740 1472
1738 1741 1209
1741 1742 1696
1742 1743 1824
1741 1743 1714
1741 1744 956
1744 1745 1430
1745 1746 1618
1744 1746 897
1744 1747 1082
1747 1748 1255
1748 1749 1010
1747 1749 1712
1747 1750 1352
1750 1751 1464
1751 1752 1649
1750 1752 936
1750 1753 1320
1753 1754 1677
1754 1755 1281
1753 1755 1638
1753 1756 1183
1756 1757 1100
1757 1758 976
1756 1758 1321
1756 1759 797
1759 1760 1443
1760 1761 1526
1759 1761 1745
1759 1762 1061
1762 1763 1132
1763 1764 1741
1762 1764 1402
1762 1765 1208
1765 1766 1471
1766 1767 1425
1765 1767 920
1765 1768 850
1768 1769 1093
1769 1770 1078
1768 1770 1262
1768 1771 1552
1771 1772 1289
1772 1773 1514
1771 1773 908
1771 1774 1346
1774 1775 1379
1775 1776 1984
1774 1776 1315
1774 1777 1229
1777 1778 935
1778 1779 1765
1777 1779 1026
1777 1780 1612
1780 1781 1707
1781 1782 1168
1780 1782 1721
1780 1783 948
1783 1784 1163
1784 1785 1033
1783 1785 929
1783 1786 1519
1786 1787 1039
1787 1788 1094
1786 1788 1967
1786 1789 1762
1789 1790 914
1790 1791 1642
1789 1791 1356
1789 1792 882
1792 1793 1066
1793 1794 1878
1792 1794 1465
1792 1795 1312
1795 1796 1473
1796 1797 1821
1795 1797 1124
1795 1798 1783
1798 1799 1436
1799 1800 1866
1798 1800 1025
