1500 1998
1 4 76
4 5 3
3 5 2
3 6 1228
6 7 133
1 7 530
7 8 607
8 9 80
9 10 1676
8 10 1675
10 11 1666
11 12 1405
12 13 1354
11 13 1450
13 14 1795
14 15 408
15 16 324
14 16 814
16 17 606
17 18 1701
18 19 237
17 19 842
19 20 1859
20 21 1120
21 22 1425
20 22 806
22 23 1002
23 24 1836
24 25 373
23 25 67
25 26 543
26 27 393
27 28 1276
26 28 538
28 29 1038
29 30 129
30 31 1304
29 31 1682
31 32 1546
32 33 305
33 34 77
32 34 1703
34 35 327
35 36 364
36 37 1112
35 37 263
37 38 811
38 39 1365
39 40 989
38 40 1827
40 41 1547
41 42 1685
42 43 720
41 43 967
43 44 1915
44 45 857
45 46 1328
44 46 446
46 47 386
47 48 456
48 49 468
47 49 431
49 50 527
50 51 881
51 52 1888
50 52 218
52 53 30
53 54 965
54 55 549
53 55 166
55 56 1891
56 57 1396
57 58 176
56 58 483
58 59 198
59 60 1
60 61 41
59 61 150
61 62 1690
62 63 8
63 64 984
62 64 686
64 65 1115
65 66 1252
66 67 597
65 67 1866
67 68 1374
68 69 1924
69 70 1449
68 70 743
70 71 94
71 72 464
72 73 1484
71 73 91
73 74 1074
74 75 257
75 76 1589
74 76 1619
76 77 1767
77 78 296
78 79 764
77 79 902
79 80 1142
80 81 1760
81 82 1756
80 82 799
82 83 1146
83 84 1053
84 85 1816
83 85 467
85 86 1278
86 87 401
87 88 1121
86 88 487
88 89 943
89 90 185
90 91 281
89 91 1639
91 92 1878
92 93 1576
93 94 1444
92 94 1311
94 95 1907
95 96 573
96 97 689
95 97 1786
97 98 1339
98 99 1912
99 100 36
98 100 1822
100 101 1499
101 102 1492
102 103 5
101 103 1587
103 104 291
104 105 1804
105 106 657
104 106 1066
106 107 839
107 108 389
108 109 1192
107 109 1083
109 110 339
110 111 1944
111 112 636
110 112 623
112 113 1890
113 114 793
114 115 265
113 115 78
115 116 1711
116 117 1948
117 118 536
116 118 1871
118 119 1419
119 120 1828
120 121 1677
119 121 474
121 122 1738
122 123 872
123 124 1941
122 124 1806
124 125 1443
125 126 224
126 127 976
125 127 70
127 128 559
128 129 1017
129 130 1265
128 130 215
130 131 1411
131 132 1636
132 133 584
131 133 911
133 134 222
134 135 73
135 136 1372
134 136 731
136 137 1223
137 138 1953
138 139 1000
137 139 994
139 140 1530
140 141 1833
141 142 116
140 142 1254
142 143 1790
143 144 1337
144 145 1376
143 145 202
145 146 383
146 147 269
147 148 1488
146 148 1798
148 149 1198
149 150 616
150 151 1057
149 151 75
151 152 1766
152 153 704
153 154 736
152 154 190
154 155 562
155 156 869
156 157 744
155 157 311
157 158 1778
158 159 432
159 160 1269
158 160 310
160 161 250
161 162 1812
162 163 1904
161 163 1534
163 164 170
164 165 1641
165 166 1153
164 166 66
166 167 846
167 168 1096
168 169 652
167 169 175
169 170 1415
170 171 164
171 172 1256
170 172 463
172 173 1635
173 174 1052
174 175 1173
173 175 574
175 176 1927
176 177 1032
177 178 1509
176 178 571
178 179 982
179 180 1436
180 181 21
179 181 402
181 182 1579
182 183 1961
183 184 653
182 184 1275
184 185 783
185 186 837
186 187 821
185 187 1263
187 188 1090
188 189 913
189 190 1681
188 190 211
190 191 558
191 192 1733
192 193 1185
191 193 1470
193 194 1139
194 195 1949
195 196 96
194 196 1535
196 197 1055
197 198 1088
198 199 1385
197 199 306
199 200 46
200 201 768
201 202 149
200 202 599
202 203 1567
203 204 1792
204 205 192
203 205 1946
205 206 534
206 207 276
207 208 1369
206 208 1559
208 209 1235
209 210 272
210 211 1076
209 211 1674
211 212 1179
212 213 1597
213 214 117
212 214 427
214 215 1406
215 216 1157
216 217 1417
215 217 355
217 218 1910
218 219 1585
219 220 737
218 220 963
220 221 135
221 222 1909
222 223 1288
221 223 1178
223 224 1763
224 225 100
225 226 1897
224 226 1019
226 227 547
227 228 1216
228 229 1424
227 229 1127
229 230 1003
230 231 1253
231 232 40
230 232 262
232 233 895
233 234 1212
234 235 964
233 235 210
235 236 206
236 237 1936
237 238 1593
236 238 1542
238 239 795
239 240 1860
240 241 501
239 241 958
241 242 1414
242 243 1553
243 244 1124
242 244 1647
244 245 874
245 246 17
246 247 1596
245 247 635
247 248 43
248 249 748
249 250 357
248 250 810
250 251 1358
251 252 948
252 253 1196
251 253 1855
253 254 1618
254 255 1872
255 256 425
254 256 1810
256 257 143
257 258 732
258 259 1544
257 259 1362
259 260 794
260 261 941
261 262 1537
260 262 499
262 263 1035
263 264 697
264 265 488
263 265 791
265 266 1258
266 267 904
267 268 1640
266 268 1231
268 269 286
269 270 1089
270 271 329
269 271 1599
271 272 1970
272 273 1849
273 274 1493
272 274 511
274 275 1295
275 276 44
276 277 449
275 277 398
277 278 1166
278 279 1528
279 280 669
278 280 1814
280 281 1714
281 282 544
282 283 29
281 283 1607
283 284 827
284 285 560
285 286 1837
284 286 1807
286 287 1886
287 288 1441
288 289 572
287 289 1219
289 290 191
290 291 500
291 292 832
290 292 59
292 293 934
293 294 1869
294 295 140
293 295 418
295 296 1978
296 297 1761
297 298 32
296 298 1979
298 299 594
299 300 1740
300 301 1665
299 301 366
301 302 1755
302 303 696
303 304 112
302 304 238
304 305 1182
305 306 725
306 307 1132
305 307 1382
307 308 510
308 309 16
309 310 1360
308 310 1486
310 311 1483
311 312 924
312 313 568
311 313 990
313 314 939
314 315 1068
315 316 1180
314 316 390
316 317 875
317 318 1221
318 319 876
317 319 766
319 320 1206
320 321 785
321 322 337
320 322 1446
322 323 282
323 324 712
324 325 1353
323 325 1883
325 326 62
326 327 208
327 328 880
326 328 1919
328 329 1094
329 330 1776
330 331 1857
329 331 1602
331 332 1538
332 333 1773
333 334 1272
332 334 851
334 335 1870
335 336 1968
336 337 1508
335 337 58
337 338 1367
338 339 1729
339 340 365
338 340 1622
340 341 1839
341 342 945
342 343 656
341 343 1283
343 344 1687
344 345 60
345 346 1361
344 346 1783
346 347 882
347 348 1848
348 349 809
347 349 1651
349 350 226
350 351 92
351 352 1020
350 352 1998
352 353 110
353 354 61
354 355 997
353 355 1606
355 356 506
356 357 1108
357 358 789
356 358 158
358 359 582
359 360 1464
360 361 685
359 361 926
361 362 1562
362 363 1925
363 364 776
362 364 1243
364 365 74
365 366 576
366 367 1684
365 367 567
367 368 114
368 369 349
369 370 1721
368 370 502
370 371 1395
371 372 1321
372 373 1301
371 373 1347
373 374 1266
374 375 1745
375 376 1797
374 376 1474
376 377 346
377 378 384
378 379 317
377 379 490
379 380 1343
380 381 1749
381 382 585
380 382 471
382 383 647
383 384 1456
384 385 1713
383 385 407
385 386 362
386 387 1232
387 388 521
386 388 915
388 389 1678
389 390 1077
390 391 565
389 391 1730
391 392 1727
392 393 1197
393 394 513
392 394 730
394 395 1842
395 396 852
396 397 1021
395 397 1007
397 398 63
398 399 1992
399 400 612
398 400 6
400 401 955
401 402 648
402 403 1900
401 403 271
403 404 1110
404 405 153
405 406 1893
404 406 34
406 407 563
407 408 1368
408 409 829
407 409 630
409 410 31
410 411 372
411 412 909
410 412 1951
412 413 299
413 414 1260
414 415 69
413 415 695
415 416 1742
416 417 1608
417 418 1536
416 418 1447
418 419 1743
419 420 1100
420 421 993
419 421 251
421 422 167
422 423 376
423 424 1329
422 424 203
424 425 539
425 426 637
426 427 517
425 427 898
427 428 486
428 429 413
429 430 885
428 430 1378
430 431 234
431 432 381
432 433 124
431 433 230
433 434 1938
434 435 484
435 436 1868
434 436 835
436 437 735
437 438 1921
438 439 1560
437 439 475
439 440 1070
440 441 173
441 442 505
440 442 1735
442 443 1054
443 444 1648
444 445 1277
443 445 1114
445 446 987
446 447 773
447 448 981
446 448 395
448 449 1799
449 450 1864
450 451 85
449 451 854
451 452 266
452 453 1653
453 454 1736
452 454 767
454 455 974
455 456 1789
456 457 1957
455 457 19
457 458 7
458 459 665
459 460 912
458 460 627
460 461 1923
461 462 529
462 463 1873
461 463 1255
463 464 1310
464 465 196
465 466 1700
464 466 866
466 467 914
467 468 1644
468 469 1248
467 469 1294
469 470 146
470 471 1141
471 472 1137
470 472 1571
472 473 610
473 474 840
474 475 1384
473 475 542
475 476 1135
476 477 1877
477 478 1652
476 478 675
478 479 326
479 480 145
480 481 564
479 481 1623
481 482 1191
482 483 1621
483 484 677
482 484 931
484 485 1063
485 486 956
486 487 1285
485 487 1695
487 488 507
488 489 532
489 490 968
488 490 1390
490 491 1046
491 492 221
492 493 241
491 493 1238
493 494 1014
494 495 453
495 496 137
494 496 1626
496 497 726
497 498 1633
498 499 936
497 499 907
499 500 1654
500 501 1045
501 502 608
500 502 1102
502 503 1091
503 504 900
504 505 369
503 505 938
505 506 1239
506 507 713
507 508 1280
506 508 1307
508 509 634
509 510 1861
510 511 641
509 511 679
511 512 678
512 513 1028
513 514 1404
512 514 947
514 515 1163
515 516 1960
516 517 477
515 517 82
517 518 1903
518 519 1400
519 520 125
518 520 1631
520 521 746
521 522 772
522 523 1024
521 523 1734
523 524 550
524 525 400
525 526 348
524 526 734
526 527 1250
527 528 1044
528 529 1588
527 529 1962
529 530 1274
530 531 200
531 532 1408
530 532 1366
532 533 758
533 534 756
534 535 1801
533 535 1454
535 536 1314
536 537 428
537 538 672
536 538 1079
538 539 1190
539 540 1056
540 541 937
539 541 790
541 542 802
542 543 53
543 544 1852
542 544 1455
544 545 1439
545 546 1937
546 547 404
545 547 659
547 548 847
548 549 1964
549 550 1809
548 550 522
550 551 178
551 552 340
552 553 1568
551 553 698
553 554 579
554 555 201
555 556 289
554 556 1218
556 557 1111
557 558 1813
558 559 1693
557 559 954
559 560 90
560 561 205
561 562 1793
560 562 691
562 563 1330
563 564 328
564 565 1188
563 565 1399
565 566 1478
566 567 1004
567 568 1981
566 568 1270
568 569 1594
569 570 708
570 571 917
569 571 707
571 572 1418
572 573 1420
573 574 1080
572 574 1299
574 575 823
575 576 101
576 577 1128
575 577 422
577 578 602
578 579 264
579 580 1489
578 580 1370
580 581 986
581 582 692
582 583 592
581 583 1819
583 584 1843
584 585 481
585 586 1612
584 586 1282
586 587 978
587 588 1300
588 589 1917
587 589 1346
589 590 243
590 591 973
591 592 424
590 592 1667
592 593 942
593 594 1724
594 595 473
593 595 718
595 596 350
596 597 1821
597 598 148
596 598 343
598 599 315
599 600 1529
600 601 1892
599 601 1858
601 602 106
602 603 1469
603 604 1284
602 604 719
604 605 1322
605 606 1460
606 607 888
605 607 26
607 608 1479
608 609 1581
609 610 461
608 610 330
610 611 47
611 612 1477
612 613 985
611 613 18
613 614 1830
614 615 1388
615 616 1029
614 616 1702
616 617 1082
617 618 1093
618 619 245
617 619 918
619 620 763
620 621 1973
621 622 908
620 622 1906
622 623 375
623 624 1261
624 625 541
623 625 1051
625 626 1523
626 627 385
627 628 1920
626 628 1758
628 629 578
629 630 1160
630 631 244
629 631 1326
631 632 139
632 633 628
633 634 1668
632 634 22
634 635 1262
635 636 1193
636 637 1708
635 637 219
637 638 727
638 639 1333
639 640 1824
638 640 1015
640 641 442
641 642 524
642 643 1777
641 643 598
643 644 1715
644 645 1229
645 646 56
644 646 1131
646 647 1495
647 648 1557
648 649 949
647 649 1458
649 650 1363
650 651 1496
651 652 1432
650 652 618
652 653 890
653 654 1481
654 655 204
653 655 1215
655 656 995
656 657 160
657 658 1297
656 658 323
658 659 419
659 660 421
660 661 1885
659 661 1722
661 662 1011
662 663 433
663 664 64
662 664 459
664 665 966
665 666 1932
666 667 569
665 667 1126
667 668 1162
668 669 805
669 670 1573
668 670 867
670 671 1642
671 672 1296
672 673 1164
671 673 1710
673 674 307
674 675 961
675 676 1533
674 676 566
676 677 1030
677 678 668
678 679 1680
677 679 102
679 680 1630
680 681 352
681 682 925
680 682 1199
682 683 662
683 684 825
684 685 545
683 685 1802
685 686 174
686 687 609
687 688 248
686 688 619
688 689 514
689 690 1628
690 691 757
689 691 822
691 692 1174
692 693 1061
693 694 1945
692 694 1779
694 695 1271
695 696 412
696 697 905
695 697 478
697 698 1154
698 699 1765
699 700 996
698 700 1874
700 701 642
701 702 1744
702 703 1037
701 703 387
703 704 1914
704 705 661
705 706 717
704 706 670
706 707 415
707 708 1632
708 709 344
707 709 787
709 710 115
710 711 1673
711 712 452
710 712 1723
712 713 682
713 714 332
714 715 861
713 715 1586
715 716 1835
716 717 1381
717 718 1832
716 718 742
718 719 531
719 720 644
720 721 1244
719 721 318
721 722 1603
722 723 1989
723 724 896
722 724 975
724 725 290
725 726 309
726 727 68
725 727 883
727 728 54
728 729 649
729 730 1292
728 730 1982
730 731 1214
731 732 1881
732 733 784
731 733 603
733 734 962
734 735 165
735 736 1332
734 736 779
736 737 1491
737 738 1241
738 739 593
737 739 235
739 740 1187
740 741 81
741 742 813
740 742 771
742 743 591
743 744 1524
744 745 49
743 745 414
745 746 1955
746 747 1840
747 748 557
746 748 182
748 749 871
749 750 929
750 751 469
749 751 1930
751 752 1863
752 753 181
753 754 1308
752 754 27
754 755 303
755 756 752
756 757 1984
755 757 1958
757 758 526
758 759 1504
759 760 1521
758 760 1207
760 761 879
761 762 1357
762 763 1429
761 763 655
763 764 850
764 765 1421
765 766 168
764 766 1882
766 767 298
767 768 465
768 769 525
767 769 1099
769 770 1394
770 771 693
771 772 1409
770 772 1351
772 773 1323
773 774 680
774 775 817
773 775 899
775 776 1427
776 777 232
777 778 1473
776 778 1047
778 779 347
779 780 1224
780 781 933
779 781 35
781 782 1398
782 783 1540
783 784 1373
782 784 1158
784 785 1222
785 786 700
786 787 664
785 787 651
787 788 1034
788 789 1705
789 790 1592
788 790 1615
790 791 830
791 792 228
792 793 108
791 793 587
793 794 259
794 795 716
795 796 197
794 796 1563
796 797 1287
797 798 1556
798 799 920
797 799 1527
799 800 643
800 801 1541
801 802 1213
800 802 138
802 803 1226
803 804 416
804 805 1208
803 805 583
805 806 1591
806 807 1785
807 808 1084
806 808 95
808 809 1846
809 810 277
810 811 516
809 811 1895
811 812 714
812 813 761
813 814 1601
812 814 819
814 815 142
815 816 1073
816 817 1845
815 817 1554
817 818 1838
818 819 260
819 820 356
818 820 247
820 821 667
821 822 1965
822 823 820
821 823 435
823 824 1286
824 825 220
825 826 1764
824 826 1194
826 827 1022
827 828 556
828 829 1412
827 829 666
829 830 1719
830 831 1901
831 832 1117
830 832 1775
832 833 1942
833 834 472
834 835 1969
833 835 535
835 836 739
836 837 45
837 838 1356
836 838 590
838 839 83
839 840 1485
840 841 1105
839 841 1566
841 842 1434
842 843 24
843 844 113
842 844 1251
844 845 1355
845 846 321
846 847 1625
845 847 886
847 848 302
848 849 765
849 850 1929
848 850 1826
850 851 858
851 852 405
852 853 1165
851 853 1171
853 854 631
854 855 1617
855 856 625
854 856 1803
856 857 255
857 858 1416
858 859 624
857 859 103
859 860 1698
860 861 1268
861 862 1201
860 862 107
862 863 1246
863 864 1428
864 865 1476
863 865 1391
865 866 1663
866 867 1452
867 868 217
866 868 927
868 869 1662
869 870 1520
870 871 284
869 871 1042
871 872 1210
872 873 836
873 874 1896
872 874 887
874 875 683
875 876 893
876 877 1133
875 877 367
877 878 1291
878 879 1348
879 880 1445
878 880 1762
880 881 1134
881 882 1264
882 883 229
881 883 919
883 884 1611
884 885 1513
885 886 1461
884 886 294
886 887 279
887 888 417
888 889 1856
887 889 403
889 890 1894
890 891 1249
891 892 253
890 892 1423
892 893 983
893 894 749
894 895 1565
893 895 715
895 896 639
896 897 141
897 898 844
896 898 1098
898 899 1459
899 900 333
900 901 520
899 901 195
901 902 906
902 903 1545
903 904 1145
902 904 1650
904 905 1306
905 906 1993
906 907 1505
905 907 423
907 908 1010
908 909 1069
909 910 1880
908 910 1159
910 911 1494
911 912 308
912 913 1065
911 913 971
913 914 870
914 915 300
915 916 1324
914 916 738
916 917 382
917 918 1564
918 919 420
917 919 1043
919 920 179
920 921 1036
921 922 1656
920 922 1067
922 923 1518
923 924 4
924 925 856
923 925 1935
925 926 354
926 927 512
927 928 1341
926 928 1694
928 929 275
929 930 1320
930 931 1769
929 931 654
931 932 671
932 933 1305
933 934 980
932 934 1442
934 935 482
935 936 957
936 937 1741
935 937 1147
937 938 1279
938 939 621
939 940 1184
938 940 699
940 941 1122
941 942 84
942 943 304
941 943 186
943 944 614
944 945 225
945 946 1928
944 946 351
946 947 1739
947 948 548
948 949 828
947 949 843
949 950 246
950 951 1172
951 952 169
950 952 495
952 953 1402
953 954 1144
954 955 209
953 955 754
955 956 923
956 957 441
957 958 1352
956 958 703
958 959 242
959 960 33
960 961 589
959 961 111
961 962 1247
962 963 673
963 964 1933
962 964 778
964 965 454
965 966 801
966 967 645
965 967 1095
967 968 1059
968 969 293
969 970 1916
968 970 1751
970 971 1167
971 972 969
972 973 1725
971 973 622
973 974 363
974 975 892
975 976 873
974 976 1823
976 977 762
977 978 780
978 979 493
977 979 1834
979 980 1679
980 981 37
981 982 1240
980 982 1203
982 983 674
983 984 1001
984 985 1532
983 985 615
985 986 122
986 987 1392
987 988 1660
986 988 711
988 989 1438
989 990 1453
990 991 1997
989 991 1515
991 992 1386
992 993 1236
993 994 492
992 994 803
994 995 1027
995 996 1217
996 997 1649
995 997 838
997 998 1954
998 999 57
999 1000 561
998 1000 747
1000 1001 1475
1001 1002 977
1002 1003 848
1001 1003 1335
1003 1004 1334
1004 1005 1844
1005 1006 188
1004 1006 1371
1006 1007 127
1007 1008 1413
1008 1009 1233
1007 1009 1466
1009 1010 503
1010 1011 1620
1011 1012 1440
1010 1012 782
1012 1013 494
1013 1014 1168
1014 1015 1996
1013 1015 1902
1015 1016 1026
1016 1017 1273
1017 1018 429
1016 1018 13
1018 1019 1123
1019 1020 1113
1020 1021 1012
1019 1021 331
1021 1022 1971
1022 1023 409
1023 1024 457
1022 1024 342
1024 1025 863
1025 1026 1433
1026 1027 48
1025 1027 706
1027 1028 447
1028 1029 540
1029 1030 273
1028 1030 770
1030 1031 1338
1031 1032 177
1032 1033 1041
1031 1033 87
1033 1034 1410
1034 1035 189
1035 1036 1609
1034 1036 570
1036 1037 1899
1037 1038 1600
1038 1039 952
1037 1039 406
1039 1040 1503
1040 1041 629
1041 1042 261
1040 1042 1319
1042 1043 1879
1043 1044 816
1044 1045 1689
1043 1045 650
1045 1046 1150
1046 1047 1312
1047 1048 1448
1046 1048 1023
1048 1049 491
1049 1050 72
1050 1051 1913
1049 1051 1039
1051 1052 750
1052 1053 688
1053 1054 1829
1052 1054 1267
1054 1055 1975
1055 1056 681
1056 1057 12
1055 1057 283
1057 1058 1731
1058 1059 705
1059 1060 1025
1058 1060 1375
1060 1061 171
1061 1062 1101
1062 1063 1340
1061 1063 319
1063 1064 223
1064 1065 1140
1065 1066 285
1064 1066 759
1066 1067 155
1067 1068 760
1068 1069 1016
1067 1069 1770
1069 1070 1186
1070 1071 301
1071 1072 25
1070 1072 1514
1072 1073 1031
1073 1074 1148
1074 1075 1013
1073 1075 1967
1075 1076 1987
1076 1077 865
1077 1078 1364
1076 1078 1119
1078 1079 1706
1079 1080 236
1080 1081 1704
1079 1081 1315
1081 1082 723
1082 1083 1345
1083 1084 380
1082 1084 1242
1084 1085 163
1085 1086 121
1086 1087 1169
1085 1087 426
1087 1088 554
1088 1089 1393
1089 1090 89
1088 1090 14
1090 1091 1543
1091 1092 1152
1092 1093 1316
1091 1093 710
1093 1094 722
1094 1095 508
1095 1096 1669
1094 1096 862
1096 1097 1195
1097 1098 804
1098 1099 1177
1097 1099 1539
1099 1100 1582
1100 1101 476
1101 1102 1552
1100 1102 1342
1102 1103 1670
1103 1104 1956
1104 1105 800
1103 1105 254
1105 1106 1759
1106 1107 1772
1107 1108 1033
1106 1108 498
1108 1109 1331
1109 1110 1149
1110 1111 812
1109 1111 751
1111 1112 807
1112 1113 1808
1113 1114 868
1112 1114 1490
1114 1115 411
1115 1116 93
1116 1117 1116
1115 1117 410
1117 1118 1511
1118 1119 193
1119 1120 769
1118 1120 1482
1120 1121 979
1121 1122 132
1122 1123 361
1121 1123 1211
1123 1124 859
1124 1125 864
1125 1126 1549
1124 1126 1887
1126 1127 131
1127 1128 1988
1128 1129 1624
1127 1129 1614
1129 1130 1383
1130 1131 1008
1131 1132 1205
1130 1132 1851
1132 1133 1686
1133 1134 445
1134 1135 233
1133 1135 1947
1135 1136 1487
1136 1137 1696
1137 1138 1176
1136 1138 1426
1138 1139 1318
1139 1140 1800
1140 1141 1709
1139 1141 1227
1141 1142 1646
1142 1143 1156
1143 1144 1009
1142 1144 1966
1144 1145 831
1145 1146 988
1146 1147 1784
1145 1147 1699
1147 1148 1062
1148 1149 368
1149 1150 796
1148 1150 183
1150 1151 1575
1151 1152 1309
1152 1153 897
1151 1153 214
1153 1154 258
1154 1155 553
1155 1156 345
1154 1156 439
1156 1157 1462
1157 1158 1040
1158 1159 1064
1157 1159 314
1159 1160 1451
1160 1161 341
1161 1162 1200
1160 1162 39
1162 1163 51
1163 1164 1645
1164 1165 1497
1163 1165 1934
1165 1166 1931
1166 1167 1465
1167 1168 320
1166 1168 1086
1168 1169 1627
1169 1170 1060
1170 1171 860
1169 1171 1918
1171 1172 274
1172 1173 581
1173 1174 1841
1172 1174 479
1174 1175 1058
1175 1176 1220
1176 1177 1189
1175 1177 1118
1177 1178 267
1178 1179 733
1179 1180 1780
1178 1180 1811
1180 1181 626
1181 1182 1753
1182 1183 889
1181 1183 1922
1183 1184 1531
1184 1185 120
1185 1186 1980
1184 1186 1794
1186 1187 239
1187 1188 1876
1188 1189 808
1187 1189 1463
1189 1190 1750
1190 1191 1637
1191 1192 288
1190 1192 950
1192 1193 134
1193 1194 701
1194 1195 97
1193 1195 1991
1195 1196 1071
1196 1197 1049
1197 1198 313
1196 1198 755
1198 1199 1867
1199 1200 325
1200 1201 280
1199 1201 1718
1201 1202 358
1202 1203 1380
1203 1204 1081
1202 1204 438
1204 1205 959
1205 1206 1757
1206 1207 1940
1205 1207 470
1207 1208 374
1208 1209 552
1209 1210 1377
1208 1210 1943
1210 1211 1175
1211 1212 777
1212 1213 1952
1211 1213 1502
1213 1214 1050
1214 1215 1716
1215 1216 1136
1214 1216 335
1216 1217 98
1217 1218 1344
1218 1219 640
1217 1219 450
1219 1220 638
1220 1221 1501
1221 1222 1125
1220 1222 658
1222 1223 1555
1223 1224 916
1224 1225 1720
1223 1225 903
1225 1226 690
1226 1227 940
1227 1228 660
1226 1228 1862
1228 1229 227
1229 1230 172
1230 1231 1584
1229 1231 1854
1231 1232 118
1232 1233 353
1233 1234 216
1232 1234 891
1234 1235 1782
1235 1236 620
1236 1237 1548
1235 1237 1519
1237 1238 322
1238 1239 588
1239 1240 1325
1238 1240 1202
1240 1241 462
1241 1242 633
1242 1243 600
1241 1243 663
1243 1244 1995
1244 1245 1225
1245 1246 1732
1244 1246 1818
1246 1247 1683
1247 1248 1313
1248 1249 1985
1247 1249 1155
1249 1250 1151
1250 1251 1781
1251 1252 397
1250 1252 11
1252 1253 786
1253 1254 841
1254 1255 1457
1253 1255 1467
1255 1256 1939
1256 1257 1853
1257 1258 944
1256 1258 278
1258 1259 10
1259 1260 9
1260 1261 157
1259 1261 515
1261 1262 1303
1262 1263 901
1263 1264 249
1262 1264 38
1264 1265 1659
1265 1266 485
1266 1267 52
1265 1267 1507
1267 1268 455
1268 1269 1976
1269 1270 1389
1268 1270 79
1270 1271 1747
1271 1272 1712
1272 1273 741
1271 1273 1234
1273 1274 646
1274 1275 1512
1275 1276 1748
1274 1276 1143
1276 1277 1526
1277 1278 617
1278 1279 20
1277 1279 818
1279 1280 42
1280 1281 1437
1281 1282 1048
1280 1282 1435
1282 1283 1771
1283 1284 845
1284 1285 1517
1283 1285 894
1285 1286 151
1286 1287 1692
1287 1288 509
1286 1288 371
1288 1289 855
1289 1290 1616
1290 1291 1977
1289 1291 1598
1291 1292 1103
1292 1293 1629
1293 1294 489
1292 1294 878
1294 1295 946
1295 1296 788
1296 1297 1293
1295 1297 1875
1297 1298 519
1298 1299 1865
1299 1300 448
1298 1300 518
1300 1301 1407
1301 1302 1657
1302 1303 252
1301 1303 694
1303 1304 586
1304 1305 601
1305 1306 1972
1304 1306 159
1306 1307 1259
1307 1308 396
1308 1309 1245
1307 1309 551
1309 1310 555
1310 1311 932
1311 1312 496
1310 1312 1983
1312 1313 1691
1313 1314 1697
1314 1315 504
1313 1315 1583
1315 1316 1290
1316 1317 1889
1317 1318 1572
1316 1318 1974
1318 1319 399
1319 1320 105
1320 1321 1604
1319 1321 834
1321 1322 1471
1322 1323 104
1323 1324 392
1322 1324 1170
1324 1325 295
1325 1326 1097
1326 1327 928
1325 1327 199
1327 1328 99
1328 1329 1805
1329 1330 1237
1328 1330 1422
1330 1331 1707
1331 1332 1472
1332 1333 440
1331 1333 1898
1333 1334 1106
1334 1335 436
1335 1336 853
1334 1336 207
1336 1337 922
1337 1338 1569
1338 1339 1664
1337 1339 1643
1339 1340 458
1340 1341 1525
1341 1342 1072
1340 1342 126
1342 1343 1986
1343 1344 1905
1344 1345 604
1343 1345 187
1345 1346 1815
1346 1347 268
1347 1348 745
1346 1348 1578
1348 1349 15
1349 1350 1884
1350 1351 497
1349 1351 194
1351 1352 595
1352 1353 1516
1353 1354 709
1352 1354 910
1354 1355 1138
1355 1356 136
1356 1357 1768
1355 1357 162
1357 1358 378
1358 1359 1480
1359 1360 729
1358 1360 338
1360 1361 1570
1361 1362 212
1362 1363 740
1361 1363 370
1363 1364 1791
1364 1365 109
1365 1366 1908
1364 1366 1658
1366 1367 774
1367 1368 1825
1368 1369 792
1367 1369 130
1369 1370 1298
1370 1371 849
1371 1372 1820
1370 1372 1130
1372 1373 50
1373 1374 156
1374 1375 1401
1373 1375 815
1375 1376 1847
1376 1377 953
1377 1378 184
1376 1378 1302
1378 1379 951
1379 1380 28
1380 1381 377
1379 1381 1087
1381 1382 451
1382 1383 992
1383 1384 1561
1382 1384 523
1384 1385 775
1385 1386 1336
1386 1387 1085
1385 1387 1075
1387 1388 1831
1388 1389 460
1389 1390 360
1388 1390 1926
1390 1391 1506
1391 1392 721
1392 1393 1672
1391 1393 1638
1393 1394 334
1394 1395 1181
1395 1396 437
1394 1396 798
1396 1397 23
1397 1398 316
1398 1399 676
1397 1399 1634
1399 1400 999
1400 1401 596
1401 1402 1728
1400 1402 86
1402 1403 1595
1403 1404 577
1404 1405 388
1403 1405 443
1405 1406 154
1406 1407 336
1407 1408 613
1406 1408 930
1408 1409 1726
1409 1410 1580
1410 1411 632
1409 1411 119
1411 1412 1387
1412 1413 1209
1413 1414 972
1412 1414 1018
1414 1415 430
1415 1416 1796
1416 1417 877
1415 1417 379
1417 1418 1498
1418 1419 65
1419 1420 1752
1418 1420 147
1420 1421 71
1421 1422 797
1422 1423 537
1421 1423 1183
1423 1424 1078
1424 1425 1161
1425 1426 297
1424 1426 1774
1426 1427 1379
1427 1428 533
1428 1429 1104
1427 1429 1350
1429 1430 687
1430 1431 213
1431 1432 1788
1430 1432 826
1432 1433 123
1433 1434 1817
1434 1435 292
1433 1435 287
1435 1436 1990
1436 1437 128
1437 1438 1397
1436 1438 935
1438 1439 55
1439 1440 1289
1440 1441 781
1439 1441 1558
1441 1442 434
1442 1443 833
1443 1444 580
1442 1444 1574
1444 1445 611
1445 1446 88
1446 1447 480
1445 1447 1850
1447 1448 231
1448 1449 1257
1449 1450 1129
1448 1450 998
1450 1451 1551
1451 1452 884
1452 1453 1281
1451 1453 1550
1453 1454 1230
1454 1455 312
1455 1456 724
1454 1456 575
1456 1457 1671
1457 1458 1605
1458 1459 161
1457 1459 1107
1459 1460 1610
1460 1461 144
1461 1462 921
1460 1462 270
1462 1463 1510
1463 1464 152
1464 1465 256
1463 1465 1959
1465 1466 546
1466 1467 1613
1467 1468 180
1466 1468 1327
1468 1469 991
1469 1470 1468
1470 1471 605
1469 1471 1006
1471 1472 1950
1472 1473 684
1473 1474 240
1472 1474 702
1474 1475 1994
1475 1476 728
1476 1477 1092
1475 1477 1522
1477 1478 1430
1478 1479 444
1479 1480 1109
1478 1480 359
1480 1481 1359
1481 1482 1737
1482 1483 824
1481 1483 1754
1483 1484 1403
1484 1485 1688
1485 1486 1717
1484 1486 391
1486 1487 394
1487 1488 1577
1488 1489 753
1487 1489 970
1489 1490 1746
1490 1491 1005
1491 1492 1661
1490 1492 1787
1492 1493 1431
1493 1494 1500
1494 1495 960
1493 1495 1911
1495 1496 1590
1496 1497 528
1497 1498 1204
1496 1498 1963
1498 1499 1655
1499 1500 1349
2 1500 1317
2 1499 466
