1034 1080
925 254 102
254 878 241
878 852 1017
852 181 651
181 927 355
927 775 661
775 658 969
658 994 192
994 936 257
936 679 334
679 638 303
638 853 1039
853 794 19
794 837 917
837 348 856
348 783 1003
783 26 318
26 308 908
308 27 13
27 917 38
917 1023 312
925 1023 934
357 610 723
610 482 892
482 635 710
635 77 568
77 689 604
689 491 346
491 212 350
212 194 867
194 1028 1033
1028 633 618
633 10 1038
10 568 111
568 554 125
554 632 214
632 280 840
280 137 20
137 203 497
203 402 458
402 716 754
716 817 386
817 313 905
357 313 972
11 519 526
519 918 621
918 977 321
977 131 687
131 179 688
179 675 385
675 703 231
703 749 589
749 505 535
505 856 273
856 60 168
60 300 771
300 523 260
523 600 302
600 943 1001
943 171 733
171 170 322
170 953 578
953 1009 704
1009 473 881
473 948 577
11 948 304
407 111 235
111 389 601
389 843 309
843 46 629
46 916 1080
916 744 262
744 933 457
933 125 781
125 191 595
191 38 252
38 384 108
384 680 777
680 327 973
327 704 695
704 263 474
263 769 219
769 816 825
816 980 761
980 642 901
642 802 490
802 737 368
407 737 778
33 753 259
753 851 749
851 218 937
218 479 140
479 544 676
544 328 178
328 978 122
978 596 208
596 284 387
284 995 670
995 372 185
372 241 1021
241 609 152
609 989 1
989 409 118
409 522 448
522 278 808
278 613 210
613 107 727
107 88 77
88 310 789
33 310 570
336 477 34
477 490 559
490 227 847
227 951 970
951 329 502
329 264 702
264 535 845
535 201 103
201 549 475
549 432 153
432 29 272
29 526 95
526 511 539
511 219 938
219 931 35
931 887 731
887 213 561
213 874 548
874 447 758
447 720 171
720 849 1078
336 849 327
231 1017 278
1017 250 216
250 197 186
197 169 182
169 617 461
617 654 896
654 512 525
512 740 92
740 938 1054
938 798 708
798 279 678
279 198 555
198 636 1011
636 899 746
899 940 294
940 83 352
83 97 528
97 987 549
987 431 326
431 66 101
66 1016 120
231 1016 207
9 15 430
15 950 587
950 192 433
192 102 268
102 721 993
721 116 248
116 531 576
531 416 468
416 630 750
630 898 703
898 50 274
50 871 1004
871 605 928
605 243 55
243 985 835
985 622 289
622 59 130
59 896 948
896 628 942
628 692 1052
692 481 729
9 481 1062
452 153 392
153 855 94
855 450 394
450 996 317
996 62 566
62 44 136
44 582 853
582 353 305
353 906 99
906 885 135
885 79 814
79 552 1065
552 385 999
385 200 265
200 436 342
436 224 8
224 92 742
92 707 329
707 631 624
631 361 438
361 333 296
452 333 493
355 257 396
257 771 556
771 387 308
387 1034 371
1034 255 427
255 1001 891
1001 612 522
612 666 224
666 210 154
210 352 96
352 195 850
195 751 106
751 112 567
112 492 1047
492 967 281
967 886 36
886 394 784
394 534 134
534 82 349
82 94 640
94 735 82
355 735 986
496 411 945
411 821 1018
821 266 381
266 652 206
652 724 859
724 895 1057
895 653 668
653 759 675
759 90 335
90 889 966
889 309 51
309 877 1037
877 129 1045
129 815 625
815 341 67
341 986 288
986 824 899
824 762 935
762 598 429
598 277 614
277 970 2
496 970 900
342 376 807
376 781 565
781 774 810
774 828 654
828 272 255
272 28 160
28 386 560
386 619 1034
619 688 1044
688 993 76
993 533 736
533 826 1079
826 930 247
930 698 538
698 709 9
709 685 893
685 354 89
354 687 57
687 583 572
583 382 72
382 813 964
342 813 947
665 601 190
601 174 437
174 146 650
146 637 158
637 616 403
616 162 353
162 513 485
513 474 121
474 808 54
808 839 165
839 525 562
525 758 453
758 942 924
942 414 133
414 363 660
363 8 290
8 868 213
868 23 680
23 893 593
893 537 486
537 244 466
665 244 644
575 31 1042
31 458 236
458 504 170
504 836 280
836 626 542
626 629 821
629 663 339
663 147 147
147 990 300
990 954 197
954 331 516
331 487 984
487 1025 633
1025 132 295
132 380 1002
380 36 58
36 668 11
668 24 66
24 76 184
76 545 496
545 827 791
575 827 201
1030 506 69
506 597 868
597 649 823
649 944 21
944 115 931
115 152 1075
152 508 846
508 349 811
349 830 180
830 20 17
20 811 483
811 595 876
595 846 47
846 248 61
248 1020 580
1020 646 638
646 87 518
87 109 151
109 694 132
694 256 478
256 461 194
1030 461 524
1011 406 1070
406 168 685
168 108 974
108 608 10
608 671 229
671 316 579
316 829 720
829 396 1051
396 455 293
455 903 622
903 1 796
1 921 191
921 726 827
726 790 553
790 55 600
55 364 28
364 53 776
53 78 609
78 644 217
644 118 29
118 706 882
1011 706 148
37 249 270
249 1024 591
1024 81 5
81 283 536
283 178 1005
178 334 741
334 527 603
527 362 477
362 565 421
565 63 460
63 124 689
124 591 411
591 883 521
883 51 699
51 65 757
65 739 87
739 734 936
734 186 1020
186 517 202
517 579 765
579 861 764
37 861 858
748 445 459
445 713 987
713 835 1061
835 429 918
429 40 664
40 187 816
187 365 223
365 193 855
193 501 994
501 235 801
235 408 50
408 485 42
485 271 97
271 99 449
99 176 981
176 345 648
345 691 619
691 786 177
786 444 983
444 661 179
661 294 643
748 294 199
293 972 971
972 268 655
268 421 1068
421 446 978
446 148 790
148 439 410
439 58 269
58 311 1046
311 167 968
167 708 883
708 514 440
514 911 992
911 518 527
518 696 402
696 156 364
156 820 415
820 335 728
335 1021 857
1021 556 412
556 470 745
470 567 435
293 567 890
113 126 1043
126 923 834
923 779 361
779 251 683
251 570 975
570 528 554
528 761 489
761 730 465
730 672 203
672 106 659
106 510 239
510 478 155
478 705 871
705 924 1029
924 56 157
56 157 692
157 550 417
550 623 476
623 325 266
325 321 196
321 875 662
113 875 407
521 854 809
854 1002 832
1002 1015 701
1015 190 812
190 378 912
378 465 646
465 418 498
418 269 104
269 143 388
143 289 779
289 682 793
682 939 666
939 723 276
723 702 927
702 715 563
715 945 792
945 238 73
238 483 40
483 655 375
655 206 362
206 904 137
521 904 511
643 738 642
738 894 694
894 110 426
110 145 285
145 225 718
225 114 162
114 648 632
648 234 822
234 276 990
276 48 519
48 1031 515
1031 468 81
468 681 119
681 870 436
870 555 360
555 695 328
695 880 583
880 16 997
16 412 602
412 684 1024
684 757 319
643 757 492
823 785 271
785 295 284
295 910 902
910 722 657
722 1008 425
1008 907 86
907 359 616
359 793 484
793 964 198
964 98 509
98 848 752
848 539 306
539 14 39
14 620 447
620 615 673
615 962 1069
962 542 820
542 471 115
471 747 940
747 13 860
13 908 544
823 908 879
745 992 1064
992 818 958
818 797 494
797 123 1074
123 573 462
573 754 671
754 806 785
806 602 841
602 173 473
173 674 297
674 427 903
427 532 325
532 941 472
941 303 592
303 183 365
183 973 205
973 75 1071
75 456 330
456 41 139
41 89 45
89 253 409
745 253 149
981 563 599
563 621 888
621 419 806
419 320 594
320 670 932
670 388 898
388 536 53
536 872 356
872 1027 775
1027 420 256
420 789 123
789 373 691
373 73 774
73 660 291
660 69 802
69 503 505
503 291 998
291 43 773
43 530 550
530 141 128
141 299 150
981 299 547
344 678 682
678 841 663
841 281 344
281 814 424
814 585 144
585 433 200
433 1032 954
1032 423 726
423 39 112
39 690 249
690 351 127
351 350 275
350 476 455
476 969 755
969 270 244
270 390 181
390 472 211
472 974 26
974 18 923
18 400 110
400 509 573
344 509 261
947 189 571
189 262 909
262 558 679
558 7 161
7 337 65
337 792 62
792 842 336
842 451 323
451 557 844
557 319 962
319 928 479
928 584 717
584 669 641
669 920 956
920 292 156
292 438 884
438 346 52
346 640 623
640 306 354
306 999 520
999 216 283
947 216 532
85 17 75
17 765 880
765 340 715
340 998 706
998 562 529
562 383 345
383 185 68
185 804 481
804 983 359
983 500 27
500 369 828
369 897 693
897 529 1056
529 221 719
221 966 348
966 202 1063
202 165 677
165 863 637
863 822 831
822 196 240
196 166 681
85 166 491
569 435 930
435 755 32
755 440 391
440 260 813
260 520 46
520 805 340
805 428 590
428 30 195
30 258 234
258 546 1026
546 405 916
405 150 762
150 91 70
91 586 1050
586 391 819
391 182 469
182 807 299
807 395 833
395 338 1007
338 913 988
913 463 612
569 463 324
741 599 864
599 494 218
494 711 585
711 86 463
86 136 395
136 392 286
392 393 786
393 776 446
776 217 1072
217 368 390
368 84 1022
84 766 267
766 869 4
869 937 995
937 121 1058
121 795 246
795 139 398
139 57 759
57 457 488
457 561 1025
561 1010 428
741 1010 279
902 135 6
135 158 439
158 322 552
322 976 379
976 965 838
965 25 452
25 127 874
127 831 227
831 673 824
673 401 98
401 2 512
2 645 869
645 946 499
946 700 849
700 577 228
577 984 93
984 381 611
381 42 143
42 778 575
778 93 282
93 731 615
902 731 551
180 245 422
245 1000 914
1000 45 332
45 935 913
935 760 48
760 466 49
466 486 363
486 634 1027
634 462 540
462 727 434
727 298 606
298 488 464
488 226 80
226 736 889
736 955 797
955 267 863
267 932 366
932 719 848
719 164 443
164 810 116
810 664 164
180 664 63
589 222 1067
222 415 598
415 443 770
443 800 142
800 324 805
324 305 25
305 367 904
367 237 852
237 844 1008
844 641 979
641 1014 597
1014 236 851
236 580 584
580 159 467
159 838 608
838 879 337
879 484 747
484 657 976
657 22 23
22 399 885
399 662 875
589 662 558
326 52 107
52 230 413
230 247 175
247 448 925
448 922 126
922 47 769
47 119 60
119 718 862
718 374 1012
374 958 253
958 275 877
275 252 957
252 154 965
154 540 977
540 1029 358
1029 95 193
95 825 895
825 650 894
650 34 416
34 214 146
214 61 721
326 61 1009
788 356 90
356 296 163
296 926 1013
926 659 495
659 991 1023
991 627 41
627 957 564
957 712 1041
712 480 367
480 332 129
332 566 656
566 290 1059
290 832 84
832 21 628
21 551 815
551 175 373
175 223 372
223 919 1000
919 768 944
768 625 1048
625 860 732
788 860 707
614 624 56
624 1004 837
1004 199 546
199 4 541
4 975 537
975 239 347
239 603 78
603 134 88
134 890 450
890 232 794
232 430 74
430 574 1006
574 909 799
909 834 215
834 1007 513
1007 339 645
339 138 952
138 507 1036
507 840 109
840 651 401
651 733 307
614 733 456
782 752 451
752 307 780
307 515 1016
515 454 341
454 160 697
160 801 1028
801 151 783
151 548 1030
548 246 384
246 103 543
103 6 951
6 142 910
142 101 709
101 764 531
764 330 243
330 424 105
424 358 441
358 1003 245
1003 122 316
122 888 444
888 914 620
782 914 187
464 756 763
756 314 380
314 96 950
96 949 907
949 1005 631
1005 656 501
656 417 292
417 404 470
404 371 311
371 725 669
725 453 83
453 188 887
188 205 343
205 469 605
469 426 897
426 489 843
489 578 613
578 397 442
397 729 634
729 803 420
803 796 169
464 796 985
64 130 772
130 881 665
881 161 1040
161 988 37
988 105 514
105 647 929
647 997 830
997 302 581
302 767 117
767 120 315
120 297 113
297 49 700
49 304 674
304 743 209
743 498 716
498 763 712
763 12 183
12 1019 1035
1019 812 382
812 858 15
858 572 414
64 572 374
495 32 225
32 441 504
441 594 926
594 211 734
211 54 698
54 285 639
285 5 1055
5 228 870
228 208 30
208 934 310
934 524 672
524 717 866
717 398 431
398 265 946
265 581 906
581 209 667
209 233 725
233 375 320
375 915 737
915 799 915
799 571 506
495 571 596
866 968 64
968 403 351
403 67 406
67 728 588
728 318 724
318 493 921
493 780 826
780 366 530
366 282 696
282 71 418
71 242 204
242 502 24
502 791 258
791 592 744
592 104 743
104 128 138
128 864 829
864 593 534
593 1013 237
1013 686 242
686 857 85
866 857 487
714 845 517
845 564 711
564 220 43
220 588 873
588 770 818
770 422 18
422 425 574
425 587 804
587 867 955
867 876 445
876 956 686
956 467 684
467 360 878
360 750 627
750 475 14
475 1006 378
1006 891 1053
891 261 963
261 590 886
590 1012 982
1012 288 569
714 288 277
1018 773 730
773 317 861
317 72 454
72 240 167
240 100 842
100 607 617
607 892 313
892 865 533
865 343 1049
343 74 22
74 442 238
442 204 369
204 140 91
140 697 124
697 979 996
979 149 503
149 905 959
905 347 173
347 497 1077
497 177 767
177 80 221
1018 80 872
437 163 264
163 710 172
710 543 1060
543 667 817
667 784 803
784 699 787
699 960 967
960 70 557
70 286 911
286 952 586
952 961 738
961 459 508
459 611 941
611 982 1073
982 882 1015
882 862 582
862 959 920
959 547 263
547 742 739
742 576 230
576 746 953
437 746 405
207 553 7
553 787 114
787 618 397
618 377 44
377 323 79
323 676 333
676 215 423
215 172 722
172 847 740
847 301 400
301 701 714
701 850 1031
850 912 389
912 155 922
155 873 393
873 1033 298
1033 287 836
287 971 220
971 677 376
677 732 636
732 683 1014
207 683 471
315 772 1010
772 370 408
370 434 159
434 499 383
499 884 652
884 900 939
900 541 480
541 410 545
410 604 189
604 1026 766
1026 3 59
3 963 301
963 516 16
516 144 166
144 35 357
35 606 782
606 1022 635
1022 777 713
777 559 748
559 19 991
19 929 145
315 929 735
184 229 751
229 693 989
693 560 961
560 312 795
312 538 3
538 859 222
859 809 1076
809 833 370
833 259 100
259 133 649
133 117 753
117 449 482
449 413 658
413 274 626
274 68 690
68 639 798
639 273 432
273 460 800
460 819 980
819 379 1066
379 901 31
184 901 250
925 357 854
10 11 788
60 407 232
384 33 33
372 336 12
29 231 839
279 9 756
50 452 287
79 355 419
195 496 251
309 342 233
533 665 404
525 575 212
331 1030 768
811 1011 933
658 37 630
124 748 338
408 293 174
514 113 919
510 521 141
682 643 865
1031 823 607
848 745 226
427 981 653
789 344 760
351 947 949
928 85 377
369 569 176
405 741 610
84 902 507
837 180 188
298 589 1032
1014 326 705
275 788 399
566 614 500
430 782 331
6 464 523
453 64 647
297 495 960
524 866 510
242 714 314
956 1018 1019
442 437 943
961 207 131
701 315 254
851 184 71
