621 682
183 580 5
580 390 160
390 451 453
451 512 233
512 475 1
475 257 592
257 563 206
563 375 18
375 42 439
183 42 391
313 147 486
147 4 615
4 171 320
171 314 566
314 243 330
243 336 579
336 424 655
424 283 8
283 613 300
313 613 121
483 329 388
329 570 437
570 53 77
53 302 176
302 571 166
571 5 424
5 102 225
102 535 380
535 38 399
483 38 229
542 356 480
356 273 636
273 170 254
170 553 219
553 546 526
546 49 548
49 385 660
385 438 92
438 40 145
542 40 218
471 501 512
501 192 243
192 98 256
98 208 58
208 462 125
462 297 283
297 608 91
608 178 334
178 145 353
471 145 231
556 200 156
200 348 151
348 395 248
395 220 594
220 301 264
301 140 280
140 103 530
103 380 44
380 579 109
556 579 411
205 204 147
204 14 668
14 349 259
349 558 581
558 39 602
39 353 523
353 430 124
430 135 672
135 24 457
205 24 394
255 498 355
498 279 146
279 153 595
153 416 641
416 307 270
307 114 659
114 472 23
472 557 255
557 480 107
255 480 651
299 458 354
458 378 589
378 331 108
331 529 122
529 87 608
87 155 483
155 569 478
569 531 308
531 251 389
299 251 204
560 566 47
566 325 38
325 263 459
263 234 467
234 523 290
523 64 574
64 246 624
246 111 374
111 478 157
560 478 371
620 581 292
581 224 649
224 136 582
136 33 130
33 448 590
448 197 214
197 303 79
303 364 83
364 217 59
620 217 238
32 576 545
576 261 362
261 487 499
487 117 398
117 401 670
401 452 168
452 133 223
133 138 667
138 573 345
32 573 232
432 105 20
105 96 84
96 184 537
184 121 67
121 90 45
90 132 419
132 591 644
591 69 438
69 123 495
432 123 104
151 101 315
101 402 625
402 429 336
429 107 403
107 130 561
130 533 322
533 31 560
31 292 490
292 67 153
151 67 675
259 583 379
583 386 601
386 296 465
296 323 665
323 221 39
221 226 72
226 36 61
36 548 272
548 357 408
259 357 261
545 441 52
441 596 332
596 549 139
549 249 588
249 403 405
403 607 51
607 419 99
419 35 321
35 158 677
545 158 2
443 174 213
174 422 246
422 610 318
610 290 216
290 59 202
59 488 25
488 288 568
288 528 116
528 274 639
443 274 260
44 9 656
9 418 648
418 213 267
213 214 348
214 439 556
439 484 24
484 41 553
41 431 563
431 215 549
44 215 497
447 442 220
442 199 396
199 222 460
222 310 427
310 492 621
492 335 274
335 61 401
61 411 494
411 43 642
447 43 375
340 60 550
60 93 618
93 479 200
479 428 603
428 46 349
46 195 673
195 218 210
218 169 337
169 146 275
340 146 193
119 315 587
315 334 165
334 495 496
495 587 90
587 1 619
1 112 7
112 245 597
245 10 559
10 534 516
119 534 197
456 124 415
124 525 517
525 420 161
420 100 106
100 436 314
436 520 164
520 393 538
393 435 40
435 468 34
456 468 181
382 592 485
592 253 319
253 206 117
206 391 492
391 20 27
20 27 514
27 235 634
235 278 442
278 216 30
382 216 652
55 358 50
358 544 120
544 99 4
99 617 606
617 537 435
537 423 387
423 373 239
373 588 110
588 554 237
55 554 572
152 352 428
352 379 423
379 489 42
489 34 498
34 15 501
15 211 162
211 409 397
409 381 53
381 229 432
152 229 436
404 281 630
281 319 462
319 347 663
347 304 33
304 232 78
232 28 43
28 524 347
524 289 386
289 305 63
404 305 170
141 311 150
311 97 539
97 509 277
509 493 55
493 561 266
561 173 265
173 444 173
444 189 519
189 309 578
141 309 75
324 291 367
291 120 148
120 496 506
496 618 186
618 346 199
346 611 611
611 159 263
159 518 370
518 338 412
324 338 56
51 526 471
526 272 479
272 238 46
238 284 378
284 326 329
326 47 417
47 476 360
476 559 584
559 455 671
51 455 95
230 511 614
511 209 101
209 306 654
306 482 444
482 127 456
127 597 366
597 161 381
161 594 515
594 516 357
230 516 19
207 160 481
160 603 327
603 84 365
84 37 351
37 143 521
143 81 390
81 497 333
497 66 88
66 285 571
207 285 369
406 317 431
317 388 452
388 330 422
330 567 215
567 417 131
417 457 323
457 125 650
125 108 163
108 149 222
406 149 13
294 280 158
280 233 136
233 201 316
201 182 407
182 600 585
600 164 342
164 517 302
517 8 382
8 104 285
294 104 15
166 80 623
80 355 152
355 578 307
578 116 48
116 344 372
344 118 133
118 328 198
328 65 420
65 58 633
166 58 464
176 188 510
188 619 326
619 181 395
181 614 466
614 12 119
12 413 356
413 449 257
449 574 174
574 434 195
176 434 552
298 454 304
454 11 404
11 410 49
410 339 81
339 536 71
536 604 346
604 606 299
606 337 542
337 52 646
298 52 287
77 247 446
247 503 112
503 506 565
506 122 392
122 244 303
244 210 296
210 445 271
445 490 554
490 231 310
77 231 278
345 71 100
71 91 335
91 598 532
598 287 98
287 277 190
277 194 531
194 268 591
268 450 284
450 367 141
345 367 28
499 131 297
131 486 328
486 350 658
350 414 661
414 474 414
474 500 258
500 177 236
177 167 21
167 266 89
499 266 306
612 252 10
252 463 364
463 609 406
609 186 70
186 481 343
481 407 182
407 460 247
460 399 114
399 88 29
612 88 629
466 615 187
615 538 525
538 321 134
321 351 352
351 2 155
2 421 393
421 469 324
469 464 149
464 295 645
466 295 610
185 250 60
250 590 279
590 219 491
219 26 385
26 427 211
427 86 583
86 276 286
276 48 534
48 70 126
185 70 338
541 19 564
19 408 313
408 76 242
76 29 26
29 461 487
461 582 482
582 519 184
519 473 241
473 527 638
541 527 468
322 300 311
300 577 249
577 128 520
128 82 653
82 187 235
187 327 250
327 491 22
491 190 128
190 530 9
322 530 527
129 78 458
78 551 228
551 25 607
25 440 294
440 162 562
162 254 361
254 154 609
154 106 493
106 165 605
129 165 678
282 446 543
446 75 312
75 502 3
502 228 474
228 365 680
365 175 295
175 179 69
179 371 441
371 168 93
282 168 183
572 599 627
599 109 252
109 237 600
237 312 340
312 433 143
433 341 344
341 225 94
225 601 430
601 262 643
572 262 682
342 543 281
543 510 598
510 589 628
589 605 454
605 227 657
227 550 489
550 470 613
470 467 87
467 21 282
342 21 31
392 163 301
163 180 426
180 453 86
453 241 626
241 89 221
89 372 11
372 485 425
485 384 513
384 389 476
392 389 138
156 575 413
575 369 224
369 376 448
376 387 188
387 267 129
267 412 203
412 115 180
115 57 244
57 585 113
156 585 620
239 363 245
363 595 666
595 92 586
92 240 508
240 242 640
242 258 273
258 513 529
513 437 504
437 540 632
239 540 341
359 157 576
157 63 41
63 562 488
562 264 226
264 236 298
236 275 209
275 256 212
256 361 540
361 17 268
359 17 433
568 508 305
508 172 569
172 68 66
68 465 622
465 360 402
360 45 35
45 95 440
95 191 557
191 368 507
568 368 57
405 398 376
398 396 373
396 270 637
270 426 418
426 144 575
144 139 555
139 522 123
522 505 217
505 293 262
405 293 518
137 333 674
333 148 358
148 552 451
552 374 631
374 521 111
521 507 604
507 85 612
85 343 36
343 602 179
137 602 191
83 515 573
515 94 350
94 260 177
260 30 368
30 212 536
212 320 175
320 370 528
370 459 681
459 265 208
83 265 137
362 142 135
142 532 445
532 113 178
113 13 421
13 62 363
62 593 14
593 110 577
110 377 167
377 54 522
362 54 662
16 318 309
318 316 240
316 6 551
6 72 96
72 555 535
555 202 511
202 564 567
564 539 269
539 223 16
16 223 596
383 18 64
18 415 103
415 397 416
397 400 288
400 7 325
7 586 503
586 56 201
56 354 154
354 308 82
383 308 105
73 565 377
565 425 6
425 366 635
366 74 54
74 286 73
286 196 580
196 477 207
477 79 472
79 134 679
73 134 463
584 50 142
50 203 65
203 150 194
150 198 546
198 3 449
3 332 234
332 248 443
248 616 85
616 514 447
584 514 410
504 394 276
394 126 547
126 23 477
23 494 291
494 269 12
269 22 669
22 271 676
271 193 192
193 547 205
504 547 500
183 313 185
243 483 524
571 542 331
546 471 97
462 556 132
301 205 484
39 255 461
307 299 473
87 560 400
523 620 251
448 32 544
401 432 509
90 151 339
130 259 227
221 545 593
403 443 32
59 44 533
439 447 429
492 340 169
46 119 505
451 456 74
436 382 189
20 55 469
537 152 127
15 404 409
232 141 359
561 324 664
346 51 172
326 230 102
127 207 317
143 406 80
417 294 230
600 166 434
344 176 293
12 298 17
536 77 171
244 345 475
277 499 383
474 612 76
481 466 37
257 185 384
427 541 570
461 322 253
187 129 647
162 282 144
365 572 502
433 342 118
227 392 62
89 156 616
267 239 115
242 359 289
236 568 68
360 405 196
144 137 541
521 83 140
212 362 617
62 16 159
555 383 450
7 73 599
286 584 455
98 504 558
1 621 470
