1241 1302
400 734 398
734 237 1149
237 535 1043
535 1067 217
1067 982 551
982 646 501
646 452 289
452 758 965
758 660 1013
660 236 750
236 654 225
654 467 92
467 345 667
345 640 899
640 380 72
380 477 416
477 1054 331
1054 951 793
951 1089 1046
400 1089 835
475 349 1026
349 544 523
544 159 431
159 302 87
302 661 97
661 1116 984
1116 647 900
647 71 1151
71 169 1133
169 649 66
649 514 443
514 259 1229
259 108 682
108 446 607
446 1128 1063
1128 857 392
857 641 961
641 239 540
239 476 482
475 476 202
238 557 179
557 637 129
637 1009 81
1009 860 794
860 292 975
292 1122 621
1122 608 373
608 1081 592
1081 828 822
828 34 441
34 30 885
30 407 804
407 1046 324
1046 471 622
471 144 659
144 300 188
300 113 650
113 1151 638
1151 850 291
238 850 787
187 839 305
839 1211 1194
1211 1157 71
1157 970 292
970 978 618
978 375 30
375 561 262
561 63 541
63 847 927
847 676 601
676 751 63
751 809 15
809 440 423
440 1088 200
1088 725 184
725 455 267
455 854 249
854 55 925
55 1209 547
187 1209 785
1191 322 43
322 229 176
229 438 1125
438 1097 962
1097 312 1255
312 801 612
801 775 24
775 843 1094
843 77 994
77 902 929
902 722 843
722 920 12
920 935 654
935 1188 945
1188 191 1156
191 11 775
11 388 25
388 1167 830
1167 745 110
1191 745 153
260 432 1218
432 942 928
942 206 522
206 940 1052
940 431 919
431 1119 847
1119 210 593
210 832 1204
832 891 699
891 684 99
684 808 1120
808 1162 570
1162 127 344
127 66 259
66 372 356
372 1099 1300
1099 256 534
256 604 496
604 834 531
260 834 320
568 428 616
428 735 1202
735 563 1009
563 1034 947
1034 81 1289
81 12 590
12 956 1209
956 1006 802
1006 917 42
917 303 374
303 807 1067
807 434 956
434 177 800
177 42 755
42 207 803
207 262 229
262 179 696
179 87 740
87 1138 1093
568 1138 485
24 146 1119
146 1010 780
1010 276 365
276 258 395
258 163 426
163 1215 248
1215 45 963
45 504 1201
504 1115 1253
1115 770 566
770 618 883
618 636 1078
636 1044 100
1044 1016 557
1016 690 671
690 69 359
69 669 1254
669 247 1142
247 5 658
24 5 604
657 748 335
748 56 1060
56 250 576
250 319 1059
319 882 1090
882 923 982
923 396 722
396 339 1207
339 1202 1188
1202 688 1267
688 359 455
359 1203 768
1203 1104 1064
1104 192 891
192 133 417
133 1154 82
1154 58 674
58 1013 381
1013 977 41
657 977 1248
1121 662 648
662 993 243
993 918 629
918 311 75
311 957 1118
957 545 669
545 931 1047
931 365 56
365 460 495
460 1232 1154
1232 981 1175
981 1182 645
1182 1155 1224
1155 68 1008
68 27 1238
27 755 1275
755 686 1241
686 257 1039
257 634 1222
1121 634 74
1129 827 436
827 1083 40
1083 629 1001
629 1098 1073
1098 340 1298
340 173 690
173 418 1054
418 412 1277
412 963 1232
963 994 727
994 92 976
92 1150 1005
1150 716 611
716 497 968
497 863 711
863 291 972
291 304 4
304 33 821
33 811 751
1129 811 1213
731 212 224
212 143 264
143 223 1145
223 697 221
697 1234 11
1234 93 932
93 794 878
794 148 683
148 49 136
49 564 1221
564 1146 707
1146 763 1216
763 639 379
639 872 1037
872 387 1012
387 451 964
451 9 1190
9 740 738
740 965 597
731 965 1256
593 572 1085
572 125 489
125 538 182
538 74 719
74 395 789
395 1149 1033
1149 551 850
551 894 146
894 760 77
760 606 920
606 1145 1117
1145 1224 327
1224 196 749
196 494 725
494 603 1259
603 1137 733
1137 519 1167
519 498 559
498 677 114
593 677 901
532 531 837
531 84 67
84 1077 734
1077 644 222
644 227 936
227 469 806
469 853 76
853 421 474
421 642 1301
642 814 272
814 754 670
754 683 270
683 890 660
890 615 844
615 1196 1112
1196 64 773
64 1071 770
1071 1184 1141
1184 161 372
532 161 606
16 899 387
899 40 483
40 1136 449
1136 1220 745
1220 43 656
43 26 914
26 922 1010
922 966 1217
966 881 7
881 442 350
442 665 59
665 426 64
426 1084 1101
1084 1032 1273
1032 999 1138
999 1080 926
1080 1222 842
1222 707 1108
707 248 542
16 248 880
201 461 698
461 680 1283
680 480 833
480 233 863
233 462 61
462 242 940
242 1171 383
1171 1057 987
1057 506 571
506 54 328
54 1199 705
1199 415 1208
415 124 475
124 1130 625
1130 995 1019
995 481 655
481 1183 737
1183 109 1270
109 378 338
201 378 120
1158 246 887
246 727 653
727 403 1225
403 254 53
254 737 931
737 960 533
960 969 252
969 921 310
921 553 1132
553 1082 810
1082 558 17
558 263 1293
263 453 859
453 1048 388
1048 100 161
100 823 744
823 50 1240
50 36 319
36 496 438
1158 496 1147
997 1210 1042
1210 1144 1028
1144 517 471
517 264 113
264 320 506
320 402 1271
402 774 881
774 628 1017
628 338 1233
338 591 290
591 861 1231
861 1018 615
1018 893 663
893 841 642
841 1125 746
1125 13 115
13 1028 535
1028 613 1024
613 46 156
997 46 731
122 713 923
713 219 795
219 830 1152
830 353 675
353 926 143
926 131 1023
131 695 808
695 369 934
369 1195 1136
1195 1123 1139
1123 587 402
587 575 279
575 252 47
252 1226 130
1226 495 814
495 1212 1235
1212 424 1014
424 959 845
959 1076 233
122 1076 384
666 934 178
934 280 1065
280 1221 307
1221 279 380
279 377 1034
377 88 1284
88 1004 281
1004 324 334
324 525 739
525 611 614
611 507 1251
507 286 36
286 962 539
962 897 753
897 990 144
990 472 620
472 989 909
989 135 1
135 855 1212
666 855 697
356 1103 457
1103 107 371
107 824 882
824 844 1097
844 98 413
98 188 619
188 1218 1206
1218 736 1123
736 1095 792
1095 1 764
1 678 868
678 398 978
398 332 405
332 321 550
321 379 565
379 906 16
906 364 175
364 975 610
975 685 776
356 685 937
784 309 1045
309 1038 568
1038 363 73
363 180 1265
180 710 829
710 1204 145
1204 157 689
157 70 1296
70 289 1106
289 1055 910
1055 115 23
115 334 724
334 483 1087
483 1177 447
1177 52 1176
52 705 201
705 106 1180
106 48 339
48 1216 627
784 1216 827
1086 478 50
478 878 558
878 911 31
911 791 876
791 772 473
772 214 587
214 1152 434
1152 781 896
781 393 283
393 895 537
895 867 889
867 217 636
217 249 1223
249 717 944
717 643 171
643 323 1264
323 1134 401
1134 1066 1249
1066 503 752
1086 503 1279
939 1179 726
1179 235 492
235 831 599
831 355 862
355 889 1015
889 672 586
672 605 652
605 529 1291
529 979 498
979 826 525
826 232 343
232 466 890
466 698 445
698 222 268
222 1106 313
1106 301 605
301 974 872
974 346 1040
346 852 1116
939 852 494
1012 425 509
425 47 39
47 189 282
189 1042 581
1042 376 140
376 1120 838
1120 925 713
925 582 661
582 840 242
840 570 957
570 90 871
90 574 462
574 200 1211
200 318 480
318 285 189
285 590 118
590 945 1219
945 659 469
659 1063 983
1012 1063 911
776 954 6
954 282 684
282 1217 1148
1217 19 1262
19 597 742
597 75 345
75 1114 853
1114 802 1007
802 1050 481
1050 718 772
718 1180 518
1180 145 1143
145 627 1164
627 1039 807
1039 1047 721
1047 8 839
8 1078 743
1078 316 511
316 675 554
776 675 1109
17 162 1210
162 522 103
522 681 22
681 679 578
679 243 470
243 502 852
502 833 1058
833 738 1245
738 905 1200
905 465 1173
465 168 119
168 266 991
266 21 326
21 226 117
226 1207 357
1207 689 1111
689 362 450
362 1201 635
1201 550 393
17 550 38
1030 1133 68
1133 715 299
715 411 666
411 277 1053
277 767 634
767 447 1294
447 998 79
998 427 825
427 856 981
856 929 414
929 267 5
267 702 819
702 409 1160
409 1160 519
1160 846 1183
846 82 867
82 694 154
694 756 442
756 588 258
1030 588 796
35 384 1131
384 1091 778
1091 1025 1155
1025 1017 1079
1017 360 415
360 696 150
696 510 769
510 368 422
368 1059 1002
1059 1110 112
1110 228 309
228 1070 685
1070 805 1004
805 1003 1274
1003 197 602
197 1240 163
1240 749 668
749 112 524
112 1035 917
35 1035 716
67 1036 484
1036 786 930
786 1159 1036
1159 1239 805
1239 787 1025
787 617 466
617 719 446
719 464 1299
464 110 1074
110 374 126
374 521 641
521 1228 48
1228 845 107
845 1219 1113
1219 879 1295
879 573 1302
573 1090 239
1090 430 1127
430 663 463
67 663 1215
885 1231 70
1231 423 575
423 548 1044
548 542 160
542 907 476
907 790 280
790 1168 34
1168 877 908
877 272 779
272 670 418
670 317 213
317 598 86
598 709 1022
709 773 390
773 900 352
900 357 121
357 653 729
653 178 65
178 560 406
885 560 396
602 204 46
204 836 54
836 198 1038
198 815 1089
815 650 314
650 1142 935
1142 297 439
297 944 1162
944 534 183
534 562 1050
562 1118 664
1118 818 894
818 631 1220
631 290 545
290 699 538
699 1015 452
1015 848 950
848 971 58
971 862 864
602 862 1018
816 524 591
524 936 354
936 609 941
609 1112 954
1112 967 192
967 1113 735
1113 762 1191
762 1238 181
1238 903 1261
903 821 57
821 231 799
231 1227 467
1227 271 322
271 22 93
22 880 316
880 1031 285
1031 658 709
658 176 159
176 165 55
816 165 273
1233 549 488
549 1230 1205
1230 1126 353
1126 1037 631
1037 501 1193
501 537 543
537 397 13
397 1011 577
1011 1176 186
1176 1022 271
1022 253 155
253 668 1257
668 65 1051
65 711 177
711 1197 364
1197 20 1184
20 1101 902
1101 190 1103
190 1208 801
1233 1208 997
389 1065 1137
1065 1156 33
1156 439 228
439 912 502
912 170 572
170 39 1226
39 599 1031
599 721 966
721 1109 427
1109 586 206
586 980 720
980 14 1150
14 512 1066
512 116 790
116 513 998
513 648 137
648 1072 400
1072 703 301
703 499 109
389 499 836
117 941 955
941 255 1021
255 274 1140
274 810 715
810 1058 311
1058 530 1243
530 445 231
445 358 1269
358 205 657
205 150 1077
150 1041 215
1041 1073 1124
1073 337 487
337 44 783
44 1166 704
1166 367 580
367 454 1095
454 164 1196
164 620 244
117 620 691
799 798 515
798 701 167
701 343 861
343 7 432
7 870 254
870 864 461
864 336 210
336 884 1126
884 155 617
155 128 1272
128 806 360
806 1087 1290
1087 174 256
174 765 263
765 95 646
95 927 866
927 624 317
624 782 238
782 692 389
799 692 138
59 739 874
739 555 505
555 984 517
984 992 336
992 306 284
306 1008 355
1008 1148 815
1148 571 832
571 539 253
539 819 10
819 463 219
463 803 459
803 4 394
4 1005 952
1005 370 134
370 1000 1086
1000 149 980
149 829 1285
829 1229 856
59 1229 1027
487 1181 1102
1181 448 1197
448 1020 1061
1020 968 410
968 973 1030
973 308 948
308 422 1181
422 744 172
744 1127 567
1127 1093 277
1093 874 893
874 391 510
391 858 276
858 298 1107
298 234 96
234 299 419
299 500 873
500 456 562
456 1085 609
487 1085 142
559 158 1161
158 1001 884
1001 1147 714
1147 1068 1083
1068 946 80
946 278 1122
278 147 60
147 817 1177
817 105 245
105 540 694
540 474 1179
474 804 409
804 103 18
103 251 44
251 1198 362
1198 1131 560
1131 335 877
335 295 1006
295 330 651
559 330 133
607 837 679
837 224 128
224 182 135
182 1169 52
1169 240 584
240 1105 266
1105 183 514
183 732 367
732 729 1266
729 2 330
2 904 1214
904 511 1172
511 1186 848
1186 1143 375
1143 1225 747
1225 488 1088
488 1139 1099
1139 752 977
752 687 552
607 687 1104
909 1165 218
1165 541 49
541 947 913
947 1178 986
1178 457 548
457 1074 831
1074 111 440
111 812 967
812 119 425
119 528 98
528 633 826
633 527 748
527 983 303
983 576 1110
576 344 20
344 930 700
930 361 261
361 138 486
138 486 516
909 486 985
419 1124 949
1124 789 297
789 691 91
691 1033 274
1033 468 378
468 580 989
580 896 106
896 265 813
265 333 854
333 1175 247
1175 779 1159
779 154 526
154 1173 507
1173 1024 849
1024 543 960
543 916 759
916 952 1276
952 241 1114
241 708 333
419 708 1171
873 399 723
399 348 464
348 281 304
281 565 639
565 851 1234
851 757 736
757 99 556
99 114 411
114 964 943
964 1100 942
1100 932 491
932 314 477
314 785 777
785 886 741
886 366 939
366 1214 444
1214 130 797
130 1174 227
1174 820 1247
873 820 300
1141 287 347
287 79 403
79 270 151
270 73 782
73 1192 51
1192 1161 1292
1161 261 321
261 515 904
515 835 451
835 94 472
94 958 174
958 1194 921
1194 600 771
600 1200 632
1200 449 1166
449 554 448
554 134 1082
134 1236 988
1236 211 14
1141 211 27
1117 536 260
536 29 677
29 556 1069
556 166 888
166 1049 971
1049 225 1129
225 780 1096
780 913 608
913 1223 397
1223 57 430
57 1213 500
1213 1062 1029
1062 153 823
153 949 286
949 307 953
307 901 1237
901 778 579
778 441 993
441 645 105
1117 645 250
394 714 892
714 592 1146
592 700 361
700 667 969
667 509 78
509 313 296
313 976 69
976 859 102
859 1172 90
1172 326 582
326 41 325
41 275 226
275 924 1199
924 86 368
86 612 626
612 482 265
482 747 420
747 142 1032
142 1019 875
394 1019 306
60 741 643
741 516 870
516 865 869
865 245 454
245 1007 94
1007 898 1281
898 490 124
490 459 766
459 152 841
152 730 637
730 933 1297
933 72 754
72 1026 915
1026 1021 644
1021 429 701
429 733 132
733 85 490
85 195 1055
195 341 1278
60 341 855
601 800 37
800 458 84
458 1111 147
1111 888 236
888 352 8
352 1079 688
1079 209 828
209 813 214
813 991 924
991 218 1105
218 141 905
141 354 216
354 284 1169
284 788 1195
788 1029 45
1029 1002 211
1002 78 818
78 961 412
961 392 1189
601 392 757
273 664 549
664 1206 166
1206 953 499
953 414 26
414 126 840
126 381 824
381 986 308
986 371 898
371 151 846
151 581 1056
581 508 532
508 625 1135
625 630 918
630 621 89
621 485 1288
485 25 1049
25 726 680
726 950 695
950 283 1182
273 283 1178
706 635 203
635 533 569
533 405 1144
405 651 573
651 655 212
655 80 798
80 38 508
38 139 194
139 632 123
632 594 287
594 742 1203
742 943 235
943 492 9
492 167 377
167 626 465
626 656 1242
656 484 348
484 269 640
269 723 315
706 723 1230
987 199 702
199 1056 613
1056 140 366
140 868 358
868 416 585
416 908 21
908 185 760
185 1135 342
1135 1061 912
1061 137 765
137 1060 687
1060 171 938
171 1190 246
1190 883 385
883 436 1198
436 1237 583
1237 15 234
15 31 623
31 693 198
987 693 478
101 1132 1163
1132 268 341
268 795 3
795 413 603
413 315 421
315 102 19
102 743 187
743 156 1280
156 386 996
386 329 630
329 869 673
869 589 104
589 194 544
194 1153 207
1153 712 958
712 579 990
579 728 1236
728 193 527
193 682 164
101 682 162
23 408 763
408 1043 1081
1043 616 35
616 121 173
121 184 382
184 420 693
420 764 131
764 842 1228
842 32 903
32 761 1076
761 53 1227
53 1051 1286
1051 1170 204
1170 610 589
610 62 1282
62 437 1070
437 972 710
972 1053 152
1053 118 564
23 118 1170
552 919 1062
919 619 897
619 10 784
10 505 1091
505 6 241
6 1094 756
1094 331 433
331 1045 816
1045 325 624
325 351 165
351 892 1084
892 1014 1192
1014 547 139
547 792 88
792 768 717
768 410 907
410 37 404
37 937 1260
937 305 817
552 305 1128
1189 822 293
822 750 761
750 724 678
724 221 820
221 988 970
988 915 429
915 350 774
350 18 298
18 89 520
89 136 834
136 28 536
28 1064 275
1064 129 594
129 310 858
310 783 1244
783 435 479
435 871 251
871 186 185
186 1108 141
1189 1108 111
1069 1107 1263
1107 523 786
523 1164 408
1164 208 712
208 753 83
753 120 728
120 583 598
583 759 1100
759 623 906
623 288 1186
288 585 561
585 470 329
470 875 29
875 938 1165
938 83 992
83 520 369
520 76 681
76 914 295
914 518 370
1069 518 703
838 797 278
797 172 158
172 928 512
928 406 1003
406 347 223
347 213 922
213 132 340
132 1040 503
1040 203 2
203 104 692
104 1185 28
1185 160 363
160 444 1185
444 955 190
955 479 563
479 910 95
910 1075 1168
1075 491 1258
491 1163 851
838 1163 553
390 96 781
96 985 628
985 766 1041
766 1205 513
1205 293 1134
293 671 895
671 546 257
546 417 1157
417 996 973
996 91 1080
91 567 860
567 401 812
401 216 530
216 473 1187
473 1027 191
1027 342 435
342 1187 788
1187 404 1000
404 577 791
390 577 437
652 450 767
450 385 999
385 887 555
887 175 676
175 383 1153
383 373 1130
373 614 1174
614 584 169
584 720 979
720 849 237
849 1052 647
1052 1092 1092
1092 230 665
230 569 62
569 215 974
215 61 718
61 443 762
443 493 1035
493 704 933
652 704 529
866 771 148
771 489 122
489 526 1011
526 596 108
596 1140 662
1140 769 407
769 622 168
622 327 312
327 1193 127
1193 3 521
3 1096 493
1096 746 399
746 1235 220
1235 1023 811
1023 97 600
97 578 232
578 673 288
673 202 101
202 796 497
866 796 633
294 181 230
181 777 199
777 244 453
244 674 193
674 220 323
220 328 686
328 566 1071
566 382 1068
382 948 32
948 123 1020
123 51 351
51 825 209
825 638 349
638 876 865
876 595 376
595 1102 1057
1102 793 916
793 433 195
433 296 1268
294 296 337
400 475 197
649 238 1016
34 187 706
676 1191 1115
902 260 528
684 568 1252
303 24 879
770 657 180
688 1121 458
1232 1129 1287
994 731 391
564 593 1246
606 532 149
814 16 157
442 201 85
54 1158 240
1082 997 672
591 122 1158
1123 666 255
611 356 1098
646 784 649
1055 1086 504
895 939 1121
826 1012 456
570 776 424
718 17 809
465 1030 170
929 35 1239
1110 67 708
374 885 318
670 602 346
562 816 730
821 1233 294
1022 389 574
586 117 196
150 799 857
128 59 208
819 487 959
1093 559 460
540 607 1048
345 909 946
528 419 1075
1175 873 302
1100 1141 386
94 1117 758
57 394 1072
326 60 1250
730 601 995
218 273 125
581 706 732
594 987 468
137 101 886
329 23 332
761 552 546
351 1189 595
136 1069 428
288 838 951
104 390 205
91 652 588
849 866 116
266 294 269
1 1241 596
