1021 1088
713 695 850
695 451 612
451 331 476
331 250 34
250 113 909
113 54 370
54 718 748
718 47 156
47 614 618
614 913 1005
913 382 12
382 879 11
879 317 641
317 499 477
713 499 323
552 658 937
658 239 997
239 387 904
387 490 671
490 672 900
672 669 865
669 574 781
574 215 719
215 725 1079
725 742 444
742 806 356
806 627 452
627 407 254
407 474 665
552 474 288
188 800 698
800 893 213
893 691 605
691 510 4
510 42 541
42 99 543
99 220 40
220 988 57
988 456 883
456 559 37
559 859 842
859 798 290
798 476 992
476 401 602
188 401 675
793 362 336
362 557 928
557 480 363
480 67 1041
67 82 617
82 571 307
571 965 215
965 743 453
743 520 387
520 435 440
435 957 972
957 73 38
73 880 375
880 280 515
793 280 807
777 124 914
124 709 251
709 809 185
809 55 432
55 1017 941
1017 74 317
74 117 380
117 440 823
440 244 1012
244 973 990
973 422 1002
422 322 175
322 147 932
147 349 820
777 349 374
727 504 550
504 212 258
212 1001 611
1001 81 642
81 667 329
667 831 91
831 384 599
384 791 538
791 28 1075
28 951 1043
951 706 953
706 1014 1081
1014 221 943
221 764 517
727 764 474
826 903 81
903 779 898
779 426 686
426 275 540
275 919 616
919 170 691
170 22 129
22 254 512
254 995 1046
995 350 886
350 916 923
916 861 266
861 648 726
648 867 918
826 867 546
620 618 219
618 604 993
604 154 421
154 477 844
477 218 922
218 528 390
528 506 819
506 558 870
558 716 769
716 511 867
511 262 976
262 989 204
989 575 348
575 139 201
620 139 467
599 943 1006
943 756 207
756 61 813
61 968 236
968 199 210
199 299 774
299 586 635
586 830 306
830 252 97
252 976 1070
976 841 194
841 795 989
795 932 964
932 820 752
599 820 170
693 821 400
821 926 500
926 710 268
710 524 776
524 241 734
241 827 874
827 200 391
200 961 606
961 500 1042
500 56 378
56 23 365
23 653 448
653 77 302
77 955 956
693 955 755
534 892 262
892 755 388
755 320 855
320 323 673
323 730 349
730 573 8
573 935 685
935 402 639
402 801 431
801 948 763
948 291 849
291 908 354
908 342 310
342 283 1071
534 283 672
990 44 901
44 616 299
616 933 197
933 745 658
745 95 135
95 578 703
578 309 1038
309 114 917
114 934 196
934 805 72
805 428 676
428 300 808
300 192 760
192 689 667
990 689 511
156 448 623
448 513 445
513 242 590
242 855 802
855 91 63
91 531 600
531 747 705
747 680 259
680 403 1080
403 1013 569
1013 617 487
617 89 394
89 273 333
273 808 131
156 808 311
442 682 174
682 561 168
561 522 551
522 624 226
624 546 957
546 1006 119
1006 555 723
555 714 1032
714 482 117
482 420 523
420 286 983
286 271 122
271 688 457
688 87 492
442 87 125
204 491 839
491 455 228
455 312 32
312 472 988
472 4 52
4 909 520
909 365 646
365 255 973
255 333 106
333 744 811
744 447 926
447 895 810
895 494 229
494 636 368
204 636 521
577 733 199
733 385 817
385 736 212
736 315 223
315 336 710
336 832 1035
832 224 669
224 634 1049
634 168 501
168 40 303
40 233 124
233 155 815
155 887 553
887 59 282
577 59 562
967 483 338
483 148 393
148 190 949
190 53 998
53 138 399
138 76 1067
76 7 744
7 209 563
209 642 504
642 339 905
339 1020 62
1020 397 343
397 803 1007
803 128 28
967 128 742
1011 886 437
886 453 595
453 553 77
553 433 188
433 458 999
458 35 352
35 914 151
914 729 961
729 587 1058
587 473 946
473 584 102
584 814 843
814 153 138
153 452 749
1011 452 403
98 924 1009
924 68 1014
68 1004 1003
1004 160 494
160 338 451
338 790 751
790 167 287
167 374 793
374 421 300
421 737 934
737 762 548
762 657 239
657 874 1030
874 888 985
98 888 1036
985 290 625
290 983 277
983 873 30
873 464 557
464 836 42
836 844 341
844 62 711
62 133 607
133 945 308
945 496 552
496 694 395
694 997 659
997 378 449
378 18 167
985 18 279
949 539 533
539 774 148
774 728 235
728 430 679
430 319 364
319 1010 128
1010 517 51
517 570 294
570 282 782
282 683 163
683 525 195
525 752 864
752 292 779
292 663 560
949 663 609
5 1007 854
1007 418 66
418 439 594
439 469 903
469 631 660
631 898 677
898 896 695
896 622 15
622 767 872
767 16 882
16 632 1000
632 355 335
355 904 628
904 894 80
5 894 858
256 358 674
358 306 410
306 947 193
947 717 735
717 13 327
13 597 46
597 1 496
1 201 241
201 938 1017
938 391 637
391 345 291
345 732 401
732 351 252
351 284 809
256 284 853
551 479 577
479 532 962
532 238 118
238 720 155
720 1015 471
1015 646 537
646 267 261
267 829 559
829 635 162
635 565 652
565 863 26
863 530 753
530 661 955
661 314 536
551 314 1020
508 931 762
931 237 495
237 72 48
72 757 305
757 10 146
10 118 981
118 302 462
302 891 224
891 121 1051
121 579 6
579 459 786
459 784 1024
784 137 931
137 132 75
508 132 58
93 760 775
760 25 827
25 962 145
962 593 409
593 367 67
367 749 518
749 78 856
78 296 877
296 862 968
862 705 767
705 371 593
371 229 54
229 544 152
544 386 411
93 386 111
51 105 142
105 398 1065
398 591 242
591 102 192
102 33 296
33 537 583
537 701 696
701 750 794
750 109 245
109 533 136
533 940 342
940 950 965
950 853 270
853 285 682
51 285 608
664 981 960
981 96 873
96 396 480
396 303 379
303 626 332
626 922 389
922 360 1037
360 177 622
177 214 534
214 415 845
415 775 454
775 41 497
41 799 692
799 824 486
664 824 649
181 753 108
753 287 978
287 739 656
739 595 499
595 129 697
129 294 647
294 726 754
726 462 912
462 159 470
159 111 621
111 15 159
15 103 64
103 992 636
992 356 986
181 356 1059
11 486 651
486 603 256
603 885 716
885 771 1064
771 144 55
144 819 604
819 370 1025
370 960 950
960 249 25
249 140 182
140 123 545
123 660 1050
660 475 147
475 761 298
11 761 902
388 136 275
136 194 27
194 489 53
489 712 416
712 226 821
226 543 894
543 186 208
186 341 598
341 583 626
583 279 1084
279 647 777
647 26 367
26 235 796
235 310 1074
388 310 863
278 848 702
848 523 120
523 413 709
413 66 620
66 481 429
481 835 350
835 424 1087
424 389 489
389 852 90
852 288 680
288 205 3
205 152 14
152 781 587
781 735 1060
278 735 408
644 907 924
907 265 1034
265 615 936
615 377 727
377 937 758
937 419 419
419 431 191
431 399 525
399 495 473
495 796 1021
796 272 664
272 316 209
316 856 1016
856 868 274
644 868 362
611 812 337
812 251 417
251 721 919
721 566 424
566 243 137
243 329 234
329 610 996
610 330 890
330 90 249
90 980 619
980 842 757
842 46 564
46 173 783
173 668 725
611 668 532
889 585 180
585 818 98
818 763 519
763 828 687
828 247 59
247 751 814
751 308 89
308 126 381
126 722 513
722 776 216
776 335 225
335 31 980
31 572 205
572 590 624
889 590 488
697 567 670
567 741 951
741 130 579
130 901 788
901 802 770
802 970 613
970 564 510
564 623 301
623 414 414
414 269 1019
269 833 359
833 21 351
21 656 83
656 436 640
697 436 94
461 88 35
88 71 948
71 816 36
816 890 830
890 674 446
674 409 105
409 910 871
910 408 281
408 211 896
211 699 76
699 754 198
754 340 295
340 600 238
600 83 765
461 83 852
596 641 920
641 368 289
368 493 1073
493 637 353
637 65 314
65 515 971
515 446 240
446 911 248
911 143 507
143 541 847
541 165 818
165 327 958
327 175 1054
175 538 190
596 538 693
651 921 591
921 673 908
673 478 681
478 797 596
797 43 885
43 881 881
881 134 346
134 460 772
460 996 528
996 794 1045
794 719 1001
719 392 684
392 429 396
429 176 730
651 176 1061
174 652 645
652 882 478
882 487 759
487 321 826
321 858 183
858 425 571
425 112 1088
112 815 386
815 978 318
978 171 257
171 179 574
179 405 773
405 608 458
608 883 82
174 883 186
223 927 921
927 607 44
607 346 806
346 20 441
20 383 33
383 845 143
845 471 293
471 580 405
580 687 315
687 119 661
119 450 78
450 782 2
782 178 531
178 915 1057
223 915 963
685 581 95
581 518 50
518 79 9
79 410 505
410 548 469
548 189 430
189 813 413
813 441 181
441 929 524
929 219 286
219 1012 459
1012 58 701
58 298 328
298 324 987
685 324 790
36 404 840
404 457 750
457 395 933
395 394 1029
394 334 127
334 723 433
723 592 340
592 594 1072
594 601 158
601 969 539
969 297 13
297 869 79
869 549 747
549 261 704
36 261 586
17 865 217
865 19 426
19 14 907
14 104 420
104 681 991
681 94 436
94 86 355
86 359 733
359 866 729
866 628 1008
628 766 423
766 740 954
740 643 169
643 97 297
17 97 320
568 253 610
253 556 862
556 690 690
690 437 491
437 942 29
942 545 869
545 2 179
2 529 940
529 276 232
276 772 526
772 512 19
512 293 165
293 576 154
576 811 331
568 811 45
304 527 176
527 84 321
84 871 721
871 746 304
746 337 475
337 228 573
228 1016 404
1016 905 911
905 101 582
101 804 157
804 928 93
928 759 514
759 971 878
971 1005 1069
304 1005 663
27 613 96
613 560 418
560 307 570
307 142 897
142 145 322
145 516 397
516 860 425
860 994 31
994 206 913
206 492 805
492 625 627
625 245 466
245 939 171
939 878 644
27 878 187
787 857 1018
857 734 720
734 449 736
449 899 468
899 810 230
810 185 292
185 75 887
75 468 1063
468 696 792
696 1008 880
1008 621 438
621 964 1055
964 266 784
266 778 23
787 778 707
29 930 678
930 217 1076
217 535 202
535 959 798
959 187 509
187 225 103
225 547 484
547 519 1010
519 629 654
629 773 584
773 69 1013
69 311 848
311 837 653
837 364 140
29 364 334
289 203 708
203 313 846
313 884 829
884 38 841
38 703 743
703 45 860
45 135 255
135 678 740
678 665 247
665 197 1086
197 318 939
318 246 643
246 956 7
956 375 269
289 375 632
454 369 276
369 850 134
850 954 357
954 550 427
550 361 150
361 222 1031
222 85 506
85 208 485
208 906 588
906 864 178
864 986 1048
986 332 361
332 34 160
34 724 895
454 724 554
230 823 1044
823 390 385
390 582 835
582 163 114
163 372 530
372 953 785
953 157 578
157 326 597
326 417 126
417 817 376
817 770 139
770 467 461
467 470 824
470 37 313
230 37 938
64 1019 22
1019 975 309
975 707 508
707 295 718
295 649 771
649 412 371
412 839 1027
839 268 529
268 507 1026
507 344 630
344 972 1047
972 936 714
936 120 278
120 902 398
64 902 836
765 671 463
671 216 935
216 675 724
675 569 1078
569 39 1053
39 231 804
231 263 184
263 363 975
363 1000 801
1000 650 700
650 497 603
497 731 60
731 875 177
875 411 344
765 411 222
169 24 220
24 686 888
686 393 123
393 50 516
50 12 237
12 259 1083
259 993 227
993 769 566
769 698 112
698 423 74
423 234 455
234 1009 915
1009 184 68
184 1003 778
169 1003 982
847 164 589
164 612 377
612 917 1082
917 281 738
281 679 544
679 348 889
348 432 1033
432 92 952
92 196 1085
196 509 768
509 785 795
785 702 969
702 840 944
840 127 211
847 127 631
925 912 739
912 870 41
870 979 267
979 183 109
183 434 415
434 195 737
195 9 565
9 202 732
202 166 161
166 465 1
465 670 1004
670 655 555
655 328 345
328 80 316
925 80 153
193 305 382
305 768 1039
768 57 330
57 463 876
463 536 741
536 952 927
952 738 662
738 443 465
443 606 312
606 115 21
115 666 925
666 260 115
260 991 1023
991 236 666
193 236 113
366 162 547
162 149 324
149 400 407
400 786 141
786 792 1052
792 70 859
70 151 383
151 213 688
213 982 1028
982 445 715
445 466 576
466 662 325
662 825 39
825 645 929
366 645 575
150 498 100
498 501 712
501 977 812
977 146 831
146 630 503
630 872 974
872 48 899
48 100 1011
100 843 456
843 49 764
49 207 549
207 264 694
264 974 92
974 122 892
150 122 20
172 605 166
605 131 450
131 999 319
999 227 18
227 609 250
609 141 970
141 107 648
107 210 572
210 191 5
191 30 1056
30 125 683
125 676 428
676 780 699
780 958 61
172 958 822
639 325 942
325 588 173
588 789 104
789 966 498
966 807 556
807 589 601
589 6 110
6 357 101
357 505 481
505 946 866
946 258 221
258 554 861
554 711 47
711 180 884
639 180 947
900 563 373
563 514 73
514 485 633
485 270 280
270 897 797
897 654 483
654 602 16
602 918 780
918 503 746
503 444 668
444 708 65
708 427 916
427 182 88
182 488 838
900 488 1066
851 692 265
692 438 930
438 274 542
274 380 243
380 1002 443
1002 352 527
352 416 833
416 838 86
838 684 657
684 659 358
659 381 149
381 923 200
923 542 567
542 562 967
851 562 406
502 354 263
354 619 347
619 277 615
277 758 133
758 984 402
984 232 995
232 484 959
484 846 384
846 715 837
715 849 906
849 198 561
198 108 56
108 343 218
343 998 891
502 998 803
941 8 116
8 63 1022
63 52 422
52 373 984
373 347 522
347 677 366
677 748 825
748 158 206
158 783 979
783 110 284
110 920 434
920 161 629
161 540 214
540 963 132
941 963 70
353 106 650
106 877 43
877 1018 107
1018 376 1062
376 704 966
704 638 502
638 3 17
3 248 244
248 822 260
822 876 326
876 944 581
944 32 71
32 301 273
301 834 851
353 834 10
700 633 121
633 640 253
640 521 655
521 526 271
526 598 728
598 788 893
788 379 69
379 60 731
60 257 272
257 116 1068
116 240 493
240 406 339
406 987 706
987 854 535
700 854 360
713 552 490
574 188 977
220 793 868
965 777 372
117 727 442
384 826 789
22 620 787
506 599 879
586 693 634
200 534 283
935 990 756
309 156 203
747 442 832
555 204 482
365 577 231
224 967 285
7 1011 412
914 98 172
167 985 857
62 949 1077
517 5 49
896 256 144
113 551 85
267 508 766
302 93 580
78 51 99
701 664 791
360 181 761
726 11 233
370 388 447
186 278 369
424 644 875
431 611 800
610 889 568
308 697 717
564 461 910
910 596 614
446 651 264
134 174 435
112 223 479
471 685 585
813 36 994
592 17 713
86 568 439
913 304 392
1016 27 945
860 787 246
75 29 1015
547 289 689
135 454 130
85 230 164
157 64 638
839 765 558
263 169 464
993 847 84
432 925 722
9 193 1040
738 366 799
151 150 24
48 172 189
107 639 87
6 900 828
602 851 816
416 502 460
484 941 834
748 353 745
262 700 472
1 1021 592
