1361 1428
1320 15 400
15 869 133
869 1139 386
1139 958 1005
958 1245 735
1245 380 117
380 301 810
301 236 475
236 960 261
960 36 739
36 126 707
126 238 1332
238 1336 523
1336 735 413
735 601 173
601 993 679
993 491 570
491 860 1221
860 134 257
1320 134 239
171 91 845
91 146 435
146 919 849
919 565 799
565 1236 531
1236 1325 1305
1325 1354 1000
1354 1261 101
1261 114 1068
114 1156 522
1156 963 686
963 868 576
868 773 190
773 931 620
931 1266 1115
1266 796 1045
796 334 628
334 339 959
339 136 1186
171 136 884
884 13 200
13 141 228
141 297 70
297 195 285
195 402 385
402 684 491
684 175 84
175 248 774
248 891 350
891 302 465
302 1183 675
1183 373 1135
373 775 439
775 899 1335
899 909 427
909 555 1333
555 1312 536
1312 1254 1330
1254 121 993
884 121 750
929 1072 96
1072 1263 134
1263 503 102
503 668 1374
668 411 597
411 1090 319
1090 306 745
306 348 1013
348 428 1077
428 1197 43
1197 738 527
738 272 749
272 6 330
6 163 682
163 522 607
522 1025 638
1025 1161 192
1161 979 226
979 1347 373
929 1347 733
794 31 423
31 119 317
119 840 211
840 1244 47
1244 941 860
941 261 203
261 591 332
591 1240 964
1240 75 1322
75 1316 626
1316 1074 1257
1074 196 157
196 815 375
815 584 952
584 1048 159
1048 620 61
620 552 1248
552 1304 858
1304 744 1172
794 744 1251
689 1092 28
1092 1348 63
1348 641 924
641 633 462
633 342 428
342 663 1392
663 230 220
230 137 1039
137 35 848
35 1188 855
1188 861 256
861 1136 1189
1136 205 1164
205 96 1003
96 894 1082
894 1174 1283
1174 1018 6
1018 874 564
874 1210 380
689 1210 1178
502 392 275
392 231 1149
231 64 688
64 523 174
523 443 296
443 554 213
554 429 1017
429 354 908
354 1171 1078
1171 607 1162
607 533 294
533 1000 596
1000 1260 2
1260 132 62
132 721 360
721 1180 1174
1180 1155 537
1155 732 826
732 1079 460
502 1079 219
793 550 1384
550 790 1226
790 923 1182
923 981 1040
981 901 1355
901 1108 704
1108 1228 806
1228 400 1038
400 610 331
610 846 805
846 867 1381
867 693 692
693 112 718
112 496 791
496 1202 1282
1202 1113 172
1113 427 92
427 1343 757
1343 227 95
793 227 1066
89 896 1076
896 886 1421
886 113 776
113 1102 646
1102 44 1309
44 156 300
156 780 199
780 842 1222
842 594 519
594 1297 1059
1297 22 291
22 1039 156
1039 1051 15
1051 1321 124
1321 616 793
616 816 1357
816 161 1419
161 1298 234
1298 20 201
89 20 729
857 903 562
903 653 693
653 545 282
545 966 997
966 438 630
438 632 829
632 556 1033
556 488 989
488 24 672
24 243 33
243 866 782
866 1140 77
1140 1160 1191
1160 1191 270
1191 801 557
801 9 309
9 344 357
344 750 1302
750 1310 167
857 1310 41
791 1004 179
1004 1198 754
1198 222 86
222 207 1144
207 625 1187
625 1105 293
1105 353 1382
353 478 343
478 382 401
382 81 1058
81 201 83
201 1272 453
1272 456 126
456 740 329
740 1063 818
1063 837 995
837 711 366
711 436 472
436 995 140
791 995 107
729 242 571
242 1060 1255
1060 48 825
48 971 252
971 1044 895
1044 853 78
853 1122 1420
1122 1016 42
1016 360 905
360 471 420
471 313 803
313 1024 772
1024 1023 426
1023 1095 178
1095 341 1388
341 1143 595
1143 930 1198
930 525 1220
525 29 20
729 29 755
319 1276 1147
1276 1002 1285
1002 1167 266
1167 657 1201
657 139 904
139 116 254
116 681 613
681 898 706
898 70 1103
70 823 363
823 1011 379
1011 466 224
466 626 843
626 309 246
309 1056 1278
1056 1037 111
1037 1311 19
1311 458 395
458 660 477
319 660 552
685 983 9
983 998 1014
998 300 961
300 486 871
486 469 274
469 275 243
275 352 1145
352 1080 1239
1080 784 1358
784 575 194
575 1318 1168
1318 307 359
307 174 449
174 1323 265
1323 1288 121
1288 1049 670
1049 250 659
250 39 358
39 60 1269
685 60 288
508 974 608
974 1118 183
1118 1214 1052
1214 1111 674
1111 881 44
881 361 998
361 330 1308
330 337 280
337 621 1416
621 393 368
393 986 171
986 225 1136
225 844 206
844 185 131
185 80 1127
80 911 125
911 343 518
343 294 304
294 698 1325
508 698 166
487 806 974
806 219 392
219 254 773
254 755 298
755 384 741
384 386 770
386 624 804
624 1213 792
1213 479 196
479 229 731
229 355 409
355 389 1339
389 664 816
664 969 1170
969 144 851
144 851 558
851 954 82
954 110 885
110 829 66
487 829 355
484 957 520
957 413 1426
413 518 448
518 670 1023
670 736 859
736 538 369
538 1057 1274
1057 759 683
759 280 214
280 777 73
777 1305 149
1305 425 87
425 571 1043
571 920 861
920 1315 540
1315 686 950
686 1189 432
1189 1199 1277
1199 1302 853
484 1302 1224
252 511 1021
511 559 1071
559 358 208
358 1296 913
1296 69 892
69 1200 606
1200 226 814
226 690 550
690 107 610
107 1065 49
1065 12 949
12 1242 631
1242 467 777
467 1211 901
1211 504 320
504 772 1141
772 287 197
287 821 278
821 167 272
252 167 135
1149 835 388
835 1121 925
1121 241 250
241 639 1402
639 746 563
746 541 217
541 579 513
579 215 290
215 962 326
962 770 1041
770 459 1099
459 1204 847
1204 1234 79
1234 1247 821
1247 331 93
331 169 1337
169 239 647
239 41 1363
41 251 251
1149 251 119
407 422 1056
422 158 545
158 872 1030
872 669 649
669 937 45
937 85 3
85 474 481
474 370 361
370 809 559
809 1064 1380
1064 985 891
985 140 302
140 270 927
270 1005 624
1005 742 258
742 257 985
257 154 1235
154 715 1364
715 615 727
407 615 1
102 292 209
292 701 968
701 655 1306
655 834 411
834 329 911
329 349 1370
349 702 535
702 1285 752
1285 864 311
864 45 768
45 446 404
446 638 862
638 1027 14
1027 321 1379
321 977 601
977 595 1001
595 859 609
859 984 1137
984 900 504
102 900 230
747 42 1246
42 1267 1217
1267 1182 81
1182 1341 1243
1341 704 593
704 946 233
946 662 55
662 249 105
249 1006 942
1006 573 500
573 875 714
875 1075 337
1075 1137 495
1137 105 436
105 1046 22
1046 614 434
614 256 701
256 122 447
122 581 53
747 581 1376
1201 526 653
526 1177 598
1177 56 1354
56 1054 1116
1054 378 973
378 749 956
749 274 438
274 804 323
804 276 273
276 1 837
1 906 510
906 902 1092
902 566 212
566 106 652
106 905 589
905 489 1356
489 989 568
989 190 877
190 1307 1218
1201 1307 139
289 346 734
346 883 104
883 737 1219
737 394 939
394 807 50
807 1050 1422
1050 312 1427
312 771 906
771 233 1035
233 1001 831
1001 828 1100
828 761 218
761 717 857
717 630 775
630 697 8
697 51 532
51 567 259
567 1127 1228
1127 904 1148
289 904 1290
1133 345 387
345 262 1072
262 410 538
410 332 866
332 365 544
365 521 585
521 530 1326
530 1327 988
1327 1038 1252
1038 472 1318
472 1045 46
1045 431 1411
431 381 920
381 480 917
480 596 433
596 814 1289
814 335 549
335 1262 1085
1262 133 1313
1133 133 430
14 1040 883
1040 1227 1403
1227 1246 1206
1246 956 419
956 420 886
420 820 662
820 854 1028
854 55 808
55 1196 730
1196 1073 451
1073 449 1264
449 917 702
917 209 367
209 1185 1304
1185 1224 978
1224 1330 574
1330 1212 642
1212 754 297
754 172 169
14 172 321
184 1081 1311
1081 267 30
267 1264 13
1264 1295 1203
1295 678 1105
678 862 1393
862 1169 71
1169 991 740
991 648 705
648 623 992
623 1175 25
1175 439 476
439 130 887
130 1208 999
1208 592 407
592 600 57
600 921 137
921 223 483
223 291 1185
184 291 335
208 481 1183
481 211 660
211 1062 1102
1062 797 485
797 848 382
848 907 743
907 1322 963
1322 1222 1048
1222 115 497
115 1255 348
1255 852 1328
852 490 260
490 278 1401
278 618 1096
618 603 1158
603 1086 896
1086 47 195
47 590 316
590 788 389
208 788 569
234 1066 948
1066 406 181
406 1144 365
1144 53 118
53 574 599
574 878 723
878 827 747
827 913 457
913 28 560
28 629 17
629 424 221
424 1274 758
1274 661 691
661 246 516
246 604 689
604 1340 32
1340 644 687
644 379 1312
379 235 909
234 235 1175
100 967 1002
967 675 932
675 49 1197
49 547 827
547 1014 486
1014 153 947
153 1187 673
1187 145 812
145 529 455
529 461 725
461 253 592
253 948 591
948 1223 425
1223 1132 1046
1132 1043 236
1043 726 132
726 1021 65
1021 822 442
822 893 565
100 893 615
850 843 415
843 198 977
198 1125 836
1125 707 1273
707 1271 1215
1271 682 346
682 377 75
377 1192 281
1192 83 417
83 563 349
563 694 801
694 4 1307
4 1148 247
1148 232 912
232 1138 600
1138 825 1373
825 197 1042
197 876 1004
876 505 1423
850 505 34
1339 613 1050
613 95 713
95 1335 794
1335 399 394
399 680 654
680 396 90
396 94 922
94 65 37
65 10 645
10 1269 185
1269 1077 352
1077 940 1267
940 299 1265
299 434 1223
434 296 1022
296 810 1117
810 688 1340
688 636 76
636 1215 696
1339 1215 1086
128 583 1241
583 363 517
363 802 940
802 277 1259
277 173 629
173 74 164
74 99 377
99 658 1205
658 1303 384
1303 220 1181
220 371 856
371 1134 454
1134 142 441
142 1153 625
1153 833 1342
833 739 900
739 157 840
157 1176 1291
1176 605 277
128 605 542
510 781 819
781 1053 506
1053 593 1091
593 587 1053
587 665 1024
665 935 1159
935 347 890
347 757 1281
757 501 1207
501 125 276
125 847 1272
847 1099 189
1099 326 587
326 1265 284
1265 758 51
758 617 1414
617 1147 748
1147 727 1366
727 520 16
510 520 765
1248 950 1204
950 1225 74
1225 512 328
512 1159 1027
1159 1166 1202
1166 359 31
359 237 577
237 63 123
63 283 575
283 1203 1316
1203 1061 573
1061 460 152
460 131 182
131 333 721
333 101 784
101 1283 639
1283 745 820
745 61 1101
61 999 1131
1248 999 1196
58 1280 437
1280 722 512
722 646 916
646 978 146
978 546 529
546 786 248
786 1308 11
1308 404 1413
404 452 1334
452 676 1152
676 928 756
928 927 1210
927 943 622
943 92 431
92 164 1344
164 652 888
652 1355 1087
1355 328 153
328 117 1270
58 117 1177
599 32 694
32 440 934
440 982 566
982 973 844
973 416 590
416 266 1069
266 25 399
25 889 1062
889 912 180
912 1356 509
1356 799 310
799 627 967
627 728 80
728 914 461
914 193 5
193 524 1280
524 751 946
751 1123 986
1123 494 10
599 494 528
21 43 305
43 959 1394
959 513 546
513 723 994
723 1259 67
1259 357 1236
357 1070 567
1070 637 677
637 645 72
645 212 60
212 1163 1216
1163 483 408
483 659 1018
659 1071 202
1071 181 240
181 1030 711
1030 52 158
52 516 572
516 356 1055
21 356 981
1126 926 941
926 1319 1279
1319 1328 1296
1328 805 1359
805 1346 680
1346 647 1351
647 1290 987
1290 1294 410
1294 952 830
952 783 306
783 774 1113
774 824 232
824 865 303
865 202 48
202 897 474
897 666 163
666 1344 353
1344 199 935
199 1257 1061
1126 1257 1386
683 836 1347
836 887 191
887 1124 1298
1124 403 695
403 97 1327
97 1281 1345
1281 741 1266
741 988 1225
988 650 1083
650 1231 811
1231 1326 154
1326 263 308
263 284 175
284 1084 623
1084 27 1184
27 1301 1234
1301 1181 1060
1181 679 1271
679 210 24
683 210 1367
752 1015 611
1015 310 1398
310 77 231
77 975 307
975 543 150
543 90 147
90 642 1406
642 1069 508
1069 1031 1063
1031 1110 7
1110 1168 790
1168 415 588
415 1109 834
1109 247 347
247 705 1047
705 1119 313
1119 564 1295
564 916 215
916 340 661
752 340 697
709 1076 374
1076 8 863
8 315 1415
315 362 1320
362 1165 223
1165 803 138
803 1115 584
1115 703 984
703 895 186
895 776 769
776 1186 470
1186 1324 902
1324 672 965
672 611 813
611 268 1391
268 789 603
789 640 450
640 811 1008
811 619 1383
709 619 657
1359 947 1338
947 71 1240
71 528 253
528 33 724
33 82 21
82 885 915
885 674 372
674 949 109
949 766 23
766 1114 1104
1114 188 315
188 271 944
271 519 339
519 996 1044
996 397 110
397 987 651
987 170 473
170 111 98
111 762 325
1359 762 85
383 482 334
482 517 412
517 1218 822
1218 1087 937
1087 376 954
376 1129 484
1129 5 1190
5 1278 1348
1278 375 975
375 548 918
548 476 264
476 1116 971
1116 1068 1362
1068 1117 1324
1117 423 889
423 221 1232
221 1220 458
1220 951 966
951 577 1088
383 577 1084
168 572 1372
572 1357 1319
1357 218 501
218 7 40
7 515 318
515 444 505
444 493 533
493 1258 716
1258 454 875
454 2 667
2 1249 391
1249 159 345
159 1338 1227
1338 1120 1336
1120 1162 225
1162 1238 556
1238 509 1140
509 152 1244
152 178 1428
168 178 656
710 532 354
532 37 832
37 582 1067
582 819 245
819 418 229
418 468 468
468 549 1155
549 856 128
856 787 579
787 1291 1299
1291 936 405
936 1209 614
1209 285 344
285 939 1037
939 433 846
433 88 703
88 147 494
147 818 870
818 1154 962
710 1154 493
93 336 1301
336 994 627
994 318 1029
318 109 103
109 1306 362
1306 1206 1276
1206 120 393
120 767 1341
767 1028 1034
1028 54 991
54 768 1397
768 1012 582
1012 213 1160
213 1107 722
1107 417 778
417 544 1098
544 421 864
421 465 970
465 1033 464
93 1033 643
23 298 761
298 1229 429
1229 696 1171
696 578 852
578 123 1375
123 873 737
873 892 586
892 760 561
760 500 351
500 259 336
259 1317 1349
1317 317 94
317 1331 1011
1331 1342 865
1342 457 1188
457 1277 446
1277 40 1404
40 1032 1212
1032 1145 38
23 1145 982
808 527 263
527 187 919
187 290 547
290 322 88
322 1193 833
1193 1100 878
1100 778 732
778 401 402
401 414 1122
414 961 938
961 1314 872
1314 1309 1250
1309 700 445
700 67 301
67 1232 869
1232 1035 1300
1035 426 602
426 539 515
539 606 1129
808 606 1238
585 1239 760
1239 1286 960
1286 204 1125
204 1173 828
1173 86 396
86 1195 738
1195 160 767
160 586 488
586 303 188
303 734 1293
734 708 930
708 320 530
320 769 59
769 295 744
295 1233 216
1233 366 1396
366 1221 184
1221 162 286
162 944 534
585 944 27
265 588 416
588 1131 581
1131 562 114
562 391 618
391 435 4
435 1052 1194
1052 609 1390
609 19 838
19 46 1214
46 192 1209
192 1089 953
1089 477 1146
477 506 68
506 180 262
180 338 1387
338 1142 1097
1142 677 127
677 314 753
314 447 1109
265 447 1070
390 1141 341
1141 716 635
716 714 324
714 1112 665
1112 713 1405
713 1008 1417
1008 148 684
148 408 507
408 922 923
922 194 383
194 1352 1123
1352 1194 1193
1194 127 187
127 915 929
915 1170 469
1170 830 1410
830 84 914
84 1020 148
1020 845 108
390 845 144
286 955 370
955 327 617
327 536 333
536 910 854
910 1243 36
1243 537 594
537 166 815
166 997 548
997 507 1310
507 244 621
244 398 1134
398 66 283
66 87 664
87 817 1369
817 1017 759
1017 712 381
712 62 1130
62 149 210
149 631 170
286 631 797
558 409 779
409 877 728
877 692 809
692 1103 1400
1103 706 1208
706 570 160
570 1009 903
1009 492 29
492 1332 726
1332 1334 1020
1334 673 342
673 419 482
419 908 1132
908 1250 1163
1250 972 1179
972 560 161
560 217 69
217 17 129
17 812 1124
558 812 1192
785 1237 1233
1237 870 115
870 568 789
568 367 880
367 1026 498
1026 258 640
258 79 717
79 535 879
535 311 1128
311 725 1294
725 1094 663
1094 200 452
200 832 1408
832 473 1256
473 281 1284
281 495 554
495 1172 1016
1172 38 936
38 98 371
785 98 471
485 890 698
890 1293 543
1293 720 249
720 792 850
792 1055 525
1055 841 1242
841 441 1138
441 849 1176
849 151 1019
151 374 1165
374 1270 1361
1270 1275 1303
1275 1078 771
1078 228 1118
228 203 35
203 1252 444
1252 671 636
671 992 1114
992 795 1151
485 795 1213
1013 475 1292
475 953 969
953 1253 1031
1253 656 1079
656 798 983
798 942 1169
942 462 295
462 368 1089
368 245 979
245 189 1057
189 1349 699
1349 602 1073
602 1164 1249
1164 1351 1051
1351 561 52
561 1082 292
1082 608 418
608 1019 1107
1019 514 1352
1013 514 897
580 351 356
351 1007 1258
1007 1178 1418
1178 1029 204
1029 445 267
445 649 1012
649 1085 241
1085 1104 479
1104 323 122
323 871 1157
871 763 1119
763 350 710
350 78 1231
78 1047 1371
1047 255 907
255 933 1331
933 182 1150
182 11 555
11 118 666
580 118 933
412 499 1329
499 129 130
129 455 1074
455 1292 113
1292 863 1110
863 304 1350
304 1097 1399
1097 1130 271
1130 800 1126
800 838 314
838 932 943
932 1241 99
1241 557 1407
557 103 136
103 30 580
30 1282 1108
1282 385 720
385 654 120
654 191 1075
412 191 1254
938 325 650
325 1287 143
1287 879 541
879 1207 795
1207 282 539
282 622 39
622 1083 205
1083 108 955
108 448 112
448 1010 867
1010 1098 193
1098 240 1080
240 764 1032
764 179 1006
179 34 1425
34 1279 700
1279 1042 583
1042 1088 237
1088 576 1288
938 576 1323
691 273 244
273 813 685
813 1128 524
1128 432 681
432 826 648
826 779 503
779 59 669
59 1151 1065
1151 72 1010
72 324 712
324 540 1317
540 1313 958
1313 1345 1120
1345 16 1009
16 831 605
831 1101 751
1101 964 422
964 589 459
589 1284 463
691 1284 238
1190 1358 18
1358 206 168
206 970 634
970 699 340
699 1230 788
1230 68 142
68 924 893
924 1300 478
1300 279 1389
279 150 1343
150 1106 1153
1106 388 876
388 882 1081
882 597 796
597 628 397
628 1179 746
1179 451 1346
451 598 980
598 1216 268
1190 1216 842
855 1036 641
1036 551 1106
551 1268 424
1268 135 898
135 387 1360
387 177 421
177 1251 1368
1251 293 97
293 1337 1133
1337 888 972
888 224 100
224 260 489
260 463 1314
463 26 1180
26 733 222
733 1360 1094
1360 165 91
165 1067 1142
1067 1152 644
855 1152 1409
1235 782 1263
782 1353 1321
1353 765 1261
765 1034 511
1034 155 633
155 405 787
405 1205 632
1205 1217 1378
1217 858 279
858 651 719
651 968 798
968 1003 671
1003 269 604
269 76 327
76 183 1365
183 186 926
186 1299 338
1299 730 255
730 430 762
1235 430 736
124 934 668
934 138 155
138 925 116
925 1146 1095
1146 498 242
498 1059 1385
1059 667 1297
667 316 1199
316 634 496
634 18 480
18 1333 658
1333 50 1121
50 450 990
450 839 1090
839 1219 817
1219 288 763
288 453 1287
453 1093 783
1093 534 910
124 534 976
743 464 921
464 1041 198
1041 73 1112
73 724 514
724 1289 26
1289 1226 403
1226 731 612
731 1150 287
1150 143 165
143 687 1049
687 965 521
965 497 578
497 990 499
990 1184 1253
1184 104 1412
104 945 690
945 1329 1211
1329 470 490
470 305 882
743 305 824
308 753 1262
753 1135 89
1135 553 1200
553 264 874
264 1096 299
1096 369 487
369 372 785
372 1158 551
1158 643 1161
643 3 58
3 880 1156
880 719 12
719 976 56
976 1273 709
1273 695 54
695 635 894
635 395 376
395 1157 841
1157 1256 312
308 1256 637
364 531 928
531 569 655
569 57 1230
57 437 715
437 1058 786
1058 1022 1237
1022 216 781
216 176 868
176 756 951
756 718 1166
718 612 766
612 1350 1139
1350 918 1424
918 748 443
748 542 145
542 442 456
442 214 176
214 1091 269
1091 980 764
364 980 1245
1320 171 1111
1156 884 873
302 929 378
1197 794 398
1316 689 1275
1188 502 678
607 793 800
846 89 1247
1297 857 1054
243 791 406
81 729 1154
471 319 881
823 685 616
575 508 64
393 487 945
229 484 440
777 252 1395
1065 1149 1268
770 407 414
1064 102 390
45 747 151
573 1201 207
380 289 839
1001 1133 141
472 14 1286
1073 184 780
623 208 1015
1255 234 235
629 100 1229
461 850 1007
563 1339 835
1269 128 106
220 510 526
125 1248 742
1203 58 1377
676 599 996
1356 21 931
212 1126 802
783 683 1167
1231 752 1064
1110 709 553
776 1359 364
1114 383 502
548 168 957
1336 710 1025
1291 93 807
54 23 1173
259 808 1093
961 585 1260
734 265 1036
192 390 492
194 286 1315
244 558 708
1334 785 676
725 485 823
374 1013 289
189 580 1026
871 412 1143
838 938 177
1010 691 227
324 1190 162
150 855 466
888 1235 619
651 124 1353
18 743 1195
687 308 322
653 364 467
1 1361 899
