2000 2000
1774 1095 1024
627 1280 570
1122 783 1784
697 350 1010
165 1707 292
1810 637 1768
1925 1858 1389
467 333 1814
1855 541 1182
535 1830 922
1093 1589 1668
798 1932 481
1422 132 771
1541 340 1371
1134 583 913
985 1304 1449
1649 1390 1009
1099 156 372
383 75 392
1032 1907 1310
939 1671 807
1061 1269 1283
1401 1073 33
1520 497 1718
946 967 934
57 1611 358
1864 653 1060
1618 914 1917
360 1487 1326
1123 1934 571
135 1104 1941
376 771 1674
84 225 23
1617 936 628
440 1644 410
1000 1064 1119
698 1329 949
1145 1495 1472
1416 1912 1374
305 875 1116
939 1608 501
1946 1020 881
948 951 1396
525 288 763
1386 513 1027
930 981 546
673 1708 854
1028 52 1731
1609 1070 1872
1949 1831 1640
1914 1382 265
1387 1426 1207
1770 1687 1067
408 224 310
1184 1326 91
1273 1571 1483
1994 1820 468
621 1278 1391
552 30 1221
291 610 1884
1587 571 1671
84 414 974
1001 1088 1334
1472 1593 817
30 987 1370
282 454 552
1047 1627 739
1990 582 386
1603 1985 640
1387 441 1382
1528 1259 1815
147 752 1120
358 463 1398
915 464 525
145 171 1707
1087 1740 1844
1691 1817 426
1112 719 777
595 402 1013
648 1668 542
1017 1493 419
822 900 1760
1015 504 1295
15 146 1054
1545 1536 993
1891 1255 2000
80 1309 497
1277 1370 395
1003 1353 1159
99 1616 683
1713 587 55
617 207 1780
1148 135 1091
67 234 1039
89 1236 1141
706 595 1992
1451 1958 1494
17 764 867
861 55 1375
574 735 147
720 659 1590
143 640 788
1448 183 1786
1888 1625 375
730 1052 1473
239 1160 1636
1017 751 1804
671 689 1990
677 725 442
456 1740 1559
598 1995 163
1127 679 848
478 1203 1536
504 1438 1985
1824 339 529
1495 1380 1112
1639 1614 318
136 743 1586
1642 1791 1264
908 1957 1274
406 1203 808
972 767 1026
1117 1451 1102
1895 315 1015
1656 611 623
571 1508 1735
1410 1084 926
1230 261 1152
1388 317 1153
650 123 506
277 1506 510
837 373 579
1933 1878 252
1734 689 1410
1851 919 1994
588 1733 261
537 488 244
1264 1492 226
1676 140 441
286 1693 1118
377 1097 1284
1139 295 1127
1768 1267 1751
524 1838 789
166 470 882
1590 1738 946
594 976 100
833 724 1881
76 1883 1081
548 1530 889
1238 940 1174
419 398 1807
711 726 842
527 1793 1018
360 32 1569
1831 505 598
332 1798 1802
177 502 1936
263 1834 1907
211 1947 1886
1180 1249 1641
271 1968 1801
103 1052 111
977 518 1937
883 758 254
848 1158 1813
255 403 1904
125 163 349
1545 693 1895
1825 1298 563
1504 896 250
258 213 180
356 508 1155
238 1083 1906
196 300 1728
1984 1611 1719
1919 1960 745
1289 1234 890
1721 1966 1260
351 349 172
1045 51 774
297 445 994
1004 503 794
1481 1895 489
959 985 928
685 665 820
1655 804 990
613 201 1286
952 794 1428
1116 511 1803
968 1651 1535
876 1636 255
990 1636 1506
82 105 1493
1608 1934 1075
320 1285 1195
1553 1176 1126
606 1305 1467
1880 885 1871
512 380 1965
433 78 1609
1846 1682 1360
1741 846 1128
1509 1007 876
927 610 791
1592 246 1324
301 873 707
1237 478 1235
1021 1534 1240
1732 1673 1049
1071 208 1259
1455 1937 1459
865 196 1981
1826 60 1080
530 828 857
741 212 1510
278 127 540
1307 808 1077
1562 1360 246
1081 1019 729
1732 1181 1228
1474 955 545
1959 28 814
1661 1325 1880
375 608 773
690 659 138
944 48 1658
1009 54 1125
302 1065 574
696 1 1675
64 1192 1202
1516 331 401
332 1128 1110
1092 826 448
1136 1324 1857
1571 9 1072
1780 774 1270
551 527 295
1548 662 1669
1432 179 595
1257 1314 1617
1635 880 1019
448 1772 629
1561 998 137
291 294 1304
1200 405 219
1226 114 1600
1715 960 918
1046 45 446
626 1607 171
1445 379 731
1575 1928 133
1179 1782 965
980 953 165
487 1576 192
690 1240 1394
850 973 1968
1798 814 1564
10 1689 566
1941 787 1249
1225 254 136
1414 1773 648
1476 1102 1000
1743 1729 1903
316 334 51
462 1745 1004
1432 1638 1349
1558 55 535
1510 93 656
1761 1228 1706
1116 639 1932
550 1204 466
1954 122 1252
130 1229 1106
1440 337 362
597 1958 1312
601 1935 1432
829 185 1908
1856 49 430
306 1003 1481
638 808 762
1687 1327 1806
1043 352 615
1024 709 1935
1666 677 360
9 232 1460
22 1986 1927
816 772 513
1701 562 1623
1861 1397 1698
620 248 338
1719 1582 5
1311 1605 1233
1978 1494 625
1982 363 238
1688 510 627
1609 1074 1104
917 1897 1313
181 804 1613
1468 1429 411
1114 368 1475
226 1730 472
1902 633 1206
705 459 1243
1272 1306 699
884 616 1218
79 825 1406
1974 1288 1439
536 1149 1593
407 1099 54
1408 1346 1716
1279 678 1408
455 978 1795
872 909 1137
397 733 1484
1177 855 1340
167 1337 730
1292 1028 117
1894 1926 1567
721 1603 1400
1205 1463 1433
1741 455 355
1082 389 381
235 928 1766
481 1836 1958
1337 630 1188
1944 789 800
1678 1498 1629
260 100 1930
1844 432 1892
1628 1920 1848
402 1146 955
663 1600 633
1699 215 1058
888 435 1550
1190 834 836
1090 737 985
156 1794 291
1395 1907 1531
1887 710 1898
1775 1045 450
250 1847 793
1882 1513 1290
52 543 1448
1356 1702 872
895 1004 406
1973 1985 1991
1656 1785 1891
592 1185 168
990 1153 562
344 1870 1392
251 449 1427
1049 606 461
187 399 1508
1998 937 322
1744 1276 1402
1413 266 1495
1695 1572 26
409 732 971
1654 1659 285
1997 1229 871
343 1243 275
1716 469 1068
670 614 737
591 1836 1103
1129 585 987
5 1202 678
1606 1259 1412
1418 1849 1741
1283 1219 1344
1245 1715 1204
408 620 18
1310 1295 1986
1393 881 907
1155 1954 104
1518 701 1972
1400 1043 1841
3 1597 1353
4 1008 1730
1664 1733 429
999 1346 323
1163 1238 1976
1529 1339 712
832 361 833
1321 381 1625
304 932 68
452 1644 538
921 357 1108
635 1665 1874
464 1559 1672
514 584 916
1302 512 19
506 718 1750
1018 950 1578
701 189 88
1485 1198 979
245 371 984
744 543 1064
349 759 1217
923 1829 936
379 746 232
708 927 1115
1108 731 1954
392 1096 1272
46 569 1543
1781 1023 346
1857 1430 1463
187 630 1842
97 283 1008
81 975 35
1924 266 300
50 1147 1318
1434 988 1411
57 1408 1785
1887 184 1773
417 466 605
573 1135 1196
782 666 1951
874 1993 81
1067 1860 752
899 815 1749
1155 1156 1346
1788 726 1721
1349 993 1163
1464 907 1925
1474 1535 77
138 735 718
966 1239 1220
1961 1225 380
1837 70 279
1648 440 1305
751 1126 1345
984 1626 803
1544 1038 1384
1394 1395 1055
877 1829 1420
1873 1504 1342
290 475 1521
1089 339 694
1076 1800 1287
1889 340 139
139 1654 109
1392 956 558
309 25 864
876 1151 1781
702 1117 249
815 536 1757
1667 698 234
1153 48 643
1132 1130 341
236 803 801
1989 233 1580
1449 1981 1539
1893 47 1687
622 1970 940
787 1712 1376
1187 1124 1322
1780 1330 1211
602 257 1139
1038 1987 1863
1436 1094 353
386 778 1961
247 1443 1227
623 41 957
43 465 1477
1892 1077 272
796 940 484
1612 1494 57
483 860 524
734 1317 686
1935 466 1166
1815 1671 302
204 1425 911
1027 961 1092
1303 1239 1788
768 311 1866
1487 1803 1615
98 343 767
1736 1220 975
1696 373 1320
421 1913 12
627 1133 1087
137 195 1093
1478 752 467
1539 1006 733
369 1416 1328
1842 1427 1832
498 918 1875
956 1263 184
1827 1499 1499
1382 1595 1546
800 1748 862
1988 523 1649
1619 1535 1512
714 1710 610
279 320 666
1663 1554 87
1799 1918 1212
151 1790 1574
663 844 1845
807 141 41
1350 759 910
296 1308 761
1712 1872 603
544 1697 1589
567 146 130
1624 1621 577
438 499 1317
1632 439 1859
1026 510 131
566 694 1001
1779 806 557
1539 1783 288
1051 249 1140
232 662 688
616 1555 1507
538 1005 1921
1869 567 695
1866 553 1414
163 1386 869
596 1027 1022
1359 406 1474
910 1371 701
95 1863 469
1127 809 74
20 743 624
878 1021 680
319 776 1329
1987 170 115
1078 1488 565
1686 1862 1275
1313 131 1321
355 427 1557
73 1365 1296
23 113 268
394 786 909
5 1194 1653
1450 81 387
1526 1433 1652
46 1717 217
561 92 1860
1271 1518 80
909 1121 779
1338 1648 601
1817 923 222
1818 199 46
592 586 1556
1125 238 1479
1341 657 1959
20 13 1940
121 1098 1547
1090 1832 66
715 1660 1737
897 1972 1048
165 1577 1390
1489 1180 1533
1620 1532 512
1481 1770 443
1818 434 1405
1300 1973 983
993 312 1458
1806 1213 350
1838 786 170
653 938 613
428 845 530
1645 925 259
768 1777 1594
1570 272 921
1886 185 702
240 1890 2
724 958 30
1965 793 1501
873 352 1372
1362 599 229
400 1951 1808
1257 1599 886
866 107 507
982 1765 947
1542 1580 132
1373 631 1293
1455 42 1213
1647 687 1130
1159 1041 1663
24 1929 756
85 1600 1987
742 1604 1057
997 1554 1931
1619 1697 1614
1457 1797 619
61 1601 1995
94 1421 1167
1329 789 691
1521 285 1960
1170 911 1133
1574 1660 240
1394 1077 832
1207 1345 1616
1399 1631 156
71 1016 1630
1217 805 1864
589 242 544
120 303 1234
1012 1874 504
388 1275 1723
997 785 416
1091 770 1642
1764 888 988
1301 1205 1882
1431 1851 1662
1983 40 495
259 901 1776
219 894 1890
1760 58 564
1368 1401 883
811 1246 283
1046 1312 673
1915 82 760
1396 1437 959
783 1557 589
846 1670 1885
862 463 1189
1841 509 798
766 1177 125
412 1867 526
1994 353 294
952 633 1664
526 1506 296
88 411 34
838 1681 243
174 1900 1160
552 1327 1869
1223 1468 1943
581 178 333
326 3 1732
25 652 1045
1100 108 818
618 962 657
1747 190 1239
465 1146 1667
390 628 69
1951 239 893
699 506 819
1909 1213 449
810 693 968
1244 929 1695
1013 1270 1514
1896 686 1078
83 1258 262
879 1301 1754
1316 1673 1012
1640 1343 734
436 654 1727
1757 1084 1109
931 1267 1745
1281 1150 1592
1355 289 269
1529 699 637
1765 1226 1006
1101 16 1253
152 756 1826
502 429 923
1140 1643 780
1332 243 1822
824 451 758
1399 1388 1362
1042 519 496
1778 1227 1199
1703 1776 682
777 1200 1029
473 1966 1149
1358 972 704
365 656 1191
702 1098 616
1030 588 1229
1988 1366 1030
279 1860 885
907 526 1897
1059 484 367
1493 109 1877
77 298 527
582 245 1082
1548 151 668
1138 119 90
105 870 1847
1833 795 738
1472 1291 470
906 1677 1337
1898 256 515
83 1169 1646
1870 289 1450
1248 1623 592
1684 812 1393
634 1224 795
170 959 439
1091 123 518
941 1726 844
1579 1093 901
68 353 1525
1803 149 305
1314 1945 1268
1040 1266 523
1952 489 569
1379 544 1627
1585 1442 671
59 1426 892
316 1458 1352
1589 1274 207
758 15 948
1814 432 1498
1197 1647 1740
284 868 1053
1534 618 383
1353 802 748
791 1796 1246
202 1315 1577
124 1322 1596
1794 802 1073
116 594 427
223 1266 997
210 216 1156
1057 1385 1447
530 978 1624
617 1333 1299
1442 281 1500
534 29 1465
1165 1288 1158
800 525 1879
1471 1752 1855
1118 496 220
1261 1406 317
1809 1516 251
696 547 1487
1963 772 485
1762 1389 651
35 1100 1767
1086 542 898
250 1242 364
271 368 685
327 1270 67
1211 1605 1154
1845 1581 1173
1967 1247 1789
199 79 1147
850 887 769
819 773 177
1172 667 1198
1685 1542 1489
336 193 713
603 1964 1938
1002 1115 1216
1349 692 1998
262 1120 420
1450 1282 851
362 532 1562
713 164 1490
1573 820 584
180 725 1681
1252 129 664
1915 313 1144
1470 564 617
539 1877 503
1171 133 281
944 1522 44
609 1040 1979
1663 869 1962
1085 1175 1635
337 1665 478
1852 1729 1385
1693 1251 744
1059 1811 1285
1590 901 13
1667 93 1271
437 737 225
1130 1320 181
674 983 1151
1376 44 1665
1499 1541 78
275 1634 1047
1359 992 543
1850 1469 662
1162 108 1403
1067 566 969
38 1335 1323
936 1036 989
615 1551 1704
1543 1540 999
413 223 809
1622 745 102
1825 1823 144
211 482 995
1066 12 205
1669 1807 1565
1182 670 342
911 1023 183
1245 625 693
433 1880 1263
723 242 908
124 1020 622
456 8 1971
738 1623 327
1029 1447 451
801 520 1755
422 1191 433
1139 1131 1955
1686 821 1915
229 599 1282
1730 141 21
1704 557 121
173 1526 787
704 554 1456
1483 649 1867
443 310 1956
1275 101 1434
1849 1287 223
934 222 1088
553 189 1111
1317 1220 64
1763 913 636
962 570 642
493 29 186
643 1925 1023
252 1991 1230
1772 775 1113
1431 1979 1762
287 431 1977
682 1908 870
388 22 1573
222 762 1314
188 453 1367
1651 1633 1148
1152 1936 1551
550 970 596
1190 867 384
1615 69 1739
1559 330 1830
832 1839 336
1204 1700 1810
1011 420 1778
687 1268 1278
1286 410 1368
1905 1369 1478
1420 578 153
983 1903 1553
828 1873 696
1477 1143 1595
1507 676 1170
213 477 1545
915 269 112
1137 447 1132
1876 1678 1145
452 1366 753
1528 819 1289
382 1848 1849
1085 1193 47
1082 1742 1331
1901 1057 1840
1058 941 215
184 129 1914
1900 817 1300
1858 1863 1602
1195 1578 1722
194 1784 492
1784 148 1423
739 253 444
436 31 1161
1222 317 1471
1546 1896 98
1044 638 1660
1185 529 520
507 989 826
1969 237 361
1747 1015 345
1962 1646 1680
1439 1345 1348
1916 1013 1248
1290 1072 204
801 89 1583
387 1563 1215
1144 154 1084
528 1513 1005
1841 97 42
492 986 145
225 86 614
741 1736 1387
519 262 676
345 1955 576
1330 491 1232
1473 765 1588
1598 495 150
229 1795 178
714 1496 1746
191 849 705
818 1630 641
574 1626 1062
231 813 1833
1564 1908 1823
1384 1340 1705
1984 644 736
769 1969 1099
200 924 1770
1975 1709 697
1296 1055 915
1375 1537 1837
1001 1262 1050
1007 1643 1007
1186 1904 1094
1230 126 374
1338 918 797
713 1298 536
1109 461 502
817 1903 473
1640 1383 1568
219 1718 15
21 120 1610
1486 934 902
1637 1965 391
1768 820 1226
1374 1615 248
736 579 1466
203 1216 1621
1902 50 568
523 839 10
176 1000 661
898 34 1828
34 328 1254
1882 393 127
755 1724 1582
1089 1505 185
415 716 1819
691 1272 1939
857 1253 1165
1666 1467 1970
1207 483 1040
1551 601 25
1453 1575 1366
955 1641 400
1754 886 1655
740 1313 1516
1675 1813 1949
1456 760 455
1524 1795 1176
307 1876 1793
1530 1638 1530
304 961 1765
312 1658 1816
71 132 146
1786 730 578
980 1412 708
826 1248 37
341 1980 1555
906 1742 1805
1184 824 1699
363 159 1534
1645 935 1913
62 1755 332
1930 449 1142
821 1662 464
167 637 1044
1696 1141 618
1792 1785 1585
1890 1258 1193
555 1403 1812
1047 591 1974
1557 1365 1581
562 364 253
619 383 1782
1970 1293 1138
1462 917 644
1120 444 782
763 96 1386
1452 91 359
103 1215 1066
680 1622 1598
518 1073 62
1593 853 479
892 492 1758
1095 1808 1571
424 330 1056
1674 376 396
578 964 1134
474 1318 1241
1011 646 1426
386 1565 560
134 499 397
282 375 337
473 421 1123
1110 1560 366
346 322 607
667 411 784
602 1048 187
11 488 1418
1767 221 1887
942 1844 85
1685 1552 182
1105 1341 790
1247 434 1659
173 1371 719
1080 654 1222
1433 260 786
1236 1835 263
1753 444 511
255 866 1245
912 742 1335
721 54 266
1170 1884 880
1786 1653 658
1850 1290 905
1206 1946 409
520 1219 17
374 275 4
1278 1705 1679
727 1801 650
943 62 79
1161 991 1831
1336 1263 124
1758 745 1888
1602 1178 1265
892 1982 154
1088 1223 242
92 1819 1085
448 1154 1208
749 799 521
1344 996 821
1677 1068 1
1952 265 1542
122 1585 122
529 632 45
249 871 1611
1562 172 669
651 1282 675
1837 1291 1883
1214 629 1843
1819 1916 1301
367 541 1540
1217 792 1678
957 788 1901
137 603 1146
839 384 1257
169 1805 94
95 1737 933
779 1475 1350
835 1670 1626
1885 398 1332
891 1261 958
844 253 635
623 925 1777
755 697 778
508 538 554
727 1750 210
947 206 904
1939 1835 1570
410 1690 1696
1744 1871 711
1412 650 84
970 1209 435
1751 1181 978
335 607 586
733 674 334
321 450 1258
58 1549 27
604 496 1650
1191 976 894
1546 1260 1365
1807 672 398
522 347 1922
1175 1995 972
1392 658 53
1228 303 363
867 1971 1509
72 1652 1733
1968 1464 1203
660 580 236
193 248 717
142 857 1734
958 807 195
190 104 1597
1171 641 218
764 1881 647
37 370 1684
579 1097 214
1683 1250 149
932 134 681
1438 358 1708
1148 1151 879
1942 471 1020
1071 593 1772
475 240 482
1010 1055 815
1550 128 1462
197 1480 1605
549 1144 93
472 749 474
490 1294 483
684 188 906
479 1573 1942
575 457 1858
88 1350 1876
780 342 1505
31 1997 899
600 761 1452
328 1393 1425
45 729 123
858 53 365
1743 1828 297
16 1449 1779
237 1568 274
929 1632 1756
919 1311 388
477 393 653
1351 558 233
1014 1277 816
885 241 116
1681 1947 823
560 59 1482
12 321 402
639 109 40
1340 1216 1997
887 1458 140
1415 429 36
796 202 72
236 864 1957
195 823 1563
797 1932 986
1383 1674 1591
1745 1332 228
561 1249 197
287 1342 142
937 1854 203
494 1072 1764
836 1787 582
643 533 1601
695 35 849
503 528 594
2000 711 980
1531 1961 1714
1512 1167 1587
992 1409 314
1456 957 967
1655 460 459
1859 1606 514
1591 1476 95
1588 1147 956
1964 1167 1604
750 564 759
1319 1923 850
490 442 1037
930 372 743
106 1945 830
1789 797 670
290 585 1980
1910 215 775
881 450 128
1233 1232 129
1372 1922 740
1070 897 173
1595 1108 720
688 896 1468
205 546 726
336 1931 89
1208 476 630
769 1022 865
493 878 1431
26 994 424
1436 625 1277
228 1104 931
785 1062 471
14 1304 591
346 172 1853
1680 1054 1710
425 1771 846
186 1343 1544
521 1265 1303
1777 1477 741
1478 963 151
474 1805 1697
431 1234 941
159 1944 1464
1397 773 1690
1979 676 1306
1549 150 1256
614 806 1647
1221 776 9
716 803 1909
1852 1490 1873
1336 816 1761
1482 1044 1752
430 834 1950
468 1406 326
1517 1868 621
1256 307 1771
207 1439 672
842 99 1518
1280 1414 961
531 1753 1983
1042 1861 196
1354 217 417
1754 1879 1262
1728 1036 746
1404 1032 667
407 612 1297
1424 318 1676
1684 1790 231
1533 1031 1071
1374 1224 371
1222 513 1223
500 272 303
1735 191 52
838 1941 1021
1552 1658 1469
447 507 1978
1196 1173 458
1025 935 498
1911 1318 581
1515 1122 1377
1675 753 878
1466 825 750
258 1109 399
827 902 306
90 624 1315
1378 415 428
18 501 59
784 1613 998
632 1759 1205
750 1398 1637
1364 895 1612
1235 24 917
13 1323 463
424 1750 221
843 254 674
1385 1260 822
4 1453 1726
1096 1196 887
921 1372 293
1218 1716 602
36 642 208
1427 7 1691
1415 1284 1250
781 1544 1685
1702 299 638
1339 298 209
42 1584 981
1237 814 1628
973 395 304
1868 969 1436
1624 1423 1002
646 1364 714
1357 516 1355
1977 1033 875
1154 577 260
1373 1064 1237
1398 1612 1558
1888 767 273
545 590 659
329 1953 925
556 1125 1683
1231 1864 1180
1830 403 1038
708 261 1059
1479 115 211
1789 1384 179
1113 374 1934
78 889 1197
274 1166 796
1281 1808 119
951 740 1017
1325 622 1267
1556 760 1266
559 1633 700
1006 268 1437
246 1173 237
1355 1092 772
950 491 404
158 1746 1677
1060 1483 120
1525 1769 531
1692 1211 1829
634 1049 1164
1787 366 839
1707 1333 1603
76 869 1451
458 217 1648
1065 1289 806
285 1197 22
1126 60 141
1202 1103 770
1114 1273 188
1724 1279 440
70 401 1918
1960 1917 852
1884 1410 343
111 861 1846
1601 181 1969
1284 671 580
979 1823 1693
1356 144 83
547 1199 534
568 224 1200
947 1646 1827
1188 214 723
476 204 859
1942 1977 1033
174 480 1712
1465 293 1172
276 203 245
975 589 431
425 1569 1179
746 247 1673
1160 1568 1775
680 1847 1999
1778 847 20
908 1075 1503
1156 1254 276
810 988 298
231 1010 828
369 1379 1219
278 1169 1729
404 371 508
1570 1930 412
1731 884 1701
1580 1396 480
1418 1297 532
177 1920 457
1739 1467 783
774 600 206
1296 427 1899
192 27 29
1268 1132 1336
90 1189 486
1855 230 528
453 1362 1639
712 999 855
718 1749 1043
739 1437 1351
880 206 63
607 781 1003
1775 366 1327
1774 1460 687
1937 61 1504
1939 1165 1947
611 439 316
230 342 1529
1726 1607 437
899 1369 1470
1649 522 370
377 1538 432
1625 597 422
1616 1179 1549
218 365 874
645 1574 267
870 1461 1041
1141 309 1333
286 1914 706
2 864 378
1135 44 1856
1521 914 1247
979 732 1644
1594 1853 1759
460 686 1511
1771 91 1854
761 1976 202
112 1872 1620
505 1232 665
1107 1421 1631
1157 596 1800
17 252 1063
1402 1933 935
1904 264 829
1938 731 840
226 1005 1945
1652 18 65
140 1112 14
1274 811 573
1846 898 1984
621 1189 39
446 23 99
1012 577 456
1950 782 1214
1128 1434 1401
1889 722 1424
1962 565 1576
922 1875 1796
1692 1735 70
1348 443 1868
1484 1164 434
1996 485 768
715 1381 970
853 949 884
605 359 1435
33 996 7
1321 1719 555
1912 391 58
323 635 351
64 1018 692
1264 1054 256
805 1711 1724
426 1602 43
74 1227 1417
1517 1502 73
1974 1103 1654
462 390 320
1056 1351 1378
868 56 356
1763 790 781
1241 1822 1952
981 160 559
1115 372 307
1799 922 1682
87 1800 312
347 428 1850
540 736 134
1897 1056 413
162 1051 368
1256 1101 1929
1014 965 519
1111 1878 1702
953 235 1753
1404 1113 1397
848 1561 991
113 1419 1522
977 1641 436
1469 1041 1689
1604 51 1651
1131 1748 863
1448 1676 1379
1953 126 1101
703 791 982
863 1588 352
1926 748 189
438 1756 1824
1523 1193 1686
77 685 1162
1062 967 277
153 1149 321
856 1746 813
308 1430 1388
8 862 1244
497 1963 1269
1473 494 1455
205 314 308
1578 1026 1900
684 928 1692
1599 1445 1878
186 1328 1584
1512 1241 1893
845 212 1632
756 1713 1839
1119 1991 721
672 717 344
1505 94 16
323 1510 690
348 1683 1280
1592 1682 1100
1975 1621 1834
197 87 1548
1435 647 1438
886 1594 810
1157 395 1975
1610 994 561
859 1911 212
660 256 286
998 1491 1566
65 1159 1089
605 1971 407
1391 738 1177
665 1194 725
1734 1826 919
1407 1094 198
626 1489 1157
971 297 1209
728 423 1343
1759 1233 866
1802 241 38
982 598 105
1121 557 522
613 795 301
1821 1701 1912
354 683 465
423 1428 841
270 418 548
1760 798 1838
1931 1814 280
1195 849 1114
201 580 56
720 1699 315
63 1106 1497
1862 1079 1910
73 903 732
1034 437 1790
445 837 747
394 1537 755
1305 102 1763
265 166 1661
563 1470 194
1254 729 97
1429 1152 357
1983 1871 1825
531 916 1485
306 273 709
719 399 490
833 1358 724
584 104 572
1461 359 1725
1060 1758 1311
859 1816 1338
576 1347 1098
487 1806 193
1899 827 516
1459 1827 354
1857 361 1069
949 6 216
257 1881 1358
1691 1672 494
792 1381 1523
1033 1627 646
1409 863 1622
1297 1178 938
479 1466 1688
1322 119 1192
486 221 1527
1899 514 1645
1497 1133 438
1711 1558 1419
280 763 1513
1706 1728 1923
1978 555 698
707 1465 1743
1363 1901 1519
1454 771 1836
319 1347 1341
645 495 943
847 1209 339
641 293 1717
688 1039 556
551 1391 953
155 106 191
36 1704 113
1496 86 1933
1441 19 1889
995 385 453
1221 692 1034
1981 19 1862
1886 325 1025
127 180 405
1762 1405 1171
1757 351 847
334 210 491
1158 1312 551
945 678 1454
1138 364 1347
382 322 335
1413 532 831
378 1063 1919
1910 1425 843
1877 1118 1946
1441 1034 950
770 125 547
1628 893 533
110 1820 1251
669 1694 110
1905 974 1787
1498 1106 1748
1986 1936 754
1294 1375 1122
1183 1727 258
744 778 792
765 537 1461
794 657 319
1389 1547 912
1417 192 155
1102 664 1051
1068 1791 977
43 422 1619
66 1500 827
1703 1192 499
629 2000 1618
1035 114 1380
1136 147 715
392 812 394
1718 1129 1820
835 100 452
1199 1797 964
1076 1634 927
1591 700 877
706 1405 1443
102 161 960
1867 1618 118
1948 1501 1136
1435 1491 888
1514 1927 505
397 1492 101
1485 1547 1124
1642 1255 655
1053 1463 309
1581 1583 567
1299 1845 845
842 509 716
299 793 1076
1334 143 973
1163 1308 1634
565 1653 247
1344 1079 1131
33 860 860
1188 1582 1279
681 1948 1143
945 1454 1090
675 227 1736
619 117 1809
1779 1598 1973
1166 1879 201
1161 1218 914
1016 1859 1028
1781 1796 1225
1048 198 299
1514 1672 588
27 1306 477
1737 218 597
559 1955 241
244 964 1575
354 984 1572
171 1874 1361
294 1511 920
872 251 1515
1782 1586 289
1567 1058 722
200 1577 385
233 852 1042
624 1927 703
1183 642 1242
1319 1943 328
1738 871 599
14 788 1363
1488 6 1445
39 968 1916
539 1992 1599
1215 673 766
818 661 106
110 313 1224
1714 1840 1783
264 302 1330
145 1631 50
1039 1553 161
1869 586 606
1168 169 1799
1725 1452 1356
1555 1637 1520
267 1773 689
1620 1242 1181
573 498 1281
535 651 493
924 1019 1061
1320 335 1422
413 1540 539
484 534 537
314 1811 1399
704 889 937
32 56 1926
7 1706 1715
1909 288 227
1865 160 996
133 1843 868
986 325 1492
747 182 609
1550 1906 583
500 748 626
72 1940 776
1875 380 1902
683 1755 639
301 1709 11
1898 1776 239
115 150 1905
1168 830 61
636 809 390
1323 331 1307
1198 1367 32
903 1 230
152 118 1201
1752 101 1273
1650 280 1035
391 1527 1011
882 1035 873
569 139 757
1025 1679 1407
270 168 1255
420 831 1079
912 1484 1238
1708 416 1430
481 1482 454
1503 1002 1517
1906 1140 1421
1919 1050 1178
933 920 1236
668 1186 1441
524 1725 1294
644 387 1792
1596 709 645
1680 1938 1052
234 1584 1175
1050 1285 290
587 1252 952
1613 426 1747
902 1508 1319
1928 480 1415
1352 829 1948
974 946 785
1721 1142 897
469 1400 270
112 1949 75
926 1502 1083
175 111 1870
1240 1690 1169
568 138 1953
1208 1111 1302
1360 780 1966
1664 243 1135
920 1377 1657
1722 389 311
521 1307 1532
268 1303 24
542 1695 176
269 1210 1964
39 1420 423
560 396 861
856 1500 604
1419 1956 1395
308 779 1502
890 1402 1231
1022 784 652
1813 1069 175
267 1717 1316
890 1024 379
1639 717 48
1 326 634
1376 987 1070
1822 228 1074
1731 830 126
609 1444 1606
96 179 553
1720 311 1894
1834 960 834
836 1269 710
1959 131 369
1250 840 1920
851 1265 1526
454 65 1988
1037 894 654
1921 40 891
1080 948 1700
916 1943 1561
338 728 421
570 1885 393
1235 1037 143
47 1843 1186
883 220 1416
310 1723 649
700 1390 802
1596 954 1107
1053 338 447
470 1793 976
1661 554 1357
1698 1352 82
315 1783 1185
182 1569 824
1407 1792 1491
647 1509 1129
472 1990 944
220 668 324
913 1137 735
891 1812 6
1698 1316 1851
604 381 900
1446 1999 1190
1479 378 1086
324 1174 415
1206 168 1861
130 661 1308
655 1422 611
10 1662 1046
37 703 838
995 590 1105
214 656 92
154 1576 445
904 1302 966
1083 183 1638
1457 1950 3
1722 1572 414
722 1714 103
615 1428 1560
1378 1520 475
1310 1865 742
1980 608 1488
1063 370 1797
1086 753 1694
1446 1923 942
118 1614 1993
1998 1567 313
1679 1566 1381
831 754 1791
648 227 1967
1587 67 1643
1331 799 1364
1031 1833 162
558 1727 157
840 1657 190
874 1538 107
1460 712 951
658 572 282
865 1749 152
1630 175 575
710 904 1607
1892 1295 837
209 965 1996
68 1756 962
11 121 166
209 813 8
1917 162 71
971 1610 945
1739 1812 1928
1519 1299 1963
905 966 929
1134 1560 1579
790 655 1896
1009 1531 663
989 841 896
404 1403 1429
284 1710 1496
1424 1629 660
1262 882 1298
329 1361 924
441 1922 1276
636 1751 835
1891 21 1014
933 1214 487
467 762 895
1579 107 1453
841 1523 1944
1367 1480 1528
164 823 903
1913 938 1480
1326 1629 1446
486 1119 856
1761 1246 377
468 1459 408
1842 244 1032
666 1694 76
178 652 500
1201 446 1291
1475 563 684
1187 355 331
435 430 853
517 1078 1409
1801 900 1769
1527 851 1865
777 1764 1168
1507 409 1359
158 1720 728
1940 1354 1354
263 1315 235
649 1348 1096
855 954 509
1176 471 541
283 556 1774
385 1766 1541
1164 1824 460
1650 1956 600
1705 707 1852
1583 157 476
457 1957 811
575 854 1383
572 501 631
1201 400 1709
274 1380 199
1828 356 49
485 1821 1184
98 344 389
723 458 488
1617 461 1097
1993 305 679
345 1809 1442
194 1522 727
1853 1556 224
281 1123 148
153 1723 608
734 1856 1031
276 1066 60
1854 852 620
1105 775 160
1363 1210 992
1075 640 1016
341 1766 1538
931 583 612
161 766 348
1536 273 330
515 1501 1444
157 1471 1738
1462 942 169
1162 259 1821
1688 1212 677
1174 117 340
1486 893 1325
396 277 1440
1293 1107 1036
1566 1411 1666
1996 1074 264
384 1423 167
208 1231 1670
1840 418 174
1324 69 159
757 489 278
1029 905 1183
1525 533 1486
1243 1287 1924
1586 1490 1476
1918 1689 954
451 324 858
1769 41 805
155 1788 1633
1357 136 28
1519 49 1288
754 593 1552
1883 511 1742
292 1972 517
517 1283 1065
1377 1172 1524
28 1440 1911
1533 1212 425
1276 1417 1656
66 362 287
1335 1810 1817
545 1999 1413
1989 1543 329
417 1309 587
1657 875 271
1921 1368 1537
350 74 1261
1008 1244 284
176 1124 158
877 414 164
442 681 749
85 149 930
412 1443 550
1253 549 31
1929 1503 1095
1635 1924 632
416 1564 1835
292 1815 1369
1081 296 1554
664 546 1339
822 757 1703
300 1563 939
1848 1839 1187
1515 1087 418
142 515 1404
612 116 1711
216 1286 403
1342 148 804
879 854 812
1597 1447 1121
1893 858 325
482 1894 549
1061 516 593
1300 1669 462
80 348 765
401 1143 1818
1767 679 1720
75 1411 200
576 405 1713
1271 1444 1798
705 1251 257
198 1804 1292
38 1659 932
669 969 799
1370 1668 376
1532 548 1608
53 327 963
459 1331 1457
963 1992 382
295 1524 825
682 695 1210
675 910 764
1497 1110 1150
1069 419 213
1145 843 1989
694 63 1194
1976 1361 1373
144 926 114
1700 1967 373
581 691 585
1832 128 1744
1030 1802 1982
540 631 108
1565 628 347
1328 943 96
1292 318 1794
357 747 135
1804 1816 590
333 1866 1811
1511 1142 1117
26 367 751
1334 1182 1309
991 1150 86
