2000 2000
716 1439 1490
1002 870 553
559 890 1184
946 1719 503
1268 153 1580
464 1246 843
1782 129 1648
272 1746 1358
1369 1574 717
1869 229 1082
412 1359 1551
1996 1289 245
890 1647 31
1478 733 1415
741 861 1738
1840 507 90
714 283 1303
1401 1038 1825
427 757 618
1931 772 304
642 634 914
1674 192 263
1088 128 515
138 1837 962
682 1704 1081
1206 712 1257
1768 782 1019
1332 1259 785
332 1495 893
1759 1789 294
1923 1623 13
1755 1118 1311
1376 1650 683
431 181 714
1590 234 699
804 1777 728
235 744 1025
1020 953 1511
1896 1441 539
815 1886 1764
13 788 1731
774 742 1401
408 954 1073
1950 1811 1061
1272 825 139
1200 196 1420
1255 1451 1588
109 461 686
438 817 1931
807 1135 1629
138 1450 1861
1144 1865 1386
1676 1285 147
880 1571 551
1756 1753 1543
1410 1193 990
73 215 1230
180 1501 1193
281 1536 883
555 892 775
783 1393 709
1851 760 965
1679 1131 1761
939 1883 803
238 452 1216
632 36 472
1707 1358 184
615 1252 322
1609 1997 1068
297 911 1794
590 1264 145
1718 1874 402
118 740 1776
1785 134 1602
1738 1185 333
1354 1845 825
1938 1568 183
1055 823 376
27 113 426
764 1461 1288
1095 467 1753
1373 755 729
274 769 120
974 342 786
388 763 1681
384 121 561
438 256 623
922 1586 711
1089 605 1508
1808 91 16
422 466 152
127 1775 1226
820 1116 824
1740 390 1278
1653 1680 1496
1341 1885 631
1901 1914 1150
787 440 417
1715 658 1796
1790 31 1153
1139 1982 1813
706 1191 233
981 1853 392
864 584 418
894 1389 180
1444 719 272
1390 790 361
973 501 823
794 489 159
1196 145 777
254 1452 1030
717 558 811
1559 1242 1771
731 175 1523
1094 516 1147
1487 1006 1577
356 1347 969
835 75 1060
566 209 142
1325 130 83
1125 296 682
1269 917 898
1348 1037 1130
1000 1085 804
1183 237 967
735 1801 1479
112 730 455
106 1991 1109
1371 1293 1222
1463 656 1701
299 473 1155
1105 16 1652
316 254 280
1684 617 223
286 1387 611
1592 206 252
1402 924 613
1628 351 1847
1205 630 45
494 1809 484
1854 1353 1326
597 1355 119
1482 415 396
659 357 949
83 388 71
644 536 1218
79 149 53
1086 484 1085
1447 150 1057
4 957 731
1079 1615 1121
1403 526 91
610 241 259
1695 901 1433
1234 116 1826
1882 283 234
1732 17 720
200 1109 1238
1642 1365 109
765 921 1495
1698 259 1955
1840 985 671
1478 1072 1051
1589 1711 1011
1918 1460 1878
475 1642 941
1650 398 1294
1022 1014 1886
613 1702 369
102 1805 1867
110 1087 1882
594 1431 200
1005 574 319
1150 840 1915
577 1989 708
1456 413 1096
1638 53 794
1979 1140 1361
1170 926 919
1036 1165 105
374 1225 749
633 1661 210
363 1067 77
527 1177 67
253 553 1967
1783 217 1793
695 1567 1895
785 1852 477
1614 773 1196
1315 1817 1933
1426 666 242
1383 1228 695
1682 317 1808
204 1370 204
1648 1175 834
56 1919 890
1283 1148 1003
1786 1616 1124
1175 1141 1889
1830 1016 172
1299 321 732
1715 400 277
779 683 1662
63 1032 194
679 24 1837
1734 1557 1364
94 1918 1875
803 54 1395
1443 736 1996
1445 1472 182
1627 1521 498
368 1334 1299
1127 1564 1514
972 430 958
1348 292 557
1567 1455 1573
470 1076 842
1964 687 1378
1061 1405 1492
849 1385 499
242 1649 701
795 532 516
874 1554 134
1688 1383 651
1274 208 414
996 1485 819
708 1018 1676
1634 1949 999
1748 227 545
1476 1833 706
1973 747 981
952 791 1777
1769 838 102
604 71 156
1386 902 644
1103 1388 469
1108 1610 1369
1646 1853 568
759 1712 1129
1311 539 1657
1985 700 1116
1087 1499 191
869 691 888
889 306 1240
1795 231 12
1248 1412 1620
232 1094 261
1889 1696 1624
504 1297 998
1579 441 1463
1669 257 1817
1234 498 136
983 672 1521
913 629 1763
289 752 1672
812 578 440
1307 1659 642
1660 83 1231
1691 1429 153
1266 524 393
639 692 247
554 1506 792
155 189 22
937 1838 1059
1218 1525 567
799 1686 626
893 137 1923
1120 1272 377
529 58 1968
7 350 1225
1329 1912 1229
569 1419 106
1170 1967 1741
249 1976 324
1874 106 915
65 1549 840
212 749 202
250 1562 1126
278 203 1452
727 1844 133
1239 1690 1256
1934 1232 1376
183 986 1120
535 2 1834
1673 1958 1674
1810 1494 1142
1584 866 1909
827 1748 1398
859 1301 511
1011 1635 1069
786 617 573
1105 1267 328
1757 815 338
1543 1354 30
1084 280 1743
1308 1174 1018
638 477 1914
472 1430 1969
852 1379 1058
1145 1503 1920
1071 941 1806
1917 1459 937
365 456 1513
279 69 20
511 1509 1113
621 170 974
1743 1667 1026
263 86 771
881 1571 346
998 167 1325
1661 899 730
1329 1631 442
589 875 381
1434 407 1252
1222 100 528
1935 1442 1528
420 1203 908
1946 1416 1772
492 52 173
1891 223 1568
1173 328 1365
1756 1504 68
860 1739 1040
949 459 274
1375 1660 1734
918 45 987
272 144 807
888 642 292
1107 219 734
201 662 1960
902 66 1988
809 1827 909
291 1124 75
827 320 1043
1450 1306 385
186 1778 1391
1772 171 1970
930 276 293
293 297 1465
1795 1010 829
1968 715 712
233 963 1608
915 399 1781
745 1032 1936
563 1422 1660
1100 1714 309
533 1189 961
1961 373 1423
1200 571 1332
957 223 1107
447 320 918
1330 88 1544
550 1457 1133
446 1327 1705
1010 108 1831
1313 1038 1397
925 1781 1274
225 722 1609
1599 581 1757
636 82 1531
1068 1487 107
999 1430 657
1521 531 1749
1823 1752 1956
305 1568 462
983 445 1213
457 27 1071
966 99 861
28 1162 169
475 1156 1298
306 778 596
22 1704 1972
208 804 1228
295 855 925
499 1206 1195
1349 1049 78
553 630 268
29 361 1382
1375 1191 1534
515 1288 1622
1143 1671 313
816 777 931
1279 1025 757
1558 1223 1170
1526 1792 335
605 427 556
1971 1292 750
856 1766 956
252 1177 1829
748 1908 452
496 885 1974
1109 133 103
1088 1299 260
1236 1502 1591
1629 1945 1249
1705 1291 143
976 1307 401
1421 1180 476
1947 1277 1898
1486 140 1758
1203 802 397
211 124 72
1400 196 1158
1204 1377 1612
867 1926 1646
1555 1515 1076
101 1776 1582
978 1663 852
975 1885 1345
1441 1158 1323
1328 1432 1596
1417 1313 1814
1412 1126 1015
1814 941 225
324 556 450
353 1241 765
1894 20 98
1028 123 104
1508 542 1197
1037 73 1583
762 369 1959
1278 543 1579
61 386 560
382 1736 468
886 1512 921
420 1936 79
895 1603 640
1436 165 906
1121 1152 1083
1462 9 1296
37 419 1977
1262 315 1619
601 721 1258
95 1616 1718
967 1765 1176
330 723 591
1 1884 1200
609 517 665
1097 70 1334
596 607 256
1963 982 1438
173 389 312
325 1995 833
348 1640 1553
38 541 991
1546 1917 741
1826 1352 1586
805 702 1310
661 1829 1733
1975 1816 415
407 1531 1653
358 573 390
289 1887 1948
1212 701 536
401 896 127
745 907 1822
935 1981 634
977 1060 1617
908 162 989
347 77 492
1372 1026 1156
1888 1067 365
1275 1474 1526
194 1485 1062
1883 1381 795
1713 851 1985
435 93 578
1212 586 424
1556 1941 236
1325 207 886
457 1293 1178
1739 314 66
503 1122 643
879 1236 1671
65 1978 653
707 1737 398
1866 1986 188
1608 1179 1963
493 544 1080
502 909 1169
21 664 1202
1394 1808 1798
490 1332 1504
456 104 140
1081 451 621
372 1518 1377
1147 1997 1331
567 190 897
1524 1059 1481
1931 910 988
766 696 635
1812 1125 460
506 323 1860
994 1165 938
112 560 1890
1713 1676 1618
1968 1933 507
1505 508 211
132 403 220
1073 1227 1306
725 366 905
988 1230 871
1023 585 4
980 1003 1119
1424 86 1029
1491 1900 1836
599 1633 497
309 1269 1206
1922 1572 1721
812 1948 959
1563 1178 289
900 1318 1901
1710 1004 1422
1959 1522 1896
1201 1266 23
1086 1897 222
121 338 523
1858 729 1220
1652 1735 875
1035 876 646
1952 288 837
625 1392 1547
648 1376 517
996 161 912
1421 251 1000
936 928 1417
248 704 606
233 536 315
1709 265 1973
1380 1483 1090
103 433 1853
1233 651 594
1295 1902 1984
1989 1898 810
1870 862 895
1736 94 454
944 954 1778
469 615 1087
1361 525 39
726 1324 1285
1981 769 579
543 691 846
1884 1343 1683
1207 740 1529
1939 989 229
1464 898 1631
383 222 1461
362 296 1626
1792 904 1322
1101 378 1108
1100 263 54
1006 1670 813
392 343 2
1463 809 1065
1364 968 1372
246 1664 386
50 1645 215
990 1782 1874
1979 1063 1217
175 931 423
648 1974 86
1433 489 1103
1163 992 1522
705 1402 600
942 1742 1205
573 114 672
1584 1239 265
133 1847 238
766 711 1194
688 1147 900
1346 1621 612
1331 1987 1862
1315 874 291
1387 1818 971
1208 1824 1414
1113 1154 1574
1495 80 885
220 1578 467
32 130 541
1892 455 1488
131 49 1394
1841 1031 1473
538 734 629
1049 1265 1088
498 684 1472
1721 1927 2000
1133 1963 1498
646 1781 702
1640 557 1501
172 1133 659
98 1722 436
948 258 1684
1872 1322 1483
1644 1881 532
1500 1769 1075
685 1186 371
59 1868 1405
695 209 1001
652 1380 1367
1550 892 564
1606 381 1480
1582 1581 733
1475 1197 652
999 1599 1189
1319 1943 1540
869 693 527
125 1631 1999
391 698 744
195 380 1512
1583 1706 933
1701 460 135
592 310 571
801 1550 137
801 637 979
1944 333 1989
925 1282 1055
1054 736 1715
246 1767 19
216 1731 916
1255 1784 1561
331 199 485
1975 1415 832
837 360 87
589 384 1135
1278 1213 1720
1577 1595 266
1419 1707 972
616 158 1728
904 1675 583
756 856 808
68 1160 96
1593 1643 1172
1933 1520 1408
1029 32 457
1855 418 491
464 677 1360
1490 1820 879
575 1770 874
847 1519 790
1305 142 427
1499 268 1232
312 802 257
810 1468 473
1399 582 235
1596 1187 1013
1115 725 520
9 1516 845
1327 1672 1599
1942 669 650
1741 1164 649
426 1528 224
1749 1314 603
1131 1136 475
1725 465 1424
1311 1613 1468
1251 1420 1884
442 1666 362
141 1565 1935
1797 1158 590
1844 532 1702
1784 1861 889
292 1042 1054
463 1052 1307
1066 541 1233
478 1479 438
230 1983 1400
1839 1720 1455
1193 1788 1858
1385 1078 1207
381 668 806
91 1453 162
1925 748 566
1626 1533 896
1241 81 1134
1742 528 802
1692 1432 1611
1219 1440 1774
224 1803 1351
853 1681 1047
1075 330 1851
150 1752 1803
347 514 121
338 1662 33
1221 1286 1493
576 1920 1275
337 1493 48
264 1520 1819
341 760 704
548 1410 1739
1028 356 1444
1339 858 773
887 1894 950
1338 905 1505
1195 1496 1313
282 426 192
555 1983 1587
1644 1084 1658
1699 1728 1871
78 711 35
119 476 1084
1523 1891 221
1665 872 588
364 310 1036
1987 1123 688
1990 1057 721
580 883 230
665 1145 1070
781 322 175
148 750 61
82 302 761
183 339 88
944 1633 341
1658 868 1329
344 1995 34
1586 1362 1863
275 761 984
58 176 9
114 935 1913
299 1860 1379
1135 1328 157
1619 41 705
1052 964 1801
829 76 1164
1277 1908 911
164 965 1637
730 813 1992
478 1406 1697
5 1865 36
135 1042 82
1512 1472 311
738 1605 150
524 551 201
1480 1227 602
1340 1609 329
873 792 1689
980 1861 1850
1942 1137 1571
317 1296 1272
784 277 821
667 1446 1404
1880 542 446
88 1025 860
1564 87 1726
1207 11 608
750 285 1732
911 1445 1349
1061 1685 1842
1072 963 1950
1484 1161 181
329 1960 387
1153 1827 1807
376 443 1694
1331 1935 1027
833 610 1467
649 621 797
1871 1292 978
565 822 383
1281 1600 1922
44 1363 1267
674 1001 1557
1408 1021 710
509 1119 1204
841 1166 1859
195 1257 936
147 1304 416
228 561 1839
1427 510 940
104 423 1255
1352 345 1998
1449 932 1906
880 743 308
385 126 1686
626 863 691
1467 1793 1978
705 1298 60
71 574 1708
1217 1095 110
393 435 1159
314 270 1236
1818 1971 820
690 647 791
1786 1576 1791
1729 818 1136
431 1124 1430
1418 1629 28
1288 866 84
231 23 1198
1905 645 1163
1113 1560 1497
591 1591 639
998 262 781
1928 413 262
1390 1437 1077
364 1905 177
1312 673 465
1091 1069 1201
1250 537 755
253 495 1165
1401 1932 1802
236 146 1788
1012 379 1700
1654 1471 675
964 1312 64
174 635 124
422 147 1280
1770 891 670
1043 3 327
746 1243 630
1439 1422 1117
1549 781 534
1413 1467 112
351 583 1603
303 671 552
1819 830 1419
1574 799 1183
515 1279 1818
107 645 1421
1541 178 1843
1098 1142 226
1960 226 780
910 1745 739
1182 139 877
932 1173 108
601 1566 93
1789 1434 76
1301 1986 1990
1805 1106 929
1435 186 1755
660 1289 340
294 530 1975
1271 718 1536
497 324 622
1054 181 443
62 163 195
737 166 858
884 1683 1897
1604 97 521
1101 1005 1447
1265 1344 1828
1136 1898 276
1031 19 953
832 383 217
1210 529 6
1119 931 1476
367 1199 647
1542 480 542
1320 1071 1436
1944 1446 1673
87 1992 1020
1716 950 1291
1624 1810 1450
940 839 408
571 1957 1138
77 1628 1151
907 1791 1448
1993 1083 1880
1083 258 1489
1608 1559 835
1231 167 1953
565 1846 742
620 1999 368
441 1287 1775
307 323 1730
1012 1723 1736
970 333 1375
1529 1553 1879
1956 912 954
1330 1409 1416
1819 1788 1664
859 416 1067
1350 432 502
522 437 1484
1672 343 1208
668 1926 638
877 971 519
1834 513 1037
952 903 822
1579 424 1089
430 850 637
551 363 1022
1256 1448 1139
243 1540 1659
1079 631 59
563 1826 1533
1404 425 577
471 274 470
75 1494 1849
1542 704 243
136 675 661
913 1636 196
686 1282 964
1159 1929 1304
1775 1404 29
491 1382 1840
417 579 535
657 424 673
1509 315 488
603 661 122
481 177 1028
929 821 570
1588 678 1264
1197 1056 1576
1962 1204 1524
1565 1909 1537
829 1035 501
1363 81 428
122 141 1610
113 976 317
663 1317 332
572 710 1981
117 358 724
1090 1098 524
440 1465 1642
1167 1267 21
1302 211 275
1511 987 619
772 625 1235
48 1009 351
1843 1733 179
1050 1254 1243
1400 899 425
984 865 1092
281 257 1891
298 1224 1366
1653 1587 374
1428 895 1760
1449 591 1464
835 1815 1800
703 1273 827
602 1414 1363
1867 552 382
1879 539 1262
1062 355 610
1806 1074 1149
977 1760 1949
55 623 764
1880 1783 302
1389 197 494
1622 611 1566
1194 533 767
794 182 166
1192 1099 1335
1958 654 1593
738 1641 1714
1074 1686 1744
161 783 1457
864 1557 1665
1663 1291 1713
1531 1668 144
997 787 692
861 462 1328
1379 982 1435
40 1146 841
1965 421 867
1977 1601 995
240 1243 388
57 1799 1552
1820 39 214
1195 607 510
159 1516 1148
1760 510 347
1438 1391 24
626 1367 1655
1454 1260 891
1123 1545 62
462 1140 1248
487 731 125
834 1 1565
1345 771 117
1619 1297 1638
226 460 574
527 719 627
451 168 1872
1395 537 306
11 39 1175
1806 1398 1112
919 1803 1199
329 848 756
1188 924 614
1541 597 1348
1394 47 231
1217 1182 1934
928 958 1039
788 1765 716
1391 978 1431
792 96 1769
897 1614 326
784 69 490
1093 127 459
1458 1082 56
1452 808 445
1835 412 1418
667 1103 1832
1892 1075 1634
1522 185 955
1201 405 1987
1848 629 1471
1517 654 249
636 1555 228
595 707 525
1013 1355 598
1157 1991 1954
1111 448 197
1899 1804 1242
628 1722 1893
1646 1830 1227
216 1081 1723
1787 236 1750
1523 679 1459
1413 217 1792
1020 309 164
720 696 1541
1168 284 645
235 1570 1428
1532 1247 413
985 1530 1654
57 1488 1585
764 1856 296
437 1066 27
1502 1764 849
857 159 1327
321 1938 880
686 1030 1460
1366 1440 1293
831 453 37
806 967 307
287 758 753
1932 1497 899
496 743 505
727 38 111
1254 1534 1180
876 156 1260
1233 722 1215
394 354 1848
1016 1024 1286
1638 1621 703
770 1635 876
1479 1073 1785
1351 789 983
230 632 323
1821 1899 1309
1953 41 1086
713 48 334
312 1415 1601
467 1528 1717
697 1411 1301
1655 793 679
286 1226 1333
824 780 1425
1172 1773 1815
1237 1513 163
846 1718 1221
825 1089 1507
50 1373 662
1260 1873 616
1603 681 1078
336 493 149
1724 1617 299
1763 1669 264
85 1303 118
1615 1637 44
1142 1912 464
1202 1854 1742
200 1771 1824
1317 961 554
806 291 1549
868 1563 870
370 219 69
513 414 290
945 479 707
1507 1936 367
99 1462 1192
511 1547 43
1558 1056 1873
1780 706 595
8 1949 406
1068 1682 793
142 29 1056
1019 1864 1535
990 1447 479
638 1033 25
259 842 10
1800 1694 429
873 1794 700
795 37 148
1990 495 1042
473 1504 538
962 823 584
1533 1316 878
1544 1762 530
26 562 1997
115 882 922
521 1064 1762
531 842 1453
710 505 1160
1734 554 176
979 1129 1752
164 483 1816
898 273 1820
1613 803 1690
1429 144 1319
576 1575 1823
1710 1365 562
775 1673 1469
1359 742 1279
992 836 1157
1605 622 350
878 1335 550
1216 1302 128
302 379 1957
1026 1211 1607
304 1059 976
408 567 305
404 406 1627
1350 830 1403
483 1988 241
1980 751 809
1802 105 1995
502 943 504
506 922 283
1536 1950 151
955 556 1946
580 635 1337
1065 1703 198
1896 1929 1441
1489 1112 278
177 352 1355
1951 187 1678
938 443 239
1645 1423 123
818 1728 1380
1907 1117 1787
488 1132 353
165 1304 674
1671 1974 624
1261 247 783
240 1152 1605
936 313 853
819 920 881
1590 1868 1558
1097 156 1352
1966 520 286
1597 883 1866
1231 417 1770
454 1078 1876
446 109 1454
639 672 115
1199 154 960
1620 304 934
267 485 97
1360 1812 854
775 1014 1698
368 107 100
179 1198 1856
335 469 131
884 1678 461
1048 210 1106
886 993 403
1219 220 778
1047 7 1095
215 1923 1314
1527 326 1396
1657 53 788
1407 366 723
1953 1836 798
984 1245 1320
987 447 1916
202 1286 1509
1689 1003 480
12 1040 384
989 853 1887
59 328 632
836 1515 1917
606 863 1516
698 972 975
275 1743 435
1903 198 1357
1469 1507 471
828 1585 1910
90 1240 1031
637 178 1388
387 1488 1590
176 1577 815
687 1623 3
1914 608 1645
1639 849 1983
396 1787 1651
327 1046 1559
1666 1700 604
28 205 1359
1023 1842 1710
1999 1397 1072
1510 1721 58
234 1855 569
131 42 375
1921 918 189
1964 1546 419
434 1996 787
1127 1470 977
1 1378 437
326 979 796
1862 1420 481
276 1596 1407
365 120 762
1654 137 565
1589 603 508
1138 403 669
870 1473 873
1208 95 1838
1501 841 1804
1064 280 1656
245 721 1630
1687 1602 366
374 909 1797
1744 1881 1033
840 429 65
482 965 559
100 1993 146
1139 1270 1527
285 1353 518
124 225 1052
1469 1970 129
1130 1796 1356
1730 448 1926
10 505 270
908 332 92
594 1847 1006
1814 5 373
194 389 271
797 768 57
72 1264 258
1426 1821 641
782 808 664
1257 300 1790
1876 279 917
36 1822 779
1539 1733 1696
981 1573 158
1791 425 1640
685 2000 244
1627 1863 1966
676 158 1004
1240 1904 920
122 1540 1621
1162 634 1292
1755 146 1510
585 618 1784
1708 1045 966
1259 1253 395
1168 251 1727
1754 997 1289
1845 1911 314
1587 135 1506
670 1618 1336
494 1900 768
116 1218 281
42 947 26
1116 814 433
282 1500 1503
694 1115 1032
1544 15 1434
18 1044 932
92 612 1324
1209 89 901
1554 816 1318
1220 346 1530
1436 1465 759
1860 1126 1766
677 1336 1986
1903 47 1343
450 1223 1273
1889 1625 738
12 169 1271
1873 1665 357
308 1461 685
837 305 1685
877 1965 1855
1443 1368 94
33 486 1105
1403 353 805
1714 362 1485
1337 848 1284
1194 1705 1518
1871 915 1282
140 1717 540
1431 1877 1035
184 1229 1399
1308 1920 80
887 1514 1251
214 1566 1491
953 1019 850
613 1167 1245
157 1001 1024
1662 1460 167
641 396 1546
1397 367 430
1490 461 1864
14 182 370
1790 60 212
600 1263 1942
921 547 1046
807 1238 1439
604 1937 17
1392 1825 892
540 1856 1667
1582 1893 500
1114 650 663
436 1395 1315
268 676 1041
733 519 448
653 670 32
1737 1729 1666
1948 1890 694
768 1647 1161
170 352 1308
958 778 1317
1186 789 1316
1684 552 1265
241 1043 1101
369 115 1166
938 712 1477
1306 538 549
172 1361 410
1598 1632 1263
619 647 310
729 1535 141
46 154 1021
689 1045 951
709 416 713
1318 1852 1883
370 929 487
1134 313 349
1701 796 1048
444 1192 439
627 70 942
1118 327 1254
1000 1476 1123
1862 350 1563
600 1285 1432
1442 1921 1869
51 1954 1737
255 1156 1810
1955 747 1270
97 1276 1644
1612 68 409
1857 1583 1908
1250 1835 1371
566 1972 980
633 906 746
60 1934 1555
1344 1470 678
694 444 1141
298 1630 1835
1984 1588 1500
1497 436 1127
1322 468 1223
1955 66 1177
1747 1746 8
1702 1310 1190
1910 1210 636
1708 482 178
1598 627 1487
1211 683 930
1456 1915 206
501 1593 321
588 900 924
1762 1560 599
1740 872 1614
960 419 237
1335 1448 1976
568 649 1347
1154 433 555
779 1602 1912
579 1941 1402
1600 1607 865
523 1396 282
628 1280 486
1508 559 218
335 767 719
43 1261 1131
1481 458 1442
1774 681 378
19 382 1542
949 753 1649
348 1774 1581
1777 1530 52
300 975 1961
1188 826 1181
1320 1342 1623
620 716 1604
101 261 336
63 854 1725
1130 845 1748
1946 499 581
474 1576 208
1069 1832 1162
1077 959 356
713 1939 288
410 1172 1287
1466 860 666
1954 33 42
1388 1870 1374
1611 1230 1115
1309 1807 740
1643 914 597
205 1842 1554
1757 284 1203
599 1538 633
293 1569 1833
1225 582 1670
1151 1561 1782
596 1945 1556
994 1356 1633
699 319 575
805 1237 14
465 728 868
1957 1351 526
1321 568 992
1750 1611 814
1134 993 46
1657 31 817
1433 1384 513
1696 458 348
1409 245 654
1785 618 1049
1475 400 1545
692 616 1899
831 951 1014
18 1190 1695
344 1185 784
839 1837 985
79 1551 1339
404 1801 154
1483 1572 1261
1697 1724 952
1326 1656 847
84 1050 1930
1697 1294 441
1027 1141 1302
1340 1537 1569
525 1825 1125
1961 1034 1381
450 30 1475
771 584 690
1895 500 1751
757 1457 1703
878 492 838
916 724 855
1122 429 1650
720 520 851
1506 463 1643
1793 1561 279
229 349 1094
1594 337 1146
1486 273 667
1851 1994 1799
148 1090 946
1406 951 1811
934 242 1009
1249 1454 1023
1076 252 547
249 523 1907
1316 1498 250
1519 1492 927
871 260 339
397 1407 1877
1691 624 754
1374 239 655
1214 1128 1104
1867 1444 1765
512 1815 997
1163 206 585
264 1146 582
1209 756 1845
354 169 1443
386 120 844
759 947 1321
189 1741 1675
521 1695 126
891 491 601
1398 1018 489
528 434 1937
1863 1796 593
1922 1768 872
640 881 1281
547 3 1924
612 1099 1362
1017 334 580
152 1080 857
751 402 1
1761 820 1290
1041 1982 219
1474 301 684
659 244 1962
697 1886 160
1455 855 95
1333 652 789
1294 1797 587
334 1007 1699
89 1295 1354
1651 614 589
1692 665 1722
1228 1780 1259
1104 1418 483
1377 1930 693
755 295 1253
1205 1916 1053
1916 1664 89
301 1425 1168
653 1171 1246
1711 950 38
55 1962 609
509 1809 303
919 64 213
1637 1828 1707
108 858 1174
155 1011 1868
415 1427 1283
770 387 1982
1970 1543 1635
516 1687 253
684 210 563
1183 61 114
380 1215 903
714 791 1932
548 1221 463
1539 811 1219
680 758 316
391 1070 544
1906 1190 1266
1634 1021 360
271 228 1594
545 1300 884
1850 838 379
1716 1537 1079
1503 340 831
1096 1947 904
732 1425 1613
857 897 1940
376 1698 605
418 1624 1012
40 586 1383
1252 1155 55
728 1846 352
749 1749 1426
1015 549 1295
1159 1876 522
988 1763 1639
1667 1738 1066
1106 718 1857
1321 486 11
359 739 957
614 1798 444
1310 643 1406
1334 1396 1350
1253 578 1412
13 1366 760
914 78 1140
311 1618 1188
1822 562 1852
136 843 620
22 1347 1925
10 664 1338
1256 1481 1712
1 1813 968
105 153 939
1956 753 1854
1649 622 320
1864 1107 1440
1024 250 1945
1164 1857 737
1342 1952 1786
1680 290 216
968 1333 576
1349 656 1768
1314 1693 902
303 790 116
1527 732 1632
480 995 422
611 1129 5
1798 361 1385
1778 1157 407
1423 797 420
385 2000 1663
655 739 1017
1726 1300 447
1298 1466 696
843 1263 47
624 828 1754
923 655 1182
1992 375 394
793 428 1606
266 504 943
662 1053 1532
1901 1679 1809
1732 151 411
519 1534 1943
1104 832 1993
1102 1473 648
581 1093 1821
497 1659 1044
780 405 74
1685 218 812
402 966 1390
1694 1766 1137
1681 530 1592
602 1678 1111
1222 1290 342
846 1744 358
191 754 907
151 1244 676
1215 1338 404
1184 202 1538
1368 646 1368
1591 262 1827
810 641 1938
1779 1849 458
598 149 496
190 1491 432
1247 1723 246
754 143 1244
1727 974 380
1326 1477 1389
1296 373 248
472 671 1892
514 640 548
901 762 1114
821 1988 1846
1027 17 50
814 1725 1212
534 1022 546
1832 1184 1578
593 197 1413
1913 1017 994
1759 1371 1520
852 867 1783
409 1063 725
1057 1517 970
432 1838 1548
916 80 1239
1652 1813 1928
20 44 913
1928 1114 1451
288 1213 1344
485 1683 1185
188 575 405
1626 518 1747
1771 927 7
1176 1976 1384
1468 238 1449
1015 67 1187
888 1907 132
357 1911 451
1453 1144 1016
1339 1181 963
1548 1875 1211
1044 1374 240
651 933 697
1639 143 882
1980 545 345
248 844 1904
1051 1414 203
889 6 1584
1092 1750 869
1915 123 947
247 1180 1312
1174 658 1305
471 1008 1767
25 1648 1693
1386 1161 1410
375 1580 474
318 102 255
1807 395 848
266 1214 285
669 192 1478
1524 1709 227
526 322 1740
1251 500 1128
1046 92 1691
277 1226 1729
590 564 85
744 1160 1905
51 1 543
1859 1080 592
256 1888 1276
1150 6 772
1562 119 1927
1706 1287 1844
439 476 735
474 239 1100
311 1632 1679
570 168 1894
163 1823 1669
1319 1712 752
346 1879 1429
1270 926 1237
517 213 727
411 1128 1152
455 546 1499
377 34 801
961 269 130
316 1897 660
1767 488 1446
214 1878 1780
1594 1102 354
1384 1890 1971
1811 1435 1515
1882 52 776
1675 1658 1759
643 946 1191
185 885 1830
1034 819 1564
1482 940 948
1994 4 944
1058 325 617
1636 1969 1965
991 1688 1045
1110 1703 434
1800 1580 1812
1276 995 625
522 15 509
479 1244 1502
199 1511 1007
865 1717 1991
204 255 1392
1764 64 743
1187 595 1250
1804 800 628
796 1745 1680
587 244 863
761 674 41
1393 1858 745
1529 917 449
72 1850 325
1151 1906 1947
1248 34 864
1343 774 1341
345 689 15
1082 1275 689
466 577 1677
813 1843 273
1535 844 1063
1548 933 295
1620 1595 945
894 103 1900
1242 905 1841
477 657 1647
1773 468 1393
1505 349 363
776 67 1008
187 1878 1445
1091 1268 1097
991 1196 81
111 833 1589
261 1828 828
410 1651 1964
1149 1700 359
1839 1324 400
734 709 1709
1969 1305 926
1677 1978 63
735 1875 1093
512 1919 254
930 765 40
569 777 1470
767 1532 1268
207 969 1668
1055 269 1575
439 399 986
862 1751 1144
737 160 113
49 1362 318
359 487 1918
393 157 677
1169 1498 862
1887 1070 73
139 1039 232
1547 715 537
1581 1356 1979
1761 1895 1704
1337 96 343
278 74 1411
1617 188 1636
1719 824 1247
609 1893 1038
1604 1477 1572
16 110 1132
776 1171 800
1824 1280 1888
623 1758 1234
1065 54 782
717 1552 1010
1459 1552 186
906 260 70
1514 875 1980
212 540 99
1484 1689 1214
1973 507 482
1545 1641 1456
1303 1848 928
939 650 722
481 1323 799
336 956 681
193 1510 1210
1753 546 1865
1274 1656 301
265 663 751
1437 1625 193
267 1677 1595
14 854 1342
1570 213 1458
1121 879 1719
1405 811 101
1077 1382 412
845 1229 1050
409 1985 1098
1998 937 251
1727 822 816
1538 1841 687
1720 534 1099
162 1149 1600
798 724 456
570 308 1102
1573 129 1064
959 1323 18
1592 1690 155
847 690 1615
962 224 839
222 1358 389
1284 1601 1711
606 660 355
1309 1556 993
871 817 1409
1747 535 284
588 1166 1353
423 1262 506
934 1772 205
1110 319 1209
1053 454 766
1417 1606 894
160 1930 1746
583 1041 747
1972 826 818
1169 355 1688
746 678 1474
688 700 1628
218 1360 138
30 1959 1034
1966 85 887
943 675 736
98 1913 680
1235 270 1560
1364 221 531
421 1176 1567
912 1735 1277
851 560 1154
703 340 1550
1092 1458 668
1630 193 763
986 587 493
1526 1438 51
341 287 572
339 1416 715
1493 850 1297
1155 1007 1805
397 1833 1143
752 1273 170
414 1674 1517
680 773 1340
1181 550 1881
955 43 698
1357 331 973
1693 1040 1074
927 544 558
35 701 207
1138 561 1145
1597 76 1466
35 398 165
1281 1829 866
152 644 856
1367 1132 1870
666 1117 171
1924 1866 1330
1951 21 656
1111 1346 1944
411 1464 168
1655 227 1171
372 699 1789
62 1238 199
401 1198 495
631 1998 923
1670 1940 1625
723 1518 1005
1575 1357 1692
290 1013 187
394 1977 514
608 1372 836
1909 117 399
232 800 1427
221 1036 1745
1924 1224 512
1249 174 1919
1610 673 1994
1202 693 1661
453 1341 1682
973 1492 770
1232 459 1462
1137 1062 1346
342 1525 287
371 111 1179
1578 371 1951
1051 445 1373
1925 1029 718
518 682 297
126 452 174
1009 1731 1167
8 1048 1173
237 1799 1773
1085 1030 1902
1271 945 300
1258 1002 1958
970 1553 758
942 294 267
1411 1831 1486
1345 449 1562
1283 1336 1224
1794 1112 1687
971 1831 1641
1859 1008 1939
1927 1904 1437
360 1569 49
1039 1937 1525
1258 786 190
903 145 982
191 1096 658
1370 798 344
1471 23 1482
549 503 1616
948 969 1929
45 46 1539
1060 564 1952
1451 1551 1300
90 702 1597
592 1148 1885
1489 1877 1570
1699 1816 1122
1220 74 1735
118 318 453
1189 1849 935
1290 1513 748
1585 93 1911
1779 763 1941
619 1751 859
1776 1216 1002
1869 1943 161
25 956 364
1408 377 1110
392 1817 1921
406 1245 421
271 572 330
1758 1612 1387
307 1668 1494
125 166 478
557 184 1756
56 1428 1716
1872 508 1241
1120 1836 185
1369 1246 269
442 1940 298
24 26 337
1496 1004 1706
449 1033 372
1153 708 529
1424 1284 391
428 893 830
378 920 1370
484 1108 431
203 558 774
593 1480 1779
1754 1143 1795
201 1047 910
923 1834 1519
132 243 1186
1802 1984 533
179 598 466
1910 1730 1269
134 128 996
1399 198 331
395 1607 615
1178 785 826
882 726 1724
1967 896 726
470 490 1598
1381 960 1903
1622 1902 1118
1058 390 209
171 1235 1091
1726 741 769
1179 173 607
180 84 586
