2000 2000
142 1 1998
980 1712 1499
423 1948 1000
1744 1167 1748
1787 533 1001
219 885 1500
524 902 1002
1130 1688 1873
989 651 1003
1229 80 1501
1931 1337 1004
581 744 1749
1378 1160 1005
952 1220 1502
285 393 1006
544 1613 1935
621 624 1007
1654 1499 1503
350 1746 1008
1997 998 1750
1412 411 1009
1937 630 1504
1477 370 1010
10 1348 1874
1823 1297 1011
1406 1837 1505
999 904 1012
1839 1135 1751
658 132 1013
1848 1674 1506
901 1146 1014
1177 1740 1966
593 1673 1015
117 305 1507
232 1324 1016
297 1725 1752
1365 1986 1017
1591 1926 1508
592 1113 1018
198 1046 1875
1049 1339 1019
808 1551 1509
357 445 1020
798 287 1753
515 1087 1021
628 331 1510
1078 1646 1022
1316 698 1936
272 66 1023
1877 1322 1511
1546 534 1024
898 30 1754
328 1629 1025
1841 1350 1512
210 1994 1026
137 1768 1876
1367 787 1027
1953 1906 1513
1465 1862 1028
136 1542 1755
1359 1323 1029
884 1383 1514
610 1965 1030
1205 1011 1982
246 723 1031
140 1930 1515
1869 1112 1032
1722 1222 1756
1263 826 1033
1238 1917 1516
1082 123 1034
1635 619 1877
1704 1876 1035
1037 641 1517
1077 17 1036
916 465 1757
482 1859 1037
564 913 1518
1379 1285 1038
622 1781 1937
1745 351 1039
1173 1086 1519
706 695 1040
1650 1769 1758
1719 1730 1041
21 141 1520
802 1217 1042
1990 12 1878
64 392 1043
1803 839 1521
1887 263 1044
764 1956 1759
1715 678 1045
1153 1219 1522
643 1509 1046
1772 679 1967
551 301 1048
638 1898 1523
71 1073 1049
1041 1864 1760
258 363 1050
146 1641 1524
595 1157 1051
1873 344 1879
1272 1132 1052
945 605 1525
1782 1594 1053
1418 115 1761
1915 1451 1054
1908 1983 1526
130 1778 1055
997 152 1938
145 1621 1056
114 1506 1527
665 83 1057
1824 90 1762
1816 1835 1058
271 217 1528
736 1982 1059
1420 1922 1880
1903 518 1060
1894 571 1529
220 662 1061
1258 1368 1763
74 349 1062
973 745 1530
956 120 1063
1901 921 1990
694 1393 1064
676 1301 1531
1036 1437 1065
451 400 1764
1164 859 1066
418 1987 1532
548 371 1067
664 1945 1881
646 755 1068
189 1010 1533
1576 1984 1069
633 810 1765
1943 73 1070
786 654 1534
1605 1117 1071
682 743 1939
201 942 1072
1060 1240 1535
1653 1457 1073
1256 82 1766
174 469 1074
1479 1203 1536
1658 914 1075
1707 1294 1882
1416 1199 1076
382 345 1537
669 1013 1077
961 714 1767
985 204 1078
1608 562 1538
1624 570 1079
742 1094 1968
865 1103 1080
1023 1245 1539
1687 447 1081
1176 1081 1768
62 1581 1082
1750 1096 1540
1794 1237 1083
1836 1773 1883
149 817 1084
190 1186 1541
704 1818 1085
384 116 1769
644 185 1086
457 1149 1542
895 680 1087
320 741 1940
1427 1001 1088
113 48 1543
1407 151 1089
1429 188 1770
1971 7 1090
1743 950 1544
894 1716 1091
1107 609 1884
792 1792 1092
1703 1372 1545
353 1030 1093
1857 789 1771
1690 1666 1094
1000 1728 1546
1531 1410 1095
238 1349 1983
1394 589 1096
1035 1163 1547
931 611 1097
429 1573 1772
324 634 1098
869 1950 1548
510 1274 1099
1287 2000 1885
1309 56 1100
560 224 1549
1351 194 1101
1187 637 1773
984 1111 1102
1565 1446 1550
725 1170 1103
981 836 1941
1026 1079 1104
550 1211 1551
505 487 1105
597 1855 1774
1949 1452 1106
521 958 1552
1985 598 1107
762 752 1886
261 1136 1108
1741 750 1553
1007 1419 1109
891 1538 1775
1260 1483 1110
1325 1184 1554
522 923 1111
1735 1693 1969
778 1575 1112
1858 1165 1555
1563 1606 1113
681 1806 1776
972 825 1114
1890 818 1556
1475 1209 1115
372 684 1887
1314 54 1116
1972 701 1557
455 1583 1117
738 1849 1777
1408 1313 1118
1213 18 1558
1169 1960 1119
897 1706 1942
1663 1264 1120
396 1919 1559
1808 629 1121
262 169 1778
407 254 1122
1032 974 1560
536 346 1123
1089 422 1888
1255 1830 1124
1292 55 1561
168 847 1125
1527 1589 1779
1622 223 1126
907 1434 1562
450 1578 1127
1417 1110 1994
239 1761 1128
1335 686 1563
525 1700 1129
8 1321 1780
184 1204 1130
289 1630 1564
1025 1503 1131
872 405 1889
1279 939 1132
214 603 1565
1071 481 1133
442 1844 1781
329 60 1134
1242 1596 1566
645 1905 1135
809 86 1943
338 775 1136
226 1966 1567
707 991 1137
747 446 1782
1717 277 1138
321 1469 1568
968 375 1139
574 845 1890
1570 1448 1140
969 899 1569
85 1251 1141
1069 1902 1783
887 433 1142
428 1449 1570
1426 1833 1143
1577 39 1970
368 889 1144
1946 591 1571
160 236 1145
1050 34 1784
1398 879 1146
6 183 1572
237 97 1147
235 1817 1891
1433 976 1148
604 1147 1573
1757 1191 1149
1579 1454 1785
419 227 1150
1353 1468 1574
1031 1033 1151
1059 1377 1944
538 1911 1152
1330 618 1575
572 1801 1153
1440 1775 1786
1846 492 1154
1701 854 1576
506 309 1155
476 1874 1892
1627 245 1156
1155 659 1577
441 1273 1157
364 1473 1787
1053 1057 1158
1788 1523 1578
556 1293 1159
1535 1090 1984
1756 566 1160
1020 4 1579
846 1875 1161
1655 835 1788
172 148 1162
347 1682 1580
1516 403 1163
1892 896 1893
322 1175 1164
1095 14 1581
996 1900 1165
965 759 1789
435 703 1166
182 873 1582
1944 1374 1167
486 977 1945
804 233 1168
763 1491 1583
1638 578 1169
739 162 1790
89 1414 1170
1329 626 1584
1404 1587 1171
406 529 1894
1999 1014 1172
1472 1609 1585
1485 438 1173
191 1545 1791
1616 1239 1174
1977 118 1586
1045 1432 1175
909 59 1971
31 1210 1176
1265 49 1587
1789 821 1177
1492 1214 1792
1779 797 1178
588 729 1588
99 910 1179
391 1043 1895
1438 929 1180
1759 291 1589
231 925 1181
1098 335 1793
1981 844 1182
1341 361 1590
102 348 1183
1459 816 1946
1352 1652 1184
1431 1171 1591
317 1825 1185
1662 1785 1794
477 547 1186
613 1520 1592
1558 1464 1187
888 1235 1896
1 1305 1999
1017 1533 1188
175 208 1593
1159 1867 1189
1640 456 1795
216 785 1190
1027 862 1594
1102 1424 1191
398 934 1991
555 378 1192
165 864 1595
1899 767 1193
167 222 1796
283 491 1194
1334 1269 1596
1392 876 1195
947 158 1897
1462 516 1196
1370 129 1597
1493 343 1197
255 267 1797
1399 1241 1198
1246 121 1598
1521 1765 1199
197 1729 1947
640 196 1200
507 1672 1599
414 1498 1201
260 1231 1798
1865 941 1202
920 1822 1600
282 155 1203
1597 716 1898
1963 911 1204
1232 1384 1601
1354 448 1205
1100 1938 1799
1907 936 1206
209 577 1602
1935 1487 1207
1403 125 1972
1411 32 1208
24 1647 1603
1827 1961 1209
807 982 1800
468 1158 1210
1055 1143 1604
702 1215 1211
937 858 1899
675 728 1212
1896 616 1605
1951 416 1213
490 812 1801
1303 399 1214
735 110 1606
1620 449 1215
215 1667 1948
420 720 1216
1979 1281 1607
16 380 1217
1978 229 1802
849 557 1218
531 1197 1608
157 279 1219
1243 540 1900
1221 1668 1220
46 483 1609
395 1826 1221
908 1084 1803
740 710 1222
918 1933 1610
1807 777 1223
154 1678 1985
962 886 1224
176 503 1611
1615 440 1225
1430 790 1804
1974 207 1226
390 1290 1612
508 1333 1227
882 892 1901
1326 915 1228
159 1061 1613
1612 1174 1229
1056 1554 1805
454 509 1230
253 1381 1614
458 1962 1231
1665 1996 1949
131 1338 1232
930 75 1615
827 1168 1233
1809 266 1806
179 316 1234
567 171 1616
1751 1920 1235
1776 1382 1902
1532 768 1236
1889 69 1617
1233 284 1237
1504 1386 1807
639 276 1238
1710 383 1618
1227 1439 1239
983 425 1973
1681 1006 1240
341 1720 1619
91 178 1241
1524 1780 1808
1932 599 1242
50 1463 1620
1369 1318 1243
1268 927 1903
1266 1708 1244
461 1795 1621
319 1070 1245
1195 1040 1809
1495 96 1246
1777 193 1622
1584 126 1247
1513 1442 1950
1561 672 1248
749 1343 1623
387 1564 1249
92 105 1810
627 218 1250
932 1080 1624
1127 1856 1251
687 683 1904
806 769 1252
709 1277 1625
765 848 1253
1691 526 1811
330 1995 1254
25 63 1626
299 464 1255
1569 1847 1996
1632 520 1256
803 352 1627
1957 558 1257
58 312 1812
1476 992 1258
1182 484 1628
20 1450 1259
1918 1253 1905
1304 106 1260
987 1065 1629
1659 780 1261
1004 1183 1813
473 511 1262
850 1134 1630
1683 761 1263
612 1018 1951
1052 1385 1264
247 1790 1631
1131 1631 1265
1929 1675 1814
1391 975 1266
1878 781 1632
1467 374 1267
112 1754 1906
852 1651 1268
1109 912 1633
1124 842 1269
1267 1458 1815
953 586 1270
1072 379 1634
1201 861 1271
1566 1413 1974
1244 837 1272
1484 1344 1635
135 1172 1273
656 280 1816
924 650 1274
474 386 1636
788 93 1275
1904 1207 1907
26 475 1276
13 1068 1637
1742 47 1277
1947 1455 1817
1302 1852 1278
1120 1421 1638
1536 173 1279
1188 617 1952
1539 355 1280
36 1727 1639
340 1108 1281
292 1218 1818
1312 1319 1282
957 315 1640
417 1548 1283
485 661 1908
1522 542 1284
1490 851 1641
1976 1296 1285
1755 737 1819
690 1307 1286
554 385 1642
1726 1508 1287
29 649 1986
1941 412 1288
1747 1732 1643
1771 1125 1289
731 1198 1820
1815 1604 1290
1870 1375 1644
1671 1066 1291
311 1628 1909
1866 5 1292
1980 1291 1645
632 1718 1293
751 1893 1821
256 1805 1294
1885 1223 1646
1500 979 1295
552 636 1953
1496 1752 1296
1802 948 1647
1012 963 1297
459 1270 1822
1482 700 1298
537 11 1648
359 409 1299
1685 1633 1910
211 307 1300
1058 1067 1649
1276 1661 1301
1038 594 1823
1850 1119 1302
296 1910 1650
415 1497 1303
833 1601 1975
513 45 1304
202 857 1651
954 78 1305
1764 1340 1824
1853 1076 1306
274 306 1652
35 1964 1307
1614 1162 1911
356 814 1308
88 259 1653
1489 111 1309
225 212 1825
1676 783 1310
940 1306 1654
655 1181 1311
1519 668 1954
1939 334 1312
819 1618 1655
313 1637 1313
1695 1320 1826
15 652 1314
1008 966 1656
711 949 1315
1586 1854 1912
946 838 1316
323 1093 1657
1992 1553 1317
756 1600 1827
1796 1593 1318
1141 841 1658
81 689 1319
1804 608 1992
1758 575 1320
1085 1748 1659
1590 1550 1321
1872 732 1828
1029 917 1322
119 1280 1660
354 1088 1323
866 1308 1913
1537 104 1324
1101 514 1661
288 824 1325
1793 1694 1829
250 1445 1326
691 443 1662
53 1552 1327
601 1262 1955
1547 1481 1328
584 776 1663
573 811 1329
1820 1471 1830
1812 1763 1330
1557 1895 1664
1559 1845 1331
1923 1798 1914
1529 713 1332
1626 801 1665
1724 1677 1333
1821 314 1831
1530 1955 1334
1252 1212 1666
840 1686 1335
1138 576 1976
1791 1657 1336
1582 727 1667
122 1571 1337
1783 1105 1832
868 401 1338
1435 128 1668
22 585 1339
971 95 1915
1208 517 1340
426 724 1669
327 583 1341
206 1415 1833
919 1940 1342
1447 1699 1670
1034 170 1343
1054 139 1956
1118 772 1344
815 607 1671
150 699 1345
33 1376 1834
1511 648 1346
1891 813 1672
1478 326 1347
528 1884 1916
590 890 1348
466 774 1673
1528 642 1349
463 1400 1835
1380 657 1350
878 500 1674
1598 1656 1351
98 76 1987
1083 402 1352
77 1507 1675
1361 1881 1353
1568 462 1836
1762 1144 1354
138 906 1676
667 278 1355
365 300 1917
1405 705 1356
1261 437 1677
666 1409 1357
834 427 1837
1099 753 1358
1387 1556 1678
1259 1860 1359
829 719 1957
1271 1934 1360
1959 1797 1679
569 1642 1361
1288 265 1838
1828 782 1362
893 134 1680
1282 715 1363
935 1332 1918
1360 1317 1364
1702 663 1681
1749 830 1365
1603 37 1839
1015 880 1366
366 1829 1682
61 1358 1367
1123 1738 1977
460 1139 1368
1882 1362 1683
1634 1299 1369
1388 696 1840
549 19 1370
760 1942 1684
970 1150 1371
1909 708 1919
1713 1643 1372
290 434 1685
1714 144 1373
1347 1480 1841
1064 1705 1374
1364 1179 1686
1709 127 1375
1928 234 1958
221 1224 1376
856 1097 1687
467 333 1377
1443 1861 1842
1373 1048 1378
444 244 1688
1697 318 1379
1202 995 1920
784 960 1380
1753 990 1689
1137 195 1381
1192 94 1843
1574 959 1382
1927 855 1690
286 1838 1383
1019 933 1995
257 1549 1384
304 1515 1691
1925 828 1385
494 1390 1844
389 805 1386
439 800 1692
1005 298 1387
1592 685 1921
539 472 1388
360 241 1693
1585 1328 1389
770 1680 1845
1644 243 1390
177 1886 1694
1039 1193 1391
251 293 1959
688 452 1392
1800 40 1695
41 101 1393
1075 199 1846
530 228 1394
757 1363 1696
502 1973 1395
600 294 1922
1283 545 1396
325 376 1697
1460 758 1397
1888 471 1847
1298 1588 1398
1428 38 1698
70 181 1399
1166 863 1978
1733 1444 1400
100 501 1699
1022 748 1401
133 394 1848
568 1234 1402
1024 143 1700
1924 1257 1403
295 1140 1923
1967 967 1404
602 1016 1701
310 1723 1405
1122 1422 1849
523 1913 1406
1129 1832 1702
432 1470 1407
203 1851 1960
1799 1505 1408
480 108 1703
186 579 1409
1786 565 1850
478 1044 1410
1645 635 1704
587 877 1411
1599 268 1924
1607 1355 1412
1868 1698 1705
1639 881 1413
1518 1921 1851
1731 1843 1414
1737 1389 1706
795 733 1415
1154 273 1988
156 1784 1416
1121 535 1707
413 107 1417
1739 791 1852
726 1401 1418
871 192 1708
660 493 1419
596 1648 1925
44 773 1420
1397 431 1709
1993 1842 1421
381 1572 1853
928 670 1422
938 27 1710
1156 249 1423
1161 988 1961
875 377 1424
512 712 1711
746 1196 1425
79 308 1854
1669 905 1426
1315 1062 1712
625 1813 1427
900 1760 1926
1883 1526 1428
87 42 1713
164 1998 1429
1028 1357 1855
1958 1610 1430
153 779 1714
1684 1402 1431
369 1356 1979
1047 615 1432
1009 1534 1715
1216 1880 1433
23 1278 1856
1834 269 1434
693 28 1716
1142 1512 1435
926 771 1927
342 553 1436
623 1649 1717
1914 943 1437
1486 1310 1857
1811 404 1438
674 9 1718
1342 1595 1439
1423 1766 1962
1814 68 1440
1562 1544 1719
103 1670 1441
1249 1660 1858
1228 796 1442
697 252 1720
470 1311 1443
944 1567 1928
200 822 1444
1689 1664 1721
1133 1254 1445
1042 1810 1859
1345 614 1446
860 853 1722
1879 1617 1447
1145 488 1993
582 358 1448
1912 1711 1723
57 281 1449
580 717 1860
1346 793 1450
823 1560 1724
1514 1331 1451
1456 1148 1929
718 754 1452
124 1969 1725
1696 1541 1453
730 766 1861
1395 332 1454
1114 541 1726
1871 1021 1455
72 722 1963
527 1289 1456
1104 653 1727
1092 1510 1457
1295 430 1862
1721 213 1458
65 519 1728
1230 734 1459
147 1525 1930
721 1051 1460
1991 397 1729
1178 1636 1461
1831 903 1863
1770 302 1462
1185 1247 1730
799 1194 1463
453 161 1980
479 843 1464
163 388 1731
1952 1863 1465
677 496 1864
559 1327 1466
1200 867 1732
1767 1284 1467
303 1336 1931
109 1501 1468
1968 994 1733
1091 504 1469
1248 1152 1865
275 964 1470
410 166 1734
187 1736 1471
1602 1366 1964
1441 820 1472
606 1461 1735
1580 671 1473
543 1540 1866
620 240 1474
1555 1128 1736
1436 499 1475
1250 1151 1932
1897 546 1476
51 1003 1737
1225 955 1477
373 337 1867
436 631 1478
986 1275 1738
1466 339 1479
1126 532 1989
673 1936 1480
1988 1226 1739
1692 1954 1481
951 647 1868
1002 495 1482
1543 248 1740
1453 870 1483
1474 362 1933
67 831 1484
489 1840 1741
1623 205 1485
1236 52 1869
794 408 1486
1975 1488 1742
1774 180 1487
367 242 1965
84 563 1488
43 1074 1743
1396 1180 1489
874 1517 1870
1190 1970 1490
1300 883 1744
1679 1494 1491
922 692 1934
832 1916 1492
1063 230 1745
1625 1425 1493
1619 1116 1871
561 1734 1494
421 1819 1746
424 1989 1495
1115 1611 1981
1371 1106 1496
978 336 1747
264 993 1497
497 498 1872
1502 1286 1498
980 142 2000
1744 1948 3
885 1787 5
1688 524 7
651 1229 9
744 1337 11
1220 1160 13
544 285 15
621 1654 17
1746 1997 19
1412 630 21
10 1477 23
1837 1297 25
1839 904 27
132 1848 29
1177 1146 31
593 305 33
232 1725 35
1926 1986 37
198 1113 39
1551 1339 41
287 357 43
331 1087 45
698 1646 47
1322 272 49
1546 30 51
1841 328 53
210 137 55
787 1953 57
136 1862 59
884 1359 61
1965 1011 63
723 1930 65
1112 1722 67
1263 1917 69
1082 1635 71
1876 1037 73
916 17 75
1859 564 77
622 1285 79
1745 1173 81
1650 706 83
1719 141 85
1990 1217 87
839 64 89
1956 263 91
1153 678 93
1509 1772 95
270 1 1997
1898 301 97
1041 1073 99
146 363 101
344 1157 103
1132 945 105
1782 1418 107
1983 1915 109
152 130 111
145 114 113
90 665 115
1835 217 117
736 1922 119
1894 1903 121
1258 662 123
349 973 125
956 921 127
676 1393 129
1036 451 131
418 859 133
548 664 135
646 189 137
810 1984 139
73 654 141
1605 743 143
201 1060 145
1653 82 147
1479 174 149
1707 1658 151
1199 345 153
669 714 155
562 204 157
1624 742 159
865 1245 161
1687 1081 163
62 1096 165
1237 1836 167
190 149 169
1818 116 171
457 644 173
895 741 175
48 1001 177
151 188 179
950 7 181
1107 894 183
792 1703 185
353 789 187
1728 1690 189
238 1531 191
589 1035 193
611 1573 195
324 1950 197
1287 1274 199
1309 560 201
194 1187 203
1565 1111 205
981 1170 207
1211 1079 209
487 597 211
958 1452 213
1985 752 215
1741 261 217
891 1007 219
1483 1325 221
1735 522 223
1858 1575 225
1563 1806 227
1890 825 229
1209 372 231
1972 1314 233
455 1849 235
1213 1408 237
1706 1960 239
1663 396 241
629 262 243
1032 254 245
346 1089 247
1255 55 249
847 1527 251
1622 1434 253
450 1110 255
239 686 257
525 8 259
1204 1630 261
1503 405 263
939 214 265
1844 481 267
1596 60 269
1905 86 271
338 1966 273
991 446 275
1717 1469 277
574 375 279
899 1448 281
1251 1069 283
887 428 285
39 1426 287
368 591 289
160 34 291
183 879 293
1817 237 295
976 604 297
1454 1757 299
419 1353 301
1031 1377 303
1330 538 305
572 1440 307
492 1701 309
1874 506 311
1155 1627 313
364 441 315
1057 1523 317
1090 1293 319
566 1020 321
1875 1655 323
172 347 325
403 896 327
1095 322 329
965 996 331
703 182 333
1944 486 335
1491 233 337
162 1638 339
626 1414 341
529 1404 343
1999 1609 345
438 1545 347
1977 1616 349
909 1432 351
1265 1210 353
1214 821 355
1779 588 357
99 391 359
291 929 361
231 1098 363
361 1981 365
348 816 367
1652 1171 369
1662 317 371
613 477 373
1464 1235 375
208 1533 378
456 1867 380
1027 216 382
1424 398 384
864 378 386
767 167 388
283 1334 390
876 947 392
1462 129 394
255 1493 396
1246 1399 398
197 1521 400
507 196 402
414 1231 404
1822 941 406
1597 282 408
1384 911 410
1354 1938 412
1907 577 414
1935 125 416
24 1411 418
807 1961 420
1055 468 422
937 1215 424
728 1896 426
1951 490 428
110 399 430
215 1620 432
1979 420 434
380 229 436
1197 557 438
1243 279 440
1668 483 442
908 1826 444
740 918 446
777 154 448
503 886 450
1430 1615 452
1290 207 454
508 882 456
915 159 458
1612 1554 460
509 1381 462
1665 1962 464
1338 930 466
1168 1809 468
179 171 470
1776 1751 472
768 1889 474
1504 1233 476
276 383 478
1227 425 480
1681 1720 482
178 1524 484
50 599 486
1318 1268 488
461 1708 490
1040 319 492
1495 193 494
1442 1584 496
749 1561 498
387 92 500
1080 627 502
683 1127 504
1277 769 506
1691 848 508
63 1995 510
299 1847 512
352 520 514
58 1957 516
1182 1476 518
1918 20 520
987 106 522
1004 780 524
1134 473 526
1683 1018 528
1385 1790 530
1131 1675 532
975 1878 534
1754 1467 536
852 912 538
1124 1267 540
953 1072 542
861 1413 544
1344 1244 546
280 135 548
474 650 550
93 1207 552
13 475 554
1455 47 556
1302 1120 558
173 1188 560
1539 1727 562
340 292 564
1319 957 566
417 661 568
542 851 570
1755 1976 572
554 1307 574
1508 649 576
1941 1732 578
1771 731 580
1604 1375 582
1066 311 584
1866 1980 586
632 1893 588
1885 1805 590
979 636 592
1802 1496 594
1012 1270 596
700 11 598
1685 409 600
1058 307 602
1661 594 604
1119 296 606
1601 1497 608
857 45 610
78 1764 612
274 1853 614
1614 35 616
259 356 618
1489 212 620
1676 1306 622
668 655 624
334 819 626
1320 313 628
1008 652 630
1854 949 632
1093 838 634
1992 756 636
1796 841 638
689 1804 640
1085 575 642
1590 732 644
1280 1029 646
866 1088 648
514 104 650
1793 824 652
443 250 654
601 1552 656
1481 776 658
1471 811 660
1895 1812 662
1559 1798 664
713 1626 666
314 1724 668
1212 1955 670
1686 1138 672
1791 727 674
1783 1571 676
868 1435 678
585 95 680
426 1208 682
206 327 684
1447 919 686
170 139 688
1118 607 690
150 1376 692
813 1511 694
1884 1478 696
890 774 698
1400 1528 700
500 657 702
1656 76 704
1507 402 706
462 1361 708
1762 138 710
667 300 712
437 1405 714
427 666 716
753 1556 718
719 1259 720
1959 1934 722
265 1642 724
1828 893 726
715 1332 728
663 1360 730
1749 37 732
880 366 734
1738 1358 736
1882 460 738
1299 1388 740
19 760 742
970 1909 744
1643 290 746
1714 1480 748
1705 1179 750
1709 234 752
1097 1224 754
467 1443 756
1048 244 758
318 1202 760
960 990 762
1137 1192 764
855 959 766
1019 286 768
1515 1549 770
1390 1925 772
800 389 774
1005 1592 776
241 472 778
1680 1328 780
1644 1886 782
251 1193 784
1800 452 786
199 101 788
530 757 790
600 502 792
545 376 794
1888 758 796
38 1298 798
181 1166 800
1733 100 802
1022 394 804
143 568 806
295 1924 808
602 967 810
1723 1122 812
1129 1913 814
432 1851 816
480 1799 818
186 565 820
1645 1044 822
268 877 824
1698 1355 826
1921 1639 828
1737 1731 830
733 1154 832
1784 535 834
413 791 836
871 726 838
1648 493 840
1397 44 842
1842 1572 844
27 928 846
249 1161 848
712 377 850
746 308 852
1669 1062 854
625 1760 856
1526 87 858
164 1028 860
779 1958 862
1356 1402 864
1534 615 866
1880 23 868
693 1834 870
926 1142 872
553 623 874
943 1486 876
404 674 878
1766 1595 880
1814 1544 882
103 1660 884
1228 697 886
1311 944 888
200 1689 890
1254 1810 892
853 1345 894
1145 1617 896
1912 358 898
57 717 900
1346 1560 902
1331 1456 904
1969 718 906
766 1696 908
541 1395 910
722 1021 912
527 653 914
1092 430 916
65 213 918
1525 734 920
1051 1991 922
1636 1831 924
1770 1185 926
161 1194 928
479 163 930
677 1952 932
559 1200 934
1336 1284 936
994 1501 938
1091 1248 940
275 410 942
187 1602 944
606 1441 946
1580 543 948
620 1128 950
499 1250 952
1897 51 954
955 373 956
631 1275 958
1126 1466 960
1226 673 962
647 1954 964
248 1002 966
362 870 968
1840 67 970
52 205 972
794 1488 974
242 1774 976
563 1074 978
874 1180 980
1300 1190 982
922 1679 984
832 1063 986
1619 1425 988
421 561 990
1611 424 992
336 1106 994
993 497 996
2 1502 998
1712 423 2
902 219 6
1931 80 10
393 952 14
1499 350 18
370 1937 22
999 1406 26
1674 901 30
117 1324 34
1591 592 38
445 808 42
628 1078 46
1877 534 50
1350 1994 54
1465 1906 58
610 1383 62
1869 140 66
123 1238 70
1077 641 74
913 1379 78
1086 695 82
21 802 86
1803 1887 90
1219 643 94
71 638 98
595 1641 102
1594 605 106
1908 1778 110
83 1506 114
271 1982 118
220 571 122
745 120 126
1301 1437 130
371 1987 134
1576 1010 138
786 1117 142
1457 1240 146
1203 914 150
1013 382 154
570 1608 158
1023 447 162
1750 1794 166
704 1186 170
680 1149 174
1407 113 178
1716 1743 182
1030 1372 186
1410 1000 190
931 1163 194
510 869 198
224 1351 202
1446 725 206
505 550 210
521 598 214
750 1419 218
1184 923 222
1165 1606 226
1475 818 230
1583 701 234
1169 18 238
1808 1919 242
536 974 246
1292 168 250
1578 907 254
1335 1700 258
1025 289 262
603 1071 266
1242 645 270
707 226 274
968 321 278
85 969 282
1449 1833 286
1946 236 290
97 6 294
1191 1147 298
1033 1468 302
1801 618 306
854 309 310
659 1273 314
1788 556 318
846 4 322
1516 1682 326
1900 14 330
873 1374 334
763 578 338
1329 1587 342
1472 1485 346
1045 118 350
49 1789 354
729 910 358
1759 925 362
1341 102 366
1825 1431 370
1558 1520 374
1159 175 379
1102 862 383
1899 165 387
1269 1392 391
1370 343 395
1765 121 399
1498 1672 403
155 920 407
1232 448 411
209 1487 415
1827 1647 419
1143 702 423
416 616 427
449 735 431
16 1281 435
531 157 439
46 395 443
1807 1933 447
176 440 451
390 1333 455
1174 1061 459
458 253 463
827 75 467
1920 567 471
284 69 475
1710 1439 479
91 341 483
1369 1463 487
1070 1795 491
1777 126 495
1564 1343 499
932 1856 503
709 765 507
464 25 511
803 558 515
484 1450 519
1065 1659 523
850 761 527
247 1631 531
781 374 535
1109 842 539
379 1201 543
1172 1484 547
386 788 551
1742 1068 555
1421 1536 559
36 1108 563
315 1548 567
1490 1296 571
385 1726 575
1747 1125 579
1671 1870 583
1718 1291 587
1223 1500 591
948 963 595
537 359 599
1276 1067 603
415 1910 607
954 202 611
1964 306 615
88 111 619
1181 940 623
1637 1618 627
711 966 631
323 1553 635
1141 81 639
1550 1748 643
119 354 647
288 1101 651
691 53 655
573 584 659
1845 1557 663
801 1677 667
840 1252 671
122 1582 675
128 22 679
583 724 683
1034 1699 687
699 815 691
1891 326 695
642 466 699
1598 878 703
1881 77 707
906 278 711
1261 1409 715
1860 1387 719
1797 569 723
1282 134 727
1702 830 731
1829 61 735
1362 1634 739
1942 1150 743
144 434 747
1364 127 751
856 333 755
444 1697 759
1753 195 763
1927 1838 767
828 304 771
298 439 775
360 1585 779
1039 177 783
41 40 787
1363 1973 791
325 1460 795
1428 70 799
748 501 803
1024 1257 807
310 1016 811
1832 1470 815
579 108 819
587 635 823
1868 881 827
795 1389 831
107 1121 835
192 660 839
431 1993 843
1156 938 847
512 1196 851
1315 1813 855
1998 42 859
1684 153 863
1216 1009 867
28 1512 871
1649 1914 875
9 1342 879
1670 1562 883
252 470 887
1664 1133 891
1879 860 895
1711 281 899
823 1514 903
1541 124 907
1871 1114 911
1510 1104 915
519 1230 919
1178 397 923
799 1247 927
1863 388 931
867 1767 935
1968 504 939
1736 166 943
671 1461 947
1555 1436 951
1003 1225 955
986 339 959
1988 1692 963
1543 1453 967
489 1623 971
1975 180 975
43 1396 979
883 1494 983
1625 230 987
1989 1819 991
264 978 995
533 1167 4
1378 581 12
411 998 20
658 1135 28
1365 297 36
515 798 44
898 1629 52
1542 1323 60
826 1222 68
482 465 76
1769 1730 84
764 1715 92
258 1864 100
115 1451 108
1824 1816 116
74 1368 124
1164 400 132
1943 633 140
469 1256 148
961 985 156
1176 1581 164
185 384 172
1971 1429 180
1857 1666 188
634 429 196
984 637 204
1949 1855 212
1538 1260 220
972 681 228
738 1313 236
169 407 244
1589 223 252
1321 184 260
442 329 268
277 747 276
433 1902 284
1050 1398 292
1579 227 300
1846 1775 308
1053 1473 316
835 148 324
435 759 332
739 89 340
1239 191 348
797 1492 356
335 844 364
547 1785 372
1640 785 381
222 491 389
267 1241 397
260 1865 405
936 1100 413
1158 982 421
1303 812 429
849 1978 437
710 1084 445
1974 790 453
454 1056 461
316 266 469
639 1386 477
1780 1932 485
1195 96 493
105 218 501
330 526 509
992 312 517
1183 511 525
1929 1391 533
1458 586 541
656 924 549
1947 1852 557
1312 1218 565
690 737 573
1815 1198 581
751 256 589
459 1482 597
1038 1850 605
1076 1340 613
225 783 621
1695 15 629
1593 1600 637
1872 917 645
1445 1694 653
1763 1820 661
1530 1821 669
1105 401 677
1415 1940 685
648 33 693
1380 463 701
1568 1144 709
1099 834 717
1288 782 725
1603 1015 733
549 696 741
1347 1064 749
1373 1861 757
1574 94 765
805 494 773
243 770 781
1075 228 789
471 1588 797
133 1234 805
523 1422 813
478 1786 821
1518 1843 829
1401 1739 837
381 670 845
905 79 853
1610 1357 861
269 1278 869
1811 1310 877
796 1249 885
1042 614 893
580 793 901
332 730 909
1721 1295 917
903 302 925
496 1327 933
964 1152 941
1540 240 949
337 436 957
495 951 965
408 1236 973
1970 1517 981
1116 1734 989
498 1286 997
1130 989 8
1348 1823 24
1049 1046 40
1367 1768 56
1704 619 72
392 12 88
1272 1873 104
1420 518 120
755 1945 136
1294 1416 152
1773 817 168
1792 609 184
56 2000 200
1136 762 216
54 684 232
1830 422 248
1279 872 264
1570 845 280
235 1433 296
476 245 312
1175 1892 328
406 1014 344
1043 1438 360
888 1017 376
158 516 393
716 1963 409
858 675 425
1221 540 441
892 1326 457
1532 1382 473
927 1266 489
687 806 505
1304 1253 521
1651 112 537
26 1904 553
485 1522 569
1628 5 585
1633 211 601
814 1162 617
946 1586 633
1308 1537 649
1923 1529 665
971 517 681
590 528 697
705 365 713
1317 935 729
708 1713 745
995 784 761
685 539 777
1283 294 793
1967 1140 809
1607 1599 825
596 773 841
1883 900 857
771 342 873
1567 822 889
1148 754 905
721 147 921
303 109 937
546 1151 953
1474 831 969
692 1916 985
624 1613 16
1316 66 48
351 1781 80
1621 997 112
682 942 144
1427 320 176
1026 836 208
897 1264 240
809 775 272
1059 1911 304
804 977 336
1352 1459 368
640 1729 401
1667 720 433
1996 131 465
672 1513 497
612 1052 529
617 355 561
552 1752 593
1519 1939 625
1547 1262 657
1054 772 689
1271 829 721
221 1928 753
688 293 785
1505 203 817
988 875 849
68 1423 881
1289 72 913
820 1366 945
84 367 977
1673 1740 32
679 551 96
1094 1103 160
1693 778 224
1577 889 288
59 31 352
32 1403 417
983 1006 481
837 1566 545
833 513 609
576 1657 673
1123 1139 737
863 1444 801
369 1047 865
453 843 929
1115 1371 993
1205 246 64
1394 1349 192
1756 1535 320
1678 962 449
412 29 577
1083 98 705
273 156 833
1936 532 961
694 1901 128
934 555 385
608 1758 641
582 488 897
1417 1761 256
257 933 769
1569 1632 513
1206 1 1047
3 1206 1
1189 1 377
1189 3 999
