2000 2000
1561 1332 352
763 1762 1776
1488 621 1429
1915 887 16
1361 1191 593
702 146 1548
1899 1894 1954
1944 1915 1456
441 428 555
591 1411 1623
1767 1943 806
898 1439 926
1446 697 1534
1832 688 1806
40 1148 937
1727 1795 4
92 496 1049
1921 697 463
348 1071 1785
1262 1730 927
1850 1148 1338
400 1894 587
186 852 1491
1693 1228 576
621 862 643
1405 1613 1798
386 439 692
50 1331 1388
546 1208 977
1026 591 1032
212 92 578
927 1730 1585
566 1389 298
697 100 942
428 225 1364
1116 591 430
1848 1730 1955
470 1148 1667
769 306 100
1191 457 551
723 806 1193
306 903 1172
1238 621 1749
1328 306 1411
1613 885 590
1753 344 1327
1730 252 1169
132 982 448
1994 804 1879
273 348 250
522 1786 82
1191 413 1128
1389 316 739
1144 1287 398
1182 775 1140
1316 92 827
1537 367 1121
1208 1774 1468
1307 1486 338
1745 139 732
1894 343 1332
1334 101 1872
1182 1523 751
119 730 552
579 1537 591
449 442 509
1968 1332 1810
1228 500 89
1901 621 835
1208 47 666
1537 586 1075
1922 1730 1219
1666 1332 633
143 1307 257
1191 1018 1651
306 824 521
1288 1307 282
1334 864 1162
386 269 1335
524 898 833
1015 852 1592
1272 804 51
1821 132 226
306 581 995
1208 118 1355
1753 792 649
749 1894 417
624 1762 757
1347 1294 68
428 1342 911
693 852 907
621 1431 1917
1428 591 187
591 1 1525
1842 778 1437
449 150 828
697 1340 285
621 1 340
804 734 1392
645 172 39
910 778 1601
230 1208 1110
1206 449 367
1 1307 676
1208 1857 1096
246 697 715
428 498 1600
852 851 211
1468 1182 1415
522 585 286
1085 1182 594
1331 839 677
1916 119 1705
1537 966 1022
1235 778 1849
1247 1628 421
340 1795 1979
1294 746 427
1331 1366 884
806 1438 302
1767 60 1277
806 1512 1695
1191 182 1115
199 1294 297
1407 1228 1532
348 1007 1984
1730 274 848
169 1537 1261
310 306 406
1291 697 1537
1421 804 1878
1048 697 1317
1572 1389 1066
1208 1562 1016
898 1959 1462
778 1490 1782
806 985 1772
359 1332 1701
736 1331 621
1105 1228 836
119 1489 586
697 403 545
1199 132 1629
1499 1795 1489
1375 306 1994
553 1228 1952
386 1889 957
191 522 1839
105 1987 1934
1753 1923 1547
1144 358 560
591 1504 1889
1613 205 690
139 1113 840
1753 1875 1745
54 139 1013
688 949 505
1 1208 1487
1753 1233 909
1753 1436 1240
1767 1680 834
1546 591 1304
1660 1191 359
1808 1894 1266
770 697 1182
428 206 1494
1294 647 1886
688 1971 1675
804 267 236
1762 963 669
1537 508 1031
718 1915 887
617 1144 1418
1228 1257 1052
1148 301 337
456 688 1662
806 97 1728
119 1873 1582
1156 697 1354
1915 1146 1929
645 692 1310
386 1322 775
1663 1148 1278
449 866 628
1767 1 701
778 950 1122
139 924 93
1166 1613 1375
1249 386 1352
213 1226 550
1753 687 1084
1894 379 1985
1767 121 1864
1208 1692 1247
840 1389 616
278 1228 426
702 1418 1963
1537 1281 662
702 313 754
1753 113 1756
645 1777 259
1937 778 1321
650 1294 1762
1389 336 1899
1228 234 993
1332 831 1420
573 522 1688
1332 1925 1438
1298 1182 1171
1358 1389 1194
1947 1191 108
414 1334 1221
1593 688 453
999 139 986
1915 1575 808
1294 735 1657
1719 1191 381
1697 119 698
806 1677 1276
1730 744 1216
522 1303 1900
1 1894 749
472 697 499
1537 1910 1011
428 938 978
1648 1613 83
859 1148 1254
428 1804 433
1228 1406 423
386 648 290
1389 377 1087
431 1307 461
700 898 938
591 626 1180
1012 1894 372
1762 1412 169
1730 1050 598
1294 841 1818
1191 157 317
852 1983 1225
1123 132 599
697 629 1678
1111 428 1336
591 1600 1544
1940 1182 1787
778 389 1343
1878 306 1250
228 119 1249
621 886 1658
1537 1996 50
216 1762 1091
1252 1208 403
554 1332 1968
119 1973 1535
1753 1833 1976
348 247 1493
1378 1331 74
852 1866 1296
306 609 201
1331 1567 1804
1087 522 1417
1864 428 1652
645 1498 1155
384 1537 467
697 1589 1659
1380 1191 1512
778 578 1999
697 915 559
702 1164 1365
1402 1226 721
139 817 1151
804 978 1931
852 972 831
1042 702 1648
1762 1193 1326
306 1232 405
31 806 1706
1389 240 1025
1787 1307 462
337 1228 1217
132 779 1333
1331 95 77
1208 721 350
1148 134 1348
522 1723 97
544 697 110
1226 423 1697
287 1247 1400
740 806 1198
1679 1537 230
852 76 1734
1526 1182 1554
1192 119 1179
1872 1144 1943
522 1799 952
386 634 472
1678 778 124
1673 1226 33
697 1201 1944
467 591 972
1182 612 553
119 1510 120
898 948 528
215 1762 905
179 898 1897
1584 1915 955
1307 1688 890
1226 173 1594
1537 1258 606
1126 1730 1028
130 591 1141
892 92 668
1 1294 709
1915 658 780
428 352 1942
738 645 321
852 1065 239
702 406 1760
1269 1613 1875
778 422 620
306 863 316
1148 1060 1008
306 1 862
702 865 1486
119 1669 1812
1762 1856 1502
806 1176 1267
353 393 1054
1226 1623 1920
1869 1332 1987
1052 1730 368
1894 114 963
1148 1684 1058
445 1331 1376
1568 806 1536
1560 1389 1007
259 1894 175
727 1331 59
1410 1307 1158
1730 1 98
1117 1228 360
1362 1332 1290
156 119 357
1915 1205 1733
1289 449 1867
1730 1728 650
1417 1148 1711
386 421 727
1331 989 527
621 1807 283
651 1753 1971
1961 1753 1
1309 386 613
424 1191 529
1853 621 544
591 630 1904
1332 1862 343
119 1516 1504
1818 92 163
1161 1294 341
1148 1949 452
223 386 1873
522 1102 1793
207 1753 898
1519 1613 855
132 597 1809
393 1437 103
621 890 331
63 393 1453
1389 1475 1557
92 433 1124
625 1144 235
702 1068 1888
698 1795 928
1950 306 1575
1767 946 659
1613 331 539
348 1881 1284
1470 1334 961
132 192 435
92 1302 217
86 1307 438
1285 1148 1722
127 348 1988
519 1191 1390
645 485 738
970 1332 984
105 3 685
898 1926 1397
92 1591 1499
621 312 1101
140 92 1843
428 152 922
149 1307 1380
621 715 1754
623 697 508
1764 348 1992
1894 1765 54
1191 1020 1395
393 488 547
202 1226 645
1144 1403 673
621 1400 252
15 1894 1863
645 714 276
1733 645 129
346 1894 595
1389 772 451
1960 645 1632
1894 900 1112
853 1144 1561
1805 1226 1147
1226 1802 982
1830 1762 1188
1989 1307 1201
522 1611 790
490 1148 87
1191 1549 756
645 1955 667
549 1537 737
1208 382 116
493 306 1898
1414 1294 229
1226 1372 1270
1332 1824 1079
1885 1247 196
778 1909 118
1894 786 1498
1508 778 1852
1331 1941 36
1537 1064 1331
437 348 1444
1904 645 228
1780 449 596
1933 1613 380
393 620 1553
1 645 1883
898 1595 382
919 449 872
1775 449 904
1767 847 449
645 889 1226
39 449 779
1667 804 1761
850 1247 1854
1762 1280 652
1307 1186 1505
1695 428 48
806 32 441
1975 1332 1105
1184 898 408
1633 393 361
145 348 213
1795 781 1099
1208 115 893
645 691 610
627 386 1229
75 522 863
591 1718 763
1299 522 511
898 107 232
1331 1002 279
116 139 18
799 898 1472
816 139 1694
1690 702 1360
348 1913 264
129 591 577
699 1753 1643
1894 1708 1958
449 976 672
1537 136 296
803 1334 1727
428 973 1006
1334 1219 1905
153 1228 953
591 672 1538
1874 1730 1288
1247 1355 1471
1274 1144 1440
1277 1182 1313
1334 1919 769
1332 1218 853
1730 1594 1263
778 58 1020
92 305 1850
1307 1713 512
1513 621 1264
512 1332 1927
386 1548 1881
732 348 1072
1478 1767 1910
572 92 1945
348 1586 1539
1226 1118 1540
2000 132 1427
702 222 1774
1047 1730 1713
937 139 223
921 1767 1820
807 697 1442
1766 1613 1279
462 139 1281
1389 652 1232
348 561 157
828 1730 1431
1332 385 867
1245 139 396
37 393 66
386 271 1768
1359 804 460
1331 628 487
697 475 1319
1740 393 1246
1345 1294 1770
1537 144 718
1613 965 572
449 879 949
1331 527 1050
688 1716 566
494 645 76
1915 166 1010
778 167 1835
1226 35 826
446 1762 1175
18 697 1941
1845 1307 349
830 1307 303
502 852 354
724 621 1524
778 882 1344
327 1753 879
1583 702 1001
778 922 1996
386 1852 1915
220 778 1265
637 1894 799
681 1226 1204
1915 601 377
1636 1537 789
1601 1247 1691
1196 1226 1103
1290 1247 631
1208 452 355
522 604 142
1757 306 1200
1107 449 400
702 1213 1610
1247 1867 1412
688 1614 190
884 92 40
806 1698 64
852 1672 301
656 1767 1613
132 1942 9
697 813 793
1157 1182 1410
1730 1459 1473
522 1200 268
1894 147 151
1753 434 705
1476 1226 629
348 1255 1980
1384 1762 733
1915 654 1696
348 6 520
1294 1770 723
1208 516 996
591 1851 770
132 1979 1596
1349 1767 1446
1915 1019 517
1341 386 1460
962 1767 1071
1338 1334 1576
1247 876 24
486 1331 468
1154 1191 31
1681 449 694
139 1517 1176
469 1228 814
345 1334 607
1474 393 1157
1767 339 1060
1444 591 960
1810 806 141
308 1148 22
428 1270 1907
1450 1148 821
1915 463 45
1180 386 65
1 1537 924
852 1676 5
713 852 111
1148 231 407
73 393 434
593 688 1368
1511 621 237
666 1613 241
417 1762 948
1753 1749 1669
506 393 883
139 407 1786
1148 614 1606
428 933 1998
1675 348 309
702 1647 582
1158 1915 1231
1861 449 647
306 1163 456
667 1730 1307
1533 119 1285
391 1537 353
896 1334 889
1762 564 980
124 1226 195
1730 43 758
852 291 730
697 1995 772
510 306 320
1307 1001 139
1173 1389 1295
1115 688 1584
366 1334 1094
99 1307 1757
1413 1795 1777
1762 491 1292
1839 393 184
1702 1389 562
688 521 1844
1823 1208 543
852 365 1880
119 1195 73
1247 224 958
348 1817 1337
239 92 1626
804 1576 768
296 898 1714
375 522 1167
1753 330 1119
300 1294 1351
1 1613 852
1225 1730 25
250 1613 679
688 1197 401
1762 297 1113
393 74 609
119 1571 1077
45 449 86
1518 1767 346
92 1 728
302 804 446
103 804 736
1638 1191 859
1 449 1574
1894 1296 703
428 790 688
782 804 1570
731 1730 376
1203 1 1661
595 1332 792
317 386 198
1172 591 951
1738 1144 1125
778 1640 1207
783 1247 70
428 798 419
386 780 312
444 804 170
92 1150 1062
1610 1331 1361
393 1344 471
671 1182 402
1460 428 702
428 217 796
1331 1 104
1109 591 112
1915 1 1755
102 1915 644
1182 1641 802
464 1331 921
1753 1103 1522
393 277 1833
1332 341 1138
348 1 388
1294 1318 880
1730 42 1233
1204 132 657
932 306 748
132 285 153
702 1907 1641
92 49 27
1795 1433 1604
1753 1306 579
1557 1613 1301
1730 158 1663
645 332 1866
1789 806 218
1228 402 1027
1217 132 1939
806 1 185
645 1390 674
1530 1144 656
8 1228 1923
279 1332 561
1795 1827 1646
1788 522 1092
325 621 1828
1 1228 313
1081 1334 1957
522 793 1771
1767 649 1043
1976 1795 1581
1932 132 1253
522 679 106
104 428 1974
1032 804 1689
348 1696 516
522 1 1222
1725 393 1719
1222 688 270
1871 139 815
1768 778 567
688 1005 1794
132 1194 1067
119 83 1286
92 1642 348
1 1191 651
306 1077 1196
1191 616 618
1917 1228 1374
591 1135 60
1559 804 564
1010 1148 1826
1868 1762 1573
1762 489 653
1483 348 420
443 428 386
898 1500 53
1753 638 1163
1790 1247 1190
471 1334 1282
139 971 1529
1661 1144 1513
386 1044 762
1283 1208 945
1984 1307 1679
645 415 689
1 1144 222
1767 24 1775
1144 1072 63
533 1915 1938
1458 1247 908
1795 1174 199
401 428 1174
92 1970 418
347 804 88
1767 665 617
1182 926 1744
1148 1812 1640
673 645 1443
92 374 745
1782 1331 459
1753 1711 1206
1826 1191 1527
148 1191 1492
335 1307 1841
522 1717 637
1778 702 482
1331 59 569
20 132 1160
1784 139 619
504 92 1842
843 702 1796
1537 1964 182
386 1323 1283
1208 71 1467
210 1307 1518
1890 1753 443
1795 1920 314
3 1574 1500
945 1144 803
141 1148 1986
804 1747 1061
1144 260 860
449 576 902
1409 139 1948
386 320 964
904 348 540
1313 697 416
1531 1294 1024
119 1095 661
139 1545 556
1613 1577 1208
956 386 1672
556 645 675
703 804 1788
591 1985 1655
1144 397 537
571 1228 1145
288 1767 1801
1144 411 680
1894 995 782
1236 1208 941
1527 1332 871
1730 1646 11
237 1334 1924
1820 1613 215
551 1762 1455
518 778 1133
428 1121 1660
1505 1226 900
670 1389 1802
1247 420 581
591 912 722
1080 386 869
1613 178 969
1795 618 1088
1762 1 1404
522 1124 1291
393 1551 589
1767 1037 1104
1598 1144 1235
1389 1449 1154
784 1613 1187
1389 1813 524
823 386 56
393 1616 96
1730 1382 1234
1179 898 1549
1182 1588 273
477 1294 1563
1307 1542 80
814 806 161
1208 108 69
1791 1294 140
1999 1307 1918
264 1228 1551
992 1334 1416
591 708 154
819 1144 1068
1144 1462 1813
898 1898 1778
1055 1247 1682
661 1613 1149
92 1447 1218
1762 983 1848
1315 1767 127
697 1664 1792
645 1457 946
1553 852 1845
1 132 642
1753 1363 483
662 132 1387
266 1915 365
967 1334 1425
1292 1332 1093
326 1332 1481
92 777 654
1182 1914 785
1275 1182 1789
1 778 323
1168 804 458
1915 293 1837
1330 1247 998
702 834 1624
119 1534 507
1613 1074 1708
1300 1537 816
898 398 1302
1753 409 805
837 393 439
1148 1668 1703
132 1699 1312
1507 1915 1399
348 282 1423
1630 428 1424
1607 428 1779
449 361 532
1785 778 686
1565 348 1681
1762 575 1315
1592 1148 602
968 591 119
1644 645 1644
621 1927 1009
1320 1613 172
1953 1228 1781
669 1762 614
465 898 307
93 898 1170
1481 852 1834
621 1279 455
1066 1762 1414
1036 1148 1608
1144 916 1590
760 1762 1135
613 449 364
1331 844 1876
1389 1974 812
522 1834 1709
1753 184 786
306 682 1257
1753 1569 440
357 1334 304
1182 1040 1887
1016 1191 91
1208 1743 753
449 1354 159
1744 386 934
132 957 90
1537 1625 1665
314 804 1308
328 806 1699
1754 1226 1635
1165 688 1795
1442 119 1340
1335 1762 1474
1148 1138 1894
137 852 1241
591 531 681
132 1110 393
1794 1247 1051
1 386 592
1191 1393 1591
1307 1075 12
1022 1767 20
702 233 374
880 898 1717
538 702 1396
688 694 1732
1613 888 1297
89 778 1577
1643 1537 910
1332 499 1129
119 1729 1742
1755 1894 15
1352 1389 233
1334 1514 983
591 476 1268
447 621 804
545 522 34
588 1915 1962
139 706 1545
1895 1247 746
306 1639 850
1334 1952 1260
804 164 600
393 1938 518
1389 1879 1690
709 1331 663
804 930 295
1294 891 476
695 1537 1237
1795 1033 306
1613 1662 1044
1537 801 147
1208 125 634
899 386 1039
1331 1149 585
355 702 379
825 1389 1334
405 1148 332
676 92 788
1294 1357 1353
497 1247 1289
722 348 1038
751 1613 1533
1915 1304 817
1247 1329 1485
1226 197 1599
139 21 300
1 852 1521
836 645 1975
386 1855 1583
754 1208 1464
33 1247 29
1612 645 225
1590 1144 1036
1564 1334 615
771 522 1447
688 1819 413
702 111 939
1029 1753 387
1915 1009 1871
643 697 214
303 1191 1677
702 858 1825
119 243 1868
1120 688 1935
1767 975 1126
697 1256 1192
112 1247 205
348 1215 1363
778 160 84
333 621 568
829 1762 1300
1208 1167 865
1314 348 1299
1307 787 1408
1795 1097 533
1246 1228 1851
1404 386 1870
1484 449 1751
1294 1544 1269
883 132 474
1811 1226 336
1894 1958 322
211 1208 886
1011 1795 522
348 881 224
1331 394 1161
990 697 156
1753 69 1530
449 1806 1619
621 689 134
1350 119 1748
1004 1753 1628
258 1182 1434
1294 1183 485
454 1915 1567
348 1550 114
1307 1969 1377
1228 555 791
1735 898 278
92 1133 1463
1294 1039 699
685 1767 310
1730 767 1224
778 5 1737
895 386 171
1331 1263 30
1908 1537 1855
606 806 1805
750 852 1483
194 1182 979
1182 1387 1097
1581 688 967
1538 92 959
806 165 1203
428 913 1245
540 1537 1747
1730 177 712
132 674 956
1795 372 1773
1182 168 1106
1389 1046 1057
1264 898 1926
1191 860 17
1307 1552 519
1228 298 923
1453 1294 174
1331 338 1725
449 1343 328
1432 449 1673
1730 1268 1892
1226 1897 1047
1759 1894 333
1631 393 1164
806 263 584
942 522 784
1191 1267 670
1278 1915 1111
393 318 1320
1767 10 1874
1321 1226 133
428 1056 725
1182 1570 841
1529 1730 1603
1520 1307 1811
806 64 574
1230 688 491
1295 1208 1877
515 621 1223
1652 386 71
1419 1331 1382
592 1332 648
1137 1332 1607
119 1119 425
84 1613 1666
808 852 1379
1637 591 1401
1247 203 1815
1332 244 191
82 778 1339
393 218 1853
1752 1226 231
1915 934 818
139 1308 1432
1509 522 1807
1492 804 251
804 27 707
1753 507 857
1430 702 624
92 1396 1989
1420 1247 105
226 1144 1037
1795 701 1385
759 1915 454
1939 1753 1893
1886 1208 391
139 1524 1123
688 1356 542
806 846 822
1021 119 450
1466 1144 1046
707 1753 1966
309 806 1520
468 1795 1609
381 621 102
1795 1297 1063
1144 232 410
1334 686 646
697 542 1704
1773 92 123
92 1929 1903
1182 1216 1865
1934 1226 1922
449 1849 640
1556 1613 1542
348 631 57
1455 306 186
1990 591 1102
360 1191 371
1555 1894 664
1730 562 991
1748 1148 1531
1659 852 52
1753 677 935
854 688 1393
733 1182 1625
449 1683 1398
1464 306 810
1331 552 1765
827 1334 897
1191 1035 1251
804 789 1630
106 119 684
923 697 1248
1144 190 55
1599 1331 311
92 1618 1916
1915 1838 1562
428 541 1457
85 1247 800
1389 861 1814
1389 1619 412
1144 820 1564
941 1915 845
1171 1228 1394
1896 591 271
1915 1580 1882
1613 459 1800
1226 46 824
1945 428 263
48 898 1990
449 376 583
964 898 339
1389 96 1997
570 1613 771
1307 696 1012
1762 1903 78
466 449 740
1148 1259 1059
460 778 1362
1191 295 1616
697 41 639
1703 898 1615
621 1701 47
1389 1685 891
276 852 209
440 645 42
1730 513 1556
1311 132 755
1603 1334 525
480 591 580
1090 1795 1857
1537 1653 1579
1578 806 293
139 380 234
1381 522 1271
1162 522 165
705 449 1951
139 1127 1448
371 697 1541
1058 1144 1357
132 878 825
249 804 414
1191 1707 1969
1228 38 741
757 132 1650
522 1237 992
1706 119 41
1226 175 210
1214 1294 1508
683 645 729
1831 1334 1445
23 1767 289
1469 1767 1790
1726 645 546
1331 1360 415
697 875 1341
299 119 1040
1392 688 538
1332 1027 1683
449 1928 764
200 306 665
1100 132 794
702 1 1461
1282 702 1642
193 804 1631
1465 139 1716
1334 176 1956
1710 702 1654
1209 119 1710
1053 621 220
1750 1247 280
386 603 846
399 1767 72
1191 536 1817
795 702 212
1 697 719
1888 1730 1074
621 248 1029
1061 1191 240
1131 306 442
1181 1894 1638
898 1731 1720
1537 530 457
1144 87 1908
848 1613 608
898 1370 504
1924 621 687
1767 1305 829
1894 764 823
842 428 1961
348 1286 954
139 1379 1859
1307 1388 1383
449 548 160
1182 453 920
1730 1912 1386
1753 1714 1639
635 306 1656
583 132 1041
1477 1148 514
183 1247 194
522 1622 1139
806 90 248
645 745 247
852 427 1136
1247 636 1372
1620 428 714
393 1655 227
1389 594 1598
645 1887 1933
1783 645 903
1307 419 1571
1073 1537 1378
702 368 947
348 323 128
72 1247 1738
286 1767 484
1208 387 488
1998 1294 536
528 1148 164
1892 119 327
1988 1331 940
778 1128 1005
1389 532 424
871 804 1181
1098 898 1819
1226 1 1981
1930 1247 1901
702 34 1389
1815 1767 219
1319 806 121
710 393 183
1891 1915 502
702 1376 1490
591 659 503
1762 88 742
426 1537 776
1537 1758 378
25 806 612
1332 356 726
132 800 1902
1767 529 478
1208 1293 966
1416 119 342
697 582 820
1334 559 627
1228 1563 1426
1210 1144 1752
712 1226 622
1191 14 258
1915 1385 932
1613 91 1846
655 1537 999
1579 1334 997
132 525 695
307 1307 870
1182 238 1784
1331 1781 162
1613 1045 1620
16 852 1454
390 621 611
289 1762 913
1144 227 1647
306 155 181
1596 1389 1428
26 428 874
905 852 481
1208 1986 1676
62 804 882
1182 1088 1611
1284 139 132
1332 1566 1912
1741 522 513
1148 729 1064
306 1540 202
92 1079 1684
608 1228 1488
1191 1112 1743
898 1635 1860
1515 1334 275
1332 1461 46
1992 1334 1568
1537 30 1402
1191 435 1559
1435 348 431
350 1144 61
1394 428 281
872 1226 962
209 92 79
645 610 243
364 688 635
393 1454 21
1294 1415 1085
1332 1997 917
607 139 1202
1801 449 1622
306 1367 246
563 306 531
1762 189 1511
393 1 1484
1148 1724 1932
1894 482 284
1537 605 1726
1795 920 1824
1228 1906 641
997 1537 189
778 1487 965
139 996 179
621 877 85
1767 1364 1580
1894 711 1186
503 898 1587
522 1495 1516
1795 268 466
591 1493 671
306 785 1165
1031 1537 994
645 474 35
1423 1795 269
386 1771 1739
1482 119 1569
1226 600 597
1452 393 1670
1024 1226 1928
1208 1597 1937
1837 1228 1252
119 120 1712
1247 1202 731
132 416 188
1307 378 334
898 1865 1023
619 386 1259
1182 639 1081
958 1331 394
852 794 1965
1307 1136 1076
1331 254 1239
187 1182 1783
702 1013 1098
1767 450 1242
1480 428 854
1307 1348 28
1843 1795 1275
852 501 385
1408 804 1949
522 598 99
348 762 1130
1294 1472 1150
92 1840 399
1334 1935 930
1307 52 389
1793 393 1132
1795 1978 875
290 1228 288
657 139 1082
1424 348 1329
517 1331 1470
804 1 819
852 719 1479
778 1189 1476
428 869 1950
898 994 1000
245 1182 1766
894 852 557
838 778 44
1208 587 549
557 688 1791
804 1609 894
1083 852 109
1253 702 839
697 584 261
1894 1521 173
1730 577 1421
119 1427 206
867 1767 1419
436 1730 1618
304 688 876
351 645 877
1762 1374 856
1094 1247 1293
1739 428 496
1226 487 1311
1730 565 3
119 1615 1589
1152 621 506
1030 697 1089
1351 621 1526
1243 1144 1019
1148 1658 1674
109 1894 1588
1294 66 95
1753 57 208
1014 688 1759
1894 520 480
68 306 1707
139 748 501
428 1063 761
688 281 432
702 1093 1197
1877 806 571
1835 697 981
591 163 1184
1858 348 1552
697 221 1816
1334 1972 1740
1203 1190 1919
1148 993 369
1847 1182 1306
535 1334 809
133 1613 8
1441 132 1144
1182 998 1692
928 1294 1597
92 1528 573
1334 1 1209
1918 1307 135
868 386 1026
621 1828 976
1720 306 1475
580 804 1519
621 1333 777
1247 1911 58
393 1809 1991
591 543 1403
1208 51 479
1605 1389 464
621 602 558
1822 1334 918
756 778 1465
198 1294 1406
906 1894 1823
768 688 1884
1191 939 1405
479 1247 1700
1395 119 858
393 537 1982
1191 991 1035
1 1148 1346
560 1228 970
1795 1502 324
1 1247 158
1536 1294 1323
1346 1915 144
1334 81 1280
80 1182 23
852 1025 766
688 947 256
645 1248 166
1148 1082 1723
257 1894 1614
1247 1645 1634
1671 1148 428
739 386 390
1 688 781
1841 449 1862
1114 804 326
788 778 1767
1332 334 358
898 977 447
1334 1467 1649
1365 1148 1799
1228 251 1195
484 1307 1895
1228 1539 1565
1426 804 1345
852 7 266
1894 796 744
1736 688 1687
1 119 1621
804 1324 1359
13 898 1724
747 898 778
1762 1143 1466
1140 119 1108
1 1182 973
449 1541 682
1730 1147 1930
1443 1208 530
1 139 94
1654 1208 1433
852 720 765
1389 1 1836
135 591 743
1854 449 1014
1756 393 1127
668 1247 125
1915 1967 968
139 265 13
574 806 254
1767 873 335
139 845 130
1223 139 477
1537 170 494
952 1389 495
117 139 1185
1078 132 1120
1982 428 1572
1957 139 244
591 1573 944
988 1730 1653
1624 1332 150
969 1334 6
1307 1254 830
849 306 1832
1965 1294 838
642 1537 1449
1485 1148 436
1144 349 292
67 306 1735
1980 1767 1173
960 898 370
1182 766 1847
852 1651 1330
702 131 1964
1182 984 411
1613 1497 1143
1626 778 832
329 1182 1148
1041 1294 1510
522 1169 1891
1795 1160 1021
1762 918 1328
1522 806 1367
522 1086 658
1331 1602 1258
935 132 1543
1069 1334 735
1 1753 655
162 778 375
1401 1762 575
986 1294 933
702 1028 1741
151 386 1178
1730 979 1356
1915 1008 713
806 98 178
1537 1034 975
448 1226 623
621 1106 32
1776 778 1736
1307 1846 1358
1144 640 1436
1816 1332 1430
1894 370 896
92 1751 925
1191 908 81
1795 1301 1685
688 1554 308
804 1535 1605
428 236 570
1228 138 1459
898 1621 1255
1686 1389 971
773 645 107
306 1076 101
901 1332 1827
253 621 1069
1915 596 693
826 522 1595
1211 393 604
119 1582 1078
1894 1159 895
523 1915 1109
1795 1951 548
1144 270 1316
688 1229 1906
342 806 554
1148 1399 1496
633 1307 1168
852 974 1166
139 79 1940
776 621 1422
1434 393 1015
1397 1915 1305
1332 1 1515
547 393 1342
139 954 10
1991 1795 866
1144 1386 1131
505 1191 636
261 1228 1858
449 1003 1018
753 1613 143
1936 1762 1137
522 478 1211
1353 306 409
590 645 1763
1604 1208 1497
235 688 915
835 1226 1995
1130 806 1913
1144 1239 1227
1057 449 1243
1894 70 760
1795 809 691
1705 1795 1210
1332 1212 469
428 9 885
1769 621 1983
702 1525 706
812 1182 1309
1334 1715 274
1762 664 1506
680 1613 1191
1956 92 75
132 29 262
1634 1767 1546
725 1795 1214
1331 432 798
778 1905 1244
778 1448 216
1208 961 249
1870 139 265
645 262 811
195 1 660
741 348 176
621 815 696
1884 522 1803
1761 348 912
132 1471 1080
1894 641 38
980 1762 1721
1377 449 601
1373 449 1369
797 92 1769
92 653 795
1860 393 1055
1894 925 1435
1226 1963 168
1247 1742 1314
92 373 987
522 675 242
1732 1331 747
1190 412 1909
805 688 881
1228 567 844
119 832 1205
181 386 1322
1317 702 1593
1144 455 1914
348 1054 1514
1496 804 207
833 522 717
1800 898 950
1228 856 541
1144 644 1458
1389 1836 1698
591 19 465
953 119 122
1613 1369 565
688 1665 287
898 728 1693
1767 256 914
514 1208 1480
1722 119 138
1182 944 1829
393 1151 873
322 139 1114
568 806 113
1767 1227 277
778 1445 1441
822 132 868
1178 697 901
893 806 1215
438 393 347
806 388 1373
1876 621 498
1389 1261 638
1962 306 1890
591 272 1212
1389 1187 929
1092 132 1978
449 611 720
1389 765 1228
791 804 1668
1894 539 383
393 742 1495
219 1389 1517
591 77 1053
154 386 1349
1762 1694 473
1656 1767 177
324 1228 1840
704 1762 1977
1613 78 1861
1779 1226 931
1273 1795 344
1099 1182 291
1796 778 1555
802 1294 1586
726 1294 1030
1208 1966 1262
1537 987 1366
702 1188 1451
857 1795 1578
1332 1981 936
1880 92 1324
1506 1144 759
94 449 155
1251 348 1953
348 1260 1042
1043 806 1017
1730 717 43
132 458 1911
174 1753 1004
1894 1798 1294
1191 1310 1885
1208 1948 395
1 1795 678
1332 369 200
1473 1331 625
688 56 1959
1226 1585 1439
1795 526 318
1762 188 444
1503 1228 203
761 306 1633
119 1271 1925
931 591 1134
12 852 1409
306 404 1503
1537 646 510
1191 1422 1671
778 1734 515
161 697 711
383 119 137
1915 4 1045
1795 1797 497
408 1730 750
204 1334 2
1915 1339 626
1242 1389 843
645 622 878
1331 22 1973
36 1247 888
1294 1089 136
430 852 1384
852 1954 1303
688 483 19
1207 697 603
852 1132 245
196 1762 797
897 852 861
1825 1730 1199
1142 348 1413
139 589 849
1587 697 363
348 1155 724
348 1650 916
1795 280 774
1767 1368 1967
1915 1038 26
393 473 1507
132 1863 1153
959 806 801
898 395 813
11 697 1664
591 1125 260
758 1767 1034
1543 1226 14
951 804 1090
1767 1198 1960
1096 1613 366
119 53 67
1331 255 1070
806 495 325
1894 907 842
1108 1226 1146
1228 821 1083
1772 139 1450
852 1931 1220
855 778 238
1307 1134 1272
806 1129 500
1294 1632 1936
451 1307 1838
1144 1067 1477
702 981 1350
737 1795 988
1689 1894 734
1883 1753 1602
1208 511 708
852 1814 1702
1700 852 1831
425 1191 1830
418 778 1550
449 123 683
1182 241 892
1398 1294 523
898 1 1528
319 1795 864
1331 1463 1822
1501 804 148
1247 396 1729
898 1629 767
1191 17 773
386 1234 392
410 1226 630
1182 755 851
132 1006 1298
1144 1336 1558
1334 481 847
1627 306 115
386 1091 486
870 1247 1002
1294 1139 429
321 449 1086
929 1208 445
1657 348 1033
1191 1371 2000
201 1915 1177
1325 1294 1627
591 1220 1238
1389 461 1325
1915 1491 1731
275 393 1501
1391 1148 404
315 806 193
1440 1144 1117
1674 306 697
1753 1687 345
806 1059 989
386 1670 1947
92 284 1003
1613 1145 985
702 811 62
1537 1177 362
1730 126 1065
132 1084 319
1122 1307 899
1844 1247 1073
1760 522 131
522 690 49
943 1191 632
92 1882 490
1141 1613 1152
1 428 437
1175 1226 1478
92 294 1753
936 1228 167
852 1532 906
1558 1334 373
1331 940 152
1224 778 1715
804 214 1566
1337 621 1056
914 449 1100
1737 1894 919
898 44 1509
1332 1062 1946
492 1389 305
1265 645 422
898 61 204
1494 804 221
1829 1228 1274
428 599 1287
1617 386 1116
534 1331 356
702 569 475
1226 1893 1612
1977 645 588
1712 1182 1230
1987 1 1680
716 806 492
1613 1327 1750
1753 1608 1318
1456 1767 1637
1182 1017 1686
1606 1537 535
1250 386 1142
1208 208 92
898 283 837
195 1574 1452
1709 688 329
1704 1294 1993
509 688 1118
874 1247 704
702 229 807
1332 1721 1764
1389 1547 1048
1429 1753 489
180 1389 1370
1051 1613 180
621 1451 1523
810 522 272
393 1170 1347
428 684 1256
412 2 149
348 362 990
1228 818 1821
1247 678 1371
1795 1153 752
774 428 700
697 558 1617
1101 139 526
1763 645 315
142 1894 294
311 522 299
1946 386 493
1753 911 1896
1383 92 1869
591 1221 787
1762 615 1391
909 645 1407
393 917 1183
1070 1294 146
688 902 1746
660 1148 7
1993 621 37
1049 702 1213
1762 1900 710
1144 1312 470
1226 354 1758
1730 1691 1808
1244 132 1236
1795 743 943
392 1334 197
1859 1334 1560
55 1182 1381
28 1332 1107
363 806 1797
122 1753 253
92 1902 1189
632 1795 1972
955 1332 351
702 550 1970
591 429 1780
1649 132 716
306 1803 974
171 1332 255
804 1104 1730
663 1613 1718
752 1915 117
1276 688 563
688 1231 1273
1240 1148 1482
1208 1479 1645
688 1425 126
65 1148 192
393 1000 783
128 1753 330
185 1537 384
1326 1191 1095
1023 1307 1156
1148 1792 1469
110 688 397
1228 1241 1921
645 1185 145
242 1389 1636
1294 292 534
1226 1682 1159
645 1746 605
159 306 267
1266 92 1856
