1999 2000
1 4 3
5 2 4
1 6 1
7 3 2
4 8 1003
8 9 1004
9 10 1005
10 11 1006
11 12 1007
12 13 1008
13 14 1009
14 15 1010
15 16 1011
16 17 1012
17 18 1013
18 19 1014
19 20 1015
20 21 1016
21 22 1017
22 23 1018
23 24 1019
24 25 1020
25 26 1021
26 27 1022
27 28 1023
28 29 1024
29 30 1025
30 31 1026
31 32 1027
32 33 1028
33 34 1029
34 35 1030
35 36 1031
36 37 1032
37 38 1033
38 39 1034
39 40 1035
40 41 1036
41 42 1037
42 43 1038
43 44 1039
44 45 1040
45 46 1041
46 47 1042
47 48 1043
48 49 1044
49 50 1045
50 51 1046
51 52 1047
52 53 1048
53 54 1049
54 55 1050
55 56 1051
56 57 1052
57 58 1053
58 59 1054
59 60 1055
60 61 1056
61 62 1057
62 63 1058
63 64 1059
64 65 1060
65 66 1061
66 67 1062
67 68 1063
68 69 1064
69 70 1065
70 71 1066
71 72 1067
72 73 1068
73 74 1069
74 75 1070
75 76 1071
76 77 1072
77 78 1073
78 79 1074
79 80 1075
80 81 1076
81 82 1077
82 83 1078
83 84 1079
84 85 1080
85 86 1081
86 87 1082
87 88 1083
88 89 1084
89 90 1085
90 91 1086
91 92 1087
92 93 1088
93 94 1089
94 95 1090
95 96 1091
96 97 1092
97 98 1093
98 99 1094
99 100 1095
100 101 1096
101 102 1097
102 103 1098
103 104 1099
104 105 1100
105 106 1101
106 107 1102
107 108 1103
108 109 1104
109 110 1105
110 111 1106
111 112 1107
112 113 1108
113 114 1109
114 115 1110
115 116 1111
116 117 1112
117 118 1113
118 119 1114
119 120 1115
120 121 1116
121 122 1117
122 123 1118
123 124 1119
124 125 1120
125 126 1121
126 127 1122
127 128 1123
128 129 1124
129 130 1125
130 131 1126
131 132 1127
132 133 1128
133 134 1129
134 135 1130
135 136 1131
136 137 1132
137 138 1133
138 139 1134
139 140 1135
140 141 1136
141 142 1137
142 143 1138
143 144 1139
144 145 1140
145 146 1141
146 147 1142
147 148 1143
148 149 1144
149 150 1145
150 151 1146
151 152 1147
152 153 1148
153 154 1149
154 155 1150
155 156 1151
156 157 1152
157 158 1153
158 159 1154
159 160 1155
160 161 1156
161 162 1157
162 163 1158
163 164 1159
164 165 1160
165 166 1161
166 167 1162
167 168 1163
168 169 1164
169 170 1165
170 171 1166
171 172 1167
172 173 1168
173 174 1169
174 175 1170
175 176 1171
176 177 1172
177 178 1173
178 179 1174
179 180 1175
180 181 1176
181 182 1177
182 183 1178
183 184 1179
184 185 1180
185 186 1181
186 187 1182
187 188 1183
188 189 1184
189 190 1185
190 191 1186
191 192 1187
192 193 1188
193 194 1189
194 195 1190
195 196 1191
196 197 1192
197 198 1193
198 199 1194
199 200 1195
200 201 1196
201 202 1197
202 203 1198
203 204 1199
204 205 1200
205 206 1201
206 207 1202
207 208 1203
208 209 1204
209 210 1205
210 211 1206
211 212 1207
212 213 1208
213 214 1209
214 215 1210
215 216 1211
216 217 1212
217 218 1213
218 219 1214
219 220 1215
220 221 1216
221 222 1217
222 223 1218
223 224 1219
224 225 1220
225 226 1221
226 227 1222
227 228 1223
228 229 1224
229 230 1225
230 231 1226
231 232 1227
232 233 1228
233 234 1229
234 235 1230
235 236 1231
236 237 1232
237 238 1233
238 239 1234
239 240 1235
240 241 1236
241 242 1237
242 243 1238
243 244 1239
244 245 1240
245 246 1241
246 247 1242
247 248 1243
248 249 1244
249 250 1245
250 251 1246
251 252 1247
252 253 1248
253 254 1249
254 255 1250
255 256 1251
256 257 1252
257 258 1253
258 259 1254
259 260 1255
260 261 1256
261 262 1257
262 263 1258
263 264 1259
264 265 1260
265 266 1261
266 267 1262
267 268 1263
268 269 1264
269 270 1265
270 271 1266
271 272 1267
272 273 1268
273 274 1269
274 275 1270
275 276 1271
276 277 1272
277 278 1273
278 279 1274
279 280 1275
280 281 1276
281 282 1277
282 283 1278
283 284 1279
284 285 1280
285 286 1281
286 287 1282
287 288 1283
288 289 1284
289 290 1285
290 291 1286
291 292 1287
292 293 1288
293 294 1289
294 295 1290
295 296 1291
296 297 1292
297 298 1293
298 299 1294
299 300 1295
300 301 1296
301 302 1297
302 303 1298
303 304 1299
304 305 1300
305 306 1301
306 307 1302
307 308 1303
308 309 1304
309 310 1305
310 311 1306
311 312 1307
312 313 1308
313 314 1309
314 315 1310
315 316 1311
316 317 1312
317 318 1313
318 319 1314
319 320 1315
320 321 1316
321 322 1317
322 323 1318
323 324 1319
324 325 1320
325 326 1321
326 327 1322
327 328 1323
328 329 1324
329 330 1325
330 331 1326
331 332 1327
332 333 1328
333 334 1329
334 335 1330
335 336 1331
336 337 1332
337 338 1333
338 339 1334
339 340 1335
340 341 1336
341 342 1337
342 343 1338
343 344 1339
344 345 1340
345 346 1341
346 347 1342
347 348 1343
348 349 1344
349 350 1345
350 351 1346
351 352 1347
352 353 1348
353 354 1349
354 355 1350
355 356 1351
356 357 1352
357 358 1353
358 359 1354
359 360 1355
360 361 1356
361 362 1357
362 363 1358
363 364 1359
364 365 1360
365 366 1361
366 367 1362
367 368 1363
368 369 1364
369 370 1365
370 371 1366
371 372 1367
372 373 1368
373 374 1369
374 375 1370
375 376 1371
376 377 1372
377 378 1373
378 379 1374
379 380 1375
380 381 1376
381 382 1377
382 383 1378
383 384 1379
384 385 1380
385 386 1381
386 387 1382
387 388 1383
388 389 1384
389 390 1385
390 391 1386
391 392 1387
392 393 1388
393 394 1389
394 395 1390
395 396 1391
396 397 1392
397 398 1393
398 399 1394
399 400 1395
400 401 1396
401 402 1397
402 403 1398
403 404 1399
404 405 1400
405 406 1401
406 407 1402
407 408 1403
408 409 1404
409 410 1405
410 411 1406
411 412 1407
412 413 1408
413 414 1409
414 415 1410
415 416 1411
416 417 1412
417 418 1413
418 419 1414
419 420 1415
420 421 1416
421 422 1417
422 423 1418
423 424 1419
424 425 1420
425 426 1421
426 427 1422
427 428 1423
428 429 1424
429 430 1425
430 431 1426
431 432 1427
432 433 1428
433 434 1429
434 435 1430
435 436 1431
436 437 1432
437 438 1433
438 439 1434
439 440 1435
440 441 1436
441 442 1437
442 443 1438
443 444 1439
444 445 1440
445 446 1441
446 447 1442
447 448 1443
448 449 1444
449 450 1445
450 451 1446
451 452 1447
452 453 1448
453 454 1449
454 455 1450
455 456 1451
456 457 1452
457 458 1453
458 459 1454
459 460 1455
460 461 1456
461 462 1457
462 463 1458
463 464 1459
464 465 1460
465 466 1461
466 467 1462
467 468 1463
468 469 1464
469 470 1465
470 471 1466
471 472 1467
472 473 1468
473 474 1469
474 475 1470
475 476 1471
476 477 1472
477 478 1473
478 479 1474
479 480 1475
480 481 1476
481 482 1477
482 483 1478
483 484 1479
484 485 1480
485 486 1481
486 487 1482
487 488 1483
488 489 1484
489 490 1485
490 491 1486
491 492 1487
492 493 1488
493 494 1489
494 495 1490
495 496 1491
496 497 1492
497 498 1493
498 499 1494
499 500 1495
500 501 1496
501 502 1497
502 503 1498
503 504 1499
504 5 1500
4 505 1501
505 506 1502
506 507 1503
507 508 1504
508 509 1505
509 510 1506
510 511 1507
511 512 1508
512 513 1509
513 514 1510
514 515 1511
515 516 1512
516 517 1513
517 518 1514
518 519 1515
519 520 1516
520 521 1517
521 522 1518
522 523 1519
523 524 1520
524 525 1521
525 526 1522
526 527 1523
527 528 1524
528 529 1525
529 530 1526
530 531 1527
531 532 1528
532 533 1529
533 534 1530
534 535 1531
535 536 1532
536 537 1533
537 538 1534
538 539 1535
539 540 1536
540 541 1537
541 542 1538
542 543 1539
543 544 1540
544 545 1541
545 546 1542
546 547 1543
547 548 1544
548 549 1545
549 550 1546
550 551 1547
551 552 1548
552 553 1549
553 554 1550
554 555 1551
555 556 1552
556 557 1553
557 558 1554
558 559 1555
559 560 1556
560 561 1557
561 562 1558
562 563 1559
563 564 1560
564 565 1561
565 566 1562
566 567 1563
567 568 1564
568 569 1565
569 570 1566
570 571 1567
571 572 1568
572 573 1569
573 574 1570
574 575 1571
575 576 1572
576 577 1573
577 578 1574
578 579 1575
579 580 1576
580 581 1577
581 582 1578
582 583 1579
583 584 1580
584 585 1581
585 586 1582
586 587 1583
587 588 1584
588 589 1585
589 590 1586
590 591 1587
591 592 1588
592 593 1589
593 594 1590
594 595 1591
595 596 1592
596 597 1593
597 598 1594
598 599 1595
599 600 1596
600 601 1597
601 602 1598
602 603 1599
603 604 1600
604 605 1601
605 606 1602
606 607 1603
607 608 1604
608 609 1605
609 610 1606
610 611 1607
611 612 1608
612 613 1609
613 614 1610
614 615 1611
615 616 1612
616 617 1613
617 618 1614
618 619 1615
619 620 1616
620 621 1617
621 622 1618
622 623 1619
623 624 1620
624 625 1621
625 626 1622
626 627 1623
627 628 1624
628 629 1625
629 630 1626
630 631 1627
631 632 1628
632 633 1629
633 634 1630
634 635 1631
635 636 1632
636 637 1633
637 638 1634
638 639 1635
639 640 1636
640 641 1637
641 642 1638
642 643 1639
643 644 1640
644 645 1641
645 646 1642
646 647 1643
647 648 1644
648 649 1645
649 650 1646
650 651 1647
651 652 1648
652 653 1649
653 654 1650
654 655 1651
655 656 1652
656 657 1653
657 658 1654
658 659 1655
659 660 1656
660 661 1657
661 662 1658
662 663 1659
663 664 1660
664 665 1661
665 666 1662
666 667 1663
667 668 1664
668 669 1665
669 670 1666
670 671 1667
671 672 1668
672 673 1669
673 674 1670
674 675 1671
675 676 1672
676 677 1673
677 678 1674
678 679 1675
679 680 1676
680 681 1677
681 682 1678
682 683 1679
683 684 1680
684 685 1681
685 686 1682
686 687 1683
687 688 1684
688 689 1685
689 690 1686
690 691 1687
691 692 1688
692 693 1689
693 694 1690
694 695 1691
695 696 1692
696 697 1693
697 698 1694
698 699 1695
699 700 1696
700 701 1697
701 702 1698
702 703 1699
703 704 1700
704 705 1701
705 706 1702
706 707 1703
707 708 1704
708 709 1705
709 710 1706
710 711 1707
711 712 1708
712 713 1709
713 714 1710
714 715 1711
715 716 1712
716 717 1713
717 718 1714
718 719 1715
719 720 1716
720 721 1717
721 722 1718
722 723 1719
723 724 1720
724 725 1721
725 726 1722
726 727 1723
727 728 1724
728 729 1725
729 730 1726
730 731 1727
731 732 1728
732 733 1729
733 734 1730
734 735 1731
735 736 1732
736 737 1733
737 738 1734
738 739 1735
739 740 1736
740 741 1737
741 742 1738
742 743 1739
743 744 1740
744 745 1741
745 746 1742
746 747 1743
747 748 1744
748 749 1745
749 750 1746
750 751 1747
751 752 1748
752 753 1749
753 754 1750
754 755 1751
755 756 1752
756 757 1753
757 758 1754
758 759 1755
759 760 1756
760 761 1757
761 762 1758
762 763 1759
763 764 1760
764 765 1761
765 766 1762
766 767 1763
767 768 1764
768 769 1765
769 770 1766
770 771 1767
771 772 1768
772 773 1769
773 774 1770
774 775 1771
775 776 1772
776 777 1773
777 778 1774
778 779 1775
779 780 1776
780 781 1777
781 782 1778
782 783 1779
783 784 1780
784 785 1781
785 786 1782
786 787 1783
787 788 1784
788 789 1785
789 790 1786
790 791 1787
791 792 1788
792 793 1789
793 794 1790
794 795 1791
795 796 1792
796 797 1793
797 798 1794
798 799 1795
799 800 1796
800 801 1797
801 802 1798
802 803 1799
803 804 1800
804 805 1801
805 806 1802
806 807 1803
807 808 1804
808 809 1805
809 810 1806
810 811 1807
811 812 1808
812 813 1809
813 814 1810
814 815 1811
815 816 1812
816 817 1813
817 818 1814
818 819 1815
819 820 1816
820 821 1817
821 822 1818
822 823 1819
823 824 1820
824 825 1821
825 826 1822
826 827 1823
827 828 1824
828 829 1825
829 830 1826
830 831 1827
831 832 1828
832 833 1829
833 834 1830
834 835 1831
835 836 1832
836 837 1833
837 838 1834
838 839 1835
839 840 1836
840 841 1837
841 842 1838
842 843 1839
843 844 1840
844 845 1841
845 846 1842
846 847 1843
847 848 1844
848 849 1845
849 850 1846
850 851 1847
851 852 1848
852 853 1849
853 854 1850
854 855 1851
855 856 1852
856 857 1853
857 858 1854
858 859 1855
859 860 1856
860 861 1857
861 862 1858
862 863 1859
863 864 1860
864 865 1861
865 866 1862
866 867 1863
867 868 1864
868 869 1865
869 870 1866
870 871 1867
871 872 1868
872 873 1869
873 874 1870
874 875 1871
875 876 1872
876 877 1873
877 878 1874
878 879 1875
879 880 1876
880 881 1877
881 882 1878
882 883 1879
883 884 1880
884 885 1881
885 886 1882
886 887 1883
887 888 1884
888 889 1885
889 890 1886
890 891 1887
891 892 1888
892 893 1889
893 894 1890
894 895 1891
895 896 1892
896 897 1893
897 898 1894
898 899 1895
899 900 1896
900 901 1897
901 902 1898
902 903 1899
903 904 1900
904 905 1901
905 906 1902
906 907 1903
907 908 1904
908 909 1905
909 910 1906
910 911 1907
911 912 1908
912 913 1909
913 914 1910
914 915 1911
915 916 1912
916 917 1913
917 918 1914
918 919 1915
919 920 1916
920 921 1917
921 922 1918
922 923 1919
923 924 1920
924 925 1921
925 926 1922
926 927 1923
927 928 1924
928 929 1925
929 930 1926
930 931 1927
931 932 1928
932 933 1929
933 934 1930
934 935 1931
935 936 1932
936 937 1933
937 938 1934
938 939 1935
939 940 1936
940 941 1937
941 942 1938
942 943 1939
943 944 1940
944 945 1941
945 946 1942
946 947 1943
947 948 1944
948 949 1945
949 950 1946
950 951 1947
951 952 1948
952 953 1949
953 954 1950
954 955 1951
955 956 1952
956 957 1953
957 958 1954
958 959 1955
959 960 1956
960 961 1957
961 962 1958
962 963 1959
963 964 1960
964 965 1961
965 966 1962
966 967 1963
967 968 1964
968 969 1965
969 970 1966
970 971 1967
971 972 1968
972 973 1969
973 974 1970
974 975 1971
975 976 1972
976 977 1973
977 978 1974
978 979 1975
979 980 1976
980 981 1977
981 982 1978
982 983 1979
983 984 1980
984 985 1981
985 986 1982
986 987 1983
987 988 1984
988 989 1985
989 990 1986
990 991 1987
991 992 1988
992 993 1989
993 994 1990
994 995 1991
995 996 1992
996 997 1993
997 998 1994
998 999 1995
999 1000 1996
1000 1001 1997
1001 1002 1998
1002 5 1999
6 1003 2000
1003 1004 5
1004 1005 6
1005 1006 7
1006 1007 8
1007 1008 9
1008 1009 10
1009 1010 11
1010 1011 12
1011 1012 13
1012 1013 14
1013 1014 15
1014 1015 16
1015 1016 17
1016 1017 18
1017 1018 19
1018 1019 20
1019 1020 21
1020 1021 22
1021 1022 23
1022 1023 24
1023 1024 25
1024 1025 26
1025 1026 27
1026 1027 28
1027 1028 29
1028 1029 30
1029 1030 31
1030 1031 32
1031 1032 33
1032 1033 34
1033 1034 35
1034 1035 36
1035 1036 37
1036 1037 38
1037 1038 39
1038 1039 40
1039 1040 41
1040 1041 42
1041 1042 43
1042 1043 44
1043 1044 45
1044 1045 46
1045 1046 47
1046 1047 48
1047 1048 49
1048 1049 50
1049 1050 51
1050 1051 52
1051 1052 53
1052 1053 54
1053 1054 55
1054 1055 56
1055 1056 57
1056 1057 58
1057 1058 59
1058 1059 60
1059 1060 61
1060 1061 62
1061 1062 63
1062 1063 64
1063 1064 65
1064 1065 66
1065 1066 67
1066 1067 68
1067 1068 69
1068 1069 70
1069 1070 71
1070 1071 72
1071 1072 73
1072 1073 74
1073 1074 75
1074 1075 76
1075 1076 77
1076 1077 78
1077 1078 79
1078 1079 80
1079 1080 81
1080 1081 82
1081 1082 83
1082 1083 84
1083 1084 85
1084 1085 86
1085 1086 87
1086 1087 88
1087 1088 89
1088 1089 90
1089 1090 91
1090 1091 92
1091 1092 93
1092 1093 94
1093 1094 95
1094 1095 96
1095 1096 97
1096 1097 98
1097 1098 99
1098 1099 100
1099 1100 101
1100 1101 102
1101 1102 103
1102 1103 104
1103 1104 105
1104 1105 106
1105 1106 107
1106 1107 108
1107 1108 109
1108 1109 110
1109 1110 111
1110 1111 112
1111 1112 113
1112 1113 114
1113 1114 115
1114 1115 116
1115 1116 117
1116 1117 118
1117 1118 119
1118 1119 120
1119 1120 121
1120 1121 122
1121 1122 123
1122 1123 124
1123 1124 125
1124 1125 126
1125 1126 127
1126 1127 128
1127 1128 129
1128 1129 130
1129 1130 131
1130 1131 132
1131 1132 133
1132 1133 134
1133 1134 135
1134 1135 136
1135 1136 137
1136 1137 138
1137 1138 139
1138 1139 140
1139 1140 141
1140 1141 142
1141 1142 143
1142 1143 144
1143 1144 145
1144 1145 146
1145 1146 147
1146 1147 148
1147 1148 149
1148 1149 150
1149 1150 151
1150 1151 152
1151 1152 153
1152 1153 154
1153 1154 155
1154 1155 156
1155 1156 157
1156 1157 158
1157 1158 159
1158 1159 160
1159 1160 161
1160 1161 162
1161 1162 163
1162 1163 164
1163 1164 165
1164 1165 166
1165 1166 167
1166 1167 168
1167 1168 169
1168 1169 170
1169 1170 171
1170 1171 172
1171 1172 173
1172 1173 174
1173 1174 175
1174 1175 176
1175 1176 177
1176 1177 178
1177 1178 179
1178 1179 180
1179 1180 181
1180 1181 182
1181 1182 183
1182 1183 184
1183 1184 185
1184 1185 186
1185 1186 187
1186 1187 188
1187 1188 189
1188 1189 190
1189 1190 191
1190 1191 192
1191 1192 193
1192 1193 194
1193 1194 195
1194 1195 196
1195 1196 197
1196 1197 198
1197 1198 199
1198 1199 200
1199 1200 201
1200 1201 202
1201 1202 203
1202 1203 204
1203 1204 205
1204 1205 206
1205 1206 207
1206 1207 208
1207 1208 209
1208 1209 210
1209 1210 211
1210 1211 212
1211 1212 213
1212 1213 214
1213 1214 215
1214 1215 216
1215 1216 217
1216 1217 218
1217 1218 219
1218 1219 220
1219 1220 221
1220 1221 222
1221 1222 223
1222 1223 224
1223 1224 225
1224 1225 226
1225 1226 227
1226 1227 228
1227 1228 229
1228 1229 230
1229 1230 231
1230 1231 232
1231 1232 233
1232 1233 234
1233 1234 235
1234 1235 236
1235 1236 237
1236 1237 238
1237 1238 239
1238 1239 240
1239 1240 241
1240 1241 242
1241 1242 243
1242 1243 244
1243 1244 245
1244 1245 246
1245 1246 247
1246 1247 248
1247 1248 249
1248 1249 250
1249 1250 251
1250 1251 252
1251 1252 253
1252 1253 254
1253 1254 255
1254 1255 256
1255 1256 257
1256 1257 258
1257 1258 259
1258 1259 260
1259 1260 261
1260 1261 262
1261 1262 263
1262 1263 264
1263 1264 265
1264 1265 266
1265 1266 267
1266 1267 268
1267 1268 269
1268 1269 270
1269 1270 271
1270 1271 272
1271 1272 273
1272 1273 274
1273 1274 275
1274 1275 276
1275 1276 277
1276 1277 278
1277 1278 279
1278 1279 280
1279 1280 281
1280 1281 282
1281 1282 283
1282 1283 284
1283 1284 285
1284 1285 286
1285 1286 287
1286 1287 288
1287 1288 289
1288 1289 290
1289 1290 291
1290 1291 292
1291 1292 293
1292 1293 294
1293 1294 295
1294 1295 296
1295 1296 297
1296 1297 298
1297 1298 299
1298 1299 300
1299 1300 301
1300 1301 302
1301 1302 303
1302 1303 304
1303 1304 305
1304 1305 306
1305 1306 307
1306 1307 308
1307 1308 309
1308 1309 310
1309 1310 311
1310 1311 312
1311 1312 313
1312 1313 314
1313 1314 315
1314 1315 316
1315 1316 317
1316 1317 318
1317 1318 319
1318 1319 320
1319 1320 321
1320 1321 322
1321 1322 323
1322 1323 324
1323 1324 325
1324 1325 326
1325 1326 327
1326 1327 328
1327 1328 329
1328 1329 330
1329 1330 331
1330 1331 332
1331 1332 333
1332 1333 334
1333 1334 335
1334 1335 336
1335 1336 337
1336 1337 338
1337 1338 339
1338 1339 340
1339 1340 341
1340 1341 342
1341 1342 343
1342 1343 344
1343 1344 345
1344 1345 346
1345 1346 347
1346 1347 348
1347 1348 349
1348 1349 350
1349 1350 351
1350 1351 352
1351 1352 353
1352 1353 354
1353 1354 355
1354 1355 356
1355 1356 357
1356 1357 358
1357 1358 359
1358 1359 360
1359 1360 361
1360 1361 362
1361 1362 363
1362 1363 364
1363 1364 365
1364 1365 366
1365 1366 367
1366 1367 368
1367 1368 369
1368 1369 370
1369 1370 371
1370 1371 372
1371 1372 373
1372 1373 374
1373 1374 375
1374 1375 376
1375 1376 377
1376 1377 378
1377 1378 379
1378 1379 380
1379 1380 381
1380 1381 382
1381 1382 383
1382 1383 384
1383 1384 385
1384 1385 386
1385 1386 387
1386 1387 388
1387 1388 389
1388 1389 390
1389 1390 391
1390 1391 392
1391 1392 393
1392 1393 394
1393 1394 395
1394 1395 396
1395 1396 397
1396 1397 398
1397 1398 399
1398 1399 400
1399 1400 401
1400 1401 402
1401 1402 403
1402 1403 404
1403 1404 405
1404 1405 406
1405 1406 407
1406 1407 408
1407 1408 409
1408 1409 410
1409 1410 411
1410 1411 412
1411 1412 413
1412 1413 414
1413 1414 415
1414 1415 416
1415 1416 417
1416 1417 418
1417 1418 419
1418 1419 420
1419 1420 421
1420 1421 422
1421 1422 423
1422 1423 424
1423 1424 425
1424 1425 426
1425 1426 427
1426 1427 428
1427 1428 429
1428 1429 430
1429 1430 431
1430 1431 432
1431 1432 433
1432 1433 434
1433 1434 435
1434 1435 436
1435 1436 437
1436 1437 438
1437 1438 439
1438 1439 440
1439 1440 441
1440 1441 442
1441 1442 443
1442 1443 444
1443 1444 445
1444 1445 446
1445 1446 447
1446 1447 448
1447 1448 449
1448 1449 450
1449 1450 451
1450 1451 452
1451 1452 453
1452 1453 454
1453 1454 455
1454 1455 456
1455 1456 457
1456 1457 458
1457 1458 459
1458 1459 460
1459 1460 461
1460 1461 462
1461 1462 463
1462 1463 464
1463 1464 465
1464 1465 466
1465 1466 467
1466 1467 468
1467 1468 469
1468 1469 470
1469 1470 471
1470 1471 472
1471 1472 473
1472 1473 474
1473 1474 475
1474 1475 476
1475 1476 477
1476 1477 478
1477 1478 479
1478 1479 480
1479 1480 481
1480 1481 482
1481 1482 483
1482 1483 484
1483 1484 485
1484 1485 486
1485 1486 487
1486 1487 488
1487 1488 489
1488 1489 490
1489 1490 491
1490 1491 492
1491 1492 493
1492 1493 494
1493 1494 495
1494 1495 496
1495 1496 497
1496 1497 498
1497 1498 499
1498 1499 500
1499 1500 501
1500 7 502
6 1501 503
1501 1502 504
1502 1503 505
1503 1504 506
1504 1505 507
1505 1506 508
1506 1507 509
1507 1508 510
1508 1509 511
1509 1510 512
1510 1511 513
1511 1512 514
1512 1513 515
1513 1514 516
1514 1515 517
1515 1516 518
1516 1517 519
1517 1518 520
1518 1519 521
1519 1520 522
1520 1521 523
1521 1522 524
1522 1523 525
1523 1524 526
1524 1525 527
1525 1526 528
1526 1527 529
1527 1528 530
1528 1529 531
1529 1530 532
1530 1531 533
1531 1532 534
1532 1533 535
1533 1534 536
1534 1535 537
1535 1536 538
1536 1537 539
1537 1538 540
1538 1539 541
1539 1540 542
1540 1541 543
1541 1542 544
1542 1543 545
1543 1544 546
1544 1545 547
1545 1546 548
1546 1547 549
1547 1548 550
1548 1549 551
1549 1550 552
1550 1551 553
1551 1552 554
1552 1553 555
1553 1554 556
1554 1555 557
1555 1556 558
1556 1557 559
1557 1558 560
1558 1559 561
1559 1560 562
1560 1561 563
1561 1562 564
1562 1563 565
1563 1564 566
1564 1565 567
1565 1566 568
1566 1567 569
1567 1568 570
1568 1569 571
1569 1570 572
1570 1571 573
1571 1572 574
1572 1573 575
1573 1574 576
1574 1575 577
1575 1576 578
1576 1577 579
1577 1578 580
1578 1579 581
1579 1580 582
1580 1581 583
1581 1582 584
1582 1583 585
1583 1584 586
1584 1585 587
1585 1586 588
1586 1587 589
1587 1588 590
1588 1589 591
1589 1590 592
1590 1591 593
1591 1592 594
1592 1593 595
1593 1594 596
1594 1595 597
1595 1596 598
1596 1597 599
1597 1598 600
1598 1599 601
1599 1600 602
1600 1601 603
1601 1602 604
1602 1603 605
1603 1604 606
1604 1605 607
1605 1606 608
1606 1607 609
1607 1608 610
1608 1609 611
1609 1610 612
1610 1611 613
1611 1612 614
1612 1613 615
1613 1614 616
1614 1615 617
1615 1616 618
1616 1617 619
1617 1618 620
1618 1619 621
1619 1620 622
1620 1621 623
1621 1622 624
1622 1623 625
1623 1624 626
1624 1625 627
1625 1626 628
1626 1627 629
1627 1628 630
1628 1629 631
1629 1630 632
1630 1631 633
1631 1632 634
1632 1633 635
1633 1634 636
1634 1635 637
1635 1636 638
1636 1637 639
1637 1638 640
1638 1639 641
1639 1640 642
1640 1641 643
1641 1642 644
1642 1643 645
1643 1644 646
1644 1645 647
1645 1646 648
1646 1647 649
1647 1648 650
1648 1649 651
1649 1650 652
1650 1651 653
1651 1652 654
1652 1653 655
1653 1654 656
1654 1655 657
1655 1656 658
1656 1657 659
1657 1658 660
1658 1659 661
1659 1660 662
1660 1661 663
1661 1662 664
1662 1663 665
1663 1664 666
1664 1665 667
1665 1666 668
1666 1667 669
1667 1668 670
1668 1669 671
1669 1670 672
1670 1671 673
1671 1672 674
1672 1673 675
1673 1674 676
1674 1675 677
1675 1676 678
1676 1677 679
1677 1678 680
1678 1679 681
1679 1680 682
1680 1681 683
1681 1682 684
1682 1683 685
1683 1684 686
1684 1685 687
1685 1686 688
1686 1687 689
1687 1688 690
1688 1689 691
1689 1690 692
1690 1691 693
1691 1692 694
1692 1693 695
1693 1694 696
1694 1695 697
1695 1696 698
1696 1697 699
1697 1698 700
1698 1699 701
1699 1700 702
1700 1701 703
1701 1702 704
1702 1703 705
1703 1704 706
1704 1705 707
1705 1706 708
1706 1707 709
1707 1708 710
1708 1709 711
1709 1710 712
1710 1711 713
1711 1712 714
1712 1713 715
1713 1714 716
1714 1715 717
1715 1716 718
1716 1717 719
1717 1718 720
1718 1719 721
1719 1720 722
1720 1721 723
1721 1722 724
1722 1723 725
1723 1724 726
1724 1725 727
1725 1726 728
1726 1727 729
1727 1728 730
1728 1729 731
1729 1730 732
1730 1731 733
1731 1732 734
1732 1733 735
1733 1734 736
1734 1735 737
1735 1736 738
1736 1737 739
1737 1738 740
1738 1739 741
1739 1740 742
1740 1741 743
1741 1742 744
1742 1743 745
1743 1744 746
1744 1745 747
1745 1746 748
1746 1747 749
1747 1748 750
1748 1749 751
1749 1750 752
1750 1751 753
1751 1752 754
1752 1753 755
1753 1754 756
1754 1755 757
1755 1756 758
1756 1757 759
1757 1758 760
1758 1759 761
1759 1760 762
1760 1761 763
1761 1762 764
1762 1763 765
1763 1764 766
1764 1765 767
1765 1766 768
1766 1767 769
1767 1768 770
1768 1769 771
1769 1770 772
1770 1771 773
1771 1772 774
1772 1773 775
1773 1774 776
1774 1775 777
1775 1776 778
1776 1777 779
1777 1778 780
1778 1779 781
1779 1780 782
1780 1781 783
1781 1782 784
1782 1783 785
1783 1784 786
1784 1785 787
1785 1786 788
1786 1787 789
1787 1788 790
1788 1789 791
1789 1790 792
1790 1791 793
1791 1792 794
1792 1793 795
1793 1794 796
1794 1795 797
1795 1796 798
1796 1797 799
1797 1798 800
1798 1799 801
1799 1800 802
1800 1801 803
1801 1802 804
1802 1803 805
1803 1804 806
1804 1805 807
1805 1806 808
1806 1807 809
1807 1808 810
1808 1809 811
1809 1810 812
1810 1811 813
1811 1812 814
1812 1813 815
1813 1814 816
1814 1815 817
1815 1816 818
1816 1817 819
1817 1818 820
1818 1819 821
1819 1820 822
1820 1821 823
1821 1822 824
1822 1823 825
1823 1824 826
1824 1825 827
1825 1826 828
1826 1827 829
1827 1828 830
1828 1829 831
1829 1830 832
1830 1831 833
1831 1832 834
1832 1833 835
1833 1834 836
1834 1835 837
1835 1836 838
1836 1837 839
1837 1838 840
1838 1839 841
1839 1840 842
1840 1841 843
1841 1842 844
1842 1843 845
1843 1844 846
1844 1845 847
1845 1846 848
1846 1847 849
1847 1848 850
1848 1849 851
1849 1850 852
1850 1851 853
1851 1852 854
1852 1853 855
1853 1854 856
1854 1855 857
1855 1856 858
1856 1857 859
1857 1858 860
1858 1859 861
1859 1860 862
1860 1861 863
1861 1862 864
1862 1863 865
1863 1864 866
1864 1865 867
1865 1866 868
1866 1867 869
1867 1868 870
1868 1869 871
1869 1870 872
1870 1871 873
1871 1872 874
1872 1873 875
1873 1874 876
1874 1875 877
1875 1876 878
1876 1877 879
1877 1878 880
1878 1879 881
1879 1880 882
1880 1881 883
1881 1882 884
1882 1883 885
1883 1884 886
1884 1885 887
1885 1886 888
1886 1887 889
1887 1888 890
1888 1889 891
1889 1890 892
1890 1891 893
1891 1892 894
1892 1893 895
1893 1894 896
1894 1895 897
1895 1896 898
1896 1897 899
1897 1898 900
1898 1899 901
1899 1900 902
1900 1901 903
1901 1902 904
1902 1903 905
1903 1904 906
1904 1905 907
1905 1906 908
1906 1907 909
1907 1908 910
1908 1909 911
1909 1910 912
1910 1911 913
1911 1912 914
1912 1913 915
1913 1914 916
1914 1915 917
1915 1916 918
1916 1917 919
1917 1918 920
1918 1919 921
1919 1920 922
1920 1921 923
1921 1922 924
1922 1923 925
1923 1924 926
1924 1925 927
1925 1926 928
1926 1927 929
1927 1928 930
1928 1929 931
1929 1930 932
1930 1931 933
1931 1932 934
1932 1933 935
1933 1934 936
1934 1935 937
1935 1936 938
1936 1937 939
1937 1938 940
1938 1939 941
1939 1940 942
1940 1941 943
1941 1942 944
1942 1943 945
1943 1944 946
1944 1945 947
1945 1946 948
1946 1947 949
1947 1948 950
1948 1949 951
1949 1950 952
1950 1951 953
1951 1952 954
1952 1953 955
1953 1954 956
1954 1955 957
1955 1956 958
1956 1957 959
1957 1958 960
1958 1959 961
1959 1960 962
1960 1961 963
1961 1962 964
1962 1963 965
1963 1964 966
1964 1965 967
1965 1966 968
1966 1967 969
1967 1968 970
1968 1969 971
1969 1970 972
1970 1971 973
1971 1972 974
1972 1973 975
1973 1974 976
1974 1975 977
1975 1976 978
1976 1977 979
1977 1978 980
1978 1979 981
1979 1980 982
1980 1981 983
1981 1982 984
1982 1983 985
1983 1984 986
1984 1985 987
1985 1986 988
1986 1987 989
1987 1988 990
1988 1989 991
1989 1990 992
1990 1991 993
1991 1992 994
1992 1993 995
1993 1994 996
1994 1995 997
1995 1996 998
1996 1997 999
1997 1998 1000
1998 7 1001
2 1999 1002
