200000 2000
39320 188802
159846 125128
182775 153952
195410 19798
77988 154729
134012 197003
163052 70197
91397 151269
65672 67268
138169 178463
31469 120771
136690 49413
156327 156435
8106 119741
8295 32764
127992 43564
89103 34783
108124 189227
10399 178336
161381 15855
152731 75825
27414 3223
116332 46128
33839 55792
25394 70928
88181 192874
55382 156673
93537 60605
100427 106709
167594 92383
139485 38596
155465 113677
175664 14605
93312 35296
191616 156301
17806 14155
45179 151139
80556 22832
150364 146905
71823 119927
57491 34026
183713 39257
68883 136157
116639 20727
43797 145367
144597 146290
128429 119364
109994 133022
46196 98885
118502 96307
114375 118215
126562 118897
43604 20949
144638 190924
78924 177020
27259 29097
132775 103235
53135 183559
138419 88073
182749 193400
6333 20948
124941 73127
93191 34084
103408 199239
164529 94992
98543 79784
67877 167966
4046 115970
60510 170689
47398 65743
157344 101323
67016 82608
119184 46277
58627 11366
60447 117144
129903 26678
74425 126093
82621 191933
41495 65941
198823 93969
134045 35990
177717 60100
149040 34233
69081 131536
172307 28829
78076 189673
155956 149758
55333 34430
116767 88500
74476 160272
177520 70161
171525 137603
188136 189473
88649 145270
23835 5552
181898 17230
183315 171858
143138 189703
20051 51809
37949 63666
60936 63615
90874 74941
93506 196918
117230 64444
144148 138058
21316 178164
130973 98692
180517 70437
10029 29036
196939 162035
114484 8383
184804 79527
93085 60253
51460 47659
72327 187494
62065 83917
102771 42065
106068 185373
105507 108625
49254 182006
186823 129635
97298 104834
159948 189365
80559 170135
94034 153049
57264 166061
140607 137156
108639 89431
179851 180844
3486 9524
88630 36000
187578 171834
5423 27847
137514 41200
167056 73215
82025 141751
8963 7322
162923 146070
16520 81767
100409 28219
51746 78558
192950 21153
129276 2657
178355 171869
43813 101001
131324 56990
197209 10955
199861 77640
35760 197216
40396 104028
96335 72045
76565 9346
36635 27067
196090 147289
13897 27959
137186 8589
160525 161091
45947 104247
38868 191120
129746 88348
74657 191344
101550 296
43484 48667
83208 62662
93405 17194
40317 118922
18978 61767
157884 22487
97052 29513
65294 185067
53529 28612
161387 28321
7321 17886
8143 164334
44158 24163
30465 43851
164051 105874
146780 50115
9699 193227
53424 76876
80627 11514
98389 92142
150162 178859
162222 160850
119682 62711
193178 81007
106295 45265
84929 103921
129441 88655
62958 145335
195182 23756
7282 151757
17330 115489
24991 121592
162058 196232
118141 89438
112557 141419
178071 196555
35150 113203
78832 180106
30807 11567
162825 137593
98413 107067
102745 14175
14217 34095
133045 9245
187434 33731
26047 186897
82531 44224
129631 17401
199592 195747
77650 99256
71731 84872
3622 8187
43002 189708
183871 89486
43439 178620
193515 30240
127127 19309
25082 596
144858 193558
168739 169754
78499 167754
186262 77151
36546 42821
176275 184557
134336 121458
81685 190989
113192 110836
151082 99279
93166 154677
96104 21177
180612 188724
161429 124526
146510 18565
68237 61128
6203 16249
175407 189933
181684 67276
2437 161130
47964 29716
88751 3033
130601 189886
133617 40843
119233 122221
57680 6119
4660 170156
139163 163264
151816 51728
136677 28211
13509 34805
33596 102396
195018 23350
135382 129384
30736 198765
7102 78465
129475 8704
51844 138072
167375 57242
69949 169450
189901 167438
136201 70821
51615 172130
50766 30074
92118 78961
184265 127873
70516 20959
20135 15217
44565 54883
32613 47944
78732 117718
80686 157361
152146 125527
81551 65071
99794 190178
18999 12363
119849 47323
136581 17711
139406 162943
173209 156361
81839 152722
96404 170146
42946 20361
164747 150593
35335 108952
121743 4202
140292 18614
157989 25792
185291 39170
184013 185593
143790 174752
20595 124114
27615 135104
113235 198880
106197 103292
5635 21498
96742 133887
155240 144642
19143 190537
185410 76435
158557 72811
151654 178528
195963 21770
100363 81796
2274 74683
165193 197751
160951 195179
127476 95416
50950 30633
57635 66252
61592 43465
150330 138762
89157 67534
126960 88165
98189 120319
85144 56515
112980 44453
137334 88605
137729 53730
107987 15933
6606 21155
182307 93796
114819 122525
79206 199413
119656 170684
42703 194599
27669 81050
91600 9848
123426 15729
8692 183312
57186 40057
130275 144110
81569 7095
141430 102739
15077 163269
179249 149350
166219 57375
88276 16416
121588 75951
136501 21105
83675 11425
37574 145592
162409 72608
192724 42968
27155 80613
28723 62130
6241 141078
107644 70079
190271 161486
22827 127768
151904 4068
197684 158139
30161 31888
142441 89327
20483 122302
140112 38468
6127 74260
60528 122847
11768 95101
155768 79699
43954 100355
92884 174013
50824 87649
90594 188335
95609 135036
37697 9808
178018 196710
143421 182581
187762 93950
21278 75460
92988 173561
86580 32503
167920 129880
109088 7365
55712 35763
16346 62569
70576 9405
123408 49001
31448 95829
172191 149061
39948 161359
147547 173017
144842 59043
141538 77815
89084 21051
67608 67512
120317 73602
105877 119676
120299 24090
180813 55636
158519 89114
117853 163864
19005 180555
159642 74578
104010 42111
46108 156539
7468 51500
59794 33014
60800 158860
60679 131239
13470 4690
186203 16574
197695 76631
28580 179123
47924 176156
91918 33945
97626 14079
149574 24760
21742 55158
88356 32118
116178 58677
29531 63748
156490 120927
161260 93257
110533 171173
77618 120428
138574 198956
183384 9477
180003 36367
35683 154755
16161 4312
120542 137
187283 80594
28466 52127
100642 96216
168695 145133
164133 24086
166353 190402
172070 110732
80922 106864
120504 148197
43353 49381
114713 86242
187759 136718
53633 160398
29335 87144
115675 84791
283 162136
32386 61120
151450 85581
2643 38754
150673 153764
175606 78902
114496 69861
97049 140363
96721 32392
26816 106799
129 37731
22094 158500
61615 89394
168925 55486
53471 185947
42060 68232
124701 105170
99657 49776
182761 27383
151060 146550
112338 187958
78606 152938
185202 119320
161258 54945
88980 39134
197231 127115
152383 131340
73500 98821
83103 67779
78249 26
174705 106427
74775 150734
181904 42531
109807 186425
88758 3770
2121 169188
194842 121942
179213 182073
42754 76663
165771 188248
88465 56059
170690 97212
75197 171261
73325 179833
2586 180745
73640 126938
36310 19363
184764 23853
149522 57815
35888 34644
181624 144099
172045 139668
40808 53281
126597 70745
163287 75119
87190 96189
38203 96339
184328 67624
147695 140587
120269 52171
148840 116158
15211 43023
116063 124289
136380 106568
176253 32474
45923 179184
154718 140927
48605 82277
28827 56740
159306 35201
170999 5000
26511 35045
4623 36816
86277 2689
166174 399
175884 167955
5800 197781
44070 191220
85436 140801
37412 93739
160650 15672
69472 1161
19604 196869
98418 116171
91915 32116
146132 113122
140503 189625
73427 98117
112519 111632
77908 49163
138722 152120
11100 135863
18008 51274
127005 22012
11068 173315
126196 42950
93549 90121
51032 199442
2157 164233
72469 57041
119519 71075
72791 82771
117984 103659
98526 165660
34487 15561
76956 122260
98366 105042
126976 134175
13084 95892
176613 96319
135570 110192
64186 155201
174326 124728
133102 52459
56160 130248
87141 135457
130842 167208
170919 138174
140024 188024
44900 6897
72327 106379
97440 167199
115296 108542
81135 193961
105314 24706
17802 145600
198529 65417
48928 68734
135986 150595
39171 67814
76314 56247
84827 195287
124974 92867
123119 140636
152378 50427
58788 134257
173615 177425
162708 87338
5857 14692
106934 39849
90181 141810
172145 31748
179755 35220
64840 169780
61605 32441
22341 181324
158367 154763
14095 103935
22760 136257
186880 158687
148398 58497
94378 80981
41464 7836
26612 33736
195275 163510
96213 158392
42129 155882
181256 23588
184551 104800
93225 9404
66287 171464
99611 171182
108666 171890
181386 105504
47665 112116
187382 163553
196660 30350
99426 22836
157356 109392
168482 189681
56040 197737
116251 152519
71156 83785
173906 58751
174957 83158
99910 37665
156689 66742
138108 178908
21592 195934
82452 85678
39144 131510
30130 42241
88367 36179
135797 74402
132178 9021
349 5504
145986 105714
34589 109965
29576 162228
108268 77612
94584 170937
26482 35604
18271 173039
164303 87274
31515 95882
89954 41646
149390 173919
158107 85466
72729 177246
76884 45793
60887 88537
55625 17058
58691 83610
109401 167350
140739 80476
86893 117005
109834 104077
64397 65544
179178 22684
183283 26859
111514 33000
121566 157060
67700 106975
119348 138634
70523 117380
58089 162372
58142 177333
100191 183317
17816 8534
62753 69093
69688 185204
152989 101740
158700 8820
15791 85494
69624 126895
185838 7057
30702 63167
183325 40349
101388 147863
19028 123582
15682 105457
191094 60827
178715 28559
142372 106087
159849 42383
66034 155510
139795 170573
67539 12137
115522 198572
87732 168941
84196 42189
185047 54779
181137 27699
71109 150847
66045 171405
6002 15097
68508 120874
28732 158531
103665 106103
189747 120339
54489 88971
96986 162194
194246 129757
1295 59207
188009 122369
93461 189648
127266 177518
93563 40688
123737 59666
73382 185610
17241 69889
132277 4036
54169 4223
60682 62124
180307 97751
7057 148770
164195 168901
189002 115365
162564 56592
79142 61323
177882 104665
180551 25122
12367 35746
72988 146243
102738 143857
175792 8091
139529 17627
155023 36161
31065 184755
55552 1607
193696 87538
79797 3257
6104 196890
96017 136716
148302 125867
66395 192578
145116 124437
42877 59226
39736 165866
182663 122754
20262 2304
44908 92033
171393 124435
62949 147924
72347 98128
188627 13164
103124 167970
55643 28533
156177 183527
119533 194967
25085 14336
104484 148590
12440 170889
187941 60951
108763 143989
104408 39659
116444 197475
131221 3939
191316 64773
155356 157469
139389 92921
37241 183451
78665 42542
11391 32068
15365 11254
108379 148435
32986 42794
69289 112017
189007 164707
86114 100051
42375 129556
5696 70576
22991 78913
42932 78657
42354 115429
16118 153115
175301 143620
42743 60889
175898 152993
168282 46513
62379 43567
164283 149523
194135 1670
176918 22076
37184 141760
37300 88428
46386 148007
83217 8897
96489 136805
25711 181716
98152 176298
119322 194740
67531 67701
847 126764
118575 118596
21499 22916
55476 39515
126752 92145
9493 168476
38979 57142
134161 152886
110354 133959
174872 65944
191628 66162
186712 53423
151454 196419
199333 82019
88633 145299
43602 151484
172418 91818
5672 100711
28029 140569
108740 170023
90022 4301
23167 8378
103125 86767
75575 178580
2636 20365
35503 69987
169841 31038
42153 68052
135719 195825
13526 24989
87056 18162
121426 70145
119850 106607
194171 97336
124478 11601
125375 132511
75949 81794
120143 11833
101399 132642
111079 182510
192269 179001
117616 62903
158015 18961
79630 144910
101675 165238
195193 113508
102283 128618
100778 14528
105521 93697
42231 31306
31054 61417
100500 123888
64586 84793
62686 51690
137009 21172
66132 199548
159442 147617
73402 276
152044 8020
22678 33972
184957 69184
114289 60949
105246 61476
188099 6856
61002 171456
118096 173988
48966 8325
35359 75907
1340 57161
3940 190315
70355 66687
55013 170630
86382 50300
111154 45768
122687 107268
1787 99742
30498 124149
28633 134076
66309 198439
108831 55911
24438 11748
194096 25113
147919 189789
46046 4542
93145 26484
158772 20353
155856 89276
107655 18367
103728 69598
159081 7420
28965 81535
137405 10874
49344 138794
155520 154408
84808 12623
7701 120065
73864 43035
161464 160224
151516 146193
197839 127281
30701 72403
139098 170632
132321 182228
141040 68165
9422 20810
65683 140405
26223 63013
179971 62959
83384 88052
186489 69338
19444 103376
5575 125322
2993 10389
292 27894
143873 143392
155053 90252
37751 2024
180584 9378
188547 138896
158164 54632
120646 140201
94796 168875
148709 136141
6294 24585
66616 14779
109268 132141
195410 166558
78137 89974
161907 103762
132137 11337
62771 163790
180389 146827
193748 46235
80913 141230
166466 66651
16133 190410
195968 40739
12858 195395
13876 2251
103314 129682
38378 56070
175841 153695
77920 4681
85770 182589
46668 26895
133247 146640
535 79310
182597 186263
65657 86390
69020 75541
180663 116335
82655 15280
118323 93657
133925 35299
125595 112841
39006 72699
34251 23427
116962 141865
29246 120788
30727 116383
75533 16572
170292 103300
37502 34809
148982 175024
196259 136267
199357 44791
148505 179687
86674 56974
25431 84973
58405 87731
160767 138064
153641 215
180598 97472
97556 116829
76773 93644
121658 69379
2217 85012
98760 76485
53700 45657
69170 149261
147504 11279
173198 169600
147191 127111
137578 56568
16417 12231
74973 67510
105726 194103
117080 98590
137474 59725
39605 98282
108599 37326
4058 190547
105696 21144
141469 127067
66224 136737
100053 184480
181082 78997
12490 144020
165043 78203
12121 23299
22540 150110
35044 113893
166634 367
167646 117429
177507 123030
140896 184590
22497 1015
71077 116584
2060 6711
141312 24981
108996 98360
125702 185878
109561 112800
76392 121534
110724 146763
9618 80199
36144 193245
92674 80439
144151 151011
135036 54194
197953 27659
64481 25575
140451 36485
51870 137459
25421 86741
174792 157123
81064 12912
3964 195589
146094 34809
110358 151057
81222 182860
115928 128730
129064 149712
90585 196745
131286 154769
144175 141283
75064 149306
73205 92498
116289 154878
69266 115710
20022 1042
2505 88381
125685 177481
20096 31151
122061 49983
107459 132952
33142 112187
145225 58936
4021 24702
168934 17128
12905 96436
40206 66483
181522 15997
145680 18041
48460 46244
65842 5038
191903 71029
128224 85466
197024 124619
13222 22988
76609 143359
41464 158043
195860 125545
78257 96424
15252 38005
1062 160350
125555 132037
116873 57740
169379 92584
25317 45912
175605 31752
77990 80782
183607 131151
192126 12166
130854 156875
163779 74862
147958 77682
60927 8626
120648 87860
170241 44151
112461 74619
170124 6034
33363 33468
26297 86469
145659 153927
28096 59310
152241 88268
38988 50394
189668 149306
153617 78082
75293 13622
83960 101847
126444 133647
187526 4477
93689 27225
148475 20412
36742 96513
34342 53806
186005 44556
103125 23844
157481 133908
105341 148666
96296 76505
6484 152618
30598 116178
156398 173262
186329 171490
43653 106176
113683 21695
92985 117887
26838 176420
197371 33867
67193 49661
166597 197142
124686 10354
181776 58137
110095 85681
93611 130402
84560 138971
15861 52115
86854 161504
95261 14641
37675 76210
12643 174767
108516 5403
33413 48477
198312 129425
122575 136118
47127 73110
100972 9170
180599 1924
156561 162537
97300 181173
144595 68588
129226 157941
150697 198315
50755 36220
53780 77220
135165 155478
125674 190405
54354 132796
100987 1348
145357 88143
141555 152685
42701 197317
9510 69952
107635 102489
127269 187867
180966 26374
85151 194259
11886 140389
154952 193906
42204 178976
33038 163702
199369 69495
149177 11432
113863 48674
144740 18133
97191 21823
178067 36662
36481 78050
145839 91732
127985 37903
152403 96627
13333 15968
164002 111081
25935 48286
72837 15955
46801 180860
161648 108399
17547 205
322 160818
19699 184127
95753 53492
83688 186790
55344 153628
130496 32123
78302 30308
196600 116987
98115 106279
120417 99860
55367 5713
174588 89748
193104 116320
179501 183060
122852 191683
172387 21314
122873 21932
18226 160778
195313 3844
18993 19792
192307 199609
72 6739
11589 44154
53751 71011
35260 194205
93530 47476
21924 193858
170768 88557
45274 24926
163049 186046
103882 66323
89905 76360
114456 161546
56288 81316
126651 187879
102674 140422
179231 195608
144196 83574
101647 63757
132453 158374
65309 161419
131269 84514
108425 54234
69687 8786
144611 177928
111344 30443
80059 183093
38910 189265
157254 166689
86344 10340
132179 94188
184070 85483
45617 120471
132846 112947
8523 120963
114255 124534
142596 166834
126939 94225
168854 178220
114951 10493
25071 24445
148020 41417
50926 109319
163132 177405
194464 39794
52491 40989
54069 113516
24459 57194
178773 89812
100027 50497
170790 114712
59388 77676
95884 95425
87195 61087
88427 19073
84950 79906
138430 92100
26773 3207
135710 178402
121701 64597
195393 98369
89607 229
4161 80555
62227 84892
31752 77785
66729 43359
4220 8460
197613 145679
169980 1306
20987 90287
58760 99116
98745 28393
44662 185751
93672 110180
20660 39003
52049 155165
36158 129054
178599 68868
43992 197563
85559 160162
153637 131338
179907 96286
189085 60701
73218 13266
26077 185498
100853 34424
99527 77133
34919 163655
172702 17489
174632 5600
146683 196558
193569 76522
164590 189796
199212 195040
90509 80262
151785 53303
23425 36661
180301 194420
85672 82447
20364 88224
62541 107902
73735 103143
26310 112617
40870 64175
57631 177932
85818 55832
192366 96589
130126 88010
177710 36620
49013 180248
67583 1688
135805 198778
69932 184165
118013 98431
116938 122257
4733 90902
162597 74921
160643 30635
86636 139610
74911 62330
194975 59402
36599 65353
103427 30784
45563 177001
156268 77945
151407 96204
75229 147686
100782 157690
155454 167732
173169 116340
7771 142479
485 5432
138774 5046
184746 187057
56285 9281
140882 129114
72927 147718
26333 58280
55626 164151
18483 199598
8597 13023
92638 76034
55276 130638
69295 28082
29393 6703
110338 147351
6412 32883
30712 150602
100325 88010
192756 46507
45875 73371
188722 83907
158237 89700
50376 56423
31604 142891
59526 126754
136469 168890
105288 16508
61438 156524
12478 25862
23127 173789
111418 75074
90828 169435
24670 23803
183710 122559
143556 98128
105885 144304
184130 77153
59571 2074
41006 37804
127563 155294
172469 2135
110291 97503
27824 197782
66290 82259
90540 124333
182098 104733
23540 25639
71173 165286
168631 70391
63 139628
105496 22397
3979 20533
93439 131580
106527 91517
119084 192389
44975 77129
110969 138653
88696 37569
70088 108101
87233 168393
60848 27822
177558 194438
38951 138659
131379 8923
150903 71726
65878 171074
160340 33604
161841 194484
135210 133723
156113 155062
52512 44577
150712 15669
27064 43035
173154 40909
83843 30285
181847 99620
94190 9918
166626 148694
113594 192436
72214 152269
107344 185246
34903 122582
189464 136994
148487 41980
195211 83305
62668 182584
82544 11470
105992 29660
70863 147417
58656 40980
169875 144142
54890 158901
34154 161402
163037 23519
20417 121249
199218 13490
132040 134208
62981 11252
29559 116189
42337 6871
58182 160494
14923 132331
76950 1630
99114 18675
198712 69222
31541 71705
103897 150272
117105 117795
108711 139322
96636 150559
14519 43607
3506 179568
171720 166289
103008 156460
66960 195070
24651 165436
22911 80652
34175 142737
64441 80116
27857 10468
170787 141613
81258 165991
186407 139869
163874 85113
12362 71326
163749 159371
60376 115665
182674 114087
23044 160904
54696 158971
109490 121021
38857 42263
124121 160152
103988 183135
35440 158822
10205 100205
67052 75178
114586 94466
195452 54891
179897 41036
103637 101446
185176 149521
170519 20779
14583 117276
190244 101643
74490 85698
8793 62574
72167 168369
42700 64317
190973 75786
150066 132180
197251 78663
167418 95454
162662 116450
105950 75202
196310 147642
117520 194969
189923 125902
128459 18569
146517 94781
165113 33316
76078 28111
2861 135158
67346 67676
55230 115361
167975 174698
69752 16254
97941 159233
137831 160524
176221 95275
103832 103513
14084 61410
72216 136167
21749 103645
108273 129072
181828 114195
11798 112606
74397 102293
81721 146024
162468 198733
44647 26170
183788 31494
182725 14095
9401 196392
135599 2990
78477 2975
84328 23598
113713 83264
94664 171089
163887 122722
174283 195870
190303 89084
197082 36440
21796 140732
86804 39517
7528 193956
96685 99246
22056 21055
103967 80071
132082 187476
131320 104215
5263 82667
6342 185940
31164 16412
169819 53525
30200 85091
154238 179441
99489 42025
151381 17887
71214 156288
2301 112099
138880 15125
101792 33041
103833 156134
26039 50967
152435 184760
148727 7921
155586 167028
108115 175656
5615 42026
17996 167674
107017 182823
28646 103766
33313 169610
199205 199231
85883 105604
93613 199341
177670 17778
60999 48519
113048 6993
129778 44491
168505 55802
117476 106928
97431 24282
91386 166167
166715 22497
157881 89588
189143 199051
140376 111204
3038 132823
76067 53905
195267 124368
19166 185333
172114 166533
21871 59487
161302 157076
73391 39394
84488 140972
152200 151676
9841 193846
177715 52641
82739 147859
4304 122709
76554 161359
148769 144044
182301 106671
22592 28005
26844 199357
153652 19677
50965 2468
41279 154330
2783 99019
74194 69756
53502 149669
178133 123417
55616 36211
149708 68644
84396 8515
149140 143630
18149 89125
113250 74281
107143 182683
17718 166982
104839 42330
2518 74343
175644 70076
140960 26125
39644 171603
104779 128780
159477 117055
182602 85572
136841 17836
26250 29991
49851 160073
63578 152046
127703 134474
34197 148381
90497 52984
147103 41092
190704 57010
30257 183924
88785 114126
172676 180108
47358 196643
9361 8465
118874 103446
119437 55813
185948 20393
48255 94683
134334 150268
124540 466
88952 181492
124920 166325
171782 140064
40379 63709
17292 162968
183136 41471
42556 114056
20404 94661
54360 133601
74380 164764
13240 144696
194034 119704
146643 39503
23456 165057
48635 155931
68339 180444
28255 31936
29645 175217
2364 194454
148416 134502
51439 194966
189115 191546
56815 91454
45279 54488
111230 105292
44719 110750
92669 16346
180745 187181
118785 44581
135076 6363
72570 180394
34110 92992
80303 71770
36767 160855
167577 58838
870 139606
160923 26399
129371 192731
31607 22275
177141 139180
88928 31369
102617 124185
75148 76149
135856 77820
63396 133828
107686 66956
149644 42769
135695 23578
140878 137087
33153 135526
159997 146440
61239 89905
39059 192524
119659 111843
165885 87202
140318 118215
140253 123800
190083 408
97840 220
107779 112334
768 98285
128622 83227
108648 161148
104383 72803
41809 71221
73416 18062
111794 60438
168740 83250
183393 164982
65098 176684
186077 122195
167609 198246
23963 87785
149408 21849
185589 159830
22653 96186
67773 164473
150208 145154
28651 5735
68971 181289
110507 82312
39755 109824
171078 21808
171223 81102
110933 58271
36463 164957
163643 70252
163414 108302
49148 197056
97004 103772
135489 113747
30180 178796
182784 158925
137578 140148
198294 157832
116593 44608
122763 128381
23758 50385
36144 20453
53166 48391
86518 132994
12586 27235
60934 127054
194209 169774
145714 72812
46752 58666
185291 60840
54045 121102
122692 141078
71256 26947
142941 158301
50078 194559
87058 133958
37390 133158
44839 122945
87645 100608
103736 10579
5886 153288
165328 158584
6658 57632
151144 144464
147298 123996
73290 79268
190269 173857
20522 123489
6725 156582
38043 21735
105667 18834
147740 44414
191069 61013
83725 96504
95106 144808
193341 79718
169935 26489
74985 55218
88023 138459
76485 172374
42354 105805
71581 2534
113006 160072
55452 6786
85383 168473
101732 186675
64218 82285
102347 25134
63611 137674
165070 86729
127816 155325
189007 90285
195740 175468
71456 183210
110739 179080
92926 107789
171903 171891
13112 128064
44286 146854
14042 118288
40690 112503
141472 194952
159533 149761
130542 170923
70769 197929
100969 85436
19760 84855
103772 175037
139495 131699
69442 101683
60963 50338
83172 1814
281 61376
166634 137453
7572 157618
12063 195115
98839 180878
55321 120933
123091 47248
68199 198980
64441 133704
23473 7211
149073 17089
155065 30024
104036 28160
189657 80379
40667 33237
197288 199214
10883 74636
190741 46949
152361 178496
169565 102817
56495 120909
172669 23512
163721 9402
89470 47303
83361 155503
143689 75384
128778 23064
190867 78646
64476 193628
24704 63548
54088 144077
156367 2966
151532 138422
55957 90190
161998 197741
188571 43517
128726 126888
193768 80848
8222 86308
144048 93732
11458 148108
81752 100821
158332 86338
176264 135078
8833 123671
53522 118193
125246 134671
103062 150541
4401 30582
153925 116046
151574 35539
79259 65204
117019 14110
2033 192476
127407 172070
151902 192174
16209 32687
73517 125954
134113 87906
11661 19544
49841 72171
36429 173608
119717 25697
142505 21881
184942 66944
197590 180238
194806 102471
24044 114208
63018 18041
107376 124787
180692 44008
45538 104317
193682 72144
133732 92020
191948 161041
97882 160994
5195 2741
178355 54869
102293 10615
33248 5169
87096 140961
75554 194225
114448 186897
21273 1446
177149 157871
37258 100059
170257 17727
197888 173490
155433 50764
37475 76660
152623 140025
165561 134203
110290 8719
5558 27798
108670 79063
112730 85971
124362 135839
1683 120529
62293 125259
197344 191781
149117 30984
100961 185704
133226 69657
194941 55065
152868 14869
23462 133766
160702 60979
133082 114804
183212 92737
120899 56024
42520 193104
118315 72235
79908 163667
130452 32296
59858 14159
45527 95103
148766 140327
80680 13705
32536 129259
80552 158089
196802 87737
87913 179490
76 140362
64531 74426
51846 45770
76832 197128
5316 126898
57083 21685
168029 71344
61615 5414
62032 40317
94651 162168
16673 23078
25140 97032
97671 126147
151982 79328
59495 71635
150190 109340
172298 181566
146131 104292
14871 96629
146470 159591
182664 75789
11109 25914
151421 105553
49604 119149
123415 142980
56181 104157
54515 95336
65487 112291
46465 102555
71927 69452
65940 55264
188951 59826
162579 161920
84630 40363
169646 4806
41133 87571
190236 67228
59989 24422
84607 99730
190551 145597
9691 127448
65941 152123
99515 145539
136745 53945
35981 25669
151693 7295
92954 653
147703 164420
73790 143944
102607 192626
151906 127398
15975 62955
159999 145634
97410 122592
85206 50807
189186 136281
185508 170455
133234 112233
148060 152515
68679 140293
79998 77309
69333 182931
87684 31016
177222 182971
188491 192320
107821 70388
142205 176944
160705 189383
155090 51469
48929 82017
171760 91112
139233 18703
67255 94186
64472 198550
37452 128596
12219 130208
49725 156450
44356 33838
127600 172435
57127 5221
149688 150201
101639 95214
156857 31580
121739 114164
84181 28051
39055 100933
156828 105847
83273 47562
26490 36595
198540 162583
109480 24584
31688 47707
159817 135217
125500 178108
73062 17635
129375 32048
112392 149102
133137 43274
193187 70418
75429 126472
6065 145710
120615 24747
193116 177249
118212 162232
149140 138650
86389 97621
