200000 2000
114003 150879
108345 187588
1618 102604
2423 56840
104843 59738
187139 56252
32664 147527
14712 127971
125074 45075
118972 28420
18546 165392
180398 112603
28285 146565
6398 84913
6427 81433
174735 195292
59689 93594
1842 63992
102007 142767
186276 2924
115947 148854
191120 116958
33623 139222
84195 77605
124734 164971
25067 84466
20367 185730
65254 2805
127840 152249
88751 35806
24246 30823
96882 69456
128350 118338
100406 188873
27181 192249
46460 175067
13014 129479
63708 194485
180289 21850
132839 155688
157778 34227
112272 15518
42334 117938
154680 98780
129301 150451
172687 9503
18395 128563
37468 95836
117770 185364
10274 100352
79326 148409
97596 49245
103358 63766
141162 60088
124310 192876
2992 118380
186168 189069
177406 91838
56224 20807
122871 32437
85032 123248
136575 159732
154211 9348
81891 17703
83990 90322
70310 81830
117275 187179
75982 47127
36622 65222
73 122789
12178 167930
6739 126368
159357 26646
94993 111803
39422 79724
68219 63977
170335 175012
147365 25001
137377 87133
114559 104195
51012 182455
149194 58988
110391 147429
136635 142418
55066 61394
23433 68970
17244 36544
88949 56004
97911 168079
149001 159393
183387 29916
67824 168811
79748 8996
9908 133764
48121 70904
12668 34603
179910 114774
56996 92239
125937 54414
147733 183347
102747 14295
25461 156809
141663 28061
137289 79879
68555 164941
78485 157776
163486 122542
191350 99151
180842 3541
69103 26593
6066 19642
105081 182680
149500 169463
41763 7015
23456 63802
151839 7320
106925 51768
142713 198238
87520 142554
72390 87818
4729 132455
132288 77876
77966 78722
83669 178746
187383 147295
21564 88497
132601 107063
188300 5496
31036 159688
17665 60641
29114 87006
41571 161529
6053 87800
137354 131296
177099 147583
104230 128077
66236 175627
191039 68890
126101 162220
94757 134334
9021 152557
77060 16436
25031 53724
152425 24755
78692 48770
32013 177048
179726 112982
60793 127287
64672 176799
60497 44547
136044 133953
52205 42679
157075 190535
182820 131352
174122 152363
24615 196527
10792 121395
198053 124393
121633 83018
172046 453
67196 4905
107662 84448
25425 179490
4226 132427
136190 76309
65299 81451
168623 175836
79309 62166
146299 177636
86715 32484
178758 116512
31231 97330
182810 60552
177099 151562
74973 58853
137523 76914
59921 107266
32462 173134
118353 97771
41241 129943
78265 54884
3146 154761
32076 139308
88306 93776
110559 5473
129106 74235
26544 36757
199584 198760
184556 197883
75991 5850
167537 199827
136684 15593
55904 183068
86223 4118
11338 20701
68834 5603
152522 33175
186012 165077
196299 64880
98603 141098
3368 144609
79315 100510
180593 81245
115512 156655
90600 24767
179589 56340
86992 98434
102180 188887
86524 114606
97006 108445
155717 63824
186714 58494
20763 125032
57238 17579
31383 17518
91309 24960
169711 94686
9527 38601
130673 25697
184706 141248
2258 46586
134984 186144
143897 40082
17520 71696
185114 148277
158453 198914
96628 164569
32085 59405
82110 30031
132517 64934
137168 149096
99858 71565
69536 180022
100576 120418
172156 88964
38851 6544
69724 106934
182725 20044
158329 14219
35899 196001
118181 158014
1269 162564
196981 12046
82237 152897
125977 64998
99215 143232
20706 16245
110151 30591
32296 29744
158173 126340
120987 150987
44786 83903
46750 15228
95471 94128
42556 161300
179943 113895
46816 45171
44331 49703
157590 171499
26270 194869
45353 197321
89204 157302
109286 75036
59043 94079
24170 54470
133174 108902
77629 119564
56358 194053
14828 150117
184305 9055
91741 181579
42515 19460
53988 93133
7924 21447
65944 46603
137515 72340
100361 113533
11572 71445
117025 94572
120708 92174
81046 105165
35062 132496
88235 163340
68416 182663
170660 32034
182632 115713
91120 119227
67893 154374
16250 66069
183633 100063
93080 106522
109861 88517
131100 43521
75687 95296
166681 131193
144571 147932
137799 171444
21994 111164
22094 80688
159731 107715
179581 79938
161358 150417
114073 188424
67364 168408
80412 135808
64976 10689
187718 141556
105697 4754
132472 98638
183542 28852
85756 103763
24599 37551
131214 70804
16444 140893
117566 145566
115041 78645
6271 43992
181941 84974
44903 12682
115815 40846
157992 45936
114646 82568
123733 47273
167355 42741
70022 68982
152814 31843
141836 122553
84256 88207
29652 28140
31464 37723
149788 32606
23330 169168
192145 195429
185912 131256
132516 130098
20990 181993
103666 39188
29716 132947
155284 91947
40112 102113
51814 15240
132953 160278
37001 189331
183847 147778
108058 106878
46792 14250
30720 163047
64738 132395
93388 133842
6858 33927
35275 48322
37269 141555
34301 39600
103749 95429
148500 141989
89203 198751
181510 81924
116866 118603
57451 37949
49632 161795
121494 133881
55940 9271
118937 30836
154681 53203
185819 130079
122422 43876
10109 140853
41794 33361
154200 170684
104106 95858
145547 42158
5149 601
56661 167800
125530 14850
148547 96069
52634 69378
4493 195187
48317 88882
120486 196786
153818 88276
57009 6107
163730 178895
44855 71158
110871 197444
46369 175591
179286 138201
109633 75062
145222 47062
43756 160066
98057 58859
181342 19383
161195 110398
72744 158950
106338 11608
153204 123564
52509 182988
172185 163953
121716 101099
103331 9430
35348 139630
69305 132658
40992 53247
91077 135581
53092 132724
4475 72408
27283 167150
159685 16765
199950 85922
37820 190245
118295 181270
151700 141558
185582 48884
55869 162755
139782 99458
59453 188087
56750 91905
105850 57835
174353 118741
155744 11342
172675 79215
43571 97652
51847 136977
125601 99639
22185 173103
61304 4807
136759 59233
153542 168806
139441 191028
8973 27144
15786 101183
174774 59147
189937 39585
90935 15618
47655 195045
172554 37819
12309 115132
8257 12617
116929 72807
128052 26141
178151 162040
83509 84778
57318 130683
120428 113990
53580 174629
34724 84556
110863 129638
116965 18604
127879 164852
101647 97776
30547 171745
104257 188148
193425 8000
36823 193851
24443 136426
59591 30792
145863 110330
22387 175476
105636 2200
180512 16950
20992 122486
71606 158489
7804 44941
54413 145892
126994 139135
90592 194032
24984 83618
20350 66544
50799 194910
152632 137240
101660 21488
25860 128803
86894 101157
29140 90102
117984 198409
175967 49430
56488 6110
46440 10807
162731 179074
18181 49871
26631 192459
198110 10958
19804 126056
11206 18117
199891 155682
124612 1475
88698 84215
31090 43490
30300 172068
103692 78567
189113 128144
142592 49179
94302 78738
138237 160590
51899 60122
39340 114299
145621 105201
178327 122482
81474 10107
85428 35566
155341 40616
194593 83974
127492 14969
163127 104993
163864 184866
152474 36029
106580 87714
143056 75897
114209 4750
915 164168
56982 47032
151316 117264
43697 32096
20177 9060
115090 106576
134340 189314
42871 24600
91576 112725
70734 39338
2449 143043
104248 52303
195154 156977
56200 196646
120465 151474
67332 134664
181348 147617
47354 33131
23915 68229
163603 137300
70811 174662
60515 184017
24068 77808
154155 111171
174954 21313
120281 51171
160269 103899
133538 170576
17270 108612
185418 76205
100495 193118
123028 134735
34393 11182
161852 172604
55903 52346
96064 46001
112934 112110
33725 133036
89643 196160
140076 13533
174266 178255
90833 10142
61289 65780
7826 81966
191241 115432
103778 30777
198368 195389
118867 122044
70182 156191
44027 59619
86203 152639
47332 175511
90365 145400
27937 63602
125761 35578
125724 29730
39496 155315
26615 186303
16060 61319
91297 183791
25094 182338
60571 49632
109708 170996
93897 149585
21421 133058
93997 106969
190647 171819
181569 95978
1582 118243
52812 182763
98568 105791
19329 162468
59079 33245
7370 114612
36749 151416
180163 82358
63004 43192
29998 140212
133262 69149
124195 79293
90451 40154
121556 83216
140622 178853
79526 169331
112387 149415
154082 126113
129223 57169
135224 3995
69956 128613
151927 17458
136984 76225
84452 72571
74885 123127
143 76665
150946 158009
28501 102086
85358 106225
75266 4117
63285 13673
174673 57302
118300 88982
98656 135396
27527 183263
101834 70675
59925 119051
157362 17479
177955 32324
56024 103791
182906 180270
10132 189063
63705 190596
176955 83764
11156 24021
151266 170628
64634 28637
28726 135085
39605 16021
102248 41505
111420 123872
78 36287
68469 25740
170540 132965
16991 168039
52582 41028
118295 62430
162000 65047
162313 166233
8990 91943
179674 100449
82270 84607
180570 84974
163365 30668
155409 172679
6327 149778
99777 104479
44404 92553
108394 34668
133239 67295
100605 193942
79945 187927
115033 15520
42202 3432
135306 52006
73222 13220
189033 84244
150832 178871
66169 8452
3209 49124
166313 90390
92124 100142
129745 34641
117268 128139
48888 83409
52767 58936
198781 88439
154688 43901
91311 118714
175559 99444
24456 74789
82693 183256
60110 14564
103394 162928
198928 153073
38350 101110
51059 60207
2659 111439
132126 177102
95911 61162
69447 8896
167475 143185
54038 93529
163930 44675
182738 180789
177051 149736
144614 114702
29863 7525
76971 196021
130660 195563
134896 128467
30263 174972
72148 39050
76817 137395
8978 100375
51649 130031
177796 66992
126718 70988
85276 134638
120476 153477
113631 137998
78631 180864
152573 20
173745 122463
135956 5396
86328 113324
139994 91553
191542 70587
172789 19671
80037 62779
103823 164888
46528 67943
18169 78500
193653 23827
41093 36477
101572 103974
183739 137605
164170 12339
73653 52077
145841 46974
139722 24701
56471 70401
172466 61938
31772 197948
73316 89830
2973 46493
123946 163926
149721 10434
43029 157801
7797 178523
12112 50828
166746 148488
20825 43445
196016 92339
14029 86313
30988 184383
41867 53126
140606 36580
197480 178321
190142 248
100108 128740
50468 18499
36110 79515
99895 52052
58005 13992
144448 99666
99023 37235
107075 177322
47694 62076
118625 11272
44630 127009
194246 138994
184613 80134
38302 142784
53631 43150
12345 152784
71434 82114
63375 141456
147677 61056
123669 418
92038 184649
173380 103802
194303 43739
37077 59180
96951 88513
28909 159409
50984 41450
40003 72961
100293 199623
89738 32693
53900 195934
101625 104045
164229 65434
6419 121729
81769 179232
115965 17709
181568 38802
60180 100680
143804 63333
85409 156744
191924 54591
117527 114496
114163 9283
190233 111819
109163 55291
135704 58166
65903 77319
24622 150993
159216 35633
94044 117939
143301 153048
31858 70966
176023 116339
71710 123937
162844 64691
24467 84339
61830 148244
116059 96155
121637 14149
169637 54072
155913 26074
48019 9704
140821 36309
92119 160682
33095 94123
142446 13197
163533 51917
119317 97336
136799 199860
5884 56195
57553 19121
175919 52210
128329 36584
38617 95359
113253 118976
61649 40168
110409 194331
68391 18104
134894 65155
123148 178445
133665 197060
144812 58510
43794 22809
145769 163139
181537 11868
198651 151961
40866 141020
141081 194706
165718 144801
95664 35809
49530 67848
168635 182411
192565 124341
7315 120664
69928 196710
124262 95697
21762 108609
20903 21147
106898 72301
185042 33669
62611 157312
92802 169378
23121 170737
144407 79614
6480 90455
64314 185680
70723 77889
197705 80699
145938 65897
108829 113403
150438 187160
172272 78457
105166 42159
136257 66199
156078 190538
68338 177228
229 64756
92105 1053
28132 149848
94958 133755
97396 75118
3282 9331
375 97004
104924 35070
93713 193372
41523 80332
13142 14661
56385 40917
176148 149573
156746 92929
130623 190497
180442 10610
67147 57735
129118 13346
102769 167250
184763 60298
2819 153213
176356 108489
75396 54670
39060 116414
127691 159480
145285 193282
188291 82644
169667 42965
84272 66875
116087 139124
198789 180019
50477 118591
189369 198383
167921 162494
130001 188336
110298 148501
98096 190936
160804 176680
127460 19274
165317 149990
135133 22428
116155 101971
10008 199313
117319 89429
23021 161235
86072 156185
74572 75594
196682 129692
94192 45548
62416 131979
176814 60530
170089 154302
19774 179410
156102 47658
124399 195514
32406 161814
109818 46631
174743 4890
191119 96167
88399 61534
187194 177074
93941 74578
4078 82586
168922 122663
113518 188899
51325 19625
98202 1012
126554 12235
148602 1162
184042 87287
76646 94232
39545 139758
103120 82444
26800 60285
113275 107297
115979 186008
154116 155005
155207 133519
172547 158471
124216 138754
47121 199659
16592 23468
165902 110506
83301 185404
128169 47435
154485 25879
20253 133754
94104 44438
33396 159021
65023 42431
839 70083
80525 56165
94820 30928
163437 116107
465 20400
26827 144441
196608 48534
12882 117962
191956 18196
88217 90004
159189 22965
4514 26564
29760 186841
25364 49412
171311 195347
166797 159402
56811 97392
118209 148555
996 168994
134581 195958
55753 82935
112198 165816
107481 12889
49744 135572
82722 181706
128758 21197
23791 91073
130589 12473
191628 28314
83009 175119
183291 176309
56482 72549
66511 59393
188134 8294
1247 80257
8431 170203
23586 97832
136706 39650
19342 173859
115776 192611
94497 157339
146414 13623
120816 59249
96237 132273
89472 163525
187802 121157
5995 43403
154804 35157
190780 155405
68473 113277
54669 167467
173647 157560
88555 139221
76711 114320
157728 199113
78028 20545
69632 4538
182629 150241
24102 112002
59759 52016
107420 175899
109514 139130
134002 193738
8622 86156
51205 100989
124748 31955
155407 176410
121480 164224
86536 139211
146975 159406
136906 18054
121595 14859
192363 68175
13096 5948
46403 30327
7015 46715
124775 175361
50091 163387
190498 143872
107040 109618
46948 97314
172572 23583
135770 23822
40638 169302
132410 15594
141349 42758
141024 5289
125688 98658
103639 74768
147100 93428
167071 153228
107599 50015
52939 103102
8714 16816
194303 68962
15576 184894
46967 86184
45453 125374
101797 30706
131799 165826
111595 25664
191131 9190
19420 153549
7494 185169
59204 81514
73588 111797
122783 58291
63535 70164
182549 59712
191627 62802
176014 147799
124717 38137
199410 119781
110847 3504
165013 164209
18186 27616
29512 23768
149866 36875
186082 174208
69751 142962
80683 93110
152394 165062
137546 186701
1750 199016
101887 139594
105549 38614
154092 120689
35286 55627
101839 35767
30342 93055
120762 1329
16352 88620
32997 55969
79944 143735
91328 30028
66368 189992
5405 181460
94534 118256
85559 188524
38845 72627
110879 132731
127451 25250
55917 181592
58521 159136
174199 35061
17631 18710
190460 153396
136407 183423
25826 60884
122303 64641
138489 110649
110370 180923
172516 75922
192304 160706
136305 31299
70741 77976
45208 77533
68742 42459
186173 199509
62183 110789
159704 70975
118120 166109
9379 197532
122128 151866
129934 123516
34742 123344
140991 153795
172403 189422
27127 86818
6565 32164
7566 144440
74233 150767
179327 15224
1941 65798
189046 80286
13618 142831
194594 194666
93051 47052
7950 183933
73341 126260
183154 164961
176390 193482
84169 39133
79717 174708
163179 99661
179914 162456
73180 113396
90422 49238
73413 174604
177143 109792
140100 175106
551 145672
26179 34905
190270 37105
57872 103029
46291 89597
198170 91414
93814 124041
158694 32514
44583 164322
29465 94930
77248 66707
195971 193713
138646 83192
141482 132135
68799 183702
193822 17748
139042 77213
81255 182850
59697 56102
103403 9752
126494 125657
9238 73529
95422 76748
42765 112093
5374 36468
157229 142707
193505 53844
6031 189252
40809 181319
103622 66045
6566 80884
26352 61677
89652 181399
194013 19433
101641 23133
74075 116631
188806 185637
127389 106685
165023 155322
112032 40002
46063 7166
6020 154462
37250 188889
11611 161903
22294 116203
169181 67003
49857 69015
23568 162823
31959 131896
64685 151923
71990 151029
88623 13809
23502 22702
91385 169837
118935 181430
13210 65059
159450 122468
86952 140750
89494 54889
149862 2157
99941 178979
14402 27425
138053 91383
109329 179784
49080 42230
85164 29522
70984 172259
181916 127104
161081 169343
188692 61935
9927 21903
19705 161258
186043 92787
134090 77625
14365 70194
192245 131901
149805 924
89154 32543
173205 171538
115599 110972
102525 121405
156232 15230
150495 106815
181328 86392
46865 76572
167964 75536
183125 58573
123645 160007
76199 108332
160856 112498
90301 30599
103991 87226
103167 167372
104411 10027
74237 35948
185026 128811
115377 101040
10067 59147
104073 37397
180017 94153
177833 93578
42988 91684
157211 107117
1744 26585
9237 72807
61231 162382
49643 163419
147497 167971
144432 76019
172471 130829
84901 71626
19930 188640
49859 37059
1392 141116
20718 83106
134760 128608
75179 181989
138976 95834
107529 46382
174746 56114
167584 5816
174275 89221
86675 78767
81980 148802
89299 5319
23676 102896
102050 127048
20873 118157
1304 1639
37754 120300
13378 111851
183126 30820
156373 97233
155982 94789
123246 133021
88978 182676
79683 101710
132187 43415
40191 37145
45107 37217
103512 4320
194750 116336
141612 2936
138040 192551
25803 178387
44207 119065
118513 12851
147734 77990
71205 132059
133758 30140
1905 180444
103729 185761
106035 90317
151630 150531
727 161276
37837 86194
173827 196354
160154 73746
31098 106880
106269 230
154259 60076
148622 144857
78135 187114
103901 109782
64925 32912
182080 169163
140379 74700
90015 73095
84809 60426
93561 117197
182062 72002
126243 163593
35351 80210
184383 106000
50375 28110
140135 20397
80116 180809
23357 157636
140150 7661
199815 88328
1023 98584
82832 190222
91019 126874
12563 31240
53401 93873
59319 138446
170984 8220
143806 109624
23424 41237
149616 14217
160929 2761
86233 81692
72763 162050
111622 91874
47670 109061
47409 113848
64121 135076
65915 69780
130771 92924
8853 41641
72935 55605
142611 181624
73240 73612
101170 86898
163109 90033
8481 150652
189262 95121
174294 6511
77362 108606
59158 177868
9596 175685
24746 174656
15724 184480
114965 162759
51273 146748
14504 109411
187550 132499
56256 98
27397 122215
117744 188167
5386 111399
145113 178555
116288 38271
160065 30996
78452 114426
63925 186307
109142 28148
177859 82393
78846 106618
165625 38562
136742 92131
160824 66353
125562 196664
29659 25524
172207 417
38966 144075
7342 11074
192397 32290
83358 177955
52031 6228
76182 13466
91511 101350
164642 122537
185561 21664
48027 96357
184906 128274
157183 122876
145771 152247
131957 27115
53654 16469
134746 188939
176900 174483
179822 175032
107359 199676
171639 702
107872 198428
1458 32874
22031 92820
74697 88220
48983 52034
39181 65214
21770 104815
192102 12765
155366 143113
110648 73071
171558 167681
162758 130150
125143 176977
128306 83205
117612 45876
178765 159042
64211 174491
102250 123891
98980 3717
115767 77114
88395 138605
70390 64896
127194 172767
152083 128732
111700 25638
113832 185720
181321 158866
12517 146626
79779 151297
6984 38842
5173 97590
188880 81774
128565 146773
32554 36696
134140 5646
167928 105294
138953 144628
112250 146540
175552 149078
51854 77787
176144 40667
132277 188166
105269 112103
50764 8838
131663 114073
111102 62008
19703 119785
194033 41107
182380 184347
194397 131930
100750 88800
116511 54388
170992 51825
175508 71497
136032 16004
2346 85327
166150 95595
76379 63545
15593 72326
39366 156843
159019 145840
69240 8008
113242 20595
33395 83767
111439 2259
77060 104375
173072 144955
11376 60179
188924 65604
109072 147848
119610 56155
66556 158515
162030 145265
71023 142603
54299 33705
28212 191461
16670 119438
164776 65215
88653 57337
82234 87033
142113 76919
9973 17060
126843 98843
59829 96382
70109 194077
64696 52588
149809 136003
109477 8112
172132 114075
102780 2573
81723 196352
12543 170520
160811 185216
104996 145829
125153 11079
112970 97172
26626 182385
21433 46894
63664 36786
9031 190165
74888 51444
166068 5542
196670 129648
195564 193671
149055 22055
156830 32018
110008 136731
103884 24055
70404 177251
76477 142157
126112 59404
142052 102132
65502 127118
16422 79832
163092 48140
109917 196115
60770 97539
46166 154983
58687 174145
30996 79200
79531 53808
32764 117860
27271 26435
157532 138302
83225 81627
96978 54077
173079 49242
167278 5862
49833 22564
13980 138042
19100 111850
132118 13587
6529 153172
84883 95815
159180 181579
61114 181177
198285 97168
56683 88349
78319 43184
95007 37842
153535 83427
131633 135496
20378 173866
149823 173139
161019 46019
141660 42944
35108 83916
191189 118431
31336 195161
45123 177466
60833 128098
54128 29664
110562 111757
183166 111232
70335 176146
125330 130768
3446 22297
122139 139286
123978 43128
2223 12447
80344 26259
122621 199430
33759 166279
135810 136387
181211 129652
89207 26947
86764 127132
340 114544
146281 3906
97095 52016
115426 137744
4734 55896
38605 137090
82605 142057
156456 130963
168800 170197
177631 157100
117262 35175
10120 55417
69827 132461
14595 174815
129310 186476
14705 175250
85719 159028
109462 188895
125290 24146
119429 125941
162202 6504
36400 158576
61651 50995
49915 132030
135815 161460
2656 72612
193957 138934
196143 136417
22200 60484
11724 190046
102830 150394
119609 72817
37188 118798
170870 106779
104886 130295
186770 16578
120028 161698
76160 50426
92142 199774
193552 28063
163751 181239
2134 50659
129408 63159
173094 119353
49263 75730
25946 43008
159820 141572
171792 45795
171912 52736
31900 3615
27955 101036
135335 158028
21151 38580
70226 84158
33654 55442
152228 11006
59031 58225
68169 64263
55171 127772
114267 12520
38771 4516
98992 155553
82479 165912
52689 80735
23079 78682
1748 41546
49646 85927
154726 188487
96838 45094
34888 33999
139338 195
1758 76219
21333 197027
97555 165817
12502 18375
26605 7553
179323 157053
15943 9250
194112 167105
100232 77599
11674 195904
175267 163315
34494 120293
73989 185476
57167 153214
47204 176749
187036 57841
68848 171353
81851 67779
138927 3549
79284 75286
14543 23361
192142 168335
88670 11269
162263 87051
60325 189116
187884 959
96174 97793
146010 167498
99435 195081
18960 69627
187176 114323
137111 65232
195378 31367
88623 150918
140702 69095
16544 85393
19880 63953
65136 169750
52320 75677
69595 149696
133139 38663
145789 51649
107908 61618
62900 22234
50013 1548
138852 38260
14771 37218
178305 123188
72400 137954
44961 28258
94297 73115
141358 169528
94404 78835
172450 121632
192980 114020
73824 50632
78079 171699
73154 105977
199289 56716
149507 74580
92885 155891
136685 86883
9760 71852
58371 112539
187442 91811
62443 139288
159438 148940
71572 159789
142835 77321
14889 129371
9268 116125
138531 128553
93519 57741
108454 169397
43892 180469
193950 90268
145708 26421
9925 115315
30160 41706
199089 142742
71159 142715
132480 178573
87109 70713
16002 59309
78040 142976
57609 162149
40759 132073
192476 32888
8326 117623
81711 48284
111143 96119
75612 71816
98128 67127
181692 94599
9557 181455
153945 11796
142401 56819
121015 29889
28830 187175
47306 8694
56861 103016
98042 189552
47119 128084
95627 102269
115757 172816
144842 157860
199977 89382
80063 22791
23793 183065
53702 143695
71833 99737
58791 72292
139828 43038
143277 77262
113276 135456
117616 183175
56027 130720
179753 12211
118246 131244
76951 174720
93358 193834
84545 87152
39973 174155
138577 185734
155288 105127
19271 147461
180789 88357
154895 191222
76607 184878
54315 49318
50459 103989
164740 54013
163730 180844
189622 57422
48596 122108
42608 124929
178218 86287
38281 188402
121050 74480
162727 89035
159876 55323
31828 104822
33686 169910
44318 168188
43033 85449
138232 105365
111496 160343
147633 166676
118557 128657
178698 192474
192082 70796
197450 2070
18766 131863
46060 183330
174777 19673
151428 100584
38565 188842
90410 133961
107142 104486
111930 176858
176537 29052
147769 64124
163772 178159
192942 38553
138039 51001
190252 114615
188239 190444
9559 164473
11588 65757
107925 113180
4177 81601
116549 123198
177453 89677
197324 155190
104071 112764
186756 139116
111233 148562
64436 155230
132824 118351
102866 100666
50458 189101
132210 72424
144289 69221
121275 191378
94896 189452
134582 12064
178245 34775
92776 7933
180520 7080
162415 151456
140790 166852
17561 66653
122690 110988
170134 113336
15256 144884
94263 6192
167229 189726
133436 9196
152467 84693
175382 137445
3888 86766
48113 80671
172125 109701
159147 164729
96717 139740
107136 123845
191313 169694
12423 131868
48534 87082
13709 108108
34837 155193
179935 180573
153801 92424
121179 158857
157215 80857
33359 150141
118459 17890
102046 148764
11750 43686
63557 17101
86644 164949
94493 6815
106587 166729
129363 10224
107233 120571
64916 41461
151969 52998
138407 14549
55494 87478
170181 142360
151686 8103
96785 136869
75364 88584
83617 77801
83921 74503
95488 133021
690 191919
29956 183696
73876 42495
168650 119720
70721 187353
195465 188195
19986 50451
77226 18689
188826 92492
22219 135289
192406 88074
34711 56674
167146 81177
51411 119402
64506 72388
160515 77716
177008 185073
25198 187911
143457 92097
165043 35765
84097 91223
181304 7543
45562 57348
36803 47916
85471 86318
182849 8606
4197 74548
131666 12846
90334 123710
94538 34085
26138 176711
183232 46327
133079 33265
179031 47890
117541 142937
3543 134696
49786 99626
130183 136668
177357 27921
4687 146305
33788 18218
48514 191760
184054 199067
183738 104220
89350 27231
131211 125044
79450 30475
95918 43658
19045 151496
173744 42337
198519 167976
990 99418
68748 165994
54302 8462
6474 20693
30021 170066
87510 155396
14367 16657
59502 140193
138829 125962
47961 193109
81107 17994
163357 106792
95642 176226
29381 174542
111580 116837
55503 174646
42338 172659
169314 97601
662 199027
46936 170235
133487 113366
176176 192018
64325 156083
76130 50623
30244 154912
153694 82499
63434 193130
15056 194300
11268 97926
172023 52435
77886 86330
121140 12995
16023 87585
43618 5928
89750 144001
1828 169302
42471 82840
100444 150458
166738 7011
23337 17290
17220 151817
95515 119117
193127 82888
160839 173782
30572 152694
168963 76904
11157 42064
124405 151592
104215 163760
170473 20106
172832 51629
2449 183389
155813 93310
86296 43756
180337 124694
106085 155139
159450 159645
31689 70922
124686 95350
173474 94030
85795 92095
120009 92642
99324 67887
183359 65583
74439 32611
152705 1486
101247 58281
35612 11909
39110 54107
75699 51473
33468 51334
42683 62394
128550 164297
185014 179225
56740 49430
116165 109748
999 94149
196744 64583
37707 194389
190241 131808
119519 191553
151408 51647
66201 158272
133514 163636
197895 85792
93738 124349
55942 105312
