200000 2000
6 7
1870 1871
1594 1595
78 79
653 654
1432 1433
1665 1666
1374 1375
1185 1186
1087 1088
1982 1983
945 946
1270 1271
1639 1640
1833 1834
1911 1912
1660 1661
1937 1938
1525 1526
623 624
102 103
4 5
1115 1116
1885 1886
1784 1785
1328 1329
1998 1999
1884 1885
1230 1231
1819 1820
1861 1862
742 743
1832 1833
1801 1802
1468 1469
1602 1603
1684 1685
1047 1048
1425 1426
1775 1776
1566 1567
679 680
1948 1949
214 215
950 951
1271 1272
218 219
382 383
1361 1362
182 183
130 131
1764 1765
909 910
490 491
1714 1715
1355 1356
135 136
537 538
1709 1710
620 621
1062 1063
946 947
1492 1493
52 53
1716 1717
1721 1722
1259 1260
931 932
93 94
448 449
91 92
1498 1499
223 224
1054 1055
14 15
463 464
523 524
1314 1315
1359 1360
757 758
1140 1141
278 279
1865 1866
582 583
1950 1951
433 434
1601 1602
299 300
1513 1514
136 137
934 935
228 229
1643 1644
1779 1780
1113 1114
681 682
1649 1650
856 857
77 78
390 391
234 235
955 956
820 821
1218 1219
1480 1481
1795 1796
1132 1133
1096 1097
870 871
824 825
1326 1327
530 531
256 257
1705 1706
55 56
307 308
325 326
1045 1046
1203 1204
1740 1741
563 564
1518 1519
706 707
875 876
267 268
1613 1614
1531 1532
1344 1345
1095 1096
81 82
1243 1244
1255 1256
1947 1948
1800 1801
1211 1212
1706 1707
1091 1092
1124 1125
206 207
1453 1454
1969 1970
222 223
1555 1556
134 135
1695 1696
1197 1198
763 764
1615 1616
1876 1877
431 432
1249 1250
1530 1531
198 199
47 48
566 567
843 844
1114 1115
164 165
147 148
606 607
1797 1798
1823 1824
764 765
1154 1155
1293 1294
79 80
1309 1310
19 20
732 733
1082 1083
1828 1829
771 772
1018 1019
1307 1308
1346 1347
109 110
1618 1619
978 979
882 883
604 605
38 39
249 250
1871 1872
1648 1649
1755 1756
714 715
1787 1788
241 242
973 974
1535 1536
8 9
1791 1792
835 836
1067 1068
998 999
1418 1419
1526 1527
1754 1755
175 176
1304 1305
1964 1965
460 461
649 650
1516 1517
95 96
1110 1111
289 290
1278 1279
658 659
1758 1759
1520 1521
1427 1428
1733 1734
1145 1146
408 409
118 119
1496 1497
159 160
874 875
1381 1382
1875 1876
822 823
298 299
348 349
932 933
1220 1221
1094 1095
1200 1201
502 503
1826 1827
465 466
1184 1185
1043 1044
1958 1959
32 33
526 527
1550 1551
1484 1485
240 241
996 997
1676 1677
1923 1924
1247 1248
745 746
1152 1153
1093 1094
1561 1562
1464 1465
555 556
1734 1735
894 895
805 806
574 575
1345 1346
1584 1585
1292 1293
505 506
547 548
320 321
803 804
61 62
64 65
1567 1568
1382 1383
1032 1033
614 615
126 127
863 864
1489 1490
1402 1403
317 318
1188 1189
139 140
1514 1515
888 889
1137 1138
1265 1266
204 205
1634 1635
296 297
1332 1333
1163 1164
1213 1214
1892 1893
1943 1944
1700 1701
1677 1678
1026 1027
730 731
999 1000
1932 1933
815 816
1343 1344
456 457
1109 1110
953 954
1675 1676
995 996
972 973
1143 1144
1718 1719
1939 1940
471 472
1410 1411
384 385
1904 1905
749 750
967 968
10 11
1089 1090
1476 1477
346 347
1105 1106
689 690
761 762
1187 1188
1169 1170
1577 1578
1630 1631
1786 1787
1628 1629
421 422
705 706
580 581
1126 1127
640 641
1348 1349
1659 1660
1052 1053
1963 1964
545 546
224 225
831 832
3 4
1873 1874
252 253
1301 1302
1228 1229
340 341
546 547
601 602
497 498
17 18
219 220
16 17
251 252
1275 1276
807 808
1609 1610
722 723
1445 1446
1747 1748
735 736
883 884
1246 1247
66 67
496 497
529 530
1608 1609
534 535
1990 1991
1856 1857
1809 1810
1918 1919
2000 2001
1493 1494
171 172
709 710
1008 1009
927 928
1099 1100
409 410
1614 1615
746 747
1461 1462
940 941
535 536
414 415
748 749
1070 1071
943 944
1543 1544
814 815
1681 1682
107 108
589 590
401 402
396 397
1874 1875
1312 1313
1559 1560
475 476
235 236
594 595
788 789
690 691
1549 1550
229 230
1852 1853
1356 1357
993 994
332 333
443 444
1942 1943
1083 1084
1222 1223
593 594
965 966
1155 1156
1487 1488
848 849
1396 1397
718 719
398 399
1004 1005
1001 1002
1702 1703
1472 1473
947 948
1857 1858
957 958
1372 1373
1984 1985
575 576
1351 1352
1033 1034
1707 1708
1611 1612
1901 1902
1420 1421
838 839
1375 1376
1808 1809
341 342
362 363
851 852
477 478
789 790
1175 1176
887 888
515 516
968 969
180 181
1319 1320
592 593
1995 1996
114 115
1688 1689
724 725
802 803
903 904
1825 1826
59 60
420 421
449 450
1041 1042
356 357
1299 1300
785 786
1909 1910
1750 1751
1752 1753
188 189
969 970
1051 1052
217 218
1769 1770
1409 1410
1737 1738
1583 1584
895 896
501 502
1311 1312
729 730
1853 1854
1242 1243
148 149
1191 1192
1295 1296
121 122
1289 1290
798 799
1042 1043
719 720
1585 1586
734 735
532 533
758 759
1636 1637
1398 1399
1457 1458
300 301
455 456
1627 1628
970 971
1138 1139
49 50
1654 1655
137 138
806 807
1447 1448
673 674
1663 1664
1078 1079
284 285
1955 1956
1235 1236
1696 1697
1693 1694
1365 1366
430 431
1986 1987
881 882
959 960
355 356
683 684
1620 1621
1983 1984
503 504
247 248
385 386
1377 1378
1616 1617
1371 1372
1517 1518
825 826
1196 1197
1297 1298
1971 1972
1839 1840
596 597
1035 1036
619 620
152 153
1192 1193
585 586
99 100
1757 1758
1949 1950
1422 1423
1592 1593
1673 1674
1171 1172
1557 1558
1412 1413
1 2
1036 1037
1429 1430
1111 1112
232 233
179 180
980 981
937 938
699 700
487 488
1988 1989
265 266
1298 1299
1266 1267
1586 1587
485 486
1631 1632
432 433
273 274
1670 1671
907 908
1337 1338
1580 1581
1626 1627
1930 1931
751 752
1153 1154
191 192
1121 1122
386 387
461 462
1738 1739
212 213
741 742
1564 1565
209 210
1012 1013
1598 1599
45 46
1692 1693
254 255
916 917
1058 1059
321 322
69 70
1687 1688
1858 1859
1294 1295
1780 1781
1450 1451
1575 1576
60 61
1522 1523
1527 1528
830 831
871 872
383 384
1664 1665
1369 1370
583 584
479 480
283 284
75 76
1999 2000
23 24
271 272
1638 1639
165 166
1208 1209
1806 1807
721 722
1186 1187
210 211
713 714
1838 1839
158 159
62 63
1542 1543
387 388
281 282
1916 1917
1125 1126
1431 1432
174 175
1465 1466
646 647
492 493
20 21
1657 1658
1538 1539
756 757
1170 1171
87 88
1385 1386
1534 1535
1510 1511
1878 1879
511 512
25 26
1512 1513
1619 1620
892 893
1509 1510
243 244
948 949
365 366
324 325
536 537
1204 1205
512 513
1455 1456
1742 1743
1993 1994
1327 1328
1976 1977
364 365
5 6
486 487
199 200
1600 1601
1967 1968
1908 1909
1900 1901
1055 1056
196 197
573 574
664 665
1066 1067
177 178
1866 1867
287 288
1428 1429
1893 1894
842 843
1751 1752
1288 1289
891 892
1038 1039
1331 1332
160 161
92 93
1439 1440
708 709
498 499
172 173
242 243
434 435
169 170
770 771
1166 1167
1118 1119
818 819
1253 1254
201 202
1139 1140
1642 1643
753 754
400 401
189 190
391 392
880 881
350 351
971 972
1195 1196
1291 1292
1704 1705
1241 1242
305 306
643 644
39 40
1433 1434
1868 1869
1009 1010
1391 1392
1759 1760
795 796
809 810
1479 1480
30 31
622 623
1221 1222
499 500
1135 1136
1576 1577
700 701
1679 1680
693 694
1829 1830
1926 1927
1451 1452
1760 1761
1150 1151
1726 1727
1117 1118
1097 1098
192 193
344 345
739 740
1108 1109
1466 1467
85 86
57 58
1894 1895
974 975
890 891
343 344
1233 1234
680 681
862 863
1065 1066
1532 1533
1393 1394
1735 1736
524 525
1671 1672
105 106
1891 1892
1387 1388
923 924
7 8
577 578
98 99
1308 1309
1802 1803
726 727
1256 1257
896 897
1486 1487
445 446
1883 1884
35 36
1635 1636
302 303
1595 1596
1251 1252
794 795
34 35
587 588
1147 1148
28 29
1350 1351
1404 1405
1469 1470
360 361
627 628
1339 1340
543 544
110 111
1827 1828
1936 1937
187 188
377 378
1021 1022
632 633
717 718
1378 1379
922 923
1201 1202
599 600
816 817
1794 1795
618 619
1302 1303
769 770
979 980
221 222
1172 1173
1931 1932
1031 1032
143 144
621 622
691 692
71 72
88 89
873 874
1680 1681
911 912
1177 1178
1966 1967
1290 1291
1666 1667
157 158
738 739
1053 1054
1979 1980
374 375
1088 1089
1785 1786
128 129
598 599
1924 1925
1277 1278
983 984
1316 1317
250 251
525 526
976 977
1474 1475
656 657
561 562
647 648
707 708
558 559
462 463
1655 1656
790 791
986 987
1162 1163
1272 1273
684 685
628 629
352 353
373 374
829 830
1961 1962
1112 1113
1887 1888
1482 1483
929 930
1116 1117
1905 1906
285 286
1640 1641
966 967
1324 1325
1397 1398
1952 1953
982 983
1570 1571
280 281
1456 1457
938 939
1744 1745
257 258
1713 1714
27 28
131 132
780 781
625 626
1443 1444
1645 1646
1282 1283
1528 1529
1499 1500
1672 1673
1406 1407
1778 1779
562 563
1953 1954
1194 1195
1697 1698
951 952
793 794
695 696
1647 1648
1579 1580
629 630
1920 1921
1503 1504
1568 1569
549 550
796 797
1049 1050
1867 1868
1354 1355
1578 1579
1300 1301
956 957
308 309
1182 1183
58 59
1946 1947
1641 1642
1231 1232
318 319
1224 1225
288 289
1034 1035
381 382
750 751
1430 1431
655 656
452 453
1951 1952
233 234
704 705
1426 1427
413 414
1783 1784
304 305
467 468
1405 1406
1478 1479
876 877
1245 1246
500 501
1401 1402
1274 1275
1250 1251
216 217
1120 1121
797 798
1686 1687
521 522
588 589
1913 1914
817 818
1712 1713
1553 1554
184 185
133 134
605 606
1933 1934
1886 1887
772 773
507 508
1710 1711
855 856
1560 1561
1321 1322
654 655
1831 1832
900 901
1882 1883
1732 1733
1599 1600
1146 1147
759 760
213 214
163 164
1506 1507
1796 1797
18 19
326 327
612 613
127 128
1529 1530
104 105
1817 1818
481 482
327 328
1508 1509
610 611
43 44
1552 1553
1210 1211
1379 1380
1736 1737
347 348
1766 1767
1376 1377
1782 1783
1285 1286
1890 1891
248 249
861 862
301 302
1895 1896
849 850
1386 1387
641 642
516 517
1727 1728
227 228
850 851
1416 1417
1541 1542
1219 1220
527 528
125 126
378 379
21 22
244 245
1234 1235
1573 1574
869 870
1906 1907
675 676
504 505
997 998
1411 1412
1106 1107
1973 1974
418 419
407 408
743 744
329 330
698 699
230 231
1060 1061
1768 1769
194 195
1103 1104
1419 1420
9 10
914 915
361 362
868 869
1395 1396
1462 1463
331 332
150 151
1022 1023
1972 1973
274 275
311 312
634 635
48 49
571 572
255 256
258 259
584 585
33 34
1076 1077
579 580
1501 1502
1149 1150
313 314
1261 1262
1849 1850
866 867
1322 1323
1238 1239
1320 1321
1556 1557
438 439
773 774
1325 1326
83 84
1605 1606
435 436
1229 1230
1656 1657
394 395
1749 1750
977 978
1637 1638
1617 1618
90 91
607 608
1879 1880
1850 1851
1694 1695
466 467
483 484
1134 1135
1563 1564
853 854
1869 1870
1075 1076
1623 1624
1772 1773
1334 1335
630 631
886 887
1086 1087
454 455
1473 1474
513 514
1403 1404
1141 1142
837 838
1173 1174
458 459
1970 1971
716 717
1389 1390
1225 1226
338 339
1587 1588
1668 1669
82 83
1731 1732
1165 1166
1340 1341
1662 1663
405 406
565 566
1877 1878
1160 1161
1991 1992
736 737
1449 1450
1524 1525
50 51
375 376
1843 1844
1844 1845
595 596
1546 1547
1014 1015
538 539
921 922
782 783
1715 1716
1814 1815
572 573
1414 1415
470 471
821 822
1730 1731
424 425
1821 1822
15 16
1771 1772
560 561
1682 1683
153 154
1822 1823
963 964
836 837
246 247
1723 1724
626 627
469 470
924 925
1741 1742
1842 1843
942 943
962 963
1131 1132
96 97
1729 1730
1059 1060
1533 1534
86 87
663 664
1746 1747
926 927
1523 1524
659 660
813 814
1607 1608
1317 1318
141 142
353 354
1254 1255
633 634
1763 1764
685 686
1268 1269
303 304
1384 1385
292 293
792 793
1226 1227
1896 1897
1023 1024
1338 1339
1847 1848
1079 1080
1467 1468
812 813
1444 1445
417 418
1551 1552
1368 1369
112 113
1176 1177
259 260
1315 1316
1329 1330
1581 1582
1767 1768
925 926
101 102
1855 1856
24 25
272 273
1015 1016
427 428
1776 1777
1180 1181
1276 1277
1025 1026
1178 1179
1625 1626
576 577
617 618
404 405
1504 1505
569 570
1777 1778
551 552
103 104
542 543
1985 1986
1606 1607
660 661
652 653
800 801
1287 1288
1537 1538
1167 1168
1286 1287
987 988
1400 1401
1264 1265
1690 1691
990 991
810 811
1352 1353
539 540
1547 1548
416 417
1717 1718
1128 1129
1910 1911
270 271
1488 1489
1941 1942
89 90
1997 1998
349 350
682 683
1370 1371
744 745
429 430
1864 1865
1007 1008
898 899
1962 1963
1940 1941
1545 1546
1544 1545
1812 1813
176 177
570 571
193 194
1408 1409
316 317
1770 1771
1057 1058
146 147
363 364
1366 1367
124 125
672 673
657 658
1494 1495
846 847
1678 1679
29 30
635 636
72 73
1092 1093
828 829
697 698
262 263
933 934
478 479
336 337
1788 1789
1689 1690
1448 1449
1830 1831
425 426
899 900
276 277
453 454
616 617
275 276
755 756
1056 1057
597 598
1481 1482
1698 1699
528 529
1880 1881
613 614
645 646
1653 1654
119 120
1899 1900
913 914
644 645
857 858
808 809
671 672
1305 1306
799 800
776 777
984 985
638 639
834 835
1798 1799
1454 1455
162 163
878 879
309 310
1835 1836
295 296
1446 1447
1989 1990
1237 1238
293 294
1854 1855
552 553
190 191
231 232
768 769
1685 1686
1889 1890
1703 1704
1273 1274
1100 1101
1810 1811
476 477
642 643
113 114
603 604
781 782
1903 1904
1840 1841
1048 1049
1029 1030
1610 1611
1098 1099
918 919
1591 1592
236 237
839 840
1699 1700
992 993
402 403
1860 1861
473 474
1495 1496
1383 1384
801 802
1044 1045
958 959
264 265
767 768
1024 1025
166 167
611 612
1519 1520
600 601
1039 1040
1342 1343
1980 1981
357 358
51 52
342 343
889 890
1240 1241
1232 1233
31 32
867 868
678 679
1313 1314
1629 1630
1071 1072
1954 1955
97 98
439 440
84 85
1774 1775
712 713
1214 1215
1922 1923
226 227
123 124
1209 1210
1077 1078
556 557
1263 1264
1987 1988
1283 1284
859 860
1373 1374
1593 1594
1652 1653
602 603
323 324
1133 1134
411 412
132 133
1651 1652
1917 1918
319 320
905 906
186 187
1341 1342
991 992
1824 1825
41 42
1119 1120
1353 1354
1206 1207
692 693
70 71
670 671
290 291
1279 1280
245 246
864 865
723 724
1284 1285
1914 1915
787 788
261 262
1212 1213
615 616
1515 1516
1073 1074
200 201
1540 1541
1333 1334
1624 1625
1257 1258
422 423
335 336
1460 1461
1157 1158
286 287
1005 1006
636 637
266 267
1928 1929
1669 1670
480 481
1539 1540
12 13
444 445
1978 1979
752 753
540 541
920 921
939 940
1423 1424
138 139
1158 1159
1413 1414
1306 1307
173 174
376 377
1646 1647
149 150
1719 1720
1003 1004
1223 1224
988 989
519 520
1470 1471
260 261
1000 1001
1080 1081
120 121
225 226
1807 1808
1438 1439
1996 1997
1667 1668
865 866
668 669
902 903
686 687
725 726
564 565
1183 1184
488 489
1935 1936
1017 1018
269 270
1929 1930
1037 1038
1475 1476
1151 1152
737 738
56 57
115 116
140 141
844 845
351 352
337 338
1244 1245
667 668
1421 1422
832 833
1562 1563
1061 1062
1603 1604
185 186
688 689
696 697
279 280
674 675
178 179
484 485
1252 1253
1720 1721
1102 1103
877 878
1215 1216
522 523
442 443
703 704
1565 1566
550 551
1189 1190
42 43
1590 1591
1046 1047
676 677
544 545
860 861
1790 1791
423 424
310 311
1589 1590
482 483
1394 1395
639 640
314 315
1296 1297
1130 1131
106 107
581 582
827 828
586 587
1934 1935
2 3
1818 1819
533 534
1753 1754
1981 1982
1129 1130
1925 1926
181 182
778 779
53 54
1811 1812
760 761
702 703
117 118
156 157
823 824
961 962
1921 1922
144 145
1957 1958
1161 1162
1974 1975
665 666
334 335
872 873
981 982
1691 1692
366 367
1281 1282
1217 1218
1597 1598
369 370
715 716
840 841
203 204
151 152
345 346
609 610
811 812
197 198
852 853
1845 1846
1834 1835
207 208
379 380
1848 1849
1477 1478
648 649
506 507
1898 1899
1902 1903
76 77
826 827
37 38
1068 1069
315 316
94 95
330 331
1756 1757
1907 1908
389 390
1799 1800
1357 1358
22 23
1621 1622
1851 1852
1485 1486
277 278
322 323
1622 1623
80 81
472 473
1596 1597
359 360
1836 1837
1960 1961
897 898
1028 1029
1548 1549
354 355
847 848
1927 1928
541 542
711 712
145 146
1956 1957
728 729
1992 1993
766 767
1944 1945
11 12
1820 1821
170 171
436 437
1002 1003
1863 1864
1683 1684
1846 1847
1804 1805
1574 1575
1349 1350
493 494
426 427
142 143
1388 1389
1199 1200
1483 1484
451 452
779 780
1424 1425
1658 1659
1965 1966
578 579
941 942
494 495
567 568
1207 1208
437 438
1701 1702
73 74
1362 1363
1458 1459
412 413
975 976
370 371
464 465
1743 1744
220 221
1569 1570
989 990
1358 1359
915 916
1728 1729
985 986
1722 1723
1269 1270
1803 1804
1360 1361
54 55
954 955
1789 1790
1181 1182
328 329
1762 1763
1127 1128
733 734
557 558
195 196
1773 1774
1511 1512
215 216
380 381
917 918
211 212
1459 1460
928 929
710 711
740 741
1258 1259
474 475
1072 1073
701 702
410 411
440 441
1064 1065
1604 1605
819 820
1063 1064
446 447
1101 1102
1330 1331
1006 1007
291 292
1179 1180
1205 1206
1912 1913
1198 1199
1888 1889
239 240
1859 1860
297 298
1739 1740
1159 1160
1144 1145
1500 1501
510 511
1841 1842
46 47
1440 1441
237 238
1968 1969
994 995
1994 1995
783 784
731 732
208 209
154 155
1267 1268
514 515
491 492
312 313
754 755
40 41
1792 1793
372 373
26 27
368 369
263 264
1136 1137
1399 1400
1248 1249
765 766
428 429
1417 1418
1497 1498
1081 1082
111 112
1805 1806
67 68
559 560
1507 1508
1572 1573
395 396
669 670
1748 1749
608 609
1633 1634
1582 1583
694 695
1011 1012
441 442
468 469
906 907
1280 1281
1122 1123
397 398
367 368
804 805
901 902
1239 1240
1262 1263
786 787
63 64
908 909
762 763
1019 1020
1505 1506
936 937
520 521
1363 1364
100 101
1336 1337
666 667
183 184
1644 1645
65 66
1725 1726
116 117
884 885
517 518
1977 1978
1069 1070
1407 1408
1612 1613
854 855
36 37
919 920
1815 1816
949 950
1862 1863
1190 1191
1945 1946
1156 1157
1020 1021
774 775
910 911
1027 1028
1236 1237
1558 1559
457 458
1227 1228
122 123
282 283
637 638
294 295
1463 1464
1708 1709
1490 1491
960 961
1434 1435
1415 1416
1711 1712
1380 1381
1202 1203
1938 1939
845 846
1084 1085
1085 1086
1050 1051
68 69
841 842
1588 1589
1104 1105
1975 1976
1919 1920
13 14
858 859
74 75
1013 1014
1216 1217
893 894
155 156
1745 1746
554 555
631 632
1390 1391
358 359
1521 1522
930 931
1816 1817
168 169
1436 1437
1123 1124
1437 1438
1164 1165
333 334
388 389
1471 1472
1323 1324
624 625
1435 1436
1959 1960
393 394
1554 1555
450 451
1367 1368
727 728
1193 1194
1016 1017
167 168
1107 1108
1897 1898
591 592
677 678
509 510
1168 1169
720 721
912 913
1452 1453
568 569
306 307
651 652
415 416
791 792
1303 1304
1074 1075
553 554
44 45
1310 1311
1260 1261
1040 1041
662 663
406 407
775 776
161 162
1793 1794
531 532
1010 1011
747 748
1174 1175
1661 1662
1837 1838
1148 1149
508 509
495 496
459 460
108 109
1142 1143
205 206
885 886
1347 1348
548 549
952 953
371 372
784 785
1392 1393
1335 1336
1632 1633
1650 1651
1441 1442
1364 1365
339 340
935 936
1761 1762
238 239
904 905
447 448
833 834
1674 1675
129 130
1442 1443
253 254
1030 1031
1881 1882
964 965
1318 1319
392 393
944 945
1765 1766
1915 1916
1090 1091
268 269
202 203
650 651
1872 1873
1724 1725
1491 1492
590 591
879 880
687 688
1813 1814
1781 1782
419 420
403 404
661 662
1502 1503
399 400
1536 1537
1571 1572
489 490
777 778
518 519
