200000 2000
25018 176980
188429 1218
92658 185928
188429 73480
193889 90305
123162 38797
188429 60343
59195 67848
6248 52174
92658 51150
151902 173415
193889 32648
193889 6522
59195 32752
196304 143353
25018 131436
59195 171041
92658 70917
146670 81884
146670 37508
151902 111793
6248 185928
6248 51150
151902 40213
92658 160924
123162 169225
146670 40213
146670 98970
151902 60343
6248 91622
188429 73027
193889 32752
151902 14032
188429 160681
25018 189283
151902 157350
196304 102350
59195 124580
188429 153533
6248 32752
196304 152429
196304 90239
59195 107616
92658 1218
123162 176615
6248 813
188429 70984
123162 93052
146670 93052
123162 176980
92658 62402
92658 96619
123162 4525
146670 129575
92658 140091
25018 80536
146670 68166
146670 177267
59195 176615
59195 143353
196304 164300
196304 193374
6248 67898
59195 163596
188429 87434
151902 14032
151902 173415
151902 2391
193889 129575
6248 133143
151902 125229
188429 168994
123162 71875
146670 46690
193889 130040
6248 101412
123162 60927
6248 172911
196304 62402
151902 73202
59195 71437
123162 50746
151902 52745
188429 152429
193889 133143
193889 142514
6248 52745
188429 60303
59195 60303
123162 78591
123162 124580
123162 28748
59195 149395
188429 53065
193889 149199
146670 92987
59195 813
151902 40950
146670 1218
59195 192714
193889 53686
59195 194987
146670 172683
25018 152429
6248 144989
146670 20545
123162 19423
92658 52560
146670 52174
196304 160681
188429 70984
146670 193374
123162 23368
25018 73027
6248 24616
123162 142514
59195 141116
193889 189283
146670 127416
193889 45578
146670 132053
123162 192714
196304 60303
196304 124580
151902 60303
196304 19650
92658 70984
151902 38255
6248 199854
6248 197918
25018 153533
6248 23368
196304 84676
196304 20545
151902 15067
196304 145004
196304 71133
6248 160681
6248 93236
92658 176615
6248 152498
6248 38797
25018 149199
146670 71875
92658 140091
151902 71875
123162 182756
193889 197918
146670 52791
92658 105492
151902 133143
92658 184097
146670 164300
92658 160924
6248 118223
193889 3735
123162 32648
196304 46690
59195 96619
151902 192714
59195 60927
25018 147374
151902 90305
6248 32752
193889 60343
25018 67898
92658 90351
59195 41943
196304 32752
196304 162668
25018 71437
25018 74195
151902 4525
6248 102350
123162 91622
188429 81884
92658 190795
92658 52745
92658 102470
6248 52745
6248 90261
6248 92561
196304 144989
25018 14711
151902 171041
146670 120631
25018 72063
196304 137064
25018 38797
146670 182756
92658 149199
196304 193374
6248 82099
6248 96872
151902 136103
151902 176615
92658 129575
188429 59524
193889 93052
6248 33471
123162 167622
59195 144600
123162 176743
25018 7808
193889 124580
146670 104644
196304 53349
193889 164300
6248 160924
59195 37508
25018 12643
196304 145004
123162 114085
188429 1820
25018 104011
123162 142514
92658 93052
188429 36952
92658 15067
196304 127895
25018 41943
25018 192638
146670 33471
151902 190795
188429 53065
146670 56870
123162 1820
92658 51150
92658 141116
59195 36952
151902 131436
6248 93052
92658 176743
59195 23368
151902 114085
92658 186039
188429 70917
123162 15067
123162 95341
151902 50746
151902 144989
92658 87434
151902 20545
6248 88270
146670 4525
151902 1218
6248 127895
188429 180285
25018 41943
123162 19650
146670 149395
123162 190795
196304 205
123162 121878
193889 47290
146670 125229
151902 90305
59195 38959
92658 28748
25018 118223
196304 92987
146670 106769
59195 59524
193889 37508
188429 197918
92658 92987
59195 15067
151902 140468
59195 1820
188429 96619
196304 20545
188429 127416
193889 121878
59195 71437
196304 182756
123162 172911
151902 193374
59195 73373
123162 176277
92658 130040
196304 177267
59195 20545
193889 13438
92658 176277
151902 32648
59195 52560
6248 1820
59195 32752
151902 70917
25018 93052
59195 142514
25018 141116
123162 40213
146670 83552
193889 90305
193889 133143
123162 40213
6248 157853
193889 75932
188429 172911
25018 32752
151902 14711
151902 45578
123162 193374
59195 71133
188429 136103
188429 71133
25018 19184
6248 36952
92658 38255
151902 32752
188429 82099
6248 45628
188429 89297
92658 59524
196304 4844
196304 33471
92658 55970
188429 164300
146670 188101
92658 166830
196304 168994
151902 92987
59195 17110
92658 118223
146670 180285
188429 152498
123162 53686
92658 102350
59195 87589
59195 129575
188429 90261
59195 84676
146670 50783
25018 167622
92658 62852
92658 6522
193889 152429
146670 40213
193889 45578
196304 193374
188429 28748
193889 90351
193889 75932
193889 168994
123162 87589
25018 83552
92658 120631
146670 197918
193889 140468
123162 102557
196304 93236
6248 74195
25018 185928
151902 197918
196304 73373
193889 130040
193889 185928
59195 7808
6248 78591
92658 15067
151902 197918
123162 130040
59195 2391
151902 88313
25018 45628
146670 33463
59195 192714
146670 28748
25018 82099
188429 188101
123162 129575
92658 114085
92658 4844
123162 75931
25018 55970
6248 182756
6248 78591
6248 23816
193889 96872
6248 32752
188429 182756
59195 127416
193889 55970
59195 127416
188429 813
123162 186039
151902 60927
188429 182756
25018 118223
25018 68166
25018 84676
146670 190795
196304 90351
6248 52791
123162 129575
193889 75931
188429 172683
6248 89808
196304 185928
123162 101046
193889 70917
25018 38255
146670 81152
188429 141116
59195 73480
25018 40950
25018 75931
151902 71875
92658 14032
146670 102470
123162 75932
196304 189283
146670 166830
123162 186039
92658 130040
151902 95341
151902 52791
6248 102557
25018 197918
188429 114085
196304 83552
146670 147958
6248 133143
193889 192638
6248 96872
59195 142514
146670 107616
188429 121878
59195 144600
25018 169225
123162 152498
193889 34646
151902 32648
196304 38255
25018 152498
193889 32648
92658 80536
151902 137064
151902 32648
6248 1087
196304 89297
146670 147958
92658 6522
146670 167622
59195 82099
123162 90351
193889 83552
92658 50783
151902 70917
123162 193374
146670 136103
196304 75932
151902 52745
196304 168264
196304 131436
146670 73027
193889 52745
151902 162668
92658 60343
151902 4525
92658 167350
59195 36015
193889 90305
25018 83552
123162 73480
25018 1218
59195 136103
6248 6522
151902 15067
188429 14032
188429 19650
151902 101412
146670 46690
92658 194987
92658 188101
92658 92561
196304 78591
123162 23368
146670 36015
151902 62402
59195 127416
92658 107616
151902 101046
123162 17110
146670 38255
146670 180285
92658 58425
6248 59524
196304 104011
6248 194987
123162 141116
6248 12643
196304 50783
193889 78591
59195 87589
193889 78591
25018 139250
196304 170402
151902 72063
188429 813
6248 197086
146670 73373
92658 27002
151902 88313
196304 52174
193889 88313
196304 71133
25018 89808
25018 170402
196304 91622
25018 104644
188429 173415
151902 149395
59195 93236
151902 184097
25018 4525
6248 139192
59195 168994
59195 51150
25018 179874
151902 105492
123162 4844
151902 73202
25018 137064
193889 130040
25018 67898
6248 199854
92658 170402
146670 55970
123162 58905
59195 14711
151902 179874
196304 83552
92658 38255
25018 62402
92658 52745
59195 4844
196304 75932
6248 81152
196304 147958
123162 189283
123162 38255
146670 33463
6248 60343
6248 813
193889 56870
25018 91622
25018 82099
25018 93236
188429 185928
59195 38255
151902 4525
6248 176980
59195 147958
6248 107616
188429 58425
6248 176743
146670 60927
6248 75931
92658 143353
193889 71875
146670 24616
188429 188101
188429 140091
193889 52745
59195 160924
146670 70984
6248 137064
25018 144600
123162 147958
25018 17110
193889 164300
59195 60343
193889 67898
196304 67898
59195 68166
6248 147374
25018 90261
25018 4525
151902 189283
25018 62852
59195 93236
193889 93052
59195 168264
188429 88270
151902 55970
188429 149199
193889 127416
6248 167350
196304 3735
123162 185928
151902 147958
188429 1820
92658 34646
146670 132053
193889 140091
92658 132884
188429 173415
59195 1218
151902 97062
25018 45578
25018 55970
196304 14032
151902 82099
59195 101046
25018 38797
6248 1218
25018 1218
59195 106769
146670 52791
25018 164300
196304 75931
196304 37508
92658 73027
59195 80536
25018 33463
151902 1087
92658 71437
92658 17110
59195 192714
146670 75931
123162 199854
123162 53349
123162 149199
6248 17110
6248 188101
196304 38255
188429 58425
25018 188101
188429 52174
25018 168264
59195 23816
188429 189283
92658 190795
193889 62852
196304 67848
146670 6522
193889 107616
151902 197086
92658 171041
59195 50783
92658 53349
92658 127416
59195 189283
193889 52791
193889 93916
193889 71437
6248 23607
196304 52745
92658 127416
193889 60343
123162 70984
188429 12643
123162 60303
123162 90305
146670 96872
193889 53065
25018 101046
193889 152429
196304 149395
146670 184097
123162 93916
151902 53686
196304 142514
25018 97062
151902 97215
151902 27002
193889 98970
193889 176743
146670 197918
193889 71875
193889 87589
151902 143353
188429 20545
59195 160681
92658 78591
188429 121878
6248 62402
92658 81884
92658 89808
6248 189283
123162 93052
25018 7976
151902 37508
59195 71133
188429 153533
188429 71875
196304 98970
25018 129575
6248 19650
123162 139192
151902 78591
193889 33463
188429 46690
123162 52560
146670 168264
123162 23607
193889 95341
59195 188101
59195 75932
151902 56870
6248 140468
188429 168264
193889 142514
59195 145004
193889 33463
59195 1087
188429 167622
59195 105492
92658 96619
59195 36952
188429 87589
193889 124580
59195 90261
196304 144989
146670 20545
25018 60927
146670 127895
193889 70984
188429 102350
92658 188101
6248 172683
6248 143353
92658 193374
59195 62402
188429 93052
92658 93052
188429 121878
6248 60927
196304 152498
123162 205
6248 60927
92658 813
92658 176743
196304 185928
59195 173415
193889 92987
146670 33463
123162 184097
123162 60303
193889 58905
188429 101046
196304 96619
59195 102557
123162 70984
6248 38255
188429 157350
193889 53065
196304 132884
59195 52174
6248 96872
193889 71133
146670 157350
59195 163596
151902 55970
193889 67898
123162 95341
196304 17110
25018 68166
196304 38959
6248 51150
196304 81152
193889 53065
59195 23607
196304 2391
196304 24616
59195 33463
25018 50783
196304 6522
196304 81884
123162 97215
146670 46690
59195 30143
151902 139192
92658 30143
193889 104011
59195 140974
193889 184097
92658 88270
25018 70917
6248 105492
123162 167622
193889 176277
146670 38255
188429 106769
196304 91622
146670 59524
196304 127895
196304 62852
92658 3735
146670 129575
59195 97215
151902 192714
146670 73027
146670 45628
146670 188101
123162 81884
146670 182756
92658 90239
188429 118223
6248 90261
6248 70917
196304 177267
25018 92987
193889 102470
193889 137064
151902 19423
188429 96872
92658 177267
188429 97062
123162 73202
193889 52560
151902 45578
193889 19184
151902 132053
6248 19184
193889 6522
188429 132053
196304 194987
196304 190795
146670 173415
92658 97062
123162 153533
188429 28748
146670 70984
188429 52745
146670 73202
146670 19184
6248 44947
92658 149395
123162 30143
146670 192638
59195 132053
123162 102557
151902 129474
92658 102350
188429 140974
146670 53686
196304 111793
123162 93052
25018 60343
193889 114085
193889 38797
123162 72063
92658 68166
6248 167350
151902 172683
188429 2391
123162 60343
193889 118223
6248 47290
146670 105492
196304 149395
196304 1218
196304 167350
146670 197918
59195 193374
193889 136103
6248 46690
196304 87589
188429 176615
193889 52560
151902 93052
25018 104011
92658 92987
25018 7976
25018 1087
196304 164300
193889 89808
193889 32752
123162 171041
146670 111793
25018 132884
25018 149395
151902 75932
59195 102470
123162 139192
6248 167622
196304 127416
6248 173415
59195 147958
59195 102557
146670 101046
188429 136103
92658 72063
92658 19184
146670 60343
6248 111793
6248 27002
123162 89297
59195 139192
188429 111793
25018 93236
25018 33463
151902 56870
151902 153533
146670 40950
146670 59524
59195 84676
59195 45578
196304 12643
151902 55970
59195 15067
6248 172683
196304 40213
196304 147374
188429 188101
123162 102470
59195 24616
123162 84676
123162 140974
25018 38797
151902 91622
193889 51150
151902 95341
188429 92561
6248 89808
196304 189283
123162 195848
59195 173415
151902 93236
59195 179874
6248 136103
92658 3518
123162 36015
188429 15067
92658 152429
188429 93052
196304 102557
59195 88270
146670 91622
92658 136103
151902 81152
151902 131436
151902 186039
59195 190795
25018 83552
193889 143353
6248 60343
193889 153533
25018 36015
92658 84676
196304 95341
151902 140974
6248 162668
92658 12643
6248 107616
151902 23368
123162 160681
151902 125229
25018 4525
146670 27002
123162 194987
193889 70984
193889 7808
188429 40213
92658 176277
6248 152429
25018 90239
151902 93052
188429 192638
6248 58425
146670 19184
59195 73480
25018 147958
92658 144600
25018 129575
188429 38959
196304 20545
123162 32752
193889 83552
59195 17110
151902 24616
92658 142514
123162 46690
193889 107616
123162 102350
146670 90261
193889 53065
123162 93052
123162 38255
92658 188101
6248 81152
188429 168994
25018 813
146670 163596
146670 83552
146670 176980
151902 192714
151902 139250
59195 52745
25018 75932
151902 129474
123162 140091
59195 59524
59195 1218
92658 1087
146670 93236
151902 149199
193889 167350
193889 47290
193889 3735
25018 88270
196304 60927
123162 170402
92658 188101
193889 118223
59195 24616
123162 52560
196304 96619
59195 127416
188429 81152
59195 75931
151902 144989
92658 185928
196304 81884
193889 133143
92658 4525
25018 23368
25018 124580
146670 45628
188429 50746
123162 6522
6248 125229
25018 93052
196304 102470
151902 89808
25018 106769
193889 95341
196304 1820
188429 176277
146670 30143
193889 133143
193889 52174
123162 91622
92658 89808
59195 14711
6248 104011
193889 177267
196304 4525
92658 58905
6248 92561
92658 62852
151902 92987
151902 19423
151902 171041
123162 52791
151902 92987
25018 96619
193889 97215
59195 87434
25018 90305
59195 172683
188429 90261
92658 149199
25018 177267
151902 157853
151902 75932
193889 132884
188429 199854
123162 182756
196304 52791
151902 75932
193889 70917
188429 193374
123162 60927
59195 160924
188429 6522
59195 140468
59195 32648
146670 164300
59195 147374
59195 111793
25018 3518
6248 125229
59195 38255
59195 80536
6248 162668
193889 33471
59195 53686
146670 53349
188429 93916
6248 59524
123162 74195
59195 28748
25018 172683
59195 17110
59195 92561
25018 149199
59195 52174
146670 72063
123162 106769
196304 118223
6248 111793
123162 192638
25018 197086
196304 38255
59195 73480
193889 67848
188429 172683
92658 132884
151902 20545
151902 179874
188429 102557
196304 73027
151902 97062
188429 2391
188429 7976
193889 125229
193889 70917
188429 190795
59195 19650
188429 23816
196304 142514
92658 53349
151902 6522
188429 4525
6248 132053
151902 197918
193889 88313
193889 147958
92658 19423
25018 84676
193889 104011
188429 172683
146670 41943
193889 62852
123162 205
25018 36952
188429 193374
196304 180285
193889 1820
193889 188101
6248 107616
146670 89297
92658 36952
6248 4844
151902 95341
196304 177267
59195 192714
188429 60303
146670 90239
92658 27002
193889 157350
6248 190795
151902 167350
146670 176277
151902 82099
146670 73480
151902 89297
196304 75931
188429 17110
25018 53349
25018 169225
123162 27002
151902 90351
151902 186039
25018 87434
151902 189283
25018 152429
6248 93916
146670 192638
59195 179874
59195 132884
193889 176980
193889 97215
92658 68166
123162 75931
188429 58905
193889 90239
123162 32648
25018 87434
123162 177267
6248 14032
193889 171041
188429 71133
6248 184097
188429 197918
193889 127416
188429 137064
193889 41943
146670 52174
196304 19423
59195 30143
188429 81152
123162 7808
151902 33471
59195 96872
193889 40213
92658 168264
59195 14032
188429 131436
123162 98970
92658 144600
188429 71437
123162 52174
188429 127416
146670 40213
123162 1820
151902 32648
25018 75931
92658 179874
146670 87589
25018 75932
59195 60303
25018 40950
188429 189283
146670 176277
25018 195848
92658 62852
196304 53065
25018 60343
188429 90261
6248 62852
92658 34646
196304 90261
6248 102470
25018 73480
59195 27002
196304 182756
188429 149395
123162 176980
92658 87434
193889 184097
92658 101046
92658 149395
151902 199854
92658 73202
193889 141116
188429 176980
92658 38959
196304 92561
25018 143353
146670 118223
151902 139250
146670 90351
146670 30143
188429 172911
193889 105492
193889 68166
123162 75932
25018 132053
151902 102470
59195 168994
188429 74195
92658 142514
123162 149199
6248 132053
6248 73373
59195 194987
123162 62402
151902 15067
146670 36015
146670 38255
146670 192638
92658 50783
25018 12643
59195 157350
193889 193374
123162 7808
196304 160681
6248 176277
146670 72063
151902 160681
196304 52791
146670 88313
188429 188101
151902 177267
123162 6522
123162 82099
6248 19423
188429 102470
188429 52174
123162 172911
123162 23368
151902 140974
6248 144989
188429 20545
25018 93916
193889 166830
151902 180285
123162 7808
6248 199854
6248 137064
146670 52745
151902 87434
146670 157853
146670 28748
151902 180285
92658 23816
59195 140468
188429 90305
188429 96619
188429 46690
146670 4844
6248 20545
151902 90239
6248 102557
25018 1087
123162 163596
196304 147374
25018 90305
193889 40950
59195 104644
193889 20545
92658 160924
146670 78591
151902 70917
151902 45628
151902 125229
151902 152429
188429 58905
196304 199854
6248 6522
25018 46690
188429 23816
92658 176277
196304 186039
92658 56870
196304 92987
193889 160924
196304 52745
188429 192714
196304 188101
123162 97215
146670 176980
25018 176277
123162 19423
59195 186039
25018 81152
123162 15067
123162 127416
92658 144989
123162 32648
193889 33463
25018 45578
196304 176277
196304 88313
123162 52791
193889 3735
146670 38255
193889 170402
196304 167622
146670 53349
196304 81884
6248 813
196304 33471
188429 73373
92658 52174
188429 179874
59195 141116
25018 6522
59195 60303
188429 102557
188429 14711
25018 195848
25018 157350
92658 81152
92658 177267
188429 147958
146670 45628
123162 176615
193889 38255
188429 60343
123162 46690
6248 186039
92658 37508
59195 140468
193889 93052
123162 172683
151902 62402
6248 82099
25018 164300
92658 87434
25018 28748
123162 38797
59195 144989
123162 139192
123162 32752
59195 67898
123162 96872
151902 87434
151902 7976
188429 14711
92658 4525
146670 147958
92658 168264
123162 93052
151902 46690
146670 133143
6248 140468
196304 15067
25018 81152
151902 37508
25018 93236
196304 95341
59195 4844
92658 192714
193889 157853
92658 51150
188429 80536
59195 46690
25018 75931
123162 107616
151902 90305
92658 67898
151902 102557
92658 199854
6248 141116
151902 47290
188429 81152
146670 60343
59195 36015
6248 197086
146670 92561
193889 118223
6248 62402
6248 15067
123162 52791
196304 193374
59195 176980
188429 133143
196304 70917
92658 186039
92658 40950
6248 177267
6248 141116
92658 71437
25018 23368
123162 83552
151902 184097
151902 132884
151902 98970
151902 97215
59195 195848
92658 169225
6248 124580
146670 186039
25018 55970
196304 102557
123162 102350
151902 111793
193889 4525
146670 73373
146670 137064
146670 176743
196304 105492
59195 93052
188429 105492
193889 106769
188429 27002
123162 74195
193889 30143
6248 153533
146670 23816
123162 81152
92658 129474
6248 163596
123162 160924
196304 176980
146670 70917
151902 20545
193889 152498
123162 144600
196304 88313
25018 111793
6248 4844
59195 184097
59195 33463
6248 34646
188429 71875
92658 20545
59195 172683
196304 152429
92658 41943
123162 34646
123162 114085
146670 177267
151902 58425
151902 188101
6248 124580
25018 176277
92658 107616
92658 40213
188429 157350
151902 59524
196304 168264
92658 96872
92658 1820
25018 182756
193889 105492
59195 87434
92658 129575
25018 114085
92658 130040
146670 185928
59195 176615
92658 176277
151902 71875
25018 140974
193889 205
193889 199854
25018 37508
59195 139250
188429 53349
193889 23816
92658 70917
151902 97062
59195 60303
92658 133143
92658 33471
193889 67848
6248 23368
151902 41943
146670 101412
188429 90305
196304 147958
59195 176743
193889 80536
188429 132884
6248 52174
25018 179874
92658 1087
146670 166830
25018 52560
193889 80536
123162 33463
123162 37508
193889 6522
188429 197918
188429 163596
59195 60343
123162 40950
123162 142514
193889 133143
92658 28748
59195 90239
151902 144600
151902 88313
151902 89808
146670 176615
6248 80536
6248 74195
25018 90351
123162 189283
151902 81884
59195 38255
188429 60927
123162 160924
188429 145004
59195 141116
123162 60343
188429 83552
188429 139250
123162 169225
146670 75932
193889 136103
92658 194987
188429 50746
193889 90351
146670 38255
196304 152498
123162 19423
92658 67898
123162 53349
188429 140091
92658 90239
59195 88270
146670 149395
193889 197086
196304 71875
151902 197918
6248 6522
6248 81884
151902 15067
123162 19423
25018 81884
146670 53686
59195 70984
196304 96619
196304 1820
92658 90261
151902 140974
146670 15067
123162 157853
92658 97215
146670 73373
6248 90261
25018 55970
151902 58425
92658 137064
25018 83552
196304 171041
123162 194987
59195 92987
188429 120631
123162 40950
193889 1820
59195 60343
123162 157350
59195 1820
151902 102470
188429 19184
196304 168264
123162 80536
196304 124580
196304 157853
146670 182756
193889 80536
193889 90351
59195 93052
25018 60303
6248 3735
196304 139192
193889 14032
188429 37508
59195 160924
193889 147374
193889 58425
25018 101046
146670 4844
151902 199854
193889 72063
193889 70984
146670 144600
196304 93916
193889 157350
196304 12643
196304 75931
146670 12643
151902 98970
25018 62852
25018 20545
146670 132053
123162 194987
188429 4844
193889 107616
59195 145004
92658 152429
188429 33463
196304 180285
25018 78591
59195 93236
6248 164300
151902 157350
193889 98970
146670 145004
196304 140974
193889 168264
188429 1087
196304 129575
193889 152498
146670 60343
193889 73480
151902 38797
92658 168264
59195 162668
123162 73027
25018 194987
92658 121878
25018 14711
151902 23816
193889 152429
151902 41943
188429 172683
59195 50783
193889 93236
6248 132884
123162 41943
59195 199854
193889 58425
59195 149199
59195 83552
193889 185928
59195 14032
193889 73027
193889 142514
123162 127895
25018 78591
188429 149199
123162 6522
151902 93916
6248 127895
151902 129575
188429 30143
59195 71133
123162 133143
92658 121878
25018 197918
151902 104011
196304 167622
188429 19423
123162 52174
193889 93916
151902 176980
92658 185928
6248 92987
25018 28748
123162 15067
151902 169225
6248 32648
6248 121878
151902 96619
196304 142514
151902 124580
151902 32648
188429 3735
6248 52791
146670 34646
196304 80536
151902 121878
196304 179874
6248 14711
188429 145004
193889 7808
193889 51150
123162 83552
146670 90261
151902 23607
25018 97062
196304 162668
59195 157350
151902 37508
59195 160924
151902 189283
92658 67898
188429 23816
92658 140091
92658 140468
151902 89297
123162 127416
59195 813
59195 189283
6248 180285
59195 185928
123162 81152
25018 90351
92658 813
59195 173415
6248 19650
59195 34646
25018 192714
146670 172911
193889 88313
59195 53686
6248 101046
92658 143353
193889 46690
59195 92987
151902 147958
25018 38255
6248 133143
25018 52791
6248 87589
59195 30143
6248 149395
188429 70984
25018 93916
92658 60343
196304 73027
59195 153533
146670 19423
188429 6522
193889 34646
146670 91622
6248 30143
193889 81152
151902 132884
146670 107616
196304 102557
151902 52174
92658 83552
188429 189283
123162 52791
123162 133143
196304 205
59195 124580
92658 177267
188429 173415
123162 45628
193889 55970
92658 127416
6248 91622
25018 193374
59195 36952
25018 120631
196304 36952
193889 83552
59195 60343
193889 107616
25018 67898
25018 172683
59195 97062
25018 71133
25018 142514
123162 813
193889 3518
188429 192638
188429 166830
25018 33463
146670 40950
188429 44947
92658 167350
196304 140091
25018 80536
59195 93236
59195 104644
123162 93916
123162 80536
92658 27002
146670 4525
151902 176277
59195 81152
188429 97062
123162 14032
193889 182756
25018 55970
92658 52174
188429 53065
92658 60927
92658 74195
25018 102350
92658 130040
92658 160924
188429 3518
196304 75931
193889 152429
92658 91622
193889 88313
6248 120631
92658 152498
25018 1820
59195 157350
59195 140468
196304 93916
25018 95341
188429 98970
59195 4525
151902 75932
146670 97062
59195 114085
92658 96872
25018 70917
6248 192638
92658 60927
123162 27002
193889 50746
193889 51150
6248 145004
59195 195848
196304 72063
59195 144989
196304 53349
146670 141116
123162 192638
146670 167622
6248 139192
196304 87589
188429 14711
6248 193374
193889 3735
123162 38797
59195 1820
146670 24616
193889 38797
92658 98970
92658 28748
59195 80536
151902 71875
6248 83552
151902 89297
6248 34646
92658 139250
146670 73480
188429 56870
188429 60343
59195 3518
25018 74195
123162 143353
151902 167350
59195 53349
193889 132884
25018 107616
188429 149395
25018 107616
25018 137064
59195 93236
146670 93236
123162 14032
92658 67848
6248 71437
123162 92561
151902 7976
25018 143353
59195 7976
196304 149395
188429 67898
188429 45628
123162 55970
188429 36952
92658 152429
25018 24616
92658 91622
193889 147374
193889 19650
92658 153533
196304 176980
196304 71875
188429 91622
196304 67848
188429 71133
196304 1820
193889 105492
146670 38959
6248 193374
151902 205
151902 7808
146670 141116
92658 127895
59195 53065
146670 14032
59195 32648
59195 36015
6248 88270
196304 87589
92658 95341
146670 102470
25018 129575
92658 92987
6248 52174
123162 7976
151902 4525
59195 73480
59195 127895
123162 40213
59195 91622
193889 73027
188429 93236
146670 14032
123162 132053
25018 157350
146670 38255
193889 33463
25018 92561
196304 105492
193889 192714
188429 96872
146670 164300
196304 96872
188429 98970
25018 59524
59195 147374
193889 12643
6248 51150
123162 102350
146670 162668
146670 120631
146670 2391
6248 197086
92658 87434
92658 90351
6248 71437
123162 19184
196304 152498
6248 20545
196304 139192
123162 14711
146670 46690
188429 44947
59195 1087
146670 153533
59195 152498
188429 58425
193889 59524
123162 104011
193889 52791
193889 139250
59195 169225
123162 14032
6248 73027
151902 205
151902 193374
6248 13438
123162 3518
196304 160924
123162 1087
188429 52745
6248 84676
6248 28748
146670 55970
123162 20545
193889 176615
193889 87589
6248 60303
123162 190795
25018 81884
193889 144989
59195 70917
59195 14032
