200000 2000
110400 151012
185980 183174
78492 27412
91693 50090
14597 182055
125345 151012
10369 151012
121556 182055
110085 151012
144455 50740
86095 182055
57445 183174
88040 15086
182140 16145
144455 182055
32038 16145
112965 151012
114298 50740
155129 15086
157298 182055
166016 182055
117267 16145
78492 199179
144460 182055
105826 169804
91369 50090
176488 15086
93762 27412
66955 16145
45545 50740
61026 50740
78492 169804
129614 199179
185980 199179
149223 199179
45545 50090
100024 169804
82521 199179
16764 15086
108115 27412
45545 169804
36449 182055
54606 182055
36449 27412
125348 15086
182672 50740
66955 50740
9914 15086
97399 50740
151657 169804
70850 50740
181658 50740
47862 50090
136593 183174
11281 16145
151657 27412
91693 199179
97525 50740
56779 182055
49424 199179
114298 16145
82521 50090
107527 182055
10369 151012
54541 27412
14597 27412
104853 15086
133884 15086
110085 15086
61339 50740
34125 50090
149673 183174
194868 50740
186255 169804
11907 183174
114453 16145
86813 183174
98982 199179
17680 50090
69151 16145
114298 27412
39014 27412
82521 50090
61339 50090
197093 151012
84380 169804
17680 50740
103413 16145
149673 50090
55420 27412
92859 199179
34125 151012
36009 169804
140049 151012
107001 151012
50274 182055
182140 183174
14531 50740
84380 183174
140049 50740
153876 151012
132339 15086
86095 15086
159539 27412
156427 151012
87954 199179
59265 182055
98982 182055
181528 199179
87954 27412
182140 50740
149034 199179
64170 199179
76291 183174
9914 15086
130720 50740
116923 199179
100978 199179
73834 182055
100024 151012
155129 16145
37450 182055
11281 199179
108115 15086
54606 199179
53464 15086
181013 16145
47808 50090
37317 50740
192162 27412
106077 199179
59265 27412
184938 16145
157298 182055
107527 27412
171298 169804
110428 169804
125345 183174
110400 169804
149223 16145
78492 151012
165371 182055
197463 15086
91395 50090
134874 16145
158405 151012
66955 183174
133884 27412
149740 169804
21435 50090
107527 182055
132339 182055
177288 15086
99441 183174
107725 199179
146024 183174
132339 50090
97525 27412
105826 169804
166016 183174
106077 151012
50274 199179
21435 15086
149034 199179
92859 182055
193233 16145
88040 50090
107725 169804
197367 182055
91693 169804
11429 151012
158405 27412
140049 151012
110405 50090
84380 15086
170800 15086
100024 183174
36449 182055
48644 50090
194868 50740
49687 199179
181013 182055
109461 50090
119476 151012
150679 16145
147457 182055
104853 50740
189035 151012
99654 199179
102952 50740
186923 199179
125348 199179
126444 169804
107527 15086
149223 50090
147457 50740
140721 169804
186923 182055
140721 50090
16764 50090
107527 199179
161772 151012
56779 16145
109461 169804
163516 199179
35908 199179
47862 27412
49687 16145
114453 15086
126444 27412
132630 16145
165371 27412
181528 27412
174378 27412
49687 27412
197093 27412
137784 15086
126444 151012
110428 199179
87925 169804
155372 151012
130720 27412
185980 183174
151657 50090
5320 50090
102952 50740
36449 16145
106077 182055
69151 169804
114453 50740
110085 199179
39014 182055
129614 169804
181013 199179
37317 50740
133884 16145
23457 50090
71287 169804
110085 16145
186255 182055
150679 199179
132630 182055
120347 27412
153876 16145
14531 27412
184938 182055
61339 50090
169549 16145
93762 27412
107439 151012
84380 183174
153876 16145
9914 15086
185980 27412
120347 151012
17680 50740
82973 50740
72037 182055
7679 182055
86095 169804
116923 199179
130044 169804
93762 16145
37450 15086
7941 183174
37450 182055
107527 182055
186255 27412
99441 151012
64170 50090
140049 183174
66955 182055
16764 199179
54541 15086
6556 199179
140049 183174
64170 151012
29747 169804
182672 182055
197463 16145
159539 182055
194868 182055
86701 27412
99654 50740
149034 169804
182140 151012
149673 15086
130720 199179
120456 50090
102685 199179
114453 27412
5320 15086
149673 183174
126444 15086
155129 199179
49424 199179
165371 199179
78492 182055
110400 169804
100024 16145
17680 50740
114453 50090
107725 169804
107439 183174
158126 182055
1403 15086
11281 183174
7679 182055
156710 169804
186255 16145
163516 199179
171298 27412
181658 151012
107439 199179
98982 151012
120456 151012
82973 16145
154997 169804
149223 15086
45545 15086
100024 15086
5320 15086
61339 183174
100978 169804
186923 183174
114453 199179
71287 50090
169549 199179
110085 15086
159539 50090
100024 199179
105826 16145
100024 169804
119476 183174
73834 50090
140858 16145
174378 16145
171298 183174
140380 50740
29747 151012
186255 27412
135628 199179
61026 50090
114298 169804
66955 199179
102952 151012
99654 15086
29747 182055
23457 199179
45545 151012
45545 27412
107001 15086
132339 50090
86701 50090
169434 50740
184938 15086
189035 182055
110405 16145
1403 151012
140858 199179
104853 15086
21435 182055
171103 182055
54606 15086
53464 169804
193233 16145
64170 50740
87925 15086
64978 199179
55420 16145
5320 182055
134120 15086
132339 27412
127128 27412
71287 50090
153876 50090
124320 16145
76291 50090
170800 151012
116186 50090
88040 15086
91369 182055
108115 182055
156710 151012
155129 169804
156710 50740
91693 183174
37317 183174
151657 199179
169549 151012
127128 27412
114453 199179
18384 50090
37317 27412
21435 183174
125345 50090
87925 15086
144455 50740
50274 27412
86701 16145
86813 27412
106077 16145
86813 27412
156480 183174
71287 50090
132630 199179
124320 169804
26569 182055
112965 27412
97525 50090
121979 199179
1403 15086
185980 199179
134874 27412
109461 50090
104853 27412
47808 27412
182672 151012
149034 182055
169549 183174
7679 27412
140858 151012
186923 50090
107001 15086
84380 169804
170800 16145
18384 27412
136593 15086
119476 15086
192473 50090
114453 169804
31716 151012
106077 151012
112965 16145
156742 16145
87954 169804
174642 16145
86701 169804
110428 151012
135628 27412
16764 27412
5320 50740
114453 199179
134738 50090
110400 183174
49687 183174
85804 183174
107439 151012
91693 50740
108687 50740
197093 50090
166016 50090
171103 183174
156480 27412
87925 199179
174642 199179
117267 50090
120456 15086
82521 16145
189035 15086
64170 169804
127128 15086
135628 16145
129614 199179
72037 50740
108687 169804
69442 16145
108687 15086
70850 27412
98982 182055
163516 50740
86813 183174
192473 16145
98982 183174
68133 15086
86813 50740
109461 15086
35908 50090
186255 27412
169434 27412
174642 169804
21435 182055
106077 183174
107527 169804
54541 151012
133431 50740
7941 151012
126895 50740
171298 169804
156710 27412
129614 169804
186255 16145
140721 199179
185980 16145
161772 151012
109461 50090
110085 27412
135628 27412
49687 182055
156427 182055
156742 182055
9914 183174
150679 16145
99654 199179
130720 169804
130044 16145
181528 16145
97399 199179
156480 27412
47808 183174
177288 183174
197463 151012
48644 50740
70850 151012
108115 27412
140380 50090
146024 169804
181658 182055
125345 199179
147457 15086
120456 169804
73834 183174
70890 50740
116186 151012
31716 16145
78492 15086
2316 50090
165371 16145
39014 16145
149673 16145
193484 15086
182672 50740
156427 50090
50274 169804
135628 169804
36449 199179
10369 183174
47862 169804
155372 199179
36009 16145
133884 50090
36449 27412
121979 169804
97525 183174
153876 15086
54541 151012
186923 169804
153876 15086
140570 169804
82973 169804
151473 151012
155129 50740
102685 199179
112386 16145
14597 182055
26569 182055
110400 15086
64978 182055
36449 151012
9914 183174
103413 151012
68133 16145
34125 169804
153623 27412
47808 15086
140049 151012
114298 183174
197463 50090
47808 50090
53464 15086
132339 199179
156742 151012
107725 15086
176488 27412
121979 183174
31716 15086
103413 199179
72037 169804
167617 182055
107001 50090
139253 50090
146024 183174
104853 169804
92859 182055
156480 183174
133431 199179
125345 151012
197463 169804
156742 182055
147457 27412
121556 50740
194868 50090
34125 16145
116923 50740
120456 50090
78492 27412
14597 183174
140380 182055
56779 151012
108687 50090
64170 151012
156742 151012
23457 27412
107001 183174
177288 15086
14531 50090
108115 183174
187820 182055
92859 50740
99441 182055
121979 16145
85804 199179
88040 50090
2316 15086
36009 15086
23457 182055
139253 50090
6556 15086
157298 199179
53464 16145
186923 27412
139253 199179
153623 183174
187820 16145
121979 50740
11281 182055
151473 16145
35908 169804
6556 15086
97399 169804
42569 183174
169434 16145
165371 151012
39014 16145
185980 50090
158126 16145
91693 50090
54541 50090
150679 50740
119476 151012
125345 50090
86701 183174
107001 15086
194868 182055
154997 183174
66955 16145
119476 183174
127128 50090
149740 151012
1403 182055
102685 169804
140858 151012
174642 16145
197463 151012
186923 199179
169434 169804
185980 50090
166016 16145
32038 169804
87925 50740
112386 199179
17680 50090
107725 50090
11907 183174
176488 27412
140721 183174
29747 15086
134874 15086
169549 182055
171103 16145
87954 16145
120456 27412
97525 182055
54541 50090
99654 50090
47808 15086
107725 15086
94265 50740
21904 16145
129614 27412
63702 182055
36009 16145
42569 169804
187820 27412
99441 50740
130720 50090
72645 27412
182672 15086
84380 199179
32038 183174
130720 50740
133884 182055
149740 15086
86813 169804
137784 50090
193233 50090
97525 169804
86813 27412
181013 151012
140380 50090
182672 50740
116923 15086
153876 15086
7941 27412
149223 182055
186923 16145
72645 50090
110085 15086
149034 27412
169434 183174
86701 16145
132339 183174
98982 199179
197093 50740
108115 50090
161772 169804
144460 169804
114453 183174
156710 15086
91395 151012
59265 15086
114453 27412
125348 16145
11281 183174
126895 169804
108115 16145
100024 182055
140049 50740
39014 50740
151473 16145
126895 199179
125348 169804
154997 182055
156710 183174
140049 199179
151657 50090
156480 27412
36009 199179
14597 16145
197463 15086
156427 182055
107725 169804
176488 199179
107439 15086
72037 27412
140721 183174
18384 50090
139253 151012
34125 199179
107001 15086
155372 16145
133431 199179
149740 50090
117267 182055
156427 169804
68133 50740
36449 169804
26569 199179
72645 183174
154997 16145
14597 50740
120347 50090
133884 15086
107001 15086
18384 27412
161772 169804
166016 15086
6556 151012
134874 183174
117267 183174
170800 50090
63702 169804
140380 151012
87954 50740
49687 169804
156480 27412
110400 199179
155372 50740
84380 16145
157298 182055
130044 16145
32038 16145
184938 15086
59265 50090
97399 50740
36009 27412
39014 50090
45545 15086
187820 50740
158405 199179
107527 50090
57445 50740
159539 50090
116923 50090
136593 50740
105826 16145
100978 169804
103413 15086
181013 50090
185980 169804
70850 27412
125345 183174
87954 169804
176488 151012
21435 151012
139253 199179
32038 182055
37450 50090
110400 50090
86095 199179
135628 151012
47808 15086
14597 27412
155372 16145
120347 183174
45545 182055
50274 50740
72037 27412
89913 50090
53464 50090
71287 27412
151657 27412
87954 27412
181658 199179
87925 199179
93762 182055
132339 50090
54606 27412
136418 199179
132630 16145
189035 50090
134874 15086
107527 199179
149740 15086
107725 169804
6556 199179
26569 199179
53464 50090
64978 151012
156480 182055
140049 182055
29747 50740
86813 15086
135628 15086
99441 15086
14531 16145
156427 151012
105826 50740
140721 182055
156480 15086
112965 15086
10369 27412
82521 182055
53464 151012
120456 151012
169549 15086
103413 15086
127128 199179
50274 50740
163516 50740
182672 151012
84380 182055
97399 27412
134738 182055
116186 50090
92859 182055
114298 16145
166016 16145
87925 169804
53464 199179
31716 182055
136593 50090
78492 182055
149740 16145
156710 27412
140721 50090
140380 182055
134874 50090
72037 27412
64978 15086
136593 183174
1403 151012
156710 50090
136593 151012
121556 15086
139253 16145
69442 27412
45545 15086
114298 27412
181528 169804
102952 27412
64170 199179
21904 183174
23457 27412
125348 199179
169549 169804
7679 50090
116186 15086
171298 182055
139253 50090
193484 50090
144455 16145
140380 16145
134874 183174
72645 199179
66955 16145
125348 50090
140570 182055
92859 27412
78492 199179
54541 199179
7941 50740
50274 50090
98982 16145
107439 183174
186923 27412
7679 50740
158405 15086
110400 50090
18384 27412
192473 50740
193484 50740
29747 16145
49687 50740
2316 169804
134738 27412
48644 169804
47862 182055
89913 50740
70890 16145
157298 199179
63702 151012
87954 50740
193233 16145
197367 27412
110085 50090
45545 183174
26569 50090
108687 183174
192162 182055
132630 169804
49687 182055
92495 27412
171103 183174
129614 27412
5320 182055
151657 50090
114298 27412
169549 27412
133884 16145
144455 169804
92495 27412
134738 50090
134120 50090
119476 183174
21904 50740
157298 199179
36009 50090
110405 199179
18384 50740
53464 50740
106077 16145
103413 183174
112386 15086
156480 169804
114298 27412
185980 50740
63702 50090
117267 199179
156480 50090
181528 151012
158126 199179
42569 15086
171298 169804
57445 169804
139253 16145
107001 15086
186923 16145
197463 50090
107001 27412
170800 15086
92859 183174
129614 199179
153623 151012
197463 183174
88040 182055
158126 50090
192162 151012
121979 50090
110085 50740
99654 199179
54606 15086
140380 199179
133884 183174
110085 50090
1403 50740
35908 15086
91369 169804
97399 16145
156710 169804
57445 199179
17680 183174
102685 15086
117267 27412
106077 169804
181658 50740
1403 183174
149223 16145
84380 27412
157298 199179
134738 151012
119476 199179
150679 151012
99654 15086
57445 151012
104853 199179
126895 182055
163516 50740
161772 16145
14531 169804
181658 151012
186923 27412
56779 27412
119476 169804
32038 199179
110405 16145
126444 16145
114453 16145
126895 151012
119476 182055
7941 16145
182455 169804
171298 169804
114298 183174
99654 169804
181013 50090
112965 27412
56779 151012
133431 50740
66955 199179
114298 183174
26569 50740
186255 15086
18384 169804
50274 27412
59265 182055
98982 183174
171103 183174
156480 50090
192473 199179
126895 15086
97399 27412
48644 151012
71287 151012
29747 15086
37317 15086
7941 50090
104853 169804
161772 15086
37450 15086
186255 15086
181528 182055
137784 50090
177288 50740
97399 50090
23457 27412
124320 15086
49424 15086
73834 15086
86701 27412
149223 16145
107725 199179
140049 50090
85804 50090
17680 183174
89913 182055
70850 27412
186923 15086
140721 182055
64978 182055
151473 169804
169434 16145
125345 169804
186255 16145
98982 50740
109461 50740
35908 15086
87925 50740
47808 15086
134120 169804
181013 16145
89913 50090
6556 182055
102685 182055
124320 169804
161772 50740
64978 183174
11907 16145
78492 182055
132630 16145
9914 50090
53464 183174
14531 183174
121556 151012
150679 50740
84380 50090
174642 27412
155372 182055
144460 199179
36009 183174
182672 169804
6556 50740
144460 151012
144460 169804
197367 50090
135628 182055
155372 50740
34125 199179
133431 27412
144460 182055
86095 15086
86095 182055
151473 27412
112965 182055
59265 15086
104853 27412
150679 15086
129614 50740
121979 183174
165371 182055
197093 199179
174642 182055
72037 16145
125348 50740
139253 27412
92859 50090
69442 151012
130044 182055
29747 50090
85804 50740
130044 50740
59265 183174
71287 199179
50274 151012
18384 199179
61339 16145
92495 183174
110405 182055
119476 50090
109461 15086
193233 15086
71287 151012
120456 16145
108687 16145
107001 15086
146024 50740
153876 27412
91369 50740
36009 15086
37450 199179
54541 15086
108687 16145
125345 16145
130720 182055
36009 183174
109461 27412
120347 50090
31716 199179
169434 183174
55420 199179
86095 16145
69442 50090
106077 199179
68133 27412
26569 182055
107439 199179
139253 27412
193484 199179
189035 50090
116186 182055
100024 15086
10369 27412
153876 50090
174378 50740
110085 182055
32038 15086
99441 16145
114453 50740
107725 183174
114298 169804
98982 27412
31716 199179
186255 169804
91693 50740
136418 182055
110085 27412
70890 169804
42569 16145
166016 182055
134120 50090
197367 50740
150679 50090
144460 15086
170800 50090
167617 27412
37317 151012
182672 183174
110428 199179
136418 151012
66955 50090
104853 27412
181658 50740
107527 182055
153876 16145
149673 15086
116923 182055
68133 27412
114453 182055
91395 169804
91693 27412
140858 151012
184938 27412
11429 50090
182455 50090
144455 50740
157298 169804
127128 151012
170800 182055
114453 182055
97525 50090
169434 50740
149673 199179
112965 27412
37317 27412
112965 50090
167617 27412
133431 50090
91369 183174
185980 169804
82973 182055
86095 182055
93762 50740
98982 15086
119476 169804
140049 27412
97525 50740
158126 50740
70850 15086
149223 182055
116186 27412
1403 169804
171298 151012
82973 50740
11281 169804
86095 50740
181528 183174
140380 15086
82521 183174
187820 16145
17680 183174
134738 199179
37450 151012
163516 169804
36449 15086
42569 183174
82973 151012
117267 27412
91395 182055
134120 199179
147457 27412
120347 199179
135628 169804
11281 27412
66955 50740
93762 183174
47808 199179
17680 199179
121556 27412
87925 183174
45545 151012
153623 27412
132339 16145
181658 50740
144455 182055
124320 182055
11429 50740
47862 182055
176488 199179
1403 15086
54606 182055
150679 199179
45545 15086
124320 16145
91395 151012
144460 15086
182672 151012
18384 15086
64170 183174
102685 27412
70890 16145
134738 199179
69151 16145
133884 16145
155129 199179
55420 169804
182140 169804
61339 50090
156427 50090
86813 169804
102952 50090
63702 15086
182140 27412
155372 151012
17680 169804
86095 183174
126444 151012
48644 169804
99654 15086
105826 183174
193233 169804
107725 16145
197093 183174
110405 169804
121979 27412
169434 27412
11907 15086
87925 199179
53464 169804
194868 50090
155372 199179
9914 16145
98982 183174
130044 50090
91369 199179
174642 169804
45545 183174
120456 50740
192162 16145
165371 183174
135628 50090
16764 182055
112965 169804
174378 169804
108687 169804
120347 27412
126444 169804
61026 27412
107725 182055
156427 27412
66955 50090
21904 182055
106077 182055
100978 16145
55420 27412
112386 15086
192162 15086
68133 15086
97525 182055
194868 182055
182455 199179
11429 15086
149223 182055
93762 151012
134120 15086
186255 151012
63702 27412
185980 15086
109461 15086
86095 151012
121979 50090
134738 182055
55420 15086
124320 151012
149223 50090
169434 151012
137784 169804
116186 27412
91395 182055
158405 199179
110405 151012
140721 169804
59265 169804
54541 15086
69442 15086
149034 27412
36009 199179
102952 15086
189035 15086
35908 183174
72037 27412
153876 50740
139253 50090
121979 169804
87954 15086
70890 183174
157298 16145
110405 169804
155129 169804
149673 183174
97525 199179
166016 151012
16764 182055
156710 183174
130720 15086
63702 183174
73834 27412
120456 182055
177288 151012
140380 169804
112965 183174
34125 182055
53464 27412
69151 50090
134120 50090
86095 151012
133431 151012
72037 182055
93762 15086
187820 50090
21435 15086
121979 50090
149223 183174
182140 151012
26569 182055
70850 50090
110085 15086
64170 199179
144455 169804
66955 169804
47862 27412
112965 151012
93762 169804
82973 16145
42569 182055
107527 50090
140721 16145
181528 50090
169434 27412
124320 50740
105826 16145
156480 199179
47808 50740
114453 50090
69442 199179
1403 151012
47808 199179
49687 16145
47808 16145
61339 15086
126895 182055
187820 151012
109461 183174
187820 183174
18384 50090
108115 16145
197367 16145
182672 183174
132630 15086
21904 50740
107725 151012
105826 169804
97525 183174
156710 199179
45545 15086
108115 27412
110400 16145
93762 50740
135628 199179
102952 182055
91395 169804
120347 50740
155372 27412
23457 16145
112386 15086
89913 50740
134874 27412
170800 183174
182672 151012
140570 199179
149673 151012
73834 16145
134120 27412
125348 169804
107001 183174
35908 16145
94265 27412
36009 50090
105826 27412
36009 182055
69151 16145
107725 151012
49687 15086
163516 50090
82973 50090
78492 151012
39014 151012
105826 27412
110085 15086
182672 199179
37317 182055
5320 15086
88040 182055
193484 151012
105826 50090
134738 151012
144455 50090
66955 199179
165371 183174
21435 27412
93762 151012
156480 50090
50274 15086
11281 27412
21435 50740
147457 50090
64978 27412
88040 50090
87954 16145
185980 50740
169549 169804
37450 27412
181013 183174
174642 183174
166016 16145
91395 50740
66955 151012
187820 182055
149034 182055
114298 182055
112965 27412
189035 27412
84380 16145
70890 15086
108687 50090
177288 50740
2316 199179
124320 50090
47862 182055
151657 169804
84380 15086
59265 50090
91369 50090
140570 182055
9914 169804
49687 27412
116186 199179
126895 183174
156742 50740
104853 199179
97399 50740
107001 15086
106077 151012
1403 16145
37450 182055
39014 182055
149223 151012
106077 16145
91369 151012
153623 50740
136593 151012
149223 50090
92495 182055
186255 199179
47862 16145
14597 169804
91395 15086
158405 16145
99654 27412
110085 27412
11281 183174
69151 50090
134738 182055
182672 169804
48644 183174
99441 169804
155129 182055
165371 16145
102952 16145
165371 27412
197093 15086
21435 199179
151657 169804
9914 199179
6556 50090
21435 50090
99441 183174
47862 183174
105826 16145
76291 183174
126895 151012
156480 15086
61026 183174
64978 151012
92859 183174
134120 183174
140570 16145
70890 27412
57445 151012
185980 182055
192473 15086
153623 15086
105826 27412
57445 16145
186255 183174
32038 16145
54606 50090
166016 16145
116923 182055
68133 151012
107439 50090
167617 50740
155372 15086
171298 16145
21904 27412
86095 182055
126895 183174
182672 15086
181013 16145
120347 15086
72645 199179
92495 182055
34125 199179
130720 50090
130044 151012
91369 50090
21904 50740
114298 27412
29747 169804
87954 183174
146024 151012
134738 16145
37450 183174
144460 182055
116923 199179
186923 50090
91395 16145
68133 182055
187820 50090
153623 169804
108115 199179
150679 183174
155372 50090
9914 50740
136593 199179
110085 182055
170800 16145
134120 15086
130044 183174
125348 199179
166016 50740
7941 15086
121979 183174
97399 50740
100024 27412
91369 151012
109461 27412
165371 182055
197367 15086
94265 27412
103413 183174
99654 50740
153623 169804
11281 169804
154997 151012
136593 50740
129614 50090
99441 16145
197093 182055
61339 27412
42569 182055
153623 15086
86095 50740
92859 199179
149740 50740
132339 199179
155372 182055
2316 16145
155372 16145
156480 151012
133431 50090
156742 199179
153876 151012
86813 50090
2316 50740
87925 151012
69442 50090
42569 182055
86813 199179
92859 27412
140380 182055
192473 199179
72645 182055
11281 183174
92495 50090
103413 182055
197367 151012
108687 183174
107001 50740
94265 199179
10369 16145
99654 16145
89913 27412
182140 16145
134874 27412
147457 50090
110405 183174
91369 151012
59265 199179
49687 15086
87925 50740
124320 27412
63702 16145
93762 199179
14531 16145
112965 50090
169434 183174
106077 169804
91693 183174
133884 27412
86813 15086
16764 183174
72037 50740
124320 27412
155372 199179
156427 182055
125348 183174
166016 15086
26569 182055
64170 16145
26569 27412
192473 151012
117267 182055
163516 16145
91395 15086
97525 199179
155129 151012
1403 50090
36009 50740
144455 27412
140049 27412
87925 183174
104853 50090
155372 50740
167617 169804
87925 169804
114453 169804
100978 151012
110428 151012
110085 15086
23457 169804
82973 50090
100024 15086
54541 16145
110405 50090
169549 50090
105826 183174
14597 169804
18384 16145
127128 50090
107725 15086
126444 16145
156427 50740
21435 183174
14597 15086
11907 16145
72037 15086
103413 16145
97525 169804
137784 169804
21435 199179
97399 16145
140049 16145
130044 50090
5320 169804
153876 50740
49687 27412
99654 199179
11429 151012
134738 169804
14597 50740
70890 199179
182140 199179
120347 27412
150679 16145
146024 182055
187820 15086
11281 151012
21904 15086
32038 27412
2316 16145
107725 169804
45545 183174
139253 16145
140049 16145
26569 151012
47808 199179
53464 50740
16764 182055
181658 169804
6556 15086
120456 182055
156710 50740
17680 199179
182672 50090
157298 169804
176488 16145
92859 15086
156710 50740
153623 169804
57445 50090
1403 27412
54541 50740
36449 183174
91369 151012
57445 182055
112965 50090
85804 50740
110405 199179
100024 151012
54541 50090
132339 16145
156742 199179
70890 50740
49424 183174
110428 27412
31716 50090
132630 199179
82521 199179
116923 183174
29747 183174
36009 169804
11907 183174
130720 199179
120347 151012
64170 151012
155372 151012
153623 182055
55420 27412
137784 50740
69442 151012
100024 50740
102952 169804
97399 16145
140858 183174
48644 50740
35908 169804
61026 50740
107725 27412
50274 50090
106077 199179
34125 27412
110400 50740
187820 50740
29747 199179
144460 50090
116186 183174
99654 182055
47862 50740
156480 50090
182672 50090
36449 182055
107527 199179
87954 27412
82973 151012
54606 16145
21904 50090
181013 50090
133431 50740
181528 151012
31716 151012
136593 169804
88040 15086
114453 199179
21904 15086
151473 199179
14531 50090
171103 151012
125348 16145
114298 15086
181013 15086
66955 199179
192473 16145
153623 50740
170800 182055
181658 15086
156710 27412
110085 15086
181658 151012
7679 27412
32038 169804
116186 50090
163516 182055
135628 16145
99654 151012
99441 169804
158126 16145
61339 199179
47808 50090
136593 182055
107725 199179
140380 27412
72037 27412
161772 169804
37317 16145
92859 183174
76291 50740
161772 50090
169434 27412
181658 182055
140858 15086
110400 15086
49424 199179
21904 16145
47808 199179
119476 27412
182672 15086
146024 15086
171298 50740
139253 182055
108687 199179
11281 183174
171298 50740
36449 182055
32038 15086
91693 15086
2316 50090
7679 169804
18384 50090
140049 199179
185980 27412
125348 15086
91395 199179
70890 16145
189035 50740
132339 183174
133431 50090
78492 50090
21904 183174
149673 27412
144455 50090
70850 151012
70850 183174
85804 50090
181658 151012
11907 27412
140721 182055
140049 182055
72645 50090
125348 27412
197093 183174
37317 182055
99654 15086
112386 151012
140570 169804
177288 27412
163516 183174
120456 182055
194868 16145
47862 199179
133431 183174
94265 199179
107725 183174
91369 50740
187820 15086
61339 50740
14597 199179
182672 199179
91693 151012
91395 15086
140721 27412
182672 199179
66955 50740
157298 27412
7941 27412
134874 182055
61026 16145
139253 182055
92495 15086
91693 16145
70890 50090
32038 16145
182140 182055
192162 151012
84380 16145
103413 199179
57445 16145
127128 151012
73834 16145
120347 183174
37317 199179
129614 15086
107001 169804
49687 16145
68133 15086
140049 182055
163516 169804
99441 169804
61339 151012
171103 151012
133431 182055
