200000 2000
180556 13973
106591 169981
18497 44051
106591 16477
110984 143506
106591 181610
180556 189973
180556 118881
51343 51945
190688 143769
190688 29481
110984 48114
171494 138116
106591 21664
156492 21664
106591 125570
51343 123582
171494 74216
110984 42710
171494 181610
188648 143769
106591 187196
75727 48114
180556 42710
190688 129968
188648 98335
188648 16477
180556 159550
110984 16477
156492 13973
51343 138116
106591 51945
156492 143769
75727 95877
51343 19905
156492 169981
110984 159550
156492 19417
18497 187196
110984 127396
18497 110860
110984 138116
171494 73489
18497 192808
180556 95877
171494 129968
180556 125570
110984 45762
188648 125570
156492 182736
75727 54576
156492 189426
156492 199220
156492 127396
18497 45762
156492 110860
18497 163213
171494 192808
106591 194153
75727 127396
18497 30297
51343 74216
75727 163213
110984 126028
51343 123582
18497 73489
106591 21454
188648 123582
110984 47460
110984 19905
180556 171529
110984 194153
110984 163213
106591 81612
188648 143506
106591 110860
171494 19905
75727 44051
190688 127396
18497 110860
188648 129968
110984 138116
110984 189426
51343 98335
106591 21454
110984 125570
180556 192808
188648 16477
188648 98630
171494 13687
51343 169981
106591 125570
51343 192808
51343 98335
188648 199220
190688 189973
18497 74216
180556 16609
51343 19417
110984 21454
190688 44051
188648 138116
156492 21664
190688 117493
180556 74216
106591 123582
106591 98335
190688 129968
190688 169981
106591 126028
188648 171529
190688 129968
75727 51945
190688 42710
171494 44051
180556 118881
171494 138116
180556 199220
188648 127396
75727 123582
110984 98630
18497 45762
171494 47460
106591 16477
18497 95877
190688 181610
190688 126028
188648 74216
110984 110860
180556 117493
171494 74216
18497 13973
106591 54576
75727 199220
171494 163213
171494 74216
156492 45762
18497 45762
190688 13687
188648 163213
180556 125570
106591 159550
51343 159550
171494 30297
106591 13973
190688 118881
171494 13687
171494 19905
106591 13687
188648 189973
190688 21664
156492 189426
110984 143769
188648 47460
188648 73489
171494 189973
75727 51945
75727 123582
75727 21664
156492 16609
190688 138116
180556 74216
106591 143506
18497 98630
190688 171529
156492 74216
18497 42710
75727 143769
180556 74216
75727 13973
106591 19905
156492 16477
75727 129968
18497 13687
110984 127396
51343 126028
110984 51945
180556 22921
156492 47460
188648 98630
18497 163213
106591 182736
75727 192808
110984 98630
156492 51945
18497 19417
180556 117493
190688 118881
156492 19905
75727 125570
51343 159550
110984 199220
171494 199220
188648 95877
75727 182736
190688 44051
110984 73489
110984 16477
18497 161009
110984 129968
110984 125361
18497 126028
188648 51945
75727 21454
156492 138116
190688 117493
18497 189973
171494 73489
180556 125570
188648 21664
75727 13687
156492 129968
180556 51945
190688 51945
188648 13687
51343 16477
110984 74216
156492 110860
190688 13973
188648 98630
110984 98630
180556 189973
51343 159550
106591 16477
110984 98335
188648 118881
190688 54576
110984 161009
51343 181610
156492 194153
75727 192808
106591 73489
51343 54576
75727 42710
171494 29481
106591 16477
156492 171529
106591 95877
75727 30297
188648 171529
171494 22921
171494 22921
51343 16477
171494 143769
190688 98335
156492 22921
18497 30297
171494 159550
156492 159550
171494 192808
110984 30297
180556 42710
75727 143769
190688 182736
188648 13973
18497 189973
180556 16477
75727 126028
188648 13973
188648 30297
190688 54576
18497 95877
110984 118881
18497 187196
18497 51945
171494 181610
171494 189426
180556 16609
188648 161009
156492 29481
156492 181610
18497 189973
156492 45762
110984 48114
106591 161009
75727 54576
106591 16477
51343 117493
188648 117493
51343 171529
75727 54576
180556 182736
110984 110860
156492 125361
106591 21454
110984 42710
156492 13687
18497 81612
18497 95877
51343 45762
110984 163213
190688 171529
190688 123582
188648 189973
106591 45762
190688 51945
110984 126028
190688 189426
171494 73489
180556 159550
110984 19417
188648 143769
188648 98335
110984 181610
190688 110860
188648 98630
156492 118881
171494 51945
18497 44051
75727 45762
51343 54576
171494 127396
75727 169981
190688 169981
110984 123582
106591 187196
18497 51945
190688 98630
190688 42710
190688 189973
171494 161009
190688 47460
156492 19417
156492 21454
51343 44051
156492 123582
171494 138116
106591 13687
51343 118881
180556 118881
75727 189973
51343 21664
106591 74216
18497 125361
18497 30297
188648 171529
110984 171529
190688 117493
156492 13687
18497 21664
51343 98630
171494 159550
110984 98335
171494 123582
190688 81612
156492 143506
180556 138116
188648 194153
110984 13687
75727 118881
110984 171529
188648 44051
188648 19417
51343 138116
106591 98630
18497 127396
110984 199220
171494 194153
171494 169981
51343 51945
180556 29481
106591 47460
190688 30297
18497 44051
18497 13973
180556 118881
190688 169981
18497 95877
110984 19905
18497 19905
190688 182736
110984 81612
188648 138116
110984 187196
190688 48114
106591 48114
188648 161009
190688 187196
106591 117493
106591 30297
180556 98335
18497 13687
156492 189973
190688 127396
75727 98335
171494 42710
156492 182736
156492 143769
51343 123582
171494 125570
180556 169981
110984 126028
110984 42710
188648 21664
180556 110860
18497 199220
18497 44051
156492 161009
106591 194153
188648 161009
171494 48114
180556 199741
156492 127396
180556 126028
171494 163213
180556 199741
156492 143769
171494 171529
190688 30297
156492 48114
171494 22921
51343 73489
18497 199220
75727 73489
51343 159550
156492 16477
110984 45762
190688 21454
110984 138116
51343 48114
110984 51945
156492 125361
75727 189426
75727 51945
180556 187196
18497 199220
51343 199220
180556 125570
171494 19417
188648 21664
18497 194153
188648 44051
188648 127396
180556 74216
75727 47460
188648 21664
110984 123582
51343 189426
180556 16477
110984 19905
51343 189426
110984 189426
180556 171529
51343 48114
75727 45762
180556 16477
106591 98335
18497 19417
110984 29481
188648 110860
180556 13973
106591 74216
51343 21454
110984 42710
110984 189973
180556 110860
188648 16477
156492 16477
75727 169981
190688 199220
171494 189973
110984 19417
188648 16609
156492 169981
110984 13973
75727 98335
106591 98335
190688 95877
106591 199220
156492 189426
110984 19905
18497 98630
188648 19417
188648 21454
171494 16609
75727 192808
51343 74216
106591 171529
171494 125570
51343 171529
51343 171529
75727 44051
18497 22921
51343 199220
188648 54576
188648 169981
51343 95877
188648 143506
171494 48114
188648 21664
110984 21454
156492 29481
188648 42710
190688 192808
75727 47460
190688 30297
110984 125361
75727 110860
171494 126028
75727 29481
171494 73489
110984 192808
110984 189973
75727 48114
106591 16609
190688 125361
156492 51945
156492 125570
171494 199220
171494 126028
51343 19905
180556 22921
190688 19905
18497 21454
156492 199220
190688 95877
190688 182736
18497 98335
171494 48114
188648 192808
190688 194153
106591 159550
188648 73489
106591 125361
180556 16609
190688 48114
190688 44051
156492 143769
75727 21664
156492 126028
188648 45762
180556 125570
180556 159550
156492 194153
188648 13973
180556 143769
110984 54576
156492 98335
156492 54576
75727 129968
18497 73489
180556 194153
51343 47460
156492 159550
106591 98630
75727 45762
18497 123582
188648 118881
110984 129968
106591 42710
190688 118881
171494 192808
106591 189426
75727 118881
190688 143506
18497 44051
188648 199220
180556 125361
188648 98630
51343 171529
18497 192808
190688 16477
51343 129968
156492 30297
110984 21664
180556 189426
18497 181610
188648 169981
180556 138116
51343 117493
171494 51945
156492 98630
188648 98335
180556 138116
180556 16609
51343 51945
106591 21454
188648 44051
110984 182736
51343 125570
18497 192808
106591 45762
156492 73489
171494 163213
171494 73489
180556 194153
106591 30297
171494 16609
18497 182736
18497 125361
156492 30297
171494 171529
156492 143506
156492 187196
75727 110860
106591 129968
190688 189426
75727 13687
180556 159550
171494 13687
18497 182736
51343 42710
18497 21664
188648 45762
180556 74216
110984 42710
171494 143506
171494 125570
190688 47460
190688 16609
188648 51945
171494 44051
75727 44051
110984 45762
171494 123582
51343 127396
75727 45762
51343 81612
188648 143769
75727 194153
171494 199220
75727 143506
180556 189426
106591 51945
188648 16609
18497 199220
156492 48114
106591 129968
156492 199220
190688 42710
190688 21664
188648 118881
171494 19905
110984 19905
171494 199220
18497 161009
106591 16609
110984 187196
106591 19905
190688 73489
180556 189973
171494 161009
190688 125570
75727 138116
18497 143506
75727 126028
18497 192808
106591 169981
171494 125361
190688 30297
190688 194153
75727 98335
106591 16609
75727 143769
18497 163213
171494 51945
110984 42710
180556 51945
188648 123582
171494 117493
18497 13973
75727 74216
156492 194153
188648 13687
18497 199741
18497 182736
190688 143769
190688 125570
51343 16609
75727 13973
110984 189426
75727 45762
18497 189973
18497 95877
180556 48114
190688 30297
110984 98630
171494 30297
51343 81612
156492 45762
110984 21454
180556 98335
75727 189973
110984 129968
188648 22921
51343 19905
75727 117493
75727 143506
188648 110860
18497 189426
156492 125361
188648 118881
171494 21454
190688 161009
106591 19417
171494 74216
156492 189973
190688 95877
190688 182736
75727 143506
156492 74216
18497 42710
188648 47460
188648 143506
51343 51945
75727 125570
18497 118881
75727 138116
171494 81612
156492 143506
171494 13687
156492 117493
171494 171529
106591 48114
106591 159550
190688 189973
156492 126028
190688 47460
188648 30297
51343 117493
110984 181610
110984 29481
18497 182736
75727 199741
171494 98630
188648 19905
171494 73489
156492 127396
180556 13973
106591 199741
51343 51945
156492 161009
188648 42710
190688 123582
51343 47460
171494 125570
180556 81612
106591 21454
188648 199741
190688 29481
188648 125361
180556 45762
75727 194153
190688 171529
156492 138116
188648 22921
156492 44051
171494 51945
18497 118881
190688 95877
106591 127396
171494 98630
51343 16609
51343 30297
18497 163213
171494 73489
188648 42710
106591 30297
188648 98630
110984 123582
188648 95877
18497 73489
18497 48114
106591 45762
180556 110860
51343 98335
156492 74216
18497 42710
75727 189426
75727 138116
18497 21454
51343 171529
188648 189426
75727 125570
75727 125570
190688 42710
18497 126028
75727 163213
190688 81612
110984 143506
190688 123582
18497 73489
110984 187196
188648 117493
106591 143506
156492 125570
171494 199220
156492 125361
190688 187196
110984 181610
75727 54576
156492 21664
110984 199220
18497 129968
188648 199741
75727 187196
171494 42710
188648 21664
75727 13973
188648 13687
106591 95877
110984 98335
180556 21664
190688 45762
156492 13973
188648 51945
75727 21454
190688 54576
156492 47460
190688 194153
188648 74216
75727 44051
106591 118881
110984 187196
106591 199220
190688 129968
106591 171529
110984 126028
171494 163213
75727 125361
75727 110860
106591 143769
188648 169981
180556 110860
106591 126028
171494 187196
171494 30297
171494 163213
188648 98630
106591 171529
18497 125570
156492 123582
188648 129968
171494 95877
190688 13973
18497 13973
190688 171529
51343 163213
156492 194153
188648 29481
156492 169981
18497 187196
75727 47460
75727 19417
190688 169981
171494 169981
188648 73489
156492 98630
18497 143769
75727 159550
190688 51945
156492 163213
156492 19905
180556 30297
180556 73489
188648 22921
190688 74216
18497 194153
51343 189426
106591 13687
156492 81612
188648 19905
18497 74216
156492 44051
188648 21454
75727 161009
180556 110860
156492 199741
188648 138116
18497 42710
110984 47460
75727 95877
156492 74216
75727 143506
106591 81612
75727 194153
75727 47460
110984 19905
171494 51945
156492 73489
106591 192808
110984 22921
18497 143769
51343 13687
156492 44051
110984 163213
188648 21664
75727 171529
110984 44051
18497 95877
18497 192808
51343 95877
75727 161009
51343 81612
188648 159550
190688 127396
18497 199220
188648 73489
110984 51945
18497 171529
190688 163213
171494 22921
156492 98335
190688 159550
180556 199741
75727 199220
75727 123582
75727 138116
51343 194153
75727 44051
180556 125361
190688 51945
106591 125570
51343 74216
18497 51945
106591 54576
75727 117493
106591 125361
106591 13687
156492 169981
171494 98335
51343 47460
171494 125361
106591 21664
171494 110860
110984 22921
110984 47460
18497 95877
156492 194153
171494 45762
171494 187196
110984 125570
188648 21664
110984 98630
75727 163213
188648 44051
171494 13973
188648 129968
171494 138116
106591 42710
75727 143506
171494 47460
171494 163213
75727 13973
180556 143769
51343 44051
75727 13973
190688 189426
106591 182736
180556 163213
156492 13973
106591 110860
18497 29481
110984 54576
51343 54576
188648 163213
190688 192808
190688 123582
110984 22921
190688 47460
51343 16477
190688 189426
188648 159550
156492 171529
110984 199741
190688 47460
171494 163213
171494 118881
190688 123582
188648 138116
110984 98630
171494 123582
190688 118881
106591 159550
110984 118881
110984 16609
110984 81612
106591 110860
75727 143506
51343 19417
156492 74216
51343 95877
75727 22921
110984 74216
75727 181610
188648 54576
171494 13687
18497 47460
180556 110860
180556 54576
110984 74216
75727 199220
110984 95877
106591 171529
171494 73489
51343 117493
171494 171529
188648 22921
180556 159550
190688 54576
156492 126028
171494 199220
171494 125570
156492 21454
188648 199741
75727 19417
110984 16477
180556 48114
106591 126028
51343 47460
180556 192808
18497 163213
156492 126028
190688 125361
75727 187196
106591 138116
171494 129968
188648 95877
156492 42710
51343 194153
75727 189426
51343 189973
51343 118881
18497 189973
75727 45762
110984 13973
156492 47460
18497 125361
156492 125570
171494 189426
171494 194153
190688 30297
18497 74216
106591 42710
110984 194153
106591 182736
51343 171529
188648 199220
51343 123582
171494 47460
190688 74216
180556 126028
110984 143506
106591 118881
75727 192808
75727 19905
110984 169981
188648 159550
106591 138116
106591 127396
51343 182736
156492 169981
106591 182736
106591 129968
110984 47460
110984 189973
51343 181610
110984 73489
110984 48114
18497 127396
51343 44051
106591 45762
171494 98335
18497 159550
51343 117493
156492 161009
18497 110860
156492 189426
171494 74216
18497 95877
188648 47460
180556 47460
171494 189426
156492 163213
190688 143769
180556 110860
190688 51945
188648 199741
190688 19905
75727 189426
75727 125570
171494 81612
18497 199741
75727 95877
110984 16477
171494 125570
75727 117493
18497 95877
75727 143506
106591 74216
75727 44051
156492 30297
51343 21454
188648 47460
171494 30297
171494 16609
190688 16477
190688 73489
156492 169981
156492 187196
188648 110860
18497 13973
180556 171529
110984 117493
51343 189426
180556 199220
106591 125361
188648 169981
75727 125570
51343 45762
190688 81612
110984 22921
75727 163213
106591 163213
190688 54576
171494 30297
75727 13687
18497 74216
190688 98335
106591 125570
156492 19417
190688 98630
188648 51945
180556 143769
188648 98630
190688 181610
190688 123582
190688 143769
156492 118881
18497 74216
18497 21664
110984 192808
171494 42710
110984 110860
106591 51945
190688 98335
156492 126028
18497 138116
110984 192808
180556 19417
106591 19905
188648 45762
190688 51945
188648 19905
156492 138116
75727 199220
156492 192808
18497 194153
190688 51945
156492 163213
156492 29481
18497 48114
190688 44051
75727 127396
106591 16477
180556 199741
18497 42710
75727 19417
188648 118881
171494 13687
180556 19417
110984 44051
110984 110860
188648 126028
75727 42710
18497 73489
18497 16477
190688 199741
106591 51945
180556 182736
18497 181610
171494 194153
190688 45762
75727 95877
190688 30297
75727 129968
171494 161009
51343 73489
75727 19417
75727 127396
75727 19905
106591 199220
188648 181610
18497 126028
171494 189426
188648 19417
51343 22921
51343 81612
51343 143769
171494 16609
180556 51945
18497 187196
156492 143769
171494 129968
180556 110860
51343 22921
75727 118881
190688 13687
180556 16477
190688 138116
171494 42710
171494 42710
18497 143769
156492 117493
180556 81612
51343 54576
180556 129968
18497 143506
75727 125570
171494 73489
110984 45762
171494 51945
180556 117493
180556 143769
75727 98335
18497 19905
171494 19417
171494 125361
171494 127396
75727 98630
188648 21664
180556 98335
75727 21664
180556 138116
106591 98630
75727 21664
156492 117493
188648 189426
51343 189426
180556 199220
156492 81612
156492 118881
156492 129968
51343 48114
110984 110860
106591 21454
18497 13973
75727 16477
180556 171529
188648 169981
180556 199220
110984 182736
188648 181610
180556 13687
106591 54576
106591 19905
110984 48114
190688 13973
110984 171529
156492 117493
188648 21664
110984 47460
18497 199741
110984 95877
75727 22921
51343 47460
190688 22921
171494 117493
18497 21664
180556 81612
51343 48114
106591 126028
110984 19905
110984 22921
18497 22921
156492 192808
106591 169981
188648 42710
106591 45762
51343 81612
156492 181610
190688 187196
188648 138116
51343 171529
190688 13687
18497 118881
51343 199220
180556 199741
110984 117493
171494 110860
106591 181610
190688 181610
106591 73489
110984 51945
171494 126028
156492 181610
110984 110860
110984 129968
110984 21664
180556 98630
18497 181610
51343 48114
156492 19905
51343 29481
75727 138116
171494 81612
156492 125361
51343 143769
75727 45762
190688 19417
180556 95877
171494 123582
156492 73489
180556 199741
75727 123582
188648 123582
190688 181610
51343 129968
110984 143506
75727 74216
180556 161009
180556 54576
106591 118881
18497 171529
51343 16477
106591 125361
188648 127396
75727 161009
180556 143506
75727 22921
75727 19905
18497 163213
188648 125361
106591 16477
18497 29481
171494 98335
18497 16477
190688 194153
156492 181610
188648 44051
75727 110860
190688 143506
180556 125570
106591 189426
106591 194153
18497 73489
190688 48114
51343 125570
156492 161009
106591 47460
180556 73489
188648 161009
180556 81612
156492 143769
180556 125361
156492 169981
106591 171529
180556 126028
180556 29481
188648 194153
18497 98630
51343 81612
18497 194153
110984 143506
188648 127396
171494 29481
188648 42710
106591 163213
180556 29481
110984 19417
190688 13687
110984 199741
156492 161009
190688 129968
75727 161009
180556 169981
106591 163213
188648 125361
18497 161009
171494 118881
18497 143769
188648 98335
188648 126028
106591 159550
188648 192808
190688 123582
18497 21664
180556 143506
51343 138116
171494 123582
106591 22921
188648 143769
156492 129968
156492 187196
190688 117493
156492 169981
51343 47460
18497 22921
156492 189973
51343 171529
156492 143506
51343 16477
110984 123582
110984 44051
180556 16609
110984 182736
110984 16609
110984 48114
180556 54576
18497 16477
171494 126028
106591 42710
75727 16609
171494 159550
51343 45762
51343 127396
18497 129968
190688 189973
106591 125361
51343 98335
51343 16477
106591 13687
156492 54576
171494 192808
110984 44051
18497 123582
180556 125570
75727 181610
171494 95877
180556 98630
18497 16477
190688 129968
110984 187196
51343 194153
110984 143506
51343 187196
75727 21454
171494 143506
180556 19905
110984 192808
171494 123582
75727 74216
156492 81612
110984 199220
106591 182736
110984 98630
75727 54576
171494 21664
18497 138116
51343 189973
171494 16477
18497 21454
110984 45762
106591 54576
171494 199220
156492 192808
106591 187196
75727 29481
75727 163213
75727 98630
190688 159550
110984 13973
75727 13687
188648 110860
180556 19417
18497 95877
188648 181610
75727 189426
75727 169981
156492 21454
106591 125361
190688 110860
110984 199741
190688 182736
171494 182736
110984 159550
180556 199220
51343 143769
156492 16609
75727 143506
190688 169981
75727 45762
188648 118881
156492 98335
180556 21664
156492 29481
190688 187196
51343 199220
171494 117493
75727 19417
180556 16609
190688 163213
171494 19417
171494 118881
188648 48114
110984 143769
171494 127396
110984 19417
75727 16609
110984 42710
18497 47460
18497 13973
75727 138116
106591 45762
180556 47460
156492 187196
110984 187196
190688 125570
180556 98335
171494 199741
75727 30297
75727 171529
180556 182736
18497 143506
171494 29481
190688 118881
51343 163213
190688 98630
75727 194153
18497 44051
75727 161009
51343 199741
106591 129968
156492 47460
18497 199220
106591 182736
156492 181610
51343 171529
51343 194153
110984 22921
110984 189426
106591 47460
188648 125570
156492 48114
190688 129968
156492 48114
75727 123582
171494 189973
190688 21664
156492 125361
18497 73489
110984 19417
106591 189426
18497 143769
75727 169981
106591 29481
156492 127396
180556 51945
110984 51945
188648 110860
75727 54576
190688 163213
156492 126028
188648 189973
156492 19417
171494 194153
180556 19417
156492 95877
18497 21664
171494 125361
106591 189973
106591 21664
156492 163213
156492 16609
156492 45762
180556 125361
190688 74216
18497 171529
188648 22921
106591 171529
75727 117493
156492 199741
190688 117493
106591 129968
171494 95877
188648 189973
156492 161009
190688 126028
75727 98630
110984 45762
188648 143769
156492 13973
156492 29481
51343 123582
180556 199220
171494 21454
75727 16609
190688 51945
18497 199220
156492 143769
180556 192808
106591 161009
171494 118881
110984 181610
180556 45762
51343 54576
171494 47460
188648 125570
190688 98630
110984 74216
18497 13973
156492 22921
106591 123582
106591 16609
188648 189973
110984 19905
188648 181610
171494 19417
110984 192808
180556 21454
171494 47460
180556 143769
110984 163213
51343 21664
188648 22921
180556 42710
18497 21664
18497 48114
75727 118881
171494 127396
110984 42710
51343 199220
190688 54576
51343 47460
110984 143769
110984 127396
110984 95877
110984 73489
18497 30297
171494 19905
180556 98630
110984 44051
75727 169981
171494 45762
190688 19417
18497 129968
106591 98630
51343 187196
75727 187196
106591 163213
51343 118881
190688 189973
106591 199741
156492 73489
171494 21454
75727 47460
188648 138116
18497 189973
106591 13687
75727 199741
180556 117493
110984 181610
171494 110860
110984 48114
190688 194153
188648 182736
180556 171529
180556 189973
75727 51945
180556 117493
156492 181610
75727 19905
156492 47460
180556 98630
190688 98630
171494 19905
106591 127396
188648 44051
106591 22921
51343 129968
51343 48114
188648 30297
190688 45762
188648 45762
75727 171529
171494 13973
18497 44051
51343 182736
18497 189973
110984 44051
190688 30297
110984 117493
180556 138116
106591 42710
51343 16609
110984 54576
171494 187196
156492 143769
190688 161009
106591 74216
106591 118881
190688 117493
156492 189426
18497 125361
190688 187196
156492 13973
51343 51945
171494 16477
171494 199741
51343 123582
188648 98630
106591 126028
156492 125361
156492 45762
18497 47460
106591 143769
156492 16477
188648 194153
18497 126028
18497 199741
156492 110860
171494 117493
188648 47460
18497 129968
188648 199741
18497 54576
156492 143506
188648 127396
18497 118881
110984 189426
75727 199220
188648 13973
188648 42710
190688 48114
51343 129968
106591 194153
190688 22921
51343 21454
180556 21454
110984 16477
156492 117493
18497 73489
171494 117493
18497 98335
188648 110860
18497 182736
18497 81612
18497 44051
156492 126028
171494 42710
51343 74216
106591 29481
51343 19905
51343 16477
106591 13687
106591 30297
75727 54576
51343 127396
18497 73489
106591 81612
188648 187196
188648 19905
110984 98630
171494 13973
188648 45762
171494 189973
156492 42710
180556 45762
188648 189973
171494 138116
188648 19417
188648 199741
75727 143769
156492 125361
75727 42710
75727 129968
171494 74216
110984 161009
51343 169981
51343 21454
110984 51945
106591 129968
171494 48114
51343 127396
75727 98630
180556 98335
188648 47460
75727 51945
106591 98630
180556 54576
190688 169981
106591 187196
18497 51945
171494 117493
110984 42710
188648 98335
171494 95877
51343 21454
110984 73489
110984 189973
171494 123582
18497 159550
110984 181610
171494 161009
156492 45762
188648 21664
180556 192808
106591 117493
190688 181610
75727 44051
156492 123582
188648 110860
106591 182736
18497 127396
190688 30297
156492 45762
106591 42710
75727 81612
106591 129968
18497 117493
51343 73489
180556 98335
75727 95877
51343 129968
156492 21454
190688 194153
156492 13973
110984 13973
156492 98630
180556 42710
18497 19417
18497 143769
171494 48114
106591 129968
106591 143506
51343 126028
110984 159550
51343 181610
18497 143769
180556 129968
188648 171529
180556 199741
171494 199220
171494 98335
106591 74216
18497 13687
156492 22921
106591 127396
171494 199741
18497 13973
106591 16477
18497 143769
156492 169981
75727 126028
171494 98630
18497 182736
106591 30297
188648 126028
190688 29481
106591 187196
156492 51945
110984 51945
51343 48114
188648 169981
75727 30297
156492 143506
106591 181610
51343 22921
190688 30297
156492 161009
180556 21454
18497 44051
51343 161009
171494 199220
171494 181610
18497 30297
106591 181610
180556 143506
190688 138116
51343 110860
188648 54576
180556 123582
75727 81612
106591 13973
106591 125570
190688 181610
156492 98335
110984 117493
110984 182736
171494 16477
75727 194153
188648 117493
18497 159550
156492 125570
188648 73489
18497 189426
110984 13687
51343 181610
171494 16609
156492 181610
106591 95877
171494 189973
156492 51945
110984 171529
75727 73489
156492 98630
156492 123582
51343 123582
110984 189973
106591 81612
106591 19417
106591 129968
51343 29481
75727 117493
171494 48114
106591 73489
180556 143769
171494 110860
106591 163213
75727 48114
51343 187196
110984 129968
75727 110860
180556 54576
180556 117493
106591 98630
180556 81612
51343 13687
106591 45762
180556 19905
171494 22921
156492 125361
110984 143506
188648 48114
18497 161009
171494 54576
106591 16609
180556 22921
156492 22921
190688 194153
171494 30297
171494 45762
51343 19905
75727 199741
75727 21664
110984 16477
190688 47460
51343 29481
156492 16609
188648 192808
18497 138116
188648 125570
188648 194153
171494 13973
51343 126028
180556 189973
188648 181610
188648 48114
188648 171529
18497 159550
106591 29481
106591 138116
180556 126028
110984 187196
110984 194153
18497 13973
171494 42710
156492 161009
171494 126028
156492 73489
188648 125361
110984 163213
75727 194153
18497 123582
51343 171529
75727 187196
106591 98630
156492 22921
51343 189426
156492 110860
18497 42710
156492 22921
110984 47460
180556 187196
106591 129968
180556 16609
188648 187196
51343 45762
18497 181610
180556 159550
75727 123582
190688 110860
18497 30297
180556 45762
51343 16477
18497 29481
180556 22921
156492 169981
156492 30297
75727 125361
156492 44051
110984 125570
51343 192808
106591 47460
171494 95877
106591 171529
190688 21454
106591 143506
18497 30297
180556 118881
190688 199741
190688 47460
75727 54576
171494 161009
171494 13687
18497 30297
110984 45762
106591 98630
106591 181610
180556 181610
