200000 2000
96451 101036
24544 175681
12729 187990
63643 136389
81729 116752
61378 138514
20693 180444
2806 197461
57178 142076
33629 165946
12025 188743
72006 127321
48098 151078
12093 188644
73896 124425
23507 177442
74061 124167
70360 128900
42809 156130
96786 100844
28568 170916
35552 163653
51143 147873
91951 106211
20237 180635
71628 127644
79929 118658
16697 183593
75090 123254
18040 182544
13382 186749
37779 161430
62020 137921
7762 192397
90272 107328
47274 152118
87957 109986
93915 104025
18848 181662
42542 156706
22205 178785
76974 121864
84030 113700
93481 104637
80036 118456
29158 170282
30085 169567
30551 168818
70019 129532
2273 197727
70336 129064
91592 106653
94516 103051
19389 181159
61754 138039
74291 124016
73140 125651
89102 108648
74737 123627
56869 142689
49209 149616
55066 144610
30130 169516
94997 102667
30420 169064
94087 103725
66249 133285
7193 193044
39939 159183
53351 146007
54716 144730
54054 145402
5230 194781
30251 169219
11180 189957
7745 192414
14236 186270
84527 113211
12090 188672
44866 154497
85069 112675
83739 114383
71710 127480
45739 154239
97077 100687
77582 121088
70441 128861
56291 143272
39798 159423
69796 129787
33425 166296
54743 144700
63394 136823
67163 132288
57267 142041
69181 130231
48601 150303
23858 176985
98259 99707
60077 139214
2691 197537
57135 142082
29226 170173
41297 158084
12544 188230
40710 158763
38481 161033
81835 116639
8147 192312
8287 191921
25983 173794
19264 181342
48874 149944
4918 194839
37080 161997
43828 155423
31035 168568
79257 119076
3658 196566
74734 123769
24586 175374
26079 173562
13296 187050
91939 106280
7446 192639
84382 113248
68181 131401
39947 159164
63435 136732
23456 177500
41573 157840
7359 192744
80971 117720
72724 125952
77235 121400
97464 100375
15159 185285
34630 164672
56040 143461
12468 188447
27479 172456
15218 185257
21262 180105
94760 102809
51442 147624
83007 115424
82446 115830
11600 189462
54207 145298
23080 178149
89708 108013
35042 164152
43903 155413
37370 161745
98446 99673
740 199502
50037 149090
77089 121601
58116 141187
25723 174170
8215 192183
85102 112624
95590 102214
10150 190970
39536 159742
90095 107680
35791 163492
87689 110129
98260 99705
23824 177046
72827 125868
32456 167563
42566 156585
69334 130083
42395 156951
73179 125413
72056 127253
33390 166349
30169 169415
46838 152822
84097 113412
13919 186446
24155 176613
2780 197499
6198 193809
52826 146404
39154 160079
71162 128050
45023 154442
76863 121975
90447 107303
36344 162495
16184 184483
93874 104135
80746 117890
12532 188251
4873 195183
39958 159121
52378 146901
61325 138536
93822 104276
35200 164083
96830 100813
63921 136212
1298 198980
69641 129880
49544 149384
21269 180070
82047 116497
25706 174220
27546 172200
63406 136821
27264 172593
153 199879
73328 125240
4376 196002
80756 117881
8143 192320
24578 175377
72290 126646
44126 155230
20361 180623
51019 147891
63655 136330
71780 127438
88273 109868
51071 147887
39032 160109
6039 193983
95801 102058
31715 168253
10563 190460
42232 157012
53803 145630
30987 168641
32867 166994
91078 106929
88589 109182
83952 113774
60983 138829
46540 152986
41654 157635
47609 151419
65267 134392
14934 185444
82067 116463
94665 102892
84945 112850
98195 99846
13496 186519
21063 180280
27022 172728
19639 181050
32715 167232
28890 170779
91311 106721
5669 194381
14851 185504
15048 185334
91324 106678
63455 136662
34785 164521
82492 115764
22195 178845
45922 154074
40039 159111
2169 197884
87665 110164
98818 98998
87014 111073
36845 162196
28234 171239
74756 123626
11168 190078
51235 147728
81592 117028
14539 186149
18594 182116
93038 105344
95771 102148
22244 178762
33636 165918
78244 120506
63217 137030
24305 176465
21883 179227
24374 176177
13071 187363
15707 185064
17549 182858
9175 191462
33931 165874
23435 177528
26921 172942
13480 186655
40369 158810
65251 134448
40352 158841
75666 122880
42215 157061
24723 175126
29379 170058
8248 192059
76919 121951
81214 117233
71803 127437
26365 173247
17020 183309
69968 129573
58115 141335
93399 104659
64707 135238
28542 170964
27095 172697
98458 99580
61863 137998
95537 102221
60528 139113
43323 155618
78661 119734
6891 193173
19525 181118
18768 181883
3114 197316
35526 163699
22690 178366
42586 156571
40181 159084
27847 172116
82783 115607
15053 185305
30580 168791
34578 164784
17678 182728
57478 141963
63085 137118
74894 123479
91286 106728
30475 168995
34035 165817
91678 106471
29976 169820
33198 166554
8794 191576
43541 155546
40890 158750
49364 149513
19006 181441
24450 175866
79776 118695
16020 184890
33145 166610
70276 129137
56694 142833
12774 187897
9918 191159
42399 156786
44297 155202
65529 134087
92198 105897
19338 181193
20238 180627
88055 109984
92723 105476
97148 100614
49291 149575
31099 168532
72415 126445
47096 152565
5981 194115
97733 100113
84891 113088
76277 122382
85200 112517
94146 103591
19003 181446
87389 110782
80133 118337
78262 120350
69298 130107
97400 100588
64115 135742
52670 146689
11329 189760
32670 167241
64040 136047
46951 152716
97545 100289
77618 121042
14441 186199
13197 187138
61703 138113
77862 120914
23410 177744
13926 186427
80637 117901
39505 159859
54193 145305
32647 167256
1376 198763
68160 131455
82977 115485
52939 146255
82313 116044
11052 190193
78431 119907
5842 194316
34129 165752
97971 99939
28116 171539
97793 100098
93322 105107
89711 107963
91935 106346
47299 152079
24133 176638
14835 185523
2074 197888
74431 123931
17854 182632
3794 196472
2761 197534
25659 174410
65067 134893
52639 146735
139 199888
82140 116332
76922 121912
52693 146593
37339 161808
70690 128836
70345 128960
21359 179864
20989 180348
63415 136768
77385 121348
82333 116041
28801 170821
81551 117047
65476 134208
89478 108228
80061 118372
16528 183788
89499 108203
71944 127329
4783 195265
59326 140134
19662 180965
31690 168289
30062 169699
90750 107118
15007 185433
72057 127185
75283 122910
88683 108825
4504 195706
21117 180225
22322 178721
36592 162280
89559 108144
74957 123414
83768 114362
14755 185647
47871 151204
94149 103539
53985 145475
14290 186258
47148 152491
25275 174498
98033 99873
15895 184996
58248 141035
27285 172586
60540 139080
8633 191736
86717 111202
51849 147179
37409 161652
76937 121904
4286 196055
51678 147276
17581 182839
34115 165762
94893 102751
59810 139334
12271 188572
94825 102805
22081 178992
80575 118111
69038 130386
97196 100599
72683 126138
48876 149844
84177 113358
81169 117270
84240 113336
54146 145391
60179 139180
46315 153434
7707 192622
19537 181107
26264 173308
47516 151573
85006 112719
48643 150137
42616 156497
89975 107818
2566 197598
75758 122824
22660 178455
12990 187682
47705 151289
91650 106520
9450 191300
18265 182270
96326 101245
38985 160357
95123 102662
16408 183879
29099 170567
77203 121509
28437 171037
41974 157454
78305 120347
42878 156088
97450 100530
17215 183263
2775 197518
11968 188798
64520 135368
14471 186174
27513 172358
29303 170138
76158 122645
12806 187810
16634 183734
72754 125914
67910 131619
78382 120044
13948 186381
34143 165706
1224 199122
89351 108516
73596 124876
26802 173014
6962 193147
11170 190028
37343 161784
96124 101647
10346 190791
42918 156012
1415 198601
74655 123850
75799 122796
19999 180637
46761 152911
30415 169086
76823 121993
32369 167617
53972 145574
16485 183837
63988 136149
13488 186643
34634 164543
64672 135259
5614 194477
29038 170711
6048 193933
86929 111162
40587 158771
52878 146304
11125 190146
85121 112564
93330 104755
73246 125333
83044 115337
23035 178291
21524 179419
50587 148266
24653 175264
72540 126377
50313 148565
38735 160920
29531 169958
11215 189781
92559 105648
32812 167018
90123 107648
32083 167998
17894 182589
12279 188463
87908 110073
76267 122462
49689 149257
18815 181842
39925 159335
63386 136878
46400 153208
27034 172707
18629 181974
51480 147566
58495 140796
28051 171603
27716 172178
77521 121180
13398 186709
31920 168130
41618 157712
16235 184272
48035 151119
70788 128507
57210 142046
63677 136322
78839 119643
71290 127960
33711 165897
55371 144286
72120 127087
91749 106436
70333 129065
46859 152814
24399 175930
52052 147100
39655 159701
97120 100632
86228 111715
90905 107058
69848 129759
20978 180375
6469 193403
77165 121582
26885 172954
13749 186470
42106 157226
7066 193085
50811 148218
787 199457
30293 169183
68935 130542
42071 157254
8821 191535
11740 189295
91959 106124
14224 186334
4694 195338
38777 160622
36813 162208
58945 140525
17592 182836
57070 142630
50171 148595
34617 164736
94673 102854
92663 105559
21211 180131
93046 105332
96160 101644
32234 167867
66945 132382
30679 168698
18669 181960
67779 131783
11955 189140
96399 101191
94055 103793
76687 122123
55882 143829
96121 101695
3283 197190
56778 142788
35960 162786
13020 187425
74423 123941
74652 123868
23316 177963
73097 125678
21405 179731
84742 113184
10184 190947
88462 109695
36130 162731
31540 168321
33324 166538
95906 101968
26676 173053
35665 163543
47678 151311
38920 160415
97618 100221
17948 182560
51178 147866
34294 165384
77086 121755
56411 143160
27923 171965
93671 104543
73247 125302
44655 154690
90475 107217
19335 181243
73978 124326
44600 154788
6102 193839
48109 151005
96208 101562
51519 147392
16612 183780
72883 125836
51327 147681
83690 114521
58240 141133
36924 162010
22040 179039
44997 154496
83918 113926
93896 104125
9250 191409
21470 179683
55634 144048
47910 151172
47976 151132
63140 137094
82566 115748
627 199514
977 199317
71000 128227
95935 101953
559 199597
26863 172990
75684 122845
13127 187283
2235 197764
47926 151170
21346 179921
22468 178554
44519 154921
91277 106846
16779 183417
52293 147037
60064 139249
26309 173294
82427 115972
3333 197176
5714 194373
77151 121586
44608 154764
78402 120030
80197 118262
54424 144838
8604 191758
79336 118892
46384 153314
26142 173504
60083 139207
84636 113200
35002 164277
64241 135740
79388 118875
70172 129318
95253 102590
3015 197355
43311 155715
95386 102465
81461 117056
87804 110124
87931 110003
71712 127478
61707 138049
48250 150834
4033 196433
13068 187378
60513 139126
47210 152405
59903 139291
79097 119519
11722 189306
43975 155326
37159 161875
92292 105758
92697 105558
73682 124843
67704 131794
69703 129835
45801 154204
78311 120287
30542 168830
24696 175184
19042 181399
11351 189726
59068 140415
2303 197682
39400 159948
32074 168083
47214 152218
43130 155850
220 199822
50139 148852
32374 167597
86102 111739
52705 146407
45555 154285
77723 121000
14702 185754
51484 147522
52419 146813
63471 136594
88592 109034
87215 110987
87443 110667
11404 189700
20953 180394
86270 111667
361 199729
83203 115100
78592 119781
3096 197345
36334 162498
95772 102101
59248 140174
71905 127427
15377 185172
67814 131723
5913 194204
70028 129456
27624 172192
87250 110973
37489 161548
72761 125895
34351 165198
69146 130316
32936 166974
78103 120687
38475 161125
80784 117855
76737 122016
58668 140772
67492 131973
14929 185465
79212 119087
82090 116425
60652 139046
6684 193293
33000 166934
362 199680
31349 168394
72551 126291
55603 144160
94266 103465
14671 185862
29161 170223
69101 130359
88187 109928
64976 134960
29632 169897
45875 154114
98571 99375
77507 121337
34944 164329
83897 114187
52212 147081
82679 115673
8071 192335
42701 156258
13365 186814
16653 183600
91905 106388
3883 196466
43038 155907
34908 164450
26400 173221
16183 184522
91985 105964
38959 160396
33062 166790
79184 119164
29239 170152
53339 146065
45601 154281
86386 111470
59973 139283
67164 132204
97047 100741
83020 115369
8739 191662
65521 134182
14071 186339
93431 104642
18489 182122
67988 131573
54399 144918
89342 108563
30165 169479
49422 149470
64508 135398
59455 139927
10101 190997
56647 142918
49480 149425
6420 193444
55319 144322
88534 109319
84305 113315
58121 141141
71048 128111
43822 155448
3445 197092
37263 161860
90922 107028
20969 180376
72345 126458
41336 158082
24563 175444
85321 112471
84060 113463
42680 156364
7425 192680
44321 155201
60682 138984
7319 192908
98455 99605
27173 172651
88472 109468
6218 193544
24426 175872
37152 161895
95268 102526
96684 100943
50809 148234
82273 116250
53020 146222
23699 177234
46953 152679
30374 169140
97114 100661
76620 122143
12551 188213
9197 191459
5627 194445
55783 143967
25929 173954
36563 162310
27979 171763
78349 120119
58679 140710
88209 109902
58761 140665
76420 122203
75969 122771
94717 102823
85972 111801
65544 133867
61698 138258
79288 118958
72137 127031
26213 173399
56078 143438
899 199399
12747 187980
83115 115102
31004 168634
27032 172718
28389 171209
16424 183867
97872 99967
98482 99544
61695 138326
9966 191111
53449 145986
54627 144763
29353 170137
41259 158138
6097 193855
62058 137902
18066 182540
28633 170839
46482 152987
41591 157720
87264 110915
69163 130268
83818 114212
85636 112372
22157 178866
77711 121005
12773 187960
33586 166041
82410 116010
98824 98978
83692 114480
83906 114100
81813 116649
97420 100552
50161 148602
83281 115086
94309 103383
35829 163281
26625 173089
46241 153841
57080 142552
31786 168252
36915 162125
66537 133022
74965 123293
12524 188392
68163 131422
92586 105614
36521 162338
72566 126151
93127 105226
25918 173958
71540 127702
93674 104503
5883 194236
42250 156954
72695 126047
84112 113401
68342 131256
54035 145440
75151 122945
29503 169976
87552 110452
91095 106923
72250 126676
55111 144555
9681 191176
48657 150130
52651 146725
73383 125139
39932 159307
19894 180914
11137 190136
46393 153288
34585 164761
87136 111057
4090 196299
95472 102328
50198 148591
16111 184673
49461 149456
89490 108222
94551 103008
73663 124850
24452 175861
34369 165174
7126 193073
70455 128851
66367 133041
70077 129374
15434 185133
97612 100271
72300 126645
54786 144652
73886 124467
14268 186267
84357 113256
96271 101429
5606 194512
1389 198726
97504 100338
53637 145935
36346 162448
68410 131126
94290 103385
38822 160604
24918 175078
24312 176403
91224 106867
29927 169829
67605 131858
57659 141895
43741 155516
8431 191859
14048 186347
55135 144358
1360 198910
54461 144812
56158 143431
73177 125585
32437 167574
23756 177226
43598 155542
8570 191782
25068 174524
22954 178310
727 199511
3765 196539
64052 136012
98732 99223
57348 141983
69722 129828
41246 158489
21505 179664
22037 179204
60761 138962
43947 155339
81628 116904
81109 117322
81421 117072
92947 105420
66585 132864
47206 152477
89693 108074
55980 143692
32284 167734
7445 192664
94539 103031
84451 113242
76282 122232
48619 150282
74016 124185
12980 187689
90124 107513
15260 185232
54406 144870
59727 139707
40714 158751
41553 157940
13237 187133
58527 140789
85344 112455
49353 149527
87304 110825
65855 133432
51407 147636
84137 113375
30258 169189
92861 105443
85817 111829
30025 169714
28952 170745
46835 152829
66817 132605
49571 149382
33180 166595
57343 142011
1084 199310
8172 192297
85984 111773
52445 146785
24369 176220
91326 106655
78958 119588
46426 153034
30759 168656
87629 110328
81203 117260
84960 112757
48340 150698
78418 119937
5657 194388
65619 133689
98029 99896
7237 192942
42957 155964
41786 157565
90056 107690
31339 168404
73984 124262
49413 149511
77615 121047
79462 118861
26733 173034
79691 118723
82274 116209
47449 151732
32543 167543
32238 167761
64728 135101
21317 179976
59619 139792
5350 194727
40117 159086
89309 108586
89430 108307
58066 141503
57788 141749
93602 104611
48856 150080
59393 139958
23760 177203
46739 152955
66118 133415
26729 173052
27376 172509
63710 136316
21649 179331
76309 122228
48529 150552
66771 132636
23424 177643
91973 106072
22275 178758
82816 115569
18249 182333
30303 169153
71285 128015
84939 113022
53598 145975
25301 174497
22551 178466
44513 155000
51509 147453
1436 198548
24245 176486
66120 133337
72810 125870
65418 134265
70227 129142
94678 102852
36540 162337
61095 138828
82834 115531
18278 182189
24727 175103
76150 122669
1765 198317
46902 152744
87394 110689
5438 194685
41841 157528
34909 164444
37447 161559
7956 192396
20775 180419
10515 190644
83650 114655
89152 108635
34342 165335
90634 107127
55609 144126
12127 188581
17803 182655
42662 156410
83677 114575
33358 166376
13062 187411
48099 151031
58316 140916
28231 171295
24183 176584
34478 165107
34280 165560
66642 132806
42193 157187
11108 190181
3686 196543
70715 128772
9677 191296
27957 171872
7225 192949
82733 115618
64900 135050
37727 161445
83085 115140
23573 177439
75938 122785
18154 182477
83697 114471
26205 173485
34182 165688
65110 134563
35388 163945
42063 157321
81873 116623
18090 182503
17362 183143
61270 138689
4381 195995
40229 159030
47250 152144
72941 125731
98022 99912
76220 122538
82532 115761
26954 172837
54409 144848
24496 175816
82096 116416
85672 112267
16149 184657
18199 182346
17491 183014
8339 191864
50099 148933
60822 138875
88342 109817
54327 145093
7128 193061
21190 180145
52239 147041
93253 105143
79259 119059
45306 154337
85244 112506
24390 176018
11201 189856
49511 149422
45932 154059
73799 124567
73766 124575
11575 189536
39241 160018
10092 191000
66313 133143
72792 125890
29723 169872
62429 137885
81874 116613
91633 106531
50738 148239
63546 136484
49611 149284
4446 195762
88554 109248
10339 190860
38069 161418
30533 168832
61924 137965
34507 164817
78828 119699
77418 121347
10879 190369
80694 117899
70068 129378
95429 102407
94593 102937
35787 163528
88201 109910
56483 143144
83574 114813
23394 177872
93122 105283
85171 112556
85720 112222
56383 143214
96667 100994
98817 99187
7342 192850
48521 150656
69612 129916
39710 159668
64718 135132
93742 104415
40212 159031
63870 136241
36900 162158
35880 163242
54603 144799
87643 110210
23647 177263
64708 135140
16516 183811
63979 136182
2072 197962
2325 197619
23900 176984
41623 157639
81216 117228
60740 138968
66657 132692
53186 146095
57123 142158
59063 140461
58675 140748
79088 119566
9303 191376
80617 117965
10953 190361
98165 99870
40303 159027
60465 139146
26170 173494
69235 130162
47316 151922
81747 116736
82416 115975
30222 169267
89898 107867
35566 163647
54349 144932
27214 172600
94682 102851
28457 170971
35333 163971
24983 175026
24424 175905
92354 105745
68933 130674
34132 165721
30559 168815
95287 102512
49105 149643
77032 121822
43289 155799
10507 190661
58016 141602
29730 169833
67435 131989
71999 127327
48556 150436
61809 138038
29580 169925
69890 129732
94958 102726
62745 137559
51200 147755
39691 159696
13958 186351
71936 127386
31464 168355
81037 117636
84250 113324
29509 169975
12787 187819
75142 123045
37557 161509
1775 198239
36281 162554
79055 119580
69809 129780
23351 177904
42889 156068
3370 197119
1391 198719
83326 115082
26322 173288
83471 114932
75370 122904
72340 126525
30432 169045
39760 159563
91016 107010
95062 102666
35432 163891
47267 152138
61652 138451
47850 151263
73595 124936
95475 102261
3951 196455
3192 197270
68059 131544
55999 143626
46065 153899
58388 140879
34483 165047
4651 195477
21706 179291
12433 188456
95984 101845
16703 183423
37358 161780
37378 161668
90362 107307
89938 107857
44816 154524
41070 158678
4685 195386
60818 138921
94 199925
32401 167583
4508 195657
69587 130045
42690 156298
42418 156761
28196 171398
21784 179282
26629 173068
35228 164068
68230 131397
54263 145280
68644 130789
8241 192060
29355 170094
10379 190783
87340 110785
96690 100917
2216 197776
42731 156147
47604 151456
50124 148894
16154 184538
25566 174416
65524 134144
33355 166504
11690 189359
66610 132863
96114 101733
60049 139268
63196 137090
35272 164015
35389 163900
78182 120651
77869 120817
29072 170588
94083 103774
88518 109339
70197 129264
3471 196905
33077 166768
15808 184997
81596 116939
2574 197592
82586 115727
61346 138519
94663 102906
33427 166196
91031 106978
23765 177198
34486 164926
80977 117655
96902 100759
24459 175827
68049 131563
46917 152742
16025 184815
74859 123583
48512 150658
24503 175810
45053 154433
7211 193019
51546 147353
19508 181144
21457 179719
51724 147263
48126 150873
4830 195195
40305 158917
86873 111164
64595 135308
63560 136391
10020 191029
59265 140146
98530 99515
13012 187567
54323 145270
18166 182358
79147 119197
27312 172514
853 199404
50513 148445
11771 189283
11936 189260
18157 182449
11411 189671
90598 107166
66670 132679
62100 137893
3137 197283
16331 183915
95947 101881
7727 192421
48258 150798
93634 104586
3532 196635
20561 180468
25788 174043
56173 143348
2483 197617
16390 183898
54989 144645
1398 198645
72897 125771
66886 132471
80580 118019
8005 192359
50151 148662
18916 181605
41265 158108
95467 102398
91064 106964
44452 155049
758 199479
53659 145818
47023 152636
15981 184980
89440 108292
49358 149517
90461 107270
68505 130797
6069 193861
61283 138615
33101 166612
21092 180229
53044 146130
98548 99484
57031 142674
73475 125036
36891 162167
31871 168146
82251 116327
28427 171063
3509 196695
27886 172078
3696 196540
848 199414
56788 142758
44182 155224
8806 191557
8540 191837
35901 163019
54022 145453
30081 169676
14658 185935
14586 186114
24340 176310
74137 124154
17334 183152
56037 143521
94573 102971
3591 196589
24638 175329
22725 178345
88894 108694
96200 101584
17863 182599
77251 121380
2024 198053
24129 176811
4883 194937
23357 177883
63318 136952
18269 182223
62758 137536
77900 120798
6704 193283
90045 107719
92854 105449
41197 158576
70979 128393
51389 147651
38060 161420
6191 193812
67263 132053
27013 172746
62466 137876
31831 168173
27506 172427
70353 128923
90442 107305
65542 133885
70982 128353
10579 190421
73704 124583
90262 107470
29071 170609
72174 126707
25487 174479
86426 111395
83593 114798
57865 141630
36685 162268
60531 139106
38179 161199
72280 126662
17527 183011
96285 101398
15306 185227
22712 178348
43351 155581
47435 151896
14051 186343
9765 191170
59104 140375
63981 136171
343 199750
62814 137433
91602 106563
23467 177497
67500 131907
45610 154243
21652 179324
1877 198197
17904 182581
24051 176835
72026 127269
60400 139149
70595 128848
93362 104668
98902 98955
55391 144275
94465 103118
84743 113171
61281 138630
42560 156662
68294 131382
95892 102057
62728 137806
1137 199235
8707 191670
73161 125611
84051 113486
88132 109937
46270 153789
21514 179556
16214 184404
3668 196559
8958 191510
46348 153383
66904 132423
6974 193132
21324 179966
71245 128049
93756 104391
60880 138850
76396 122211
21354 179883
78440 119873
94362 103206
34064 165814
50925 148188
28153 171492
4896 194900
13087 187350
98248 99780
53726 145646
25945 173853
32615 167442
84832 113153
35465 163751
71339 127801
92472 105676
56674 142860
37804 161427
16200 184423
45191 154374
85784 112156
92234 105792
94127 103596
10329 190897
21367 179763
15583 185122
64415 135484
39349 160014
16262 184093
19054 181395
77204 121471
10210 190924
90458 107274
33058 166825
6667 193314
62800 137504
39844 159398
83926 113807
37227 161865
62501 137816
72161 127000
59192 140281
17743 182702
70619 128838
28343 171214
11235 189769
30323 169142
97858 100012
56988 142682
50969 148035
37095 161929
5991 194050
59731 139560
16076 184771
5155 194787
27387 172460
65740 133450
35251 164059
22298 178741
6451 193437
15416 185171
26758 173033
86494 111219
94279 103461
1545 198454
213 199858
18690 181938
49282 149586
28398 171135
71292 127840
86301 111662
82952 115530
4616 195556
81587 117042
48693 150098
83475 114827
59478 139915
82717 115619
61099 138725
62874 137232
3449 196992
25959 173832
1692 198381
33177 166599
49046 149811
12725 188137
48633 150272
94117 103619
83788 114306
96218 101465
49316 149573
96222 101450
31203 168467
51452 147606
86147 111721
22359 178712
83681 114529
70034 129438
77910 120785
29550 169946
1758 198332
42187 157202
32242 167750
1586 198413
33798 165894
55956 143761
38449 161138
66542 132983
65724 133584
49971 149163
22151 178941
73354 125182
56607 142929
1145 199207
66852 132597
6206 193631
32646 167321
68792 130723
79625 118772
14914 185502
51545 147375
53699 145810
88968 108677
88812 108769
88226 109883
58062 141547
53645 145842
81069 117491
72326 126598
97421 100548
10547 190504
65414 134268
97919 99944
38413 161159
83019 115418
2878 197384
56734 142816
28572 170843
66332 133104
31176 168520
16250 184190
21571 179362
2978 197360
50966 148096
45587 154282
33029 166835
36010 162732
66802 132617
50550 148296
79284 119044
68402 131213
72172 126995
70725 128617
5562 194634
47867 151254
90566 107188
84201 113357
86269 111673
64296 135574
98296 99692
91854 106396
76729 122098
32350 167724
65552 133851
98642 99367
7062 193097
49786 149197
18419 182178
47406 151921
47586 151521
5225 194785
73250 125253
35996 162750
26939 172873
43108 155874
13170 187253
11031 190222
31481 168340
12916 187808
32724 167093
1464 198513
19909 180772
3155 197282
6651 193371
68414 131042
55417 144190
9254 191385
13361 186890
87148 111041
87462 110482
25520 174442
85792 111909
77183 121547
66016 133419
25022 174917
64086 135778
60251 139177
76615 122169
18754 181902
87574 110359
72684 126089
70303 129092
83339 115077
88491 109348
58698 140674
80531 118138
97811 100057
24031 176860
65533 134019
98669 99356
62926 137205
89993 107770
23133 178121
17322 183173
35446 163753
19657 180993
3935 196461
14610 186095
27516 172306
60916 138848
74246 124108
23637 177298
49669 149268
44577 154826
5587 194633
36476 162442
42439 156720
89754 107943
79969 118493
77781 120985
41418 157950
59719 139772
42431 156733
65077 134860
66582 132889
42614 156537
81068 117552
33190 166581
20480 180512
59051 140472
33018 166874
26077 173755
97846 100043
95172 102595
11187 189893
36783 162232
11543 189539
11642 189450
85920 111809
89390 108365
23469 177449
93350 104746
73910 124390
24928 175031
76610 122190
56180 143316
82297 116069
6383 193541
54342 144979
77061 121760
63819 136312
41784 157575
34940 164384
53979 145546
63891 136220
81944 116517
51554 147336
43763 155511
11495 189592
5905 194211
79839 118682
8615 191751
13614 186504
70889 128496
21292 179984
50012 149118
25450 174485
43794 155480
30647 168714
85074 112628
16043 184785
16078 184719
81296 117203
33092 166707
82588 115690
75718 122831
42015 157412
65377 134293
83368 114988
21166 180177
59500 139843
32551 167519
48280 150780
18627 182106
83220 115094
