200000 2000
7264 199577
6408 193681
1379 193697
5725 195732
3239 199769
5917 195722
78 197328
7585 192417
2266 194792
7498 192299
1452 198560
1704 197417
4505 193791
2693 197519
815 194286
7661 193988
4601 197901
2430 192346
4213 197517
442 197678
6941 197751
6262 198837
777 195446
6939 199482
6918 197831
5362 198881
5023 194958
7784 199543
6879 194087
2975 198803
3832 194778
2690 192309
2109 196118
474 198128
1169 194229
5954 199457
6837 192814
5029 193328
4835 193493
1321 193735
2793 198656
5287 193767
6461 194952
6843 193050
3682 195067
2587 196022
6024 192793
249 196520
4348 196578
6776 199817
4232 195199
1243 194207
3125 195369
4934 193873
2533 193027
987 194956
2752 192550
5274 195998
5224 193771
5803 195184
6052 198810
7164 192109
1923 198597
6896 197813
2297 199125
7712 197137
2770 193806
1260 199025
1344 195514
7019 199761
6710 192071
2721 192281
4351 197859
1573 197362
3511 192778
6241 198567
2972 198217
4569 193294
1051 193337
1498 192781
2468 199718
3434 199762
6698 197366
1582 196605
4623 193797
7994 193717
2628 193171
2684 193660
1907 195104
5082 194060
2538 196110
6358 198602
5150 197118
34 196329
947 192890
781 195825
224 197660
4208 196346
2944 195282
3890 192821
3995 199367
195 192539
3055 198274
7172 193913
6247 198404
914 198752
1225 198240
742 193840
5047 195140
1720 198155
4943 197418
7453 193103
2040 199195
5042 196640
7788 195040
2198 196468
355 194942
1539 195628
7600 195471
3668 196414
1935 198734
2961 197815
6416 199174
2245 198312
7246 194118
6231 193243
6070 196866
4457 196690
7285 197992
3781 192030
1985 192538
5910 196195
7740 192106
6005 199031
7647 195519
1861 198194
4951 195723
1724 198218
647 192820
6778 194787
7442 199799
5071 196230
1590 195956
2357 196099
5702 198441
2344 198323
3790 192410
7318 193023
6550 193058
4329 199502
3161 196096
3878 196238
2943 199970
2313 192454
4856 195051
1132 198538
3823 196147
3829 198170
542 196092
3199 195817
5284 198395
6871 197343
855 196245
7698 192317
1979 194622
1104 197084
1377 196698
2769 195946
1645 197902
2226 198845
3821 197427
1108 199274
5420 198802
7492 199183
237 195001
3794 198543
1391 194381
605 194376
558 198481
5821 192626
5480 192203
3977 195942
5122 192255
4250 193951
5415 192705
290 197009
1519 196217
831 197643
537 197856
1559 192384
4389 196502
3883 196126
6006 194179
2442 193269
3364 199986
4921 196802
6532 194455
5401 198425
6942 197424
5976 194803
5745 196849
2520 199812
4037 197380
2963 199215
2137 197928
1099 196973
2025 192139
4877 193264
4063 194077
4797 193325
594 199954
6106 196467
2679 196005
177 194429
6112 192189
44 198181
555 193373
2488 196260
5644 198961
2702 195810
4905 198792
7403 196988
6050 199044
991 196119
3521 194061
2760 195894
3061 195303
3047 193163
4316 196993
1076 197485
2714 198780
7025 195134
6621 199089
2303 198633
6301 197775
6441 194965
7717 196816
4294 197306
2912 192620
3752 198526
3085 193795
3062 197388
1350 195361
2241 195602
3188 194713
2738 194520
7485 196151
3158 196128
45 193910
7271 199961
3746 199046
4917 195146
1646 197893
1536 193535
574 195744
5666 192934
4614 192055
5649 193133
4041 194769
5329 192353
7000 192197
7209 192543
6471 194134
3464 193169
7659 193614
6436 192274
2341 194098
3819 199418
2797 192980
2575 199776
6986 192976
1066 192392
4400 198314
3153 192642
5827 196244
5580 192983
1451 193677
2834 199340
5844 196781
5347 199058
2100 195634
7422 199304
843 197151
3842 196678
1330 192907
491 196431
3485 193462
6624 195856
7366 193822
2035 193135
3448 197007
1652 197959
7272 194914
1291 199254
535 199696
1335 192509
1647 199992
2466 194327
2177 198696
4172 194567
4813 194083
6451 193097
125 192084
768 192839
2661 194543
29 192649
1306 197855
4969 193122
6339 193872
676 197091
2980 195987
3458 198916
2201 197379
7364 192791
5595 193474
7113 197073
6092 197982
1003 196981
6333 198583
5407 198295
3556 193107
2877 196086
2121 196518
4514 194986
3864 196821
85 198547
54 195024
7537 197550
3723 193762
467 199417
6586 196687
5054 198318
4151 199278
6903 195974
3854 199789
5191 192078
7493 195844
5030 192747
6308 192888
5203 197155
1810 194609
3091 196818
3628 196906
5202 199389
3672 195567
4272 196186
4968 195798
2754 196875
5078 194406
1047 195166
3233 194643
41 196439
3544 196333
3068 197538
7348 193158
4858 195760
2901 194202
5579 199670
7695 195978
7293 196360
7360 199401
5108 193926
1883 192489
6613 192408
6362 197773
4721 192306
688 193186
217 199630
3759 194004
5190 193902
1506 199549
1844 199585
633 195346
5799 193739
6342 194189
344 194509
7064 196255
4490 199993
3505 194016
4476 195608
1769 197957
350 193248
7662 192041
5740 197247
6703 192104
7044 195821
7432 192372
5242 194751
4818 192825
3753 195570
239 197750
6508 197535
6091 192368
1485 196598
5111 197931
7087 194768
2294 196629
7732 194446
941 198073
675 192897
7110 195671
5624 192333
3311 192366
5742 199662
690 194844
6188 199055
118 198557
6868 194538
6066 199704
832 197141
2822 196548
7431 192805
6781 196900
6914 199321
584 192385
6572 196493
3844 194331
378 194700
2638 197690
5693 196871
7951 197288
6762 195495
1611 195023
1062 195463
3027 195928
3756 192422
5591 196182
4662 195550
48 192282
2381 199587
888 193486
5098 194692
5149 195705
608 195077
4494 199974
716 197942
3888 194568
4229 193161
7554 194532
7867 194995
2146 193644
6752 199922
7232 192293
141 196179
655 199747
1422 195629
2461 199427
7828 199495
6774 199108
6083 199348
1400 194563
349 195108
107 192369
908 196556
2229 192499
4061 195310
7771 198371
5852 195293
6473 192432
834 194350
7251 196436
3489 194633
741 197405
7297 192851
1970 197880
4706 198235
3257 197260
3871 195591
4694 197589
6403 194091
646 193333
3891 193013
7961 192806
1266 199233
5952 194549
2080 195837
4344 192431
4710 199547
7213 192150
408 197741
5590 195329
7779 197145
5220 192059
3641 197160
1865 192545
708 193780
911 199316
2547 197562
4996 192726
3046 193879
7615 197889
948 199709
5352 195794
4129 194028
7138 193113
5562 193766
1270 192323
3592 195815
1444 199775
2168 193206
6782 198047
496 195696
3017 194127
2928 195963
3928 197729
6551 198790
275 197352
272 193126
3406 193893
6610 193606
2866 193772
3418 198424
873 193819
4185 198977
3542 198871
2037 196257
638 193260
5896 199354
3562 192334
5781 198163
536 192742
5507 192484
2311 198905
2703 195807
1629 197894
4613 197259
3407 199616
4462 199314
6393 199874
4561 195842
6206 199345
870 192613
4382 196967
7674 192126
6 196924
2339 193049
3702 197640
1862 198929
4509 192135
7580 199562
6893 193308
1388 194651
4426 195991
2648 199237
6763 198208
2880 195612
664 195291
588 194612
2791 195107
1461 198298
3052 199694
4853 195189
5463 194521
1143 196002
2262 198753
5128 199159
6267 197631
7719 198972
3675 193519
5074 195644
6864 199996
6285 192121
4310 194321
3438 194368
4707 192013
4743 194966
6167 194275
6143 195501
2506 198784
2910 197461
5248 195637
2101 199098
1490 197876
7313 192582
6184 197401
7729 193790
2778 195499
1089 197478
2323 192119
2991 192442
12 193690
3024 199272
3163 197825
6560 199285
666 198334
1387 192473
7093 193824
5391 196390
4901 198034
2622 198728
7184 194863
1890 194766
4715 198642
4688 198150
2140 196576
5843 199022
4513 199983
4394 198088
146 192485
6370 192230
5600 195132
218 194631
6945 199796
3709 197682
6185 193602
5965 195970
729 199542
1795 192875
2672 199119
7225 193123
4581 193480
7301 195411
4236 192617
2322 195689
4855 197555
7767 192213
7477 194763
443 195580
6238 197607
819 199515
7356 192487
1609 197793
2491 194921
7219 199029
7239 195553
3706 195937
4726 195508
7208 193925
4124 196108
7598 198050
5487 196345
7163 194123
3154 199640
4101 193086
6711 196608
4652 193394
6571 198123
1897 194705
3536 194536
6124 194437
6044 194614
5143 199596
2467 198138
3223 199242
6951 193434
7092 194328
6695 197626
5326 195542
6506 194133
4430 193944
7632 192304
4607 198485
5838 193786
4373 196215
4498 198637
6384 199382
995 195734
4130 194233
4137 194589
5656 198413
4114 192609
3796 197778
7028 196470
1727 197958
7490 192318
4308 194530
233 194096
4031 193823
5298 194533
4910 196462
4655 197635
2694 197451
7270 193757
196 196728
1488 197930
103 192999
2110 192601
7517 194617
7329 196855
3553 192210
6317 196148
4292 195560
3731 194079
5026 193815
6334 198515
1411 198362
3195 192270
4235 195029
174 192614
1195 196490
7003 194724
7159 194675
230 193699
3306 194435
4719 196719
2078 192818
2926 195331
5009 192918
642 197907
3001 196851
6533 198418
3004 192211
539 196614
7206 195386
7066 196913
4751 195903
2320 196047
4880 196550
7037 192373
3525 192347
7282 192544
3316 193341
2995 197132
7018 194398
7882 198086
2803 192867
2992 193170
3602 192841
1017 195537
2450 199533
6161 196339
3962 194078
4566 196221
6250 195099
6788 199491
273 198765
1872 194786
4596 194146
7370 199430
3340 198504
4341 195979
340 196027
1418 194119
5392 198464
2530 192191
6810 197277
2750 197361
2862 196188
4285 194312
2481 192647
3108 199700
2337 193924
7358 196239
3824 195834
5303 198008
197 192878
2012 199864
7757 199855
589 196787
5753 198906
6484 198517
47 198896
1555 196733
2883 193854
3853 194223
808 196689
6787 196484
2566 195682
750 194128
895 197457
684 193995
7017 197805
2261 194929
4369 199187
368 194502
2677 195437
4025 195625
3167 193867
1040 192836
494 199313
4606 196622
3483 195641
1838 192215
1347 199117
3609 198814
2321 193082
5141 199692
3943 193518
2312 199103
4492 199626
1275 198228
373 199101
6811 198434
3181 199781
6232 196807
3929 196628
2744 194815
1576 192876
1018 192476
5754 196768
7699 197281
7471 196963
1358 194765
619 194255
5164 197456
5053 198703
4671 194732
2515 193694
811 195814
281 195808
1030 196977
886 194804
4997 197862
42 196599
6906 195251
2595 196269
7324 198797
7822 192964
1553 193219
2238 197438
4894 192745
6361 194263
4266 197444
6480 199837
1796 197540
1931 195008
5818 198027
5279 192646
4563 193256
656 193860
4656 197833
5328 198717
2456 194802
69 199450
4792 192144
6040 199955
3991 193618
122 199462
5802 196398
2091 195532
3329 199881
316 194559
3684 198203
7381 192460
5689 192449
2811 194415
5105 197230
2478 195400
6966 193167
6015 198900
6505 195563
3157 197224
397 196577
4828 197499
3539 194208
3687 199490
6021 197318
1234 193918
1144 199572
4409 193672
7665 194032
5193 195019
241 192455
2074 198505
7709 195359
3716 192720
565 194210
4530 196471
5459 193369
5233 194101
164 198458
6288 193978
2222 192519
6445 197718
6284 194832
7588 197998
1226 199082
1794 199352
1044 194661
294 193865
7347 192530
5793 194392
5723 195285
6878 198020
1492 195681
1161 197933
685 194251
6460 193154
7693 194206
1586 194034
7595 198101
1802 193080
7865 192844
6955 194335
918 193241
5938 192042
5865 196496
2437 192047
4052 197296
6632 196282
2412 195812
6467 198983
238 199463
2594 192972
5318 195117
6562 198262
4243 193213
2865 194550
372 192235
7538 198348
5187 198615
5039 198134
3032 198719
4320 199991
4859 193105
419 194097
1949 194673
5756 197990
2789 196904
926 197546
35 193576
3344 192652
4215 193878
4735 197382
7088 194926
2286 198075
4783 196750
3720 198126
2210 198641
4915 195546
126 194733
2542 196077
4750 193716
4125 199841
5565 195050
1893 198795
1235 192122
4500 198826
171 192675
2185 198376
5357 197897
4698 198503
7294 199818
803 199618
4198 193115
129 192032
247 193707
4823 195302
5297 199302
106 195385
1990 198763
2559 198056
3249 193800
6764 194412
2573 194821
4339 194876
6915 194181
6379 194104
5881 198632
49 194238
7650 198953
1166 193351
4846 195197
1596 198281
7256 197423
4773 193611
4209 198772
7015 192445
3354 198363
6892 198820
3238 197968
5207 195042
6604 196297
3857 193411
1698 197387
5138 198220
1755 198279
4070 199343
2081 196634
7763 195545
4827 194725
5428 196971
5789 195494
1339 199612
6073 197672
5921 192724
1001 196464
1839 197685
5508 196740
1338 196183
5625 199971
1193 195135
5387 198828
2498 199711
5554 192740
5905 198397
5609 196718
517 194048
7973 198140
1580 197172
514 193184
318 199420
4632 194349
5732 199085
5574 193194
3204 192936
3372 194319
4887 198957
7907 198793
5181 195695
1038 194215
7738 193172
157 196893
1554 199113
3620 197899
2900 198544
2291 199713
5124 193168
2971 195918
3905 198609
1956 198898
7793 192636
5828 197138
3413 196531
4441 199403
2990 194851
1424 195888
5132 197246
2695 193859
136 194109
3822 192846
3877 199947
1004 196243
648 196064
7768 192855
1133 196083
2650 193821
6454 197262
6872 194025
7340 195531
1641 196117
1224 192131
7544 192161
7314 194865
2827 198059
6448 199158
3301 193005
1470 192181
4327 194153
5858 196932
5627 195174
7077 192811
2183 199788
1403 193381
489 196792
1127 193258
81 199656
2396 195216
7792 194144
3930 195863
4499 196104
906 199184
6243 196266
1013 192915
2417 196081
6179 195182
6664 195515
4387 197276
5002 199969
6690 199856
1835 198316
2556 199952
770 198157
1910 197467
2324 193670
7557 199392
7827 196059
3401 192001
1159 194517
5925 197047
3524 195180
1256 192578
3330 197874
145 195713
4097 198869
6323 194425
3417 194774
6570 196566
5749 195889
4073 192514
892 199805
7452 192464
6643 198102
5335 197662
4742 194377
595 194971
2500 196486
3543 192751
4989 196739
4658 198166
2734 192973
6540 192563
4204 192204
5936 194396
4736 199054
6545 196748
6611 194301
649 196033
7889 194772
1557 194081
2244 196945
7258 194660
1486 192987
994 199701
5153 198968
2155 198122
3416 192393
6923 197575
7954 197435
4958 195435
3629 195635
5314 195575
1262 193661
6739 193249
1996 198998
5226 199086
6899 198405
2144 197841
639 192021
1556 194225
1540 192555
641 196162
5848 193505
5715 197079
6287 199476
189 197089
5160 192832
6993 196307
4189 199791
2470 193663
4711 194798
6524 194826
3915 198733
2045 193794
1139 194359
3477 193021
6096 192655
5920 198477
3639 195741
6016 193704
3187 196522
2670 195389
2181 195026
4010 193582
4345 195175
5846 192458
7182 194010
3564 197319
1694 197057
2340 195868
848 195538
654 192267
3785 197762
6479 194903
7855 193529
268 192736
3053 194974
6001 195780
511 192227
320 195507
5864 196503
7002 195706
1874 194992
3210 197202
5427 195770
4148 195865
3971 192315
4299 198685
3056 197911
7171 199419
3814 193655
7036 196671
844 192348
1808 198831
5665 192684
5768 195995
2666 196068
2335 196067
4977 195316
1384 194384
6113 198446
3369 196819
3057 196908
1351 192660
1581 195645
2956 197480
2605 199208
1703 192927
7552 198562
7382 197818
6672 195534
1423 194925
1866 195320
132 193037
7570 193353
2487 193657
6140 193289
7553 195016
722 195203
3435 193969
3922 193281
5640 193488
6439 194049
4401 198461
182 195932
3382 194701
3754 193150
4376 198660
3847 192802
1288 198147
2404 198277
4628 192363
6802 199963
1096 197877
4544 195638
7646 196120
1098 199524
5263 192847
5704 198569
1471 193358
7058 197656
4649 198079
709 199308
1060 197448
6527 198570
5615 199995
2832 199608
737 192871
4331 192124
2071 198406
2839 193166
7192 194224
3018 195094
4525 198085
3041 198159
2419 198042
1568 194681
4914 196007
200 197905
5645 193029
6553 197821
860 199673
5900 193579
4817 198899
4385 193508
6496 194170
6958 198951
5270 198659
628 198053
2065 192344
4541 196313
3607 199315
6217 198532
758 192486
6245 199745
2447 196460
236 192808
6721 193684
4338 194186
5684 198280
882 198161
5102 197803
2049 192978
304 195443
5575 198606
3940 192386
4021 198257
5139 198863
7550 198807
1669 198884
1198 197350
5518 193827
5411 195288
4178 195757
1255 196168
5018 194608
670 193354
1257 198010
5244 193541
5721 192838
7864 198855
3504 194304
5718 197371
3180 199026
6110 196194
2814 196597
2858 192453
5957 194280
4523 192241
5977 193019
7392 195510
2150 198141
7011 196142
6683 195154
5593 194230
3795 195961
1976 192869
4836 193421
2365 192319
603 196627
156 197122
448 197016
4687 196115
5639 195163
7429 198432
3105 196058
2066 192123
6681 192404
1154 197097
4580 196376
4872 199008
1464 199360
428 195279
19 194726
579 197492
3913 196663
3194 192343
4929 199193
7918 197470
2852 199339
3608 193787
1148 199869
3104 193543
1734 197646
360 195672
6691 197872
7489 198068
17 194592
2948 197961
5772 196415
2725 196124
1278 199534
3250 198964
123 195129
779 199746
3140 197278
3700 197279
2055 196982
2002 199519
4340 193012
1299 198164
2576 193422
3002 197022
2483 193189
6775 198336
2024 193848
254 193502
839 198940
6492 196320
2798 192822
5883 194272
1648 194810
6654 198403
3353 194439
5953 196088
919 196113
6175 197826
2292 194007
6917 195651
4205 192730
3885 194761
1899 199425
7286 192848
3537 199521
5855 197227
1817 192531
5664 198742
3444 194162
3843 192389
2864 197993
4226 196454
930 199686
2009 195574
7644 199840
1124 192257
7678 197722
5637 198622
7244 194606
920 198216
2253 194474
5135 198653
384 194955
6857 192625
5311 194470
6807 197965
613 195192
6462 194115
6730 194287
1016 196309
6992 199037
7041 194597
5771 192132
390 195172
669 194994
3973 198143
3471 192077
485 199214
1567 193304
1663 192003
871 195561
1110 193463
4297 195599
269 193052
2028 199636
6494 192402
2809 198527
3472 198285
1603 192175
465 194243
1612 199900
5834 197739
7465 196452
4045 192587
6166 197431
3075 193812
699 192767
1673 198572
6860 194051
3809 192843
3242 193909
614 192785
7940 197065
3565 198867
2719 196715
5268 199459
4565 198582
6375 195335
2845 194052
3901 197429
1476 199147
1221 198664
6316 194469
147 197375
6620 192534
5566 193713
3550 199105
6160 194226
2409 199342
580 199634
3010 192098
1804 194211
3699 197563
82 198856
2375 194254
4190 195679
4536 193157
4071 197752
1583 193475
4517 198333
5873 199324
7797 196310
5854 192129
6806 196280
5035 193435
6578 193235
4702 198870
7433 197074
6268 198083
893 195233
425 198510
37 197910
3317 198791
6680 196326
3005 199261
6038 195250
2887 195496
3322 192206
5589 198724
7640 198601
1123 194493
6792 197759
3968 198541
4506 197716
7602 199785
7512 198487
231 198488
263 193542
4173 199526
2454 192388
130 198052
6237 197162
4949 192797
52 194465
786 196248
202 192559
3590 198654
5752 199929
1320 194240
3743 195885
66 195630
3761 192401
4624 199051
3584 199919
2709 193405
5096 194842
7968 192325
3021 194562
707 199697
2016 194635
1121 193706
2044 192899
250 199743
3837 193457
5204 197149
2416 192411
4757 195391
7343 195820
2706 193952
3947 197969
4962 198551
3012 196242
4583 196735
3246 198832
7932 198422
3116 194022
4103 195409
2840 199176
4848 197147
3704 194452
3766 199279
2125 193137
2373 197846
7527 197191
5454 198555
4814 193977
5572 192182
3094 198987
4390 193826
2924 194190
5469 198575
7946 194583
1142 192512
3456 194729
4488 199928
7935 194174
1279 196054
203 198355
4191 194998
310 194124
6619 196202
3876 192518
2010 195422
2787 197625
5177 199251
5792 194553
3445 198115
753 193114
3000 193701
3127 198393
181 194556
3126 197220
4907 196672
4291 195340
6437 198568
6674 192216
4924 196592
5442 193442
5641 193942
6376 193764
6960 194333
5390 195571
4222 194544
1508 196665
2147 199530
704 198070
6740 198353
4464 195985
5040 195317
5744 199605
7125 192910
5182 194241
2169 199299
7841 193230
5923 195423
4870 199123
7212 193617
5341 198300
4165 197879
510 193831
6641 195982
7845 192056
6952 197357
4174 199114
4956 196813
179 198894
2102 196388
5403 196489
5107 195977
2094 198484
1073 196349
5911 192985
1303 194347
6137 194677
1994 193565
4800 199027
1962 194600
5346 194984
6261 197638
6599 197922
3654 199567
3728 196922
6329 196591
7128 196948
1939 194569
7162 198773
4154 192789
6396 197917
23 196256
4793 197622
6744 192788
3516 192877
2390 193933
2259 195142
5727 199243
343 192087
1717 198254
4282 192589
4812 195554
7305 193367
7157 195566
7614 192996
3834 194442
2967 198081
1683 192586
713 194552
3679 192612
4113 192023
4752 193494
6327 194680
5907 197090
981 194906
4543 197308
7965 198104
5385 197440
5658 195479
6977 192194
2917 192186
5001 194657
2742 197615
6409 192939
6685 197909
7350 195010
6309 192026
101 195123
739 198528
2191 196916
6049 193407
94 197668
4023 198577
5288 195406
1701 195275
449 194964
2145 198600
1199 199917
3202 193418
6660 192236
3800 194576
6663 194662
6827 199460
7298 195710
2536 199675
1220 192336
5304 195926
3212 193554
4730 197450
6823 192088
2131 197539
4013 196153
3256 194800
6482 199393
6743 196841
7806 195093
7393 193099
3545 195758
606 198177
5797 197234
3717 192520
1168 193734
931 198309
4437 196692
401 196156
7605 193639
4449 197611
601 199635
4549 197919
1766 194363
2299 199620
5332 193997
6745 195103
4936 193949
6714 193471
2611 196831
515 192817
1483 198084
1285 199828
5350 192169
2906 195462
1523 198223
5720 194145
5933 197041
1746 196697
7148 199901
498 194141
2441 197706
3611 198537
7654 194284
3493 192239
7032 194499
3368 197222
68 196551
387 192141
7962 193799
4352 198014
1059 196435
2433 197351
2577 199611
7262 192654
5028 193310
7056 198338
561 196776
7367 196300
2984 197500
4370 196968
2008 197585
255 198875
7916 198969
499 193728
2554 198401
7330 199326
5167 198942
5759 193204
5334 196334
5668 192772
7480 194934
2013 192070
5544 195593
1348 196213
785 195084
5404 196726
311 199829
2933 197918
1892 198603
6263 197441
7532 199021
5877 198623
2326 193992
5120 192750
1543 197954
3294 197182
2180 194073
4850 199470
7518 192682
4246 193887
2360 195217
4582 195518
3112 192062
5444 197256
6395 195909
1680 196275
7735 195096
3918 196699
5277 197689
415 192961
570 198844
6521 198917
5670 198933
6983 198749
7252 198876
2747 193779
6944 195031
4429 198175
2265 194131
4350 196090
5586 192440
3087 195498
3572 195685
7697 195596
1803 199721
3688 197906
131 199216
1821 195138
2014 198210
2050 192024
4265 195555
5126 192632
3220 193941
1964 193803
7956 197425
1790 198718
4452 199569
516 193968
3576 193732
1160 194088
6199 193431
4636 198627
1307 198621
2736 195764
222 195428
3314 198288
2973 199320
6022 194296
1188 198599
7234 194953
5929 199725
3034 198456
4099 194111
6475 199884
6822 196267
3083 198492
6293 199189
7857 195506
4260 194095
5534 197760
3500 196961
2664 197949
5861 197674
6927 194755
6411 194259
5419 193238
4034 198399
3773 196145
5471 194671
2655 192553
2592 194062
4599 195715
6219 199283
1542 199843
3733 197727
3282 192286
305 197454
7790 192594
4179 194065
7914 199780
3655 194745
5758 196794
7475 199203
5340 196295
6223 199665
4433 194900
6638 195454
7059 197720
1063 194601
1011 194605
7469 199681
4288 194667
7 194539
1119 193400
3300 198320
152 198668
2314 196836
1155 193648
2513 198888
4112 198713
7280 196521
3343 198196
1639 198360
2831 197283
835 196909
2817 192723
5481 196571
7995 197017
7268 194017
2153 195872
7107 195725
6463 194107
2418 196284
347 192477
7067 196805
6759 199851
5217 199603
7774 192228
1207 193986
1700 197576
7870 192145
1608 196121
4371 195041
1183 196509
3054 193563
4126 198589
6865 198671
7843 196046
1833 197071
5285 196212
7953 193651
4384 195433
2459 192868
5254 193296
7807 194762
7831 199150
3237 198002
6855 192371
3846 194711
3074 194031
3182 196656
3430 198467
4123 197284
3861 197265
6000 199674
2371 198915
2453 192940
3912 194636
6800 199492
7177 199448
3546 197769
5647 195388
4944 195590
1656 194663
903 199332
5376 198950
3695 193754
6580 195960
4510 199730
946 192472
5596 198308
7888 198493
1468 198990
240 198727
7714 196574
4199 194294
6829 196296
4865 199755
6934 196173
6493 198849
5839 195950
3060 192253
1115 192758
5470 195763
6601 197117
5348 194860
4734 197824
3280 192226
2067 192696
7957 194740
4088 193348
3089 193775
2604 199807
345 199120
3547 193228
1783 198349
6318 197777
1775 194892
1613 197153
5273 197076
3443 192020
1762 197115
636 196586
4701 199466
2269 196199
7010 192137
3827 198617
3662 197420
2567 197248
2856 193615
5130 194704
1600 196075
7542 192733
5258 193641
40 199735
2132 197354
2240 197213
2846 198391
4595 198116
128 196865
6777 198131
4672 195262
3594 193267
4336 197829
6981 198612
4419 193653
6178 195754
2315 196914
7584 197583
4964 195838
6476 199854
2623 194015
7098 198111
4427 194537
2635 192289
6874 193998
6922 192501
284 193360
4945 196327
3721 197699
7430 196219
7174 199130
6897 193197
6503 198427
4108 194570
7720 197018
1097 195064
5000 198834
2929 197365
3358 192605
4135 197929
3884 195424
1896 197781
6888 193277
7878 194405
4684 197315
6345 196899
