200000 2000
10201 110201
30251 130251
48701 148701
14251 114251
84251 184251
81751 181751
71801 171801
61751 161751
89801 189801
28201 128201
16551 116551
15651 115651
80751 180751
13651 113651
15351 115351
18501 118501
13951 113951
45301 145301
50001 150001
69601 169601
84301 184301
51401 151401
77251 177251
83801 183801
50251 150251
9301 109301
37501 137501
68501 168501
69751 169751
40351 140351
17501 117501
78351 178351
47701 147701
73201 173201
48051 148051
7751 107751
30451 130451
49751 149751
25701 125701
7601 107601
42251 142251
79451 179451
29351 129351
5001 105001
77151 177151
78101 178101
98001 198001
10401 110401
45501 145501
551 100551
72001 172001
7401 107401
9401 109401
71051 171051
51301 151301
71401 171401
91401 191401
86151 186151
44901 144901
28401 128401
20651 120651
91101 191101
82701 182701
10151 110151
70451 170451
72451 172451
66501 166501
5601 105601
1301 101301
93951 193951
67501 167501
46801 146801
76301 176301
25601 125601
49101 149101
89401 189401
13701 113701
38201 138201
89501 189501
46651 146651
84151 184151
29201 129201
9851 109851
96401 196401
32201 132201
21251 121251
99251 199251
36551 136551
81851 181851
34051 134051
87401 187401
22501 122501
17051 117051
3901 103901
34351 134351
85501 185501
75301 175301
94851 194851
73101 173101
98851 198851
3301 103301
8151 108151
78501 178501
1701 101701
15701 115701
29001 129001
50451 150451
74201 174201
74801 174801
81651 181651
55701 155701
55351 155351
3351 103351
38801 138801
38251 138251
22151 122151
91801 191801
37751 137751
82751 182751
64301 164301
68751 168751
54801 154801
11201 111201
91551 191551
60101 160101
92201 192201
38751 138751
28951 128951
35001 135001
24801 124801
92701 192701
70101 170101
52951 152951
38601 138601
41801 141801
13151 113151
57101 157101
92801 192801
43001 143001
15401 115401
10701 110701
66201 166201
99551 199551
51151 151151
24151 124151
72351 172351
55051 155051
94551 194551
4801 104801
29551 129551
99501 199501
11851 111851
86351 186351
351 100351
99451 199451
30051 130051
81201 181201
42751 142751
87651 187651
91901 191901
70801 170801
78251 178251
15951 115951
2551 102551
73801 173801
25751 125751
51751 151751
87751 187751
21751 121751
84451 184451
58651 158651
20451 120451
53401 153401
4301 104301
37801 137801
59501 159501
19051 119051
74551 174551
2051 102051
73851 173851
22901 122901
62251 162251
88651 188651
44151 144151
9201 109201
57751 157751
13751 113751
54951 154951
11051 111051
95101 195101
22701 122701
25151 125151
32451 132451
83001 183001
8401 108401
50401 150401
72151 172151
99101 199101
94051 194051
76251 176251
62751 162751
59251 159251
94301 194301
93801 193801
66751 166751
6101 106101
65951 165951
29701 129701
53251 153251
35201 135201
64151 164151
4901 104901
42701 142701
57551 157551
13301 113301
46451 146451
69001 169001
1351 101351
76751 176751
77601 177601
32901 132901
39001 139001
37101 137101
36451 136451
18701 118701
78451 178451
83751 183751
79051 179051
57051 157051
70301 170301
65451 165451
21151 121151
27151 127151
38651 138651
60701 160701
30901 130901
78801 178801
47001 147001
42151 142151
50301 150301
28301 128301
56251 156251
52001 152001
1251 101251
28001 128001
16501 116501
64701 164701
44701 144701
11601 111601
22301 122301
78051 178051
8501 108501
95051 195051
65751 165751
73051 173051
58801 158801
41401 141401
63751 163751
23601 123601
59551 159551
23801 123801
44601 144601
81101 181101
8801 108801
51201 151201
87851 187851
49851 149851
40801 140801
44401 144401
38351 138351
11701 111701
13001 113001
81301 181301
35301 135301
23351 123351
72251 172251
84951 184951
56751 156751
67951 167951
44551 144551
8301 108301
40451 140451
51451 151451
75101 175101
80251 180251
43251 143251
69851 169851
8101 108101
12151 112151
71351 171351
61251 161251
67551 167551
95651 195651
86851 186851
31401 131401
79901 179901
38001 138001
87001 187001
34451 134451
84401 184401
52851 152851
20601 120601
301 100301
19551 119551
45651 145651
4351 104351
2451 102451
44851 144851
26001 126001
63651 163651
71701 171701
18201 118201
40201 140201
60351 160351
85201 185201
68601 168601
88851 188851
5451 105451
90251 190251
3751 103751
18901 118901
98351 198351
71151 171151
16101 116101
4951 104951
40701 140701
56401 156401
39701 139701
74251 174251
87351 187351
93651 193651
90701 190701
92101 192101
29951 129951
15201 115201
9451 109451
5951 105951
16301 116301
75401 175401
80301 180301
35451 135451
41751 141751
3701 103701
91151 191151
71851 171851
20151 120151
45201 145201
62301 162301
89651 189651
88451 188451
40601 140601
31301 131301
53451 153451
21451 121451
501 100501
70201 170201
41901 141901
97901 197901
79251 179251
82951 182951
82101 182101
37901 137901
28801 128801
85351 185351
31051 131051
28451 128451
39751 139751
71301 171301
5201 105201
58251 158251
1951 101951
57401 157401
26651 126651
79151 179151
98151 198151
66401 166401
45901 145901
37551 137551
53951 153951
58551 158551
851 100851
44001 144001
78601 178601
37151 137151
55751 155751
25301 125301
87051 187051
30501 130501
93601 193601
76901 176901
21551 121551
34401 134401
45401 145401
83301 183301
25851 125851
67251 167251
39951 139951
151 100151
75551 175551
37251 137251
89601 189601
78001 178001
29451 129451
35751 135751
3601 103601
98251 198251
82501 182501
30851 130851
58701 158701
24051 124051
43851 143851
88351 188351
13401 113401
73301 173301
76851 176851
57701 157701
78201 178201
49501 149501
26251 126251
70701 170701
2751 102751
7701 107701
59601 159601
79201 179201
75851 175851
50351 150351
66801 166801
12451 112451
67601 167601
86951 186951
73751 173751
32101 132101
67351 167351
5901 105901
63001 163001
53101 153101
67901 167901
50151 150151
77051 177051
27501 127501
77651 177651
50901 150901
42001 142001
14601 114601
10901 110901
18851 118851
77101 177101
86301 186301
81051 181051
57651 157651
76351 176351
92251 192251
66851 166851
62151 162151
34201 134201
23501 123501
13451 113451
76701 176701
62451 162451
24351 124351
70051 170051
45051 145051
14301 114301
3551 103551
82801 182801
62651 162651
35051 135051
89701 189701
40501 140501
27351 127351
81801 181801
79101 179101
9951 109951
39351 139351
64351 164351
32301 132301
73951 173951
44251 144251
72551 172551
14451 114451
73401 173401
1201 101201
101 100101
99151 199151
19151 119151
81151 181151
90851 190851
11301 111301
19701 119701
58451 158451
22801 122801
45801 145801
96751 196751
20201 120201
66701 166701
33301 133301
78551 178551
45951 145951
91751 191751
95551 195551
99301 199301
63151 163151
94401 194401
80851 180851
12401 112401
68351 168351
84651 184651
6651 106651
93401 193401
7551 107551
74601 174601
36051 136051
92351 192351
68151 168151
95001 195001
10601 110601
13101 113101
8201 108201
4701 104701
49901 149901
95801 195801
27051 127051
90651 190651
21051 121051
6351 106351
65251 165251
96101 196101
17101 117101
46701 146701
50701 150701
55001 155001
95251 195251
56651 156651
9151 109151
83901 183901
56301 156301
48151 148151
1 100001
37351 137351
57851 157851
86651 186651
57801 157801
48501 148501
44651 144651
6401 106401
53851 153851
97301 197301
12201 112201
56701 156701
99201 199201
92051 192051
24101 124101
97251 197251
79701 179701
15851 115851
96801 196801
28551 128551
15001 115001
44951 144951
29901 129901
31151 131151
6601 106601
5251 105251
65901 165901
8001 108001
21001 121001
70151 170151
79351 179351
86751 186751
29051 129051
50651 150651
83201 183201
83101 183101
75601 175601
94251 194251
75701 175701
48551 148551
28901 128901
69501 169501
47501 147501
18251 118251
87251 187251
27901 127901
59301 159301
35601 135601
45101 145101
47901 147901
19301 119301
49551 149551
43401 143401
62401 162401
44501 144501
63101 163101
76151 176151
61551 161551
24751 124751
96051 196051
6751 106751
54751 154751
99001 199001
67651 167651
46251 146251
42051 142051
74651 174651
84051 184051
52501 152501
40551 140551
39301 139301
93751 193751
93201 193201
99601 199601
82551 182551
96301 196301
39851 139851
92651 192651
14551 114551
97651 197651
37051 137051
20701 120701
19851 119851
8951 108951
49251 149251
39801 139801
76951 176951
98201 198201
39051 139051
4601 104601
33901 133901
40101 140101
81251 181251
94101 194101
87901 187901
36151 136151
31251 131251
29801 129801
63801 163801
40401 140401
13501 113501
35951 135951
2501 102501
93351 193351
54551 154551
98801 198801
45601 145601
89851 189851
51101 151101
35401 135401
6251 106251
61951 161951
58851 158851
12851 112851
21301 121301
75651 175651
12251 112251
6951 106951
58301 158301
63401 163401
31201 131201
83851 183851
36101 136101
74051 174051
95851 195851
30551 130551
82901 182901
26551 126551
80651 180651
43451 143451
58951 158951
86251 186251
43301 143301
90401 190401
27001 127001
66151 166151
97351 197351
81951 181951
22251 122251
17151 117151
94751 194751
63051 163051
92951 192951
14201 114201
21351 121351
99401 199401
66451 166451
93451 193451
74151 174151
83651 183651
14401 114401
43701 143701
41001 141001
73451 173451
2651 102651
79851 179851
8551 108551
30301 130301
21801 121801
61101 161101
35701 135701
47951 147951
38551 138551
85701 185701
56151 156151
9651 109651
50851 150851
89451 189451
52751 152751
97601 197601
42851 142851
85601 185601
51251 151251
93251 193251
18101 118101
17851 117851
24701 124701
25251 125251
3451 103451
89901 189901
94201 194201
22951 122951
63951 163951
47651 147651
36001 136001
61501 161501
47201 147201
39451 139451
7051 107051
67101 167101
67151 167151
14101 114101
97851 197851
91851 191851
88151 188151
91201 191201
42351 142351
85851 185851
70251 170251
57501 157501
75751 175751
85801 185801
94801 194801
67451 167451
89351 189351
71101 171101
15451 115451
27651 127651
69951 169951
80051 180051
78701 178701
36201 136201
68901 168901
11451 111451
35251 135251
4401 104401
62701 162701
32951 132951
72501 172501
63901 163901
13051 113051
51501 151501
24851 124851
87151 187151
3001 103001
50801 150801
201 100201
49951 149951
27401 127401
72051 172051
27301 127301
79751 179751
60651 160651
15251 115251
17451 117451
10651 110651
17301 117301
65501 165501
28851 128851
88551 188551
76501 176501
58601 158601
801 100801
72201 172201
45751 145751
33101 133101
29251 129251
88201 188201
93001 193001
99951 199951
31351 131351
38051 138051
94151 194151
58151 158151
38951 138951
68051 168051
54401 154401
19451 119451
74501 174501
87201 187201
13201 113201
83401 183401
74901 174901
31651 131651
79301 179301
57451 157451
87551 187551
78401 178401
43751 143751
71901 171901
20551 120551
45151 145151
93701 193701
17951 117951
39151 139151
49601 149601
59901 159901
96601 196601
87301 187301
3201 103201
76551 176551
93101 193101
48101 148101
8651 108651
99901 199901
4551 104551
33751 133751
18601 118601
46851 146851
8851 108851
23051 123051
72301 172301
32001 132001
23551 123551
96501 196501
15801 115801
77301 177301
27801 127801
30651 130651
66251 166251
34601 134601
33501 133501
8351 108351
16901 116901
70551 170551
69051 169051
66901 166901
33451 133451
29751 129751
84501 184501
9801 109801
11251 111251
20401 120401
33051 133051
23201 123201
40751 140751
83551 183551
9251 109251
75501 175501
26901 126901
89551 189551
44201 144201
32801 132801
89101 189101
34301 134301
64501 164501
65701 165701
23851 123851
90001 190001
1751 101751
22851 122851
80451 180451
82451 182451
98301 198301
3801 103801
4151 104151
83501 183501
98601 198601
46601 146601
86401 186401
31901 131901
91351 191351
98751 198751
43151 143151
9501 109501
91601 191601
94451 194451
96901 196901
42201 142201
20101 120101
88801 188801
34751 134751
47301 147301
50051 150051
10251 110251
37601 137601
78751 178751
55251 155251
89201 189201
701 100701
66301 166301
68451 168451
75151 175151
24951 124951
40301 140301
57251 157251
59201 159201
58051 158051
56851 156851
99051 199051
38301 138301
11101 111101
51901 151901
36301 136301
61001 161001
65551 165551
47151 147151
68851 168851
55151 155151
54251 154251
22201 122201
1901 101901
37201 137201
53751 153751
49351 149351
54501 154501
73601 173601
58401 158401
70601 170601
84751 184751
14851 114851
69151 169151
26051 126051
15101 115101
11151 111151
60251 160251
83151 183151
21601 121601
32651 132651
51351 151351
96551 196551
64751 164751
70751 170751
29501 129501
79001 179001
93151 193151
83351 183351
1501 101501
88951 188951
56351 156351
46001 146001
9351 109351
26451 126451
33801 133801
8901 108901
25651 125651
41951 141951
12751 112751
4101 104101
6051 106051
52601 152601
63201 163201
32551 132551
48401 148401
19101 119101
4501 104501
60151 160151
29101 129101
46901 146901
2701 102701
12051 112051
79801 179801
22001 122001
3051 103051
52251 152251
3251 103251
24201 124201
42601 142601
98051 198051
52301 152301
79551 179551
91651 191651
70901 170901
15901 115901
73651 173651
48351 148351
27851 127851
5351 105351
31001 131001
7951 107951
86901 186901
77501 177501
16601 116601
24401 124401
80501 180501
44351 144351
48801 148801
49001 149001
21951 121951
95701 195701
32251 132251
41851 141851
27551 127551
39651 139651
92851 192851
98701 198701
33201 133201
8051 108051
2251 102251
84351 184351
18151 118151
34001 134001
2201 102201
20751 120751
75801 175801
82151 182151
32601 132601
16451 116451
45451 145451
19251 119251
67051 167051
36851 136851
77901 177901
28501 128501
70001 170001
98901 198901
34151 134151
85401 185401
17001 117001
28651 128651
65601 165601
43901 143901
81701 181701
49051 149051
53201 153201
47401 147401
44801 144801
77401 177401
91451 191451
23751 123751
61151 161151
66551 166551
92401 192401
9001 109001
12501 112501
68701 168701
1651 101651
30101 130101
23701 123701
24251 124251
15151 115151
95301 195301
35901 135901
46201 146201
92551 192551
77351 177351
12951 112951
72851 172851
32751 132751
55801 155801
46051 146051
69401 169401
83601 183601
53501 153501
26101 126101
1051 101051
96151 196151
48451 148451
40151 140151
61451 161451
6851 106851
9701 109701
90101 190101
67851 167851
39501 139501
31101 131101
74851 174851
65201 165201
77801 177801
97751 197751
71951 171951
3401 103401
63251 163251
46351 146351
82051 182051
52551 152551
2851 102851
35651 135651
5801 105801
4651 104651
23901 123901
94351 194351
53651 153651
58001 158001
53551 153551
41301 141301
90201 190201
24601 124601
87951 187951
27251 127251
64801 164801
64951 164951
27701 127701
401 100401
3951 103951
84001 184001
81551 181551
84101 184101
42651 142651
50501 150501
86551 186551
60451 160451
99651 199651
85951 185951
49301 149301
22351 122351
30151 130151
74451 174451
79501 179501
59001 159001
61601 161601
7351 107351
64051 164051
26751 126751
59051 159051
12351 112351
89151 189151
60501 160501
7301 107301
20851 120851
69301 169301
40851 140851
96451 196451
96701 196701
37851 137851
14051 114051
52051 152051
7901 107901
79601 179601
60551 160551
8251 108251
59951 159951
65001 165001
77201 177201
55901 155901
56901 156901
49651 149651
35501 135501
78951 178951
15501 115501
74301 174301
2101 102101
60401 160401
99851 199851
35351 135351
63351 163351
1801 101801
36501 136501
60001 160001
44751 144751
69901 169901
75351 175351
89301 189301
68951 168951
93501 193501
34251 134251
54701 154701
77551 177551
26201 126201
87601 187601
7801 107801
17351 117351
83951 183951
88501 188501
28601 128601
32351 132351
85901 185901
63501 163501
61301 161301
77701 177701
32151 132151
29301 129301
75451 175451
67751 167751
36651 136651
22051 122051
96001 196001
84901 184901
92151 192151
11801 111801
15301 115301
53801 153801
6551 106551
27201 127201
39901 139901
69551 169551
59101 159101
99701 199701
28351 128351
57201 157201
31751 131751
94951 194951
64201 164201
91301 191301
11951 111951
74751 174751
5301 105301
54101 154101
36901 136901
35551 135551
94651 194651
54601 154601
71601 171601
36751 136751
87501 187501
74001 174001
82351 182351
60951 160951
77851 177851
16201 116201
80001 180001
36601 136601
86801 186801
67801 167801
62501 162501
57601 157601
81001 181001
16951 116951
5151 105151
73151 173151
98951 198951
22551 122551
87801 187801
42901 142901
33701 133701
43801 143801
28051 128051
92301 192301
55101 155101
53701 153701
35151 135151
27101 127101
69701 169701
30701 130701
90901 190901
50101 150101
66651 166651
92751 192751
41451 141451
97701 197701
97451 197451
51701 151701
35801 135801
69251 169251
67701 167701
90451 190451
29151 129151
19801 119801
65401 165401
35101 135101
22751 122751
19351 119351
88401 188401
61901 161901
51601 151601
94001 194001
78651 178651
53601 153601
82001 182001
49451 149451
38401 138401
4001 104001
53051 153051
52901 152901
11901 111901
11751 111751
66051 166051
33151 133151
39551 139551
25401 125401
38151 138151
42101 142101
50551 150551
751 100751
57001 157001
26601 126601
98551 198551
38451 138451
18651 118651
48951 148951
61651 161651
80401 180401
33651 133651
41601 141601
14001 114001
34951 134951
49401 149401
75951 175951
82201 182201
85551 185551
17601 117601
69801 169801
18401 118401
39201 139201
74951 174951
55501 155501
1001 101001
72601 172601
48851 148851
33601 133601
5051 105051
25051 125051
91001 191001
97201 197201
62951 162951
82301 182301
25801 125801
96251 196251
46501 146501
98401 198401
25101 125101
69201 169201
62801 162801
951 100951
20051 120051
68401 168401
87451 187451
63601 163601
93051 193051
77951 177951
14951 114951
29401 129401
69451 169451
54051 154051
31701 131701
97951 197951
80901 180901
6201 106201
25501 125501
32701 132701
72701 172701
66101 166101
15051 115051
37651 137651
88051 188051
74351 174351
48301 148301
24301 124301
87101 187101
88301 188301
14751 114751
2901 102901
17901 117901
83701 183701
62351 162351
45551 145551
91251 191251
44301 144301
55201 155201
10051 110051
97151 197151
1851 101851
91501 191501
99801 199801
26501 126501
90751 190751
61051 161051
67001 167001
78151 178151
5401 105401
2601 102601
17201 117201
6151 106151
6501 106501
73701 173701
21851 121851
43501 143501
76101 176101
11501 111501
20501 120501
31501 131501
51951 151951
34701 134701
47251 147251
41151 141151
47601 147601
86501 186501
43601 143601
56451 156451
2801 102801
23101 123101
31801 131801
34501 134501
49701 149701
94601 194601
94501 194501
47751 147751
59401 159401
56951 156951
66601 166601
34801 134801
28751 128751
8701 108701
14351 114351
86051 186051
67201 167201
80351 180351
4851 104851
5751 105751
73551 173551
65651 165651
54301 154301
50951 150951
26701 126701
73251 173251
74101 174101
30951 130951
38101 138101
76451 176451
9101 109101
55601 155601
26151 126151
81601 181601
21701 121701
16351 116351
39601 139601
18951 118951
81501 181501
48201 148201
42551 142551
51651 151651
49201 149201
47851 147851
1551 101551
45351 145351
39401 139401
10751 110751
68301 168301
18801 118801
90551 190551
14501 114501
53151 153151
73001 173001
14151 114151
51051 151051
59851 159851
56551 156551
6451 106451
50751 150751
95501 195501
55851 155851
9551 109551
86101 186101
51801 151801
72401 172401
82601 182601
5701 105701
92001 192001
31551 131551
76601 176601
93851 193851
18301 118301
72751 172751
95751 195751
42501 142501
86601 186601
75201 175201
7851 107851
7151 107151
36951 136951
84701 184701
17251 117251
85151 185151
54851 154851
7651 107651
55651 155651
57951 157951
19501 119501
36801 136801
60601 160601
19901 119901
43551 143551
59651 159651
31951 131951
50201 150201
48901 148901
70401 170401
47551 147551
72801 172801
74401 174401
95951 195951
33951 133951
65301 165301
73501 173501
89051 189051
25901 125901
67301 167301
45851 145851
85101 185101
33001 133001
84801 184801
86201 186201
20951 120951
60051 160051
10001 110001
16801 116801
58101 158101
651 100651
6901 106901
30001 130001
26951 126951
96351 196351
71751 171751
62201 162201
76001 176001
61351 161351
20251 120251
85001 185001
41201 141201
85751 185751
31851 131851
41551 141551
79651 179651
68551 168551
56501 156501
98101 198101
33251 133251
47801 147801
54901 154901
32501 132501
62001 162001
8751 108751
23951 123951
12101 112101
65351 165351
57301 157301
5101 105101
18051 118051
55951 155951
90601 190601
52451 152451
25201 125201
21201 121201
21901 121901
97801 197801
52151 152151
16651 116651
64651 164651
12001 112001
42951 142951
4751 104751
52351 152351
58901 158901
75051 175051
17701 117701
41651 141651
24551 124551
40901 140901
40251 140251
84601 184601
28101 128101
62601 162601
7201 107201
70651 170651
43101 143101
58201 158201
97401 197401
30401 130401
23001 123001
61201 161201
80801 180801
59701 159701
23451 123451
89751 189751
68001 168001
61801 161801
97551 197551
20001 120001
84551 184551
37451 137451
83051 183051
95401 195401
18351 118351
61701 161701
41351 141351
25551 125551
34901 134901
89951 189951
79951 179951
57901 157901
33851 133851
1401 101401
49151 149151
56601 156601
75001 175001
47451 147451
22101 122101
44051 144051
7251 107251
32851 132851
89001 189001
28701 128701
46101 146101
60301 160301
77451 177451
81351 181351
5851 105851
23401 123401
54451 154451
30751 130751
66951 166951
5651 105651
37401 137401
42401 142401
52651 152651
86451 186451
2951 102951
7101 107101
10801 110801
91951 191951
64101 164101
52401 152401
3151 103151
12901 112901
95451 195451
53351 153351
32401 132401
5551 105551
25951 125951
16701 116701
64601 164601
71501 171501
27451 127451
60751 160751
55551 155551
64901 164901
71001 171001
85451 185451
65851 165851
76801 176801
70501 170501
62901 162901
24451 124451
1451 101451
68201 168201
34551 134551
51851 151851
93551 193551
10351 110351
19601 119601
85301 185301
59451 159451
41701 141701
22401 122401
8451 108451
10551 110551
64001 164001
78851 178851
91701 191701
43651 143651
6301 106301
68651 168651
11651 111651
88901 188901
19951 119951
58751 158751
27951 127951
82851 182851
52201 152201
79401 179401
40951 140951
89251 189251
43351 143351
86701 186701
98501 198501
38851 138851
10951 110951
92901 192901
51551 151551
27751 127751
31601 131601
88751 188751
63851 163851
64251 164251
85651 185651
90301 190301
20901 120901
72101 172101
15751 115751
90501 190501
6701 106701
75901 175901
69101 169101
27601 127601
66351 166351
95201 195201
23251 123251
12801 112801
10501 110501
94901 194901
42451 142451
74701 174701
7501 107501
3101 103101
55451 155451
17651 117651
71651 171651
30601 130601
4251 104251
12651 112651
62101 162101
30201 130201
22651 122651
48251 148251
97501 197501
4201 104201
45001 145001
17551 117551
19751 119751
33351 133351
35851 135851
97051 197051
65101 165101
46951 146951
81401 181401
16851 116851
34101 134101
77001 177001
18451 118451
97101 197101
43201 143201
81901 181901
13851 113851
99351 199351
98451 198451
15601 115601
2151 102151
52101 152101
601 100601
70851 170851
60901 160901
20351 120351
84851 184851
51 100051
37301 137301
5501 105501
23151 123151
58351 158351
85051 185051
96201 196201
34851 134851
13801 113801
68801 168801
7001 107001
90051 190051
11001 111001
22451 122451
85251 185251
21401 121401
54351 154351
90951 190951
80101 180101
61851 161851
30351 130351
9751 109751
53001 153001
82651 182651
80151 180151
61401 161401
80601 180601
47101 147101
63701 163701
72651 172651
21101 121101
42801 142801
25001 125001
59151 159151
9601 109601
28251 128251
73351 173351
24651 124651
12551 112551
60801 160801
88101 188101
56801 156801
83451 183451
18001 118001
4051 104051
12301 112301
41501 141501
82401 182401
95901 195901
54651 154651
71451 171451
63301 163301
52801 152801
17801 117801
88601 188601
14801 114801
65051 165051
46551 146551
26801 126801
2401 102401
62551 162551
21651 121651
95151 195151
16001 116001
71201 171201
37701 137701
46401 146401
14651 114651
54201 154201
46751 146751
53901 153901
60201 160201
13601 113601
76201 176201
80951 180951
64451 164451
55401 155401
78301 178301
16751 116751
10101 110101
40001 140001
26851 126851
25451 125451
46301 146301
40051 140051
76401 176401
49801 149801
44451 144451
2301 102301
41251 141251
90151 190151
11351 111351
60851 160851
95351 195351
31451 131451
3501 103501
48751 148751
94701 194701
45251 145251
29851 129851
83251 183251
53301 153301
10451 110451
69651 169651
32051 132051
72901 172901
88701 188701
59351 159351
23651 123651
47351 147351
29651 129651
52701 152701
54001 154001
42301 142301
88251 188251
43951 143951
80701 180701
47051 147051
3851 103851
9901 109901
38501 138501
82251 182251
10851 110851
96951 196951
56001 156001
30801 130801
2001 102001
76051 176051
37951 137951
48001 148001
65151 165151
4451 104451
36701 136701
13351 113351
6001 106001
16401 116401
20801 120801
95601 195601
63451 163451
13251 113251
1151 101151
56051 156051
64851 164851
13901 113901
57151 157151
96851 196851
77751 177751
97001 197001
33401 133401
2351 102351
12701 112701
11551 111551
9051 109051
98651 198651
46151 146151
88001 188001
26351 126351
50601 150601
7451 107451
71551 171551
21501 121501
76651 176651
68251 168251
19651 119651
91051 191051
34651 134651
58501 158501
1101 101101
17751 117751
11401 111401
93301 193301
19201 119201
26401 126401
901 100901
41101 141101
59751 159751
56101 156101
23301 123301
22601 122601
40651 140651
62851 162851
19001 119001
67401 167401
8601 108601
18751 118751
80551 180551
10301 110301
55301 155301
75251 175251
54151 154151
63551 163551
48651 148651
73901 173901
33551 133551
48601 148601
13551 113551
251 100251
70351 170351
39251 139251
93901 193901
64401 164401
28151 128151
25351 125351
78901 178901
16151 116151
36401 136401
37001 137001
12601 112601
36351 136351
96651 196651
84201 184201
1601 101601
56201 156201
38901 138901
24501 124501
26301 126301
14701 114701
41051 141051
70951 170951
16051 116051
17401 117401
3651 103651
15551 115551
24901 124901
36251 136251
29601 129601
14901 114901
92501 192501
92601 192601
86001 186001
18551 118551
6801 106801
72951 172951
43051 143051
87701 187701
16251 116251
59801 159801
64551 164551
451 100451
38701 138701
44101 144101
65801 165801
20301 120301
66001 166001
92451 192451
99751 199751
57351 157351
90351 190351
62051 162051
80201 180201
45701 145701
90801 190801
69351 169351
19401 119401
51001 151001
71251 171251
68101 168101
39101 139101
24001 124001
81451 181451
