102 98
29 16
42 36
14 59
9 95
66 19
51 72
52 11
58 15
64 86
82 11
38 21
56 52
59 51
59 101
64 11
1 33
49 49
70 91
6 12
1 48
94 69
17 39
48 36
98 57
91 48
49 18
96 22
88 3
14 51
6 68
100 68
27 43
82 99
44 99
98 87
88 30
10 54
12 10
52 2
85 59
99 54
89 78
54 47
86 90
89 22
26 52
59 86
34 74
41 17
91 10
59 38
53 59
19 89
64 3
74 32
34 80
79 61
24 35
59 40
33 99
5 17
96 36
34 70
100 101
68 24
14 62
75 45
24 37
7 25
100 6
71 28
40 101
57 81
35 6
85 18
91 16
63 91
55 6
5 20
4 87
34 45
59 17
88 71
4 73
33 26
4 39
5 10
1 90
5 9
73 23
95 68
26 10
62 24
48 4
87 59
21 39
47 85
41 53
