111 89
69 74
26 106
76 62
90 98
28 45
59 91
80 86
43 65
49 4
7 58
68 3
107 107
98 60
22 87
101 110
51 13
91 105
67 15
44 27
54 19
108 33
98 61
3 61
12 1
108 43
25 39
71 79
102 15
33 23
32 26
34 57
18 50
16 108
44 54
77 6
3 106
13 4
101 78
52 46
53 56
111 9
78 33
28 41
33 3
104 62
38 107
42 20
3 45
20 87
92 42
51 68
68 86
96 79
11 86
8 11
85 64
104 51
49 23
79 69
51 29
65 43
47 104
110 27
82 10
107 63
76 105
89 19
93 110
110 47
111 8
63 45
7 53
10 109
68 96
51 72
23 36
16 64
18 24
9 98
79 9
19 106
33 59
19 3
106 9
52 18
2 9
57 50
8 81
104 89
