113 100
35 24
47 20
30 49
34 22
37 52
8 42
82 46
11 63
67 20
54 37
43 110
62 40
100 45
89 52
56 33
86 109
8 8
77 84
83 106
23 92
113 112
96 90
58 57
42 65
110 1
61 84
61 46
15 73
7 79
54 15
64 51
88 2
83 57
22 27
22 111
106 110
75 8
36 48
108 51
63 102
67 51
52 53
72 73
3 79
19 59
14 61
26 103
59 108
90 17
108 110
29 90
13 95
100 46
35 67
3 27
46 53
81 71
18 108
94 71
93 50
96 24
77 59
6 25
60 11
77 39
35 6
39 38
62 1
4 26
96 87
73 22
111 55
111 39
76 78
105 32
33 29
39 33
57 4
29 67
72 34
45 10
72 23
87 21
22 60
49 34
9 88
76 63
91 20
102 43
57 61
81 70
41 64
19 108
77 73
47 59
99 105
21 50
54 51
42 33
95 94
