118 98
57 72
110 24
112 88
9 22
98 51
41 68
12 59
41 69
8 52
91 23
92 95
22 48
11 2
116 116
4 80
55 60
80 58
88 102
100 88
57 96
93 40
11 19
49 20
76 10
92 60
40 74
13 118
52 33
25 2
72 12
4 97
118 10
57 118
37 20
61 48
66 118
51 62
110 9
24 71
15 106
115 40
81 112
40 58
86 76
55 96
46 62
103 106
48 2
101 81
118 57
90 17
81 44
44 86
44 53
65 72
89 95
9 93
9 54
3 29
76 20
57 71
37 5
51 30
52 81
28 80
58 103
5 81
60 7
4 56
79 57
64 67
114 12
67 64
91 8
8 73
82 59
40 81
30 65
9 36
55 52
15 37
118 86
7 66
87 39
80 71
84 3
30 36
51 79
71 118
51 53
105 83
20 22
106 23
76 103
38 80
54 15
77 8
63 92
