119 92
79 60
39 99
118 32
101 76
95 15
23 53
50 27
82 106
93 60
74 109
31 40
92 109
74 16
62 86
26 2
97 37
106 21
34 74
87 34
94 86
42 36
56 113
49 59
2 6
104 80
55 28
56 101
87 57
115 1
16 17
60 59
87 19
9 27
85 56
82 72
104 5
94 83
75 103
111 103
8 112
93 30
34 85
76 69
97 23
96 80
118 74
112 101
39 9
9 57
36 99
34 90
117 88
113 55
7 25
27 45
65 47
14 75
64 32
4 25
17 55
21 81
63 108
27 97
50 50
97 110
84 25
102 70
21 81
21 30
47 2
78 70
10 109
9 75
60 101
96 26
52 44
35 34
69 111
26 64
34 40
44 39
61 50
10 55
6 70
49 31
105 78
63 72
108 112
117 81
29 79
17 24
111 5
