121 111
11 38
103 36
54 61
116 116
116 13
8 42
83 106
19 48
120 44
85 103
99 117
42 118
7 29
51 27
40 39
70 22
87 68
98 110
15 80
43 9
91 39
62 112
24 116
23 117
55 88
2 47
109 100
79 42
121 50
69 7
100 112
57 113
34 31
103 9
64 33
114 5
85 52
107 66
107 74
87 8
14 55
35 8
70 35
79 64
39 120
116 103
44 30
106 27
70 114
96 65
77 95
29 81
64 15
73 15
28 76
56 85
97 45
32 69
58 110
15 102
23 73
29 46
48 115
1 114
96 26
108 61
93 36
62 95
3 85
83 20
5 54
120 44
12 93
80 5
62 12
44 78
114 94
109 67
1 39
36 9
82 90
75 19
62 93
43 56
22 14
116 68
57 9
72 27
69 25
46 52
71 37
66 121
117 2
57 12
2 111
37 3
92 69
101 111
10 100
91 83
37 17
36 44
48 119
83 79
41 110
72 39
26 84
112 106
116 69
7 65
85 47
