124 80
79 35
76 81
14 96
18 5
118 89
1 37
42 111
73 55
1 42
63 25
121 95
50 119
46 49
22 16
123 116
96 103
40 46
35 35
33 103
75 13
22 89
64 72
66 39
50 90
5 94
67 65
66 3
66 35
61 111
75 111
11 82
63 32
123 5
84 79
86 58
111 57
120 31
25 99
6 119
110 75
61 52
122 39
104 69
78 92
121 84
16 62
118 24
111 47
52 107
61 7
111 66
94 77
46 22
8 88
53 122
109 48
109 108
1 121
29 32
81 92
53 113
27 85
34 85
97 106
4 41
21 114
44 36
1 59
114 106
37 53
47 62
28 29
44 29
59 84
47 61
98 106
50 59
87 44
3 55
99 61
