125 120
73 109
31 89
108 73
43 117
60 69
90 5
40 73
18 82
73 55
8 54
56 30
48 123
26 67
94 98
95 35
121 32
114 101
72 68
29 2
53 93
83 55
41 18
35 72
98 1
122 7
90 108
26 84
13 20
73 7
24 52
15 114
53 97
11 89
42 120
20 71
43 107
57 125
5 125
73 107
78 23
31 17
124 39
32 67
97 48
87 93
18 9
79 105
114 59
1 41
15 60
90 7
2 97
58 20
37 50
54 6
70 4
27 5
1 94
35 26
101 113
104 85
3 48
107 58
97 50
110 119
65 48
30 101
117 30
32 38
118 124
35 40
45 75
19 9
125 22
14 14
109 62
19 11
40 27
25 99
56 62
79 12
37 107
90 45
92 20
52 41
58 70
95 7
124 76
99 79
124 32
107 3
80 35
109 112
114 93
122 56
29 46
72 20
125 78
70 5
49 117
103 79
113 74
12 31
34 115
69 107
122 44
118 31
74 7
76 119
115 114
118 70
36 112
100 40
7 113
52 79
47 45
16 64
58 10
72 52
27 78
