126 98
40 84
109 3
118 82
83 59
82 33
26 1
14 107
66 19
118 34
45 30
58 7
25 124
122 118
92 29
9 77
110 38
125 117
18 80
125 12
32 68
41 49
60 102
117 100
29 7
49 45
29 89
19 54
79 115
12 97
54 81
10 60
28 27
76 85
45 51
24 37
7 77
112 68
112 89
58 29
92 41
111 53
12 90
75 59
103 93
103 28
101 93
43 51
64 104
112 3
13 30
3 121
80 89
124 70
56 106
45 57
5 11
18 46
19 31
67 103
116 38
57 113
98 51
88 41
24 38
72 95
114 60
11 8
33 118
81 126
96 106
7 17
115 66
28 75
3 78
58 64
37 19
22 86
100 9
110 56
15 12
57 46
5 111
76 117
60 81
68 73
49 23
88 59
63 22
119 52
115 92
66 85
25 84
84 75
123 97
41 65
120 45
103 121
99 95
