135 119
62 75
43 78
127 64
77 92
80 52
93 70
24 114
91 102
91 50
8 123
72 127
23 8
131 135
96 20
21 99
51 11
2 91
29 65
135 58
53 117
45 69
94 98
58 10
58 113
67 99
20 112
33 29
87 29
115 68
95 130
49 131
46 121
132 90
130 36
125 132
91 4
88 85
84 55
89 79
94 113
121 100
37 5
77 38
73 74
31 121
121 27
21 127
20 42
83 112
38 44
7 77
14 80
54 48
18 46
73 15
75 30
24 82
51 3
80 88
59 9
42 52
114 113
115 104
83 77
59 76
112 100
111 50
110 63
68 96
20 30
91 57
99 27
60 45
6 28
45 50
34 34
114 25
11 98
60 75
49 5
70 48
19 108
23 43
24 119
86 72
12 64
49 124
60 122
133 133
118 19
105 68
22 120
36 120
125 74
125 53
95 63
125 37
134 123
8 122
31 88
128 66
122 8
95 88
14 13
59 14
10 6
23 92
44 45
16 85
125 6
62 42
77 13
92 116
59 58
23 101
2 28
65 39
83 113
67 80
