137 119
135 50
79 107
75 32
118 73
77 112
94 96
71 55
64 16
67 87
133 63
129 75
75 27
30 99
36 137
20 104
54 92
50 92
101 85
42 17
45 59
131 86
43 6
15 95
130 20
22 12
20 108
102 59
35 27
62 107
69 11
132 10
48 94
90 73
27 15
49 91
57 54
109 64
127 119
136 40
28 19
87 1
48 87
114 60
27 1
68 132
37 78
65 94
2 8
57 119
78 57
124 9
37 18
81 38
32 28
113 102
43 80
49 94
36 133
19 17
54 90
101 98
79 11
5 98
43 131
17 93
93 71
70 83
40 96
80 34
137 46
10 60
83 114
57 53
19 60
53 78
94 57
9 63
87 130
14 46
71 133
103 77
48 66
86 102
122 123
70 85
24 35
81 9
73 107
94 107
43 23
52 43
62 2
81 79
11 61
119 6
120 112
126 94
98 14
69 41
28 68
88 135
114 124
103 19
6 22
113 120
110 27
135 37
70 52
79 86
68 74
108 104
80 21
99 38
100 84
118 85
119 31
101 79
74 80
110 104
