138 124
33 51
81 136
122 18
47 62
132 93
96 109
123 87
115 11
15 80
99 21
117 18
126 130
66 52
49 12
91 105
26 86
13 81
63 6
121 69
44 134
93 24
68 63
9 112
12 57
19 3
75 44
10 132
68 55
43 75
31 60
24 117
95 78
51 100
78 48
108 135
128 80
89 120
29 30
96 20
45 66
104 73
44 125
138 73
63 71
112 79
104 39
11 107
117 55
62 90
17 77
91 124
135 132
3 109
87 129
125 81
76 43
80 129
127 20
57 120
75 124
31 138
84 71
66 89
84 57
55 124
46 94
40 14
63 75
3 16
128 59
137 127
114 118
8 3
47 76
47 97
32 55
7 109
111 128
24 6
91 20
79 78
6 120
16 20
116 17
17 85
110 128
103 89
67 130
37 125
52 81
127 132
74 11
117 19
20 20
75 132
92 127
125 10
8 45
14 136
44 66
104 107
33 59
44 111
28 15
65 28
90 35
56 109
15 130
134 63
97 114
40 53
31 137
123 5
8 47
78 138
96 120
43 23
99 2
35 69
23 74
11 136
35 56
14 36
11 18
