139 93
139 135
102 94
8 89
84 139
14 73
76 63
126 105
106 13
125 17
41 122
16 54
84 111
83 26
14 22
78 53
134 129
29 9
42 16
20 86
67 67
80 32
109 131
64 124
23 136
81 89
35 96
67 56
57 52
7 1
67 67
116 16
69 37
14 67
2 8
63 93
58 57
26 14
114 26
81 26
10 105
92 47
125 23
131 37
136 125
120 71
18 125
81 135
59 10
85 117
64 76
1 17
79 9
34 51
52 122
50 120
11 108
105 115
104 44
69 6
41 33
91 91
69 19
63 76
27 131
4 30
7 117
41 99
40 90
19 89
126 29
57 77
46 33
93 77
25 21
109 12
93 3
25 79
92 88
20 127
102 39
69 45
134 4
109 126
76 125
124 6
90 79
75 36
113 10
99 136
20 50
12 85
139 130
16 10
