141 110
23 73
71 118
80 13
3 57
129 110
81 107
62 100
129 124
127 32
131 91
56 136
9 24
55 135
110 24
49 3
12 130
51 68
131 62
83 5
82 69
22 43
55 71
21 96
81 87
132 122
111 33
12 78
61 130
7 18
61 93
31 26
15 9
124 60
14 39
98 141
128 101
50 38
75 17
39 51
94 80
22 41
80 1
23 110
120 103
140 52
4 73
35 45
42 56
123 58
111 20
122 54
78 114
5 50
75 13
128 36
132 9
57 135
80 77
85 18
25 3
26 130
59 51
79 31
78 19
29 95
139 116
104 103
19 2
79 94
119 57
19 106
120 17
25 95
14 114
87 122
97 95
90 94
1 28
107 99
111 130
69 99
74 7
87 117
53 113
138 42
66 18
76 114
76 93
99 63
136 43
132 120
33 110
51 79
66 85
129 73
10 99
17 48
8 38
6 50
58 77
113 4
123 117
83 97
65 4
122 120
93 79
71 87
113 78
110 61
13 109
