142 124
96 105
88 28
92 79
63 64
34 92
86 8
139 7
53 104
24 33
46 77
119 88
117 80
129 93
44 18
125 25
21 35
133 136
95 101
104 109
64 107
95 105
94 72
110 121
10 71
80 36
46 30
63 109
34 8
19 47
23 106
65 114
43 77
72 20
136 38
80 56
54 128
102 11
47 62
45 2
100 30
27 14
88 66
142 16
133 73
55 134
142 65
59 58
81 98
27 16
90 11
79 135
24 54
52 114
91 27
37 58
50 142
40 26
68 86
89 28
129 27
38 23
121 68
97 41
135 67
71 7
127 9
98 117
45 93
85 52
14 16
10 4
45 1
45 66
31 99
56 16
100 23
78 16
23 53
63 70
107 117
95 84
11 67
113 117
88 104
135 68
124 116
116 44
66 105
31 24
49 80
20 26
67 23
57 33
74 126
80 61
120 110
124 56
35 28
132 139
115 72
68 132
123 20
117 132
57 85
117 96
36 19
62 99
66 32
72 101
74 128
2 55
32 24
1 100
56 67
62 115
63 102
11 101
30 142
88 4
61 74
118 85
69 88
67 58
36 2
