144 117
94 66
38 112
70 107
142 133
138 124
59 114
66 73
88 19
62 86
37 43
16 35
42 88
144 131
117 13
18 92
7 126
119 22
43 77
50 27
140 112
64 86
55 44
35 11
56 136
90 4
56 106
117 8
105 52
57 93
124 119
117 143
131 129
84 55
136 37
17 59
114 91
27 41
24 110
143 77
111 30
126 51
12 75
59 80
113 51
39 50
82 123
25 135
84 15
135 125
12 46
81 61
9 38
35 26
123 23
117 16
92 18
14 4
85 97
83 60
25 121
103 64
48 121
15 78
3 140
131 57
29 34
69 61
91 91
132 22
137 82
119 13
120 58
124 69
134 11
125 35
57 139
44 82
98 112
32 78
72 121
14 130
11 83
28 26
40 60
48 135
46 115
61 111
13 3
104 3
122 7
60 51
111 23
14 95
103 115
87 25
63 60
135 2
106 59
67 112
51 89
55 65
88 79
22 115
17 45
72 17
52 17
62 46
43 58
33 126
8 138
24 140
59 135
116 136
19 53
119 89
144 40
127 12
