147 146
19 101
64 123
6 20
136 65
39 11
125 10
52 73
55 105
37 76
113 123
131 144
32 29
82 136
12 38
63 52
125 20
34 116
124 76
81 12
111 96
100 143
119 58
44 147
125 2
118 85
84 132
73 45
144 36
129 32
146 83
67 14
101 20
13 110
48 94
23 30
16 15
79 98
4 106
45 81
16 142
73 34
99 142
60 128
107 9
115 107
92 104
83 33
98 75
144 145
74 119
122 87
125 8
107 103
56 143
118 131
102 72
40 45
120 111
54 94
27 107
118 17
108 107
92 65
115 86
31 81
68 72
57 6
110 95
14 125
1 23
90 92
16 105
8 92
130 145
123 12
67 79
120 112
61 128
21 66
32 49
60 16
51 48
104 95
117 142
69 130
46 49
79 27
125 17
60 101
97 112
15 85
8 63
131 126
116 7
88 9
77 54
103 140
5 3
141 2
82 6
123 106
126 26
47 83
106 23
116 88
33 141
85 23
3 90
30 142
137 32
40 144
12 135
30 47
104 71
13 137
96 6
22 142
20 59
83 43
27 41
35 122
87 104
99 95
124 14
14 54
108 137
89 41
89 97
123 74
129 130
97 3
113 66
64 85
7 124
97 141
4 136
96 94
69 34
29 109
139 126
8 65
2 119
92 108
19 101
120 68
50 104
