148 92
118 62
26 13
142 42
33 8
44 55
92 69
31 38
30 4
1 26
128 69
143 88
43 50
38 66
133 103
123 9
131 79
100 134
145 100
127 11
12 124
69 128
90 29
70 80
132 43
74 115
16 147
71 39
115 67
28 74
27 90
43 49
134 71
105 99
44 44
100 1
142 52
31 69
78 88
32 85
15 143
144 139
143 105
131 12
54 144
137 88
24 147
113 87
77 83
113 88
24 86
138 8
86 13
134 115
110 21
78 114
93 69
35 16
50 29
127 38
64 8
121 130
57 5
15 3
66 84
139 88
108 80
24 132
139 16
54 131
75 108
36 121
23 115
69 101
81 104
39 125
51 73
6 123
43 60
78 85
54 57
126 24
42 148
61 103
97 15
59 1
98 44
142 43
44 148
62 147
140 22
89 119
98 16
