149 100
70 82
22 116
124 35
131 53
37 19
39 134
50 43
28 5
70 11
146 128
46 119
46 45
147 143
86 110
63 100
16 118
110 95
125 39
1 148
109 106
12 71
75 80
130 145
92 46
138 25
62 90
26 112
89 147
118 66
62 112
103 137
140 34
15 127
137 27
58 7
47 95
56 12
69 47
107 39
141 89
149 6
144 112
67 55
110 145
108 95
69 10
119 79
131 16
44 59
88 54
68 94
89 98
120 69
30 4
53 105
91 65
91 114
2 21
40 67
88 47
75 69
7 138
16 129
58 40
114 111
127 102
88 16
123 132
131 20
23 125
64 9
115 57
92 146
144 149
75 113
32 50
16 88
40 76
49 120
31 131
120 128
74 53
90 24
86 117
7 2
10 87
67 30
48 25
14 120
3 135
115 114
54 26
106 35
25 27
115 132
132 11
25 53
102 33
6 71
98 94
