500 250
149 58
259 174
329 328
202 483
384 458
342 318
181 318
245 63
248 327
490 180
133 464
37 32
165 332
497 96
76 314
442 496
11 141
60 36
290 318
451 165
274 41
324 375
425 160
486 81
440 259
249 239
477 468
458 153
12 404
244 97
19 225
258 92
178 140
318 489
226 382
362 86
235 346
157 159
428 443
409 320
41 388
163 430
429 280
125 198
406 427
351 440
366 320
355 135
371 196
196 365
291 38
163 12
48 55
90 4
407 221
83 107
362 436
53 391
38 41
166 14
268 209
91 194
296 102
92 307
432 266
237 320
88 83
236 475
342 179
357 161
463 485
51 122
377 56
355 329
45 368
80 91
90 215
203 317
174 205
372 70
28 438
196 86
293 234
9 242
416 103
89 157
149 250
327 470
394 495
186 74
338 424
234 6
313 439
268 90
482 260
110 356
459 496
209 403
47 50
397 453
35 3
367 38
94 168
3 363
117 378
319 477
372 104
284 182
119 213
115 153
222 145
436 34
101 212
278 464
5 99
408 459
313 9
101 190
207 447
98 195
343 494
85 16
4 114
97 35
152 84
284 309
61 48
353 498
404 87
107 112
446 339
477 188
129 247
74 406
67 153
203 456
49 152
424 232
400 92
19 465
89 488
449 463
349 363
172 377
25 12
298 403
154 50
2 296
410 280
85 154
372 277
285 308
294 44
167 251
27 446
383 278
109 267
391 354
203 83
182 332
457 155
492 83
383 223
453 60
308 262
407 36
384 207
361 342
374 380
293 103
44 30
468 476
290 81
45 256
410 140
248 104
365 394
322 204
377 378
57 287
40 196
417 199
337 6
497 218
139 456
90 168
144 176
117 320
309 259
300 252
277 299
238 10
232 425
294 84
51 103
188 492
482 212
411 338
66 179
53 132
360 451
316 168
85 418
49 61
485 262
391 270
89 387
31 106
247 459
69 323
292 54
221 378
280 122
470 257
261 256
280 469
429 226
89 48
336 208
430 163
36 399
339 333
8 313
210 400
170 446
150 6
262 165
429 394
194 50
234 409
173 380
84 113
402 290
136 235
372 96
306 270
320 314
381 379
489 286
373 160
128 490
269 182
228 269
478 256
127 26
427 20
240 410
210 423
205 444
468 316
