500 500
120 46
304 92
92 215
207 215
29 417
19 101
209 380
402 493
372 46
282 35
489 275
81 307
477 329
151 227
347 153
83 224
500 443
80 326
141 246
125 432
106 2
340 322
351 53
450 452
77 456
402 448
448 177
312 33
429 168
133 128
214 218
156 76
326 88
425 256
290 136
269 230
12 218
203 11
235 224
332 218
179 287
84 402
113 84
311 198
194 149
179 287
455 121
259 74
136 421
442 478
12 456
161 354
63 189
400 476
251 182
218 451
460 269
356 335
232 165
342 383
350 438
302 341
46 30
244 14
74 126
375 362
273 376
112 118
190 125
150 486
235 346
413 352
198 260
28 395
457 362
182 182
392 133
46 285
307 343
346 402
96 448
260 178
104 317
98 12
233 259
330 316
300 301
340 249
450 495
212 377
149 264
25 254
120 229
173 178
365 276
246 163
166 427
239 288
401 441
403 9
138 348
488 194
80 324
140 441
374 364
24 95
437 305
289 247
341 87
415 274
272 304
142 435
116 270
262 154
343 314
100 11
424 67
393 382
29 322
424 150
396 396
455 395
75 231
96 276
17 65
337 411
66 101
157 121
261 412
144 34
312 11
456 76
114 294
483 337
446 299
7 79
79 409
88 20
102 45
126 184
116 414
186 393
309 269
46 66
107 38
140 249
4 422
221 167
376 402
82 412
317 481
373 25
350 124
321 499
349 8
135 157
313 320
315 315
247 86
8 230
179 324
233 272
79 42
376 329
86 174
490 161
61 142
6 395
266 209
367 337
264 263
112 405
58 276
447 240
198 78
421 221
423 199
351 80
334 191
251 259
7 51
180 156
10 446
406 189
146 401
70 277
34 287
167 112
440 377
311 234
148 104
100 289
310 218
342 60
474 342
431 6
76 437
98 146
176 216
255 213
344 178
465 109
160 134
187 53
250 470
217 175
327 254
175 237
59 235
368 369
388 337
187 262
348 252
320 120
331 77
467 20
411 336
35 321
401 406
256 40
211 240
490 498
377 187
32 124
345 100
341 339
189 272
230 481
282 380
431 408
495 193
262 308
397 38
280 239
436 49
274 126
356 396
182 383
299 396
366 158
476 254
268 164
365 83
35 309
465 462
416 355
348 26
275 243
492 222
211 233
182 411
154 251
128 258
357 182
38 297
474 118
368 94
190 318
260 150
268 56
89 234
360 75
282 390
3 221
267 119
176 233
51 72
449 373
79 94
29 316
81 480
152 462
227 345
229 146
120 58
253 351
382 393
461 166
238 231
242 412
131 336
144 316
268 124
267 350
361 367
491 431
274 9
338 456
146 400
110 312
13 201
458 392
389 103
489 19
61 263
432 412
196 2
254 252
257 135
500 17
31 16
391 307
486 494
356 392
262 489
244 255
150 269
92 9
85 452
255 287
179 105
128 97
136 225
2 212
208 337
492 365
400 339
304 289
312 126
101 266
52 491
194 227
2 446
381 396
218 412
358 105
255 187
413 361
48 49
498 197
411 100
413 204
110 232
73 458
86 137
276 401
4 200
117 133
226 269
485 42
236 247
213 80
356 370
387 487
123 423
337 217
332 5
244 360
320 482
153 228
14 432
126 122
102 393
341 7
322 469
158 259
196 401
18 473
374 102
379 296
497 10
19 130
125 40
235 486
227 83
360 304
282 268
274 42
320 430
85 195
386 129
66 226
498 280
301 290
272 393
138 463
33 379
422 88
388 451
184 291
241 350
54 375
305 378
248 20
345 81
402 293
437 149
185 151
479 296
198 169
101 396
470 108
136 371
8 408
336 347
2 204
14 14
316 174
127 206
80 325
346 424
111 328
65 436
441 155
237 115
384 344
267 287
68 320
378 244
181 389
430 158
102 500
194 349
301 475
90 360
427 85
343 316
494 128
136 8
208 276
392 486
66 386
200 130
349 314
225 349
423 456
46 232
240 220
79 425
15 195
391 44
372 442
86 249
60 392
63 428
266 65
365 248
202 158
364 406
313 424
9 223
177 245
77 150
168 182
273 400
353 256
448 5
378 92
286 180
358 432
378 264
151 293
101 169
294 73
14 432
190 245
482 255
131 209
317 123
235 231
283 273
339 177
218 440
269 288
234 229
143 499
79 461
364 455
343 32
5 109
62 306
238 328
58 160
456 281
204 258
261 276
101 10
91 431
46 151
77 394
256 164
200 278
3 274
261 227
317 327
356 467
147 355
485 321
1 152
279 81
162 31
488 76
219 388
13 412
57 77
109 234
438 39
145 343
172 22
85 39
