500 500
7 500
9 494
10 497
3 494
8 496
10 500
4 491
7 497
1 497
8 494
3 495
5 490
8 500
7 500
9 490
5 497
7 497
7 490
3 500
8 493
9 495
1 490
7 499
2 495
6 491
2 500
1 492
9 498
1 492
7 499
2 495
6 493
10 491
1 497
9 495
5 491
9 494
4 492
5 494
8 496
5 492
1 499
5 499
8 494
2 492
6 495
9 490
1 498
8 493
10 497
4 490
5 491
9 490
2 492
5 500
7 492
6 500
5 496
1 490
7 492
6 491
2 492
7 499
2 500
2 498
3 493
10 491
9 493
2 492
4 494
2 494
7 496
2 497
4 493
10 496
10 491
5 495
1 498
5 496
4 499
2 495
7 492
6 495
10 494
8 495
9 494
9 498
7 493
9 497
5 495
5 498
2 498
7 491
3 495
10 496
2 491
9 498
2 492
9 491
1 493
9 497
4 494
2 490
5 499
2 496
5 492
9 490
10 492
5 500
10 493
10 493
4 497
2 497
8 496
7 494
4 499
1 497
7 492
9 493
5 496
6 496
2 495
4 493
5 496
7 495
1 492
7 493
9 494
8 490
5 492
6 498
2 497
3 498
4 491
1 499
7 492
2 493
1 499
8 500
8 496
6 500
4 495
7 493
8 493
2 500
6 496
2 491
8 490
4 493
9 496
2 496
4 490
2 497
9 491
6 494
4 492
5 496
5 490
6 500
2 490
5 500
10 491
9 500
5 491
2 491
10 499
8 496
10 495
10 497
10 494
8 499
9 493
9 496
2 496
2 499
8 492
6 499
8 494
2 490
2 496
7 492
4 494
5 494
6 500
8 493
2 495
4 492
8 499
3 498
4 499
10 491
4 491
4 499
4 490
4 494
1 491
2 494
3 496
6 497
8 490
7 498
9 493
8 496
9 491
10 500
4 495
7 497
9 498
6 495
6 491
9 495
7 495
7 498
7 498
5 497
3 500
5 490
9 497
7 493
5 496
9 490
10 493
10 495
7 491
2 492
6 499
1 498
6 500
4 492
6 494
9 499
1 490
10 495
8 497
5 499
5 492
5 500
5 498
10 495
2 490
5 490
2 496
8 497
2 493
5 492
1 493
10 500
6 493
7 499
8 492
4 498
4 492
5 497
2 495
10 490
7 498
3 493
4 493
8 493
4 493
2 491
10 491
7 493
9 500
9 498
8 490
5 496
8 496
2 500
6 496
8 500
7 500
5 496
1 498
9 494
10 493
7 490
9 493
5 496
10 494
3 491
3 495
8 490
5 500
1 498
4 498
1 495
3 498
4 491
2 490
6 494
1 497
10 492
3 499
5 497
7 490
6 498
7 490
4 494
7 490
10 492
2 499
8 492
9 496
7 500
9 492
9 498
6 493
5 500
9 496
7 494
5 497
6 497
2 490
2 500
8 494
9 493
7 499
7 490
5 495
6 491
4 498
6 498
1 492
4 496
5 500
10 491
5 495
9 499
2 491
2 490
4 490
2 494
3 495
8 496
10 497
6 490
2 492
10 497
3 492
4 500
2 493
3 497
8 492
10 499
8 496
6 492
6 499
1 490
7 491
9 498
8 495
8 495
1 500
7 490
5 490
6 497
3 491
5 490
7 499
7 500
4 499
10 500
4 494
8 500
3 496
4 492
2 500
8 494
7 496
9 499
10 491
3 494
6 497
3 492
3 492
3 490
8 491
6 500
5 498
8 494
3 499
7 496
2 497
9 496
5 495
4 493
1 500
4 498
3 500
9 494
5 491
1 497
1 494
10 496
1 500
9 491
5 494
7 497
8 497
6 493
6 497
2 496
10 491
2 494
3 496
1 491
8 495
7 491
4 495
5 494
2 498
9 490
1 490
8 493
2 497
4 494
2 491
5 492
4 500
6 498
1 497
8 498
6 497
6 496
6 500
1 495
10 493
9 499
2 490
8 497
8 490
9 497
9 495
6 490
4 492
10 494
4 490
6 493
10 493
8 492
1 498
5 490
10 494
1 494
9 492
8 498
10 494
8 491
8 494
4 500
5 498
6 494
1 494
4 493
7 495
9 497
2 494
9 494
9 493
1 494
10 498
6 500
7 497
5 491
7 496
5 496
5 490
3 498
5 496
4 490
1 500
1 495
5 492
8 500
3 492
5 490
9 499
3 498
9 493
4 500
8 498
9 499
8 494
6 500
2 499
1 497
1 500
6 491
7 494
10 490
7 491
4 491
8 494
2 499
8 499
3 494
7 490
5 499
2 498
