5000 1000000
2 203
3 301
5 517
4 393
2 202
2 205
3 307
4 414
5 519
4 398
2 205
2 206
1 101
2 214
5 502
4 412
4 404
3 313
3 300
2 197
1 110
3 304
3 307
5 500
3 298
4 407
3 309
5 509
4 399
2 207
1 111
5 499
2 204
2 203
4 397
4 405
4 414
5 511
1 104
1 103
5 508
1 110
2 210
5 492
3 302
3 302
3 307
2 205
5 497
4 410
2 209
2 201
3 295
2 210
3 300
1 103
2 211
2 202
1 104
5 513
4 407
5 502
3 308
3 307
2 199
1 109
4 405
3 310
3 307
1 108
5 517
5 497
1 107
4 402
3 314
5 508
1 107
5 509
4 409
1 112
3 295
1 100
3 303
5 506
3 302
2 205
5 496
1 107
2 213
2 207
5 501
5 510
3 301
4 398
1 107
1 108
2 199
1 101
3 309
5 501
4 393
4 413
3 295
5 504
1 103
1 104
4 409
5 515
3 302
2 208
3 312
2 200
1 108
4 404
5 515
2 208
3 301
1 103
1 109
1 106
2 210
3 311
5 505
4 415
3 310
2 205
2 207
5 498
1 105
2 203
3 298
2 201
3 308
1 108
1 99
1 104
1 105
4 407
1 103
4 402
3 307
2 204
5 499
2 206
4 413
5 503
4 404
4 398
1 102
4 406
4 413
1 110
4 398
5 516
3 309
4 409
1 108
3 307
2 201
4 415
2 208
5 506
2 207
3 302
2 210
1 107
4 404
2 198
5 503
4 410
2 201
2 202
1 105
2 204
1 106
5 511
3 297
4 397
1 109
2 201
5 511
5 493
5 493
4 393
4 393
1 103
2 211
5 496
3 298
3 305
5 498
1 103
4 413
5 502
5 513
4 413
1 105
3 300
3 297
3 300
2 207
2 212
5 506
3 303
5 514
1 99
3 309
5 502
1 109
4 393
4 400
4 403
2 199
4 414
3 307
1 111
5 502
5 504
4 416
2 198
3 312
4 402
3 308
3 309
1 103
2 203
4 400
2 204
2 205
2 203
4 397
3 310
4 412
1 103
2 208
3 307
3 298
5 501
2 212
3 303
5 505
2 206
4 402
1 107
1 103
2 205
5 513
4 400
1 103
3 307
3 307
5 508
1 100
3 302
4 412
2 208
5 509
5 503
3 315
1 104
3 308
2 210
2 208
1 102
5 493
5 501
1 110
2 211
1 103
3 306
2 212
4 406
3 305
3 304
1 101
4 414
2 210
2 207
2 213
1 111
5 515
4 411
5 501
3 302
1 105
4 412
3 309
3 299
5 495
2 208
3 311
4 414
4 412
2 206
1 109
5 509
2 206
4 403
5 503
1 104
2 212
3 302
3 297
1 107
4 407
4 403
4 400
2 204
1 100
3 307
5 512
3 305
3 299
2 206
3 308
1 104
5 509
4 397
1 106
3 300
3 296
4 405
5 510
2 205
2 207
1 102
1 104
2 197
2 207
1 110
5 506
2 204
3 311
2 210
5 499
3 300
3 298
4 403
4 398
4 395
4 409
2 206
3 311
2 203
1 108
3 300
1 101
5 505
4 409
3 301
1 103
1 106
1 110
3 303
1 106
5 514
3 313
1 100
2 205
3 303
2 200
1 103
1 108
2 213
3 307
3 309
1 106
2 202
5 504
2 206
4 399
1 101
4 409
2 207
1 101
4 413
1 107
3 308
3 310
5 517
4 404
5 512
5 508
5 499
3 299
3 310
3 307
5 512
3 299
4 396
1 104
4 411
1 106
5 519
1 107
4 410
3 309
2 210
1 105
5 510
5 497
1 103
2 206
3 311
4 407
2 203
3 309
1 111
5 515
2 203
1 102
1 112
3 305
4 416
5 494
2 202
5 508
1 106
2 204
4 407
4 398
4 408
5 520
2 201
4 410
3 309
1 112
5 501
1 107
5 506
3 306
4 396
5 505
5 499
3 310
5 513
5 506
1 104
2 208
1 108
3 314
2 205
1 103
2 204
4 413
5 510
4 407
2 198
1 109
3 313
4 393
2 202
1 105
1 103
4 410
1 108
1 103
3 296
5 497
3 305
1 102
4 412
4 404
2 201
4 412
4 405
3 306
4 402
1 102
3 303
3 300
5 501
2 210
5 500
1 112
4 411
2 207
3 299
3 308
3 311
5 514
4 409
3 307
3 304
4 411
2 201
5 503
5 501
1 106
2 202
4 406
5 518
5 493
1 106
3 304
4 408
2 211
1 102
2 209
5 511
3 302
2 204
2 211
1 108
1 109
4 397
2 213
4 398
5 512
2 203
4 407
1 107
1 107
2 207
3 305
4 412
2 206
4 394
5 496
3 305
5 515
1 103
1 110
1 103
3 311
2 211
1 104
4 412
4 414
1 108
4 401
1 111
2 210
4 402
2 211
3 305
1 104
5 501
2 209
1 102
1 106
5 491
1 107
1 103
3 306
4 399
3 299
3 304
4 400
1 105
1 105
4 408
2 199
4 410
2 206
2 206
1 104
5 518
4 411
5 506
5 504
2 202
2 201
4 401
2 205
4 406
5 520
5 494
4 400
4 405
4 410
5 505
4 400
5 505
2 202
4 399
3 306
2 203
1 104
2 206
3 308
2 212
2 214
3 310
1 103
4 396
2 207
4 400
2 200
1 109
2 203
4 394
1 100
5 506
3 315
3 308
4 398
1 107
5 513
3 305
3 305
4 407
5 513
2 211
5 497
1 107
4 401
3 309
4 413
3 306
3 298
2 202
1 111
3 310
5 511
5 497
2 202
1 107
3 307
4 402
5 500
1 101
1 106
2 206
3 314
5 500
2 209
1 103
1 99
3 309
5 498
5 504
1 107
2 205
3 304
2 207
5 499
2 203
3 296
4 400
1 105
1 103
1 105
1 102
3 310
3 315
3 305
3 312
2 210
3 298
3 301
1 107
3 303
5 503
4 416
5 506
1 104
4 399
3 309
3 309
1 103
3 303
4 408
5 510
5 517
5 519
4 398
1 108
2 203
5 515
2 201
2 208
4 412
1 108
5 502
3 316
5 512
1 107
1 103
5 498
4 396
4 406
4 405
5 514
1 105
2 205
5 514
1 104
2 206
1 103
1 102
3 303
1 103
5 496
5 511
4 409
4 417
2 208
5 493
5 498
1 108
4 395
5 511
2 199
3 298
4 402
1 105
3 312
5 517
3 297
1 103
1 105
1 106
2 202
5 512
3 309
4 407
4 406
1 110
1 101
5 514
5 508
5 493
4 396
4 399
3 302
2 207
3 307
1 109
4 406
1 109
4 411
5 497
3 314
5 500
5 513
2 199
1 104
4 402
5 493
3 312
5 504
5 500
5 511
3 303
1 104
1 105
3 308
4 412
3 301
4 417
1 106
5 511
3 298
5 508
1 103
1 106
3 313
2 200
1 105
4 411
3 310
1 106
2 205
5 519
1 107
4 409
1 101
1 105
2 206
5 510
3 299
3 315
4 397
3 309
5 514
4 405
5 501
4 398
5 503
4 409
2 199
3 307
1 106
3 305
2 198
2 212
5 505
2 209
2 205
2 210
5 516
5 515
5 505
4 402
3 300
5 508
4 415
5 498
1 104
2 206
1 102
3 307
4 407
1 110
4 409
3 301
5 502
5 513
4 399
2 211
5 493
3 302
3 313
1 108
4 407
1 104
3 303
4 398
3 315
5 497
2 201
1 101
3 305
1 107
3 306
4 401
3 304
4 406
5 508
4 413
5 517
3 303
5 520
3 301
1 108
3 303
4 394
4 416
2 205
3 309
2 214
3 301
2 205
5 505
4 397
5 499
3 312
1 106
2 205
1 108
3 302
1 107
5 506
3 309
3 312
1 105
2 202
3 313
3 313
5 491
2 212
4 405
1 103
3 307
4 408
2 199
2 205
1 111
1 105
5 506
4 404
1 105
4 398
3 304
2 203
4 404
4 409
2 206
5 497
1 108
4 407
1 105
1 101
2 205
5 507
3 312
3 309
3 306
4 402
4 399
4 399
5 509
2 204
5 501
5 495
3 307
5 510
2 197
2 207
1 105
1 105
5 510
3 299
1 106
4 404
4 405
5 498
3 304
5 501
1 101
2 204
3 313
5 505
2 199
3 299
2 206
5 501
5 509
1 107
2 199
2 214
4 412
1 101
3 300
3 298
3 304
2 210
5 505
2 206
4 409
4 418
5 507
1 102
4 400
1 104
4 402
1 102
3 302
1 107
4 412
2 198
4 406
5 497
5 493
3 313
1 105
2 207
4 402
3 302
4 395
1 108
4 403
1 107
5 506
3 310
5 507
4 397
4 411
5 508
3 299
1 100
4 405
2 203
3 301
2 204
2 207
5 496
5 508
1 102
5 504
4 401
1 103
5 491
2 210
2 205
3 300
3 308
5 507
3 311
2 205
3 307
5 513
3 298
2 207
1 109
3 299
2 213
1 108
5 502
3 308
3 305
3 302
4 410
5 515
1 101
5 492
3 310
2 203
1 107
2 199
5 494
1 104
5 520
1 106
2 205
5 511
2 202
4 410
5 494
5 506
5 502
2 210
5 512
3 309
1 103
5 501
5 503
2 201
2 209
5 519
3 300
4 408
1 107
2 210
3 306
3 306
4 397
5 518
5 504
1 110
3 296
2 205
3 296
1 102
5 518
1 103
3 307
2 212
3 303
1 104
2 204
3 305
4 400
2 204
5 502
1 111
5 505
4 398
3 304
1 104
3 315
4 414
1 103
3 312
4 406
1 111
2 207
1 108
3 308
1 107
4 393
4 417
4 393
2 200
1 100
4 397
1 110
2 199
4 406
5 499
4 405
5 504
5 512
2 202
1 107
4 411
5 507
3 307
1 112
5 503
2 201
4 413
3 304
4 408
5 498
2 199
4 397
3 296
1 106
1 110
4 412
3 305
5 505
3 309
5 515
2 210
2 205
3 303
5 519
1 104
5 507
1 106
3 295
1 101
2 206
4 408
2 206
3 304
1 104
3 299
5 503
2 204
2 207
3 308
4 402
2 212
2 209
1 101
2 204
5 512
4 409
4 411
2 207
2 205
2 206
3 313
3 304
4 406
5 516
4 413
4 396
1 102
4 404
5 494
5 504
4 412
2 211
2 206
4 403
2 205
4 414
2 205
4 410
5 506
4 407
5 493
4 399
4 412
2 205
3 306
1 100
1 111
3 304
1 102
3 309
2 208
5 510
3 307
5 508
4 416
1 104
2 197
4 414
4 402
1 107
3 316
1 103
1 108
4 406
4 406
3 307
4 401
5 514
4 409
4 407
3 307
3 296
4 403
4 404
3 302
3 301
5 497
1 110
1 108
5 503
2 207
4 403
1 111
4 405
1 110
1 102
3 298
3 305
1 102
5 513
1 99
5 505
5 499
2 213
5 500
5 519
3 308
5 511
4 412
1 107
1 105
1 106
5 508
2 206
5 495
1 105
2 206
1 106
3 306
4 412
2 206
2 203
5 498
5 503
2 204
1 108
5 503
5 507
1 104
2 202
5 514
3 309
2 203
1 107
4 418
5 499
2 211
4 398
4 409
4 406
4 411
1 107
4 412
3 295
5 503
1 107
4 408
1 103
2 211
4 418
3 313
3 308
2 205
1 100
4 406
2 208
2 212
2 198
4 412
3 312
4 400
1 106
2 209
2 199
3 309
2 213
1 109
5 513
1 103
2 201
3 297
2 210
3 310
2 206
2 207
5 515
2 199
2 201
1 108
4 410
4 408
5 519
5 506
1 104
1 104
4 399
2 212
4 405
2 205
3 310
1 106
3 316
3 304
5 514
2 206
2 211
3 312
3 309
1 100
3 297
5 497
5 509
4 406
3 312
3 313
3 305
5 515
4 409
2 201
3 304
4 401
2 203
4 404
2 210
2 203
2 211
2 206
5 498
4 405
5 509
4 411
2 210
5 515
2 203
2 206
4 397
2 209
1 103
5 509
1 105
4 409
5 500
1 104
5 504
1 110
2 209
2 208
1 108
2 205
5 516
5 519
3 303
4 407
1 107
1 108
5 509
3 310
2 205
3 303
5 499
5 515
4 414
2 203
3 312
2 199
2 202
3 308
2 206
4 399
3 306
3 304
1 108
4 407
5 492
2 201
1 106
5 501
3 306
4 404
4 417
3 298
1 105
5 495
1 108
2 208
2 205
4 404
3 307
1 100
2 209
3 300
1 107
4 397
4 403
2 211
1 105
4 412
1 106
2 208
3 303
4 400
1 105
3 314
1 101
1 103
4 403
3 297
5 504
2 203
2 214
5 516
2 214
2 204
1 102
3 311
1 103
4 410
5 512
5 517
2 208
3 300
5 520
2 212
2 199
5 497
4 396
1 103
2 199
3 308
4 399
4 402
4 409
1 104
5 503
5 512
4 400
1 106
1 109
5 493
5 498
1 109
2 212
4 411
1 104
1 110
5 518
1 106
1 111
1 105
4 400
5 520
3 309
2 206
1 111
4 405
4 407
1 101
4 399
5 507
5 520
4 410
1 102
3 313
2 206
4 402
1 102
3 313
5 515
3 302
2 214
2 204
2 198
4 407
4 398
3 308
2 198
3 301
1 107
4 413
2 210
4 398
1 109
1 110
3 301
5 503
3 297
2 197
3 312
1 105
3 315
4 399
4 410
3 303
2 210
2 210
3 299
4 406
5 505
2 209
3 298
2 208
3 315
5 498
2 206
3 305
4 402
4 397
2 206
5 506
4 413
5 493
4 408
2 207
4 404
2 203
1 103
5 502
3 301
3 308
5 504
2 201
3 298
4 409
5 498
3 300
2 203
5 508
1 107
2 204
2 207
3 307
5 507
5 512
1 108
4 405
3 297
1 108
3 308
2 205
2 208
2 206
1 101
4 405
2 212
3 304
3 315
2 212
3 307
3 308
2 206
5 506
5 511
5 502
1 101
3 303
5 509
2 210
4 402
5 494
2 200
3 310
2 207
3 298
1 104
3 309
4 407
3 309
4 413
5 506
3 312
2 207
3 313
4 407
2 197
1 101
1 105
3 307
2 209
5 493
2 212
1 108
4 410
1 112
2 210
3 304
1 107
1 112
5 502
1 106
2 207
5 518
4 402
2 208
3 309
3 302
5 502
5 495
1 107
1 105
4 416
4 399
5 505
4 407
3 303
3 299
2 201
2 207
1 108
5 512
3 307
3 302
1 102
1 102
5 510
5 515
5 500
3 304
1 106
3 313
4 407
4 412
2 203
2 206
5 501
1 107
5 506
2 208
1 108
2 206
2 208
3 305
1 100
2 207
1 105
4 411
1 102
5 509
3 302
2 207
5 491
4 402
1 109
5 495
2 205
4 415
4 406
1 102
3 304
4 411
5 496
2 207
2 203
4 401
2 210
4 402
3 305
4 397
4 403
4 412
4 409
2 208
2 205
3 301
1 103
1 101
5 496
2 207
5 511
2 202
5 499
5 502
4 400
3 312
3 313
1 110
2 204
1 108
2 212
5 499
5 498
5 502
2 201
4 406
3 303
3 296
2 207
3 300
1 108
5 511
2 209
2 204
1 108
1 107
3 298
4 405
5 492
2 206
1 107
1 106
4 414
4 411
3 304
4 404
3 308
3 308
1 109
1 107
2 204
1 102
2 206
3 301
3 308
1 107
3 311
1 104
4 407
3 314
2 208
5 506
4 406
4 413
5 496
2 208
2 207
3 308
2 207
1 103
3 302
4 397
3 315
1 105
5 504
2 207
4 415
2 210
4 410
4 401
4 409
1 109
2 211
5 506
1 109
4 404
2 201
1 103
4 411
2 206
3 299
5 514
3 295
3 313
1 112
3 304
3 306
2 198
4 395
1 99
5 514
5 496
5 500
2 208
2 210
1 102
5 507
4 410
4 399
4 411
5 511
5 508
3 296
1 106
4 411
4 397
5 506
4 407
2 207
3 307
2 199
1 107
2 206
1 106
2 204
3 311
5 510
1 105
2 210
1 105
3 304
1 108
1 100
2 207
4 409
3 310
4 405
5 505
4 403
3 309
4 408
5 491
4 395
1 108
2 202
5 499
4 412
1 107
5 509
5 506
3 303
3 304
3 299
1 110
3 307
1 105
3 311
5 492
3 296
1 110
4 418
2 214
3 304
3 300
4 416
2 203
1 111
1 101
2 203
2 208
3 298
4 398
1 105
2 202
2 210
3 304
3 299
2 203
2 213
3 301
3 308
4 402
1 103
1 111
1 105
4 414
4 400
1 107
3 312
3 310
3 301
1 103
3 306
3 298
2 205
4 410
5 506
2 212
3 305
4 403
1 103
4 399
5 506
1 104
1 109
4 406
4 414
3 307
5 508
4 414
5 497
1 105
2 201
2 201
4 409
4 414
2 210
2 205
1 109
5 502
5 505
5 497
5 499
1 101
4 412
5 516
1 103
5 511
3 306
3 307
3 304
4 398
5 510
3 301
3 295
3 301
1 101
4 409
4 411
2 205
2 207
5 495
1 105
4 406
4 416
2 205
3 305
2 202
2 203
5 506
3 300
4 399
1 101
3 309
3 313
2 202
3 296
4 413
1 102
2 203
4 405
4 401
5 508
1 107
4 409
1 107
1 104
2 206
4 401
1 107
2 205
5 506
3 303
1 107
2 214
2 211
4 401
2 200
5 506
1 102
4 411
3 313
3 304
4 404
4 402
1 107
2 201
5 507
2 205
2 201
1 107
4 408
4 401
2 202
2 200
2 202
1 101
3 307
2 209
5 496
2 206
5 508
3 299
5 496
3 313
4 406
1 102
5 505
4 403
1 101
4 399
2 200
2 212
4 397
1 109
3 301
5 511
5 501
4 404
1 106
2 203
3 300
4 409
3 316
4 414
3 307
3 306
5 492
4 409
4 415
5 504
1 107
2 203
2 206
4 393
4 410
1 110
5 499
3 302
3 298
3 309
3 307
1 106
1 108
2 203
1 104
3 313
1 105
3 304
2 207
1 106
3 308
2 213
2 205
3 306
5 513
5 499
2 206
3 309
4 411
5 498
2 207
4 410
3 304
1 103
1 110
3 304
3 310
4 410
4 408
2 210
3 310
4 398
3 299
5 508
4 400
1 101
4 398
2 204
4 402
3 307
3 301
5 511
1 104
3 296
1 102
3 314
2 206
2 206
5 508
5 498
5 499
1 105
3 301
1 101
1 101
5 495
4 402
2 209
5 509
1 109
2 206
3 308
5 520
4 412
2 200
3 304
5 499
4 401
1 101
2 199
5 512
4 409
2 208
3 300
4 405
1 109
3 299
4 410
5 502
4 402
4 404
4 406
3 307
5 514
5 520
4 407
1 107
1 107
2 209
5 508
2 208
5 508
1 104
4 398
5 502
3 304
5 510
5 494
2 202
2 201
4 400
3 311
5 514
3 304
2 202
4 411
2 212
2 204
3 299
3 313
3 304
5 519
2 208
5 515
3 304
2 201
3 310
1 102
1 104
3 306
1 104
2 213
3 308
4 393
3 311
4 411
3 303
4 400
1 102
3 298
3 298
5 503
2 205
2 206
1 100
4 397
5 502
5 517
2 199
5 492
5 501
1 108
2 199
1 105
3 299
5 512
3 308
5 502
3 299
5 508
2 208
4 405
3 299
3 308
5 513
2 206
4 414
1 101
2 207
2 209
3 301
4 398
1 108
4 402
1 108
2 207
3 305
5 504
4 414
4 411
3 304
1 105
4 409
5 498
1 101
1 103
1 104
2 210
3 301
2 201
3 310
3 304
5 502
2 209
2 208
5 511
2 209
1 108
4 394
1 110
1 100
2 212
4 409
1 111
1 104
5 501
1 101
2 202
5 518
4 412
5 506
2 208
4 405
1 103
1 102
1 108
1 105
1 106
3 311
4 410
2 209
2 203
5 515
3 302
4 397
3 306
2 209
2 199
3 310
1 107
5 513
4 408
3 315
5 510
5 511
3 311
5 500
4 404
1 105
4 399
1 99
3 304
3 303
1 103
5 516
3 302
5 510
5 515
4 398
3 304
2 206
1 99
3 303
4 405
2 203
2 214
2 204
1 101
3 299
2 207
4 412
2 211
5 495
4 418
2 199
2 200
3 306
3 304
3 314
4 405
3 302
5 515
3 302
1 106
5 512
4 401
1 105
5 501
4 408
5 512
1 107
4 402
4 415
5 513
2 206
5 506
3 302
2 208
3 311
3 316
1 100
3 307
5 509
1 111
3 303
4 409
4 401
2 201
2 206
3 310
2 205
1 111
2 206
5 514
2 214
3 304
5 495
5 497
4 409
2 207
5 515
1 102
3 310
4 394
4 393
5 496
1 102
4 402
5 506
2 204
5 512
5 500
2 203
1 103
5 514
5 499
5 506
2 206
3 310
3 305
3 312
4 406
1 106
4 397
1 111
2 199
5 515
3 300
2 208
2 214
2 205
4 409
4 401
2 202
3 310
5 497
2 206
3 302
3 307
5 504
5 499
2 210
4 408
1 104
1 101
4 399
4 402
3 313
2 206
4 414
1 107
4 402
1 101
3 313
2 206
5 513
1 103
2 199
3 303
3 301
2 212
3 303
4 396
4 406
1 107
1 104
5 491
1 106
2 204
3 309
1 107
2 212
2 212
3 310
5 506
2 202
1 106
5 519
3 304
2 204
3 301
2 208
2 204
4 412
1 105
3 303
2 201
1 107
1 108
4 414
3 313
3 308
3 299
4 401
2 208
1 104
4 394
1 104
2 199
5 493
5 505
3 298
3 306
5 518
1 112
2 200
1 110
4 407
4 402
1 108
1 103
3 304
4 407
2 213
3 299
3 315
1 112
4 414
4 411
4 411
3 301
4 411
4 397
2 211
2 210
2 201
4 403
5 494
3 302
4 402
5 502
5 520
2 206
4 405
1 104
1 103
4 403
3 312
1 106
2 200
3 301
1 104
2 198
5 499
1 106
5 504
3 307
1 109
5 513
3 307
3 297
3 305
2 201
3 310
3 311
5 511
1 104
1 104
3 305
1 110
4 402
2 207
1 110
3 306
3 307
5 499
3 306
4 398
2 209
4 412
5 506
2 209
4 413
5 503
4 395
2 204
4 397
5 512
3 299
1 104
4 410
2 202
4 398
3 315
3 303
4 395
1 111
3 304
2 205
4 397
5 504
4 401
4 412
3 312
2 207
4 418
4 410
4 411
3 308
5 499
4 417
1 108
2 203
3 304
1 106
1 104
1 110
5 499
4 396
1 108
4 413
5 505
5 509
2 210
2 199
1 108
5 513
1 106
1 106
1 107
2 209
3 311
3 302
5 491
5 499
3 316
4 399
2 211
1 106
5 516
1 105
3 301
3 311
2 204
1 110
2 204
4 409
2 206
5 503
4 413
3 304
4 409
5 505
5 510
2 209
2 206
5 493
2 205
4 404
2 199
3 307
5 503
1 101
2 201
5 505
4 401
2 206
3 299
3 296
1 99
4 405
5 509
4 400
5 518
5 502
5 504
5 499
4 403
4 412
2 209
4 403
5 514
2 204
1 109
2 210
3 315
3 300
1 107
5 498
5 499
3 308
2 210
3 308
4 408
2 206
1 106
3 311
1 104
1 105
5 492
4 394
5 497
4 400
4 396
1 101
4 409
1 101
5 505
2 204
4 417
3 309
1 105
1 107
1 102
5 496
3 302
4 408
1 108
3 301
3 310
4 413
4 401
4 413
4 404
4 406
1 101
4 406
3 308
3 314
5 496
1 109
2 207
4 402
5 513
5 509
3 301
3 314
1 111
1 102
1 110
4 401
3 300
1 109
1 105
1 104
2 206
5 505
4 406
1 106
5 506
5 504
4 417
5 511
3 310
1 103
1 103
2 208
3 310
1 108
3 304
2 202
3 309
4 395
3 298
3 299
5 518
2 208
2 205
3 307
5 507
4 402
3 312
4 405
4 401
4 401
1 101
1 107
5 499
5 508
2 209
4 399
1 100
4 414
5 491
2 202
2 207
5 494
4 397
2 210
1 109
3 304
2 206
5 515
5 516
3 310
5 519
4 402
1 103
2 206
3 310
2 211
3 303
4 409
4 415
5 497
1 111
5 508
3 301
5 500
3 315
4 411
4 410
2 204
4 405
2 204
1 111
4 411
2 202
3 307
2 200
4 407
1 105
4 403
5 507
5 509
5 503
3 297
1 103
4 409
3 297
2 212
1 103
5 510
1 102
1 109
1 104
5 513
5 499
2 207
2 204
4 413
2 201
4 403
1 105
3 314
4 411
3 311
5 507
4 411
1 102
1 106
2 203
1 105
5 513
5 505
5 509
1 101
4 402
4 394
2 209
2 201
3 311
1 105
2 210
3 310
3 299
5 512
5 503
1 111
3 310
3 304
4 409
5 507
2 207
3 305
5 500
3 313
5 510
3 316
1 105
5 499
3 308
4 397
3 306
3 296
2 201
2 207
4 406
3 306
5 500
1 104
1 103
2 201
2 201
4 404
5 501
3 309
3 305
2 214
4 413
5 510
2 210
4 402
5 504
5 491
2 204
3 308
1 102
5 508
5 497
3 313
3 299
5 502
2 199
4 401
1 107
2 206
3 305
2 208
1 101
4 402
4 400
3 307
5 493
2 208
1 101
5 509
3 314
1 103
5 515
4 397
2 204
1 104
3 307
5 506
5 515
1 108
5 508
4 404
1 105
4 408
3 306
1 106
3 305
2 201
3 316
3 311
4 416
2 208
4 418
1 105
5 506
3 305
4 398
2 203
3 303
4 397
5 496
1 104
4 414
4 399
5 496
5 497
2 202
5 515
1 102
4 398
2 198
1 105
1 110
2 199
1 107
2 206
1 101
4 414
3 316
2 213
3 303
1 104
4 410
5 519
4 414
1 104
4 409
5 495
4 397
1 107
3 308
5 507
3 309
2 208
5 505
3 309
3 299
3 305
5 519
5 503
2 208
2 210
4 409
5 508
5 502
3 298
1 102
5 518
4 403
5 509
1 102
1 111
3 315
1 105
3 305
2 204
2 205
3 303
4 409
5 513
2 205
3 299
1 101
3 307
5 517
3 312
5 505
4 418
5 503
3 305
1 107
4 411
3 310
4 410
2 209
2 211
5 510
3 310
5 500
3 304
4 401
1 102
2 205
2 207
5 506
4 412
3 313
1 112
2 204
1 108
5 519
3 307
1 105
5 504
2 212
3 306
4 412
1 109
3 301
2 208
3 311
4 418
3 313
2 208
1 106
3 312
1 107
1 108
3 295
1 107
2 212
1 104
2 206
4 412
1 101
2 208
4 408
1 107
4 410
5 506
2 197
5 503
1 104
4 409
2 207
2 211
4 410
5 514
2 199
1 108
4 399
5 491
5 498
1 99
4 401
5 513
5 496
4 401
3 313
1 105
5 496
4 397
2 211
1 106
5 513
1 111
1 108
5 505
4 403
4 401
3 306
3 309
3 303
1 110
4 401
5 494
3 314
3 310
3 303
3 306
1 105
3 310
5 492
3 301
4 414
4 413
2 200
3 297
4 401
3 298
2 201
3 299
4 399
1 105
4 412
2 205
3 304
2 201
4 403
1 102
3 310
1 107
3 303
5 511
5 513
5 495
3 303
2 202
3 305
1 104
3 316
4 402
3 304
2 203
2 204
2 206
2 200
1 107
2 207
5 511
3 304
2 210
5 496
2 208
2 210
2 208
3 304
5 518
2 208
5 497
5 510
3 310
2 211
3 303
3 301
2 211
1 102
3 312
1 106
5 502
2 207
2 207
4 405
3 302
1 107
3 299
5 496
1 110
2 208
2 203
4 401
5 497
1 108
3 315
5 505
4 407
5 500
5 498
5 498
4 402
5 520
3 305
2 206
2 207
4 401
1 104
2 209
4 412
1 105
1 102
5 497
2 204
1 110
4 414
3 311
4 412
2 212
3 311
1 106
3 305
4 403
4 410
2 199
5 515
3 298
3 303
2 203
1 104
1 107
2 208
5 512
2 202
4 393
3 300
3 302
2 212
5 515
4 398
5 505
3 302
1 107
1 105
5 516
4 393
5 500
2 207
2 201
4 409
5 499
5 492
4 404
5 506
3 295
5 496
5 515
4 404
5 511
1 112
4 409
4 409
5 497
3 307
2 200
1 104
1 104
2 203
2 206
4 414
1 104
3 308
1 108
2 208
2 212
2 209
1 110
3 309
5 512
3 295
1 105
5 503
5 519
4 407
2 212
2 212
2 199
3 303
1 106
2 208
2 204
5 508
5 504
4 401
3 306
4 414
1 105
1 105
3 304
1 102
2 208
5 502
2 211
3 314
5 497
1 106
3 309
2 207
1 108
2 203
5 500
5 517
5 519
5 503
1 103
4 402
2 207
4 397
5 503
4 402
3 305
3 302
2 211
3 301
1 102
4 409
3 301
2 204
4 398
2 205
3 308
3 296
4 394
1 104
4 404
4 416
4 409
5 500
1 102
3 301
5 497
4 410
4 412
4 403
3 302
1 106
4 399
4 411
1 110
3 302
3 299
3 313
5 499
5 517
1 105
1 109
4 398
5 496
1 106
2 201
2 200
3 307
1 111
1 103
2 199
4 417
3 299
5 502
2 213
1 104
1 104
3 300
4 404
5 515
4 401
1 106
5 505
5 511
2 211
4 418
5 496
3 303
1 108
1 106
3 303
5 515
4 415
2 207
3 306
4 403
5 499
1 106
3 307
2 208
2 208
5 503
4 415
2 208
1 101
3 306
4 405
3 300
4 402
5 513
3 309
2 212
4 397
2 206
1 100
4 409
4 406
5 520
4 402
5 514
4 405
1 111
3 309
1 110
2 213
2 210
5 491
5 518
2 197
4 418
3 299
1 106
5 498
4 408
4 410
1 110
3 306
3 311
4 408
4 397
5 520
5 503
3 297
1 110
3 306
1 107
1 109
3 313
4 398
1 110
4 417
2 202
3 299
5 514
5 498
4 400
1 100
5 513
5 496
1 105
5 515
5 503
4 398
2 208
3 299
4 400
4 416
4 394
5 510
1 100
5 507
1 108
5 500
1 107
3 314
1 111
2 206
2 208
5 506
3 308
2 210
1 101
4 393
2 212
4 400
2 212
2 202
1 110
4 406
3 304
3 299
1 104
1 103
3 310
5 498
5 493
1 105
4 405
2 206
1 101
3 295
5 499
3 306
1 110
5 520
2 208
3 304
2 210
5 512
1 111
3 298
5 499
5 519
3 311
4 404
2 209
2 201
5 494
1 109
5 506
2 203
4 408
2 199
2 206
1 105
2 198
2 207
3 311
4 405
3 305
2 203
4 398
2 209
5 510
2 207
1 103
3 305
3 299
1 105
2 204
2 208
4 404
2 200
2 202
3 304
2 207
4 395
1 108
2 208
1 104
5 496
5 505
2 206
2 207
4 414
1 107
3 301
5 503
4 402
1 102
4 393
4 414
5 504
5 510
1 109
2 208
5 516
3 316
4 402
5 503
2 214
5 504
5 520
1 100
2 210
5 496
1 105
4 405
4 409
4 397
5 504
3 310
2 212
4 409
4 402
1 109
5 491
3 296
1 99
3 299
3 298
3 298
4 397
2 214
3 310
3 303
2 204
5 514
1 109
4 404
5 518
3 310
4 412
2 207
2 205
3 299
3 298
2 211
5 500
2 203
2 214
4 406
5 501
3 304
2 208
5 509
2 203
2 202
2 199
1 106
3 311
5 496
1 105
5 515
3 305
1 109
5 515
2 209
5 508
3 298
4 410
2 202
2 210
4 397
5 511
2 206
2 213
1 110
5 515
4 400
5 495
5 504
1 104
3 301
1 112
1 101
5 511
3 300
1 99
3 309
1 102
1 102
1 105
4 405
5 500
5 504
5 510
1 99
2 197
1 99
5 509
5 506
5 508
1 106
5 504
2 208
3 309
4 400
3 307
2 206
4 393
1 110
5 500
3 302
5 496
5 493
1 110
4 405
4 394
1 110
5 502
1 105
5 519
3 309
2 210
2 202
1 105
1 104
2 207
1 111
3 313
3 301
4 406
2 204
5 501
3 310
5 510
4 406
3 300
2 207
2 197
3 301
2 204
2 210
5 514
1 103
5 507
1 101
4 397
5 520
4 410
2 201
4 406
1 106
2 201
1 107
1 103
1 107
1 105
4 397
3 310
2 208
2 209
3 313
5 509
4 418
5 500
2 207
2 200
1 103
2 204
3 306
4 409
1 109
1 107
3 302
3 312
5 494
2 206
5 499
5 512
5 502
4 405
5 513
1 103
4 406
2 212
3 305
3 313
5 512
1 107
3 300
2 207
1 105
4 402
4 398
2 198
2 206
1 104
2 197
5 505
1 111
4 412
4 406
4 410
2 206
1 106
4 403
5 509
5 512
4 406
4 403
2 207
1 104
3 302
4 399
2 201
5 497
5 514
3 309
5 509
4 416
1 103
1 102
3 299
3 304
1 103
5 499
1 110
4 407
5 493
1 103
3 303
4 414
3 316
5 506
1 107
1 106
2 204
3 303
4 416
1 105
3 309
5 499
1 106
2 206
5 503
1 110
3 298
3 312
5 511
5 507
5 502
2 210
4 406
2 210
4 394
3 299
2 199
3 306
1 104
3 308
2 207
4 399
3 310
1 107
1 111
2 205
4 410
4 407
5 512
5 506
4 403
2 204
2 213
2 204
2 207
3 310
1 106
1 103
2 206
5 510
1 108
4 409
4 406
3 298
3 309
2 202
1 104
1 106
3 307
5 514
5 499
4 402
3 307
3 308
2 208
4 411
2 212
2 206
4 395
4 403
3 307
1 109
3 304
2 202
4 411
3 302
1 104
4 396
3 299
2 210
2 212
1 110
1 108
2 206
1 105
5 510
3 307
4 405
3 302
2 207
2 204
2 211
3 301
4 394
5 498
3 305
2 205
2 207
4 406
1 108
3 297
1 107
5 512
4 413
3 303
3 302
1 109
3 300
2 197
1 106
2 206
2 208
4 399
1 108
2 203
1 102
4 407
3 313
4 412
5 508
4 411
2 198
2 207
1 111
5 505
2 204
5 497
1 104
1 103
4 401
5 502
1 110
3 302
3 309
2 200
2 205
3 307
1 112
1 105
2 213
1 104
2 210
5 494
3 310
2 199
4 412
4 410
3 312
1 108
4 396
4 403
2 204
5 497
3 302
5 510
3 310
5 509
3 309
4 411
4 410
5 498
1 104
3 310
4 402
1 107
2 201
4 408
5 495
3 300
1 111
4 402
4 396
1 108
3 310
3 307
2 206
2 206
5 503
2 201
3 300
2 209
5 506
4 397
1 103
1 105
5 520
3 302
2 203
4 405
5 514
4 409
3 307
4 395
3 305
4 412
3 303
1 110
4 410
5 499
3 301
4 397
1 111
1 109
5 498
5 500
5 509
5 503
4 413
5 496
4 409
4 405
2 209
2 199
4 403
3 296
4 405
4 410
1 105
4 400
5 497
3 314
1 105
4 412
1 101
1 102
2 206
1 106
4 409
1 103
2 208
4 414
5 491
1 107
4 396
5 512
5 503
3 305
5 499
2 207
3 313
1 111
1 103
5 508
3 315
5 491
3 304
5 514
4 397
2 213
1 103
1 111
3 300
5 505
5 506
1 105
1 105
2 203
4 395
1 102
5 508
5 496
4 414
1 101
2 206
1 108
2 211
5 499
2 208
3 306
3 296
1 106
5 497
5 508
1 109
5 512
2 203
4 409
2 212
2 202
1 104
3 305
1 100
4 401
4 404
1 101
1 107
1 103
4 411
2 213
3 307
4 401
3 296
1 102
2 201
3 308
3 308
5 505
5 504
4 412
2 207
1 103
2 209
3 313
4 397
1 102
4 406
5 514
3 301
1 105
2 209
1 104
3 303
3 304
4 396
1 106
4 409
4 396
3 306
1 108
1 104
1 100
5 515
5 498
2 197
2 205
2 200
5 510
3 306
1 102
3 302
1 106
1 102
4 401
3 298
1 104
3 304
4 411
3 308
4 411
3 305
1 106
5 515
2 200
5 498
3 312
5 493
2 203
4 398
4 402
5 501
3 303
5 503
1 106
1 106
5 502
3 309
3 308
5 508
4 398
5 515
3 305
5 504
5 516
4 403
5 519
1 107
4 415
4 411
4 410
4 410
1 111
4 410
4 395
3 310
3 302
3 306
1 106
4 402
2 205
5 516
4 413
3 305
3 297
3 308
3 308
4 400
5 507
5 511
4 414
3 314
3 307
4 394
4 404
2 201
5 500
1 105
4 407
2 209
4 395
2 201
2 206
3 307
4 398
2 206
1 110
5 497
5 498
3 308
3 310
5 515
5 512
2 206
3 306
4 410
1 108
3 304
2 205
3 310
2 210
4 408
4 405
2 209
5 514
5 518
3 308
4 405
3 313
3 308
2 207
4 398
1 107
5 505
3 299
5 520
2 197
4 401
4 405
1 107
3 307
5 502
5 497
2 199
4 406
5 510
3 310
4 397
1 111
1 107
3 307
1 102
2 206
3 299
4 414
1 109
2 207
1 101
1 102
4 414
3 298
2 200
5 513
3 307
3 309
1 102
1 109
4 400
3 304
5 514
4 403
4 408
3 306
4 401
1 101
4 406
2 206
1 111
1 107
1 105
5 491
3 298
1 100
2 209
1 108
2 197
4 407
3 302
1 99
4 405
1 104
3 303
4 409
5 499
1 105
2 206
3 307
2 204
4 405
4 413
3 314
4 399
2 203
1 108
5 516
3 298
1 102
4 404
5 515
3 303
4 407
3 306
1 104
4 410
2 199
2 202
5 501
4 410
5 508
3 309
2 211
2 197
1 101
2 204
2 207
2 206
3 307
4 412
4 401
3 307
1 102
2 200
3 307
3 313
4 406
4 394
5 501
4 394
3 307
1 101
5 505
2 208
5 502
1 105
3 310
5 511
5 512
2 206
5 499
1 108
1 109
2 201
4 417
3 313
2 201
4 409
5 500
4 403
4 402
5 495
1 101
3 296
2 208
4 417
2 210
5 513
4 409
5 511
4 413
5 504
2 201
5 500
2 210
3 308
1 109
2 210
2 202
4 408
1 109
5 512
2 204
2 198
5 493
1 105
5 505
3 304
2 206
5 506
2 200
5 505
4 410
5 498
3 296
2 204
1 100
5 498
4 415
5 503
1 102
1 107
4 416
2 209
2 209
2 199
3 313
4 403
4 414
4 404
4 412
1 100
2 206
2 205
4 397
1 103
3 311
2 202
3 310
1 108
4 410
2 201
4 412
5 497
2 205
5 515
3 302
4 407
2 202
5 519
3 302
2 202
2 206
3 311
4 398
1 108
5 518
1 107
5 517
3 309
3 312
4 397
3 299
2 199
3 309
5 519
3 303
1 107
2 203
2 200
3 304
2 213
3 302
3 307
1 101
4 397
3 308
3 303
5 504
1 104
3 298
3 300
4 406
2 210
5 514
1 101
5 503
4 408
3 301
3 299
1 106
4 395
3 308
3 302
2 206
5 507
5 498
1 105
4 398
4 407
1 100
2 208
3 312
3 312
5 498
2 206
5 499
1 102
3 303
1 103
5 496
5 503
4 412
2 199
4 405
3 299
2 206
1 110
4 411
3 308
3 313
1 109
5 492
3 300
5 511
5 502
3 304
5 502
2 210
4 406
1 103
1 103
1 105
3 302
3 300
2 199
2 197
2 202
4 400
5 498
4 409
4 401
2 207
3 311
4 415
5 501
1 104
3 306
5 499
3 299
4 400
1 101
2 205
2 204
2 207
3 308
3 313
2 207
2 211
3 308
3 305
1 110
1 103
5 501
3 298
5 505
5 503
3 311
4 408
4 418
1 100
3 302
2 206
5 514
5 511
4 411
2 205
5 496
3 304
2 206
3 303
4 412
5 502
5 510
1 108
5 506
4 401
4 397
4 409
4 403
4 415
2 205
3 309
2 206
4 406
1 101
3 300
2 205
2 202
4 402
3 298
5 501
5 518
1 100
5 510
1 106
5 508
5 518
2 205
2 214
2 207
3 303
1 107
4 414
3 315
2 206
3 310
1 109
2 212
2 206
2 201
3 299
4 396
5 505
1 102
2 213
3 304
4 402
5 519
2 203
5 506
1 108
2 207
3 304
1 102
3 305
5 511
2 200
3 295
5 515
3 315
5 513
4 401
1 107
3 306
5 513
2 209
3 307
1 105
4 412
5 503
2 209
1 102
3 303
5 506
1 104
2 204
4 417
3 308
5 500
5 516
3 311
2 212
2 204
3 312
4 401
2 208
1 109
5 513
1 107
3 308
3 303
4 408
5 511
4 407
4 413
3 296
2 197
5 507
2 206
1 102
1 105
1 104
1 106
4 405
1 104
5 513
2 208
2 201
2 208
4 412
3 311
4 402
5 504
4 402
4 393
4 415
3 307
3 310
1 106
1 102
4 408
2 203
5 516
3 308
2 202
3 305
5 515
2 207
4 408
4 411
4 402
3 302
1 106
2 212
2 208
2 199
5 513
2 210
1 101
2 204
3 303
4 393
4 397
2 205
5 507
5 494
3 303
2 208
3 311
1 108
4 408
3 315
1 108
5 515
1 106
3 297
5 495
5 511
1 107
3 304
5 507
1 106
5 512
4 409
5 503
3 304
2 204
4 400
2 201
5 514
1 104
4 409
5 502
5 518
4 402
5 491
3 308
4 400
5 520
3 299
5 498
2 211
4 398
5 504
4 400
1 111
4 401
5 508
1 107
1 105
3 300
1 102
1 100
5 498
5 505
2 214
1 101
3 312
5 501
4 403
1 102
5 503
1 102
2 205
4 405
1 109
1 108
2 201
1 106
5 512
4 399
2 206
5 516
4 409
4 410
4 399
4 396
1 102
4 400
2 201
2 212
3 300
1 101
2 202
3 311
1 109
4 403
5 499
2 206
4 403
4 402
5 495
1 106
5 500
2 211
5 492
1 108
4 410
4 407
1 109
1 107
1 109
4 415
2 202
2 201
4 410
1 103
5 499
4 405
1 112
2 207
5 507
3 307
2 205
2 203
4 418
2 206
1 105
5 503
5 499
5 504
5 504
1 103
1 106
3 303
1 106
1 109
4 406
2 203
4 400
2 203
1 102
5 502
4 402
4 398
3 301
3 304
1 111
1 112
5 504
2 201
1 109
4 417
3 300
2 210
2 204
4 402
3 302
3 300
1 108
1 104
1 102
5 496
1 106
5 509
1 107
2 210
1 105
5 507
5 497
4 403
2 201
5 499
2 204
3 309
5 501
4 401
1 105
2 209
5 505
3 302
5 503
3 299
3 309
3 303
1 107
4 415
1 108
2 205
2 202
2 201
3 302
4 395
5 503
3 302
4 409
4 402
4 400
3 299
3 298
5 504
2 200
1 106
3 314
3 302
5 491
5 510
2 202
1 108
4 400
5 500
3 309
5 495
2 199
4 414
2 207
4 413
1 99
3 295
5 512
3 298
1 112
5 509
5 491
3 312
3 308
2 199
2 202
2 209
1 109
4 411
4 399
3 305
4 400
2 206
1 106
4 393
5 511
4 408
1 103
3 305
3 310
1 111
1 102
4 399
1 107
5 516
2 204
2 205
2 206
5 491
3 304
5 516
1 104
5 501
1 108
4 402
2 211
3 308
2 202
3 300
2 203
1 105
5 496
5 501
4 401
1 109
4 409
2 208
1 101
2 201
4 395
5 512
3 300
5 504
5 511
3 308
4 412
4 400
3 301
5 506
2 199
1 106
2 212
3 301
3 303
1 107
3 295
4 403
2 207
5 509
2 203
4 406
2 205
4 394
1 104
2 213
4 412
2 200
4 398
3 302
1 108
1 110
1 111
1 100
2 203
5 499
3 312
4 416
5 508
4 407
2 210
1 103
3 308
1 104
3 308
2 202
5 505
3 309
4 399
3 302
3 307
4 396
5 518
5 505
3 307
1 103
5 511
4 404
2 211
4 417
2 204
3 303
2 212
4 418
1 109
3 307
1 110
2 210
2 202
4 410
4 408
4 417
5 504
1 109
1 102
1 100
2 208
4 406
4 408
4 417
2 203
3 314
3 308
5 493
5 493
4 405
3 308
2 210
3 301
2 199
2 203
1 102
3 310
5 514
1 100
4 411
4 403
1 101
5 502
1 108
3 309
5 503
3 300
1 109
4 412
1 103
5 499
2 210
4 418
1 108
5 514
3 304
4 401
3 297
5 502
3 302
5 493
1 100
2 199
2 212
2 199
5 501
3 302
1 100
1 110
1 108
3 312
1 110
2 205
3 307
1 105
1 111
4 412
1 102
4 402
3 313
2 204
3 309
3 304
3 308
1 100
2 205
5 510
4 402
5 493
4 407
5 519
5 514
2 207
2 212
5 512
2 204
2 209
1 107
3 306
2 214
3 303
4 409
3 313
3 308
2 203
4 409
4 407
3 309
2 209
1 107
2 208
2 214
5 516
3 307
4 403
3 304
4 409
5 497
1 105
4 409
5 499
5 515
3 308
4 400
5 502
4 401
1 103
1 102
4 394
4 417
4 397
