5000 1000000
5 284
5 466
5 716
5 597
1 885
5 736
5 668
5 1226
5 1235
5 1255
5 721
5 589
5 1237
5 786
5 1007
5 517
5 908
5 864
5 651
5 1167
5 417
5 592
5 1087
5 441
5 357
5 1348
5 476
5 634
5 866
5 1159
5 553
5 710
5 447
5 96
1 1
5 590
5 1179
5 1480
5 513
5 910
5 1312
5 846
5 622
1 933
5 642
1 457
5 562
5 905
1 670
5 1434
5 1269
5 1196
5 892
5 427
1 957
5 337
5 475
5 1528
5 1471
5 397
5 1102
5 991
5 248
5 561
5 471
5 1103
5 884
5 535
5 70
5 1419
5 429
5 660
5 858
5 1467
5 1177
5 417
5 434
5 1364
5 762
5 1370
5 1204
5 100
5 587
5 1226
5 871
5 758
5 251
5 711
5 541
5 1313
5 1116
5 965
5 907
5 1042
5 922
5 776
5 348
5 999
5 741
5 1395
5 845
5 791
5 766
1 705
5 1038
5 969
5 942
5 830
5 620
5 487
5 656
5 775
5 856
5 595
5 179
5 311
5 912
5 906
5 514
5 691
5 658
5 563
5 414
5 883
5 1030
5 1221
4 1500
5 901
5 614
5 1345
5 1399
5 1288
5 899
5 874
5 1075
5 490
5 259
1 462
5 1110
5 1311
5 516
5 1615
5 747
5 709
1 1120
1 486
1 1536
5 706
5 1115
5 1138
5 723
5 1
5 790
5 614
5 1026
5 301
5 844
5 265
5 637
5 533
5 505
5 1
5 685
5 824
5 89
5 1257
5 590
5 1290
5 1
5 599
5 1788
5 248
1 1658
5 1571
5 658
1 400
5 1005
5 1213
5 777
5 1298
5 660
1 885
5 659
5 799
5 1599
5 698
5 418
5 1413
5 835
5 1223
5 1457
5 849
5 611
5 982
5 317
5 403
5 808
5 736
5 516
5 1170
5 408
5 560
5 934
1 524
5 540
5 1300
5 1492
5 920
5 375
5 1125
5 710
5 942
1 711
5 1422
5 1095
5 831
5 1084
5 1
5 697
5 802
5 1001
5 1263
5 319
5 1068
5 1375
5 757
5 156
5 337
5 1199
5 555
5 554
5 1111
5 733
5 233
5 929
5 1563
5 558
5 589
5 225
5 956
5 284
5 645
5 780
5 215
5 1
5 580
5 678
5 644
1 882
5 613
5 1410
1 1167
5 1057
5 686
5 810
5 1121
1 1200
5 1601
5 335
5 578
5 872
5 1472
5 1472
5 580
5 849
5 1201
5 1074
5 465
5 640
5 1
1 974
1 685
5 1202
5 821
5 240
5 208
5 819
1 728
5 1036
5 977
1 856
5 499
5 1127
5 1
5 1021
5 203
5 945
1 339
5 845
5 611
5 1113
5 499
5 1311
5 731
1 1447
5 793
5 1340
5 717
5 307
5 1056
5 168
5 728
5 775
5 1088
5 558
5 1129
5 785
5 750
5 8
5 258
5 809
5 235
5 660
5 1455
5 548
5 757
5 1028
5 1062
5 773
5 1272
5 92
5 627
5 559
5 641
5 658
5 403
5 92
5 347
5 558
5 1
5 767
5 741
5 469
5 741
5 685
5 748
5 591
5 273
5 929
5 568
5 966
5 525
5 1243
1 905
5 596878
5 1
5 885
5 411
5 690
5 319
5 335
5 731
5 871
5 953
1 1454
5 1228
5 592
5 785
5 559
5 789
5 1084
5 4
5 1013
1 1061
5 827
5 888
5 338
5 1250
5 1156
1 887
1 786
5 1264
5 865
5 690
5 634
5 806
5 829
5 1058
5 1703
5 645
5 1102
5 637
5 1019
5 779
5 1489
5 905
5 609
1 697
5 926
5 1419
5 1457
5 1100
1 795
5 1042
5 678
5 1384
5 866
5 1317
5 1213
5 1235
5 1111
5 656
5 1
1 1003
5 493
5 1250
5 550
5 430
5 317
5 474
5 312
5 565
5 617
5 788
5 833
5 1028
1 699
5 550
5 920
5 1046
5 1076
1 1756
5 906
5 456
5 1028
5 1055
5 342
5 875
5 1174
5 841
5 1624
5 123
5 966
5 484
5 94
5 858
5 751
5 1371
5 413
5 1021
5 866
5 548
5 452
5 1671
5 962
5 746
1 957
5 535
5 1382
5 1165
5 549
5 1
5 940
5 978
5 943
5 829
5 922
5 653
5 623
5 870
5 695
1 848
5 687
5 1324
5 364
5 208
1 681
5 924
5 1
5 397
5 955
5 1869
5 193
5 383
5 1156
5 515
5 1
5 671
5 473
5 1311
5 778
5 709
5 1213
5 895
5 773
5 1506
5 1208
5 861
5 558
5 1276
5 1641
5 580
5 1459
5 955
5 1489
5 922
5 1175
5 115
1 1218
5 1269
1 487
5 295
5 784
5 725
5 1
5 878
5 546
5 1176
5 780
5 780
5 778
5 1
5 1118
5 830
5 663
5 1424
5 1392
5 502
5 925
5 960
5 1047
5 752
1 790118
5 718
1 1362
5 597
5 932
5 788
5 943
5 1131
5 493
5 1420
5 651
5 806
5 527
1 278
5 116
5 963
5 1395
4 474
1 1042
5 872
5 791
5 1287
5 1274
5 1544
5 1002
5 1003
1 306
5 1057
5 416
1 515
5 1822
5 293
5 1095
5 145
5 1167
5 1436
5 684
5 1345
5 1023
5 1098
5 1101
5 255
5 618
5 845
1 660
5 1083
5 475
5 1230
5 1139
5 674
5 958
5 1143
5 1035
5 1111
5 505
5 953
5 335
5 915
5 864
5 1049
5 1600
5 131
5 1139
5 711
5 631
5 807
5 1198
5 987
5 1065
5 1034
5 1067
5 679
5 1117
5 98
5 1470
5 763
5 1262
5 688
5 1002
5 792
5 916
5 811
5 415
5 774
5 958
5 810
5 850
5 868
5 637
5 990
5 423
5 1414
5 1262
5 1393
5 401
5 849
5 722
1 1037
5 975
5 856
5 562
1 796
5 1
5 1060
5 542
5 425
5 632
5 719
5 569
5 935
5 463
5 184
5 121
5 1103
5 30
5 239
5 1978
5 1
5 862
5 1142
5 789
5 701
5 1256
5 1013
5 1521
1 886
1 555
5 84
5 1278
5 715
5 1505
5 844
5 732
5 459
5 967
5 1633
5 1530
5 1
5 922
5 644
5 201
5 1283
5 551
5 1510
5 1
5 966
5 595
1 1111
5 976
5 558
5 342
5 969
5 744
1 1537
5 935
5 912
5 1328
5 923
5 805
5 1
5 1155
5 523
5 1174
5 1178
5 1343
5 947
5 751
5 948
5 171
5 1371
1 1
5 1161
5 1191
5 1004
5 1001
5 526
5 1
5 472
5 794
5 84
5 846
5 1044
5 1293
5 995
5 423
5 920
5 1658
5 852
5 919
1 419
5 1181
1 763
5 425
5 470
5 1150
5 735
1 968
5 1
5 1293
5 837
5 1262
1 1266
5 572
5 1326
5 190
5 842
5 204
5 125
5 414
1 1026
5 891
5 1078
5 1002
5 459
5 1211
5 848
5 954
5 1259
5 1459
5 1423
3 9943
5 1077
5 568
5 656
5 467
5 975
5 1069
5 859
5 589
5 733
5 700
5 1306
1 1
5 1
5 722
5 1
5 1194
5 915
5 1111
5 961
5 1020
5 932
1 692
5 666
5 1
5 491
5 1242
5 1210
5 1219
5 1367
5 974
5 1027
5 1217
5 350
5 762
5 1779
5 904
5 689
5 700
5 860
1 1114
5 883
5 784
5 1992
5 36
5 249
5 624
5 180
5 1311
5 527
5 612
1 808
5 946
5 817
5 704
5 558
5 1528
5 1098
5 822
5 517
5 1372
5 659
1 817
5 1041
1 1173
5 1019
5 1
5 583
5 568
5 709
5 886
5 1228
5 1111
5 1095
5 314
5 1262
5 195
5 315
5 1439
5 578
5 272
5 1
5 761
5 282
5 1723
5 371
1 1549
5 846
5 454
5 476
5 905
5 1448
5 876
5 715
5 1
5 1506
5 1144
5 712
5 572
5 853
5 856
5 710
5 460
1 586
5 220
5 945
5 869
5 830
5 1541
5 938
5 477
1 670
5 843
5 1192
5 334
5 355
1 943
5 873
5 901
5 1306
5 518
5 417
5 1005
5 1095
5 1595
5 557
5 330
5 1045
5 1240
5 888
5 1191
5 619
5 1
5 352
5 734
5 1046
5 175
5 734
5 1012
1 460
5 850
5 543
1 811
5 554
5 233
5 849
5 921
5 350
5 1274
5 1126
5 895
5 659
5 774
5 617
5 975
5 791
5 717
5 1051
5 1125
5 780
5 1366
5 76
5 510
5 574
5 717
5 548
5 1
1 567
5 587
5 137
5 814
5 1030
5 778
5 1316
5 1029
5 641
5 586
5 1
5 761
5 1712
5 1208
5 257
5 730
5 416
5 780
5 1375
1 582
5 1201
5 708
1 504
5 755
5 1495
5 481
5 1472
5 1113
5 710
5 785
5 1106
5 1068
5 1811
5 713
5 961
1 912
5 423
5 1531
5 1466
5 619
5 1013
5 808
5 411
5 478
5 1886
5 122
5 1137
5 784
5 1185
5 428
1 1504
1 420
5 1550
5 771
5 995
5 342
5 465
5 1
5 570
5 1345
5 664
5 352
5 984
5 1099
5 837
5 753
5 573
5 1455
5 659
5 972
5 400
5 518
5 1044
5 872
5 1023
5 2128
5 1257
5 557
5 809
5 1304
5 1174
5 842
5 2158
5 547
5 1871
5 693
5 1182
5 900
5 586
5 584
5 829
5 906
1 938
5 970
5 770
5 277
5 478
5 635
1 194
5 840
5 134
5 993
5 786
1 745
5 1187
5 1372
1 381
5 1
5 1340
5 618
5 464
2 140321
5 238
5 697
5 7
5 223
5 803
5 547
5 781
5 1623
5 1711
5 469
5 94
5 1113
5 685
5 208
5 712
1 1066
5 851
5 804
5 926
5 383
5 200
5 1182
5 519
5 263
5 1477
5 946
5 569
5 891
5 663
5 848
5 951
5 883
5 995
5 1506
5 948
5 1341
5 1092
5 724703
5 1136
5 340
5 757
5 638
5 593
5 1407
5 473
5 1059
5 448
5 1110
5 588
5 514
5 726
5 744
5 119
5 367
5 401
1 911
1 36
5 1279
5 717
5 625
5 894
5 1404
5 410
5 1417
5 1235
5 1121
1 576
5 701
5 915
5 444
5 994
5 187
5 219
5 500
5 1160
5 1424
5 15
5 1144
5 899
5 790
5 1307
5 337
5 1260
5 917
5 1077
5 290
5 1108
5 1233
5 496
5 952
5 747
5 1184
5 670
5 339
5 829
1 1037
5 1412
5 579
5 811
5 789
1 865
5 253
5 675
5 1115
5 1
5 1011
5 852
5 398
3 1211
5 549
5 1702
5 1196
5 1951
5 819
1 699
5 613
5 805
5 1007
5 869
1 1003
5 688
5 756
5 868
1 1723
5 457
5 1042
5 62
5 1307
5 932
5 529
5 683
5 398
5 1188
5 222
5 1186
5 967
5 659
5 1
5 1582
5 1030
5 1039
5 763
1 545
5 978
5 708
5 980
5 992
5 602
5 910
5 1061
5 1281
1 876
5 813
1 367
5 305
5 1127
5 527
5 339
5 1018
5 1563
5 644
5 1168
5 1343
5 479
5 1279
5 201
5 505
5 1282
5 435
5 1000
5 211
5 1336
5 926
5 287
5 299
5 802
1 1043
5 1225
5 1255
5 1676
5 405
5 298
5 1049
5 1404
1 577
5 759
5 602
1 1217
5 817
5 732
5 479
5 877
5 897
5 615
5 978
5 246
5 667
5 1248
5 502
5 1500
5 1104
5 373
5 306
5 798
5 980
5 785
5 718
5 1499
5 932
5 265
5 873
5 1003
5 825
5 944
5 666
5 1805
5 963
5 1223
5 636
5 132
5 1566
1 1063
5 801
5 1313
5 929
5 14
5 505
5 740
5 1100
5 710
5 1511
5 757
5 1058
1 1044
5 827
5 918
5 805
5 799
5 878
5 1134
5 620
5 1271
5 648
5 1
5 824
5 251
5 862
5 910
5 744
5 1004
5 1320
5 444
5 1509
5 1360
5 588
5 535
5 669
5 55
5 1118
5 130
5 846
5 764
5 556
5 732
5 1123
5 714
5 623
5 1429
5 600
5 1
5 1166
5 992
5 344
1 1281
5 182
5 607
1 1389
5 1516
5 527
5 602
5 611
5 875
5 735
5 733
5 981
5 276
5 960
5 854
5 1027
5 827
5 603
5 554
5 795
5 784
5 1451
1 686
5 607
5 929
5 1194
5 1137
5 516
5 482
5 901
5 436
5 584
5 1115
5 1593
5 298
5 723
5 670
5 459
5 1
5 445
5 656
5 694
5 511
5 1286
5 654
5 1090
5 1683
5 538
5 494
5 1158
1 660
1 822
5 657
5 883
5 687
5 1059
5 1300
5 460
5 444
5 1170
5 431
5 378
5 1148
5 331
5 139
5 1264
5 648
5 188315
5 794
5 169
5 245
5 576
5 750
5 1413
1 839
5 1154
5 647
5 1421
5 766
5 604
5 1110
5 659
5 1
5 261
5 1
5 945
5 1004
5 1015
5 418
5 891
5 1
5 821
5 253
1 606
5 818
5 707
5 979
5 1518
1 691
5 511
5 1064
1 1836
5 656
5 652
5 1
5 1247
5 885
5 504
1 965
5 824
5 385
5 588
5 426
5 1346
5 961
5 755
5 254
5 785
5 27
5 642
5 413
5 691
5 706
5 1572
5 459
5 1659
5 888
5 1005
5 725
5 1190
5 1216
1 1152
5 971
5 1017
5 792
5 341
1 384
5 598
5 354
5 1351
5 559
5 495
5 221
5 176
5 200
5 776
5 1451
5 837
5 387
5 1689
5 16
5 1122
5 812
5 696
5 1240
5 926
5 838
5 1386
5 1465
5 1052
5 822
1 685
5 148
5 1169
5 645
5 741
5 1018
1 1227
5 673
5 916
5 1198
5 548
5 206
5 551
1 1023
5 1276
5 938
5 862
5 737
1 1031
5 1125
5 992
5 917
5 905
5 1270
5 1014
5 688
5 1114
5 1524
5 877
5 715
5 310
5 825
5 532
5 840
5 697
5 855
5 1462
1 657
5 1335
5 1067
5 1157
5 1
5 1108
5 268
5 335
1 989
5 1276
5 957
5 403
5 1393
5 1239
5 1266
5 1540
1 1181
5 698
5 1082
1 451
5 1092
5 253
5 560
5 1072
1 627
5 782
5 585
5 496
5 527
5 206
1 1332
5 609
5 718
5 886
5 163
5 754
5 489
1 563
5 429
5 1397
5 772
5 947
1 1729
5 1260
5 639
5 866
5 990
5 438
5 1089
5 1531
5 88
5 1300
5 980
5 1359
5 549
5 895
5 142
1 1203
5 336
5 863
5 787
5 1429
5 972
5 1462
1 1925
5 243
5 1177
5 1112
5 1
5 1017
5 714
5 1464
5 1143
5 1379
5 773
5 162
5 959
5 523
5 855
5 910
5 653
5 745
5 1013
5 756
5 643
5 307
5 994
5 409
5 1511
5 1122
5 1276
5 895
5 549
5 243
5 1054
5 982
5 729
5 868
5 890
1 953
5 1323
5 1090
5 430
5 516
5 464
5 1054
5 527
5 1889
5 618
5 324
5 950
5 489
5 597
5 1131
5 836
5 981
5 681
5 1025
5 813
5 409
5 864
1 642
5 1236
5 1350
5 282295
5 901
5 592
5 855
5 559
5 496
5 1046
5 444
5 955
5 437
5 1
5 1414
5 751
5 1399
5 630
5 1363
5 382
5 316
5 810
5 732
5 1
5 1025
5 726
5 570
5 1470
5 1197
5 577
5 846
5 789
5 501
5 381
5 656
5 704
5 720
5 1345
1 558
5 1175
5 760
5 1373
5 604
5 573
5 574
5 514
1 668
5 1345
5 309
5 554
5 838
5 1
5 894
5 903
5 1
5 55
5 1023
5 1117
5 625
5 1
5 539
5 1095
5 1030
5 699
5 972
5 826
5 700
5 775
5 1
5 532
5 960
5 1333
5 1310
5 697
5 735
5 620
5 944
5 321
5 1206
5 898
5 572
5 518
5 1057
5 720
5 390
5 1019
5 1096
5 904
5 579
5 1287
5 1312
5 670
5 411
5 1425
5 908
5 1306
5 452
5 388
5 638
5 347
5 729
5 415
5 440
5 568
5 1271
5 682
5 686
5 158
5 828
5 671
5 1177
5 1089
5 820
5 503
5 833
5 1277
5 37
5 953
5 887
5 825
5 784
5 957
5 1081
5 60
1 517
5 878
5 1151
5 1560
5 517
5 980
5 646
5 988
5 10
5 678
5 883
5 560
5 989
5 919
5 932
5 465
5 1228
5 835
5 1244
5 1034
5 1502
5 910
5 380
5 1942
5 1267
5 2
5 1134
5 549
1 1281
5 1203
5 249
5 1017
1 1293
5 1373
5 743
5 1307
5 1069
5 1009
5 640
5 523
1 491
1 638
5 439
5 1627
5 1261
5 898
5 569
5 1434
5 1549
5 500
5 1258
5 291
5 514
5 331
5 973
5 724
5 856
5 578
5 848
5 683
5 1452
5 1163
5 730
5 1535
5 621
5 888
5 461
5 638
5 506
1 578
5 1712
5 146
5 1460
5 1317
5 1149
5 664
5 1130
5 398
5 1031
5 1365
5 392
5 338
5 705
5 1273
5 843
5 1248
5 1525
5 1030
5 817
1 1
5 1657
5 946
5 1655
5 1628
5 1241
5 734
5 483
5 136
1 768
5 175
5 1121
5 1237
5 904
5 384
5 1007
5 432
5 698
5 1286
5 732
5 564
1 771
5 788
5 708
5 1033
5 290
5 934
5 1234
5 813
5 1467
5 1147
5 920
1 704
5 988
5 738
5 1139
5 663
5 927
5 1139
5 1410
5 766
5 590
1 707
5 607
5 1509
5 940
5 1161
1 1079
5 1193
5 1458
5 1297
5 293
5 1254
5 1141
5 1361
5 1371
5 1080
1 1113
5 1364
5 616
5 622
5 656
5 913
5 1068
5 1000
5 876
5 844
5 875
5 806
5 996
5 766
5 1279
5 423
5 703
5 1113
5 1017
5 129
5 686
5 845
5 505
5 1214
5 531
5 684
1 1273
5 976
5 970
1 635
5 137
5 752
5 1524
5 773
5 1
5 1
5 748
5 1867
1 687
5 1039
5 749
5 375
5 1116
5 807
5 1254
5 1305
5 1094
1 377
5 1155
4 284614
5 861
5 970
5 767
1 813
5 1202
5 563
5 984
5 1019
5 1587
5 1272
1 1184
5 488
5 1171
5 1326
5 1093
5 870
5 46
5 879
1 525
5 209
5 1551
5 66
5 601
5 210
5 830
5 750
1 764
5 921
5 649
5 646
5 216
5 482
5 506
5 1400
5 1035
5 119
5 106
5 1264
5 942
1 1061
5 790
5 441
5 334
5 752
1 802
5 687
5 405
5 1169
5 524
1 529
5 936
5 1293
5 924
5 672
5 798
5 1091
1 708771
5 657
5 590
1 1074
5 1244
5 79
5 1059
5 1240
5 829
5 251
5 241
5 1215
5 725
5 1359
5 2018
5 47
5 743
5 439
5 455
5 1
5 711
5 1412
5 158
5 848
5 744
5 321
5 1255
5 553
1 666
5 645
1 1070
5 724
1 1244
5 1136
5 1292
5 630
5 917
5 441
5 377
5 620
1 279
5 846
5 500
5 894
5 216524
5 537
5 118
5 1103
5 1123
5 458
5 1
5 226
5 345
5 457
5 747
5 476
5 350
5 1520
5 601
5 1330
5 362
5 915
5 592
5 846
5 494
5 690
5 1460
5 1438
5 1124
5 694
5 712
5 527
5 1376
5 81
5 998
5 701
5 1303
5 795
5 1923
5 869
5 1004
5 518
1 180
5 229
5 893
5 431
5 558
5 1323
5 439
5 1262
5 313
1 1230
5 775
5 1801
5 1548
5 869
5 401
5 728
5 678
5 694
5 1455
5 459
5 1183
5 997
5 799
5 1
5 628
5 737
5 1111
5 397
1 958
5 666
5 1073
1 196
5 480
5 991
5 87
5 1144
5 746
5 480
5 1116
5 915
5 264
1 1170
5 1158
5 1035
5 1218
5 1572
5 683
5 899
5 739
5 1260
5 492
5 546
1 706
5 1082
5 1111
5 936
5 762
5 1011
5 537
5 1340
1 513
5 789
5 494
5 601
5 982
5 414
5 1183
5 954
5 572
5 1135
5 426
5 592
5 1106
5 554
5 456
5 589
5 493
5 1019
5 707
5 1180
5 1031
5 1209
5 1011
5 990
1 124
1 1176
5 237
5 1159
5 1255
5 281
5 610
5 1008
5 582
5 792
5 712
5 736
5 1326
5 1266
5 1455
5 159
5 247
5 181
5 1080
5 858
5 217
1 651
5 1233
5 1287
5 1206
5 676
5 713
5 370
5 1595
5 615
5 732
5 395
1 1059
5 543
1 1410
5 648
5 723
5 1
1 542
5 1289
5 1360
5 1003
5 1055
1 1
5 681
5 1449
5 659
5 555
5 280
5 969
5 968
5 818
5 662
5 998
5 934
5 685
5 838
1 1
5 971
5 862
5 1318
5 539
5 779
5 666
1 583
5 1470
5 752
5 1138
5 937
5 968
5 142
5 659
5 623
5 1374
5 1191
5 596
5 1490
5 1580
5 524
5 567
5 747
1 1100
5 445
5 1716
5 936
5 1689
5 1193
5 599
5 326
5 1567
5 415
5 285
5 1
5 276
5 94
5 967
5 1047
5 465
5 907
5 1240
5 619
5 535
5 661
1 522
5 998
5 976
5 725
5 1198
5 1135
5 930
5 462
5 1291
5 1563
5 1155
5 1087
5 527
5 643
5 1156
5 641
5 969
5 44
5 320
5 842
5 1092
5 1100
5 49
5 319
5 1042
5 1392
5 1053
5 1265
5 616
5 1704
1 1
5 1275
1 934
5 1357
5 931
5 386
5 546
5 1048
5 13
5 956
5 676
5 973
5 886
5 1248
5 1102
5 230
1 734
5 548
5 774
5 744
5 375
5 1337
5 1284
1 1167
1 930
1 745
5 1625
5 1046
5 104
5 241
5 710
5 627
5 588
5 892
5 367
5 248
1 814
5 511
5 767
5 1249
5 1060
1 563
5 1272
5 46
5 622
5 1407
5 416
5 977
5 340
1 906
5 409
5 641
5 1460
5 1120
5 494
5 775
5 1082
5 209
5 464
5 469
5 322
5 1495
5 128
5 1341
5 1115
5 834
5 1533
5 387
5 1253
5 1
5 1376
1 330
5 227
5 851
5 808
1 1583
5 757
5 322
5 860
5 836
5 455
5 1154
5 975
1 498
5 625
5 512
5 556
5 1061
5 757
5 774
5 1
5 911
5 1114
5 946
5 405
5 695
5 642
5 657
5 1140
5 299
5 1160
5 808
5 419
5 398
5 1000
5 1380
5 1528
5 1128
1 825
5 1018
5 1013
5 422
5 143
5 380
5 727
5 421
5 423
5 661
5 952
5 829
5 1210
5 1085
5 1201
5 504
5 553
5 350
5 964
5 846
5 807
5 1052
5 1321
5 695
1 716
5 1034
5 1435
5 836
5 1235
5 743
5 1067
5 918
5 735
5 650
1 343
5 403
5 1344
5 1
5 729
5 902
5 1233
5 592
5 1
5 729
5 955
5 291
5 945
5 767
5 355
1 188
5 1226
5 659
5 792
5 400
5 1028
5 1059
5 1173
5 450
5 834
5 1335
5 727
5 1583
1 1472
5 807
5 963
5 736
5 412
5 1208
5 894
5 921
5 806
1 969
5 1070
5 843
1 399
5 881
5 511
5 401
1 640
5 1062
5 282
5 751
5 1216
1 550
5 571
1 914
5 995
5 1102
5 228
5 630
5 935
5 533
5 393
5 930
5 696
5 951
5 855
5 990
5 999
5 185
1 1257
5 952
5 890
5 230
5 792
5 1051
5 1225
5 967
5 1139
5 385
5 1033
1 1002
5 681
1 542
5 1158
5 6
5 732
1 1005
5 1115
5 1031
5 486
5 1142
5 1280
5 612
5 1145
5 1285
5 1154
5 1319
5 89
5 1442
5 624
5 935
5 972
5 1164
5 310
5 1020
5 742
5 421
5 808
5 978
5 899
5 733
5 727
5 1013
5 16
5 1177
5 180
5 1604
5 344
5 361
5 570
1 881
5 599
5 1370
5 355
5 854
1 999
1 559
5 1015
5 455
5 990
5 407
5 590
1 1088
5 1588
5 570
5 721
5 1446
5 238
5 1001
5 934
5 1
5 1316
5 1169
5 396
5 912
5 797
5 594
5 963
5 82
5 423
5 24
5 673
5 647
5 1098
5 198
5 895
5 659
1 749
5 1519
1 992
5 709
5 530
5 611
5 1083
5 1142
5 698
5 469
1 1150
5 1055
5 1349
5 1
5 1054
5 739
5 642
5 939
5 1281
5 414
1 844
5 228
5 1006
5 653
5 1326
1 1007
1 961
5 516
5 608
5 891
1 925
5 993
5 352
5 1063
5 725
5 557
5 1355
5 1203
1 1
1 413
5 866
5 734
5 946
5 773
5 877
5 1410
5 740
5 1387
1 1255
5 1650
1 162
5 1211
5 602
5 982
5 417
5 943
5 841
5 1581
5 898
5 552
3 246827
5 973
5 713
5 466
5 873
5 1086
5 1023
5 1014
5 1613
5 364
5 1441
5 1097
5 912
5 578
5 223
1 1295
5 1114
5 630
5 149
5 639
5 1190
5 1098
5 625
5 975
5 822
5 1346
5 866
5 83
5 1
5 1172
5 606
5 1400
5 677
5 1181
5 458
5 1154
5 787
5 741
5 463
5 1147
5 924
5 304
5 388
5 1624
1 382
5 1157
1 1
5 382
5 762
5 668
5 1
1 729
5 1032
5 1822
5 125
5 1271
5 1170
5 1091
5 796
5 775
5 1370
5 911
5 738
5 1094
5 461
5 271
5 569
5 1032
5 572
1 917
5 943
5 652
5 801
5 1021
3 64077
5 1122
5 1043
5 1010
5 886
5 919
5 963
5 419
5 587
5 1200
5 1056
5 528
5 930
5 1129
5 862
5 1411
1 511
5 951
5 825
5 895
5 291
5 468
1 928
5 485
5 781
5 346
5 1018
5 254
5 1106
5 1187
5 295
5 522
5 1087
5 797
5 441
5 550
5 1175
5 1083
5 610
5 860
5 247
5 719
5 257
5 1024
5 813
5 960
5 271
5 1121
5 611
5 561
5 382
5 1201
5 1149
5 1137
5 1295
1 526
5 1504
5 507
5 1074
5 1101
1 757
5 593
5 1050
5 758
5 780
5 760
5 1361
5 828
5 704
1 70
5 903
1 229
5 197
5 739
5 545
5 673
5 926
5 474
5 1283
5 793
5 848
5 1
5 1028
5 503
5 1367
5 521
3 965570
5 1
5 929
5 1570
5 54
5 1
1 1618
1 961
5 388
5 1187
1 1059
5 1411
5 684
5 620
5 739
5 882
5 792
5 549
5 188
1 1272
5 1142
5 768
5 1406
5 326
5 614
5 1159
5 1194
5 903
5 1023
5 1085
5 920
5 519
5 379
5 1443
5 341
5 1480
5 608
5 979
5 1773
5 1012
5 967
5 1059
5 675
5 1270
1 1337
5 825
5 742
5 1685
5 150
5 1053
5 1277
5 816
1 416
5 803
1 424
5 618
5 438
5 1084
5 535
5 1456
5 1034
5 1308
5 940
5 1068
5 1124
5 201
1 843
5 787
5 734
5 1380
5 1185
5 855
5 1555
5 565
5 1387
5 586
1 999
5 868
5 412
5 703
5 182
1 662
1 1590
5 1230
5 1314
5 1158
5 1648
5 1121
5 1087
5 1900
5 890
5 1169
5 1400
5 932
5 1270
5 1232
5 371
5 1200
5 699
5 1
5 691
5 467
5 230
5 1378
5 853
5 1
5 1366
1 549
5 805
5 847
5 584
5 693
5 994
5 845
5 515
5 626
1 1360
5 282
5 1295
5 852
5 14
5 1133
5 900
5 358
5 776
5 715
5 424
5 860
5 978
5 1
5 858
5 1604
5 161
5 656
5 510
5 1266
5 756
5 803
5 1016
5 1083
5 95
5 1251
5 439
5 395
5 959
5 1159
5 914
5 902
5 436
5 1017
5 830
5 1127
5 569
5 144
5 996
5 123
5 632
1 1537
1 992
5 576
5 29
5 713
5 253
5 1
5 947
5 480
5 1006
5 898
5 118
5 1415
5 559
5 748
5 1177
5 956
5 1050
5 723
5 1416
5 1102
5 849
5 651
5 753
5 985
5 56
5 1212
5 1
5 312
5 863
5 1156
5 858
5 1160
5 392
5 693
5 472
5 907
5 650
5 863
1 1196
5 783
5 519
1 807
5 1001
5 903
5 530
5 933
5 242
5 785
5 972
5 1185
5 1422
5 945
5 1122
5 681
5 14
5 365
5 701
5 1292
5 796
5 493
5 485
5 871
5 1010
5 570
5 1184
1 404
5 875
5 610
5 887
5 316
5 1225
5 1373
5 1025
5 273
2 138703
5 510
5 1104
5 719
5 1
5 757
5 1423
5 1087
5 1245
5 1020
5 1631
5 742
5 822
5 636
5 1029
5 957
5 1323
5 240
5 673
1 711
1 1026
5 972
5 307
1 1
5 832
5 88
5 54
5 196
5 1
5 831
5 1298
5 288
5 922
5 475
5 957
5 679
5 1117
5 1143
5 933
5 623
1 1276
5 1071
5 425
5 543
5 848
5 1113
5 892
5 811
5 703
5 737
5 548
5 338
5 1239
5 763
5 1324
5 367
5 280
5 697
5 1196
5 271
5 1213
5 1301
5 1178
5 1083
5 1177
2 890132
5 536
1 1307
5 1665
5 178
5 1621
5 758
1 1016
5 698
5 555
5 874
5 397
5 848
5 570
5 584
1 1184
5 1020
5 1
5 399
5 954
5 682
5 359
1 606
5 921
4 470792
1 679
5 657
5 1208
5 182
5 1175
5 236
5 1211
1 385
5 150
5 525
5 829
5 1239
5 297
5 935
5 1
5 1635
5 532
5 1
5 344
5 380
5 1293
5 783
1 700
5 349
5 1233
5 750
5 779
5 492
1 910
5 331
5 446
5 1327
5 1492
5 957
5 454
5 1446
5 645
5 440
5 894
5 1476
5 566
5 719
5 1454
5 642
5 976
5 798
5 1033
1 1199
1 1060
1 330
5 1
5 586
5 988
5 779
5 791
5 361
5 743
5 1280
5 1103
5 542
5 674
5 608
5 1
5 780
5 745
5 602
1 506
1 234
5 355
5 59
5 602
5 655
5 1321
5 967
5 555
5 255
5 1037
5 1074
5 1
5 1331
5 362
5 709
5 737
5 1038
5 305
5 910
5 64
1 810
5 716
5 1920
5 924
5 968
5 1030
5 1005
5 493
5 1504
5 824
5 166
5 1167
5 596
5 676
5 825
5 924
5 544
1 756
5 1243
5 802
5 922
5 764
5 472
5 734
5 261
5 252
5 554
5 104
5 772
5 327
5 839
5 729
5 1311
5 884
5 1324
5 956
5 847
5 1213
5 728
5 665
5 1130
5 1221
5 1
5 691
5 1185
5 823
5 527
1 1141
5 1138
5 941
5 690
5 1001
5 1551
5 1115
5 1146
5 814
5 375
5 1394
5 1353
5 768
5 465
5 751
5 1
1 1095
1 1
1 926
5 1314
5 1211
5 965
5 849
1 642
5 1170
5 751
5 932
5 485
1 606
5 1071
5 1536
5 1367
5 967
5 413
5 376
5 1
5 405
5 768
5 1247
5 1006
5 1159
5 602
5 1048
5 1523
5 1396
5 1006
5 1123
5 328
5 1264
5 718
1 613
5 764
5 1695
5 1207
5 1072
5 620
5 494
5 820
5 583
5 1177
5 955
5 1463
5 1117
5 901
5 668
5 880
5 1546
5 924
5 721
5 566
5 823
5 434
5 1532
5 910
5 623
5 416
5 962
1 755
5 1049
5 1121
5 5
1 435
5 920
5 1232
5 435
5 1050
1 627
5 937
1 861
1 605
5 1212
5 419
5 1326
5 1247
5 1076
5 1998
5 1546
5 812
5 1001
5 713
5 647
5 803
5 1375
1 995
5 859
5 1118
5 670
5 1357
5 937
5 1089
5 932
5 1003
1 676
5 449
5 760
5 407
5 753
5 589
5 911
5 1031
1 1078
5 235
5 235
5 221
5 629
5 472
5 646
5 235
5 997
1 1933
5 74
5 951
5 920
5 357
5 677
5 966
1 551
5 508
5 1024
5 1163
5 893
5 1230
5 297
5 639
5 505
5 473
5 879
5 1204
5 331
5 1
5 974
5 1216
1 925
1 1024
1 1352
5 876
5 716
1 56
5 1276
5 549
5 628
5 497
5 926
5 1679
5 646
5 765
5 977
5 1
5 963
5 1378
5 1124
5 932
5 1115
1 1409
1 342
5 671
5 324
5 772
5 1097
5 228
1 494
5 1170
5 827
5 397
5 1499
5 711
5 15
5 1083
1 668
5 26
5 1739
5 777
5 320
5 864
5 575
5 1110
5 619
5 950
5 541
5 1060
5 1360
5 1371
5 1313
5 525
5 829
5 653
5 1123
1 1
5 2136
5 1061
5 617
5 1257
5 1069
5 506
5 1023
5 650
5 593
5 876
5 842
5 688
5 724
5 603
5 1088
5 723
5 471
5 949
5 501
5 285
5 504
5 431
5 461
5 1035
5 540
5 981
1 664
5 746
5 1524
5 134
5 280
5 703
5 1165
5 1073
5 1627
5 1272
5 856
5 490
5 919
5 230
5 660
5 945
5 829
5 778
5 963
5 1244
5 312
5 1506
5 843
5 901
5 1401
5 564
5 764
5 767
5 765
5 416
5 731
1 899
5 795
5 206
5 1023
5 726
5 694
1 465
5 982
5 1600
5 1492
5 965
5 792
5 789
5 466
5 281
5 1427
5 1078
5 1621
5 926
5 732
5 676
5 784
5 1361
5 336
5 645
5 285
5 1027
5 1265
5 703184
5 906
5 863
5 581
5 1007
1 1288
1 992
5 807
5 1259
5 154
5 477
5 1289
5 209
5 951
5 510
1 223
5 880
5 1116
1 675
1 887
5 1035
5 1766
5 609
5 1076
1 453
5 163
5 418
5 990
5 520
1 189
5 149
5 428
5 144
5 1054
5 459
5 1727
5 341
5 607
5 1052
5 1140
5 1173
5 914
5 106
5 567
5 1086
5 693
5 422
5 624
5 856
5 790
5 915
5 569
1 692
5 429
5 353
5 703
5 1126
5 428
5 327
5 478
5 956
5 782
5 453
5 1082
5 1113
1 730
5 1076
1 573
1 247
5 646
5 829
5 577
5 1718
5 831
1 1
5 155
5 714
5 1180
5 1099
5 1429
5 1180
5 1402
1 720
5 656
5 1079
5 688
5 1258
5 607
5 1390
5 1024
5 239
5 732
5 702
5 128
5 552
5 643
5 367
5 917
5 383
5 1221
5 896
5 910
5 849
5 610
5 1411
5 265
5 869
5 830
1 1309
5 940
5 448
5 991
5 702
5 468
5 801
5 30
5 303
5 864
1 1160
5 1411
5 543
5 889
1 1550
5 945
1 581
5 806
5 219
5 913
5 872
5 526
5 138
5 1017
5 1
5 1046
5 534
5 1425
5 1659
5 602
5 321
5 893
5 835
5 861
5 646
5 1
5 796
5 419
5 744
5 519
5 792
5 485
5 904
5 286
5 378
5 939
1 1308
5 1293
5 904
5 1265
5 1512
5 532
5 786
5 1596
5 508
5 118
5 787
5 742
5 501
5 714
5 868
5 1540
5 755
5 137
5 650
5 523
5 331
5 770
5 427
5 890
5 1407
5 856
5 884
5 1921
5 1
5 543
5 1104
5 876
5 1691
5 481
5 1441
5 928
5 1004
5 480
5 599
5 443
1 125
5 493
5 454
5 1288
1 720
5 604
5 1347
5 1348
5 593
5 850
5 606
5 570
5 737
5 1
5 578
5 813
5 900
5 1154
5 925
5 576
1 791
5 528
5 339
5 1851
5 621
1 561
5 620
5 342
5 886
5 1537
5 915
5 808
5 447
5 1114
5 495
5 744
5 1209
1 408
5 951
5 654
1 408
5 379
5 1209
5 1188
5 1155
5 836
5 1103
5 925
5 368
5 586
5 1
5 1124
5 511
5 675
1 1320
5 405
5 1146
5 904
5 863
5 455
5 631
5 791
5 1
5 1445
5 968
5 1063
5 606
5 822
5 420
5 902
5 337
5 618
5 882
5 681
5 948
5 195
5 786
5 302
5 374
5 948
1 1114
5 1263
5 525
5 852
1 1269
5 1336
5 675
5 1407
5 424
5 56
5 1024
5 1303
5 1
5 391
5 597
5 942
5 1010
5 563765
5 740
5 860
5 648
5 1695
5 1249
5 1195
5 1023
5 1
5 783
5 763
5 1386
5 479
1 476
5 867
5 299
5 1449
5 678
5 807
1 1043
5 980
5 1542
1 776
5 1157
5 881
5 236
5 341
5 1069
5 804
5 338
1 1240
5 873
5 1209
5 874
5 1002
5 1568
5 1334
5 612
5 154
5 95
1 565
5 388
5 1323
5 281
5 129
5 381
5 584
5 550
5 500
5 93
5 1015
5 264
1 981
5 355
5 1
5 780
5 982
5 588
5 889
5 805
5 1412
5 155
5 754
5 530
5 1087
5 652
5 1
5 1218
5 1705
5 1129
5 1866
5 595
5 1264
5 725
5 1455
5 1027
5 985
5 1494
5 928
5 1249
5 105
5 1044
5 815
1 830
5 1172
5 650
5 1151
5 825
5 631
5 1083
5 1152
5 899
5 1
5 1005
5 1120
5 1125
5 131
1 571
5 706
5 1053
5 1
5 1030
5 1144
5 576
5 1034
5 117
5 1385
5 765
5 674
5 809
5 949
5 528
5 1164
5 981
1 735
5 687
5 533
5 1067
5 356
5 683
5 1012
1 376
5 329
5 940
5 541
5 1
5 1014
5 696
5 682
5 1045
5 426
5 770
5 1
5 520
1 1018
5 464
5 848
1 488
5 725
5 400
5 1402
5 858
5 832
5 871
5 440
5 1
5 995
5 925
5 330
5 43
5 807
5 1429
5 444
5 395
5 127
5 1321
5 1118
5 548
5 1
5 517
5 199
5 265
5 987
5 638
5 677
5 864
1 407
5 1349
5 1181
5 778
5 1048
5 707
5 976
5 675
5 865
5 881
5 825
5 692
5 577
5 276
1 364
5 846
1 930
5 464
5 1355
5 317
1 562
5 425
5 61
5 65
5 1285
5 660
5 338
5 1130
5 759
5 932
5 138
5 681
5 80
5 1
5 603
5 632
5 626
5 779
5 1
5 746
5 917
5 750
5 998
5 372
1 1198
5 754
5 670
5 1063
5 870
5 960
5 1051
5 283
5 870
5 940
5 1187
5 908
5 1
5 1272
5 660
5 77
5 1338
5 642
5 873
1 1115
5 406
5 817
5 473
5 1
5 810
5 1164
5 955
5 819
5 1824
5 747
5 547
5 1
5 668
5 435
1 1866
5 897
5 1066
5 792
5 927
5 193
5 1160
5 1207
5 897
5 532
5 1303
5 455
5 622
5 946
5 679
1 1690
5 981
5 1036
5 639
5 1137
5 495
5 1587
5 1375
5 1380
5 647
5 1080
5 703
5 510
5 121
5 1049
5 908
5 990
5 292
5 810
5 122
5 615
1 476
5 628
1 556
5 646
5 640
5 702
5 1211
5 1179
5 1618
5 503
5 770
5 100
5 814
5 988
5 1069
5 960
5 981
5 1287
1 1006
5 1243
5 542
5 1111
5 700
5 1346
5 964
5 768
5 1910
1 642
5 969
5 503
1 754
5 420
5 512
5 1029
5 1171
5 827
5 537
5 104
5 410
5 473
5 974
1 143
5 465
5 872
5 322
1 739
5 1991
5 958
5 1520
5 1275
1 515
5 648
5 268
5 642
5 898
5 1427
1 412
1 965
5 1641
5 395
5 836
5 752
5 1620
5 1329
5 1225
5 1143
5 605
1 1444
5 957
5 801
5 516
1 979
5 644
5 596
5 1178
5 914
5 309
5 37
5 1024
5 1113
5 718
5 943
5 706
5 699
5 1149
5 1567
5 547
5 977
5 122
5 531
5 1366
5 1
5 1139
5 1355
5 1427
5 711
5 1525
1 331
5 464
1 770
4 165780
5 1043
5 743
5 464
5 1249
5 486
5 746
5 646
5 1470
5 1188
5 1123
5 1000
5 1216
5 441
5 912
5 1084
5 637
5 1007
5 664
5 1053
5 329
5 1357
1 909
5 1254
5 822
5 1203
5 871
5 1111
1 485
5 1
5 1096
5 804
5 814
5 271
5 494
5 681
5 1248
5 396
5 1429
5 1575
5 537
5 1386
5 614
1 672
5 935
5 1089
1 1589
1 486
5 1507
5 842
5 984
5 259
5 1368
1 1072
1 1
5 856
5 640
5 557
5 809
5 627
5 1161
5 1219
5 546
5 660
5 1269
5 1293
5 1023
5 1395
5 1906
5 1200
5 455
5 595
5 1046
5 713
5 1172
5 414
5 1322
5 1080
5 337
5 823
5 931
5 860
5 388
5 706
5 822
5 675
5 8
5 881
5 1472
5 143
5 1070
5 701
5 134
5 552
5 311
1 908
5 752
5 835
5 644
5 1056
5 837
5 1144
5 910
5 701
5 765
5 1350
5 346
5 947
5 483
5 782
5 1
5 1241
5 712
5 474
5 487
5 594
1 390
5 570
5 177
5 1062
5 493
5 723
5 1059
5 776
5 1139
5 900
5 1304
5 675
5 861
5 77
5 734
5 398
5 958
5 716
1 1179
5 1120
5 56
5 755
5 1007
5 413
5 882
5 1209
5 1293
5 736
5 1177
5 786
5 443
5 981
5 434
5 737
5 1170
5 660
1 325
5 1097
5 1934
5 473
5 694
5 942
5 872
5 703
5 1118
5 732
5 1373
5 832
5 477
5 957
5 145
5 445
5 247
5 1127
5 1231
1 1079
5 606
5 794
5 1
5 863
5 735
5 566
5 1379
5 1270
5 1446
5 954
5 1181
5 45
5 1176
5 983
5 1070
5 991
5 561
5 1003
5 898
5 1388
1 515
1 860
5 1297
5 208
1 1236
5 1
5 969
5 1105
5 483
5 1346
5 1327
5 642
5 1087
1 1591
5 1025
5 1
5 566
5 625
5 1731
5 1026
5 234
5 307
1 453
5 562
5 1526
5 303
5 667
5 771
5 1128
1 844
5 62
5 565
5 338
5 1202
5 1320
5 886
5 1389
5 1221
5 980
5 759
5 586
5 307
5 792
1 987
5 953
5 1
5 407
5 26
5 245
5 400
5 1248
5 699
5 466
5 504
5 519
5 1296
5 1150
1 770
5 381
1 887
5 917
5 950
5 432
5 788
5 1009
5 345
5 920
5 1022
5 1702
5 1362
5 551
5 505
1 1067
5 796
5 984
5 280
5 1
5 375
5 1219
5 63
5 934
1 696
5 980
5 691
5 906
5 1144
1 258
5 619
5 1
1 1461
5 864
5 665
5 613
5 445
5 539
5 712
5 598
5 86
5 1303
5 518
5 774
5 1062
5 681
5 1098
5 1313
1 512
5 945
5 787
5 296
5 342
5 1
5 1065
5 680
5 1062
5 677
5 1422
1 1349
5 822
5 623
1 24
5 1190
5 797
5 735
5 647
5 515
5 653
5 1534
5 1185
5 782
5 503
5 1019
5 307
5 350
5 821
5 457
5 369
1 1314
5 747
5 247
5 400
5 1
5 710
5 773
5 490
5 489
5 354
5 1129
5 1417
5 813
5 385
5 1274
5 613
5 812
5 1026
5 1232
5 316
5 1325
5 1192
5 723
5 1086
5 1296
5 1070
1 1036
5 1419
5 953
5 885
5 1104
5 453
5 852
3 957
5 818
1 643
5 185
5 726
5 485
5 770
5 981
5 1325
5 625
5 708
5 1039
5 558
5 1011
1 1136
5 687
5 1251
5 431
5 794
5 1684
5 699
5 1822
5 895
5 332
1 567
5 785
5 333
5 1267
5 499
5 642
1 780
5 710
1 931
5 1036
5 1191
5 342
5 515
5 924
1 1291
1 756
5 551
5 1331
5 911
5 1283
5 170
5 1014
5 1624
5 620
5 1118
5 605
5 518
5 1068
5 1208
5 1460
1 1007
5 1003
5 910
5 1257
5 448
5 522
5 305
5 817
5 1175
5 253
5 598
5 1341
5 1298
5 1472
5 532
5 1216
5 857
5 606
5 720
5 946
5 170
5 200
1 1169
5 258
5 974
5 586
5 409
5 1249
5 1330
5 1652
1 148
5 805
1 407
5 1544
5 534
5 1064
5 1195
5 1584
5 1037
5 1841
5 1846
5 532
5 1363
5 850
1 556
5 974
5 631
1 751
5 910
5 1269
5 1051
5 849
5 745
5 1373
5 1147
5 598
5 1148
5 155
5 1
5 1009
5 1618
5 375
5 1020
5 52
5 788
5 1036
5 321
5 1008
5 770
5 813
5 514
5 886
5 1164
5 1166
5 944
1 525
5 847
5 1516
5 547
5 1189
5 1473
5 825
1 2156
5 995
5 963
5 756
5 1074
5 663
5 709
5 1180
5 563
5 681
5 704
1 107
5 1164
5 375
5 744
5 1545
5 1346
5 1085
5 1349
5 223
5 957
5 1173
5 282
5 1338
1 469
5 734
5 427
1 129327
5 1111
5 955
5 692
5 541
5 618
5 771
5 891
1 1128
5 921
5 552
5 1210
5 343
5 1136
5 1060
5 390
5 246
5 671
5 94
5 220
1 1300
5 781
5 1934
3 750690
5 368
5 760
5 1027
5 923
5 875
5 611
5 1018
5 552
5 703
5 1119
5 770
5 1
5 604
5 867
5 1161
5 775
5 576
5 831
5 613
5 315
5 936
5 741
5 328
5 1208
5 430
5 675
5 153
1 1084
5 1
1 1030
5 638
5 589
5 762
5 1098
1 1205
5 803
5 1012
5 78
5 739
5 244
5 967
1 470
5 1506
5 1426
5 1
5 1022
5 517
5 847
5 1273
1 517
5 453
5 1091
5 567
5 719
5 1247
5 960
5 1208
5 906
5 925
5 1096
5 837
5 983
1 659
5 625
5 625
5 320
5 679
5 455
5 225
1 708
5 647
5 1219
1 398
5 759
5 305
5 1394
5 763
5 1104
5 884
5 749
5 1006
5 253
5 895
5 1125
5 525
5 873
1 974
5 1119
5 2257
5 443
5 488
1 848
5 386
5 1043
5 545
5 801
5 552
5 1153
5 930
5 401
5 732
5 855
5 365
5 496
5 1302
5 384
5 1152
5 836
5 1227
5 671
1 491
5 932
1 1002
5 1423
5 1581
5 174
5 973
5 777
5 898
5 387
5 1040
5 901
5 879
5 241
5 721
5 840
5 456
5 594
5 890
5 413
5 1054
5 972
5 333
5 305
5 533
5 616
5 1450
5 686
5 978
5 1060
5 721
5 656
5 489
5 1057
5 1715
5 538
5 965
5 502
5 1524
5 585
5 1543
5 498
5 936
5 661
5 945
5 526
5 1044
5 1007
5 444
5 1419
5 1016
5 459
5 1106
5 323
5 1564
5 301
5 96
5 989
5 1
5 1012
5 1266
5 1182
5 2059
5 1887
5 65
1 992
5 1163
5 908
5 876
1 823
5 955
5 1126
5 525
5 1000
5 400
5 435
5 716
5 852
5 233
5 908
5 1
5 711
5 983
1 692
5 935
5 741
5 1015
5 390
5 1076
5 150
5 275
5 1573
5 987
5 1023
5 1223
5 1237
5 401
5 608
5 769
1 1338
5 1537
1 1225
5 718
5 324
5 532
1 975
5 987
5 1187
1 486
5 882
5 771
5 738
5 76
5 789
5 637
5 235
5 642
5 585
