5000 1000000
1 570371
2 379450
4 57911
1 504195
4 177342
3 65493
3 160752
2 798943
3 520866
4 251674
3 883966
1 933740
3 154041
2 438904
2 596049
1 268622
1 175164
2 731101
3 104521
3 396639
2 942701
1 17444
1 536229
4 292340
1 450185
4 312322
3 957406
3 37079
4 99748
2 455463
4 174139
2 920715
4 61632
1 95751
2 379985
4 616203
3 563312
4 706543
3 323715
4 404021
1 535263
1 952085
4 392995
4 781427
3 795108
3 257366
3 444544
4 735965
3 835539
2 108730
2 253440
4 732039
1 547444
4 998315
4 330779
4 284381
1 326344
1 498890
1 929536
1 872067
3 165069
2 269996
4 909772
1 637238
2 64573
4 391887
2 970293
4 484860
2 916304
4 499625
4 264301
3 599026
1 264085
1 959529
2 30166
2 787339
1 862417
3 19699
4 721550
4 25447
3 153383
2 920322
3 655372
1 608366
4 275426
3 419732
4 775461
2 365984
4 432471
2 584733
2 623281
3 721724
4 425450
4 782324
3 517949
3 553425
1 246914
4 600347
4 27704
3 793780
3 752799
2 644750
1 489558
2 512557
1 164942
2 162899
3 410929
4 260951
1 95668
2 185479
3 312557
2 762225
3 269278
4 180329
4 644585
4 9884
2 261464
2 835196
4 583880
1 861843
4 548817
3 13915
1 111949
1 444425
1 883135
4 328829
4 829218
3 264919
3 586126
3 129894
3 356989
4 770352
4 217680
2 501241
4 75999
4 783358
4 145972
4 170066
1 7547
2 659385
3 22883
1 153526
1 688387
2 810838
1 881696
1 836566
2 975376
3 64549
3 138375
1 704452
1 298800
3 195146
2 138392
1 12146
1 751761
3 230899
4 19870
4 938420
3 884554
2 771549
1 52433
4 427759
1 78462
3 619451
1 493530
1 832902
4 600562
2 836266
3 132823
1 176735
3 871652
3 421576
2 116844
1 42850
3 292433
1 199506
4 123907
1 646158
4 289452
2 205980
1 555799
3 754801
2 44502
3 475531
3 251368
4 473524
1 285450
2 243833
2 765490
4 282898
4 768865
2 646003
2 794259
4 238668
3 631486
3 808275
3 256173
2 112923
4 29921
1 180199
1 880823
4 419925
2 292151
2 841168
4 280934
1 30802
2 49474
3 98722
3 595539
2 995282
2 593541
2 686000
2 912181
4 152171
4 902413
2 280938
3 354108
2 867127
4 336724
4 400638
3 735952
1 171258
4 568559
4 584372
1 594737
3 108684
2 931829
1 223935
3 95902
2 584790
3 946376
2 472454
3 726981
2 793975
3 177651
1 276117
2 983758
3 99616
1 100768
4 791073
3 117931
1 185667
4 835771
3 245437
2 617014
1 636356
4 704951
3 859801
4 797487
1 483694
1 797972
1 605075
1 619697
2 236096
1 977509
1 577363
2 300062
2 224560
1 405428
3 456167
3 536569
1 999287
3 578284
2 369345
2 409402
1 33498
4 914700
4 476539
2 957524
2 525768
1 344273
4 561751
2 785482
2 989262
3 691847
1 678644
1 532756
2 290450
2 454773
2 759344
3 690913
3 497707
3 254349
4 906134
2 245917
1 248003
1 294953
1 488153
2 615658
4 186121
2 313646
2 502281
4 596979
4 217143
3 434097
2 786231
2 865674
2 474249
4 480677
2 404176
1 577440
4 103285
4 388461
4 612452
2 433031
1 615910
3 216161
2 193744
4 700485
1 57589
2 347090
3 578882
3 974824
2 466679
3 11033
3 418992
1 82895
4 158428
3 481
1 546930
3 54560
2 625131
4 914015
3 289317
4 933399
3 432878
4 666286
3 883287
1 650072
4 392881
4 361493
2 958551
1 434853
1 251881
2 961900
2 434948
4 179570
2 293656
3 36943
2 764626
4 939253
4 501342
2 551138
2 594852
4 996625
2 816414
2 215465
4 466592
2 89463
3 19607
2 894680
2 792087
4 864439
2 584949
4 669471
4 49951
1 58843
1 904393
4 991395
1 359901
4 71685
1 14496
4 683953
3 383257
1 708575
2 632083
1 596829
2 378223
2 78472
2 808676
4 580417
3 567158
3 794346
2 706093
4 566815
4 403264
4 60880
2 828313
1 159598
3 132160
4 789865
3 816299
3 102529
4 547040
2 231583
4 257123
4 560474
4 100254
3 696557
1 636254
4 870694
1 891493
2 708827
3 186477
1 468943
4 854831
4 83325
2 92296
1 803
4 188849
2 863914
3 288218
4 777478
1 869426
2 97952
2 756005
4 946985
2 415354
4 971527
1 984797
2 105991
1 397000
1 911562
4 89761
1 557957
3 361743
3 413433
3 7221
4 364286
4 989005
1 336464
3 488529
1 394649
3 287590
1 785798
4 761131
3 411367
2 6736
3 349886
3 414243
2 545810
2 787484
1 396556
3 203118
2 572266
2 880333
3 844805
2 551715
3 778815
1 13298
4 579021
2 703373
1 343411
3 315152
4 609080
4 174533
1 456347
1 185629
4 39927
3 850892
2 449156
3 499785
2 514438
3 435666
4 538138
1 318871
2 210352
2 798071
1 28871
4 662647
3 896064
3 552279
1 222435
1 652851
2 148482
3 518086
4 302465
2 816862
3 541306
2 81328
3 550584
3 776268
2 949412
4 949212
4 314981
2 353723
4 685638
3 171497
4 288563
1 932304
2 303026
2 309148
1 338933
4 989247
3 719869
4 393580
3 120830
3 815610
3 738149
3 259910
1 70797
1 707764
3 673956
1 491663
1 563827
4 544078
3 52674
4 794716
3 792302
3 911831
3 56011
4 157469
3 290142
1 526734
3 703564
1 117882
1 783506
4 633145
3 473340
4 272075
2 467910
2 975417
2 229823
4 575084
4 673603
3 19818
4 872940
3 791982
2 325176
4 17413
4 729542
1 375488
2 803353
4 345796
1 175419
4 174388
3 820664
1 908699
4 495468
3 885005
4 965762
4 34679
4 234300
4 778160
4 5731
2 404528
3 285113
2 145209
2 311931
4 557324
2 336044
4 4798
4 628161
2 643133
2 862909
1 911501
4 933523
2 414072
3 810890
4 575818
4 66723
4 966829
2 689723
2 726117
3 766040
1 756887
1 639208
1 940608
3 463610
4 914948
4 728190
2 149156
4 264711
4 668622
2 516122
4 336884
4 432452
4 903603
1 469412
4 516670
2 328452
1 90882
2 418624
3 522709
2 701270
4 596063
1 487651
4 132360
4 604208
4 791982
4 819284
3 967994
4 552005
4 832568
3 15137
4 171601
3 608590
4 713317
2 125940
1 616547
4 520294
3 224876
4 917610
1 362765
1 372856
2 119671
4 70713
1 55338
4 420473
3 574882
4 478404
2 661934
1 952357
1 122852
2 281063
2 125627
2 613111
3 777063
3 469310
3 279768
3 532787
4 497777
3 894577
2 228324
3 857615
1 806712
3 977213
3 862255
2 382485
2 968951
3 190299
4 140200
3 761297
3 470080
1 695262
2 321289
1 283884
1 251380
1 280527
1 191897
3 726031
1 263146
2 987119
4 714454
3 961795
1 980551
2 524638
2 78072
2 190550
2 565523
2 107983
3 643930
4 378540
1 61478
2 823536
3 136586
1 744824
4 936937
3 356202
3 505777
4 302133
1 959076
2 982387
4 655543
4 240609
2 850285
4 364948
1 414293
1 573516
1 837304
2 114706
1 753537
3 242430
2 540073
2 48794
1 749524
1 406128
2 200014
1 931354
2 621267
4 619717
2 841296
1 611886
2 401047
3 215594
1 496852
3 813417
1 963781
2 765132
4 585923
3 823681
1 811982
3 268575
1 708296
1 374187
2 153416
2 586138
4 853485
1 24538
4 109817
2 68855
4 950746
2 252676
2 399680
3 273312
1 908651
4 900810
4 750630
1 675201
3 391591
1 659659
4 540578
3 673872
4 488570
1 993670
2 608210
3 430889
1 683893
4 739253
3 778344
4 199096
4 321319
1 351643
3 428703
3 370808
4 229814
2 466508
4 27338
2 78091
2 743717
4 324968
3 597797
3 712973
1 399260
1 351956
1 916452
2 539576
2 874880
4 861833
4 393412
1 208852
1 890996
4 242189
1 960469
3 963729
3 439433
4 583549
3 338959
4 210000
3 780120
1 185326
1 489477
1 71682
3 761973
2 812912
3 69493
2 198880
3 927455
2 377264
3 121961
2 569260
1 642011
1 326623
4 43546
1 360682
1 726762
3 943223
3 363946
3 834620
2 273829
4 981896
4 898110
3 431751
4 992862
4 616034
3 249677
4 496784
4 733071
3 508785
2 625403
4 3339
2 456365
3 505106
1 732394
1 778398
3 297547
1 933880
4 764017
3 631468
1 400169
2 999075
4 299205
1 156462
1 257093
2 660023
3 544553
3 640030
4 860499
4 168301
1 69653
1 914236
4 17784
2 41454
2 999067
1 451575
2 717026
3 599706
2 655992
2 704601
2 773927
2 851561
2 876482
2 477873
3 48878
1 247546
4 33787
1 865822
1 107114
3 182545
4 426758
1 471967
4 6051
1 532587
1 416965
3 635758
4 907436
3 535189
2 108201
4 197907
4 817546
2 181041
1 817687
3 428790
2 655499
2 62281
1 252131
2 877156
3 276672
4 535181
4 260689
3 821390
2 928750
3 492467
1 953925
1 514105
3 733577
3 466067
3 459094
2 182481
1 303465
4 841412
1 297205
1 436662
2 512994
1 151319
3 578255
3 742728
3 209366
1 953741
1 734677
4 549640
3 378755
4 196832
1 830846
2 524765
3 465370
3 498819
1 552366
3 483459
1 282160
3 993086
1 945394
1 129468
3 601108
2 132759
4 69187
1 458352
1 344596
3 190063
1 383591
4 354296
1 710852
1 638531
2 563305
4 631108
3 985944
4 903256
2 39206
2 379940
2 87428
4 897557
1 720154
1 40478
2 161401
4 836322
3 326835
1 71452
3 247828
3 459024
1 155416
4 290757
1 451629
2 325448
3 591095
4 324400
4 11116
4 676801
4 495239
4 926597
1 34854
4 679330
2 406284
2 844266
1 386440
2 103712
3 176299
3 232790
3 663007
3 542966
3 739022
4 527624
1 39659
4 674698
2 978098
1 293146
3 618044
4 614971
3 188196
2 413566
2 452138
1 299675
1 905283
4 37049
1 265069
4 92947
4 853512
1 334660
2 914600
2 75398
2 56983
1 840497
3 201514
1 622772
1 430515
4 813593
4 187199
3 541744
4 138335
2 11453
1 329090
4 477173
2 987503
3 778494
4 598862
2 84199
1 336399
1 148041
1 270889
4 447291
1 307156
4 196650
3 59415
4 358555
1 755805
3 740047
1 762983
4 60962
2 18804
1 442537
4 632078
1 372765
4 233959
4 144030
3 987048
1 361094
3 400930
1 723759
2 631904
4 158777
3 419906
1 368987
2 348280
4 972368
3 924429
3 301755
2 284388
1 229418
1 955259
3 7293
2 545155
1 611860
3 354498
4 402971
2 122918
2 192656
3 885794
1 471169
4 423078
4 401915
4 135125
2 897110
4 544694
3 806219
2 140117
1 148879
4 385004
4 420773
2 605537
1 140158
2 659996
4 83089
4 807511
1 752059
4 222452
2 799484
4 465435
2 689458
2 878051
4 542949
3 176005
1 176670
4 712621
4 873592
3 547095
2 638320
2 454099
2 709772
3 326942
1 741902
1 217718
2 703845
4 595050
4 903309
2 719810
3 990072
2 144563
3 591974
2 874760
2 777562
1 888929
2 318420
1 584531
1 50608
2 656527
1 90963
1 585669
3 627734
1 611331
2 722585
2 222187
4 68024
1 202881
3 646300
1 574905
2 256573
1 27204
3 397440
1 749042
4 563728
2 189572
2 693199
3 391777
4 959554
1 517162
4 942520
2 914679
1 869516
1 333657
4 724922
3 110816
4 551706
2 633472
4 687577
2 515174
3 662382
3 492760
2 433482
3 612399
2 603926
4 85373
2 20664
2 367684
1 386816
3 597201
2 76153
2 642138
3 80436
1 819281
4 632561
2 613609
3 626202
1 341797
2 394280
4 584058
3 846442
2 153136
1 10800
3 298713
3 894683
2 824930
3 984513
3 470642
4 841387
3 444729
2 972667
4 534656
1 280451
3 329796
1 522030
1 746013
1 792295
4 184743
3 318180
2 427463
1 510208
4 63131
2 683368
2 86943
3 582809
3 848876
2 850605
1 358683
2 97396
4 298195
4 611023
3 350168
2 359685
3 181622
4 217600
3 734530
2 704005
1 948166
4 843542
2 119544
1 34107
2 985650
1 492144
3 504736
2 322447
4 205484
1 392665
1 293799
3 642431
1 80015
4 483923
3 581903
3 850427
3 86143
2 401981
2 227913
4 244578
1 360003
3 715673
2 796701
3 851683
3 24132
2 107499
2 335394
3 467245
4 336467
3 540425
2 489456
4 381113
2 38630
2 965321
1 976153
4 479060
2 742626
3 278690
2 26809
2 455170
2 936900
2 166906
4 800907
4 884026
4 426868
1 155858
3 749324
1 414914
2 385453
4 884305
4 507638
2 693518
2 809695
3 235554
2 73486
4 408039
2 538913
1 233711
4 576566
3 658078
2 747190
2 238924
3 594881
4 901578
2 592242
4 295248
1 850867
4 418259
1 780974
1 802309
1 482458
3 510248
1 253440
1 459283
2 514140
3 17526
2 813766
1 811261
4 397692
3 901181
3 10463
1 359203
3 459337
1 850825
3 802569
4 655251
4 832332
1 644943
3 149731
4 452624
4 83014
1 589183
4 200725
4 119945
3 160572
4 139377
3 5987
3 190130
4 367330
4 98313
2 705294
3 785888
4 720441
4 672068
2 679699
2 138741
3 583531
2 910930
3 934777
4 566958
2 269089
1 882770
2 462342
1 972319
3 580564
2 395499
4 326028
4 892136
3 328526
4 435658
4 320558
2 794823
4 930372
3 686009
1 833651
2 904742
4 533667
1 530771
4 508638
3 363980
1 64577
4 756699
3 723844
2 152194
2 269282
1 742001
2 739085
4 596523
2 962057
1 579549
3 630745
4 328152
2 120899
3 670831
2 887604
3 503343
1 728150
4 223083
1 215954
3 100698
3 930553
1 832944
2 260575
3 484887
3 638802
1 60058
4 884506
3 350188
3 156734
3 955609
1 945742
4 8776
1 525937
4 410049
4 354592
4 528089
3 528092
3 631534
1 920439
4 425990
4 376806
4 102973
4 664321
1 358429
2 640652
3 212318
1 67791
1 759597
1 381010
1 845136
3 267275
3 451346
3 730270
4 569993
4 488028
4 577740
1 848436
2 703310
4 64136
3 22368
4 184095
3 820041
4 830434
4 598273
1 624616
1 22425
1 707006
1 48740
1 344805
4 994585
1 616896
2 664947
2 261153
3 753048
2 423503
4 524614
1 486935
3 995993
1 730901
3 980753
3 743681
4 957390
3 758991
1 189900
1 485731
2 940891
3 899097
1 154694
4 797259
1 89975
2 545325
2 388620
2 466691
4 434619
1 528133
2 968539
1 760038
1 783172
2 392763
4 775416
3 815781
1 155663
4 682474
3 258144
1 196423
1 697755
2 209044
4 853114
1 455057
2 175887
3 606756
3 186949
1 475976
1 461796
3 175445
2 638268
2 362575
3 72451
2 140148
3 748843
3 991628
3 405497
1 76345
2 609700
2 310962
1 246404
4 469968
2 158534
1 588758
2 646904
1 545811
4 437481
1 831679
3 809129
2 159133
2 251105
4 432885
4 582054
3 349206
3 316183
3 934743
1 764673
4 540490
2 989277
1 985414
1 865462
4 982854
3 581571
4 455306
3 726833
1 7670
1 708163
1 441667
3 55597
3 376202
4 935596
2 802352
1 273870
2 28101
4 28995
4 596321
3 925770
1 902177
1 556011
2 79302
2 394676
2 587970
2 546270
1 882698
4 380423
1 781653
3 768165
1 93945
1 219216
4 62569
4 332309
1 403522
1 688668
3 140437
1 184604
3 643664
1 350038
3 661618
3 660080
2 759667
4 391737
2 364519
4 785310
3 74807
2 177091
3 99633
3 381846
2 672715
2 902939
4 469112
1 845565
2 331771
1 634143
2 418860
2 419967
3 945167
2 855282
1 16507
1 13864
3 698715
4 110984
2 880776
1 537963
4 10475
3 192308
1 261508
2 805213
4 761306
3 599927
2 804677
4 119014
1 370221
2 379267
2 96553
2 491990
3 915801
3 767342
1 780049
3 897194
2 147015
2 665583
3 749351
3 427132
4 271818
1 111414
4 417152
1 272252
4 63786
2 233518
1 258965
3 747367
4 668888
1 365341
2 540371
3 311494
3 241544
1 411603
1 903247
2 675279
4 175058
3 894696
3 146194
3 374893
4 561973
3 302749
3 291850
3 361215
1 423727
3 411146
1 308851
1 251599
2 273768
4 173497
3 11421
2 693968
3 578981
2 706364
3 511703
1 348264
1 708844
4 443882
4 648379
1 486926
3 860404
2 281417
1 368454
2 200963
2 344274
3 67874
3 87305
2 102149
4 481871
1 26888
1 56613
1 518119
2 86534
4 709246
3 920084
1 337759
1 994737
1 427747
1 596524
3 538560
2 889864
4 264777
3 564822
3 229192
3 813164
4 864367
2 193653
3 462991
1 699002
1 746156
1 887567
4 395897
1 65176
4 619491
4 966895
3 21380
1 887349
3 342584
1 378702
2 988640
4 561192
3 901416
4 219917
1 810421
4 814852
1 111855
3 213551
2 77829
2 472069
2 937276
1 559485
1 296902
4 396173
4 589645
3 401258
2 173080
2 478831
2 764239
1 320516
1 251243
1 81679
1 280260
4 142998
1 82036
3 935155
3 576383
1 563224
3 520518
3 819886
1 216596
3 513494
1 85447
4 672896
1 67499
2 367806
2 744215
4 731359
1 653205
3 405179
4 537428
4 546883
1 126305
3 460787
3 397498
3 708620
2 712195
3 248206
3 673831
4 666437
4 178280
3 500137
1 156076
1 281711
3 588434
4 537917
2 456601
3 138680
2 806713
3 479107
2 720440
4 360699
2 876327
4 717752
4 682720
4 35207
3 839004
2 105423
3 266836
1 785919
2 358039
2 993571
3 543964
3 252437
2 738184
2 685134
3 341480
4 510443
4 72144
4 716495
3 303398
1 769766
1 645641
2 565913
3 428256
3 480261
1 734406
2 643514
1 438260
1 621267
3 826786
4 91030
2 35538
3 961656
2 999555
2 231502
1 38020
2 36042
1 907510
3 713484
1 117472
1 858541
2 485349
2 229888
2 180885
1 645104
2 186467
3 493677
1 943335
4 179319
4 348101
3 309718
2 546265
3 545625
2 998126
2 250893
3 625508
1 677060
3 690781
4 425741
2 222960
1 193347
3 348985
3 648175
1 807252
2 912245
3 588960
2 981823
1 538095
2 249481
1 865850
4 760537
4 792444
3 795754
4 634927
3 170484
4 501271
2 499833
2 690583
2 407911
3 506494
1 788058
3 409168
1 849260
3 742771
2 274109
2 517498
4 70388
2 76148
1 925217
4 637209
3 873599
4 653179
1 405767
4 415565
1 237401
2 526762
3 414892
4 932257
3 938424
3 895277
1 238028
3 486097
2 178246
2 335006
4 430379
2 155368
1 926830
2 327495
3 707752
4 738846
1 191893
3 88895
3 219771
2 657793
2 6398
4 346293
3 866964
1 467131
4 581638
2 686742
4 136799
2 205745
3 132547
2 443796
1 301555
4 486982
4 77770
4 611302
2 971928
2 172227
4 195429
3 418232
3 938800
4 315534
4 121157
1 763962
2 266425
1 92269
3 832385
1 49367
2 532855
3 797783
2 675776
4 745937
4 859928
4 163528
2 804199
1 948193
2 772982
2 254277
3 755876
2 624190
3 757912
4 251822
3 67675
3 824048
3 413342
3 227469
3 951920
4 807449
4 353398
3 868080
3 409902
1 972728
3 338297
2 218921
4 76212
2 337384
2 986558
3 369051
2 975450
2 189742
2 364268
1 127686
3 861190
2 755284
2 394953
1 937399
4 244766
3 399476
1 980505
3 139289
4 348708
1 46937
3 653016
2 849980
1 631170
3 278045
3 41
4 807016
3 698732
2 815760
4 724526
4 7060
4 902296
4 136439
1 117227
4 877998
4 646119
2 436441
1 469000
1 851796
1 754459
2 870265
2 395768
3 293214
2 222839
1 413423
2 969452
4 167109
2 899584
1 320928
1 910248
2 588858
1 778026
3 467258
2 526422
3 944449
1 569809
3 259306
1 939309
2 339171
3 642362
1 445493
2 886078
2 827411
1 998917
4 482440
3 509393
1 873007
3 709501
3 880202
3 136862
4 969643
2 713342
1 167112
4 475903
1 92437
4 669468
4 777408
4 494361
4 155385
1 883466
1 377866
4 347596
2 190705
2 585925
3 929919
1 808505
3 995664
3 591918
1 3540
2 301870
4 271449
3 572896
3 452359
2 328519
1 879213
1 94896
4 610731
3 277115
1 219016
4 825495
4 634863
4 175310
3 268205
1 45036
4 50631
3 621303
2 490681
1 412114
3 919073
2 29005
2 297981
3 423171
2 663170
4 818777
4 581717
1 353763
2 811380
3 946926
1 624015
1 439915
3 701513
4 816033
1 318665
2 928078
2 153479
4 999200
3 231035
4 719235
3 942933
3 159953
2 691464
2 504834
3 463671
2 88043
3 864157
4 609861
3 421392
2 634492
4 948630
2 73018
2 12412
2 499192
4 158215
1 625625
1 832472
2 225476
2 882031
3 798804
4 301426
4 834219
1 622874
2 217091
1 433976
3 890097
1 234914
1 83539
1 229739
4 410970
3 44876
2 828297
2 645044
4 275782
3 793199
2 456620
4 538508
2 266697
4 423617
2 932076
2 330708
3 745248
4 686425
4 211518
3 478035
3 246292
1 649618
1 606709
1 119809
2 514950
4 428764
2 163875
3 745335
4 590653
3 707234
2 974972
3 646813
3 794744
3 249269
4 13942
2 421436
3 609392
2 65457
1 983605
2 700508
4 718652
2 895711
1 311587
4 309629
3 323382
1 53951
4 735086
3 983338
1 611860
4 740345
1 367730
1 359739
2 512185
2 514285
1 14460
3 676346
3 933807
1 506622
4 672077
3 43406
2 611617
3 465491
2 273398
1 747098
4 298179
2 482969
2 958948
2 122836
1 982915
4 155029
2 128904
3 968098
1 849259
1 557550
2 889994
4 729321
3 202908
1 434893
3 224396
4 463552
3 813524
1 932236
1 297326
1 483413
4 167257
2 691268
3 146798
3 935556
3 967139
3 214145
3 501765
2 927008
2 345168
2 654417
4 322509
2 229637
1 68405
3 557648
2 149537
3 320272
1 460726
3 510035
3 569397
3 383516
4 585369
4 21718
4 977597
2 556772
4 478705
3 823293
2 732652
2 893919
3 931659
2 551551
4 713510
4 775737
2 689220
4 327496
2 929139
2 220685
3 154726
4 668254
3 772391
4 395897
1 721703
1 118615
3 659941
2 424240
2 252680
1 527969
3 84947
3 66990
3 691091
4 544449
1 133431
2 901780
2 296808
1 457878
3 371644
2 988797
4 784334
2 911721
1 757156
4 785680
4 123884
2 734649
2 31840
4 347496
2 406540
1 188917
3 667850
4 706331
4 365308
3 904988
4 491621
1 237010
2 152871
3 801503
2 110293
2 131780
4 99337
4 62054
1 254090
1 133301
4 329345
2 970080
3 965180
1 608996
2 908986
3 674677
2 409932
3 829034
2 928218
1 785873
4 826695
1 156090
2 898217
2 663496
3 245490
3 908866
3 911738
4 394162
3 230297
3 93103
4 149066
3 789511
2 54235
4 287986
4 934691
1 122179
1 295209
1 402257
1 824396
3 584556
1 96094
4 521151
1 516821
3 517720
2 311587
2 149184
3 825905
1 815357
4 777622
4 553949
4 658283
4 421522
4 141406
3 248483
3 515688
2 508411
2 475808
3 242897
2 366108
1 831119
1 268096
3 762185
1 331008
1 810523
4 541716
1 975227
1 893809
3 834992
4 516250
2 190474
4 73870
1 481979
4 432349
1 522976
2 243805
3 233868
3 932359
2 713664
3 702664
1 897990
2 300008
2 720453
2 757622
2 972978
2 377804
1 540333
4 252420
4 125943
1 361782
4 405226
1 705018
2 394294
4 758713
1 383001
2 125032
3 270107
3 50012
2 438844
1 455475
3 579476
2 472487
3 3403
2 717570
4 16594
4 299057
1 219612
1 734084
2 911054
2 245023
4 818241
1 669747
1 145332
2 222657
4 774748
4 917902
1 635001
1 562267
1 812328
4 157142
1 250807
4 695787
2 218197
2 459161
4 152509
3 71026
2 941562
2 53258
2 389664
3 729125
2 680873
1 84112
3 515184
3 648357
3 812008
3 969870
2 320785
4 190164
4 263625
1 442200
4 87454
2 694395
4 729655
1 893278
3 123209
4 401847
3 887380
1 655035
1 379438
2 733659
4 940519
3 678471
2 584999
2 557119
2 766748
4 988945
1 239760
3 112619
2 634442
2 450447
3 763279
2 876312
1 616366
1 829644
2 410898
2 151591
1 767503
4 211068
3 689017
4 514246
2 104262
4 992646
1 393117
1 234595
2 124349
4 793269
3 889608
1 82916
2 141425
4 734948
4 360380
2 80358
4 938127
3 379792
3 842213
2 818628
4 648585
1 587329
4 18962
4 529197
4 207195
4 509300
4 434671
2 314419
2 181583
3 359938
4 415762
2 469291
2 411335
4 726310
4 752778
1 635225
2 953088
4 922494
4 622545
3 383336
4 665985
3 298277
3 186467
1 758877
2 246272
2 686326
1 140567
3 199448
4 22725
3 996902
3 315782
4 651112
2 459789
2 792049
4 71859
2 824067
2 72965
3 205404
3 463876
3 108389
1 933889
2 108068
4 793078
1 127209
1 579236
2 402273
1 407663
1 669302
4 551700
4 127883
3 201031
2 893435
2 653406
2 694647
2 46746
3 86438
3 43524
1 39794
4 305576
1 668185
4 761710
1 552807
1 278190
3 936030
3 520866
4 392475
3 881608
3 939725
1 209623
1 282443
4 46864
2 899152
1 911793
2 891684
2 11065
3 994090
4 276566
4 383186
4 604531
3 403036
4 542418
1 207773
2 414550
2 717449
3 604991
1 177182
2 222865
3 292788
1 770219
4 189165
1 685221
4 828034
3 725578
1 720733
4 339391
2 907841
1 239823
1 683173
1 435569
2 823686
1 830589
1 33693
2 77881
2 935591
4 307573
1 806745
1 45228
4 135223
1 534270
3 823664
4 90201
1 245622
2 653795
4 857107
2 422255
3 851535
4 740014
2 296420
2 421977
2 249303
1 206051
1 458228
2 901707
2 940375
1 232247
3 880846
4 651930
1 838270
3 463882
3 935540
3 734699
1 490729
2 393177
1 591329
1 494860
1 169509
2 191746
4 636565
4 848030
1 884387
4 489599
3 676396
1 885668
1 326762
2 170282
1 203598
4 976229
2 834160
3 738646
3 683530
2 688665
4 562715
2 300949
1 744019
1 422865
2 773087
2 442011
1 873063
4 808897
2 689207
4 672434
4 637353
2 227184
3 200958
1 724130
3 747584
2 616351
1 18056
4 67188
4 930698
2 143695
2 308768
3 251336
1 604137
1 637787
4 92563
1 289482
1 333372
1 539401
2 882056
3 208797
1 937048
2 416589
1 644580
2 418999
3 788549
2 184279
4 956976
4 177923
2 901104
1 489605
3 845434
2 8548
3 905117
4 271637
3 271965
4 276991
3 480499
2 443389
3 879863
2 402179
1 65774
2 623935
4 206883
1 633191
3 368764
3 918943
1 156608
1 822457
3 672353
1 56805
4 885042
4 581581
2 198653
1 394810
2 63815
1 98631
1 77916
4 875963
2 462179
3 52188
4 272694
1 518954
4 498312
3 700933
4 166004
1 460918
2 658186
3 320966
3 103046
3 883742
2 235017
4 140167
4 502642
1 569326
3 957511
2 536210
1 174131
4 944154
3 628464
3 381709
3 64951
2 773069
2 818492
4 585474
3 894467
3 826867
2 647066
4 429562
2 361541
1 852298
3 409870
1 418034
3 889733
3 551022
4 421956
2 988916
1 725398
2 806220
1 549769
2 788217
3 473379
2 807445
4 628162
1 564321
1 67624
3 117045
4 50311
3 826386
4 22459
4 90113
2 821482
2 851672
2 144052
3 233095
4 969886
3 980134
2 979886
2 90340
2 166731
1 402171
1 749907
1 945940
3 301203
4 358135
3 437329
1 560162
1 358464
3 417485
2 830322
4 680914
2 553467
2 306932
2 844565
1 766126
3 814530
3 22611
2 718601
2 147673
2 214817
3 967909
1 748664
1 651905
4 289526
2 491221
3 448958
1 456914
3 103426
1 824371
4 472033
4 24099
4 50360
3 993213
2 610340
2 109972
1 470672
4 154219
2 378598
2 538006
4 778781
1 383137
4 747059
1 370378
2 367914
4 857772
1 108448
4 705077
1 332678
4 180538
3 489094
1 865011
4 765090
1 414641
2 901546
4 460381
4 975827
1 376613
1 451421
3 925336
4 206669
4 447511
2 889838
1 428009
1 794836
3 25715
3 2189
3 269338
2 542271
4 709332
2 855251
3 932289
1 161035
3 418879
4 610610
3 709648
1 352647
2 142034
1 968386
3 88923
4 905850
2 376342
4 724648
4 889485
3 342748
2 588873
1 11890
1 350569
3 928897
3 151684
2 931484
4 638625
4 667192
1 117842
4 571235
3 802257
1 333964
4 827790
3 162635
1 396701
3 593394
4 451840
2 550441
4 268500
3 990553
2 509003
2 771250
3 206875
2 869270
1 441483
1 345959
3 683436
1 907327
4 325353
4 149095
3 929157
2 74750
4 629617
1 279399
3 197242
2 807134
3 712990
2 858021
1 106024
2 507979
1 263415
3 987701
3 244888
4 56623
1 973720
1 30124
1 642914
2 672553
1 689788
3 191806
4 821261
3 211998
1 960256
4 19333
3 167540
4 13866
3 584370
2 149354
2 977431
3 569952
3 584428
3 871705
1 538169
4 953803
3 297012
4 455286
1 822041
2 164529
2 928867
3 846039
4 585277
3 931128
4 557207
3 172711
2 186696
1 929301
4 350529
4 573690
3 768383
4 64651
3 840475
2 639983
3 252148
3 828478
2 518083
2 203251
2 957762
2 659884
4 262396
2 277529
2 610782
3 244009
3 693860
3 136315
4 890020
2 161671
3 962885
1 138212
3 883328
4 640073
2 617716
1 145284
2 480612
1 949536
2 114170
4 569394
2 395988
3 536416
2 533767
1 421827
1 415214
3 113581
2 222674
4 232708
2 797241
2 888440
1 965666
3 452598
4 838120
4 748695
3 911700
3 418605
3 894744
3 261404
2 936906
4 529402
4 850050
1 686993
2 568748
4 8024
3 520325
3 778875
3 256159
2 148573
1 824617
3 367628
3 931416
2 926186
3 880649
4 915728
2 395346
2 134004
4 795839
4 670712
1 169544
3 719173
2 453369
2 887945
2 246441
2 745957
4 365442
3 192010
2 69438
3 946803
4 832661
4 366273
3 678385
1 916180
4 242531
1 339205
2 324947
2 414188
4 820338
4 300363
4 972220
2 999386
2 364203
4 896059
3 352516
1 196481
1 871725
3 886442
2 86519
3 68289
3 135576
3 165906
4 217591
4 616227
1 126703
2 873163
2 81923
1 941346
2 679829
2 731967
3 979129
3 921828
4 466135
3 839465
2 730517
3 851316
4 198338
3 883726
2 87180
2 425832
1 725791
4 266464
3 725688
3 493278
4 348812
2 645116
1 54889
3 915293
4 276955
2 530022
2 574810
1 314935
1 167849
1 993785
2 148004
1 807333
3 565533
4 667455
1 876107
2 161892
4 340781
2 913842
1 325428
4 186671
4 312785
4 293276
1 744321
3 545905
1 443997
2 15322
3 306371
1 540772
4 385780
4 213268
2 318510
3 348649
3 908860
1 251872
4 461495
4 615066
3 80289
4 683866
2 371806
3 134888
3 677761
1 732847
3 241967
1 611658
2 32358
4 506158
2 159559
1 52912
3 185315
2 769929
2 424691
4 734033
1 282409
1 495722
1 113549
2 730450
2 757248
4 875400
2 141844
4 419547
1 654451
1 569396
1 682887
2 656147
2 345782
4 37410
4 841702
3 617176
2 224173
1 371247
3 347924
3 559417
1 164223
4 437489
1 586952
1 480045
2 346031
1 135880
2 392459
1 948619
4 593884
2 120580
2 858318
2 502986
3 691823
2 546582
3 986060
4 569904
4 935789
4 896635
3 918851
3 128251
3 500291
3 385991
1 601889
3 949550
2 59649
2 250394
2 803775
3 467561
3 971505
4 413329
2 35215
2 487347
1 933993
2 441154
1 606565
2 328783
4 553769
2 702256
4 857268
2 763609
3 758839
3 1546
1 322401
1 714827
4 558205
4 244694
2 103506
1 910473
4 287207
3 357593
2 396373
2 275964
2 331502
4 160313
1 668202
3 787475
3 634075
1 910720
1 168745
1 929122
3 794763
4 883645
2 296622
1 411800
1 183644
2 742757
1 865412
3 590130
3 587280
1 368958
4 397784
4 355363
1 52959
4 361954
3 216030
1 318673
2 637451
4 306674
2 207294
2 153503
3 953264
1 345982
3 994595
2 913842
3 80760
1 206584
3 762070
1 892169
2 585464
2 851330
1 220787
3 683947
4 826190
2 299870
1 330720
1 264531
4 544754
4 212882
1 773985
4 191321
2 653662
3 90316
4 80754
2 947516
3 432804
3 825251
3 533028
2 607830
3 626386
3 704459
2 693910
3 666833
2 30182
4 493160
1 575558
2 531480
4 701249
2 471693
1 738206
3 250311
4 979777
1 593714
3 522989
2 339757
3 48105
2 279418
1 5921
4 280052
1 816761
1 944747
1 641196
4 459507
3 528536
4 434727
4 24078
2 367407
1 830228
1 615687
3 653163
3 955200
1 40582
2 742244
1 621368
1 265924
4 966776
3 556812
1 256369
2 417955
1 351749
4 307512
3 886561
4 20330
3 96582
1 579280
3 123302
4 147311
3 721940
1 339224
3 596013
4 151365
4 147624
1 448735
4 526621
3 752904
2 447730
3 203000
4 102932
2 934402
3 625200
3 928934
1 63744
2 508880
4 750196
2 279972
4 466164
2 787299
1 189447
4 274288
4 326003
3 429177
4 560046
3 747036
3 660182
4 788100
3 473590
3 698655
2 970483
1 556301
3 841124
2 76834
4 134191
1 269073
2 641225
3 705131
3 948084
4 279576
4 645442
1 240548
1 310793
3 749866
4 674850
4 140902
4 660395
1 604544
1 688735
4 55042
2 572259
2 115972
4 275780
2 649081
1 226266
1 692072
2 751894
3 490674
1 125544
3 170395
3 969082
3 58948
1 199780
3 422221
2 821968
1 455776
1 87789
4 435287
4 948024
1 305626
1 527764
1 388918
4 659902
3 687864
3 24254
2 782353
4 534710
1 127161
2 420581
2 694617
4 915549
4 229200
1 915373
1 201260
2 277592
1 641915
4 235845
1 289914
3 168798
4 262270
3 52560
1 565157
1 319168
1 608891
2 57466
2 373078
1 937976
4 767242
2 839826
4 568756
1 825987
4 384173
2 220866
3 500608
2 383900
1 275869
4 385995
3 273258
3 325036
3 885996
3 301412
1 992855
2 108902
4 436872
4 199431
3 202786
4 996451
3 483027
4 942433
2 867021
3 807744
1 476209
1 392939
3 788686
3 256857
3 138561
4 556524
4 276364
1 740063
2 28532
1 476198
2 503414
3 964256
1 330157
3 243488
2 970630
4 668923
4 431693
2 872026
2 792596
3 69557
3 461453
4 875936
1 596678
3 22204
4 821804
4 580576
3 814386
4 373920
2 584075
1 646524
2 175440
3 419108
2 480189
4 330807
1 809257
4 180519
2 809468
3 34398
4 113001
1 822631
4 363991
1 830027
3 193967
1 564654
4 467354
3 582115
4 567752
4 521576
4 518052
2 608968
1 828029
3 455074
3 936985
4 456027
3 762742
3 559153
4 879258
3 423633
1 254650
3 2646
3 330803
4 865849
3 54043
3 220460
1 957878
2 315867
4 953624
4 170850
2 151182
4 365675
1 217967
1 257920
1 40736
2 606691
1 577684
3 720746
4 178806
3 672387
1 151357
4 46902
4 935308
1 640971
1 113763
4 828533
2 811166
4 171129
1 825902
3 863035
3 444945
1 334686
1 916244
2 463035
2 270896
1 965061
2 559122
1 119979
2 620234
2 919034
1 588541
2 293136
4 903484
4 268880
2 314183
1 871082
4 710099
1 548207
3 376865
1 616311
4 261632
4 235424
4 979959
1 853264
2 313742
1 878305
2 234873
1 238285
1 345646
1 81243
2 323311
1 481670
1 353928
3 819872
1 872032
2 664509
3 378058
2 48601
3 349397
3 751184
4 265479
4 941329
4 933414
1 236244
1 654130
4 462206
2 447202
3 297168
3 686927
2 587429
3 833107
4 956351
2 631631
3 662174
3 411007
4 636275
3 532453
2 459245
3 354845
4 35409
3 177307
3 657080
3 511742
2 663554
2 503228
2 148702
4 388516
3 553739
2 717833
3 407242
1 835220
2 962932
2 626993
3 341109
1 598881
4 780788
3 474049
4 279625
2 790033
4 964092
3 515630
3 658909
4 352171
1 282116
2 146262
1 457710
1 898781
2 557436
3 409179
2 136065
1 288894
1 188862
3 932063
3 809138
2 664904
2 136362
2 282082
4 777545
3 316416
1 390574
1 121107
3 774304
1 989067
2 381849
2 251454
2 23251
1 106124
3 649833
1 506147
2 529872
2 271908
1 228307
1 292494
2 495219
2 582416
2 226519
4 897110
2 885506
3 841470
4 954397
2 318151
4 338687
2 242160
4 542960
1 489289
4 631462
3 691115
1 202777
1 937757
3 481160
4 76067
4 272242
4 745381
2 343479
2 445357
1 534552
1 203467
4 493122
2 294117
4 104974
4 204761
1 101968
2 553680
1 458150
4 685036
3 602293
1 534456
3 390581
4 700322
1 649539
3 597790
1 901616
3 870167
1 553250
2 486700
1 524780
3 713331
4 704298
4 553543
2 772668
4 640535
3 389715
2 690764
1 107284
2 428499
3 555817
1 323291
1 69029
4 571289
4 290316
1 443930
1 245818
2 120202
1 753887
1 51058
4 345718
4 907480
2 176064
1 183658
1 69348
4 732628
1 152990
3 501540
1 556636
4 552179
3 984493
3 336187
2 710747
4 582078
3 824294
3 618954
4 982187
2 216283
1 873583
4 971798
3 851446
4 709036
1 146547
3 387188
4 410331
3 226813
2 789406
1 796292
4 366577
4 807096
1 135876
2 115407
3 541325
2 269506
4 676947
3 997932
2 256230
3 165784
1 390106
4 152775
1 224133
1 694198
3 781446
4 945685
3 723417
4 604248
1 206824
3 518887
1 15087
2 848023
1 517360
2 258153
3 510136
1 70854
3 480758
1 592262
4 759134
4 294407
1 932264
4 147729
2 520172
2 434020
3 525298
1 243323
2 872092
3 334776
2 892373
1 770764
2 543721
2 991276
2 511005
3 845705
4 787392
3 635450
1 201651
4 936904
4 171767
4 141932
3 14398
1 105017
2 857295
2 286608
2 173999
3 964683
3 740086
3 433625
2 198707
3 967144
3 191482
2 313992
2 442804
1 729968
3 907749
3 172609
1 158014
3 631730
3 507881
2 188368
3 668369
3 105
1 526274
1 983300
1 806110
1 675395
3 788284
2 508651
4 156188
3 268907
2 244959
3 778396
2 370038
3 941545
2 637279
4 935096
4 723104
1 662855
1 705200
4 980775
3 273762
4 628805
1 241530
2 333998
3 404975
1 213284
2 719358
4 548114
1 541366
4 819225
4 170767
3 469445
1 932241
3 801674
4 129192
3 826639
3 247532
1 907981
2 130562
3 708093
2 344414
4 902317
2 468531
4 26410
1 255157
1 612019
4 821515
2 72546
3 464322
4 545298
1 417802
4 45202
2 687734
3 737463
3 767426
2 792203
2 676362
1 559558
1 248187
2 343378
1 291584
2 295407
4 129423
3 51
2 950120
1 115673
3 166541
4 613372
2 988013
4 151398
4 128038
4 84123
2 484574
4 118202
2 306350
4 679157
2 242061
3 147649
4 867262
3 991704
1 935194
4 657904
1 35213
4 525617
2 705590
3 546152
2 949271
1 866992
4 546715
3 42037
2 757267
4 860412
3 996268
3 475596
4 433414
3 993878
1 629217
3 214852
4 545322
4 289874
4 381632
2 302556
3 179071
4 869432
2 499722
1 387073
3 380140
1 550794
1 142097
1 814343
2 794115
1 888949
3 533981
1 202663
1 691759
2 716555
2 740304
2 552285
2 17828
1 912209
3 476093
4 249456
3 348236
2 939026
1 426246
1 471130
4 132752
3 937448
1 62429
4 814436
3 74536
3 375235
2 556923
2 678401
3 676628
4 272897
2 850247
2 514217
1 980270
4 504885
4 106767
2 549890
2 557836
1 443008
4 303574
3 670651
3 133167
2 537537
4 295939
4 976917
1 503219
4 105351
2 705741
4 43820
4 131310
1 923160
1 111157
2 703979
4 69350
2 851772
3 802907
1 162103
3 303071
3 916026
1 75782
4 405215
3 747966
2 40120
1 105481
1 268674
4 857206
3 883524
3 335870
3 575714
4 321024
4 450858
3 111752
4 376565
4 772192
1 686245
4 938603
2 235531
2 779492
2 42567
2 604236
1 99329
4 104436
4 211143
3 910252
2 960324
4 729846
3 172402
1 930718
1 615268
3 444092
1 606160
2 912628
2 603452
2 659960
2 676358
4 79741
3 975636
1 442426
3 345021
4 32166
2 563252
4 495491
3 327625
2 372816
1 401502
4 956298
1 304378
1 350599
4 571736
3 433478
3 320096
4 663579
3 94285
2 645971
3 971070
3 79876
3 587408
1 815354
4 525158
3 942362
2 773199
3 724729
1 342424
4 482879
2 9684
4 478257
4 10606
1 536622
2 743347
3 19756
3 413606
1 927983
4 101770
2 644117
4 510650
2 968370
1 693537
3 984455
1 124835
4 507922
3 326535
2 380286
2 827627
1 343396
4 733059
3 425073
4 939272
1 855591
1 232261
2 868316
1 183681
1 462167
2 524513
3 631771
1 723145
3 52113
3 964858
4 452943
2 736873
1 326387
2 144006
3 6246
4 760012
2 998675
3 997256
3 305258
1 969949
4 200187
1 185252
2 878268
1 587917
4 482402
2 228426
3 451623
4 272281
1 997634
1 170666
1 848475
4 110240
3 401692
2 138665
3 408820
3 759462
3 557625
1 978754
1 177160
3 503917
3 347947
2 807852
3 597710
1 672014
2 909264
3 141639
3 321130
1 617636
4 278896
3 451560
1 792041
3 960340
4 490818
1 410850
4 250424
2 129820
3 319205
1 51295
4 976262
1 443342
3 232364
2 859247
1 230515
2 239578
3 803281
4 580349
4 536533
1 365940
2 812618
4 530588
3 9296
2 373439
4 574579
2 38593
4 614760
2 725080
2 30822
4 720258
4 34340
2 910796
2 345044
2 169966
1 198748
2 873665
3 971245
1 813346
1 254026
2 698505
3 883018
1 145485
1 160534
3 594953
1 926772
1 987271
2 147682
3 28227
1 563139
3 68681
3 790525
3 162564
4 183578
2 49347
3 10437
2 351615
4 436736
4 966101
3 760296
1 816856
3 703920
3 186561
3 373883
4 19101
2 976194
2 765106
1 656989
1 892328
3 864251
2 535217
2 344923
1 699310
3 393175
1 69593
2 489150
2 322301
3 117955
4 335235
4 394001
2 260994
2 1359
4 877138
3 185343
3 791865
1 233376
3 304015
2 891005
2 124773
1 993302
2 468594
4 134072
1 334618
3 400578
3 739815
1 512535
2 187076
4 717192
1 406479
3 11288
1 914246
4 910977
4 96693
2 127566
3 979136
2 791629
1 554575
1 520307
4 114303
1 614468
1 399445
1 84860
3 290794
4 203501
4 124058
4 618983
2 931741
2 410720
4 325705
2 500241
4 609739
2 526345
1 437057
2 567211
3 497817
1 242912
3 552677
4 919814
2 258315
1 61741
1 151744
4 965888
1 727534
3 110699
2 423741
1 100363
3 312264
1 351030
4 317910
4 92484
2 935143
1 600853
1 8920
4 411467
4 264168
3 951362
2 668341
1 680967
4 913395
2 407819
2 804627
2 317577
2 294946
2 349175
2 506822
2 485390
1 115307
2 446692
1 91497
1 392874
2 114437
2 970812
4 226636
2 318767
4 331679
1 424771
3 998716
1 80885
3 336691
1 633780
4 468423
4 299216
3 891923
3 571669
2 30302
1 169880
2 642146
1 743461
1 560370
2 379235
1 162815
1 893771
4 68489
3 633635
1 74049
3 41346
3 775882
1 225245
4 608109
1 377709
3 806393
4 956914
1 169007
1 383225
3 150743
4 504785
1 889541
3 591726
2 436686
2 719333
1 561014
4 191371
4 751915
3 883221
3 795538
1 366994
4 223013
2 224590
2 70435
2 206060
1 475382
2 828947
4 901031
1 814601
4 915634
1 364986
2 170092
3 252763
3 616023
4 18832
1 499027
4 17545
4 897553
4 702417
3 46113
1 131629
2 673523
2 520873
4 919401
2 43795
3 718631
2 537499
1 528511
2 593991
2 76579
4 511696
1 570394
3 591725
2 602457
1 932626
3 361243
2 700258
2 664155
1 664272
4 668687
4 780282
3 624812
3 667758
4 139115
4 559654
2 8327
4 66961
4 82125
4 316566
2 76529
4 894284
3 425133
1 977964
2 632035
2 218573
3 453131
3 584084
2 115734
2 442975
4 57677
3 934880
1 149926
4 814078
3 652507
3 542206
4 706546
4 381802
2 731697
3 912814
4 332190
4 192574
3 460482
2 369425
1 673030
1 321549
4 416104
4 648899
2 580244
4 92620
3 965298
2 182525
3 210619
1 765104
1 932816
2 701022
2 930692
1 357669
2 487978
1 125502
1 59025
2 455618
4 832390
2 659078
4 570276
3 594923
2 277534
3 475353
1 944807
2 822713
4 389766
2 463206
1 383409
3 386804
2 193675
3 796289
2 473006
4 826972
2 317392
1 585134
3 867335
4 433335
1 910949
2 897184
1 289605
3 396016
1 92381
3 26586
4 52148
1 617809
2 141715
1 306062
3 789792
3 589591
3 890270
2 682163
3 510172
2 563513
4 574868
4 728241
3 97653
4 729200
2 772033
1 821926
2 317778
1 800160
1 103460
4 767315
2 194978
2 672947
2 64337
3 843105
2 849157
3 264458
2 78162
4 996737
2 899622
1 314818
4 269866
3 439866
3 632135
1 875037
1 93374
2 746254
4 767272
3 348318
1 925044
3 345801
4 467657
2 282364
4 70405
4 116027
1 78072
2 751432
1 48435
1 776946
3 236507
3 789017
3 231685
1 112296
2 655225
1 84716
1 864469
4 323590
3 213843
1 987814
2 168343
3 412893
4 9082
3 79032
2 218747
2 480378
3 340400
4 305356
3 328948
1 751281
1 379158
4 647622
1 745702
1 894988
4 434013
1 672783
2 58363
1 52196
4 913453
1 404253
4 245331
3 680920
1 472747
3 797503
3 951245
3 69210
4 70305
2 472053
2 337352
3 646299
3 623747
1 276207
3 607018
3 340954
3 61710
1 541369
3 283521
1 15787
2 547686
3 342018
4 770420
4 690561
4 365636
2 944573
2 75067
1 6295
4 591895
1 84660
4 642346
4 946033
1 663588
3 223154
4 904166
3 58830
2 779777
1 543027
1 105426
4 274645
4 204012
3 649836
4 605859
3 238435
3 691208
4 752551
4 579249
1 385697
4 926553
4 756141
1 126268
2 337055
4 964195
1 961375
1 502330
2 676604
3 742198
4 880206
3 174541
1 344548
3 25639
1 111541
3 247532
4 39034
3 561082
4 556488
4 963624
3 113920
4 263393
3 926451
3 75315
4 580393
4 255214
2 886249
4 732581
4 971028
4 147042
3 341033
1 586894
4 176489
3 366863
4 691946
4 476487
3 361807
2 328262
4 640959
2 36879
4 34846
3 963412
3 181476
2 56296
1 308289
2 767396
4 857261
4 731760
3 940047
1 739511
2 741097
4 379125
3 354213
3 271726
1 330032
4 17497
2 966821
4 105705
2 902730
1 817650
3 762339
2 302406
2 473246
2 963355
3 201299
4 132702
3 199918
4 536678
2 522639
3 71408
1 65947
2 646172
1 738780
2 292491
2 548740
4 676732
3 128850
2 951210
4 720167
3 205887
1 789078
2 526827
4 341286
1 327631
4 187514
2 86940
3 930024
4 440654
4 927805
4 174891
2 314504
3 559200
4 90603
4 558042
1 591557
4 201026
4 620085
4 353531
3 426546
1 59684
3 54829
4 269997
1 124409
4 16204
2 759030
1 595308
4 89332
1 396082
3 664373
1 855396
3 671538
2 959023
4 628062
4 264043
2 450023
3 50460
1 848591
3 15574
3 505782
4 253335
3 773426
1 617285
3 341403
1 714221
4 897180
4 699697
1 41135
2 83761
1 757482
1 257579
4 639615
1 929570
1 470822
2 298201
3 560253
2 417378
1 171794
2 399973
4 717045
1 722912
2 988691
1 556924
1 647868
4 235224
1 559177
4 52921
3 502482
2 777112
3 280961
2 282342
4 32003
3 705996
3 754364
3 444029
3 221464
4 827635
3 845684
3 41712
1 330669
3 861776
4 102053
4 188087
2 836396
3 642367
3 298874
4 253306
1 475067
4 7076
1 520137
1 208140
3 933433
1 426289
1 427880
3 626486
4 596592
3 358561
1 12022
3 931549
3 350289
1 96157
4 597399
1 179082
3 209602
1 359867
2 205505
4 596593
4 685661
1 783105
2 705369
1 339893
2 802675
4 55701
4 111446
3 30488
4 431232
3 705406
1 333024
3 142970
3 40741
1 958041
1 483292
1 349822
3 536981
4 36923
2 281082
4 532098
2 218092
3 323511
2 809411
2 180817
4 639817
1 529277
4 547341
1 123877
3 738739
1 844592
1 748411
3 290382
2 424019
2 569056
3 588192
4 90015
1 741048
2 525046
4 280106
4 901217
2 463669
1 685938
1 735737
1 247375
3 537253
1 505060
3 339848
3 780415
1 993559
3 714154
2 177975
3 386091
4 686647
4 445171
2 579178
2 718159
4 765977
1 550765
1 417005
2 357952
3 491429
1 450853
4 963403
2 85980
1 287078
1 632870
3 60848
3 170079
3 939074
1 750979
1 372447
3 390582
4 778608
3 962525
3 555578
4 135144
2 145851
1 281546
2 727449
4 252895
2 904589
4 368441
1 58073
4 102643
4 502353
1 433837
4 235654
4 973722
2 405953
1 367987
2 29250
4 629103
1 701892
4 109358
2 409731
2 564481
4 560829
1 548712
3 37068
3 464350
4 394701
2 861762
2 311046
4 388613
2 130401
4 776880
2 196182
2 57845
4 4451
2 381855
3 639689
2 723928
1 917910
4 228028
2 238268
2 326101
3 314402
4 223435
3 476450
1 929114
3 471705
2 824182
3 287604
2 166977
4 923337
3 402048
1 418701
3 230233
3 226070
2 855238
1 30390
1 445655
3 99616
1 150914
4 263870
1 568417
2 312803
4 574715
2 25192
4 820268
3 277603
4 636221
4 872119
4 410759
2 679311
3 390663
2 799529
2 161798
1 990330
3 127195
3 343240
2 709175
3 924446
3 801004
3 509415
2 310578
4 521392
2 596493
2 736235
3 852802
3 675637
3 707081
1 460201
3 959540
4 865993
3 536450
1 13564
4 366836
1 25141
3 638029
3 915941
4 921321
4 516405
4 510605
1 179109
3 837503
3 953325
4 998700
2 305895
3 941440
3 478292
4 874275
3 61873
1 819560
2 7146
4 320260
2 772227
1 83380
4 878552
4 105048
1 423604
4 889724
4 33261
4 684349
3 248847
2 811308
3 553977
2 119557
1 858464
1 723643
3 276258
3 32649
1 991550
2 77958
1 240402
1 956197
3 284753
3 440780
1 885658
1 496029
4 435330
2 76174
1 632770
1 675749
3 786941
2 26839
2 967476
2 463528
1 876919
3 49000
3 981226
3 342554
3 653108
2 981887
2 653015
2 326090
2 312018
2 888074
2 456299
4 501659
1 36050
3 355697
1 136379
4 209511
4 961065
3 829701
4 191175
4 450652
1 663240
2 970546
1 11360
2 629198
2 766761
3 522560
3 112018
4 88701
2 921368
4 666536
4 151783
2 698642
3 451586
4 202440
1 13743
4 938544
2 993919
1 482233
4 246909
4 899837
4 808563
4 284433
3 297353
3 540022
2 677167
2 629345
3 517766
1 792361
4 881684
1 90824
4 134873
3 394584
1 584921
4 124715
4 832871
4 736529
1 440676
2 217029
3 197028
4 851371
3 79325
3 191096
1 157249
2 701124
4 723217
1 915955
4 597747
1 612669
4 454618
3 37565
2 291949
4 800395
1 820011
4 292591
2 63700
1 135897
1 524137
2 916270
3 980619
1 855010
3 473502
1 251481
4 686049
4 577392
1 710500
2 773745
1 340998
3 63408
1 760426
1 599618
3 635555
2 709765
2 840023
2 787899
1 985066
4 988126
3 295400
1 309470
4 276409
2 605486
1 597307
1 932387
4 785935
3 641569
3 550231
2 942782
3 228650
1 880861
2 368698
3 225811
4 353460
2 341512
3 409153
3 227411
4 450333
1 187674
4 143929
3 585161
1 218349
3 410507
3 857199
3 12352
4 223573
3 377837
2 511533
1 692845
4 106631
1 760813
2 904855
2 690391
3 894122
3 596487
1 671173
3 512974
1 707163
1 958071
4 738019
2 826951
4 20390
2 26749
4 547023
3 563428
2 419011
4 814580
1 640297
3 538706
3 500533
3 367342
3 670703
2 81410
2 177709
4 343009
2 925856
1 505054
4 876969
1 980500
3 956959
1 941038
2 439183
1 607857
1 315921
4 775677
1 54314
1 138139
1 956044
1 343177
2 493481
4 682028
2 65385
1 220581
1 577506
4 505160
2 949660
1 265403
2 716949
3 449376
1 423422
4 159797
4 253762
2 20114
2 899477
2 786493
3 16414
3 892094
4 855958
1 855210
4 362582
4 548148
1 386361
4 464799
3 720524
2 926694
2 417789
4 9531
2 274163
2 786389
3 170923
4 211563
1 484367
4 706153
4 17563
3 189990
1 433965
2 751262
2 943264
3 635470
1 577207
4 933451
2 40304
3 882452
2 687348
3 998007
1 776320
1 100421
3 423429
3 543878
2 895950
2 628197
4 395253
2 987616
1 674850
3 790181
2 145656
3 539179
1 712412
2 888507
3 367448
4 231331
2 444493
3 817877
1 7948
3 969842
3 637040
2 573196
4 419196
4 474893
2 56102
1 768462
4 246691
3 260854
4 93095
4 731105
3 303987
2 271869
1 609260
4 139218
1 297009
1 559306
4 509966
2 907424
1 52396
4 607893
1 235216
1 245655
4 114684
3 636206
1 339100
4 365658
4 778727
4 653650
1 625894
2 114777
4 488617
2 426866
3 971995
2 912623
3 515740
3 520593
2 834828
4 581031
2 425974
3 666319
1 784264
2 273918
3 47160
4 873225
1 224039
1 728408
1 513651
2 899817
2 356514
1 363665
1 619187
3 262848
3 537504
2 822276
1 391885
2 801782
4 691712
2 69632
4 397069
3 271343
3 959288
4 286967
2 326430
1 724324
4 222134
4 410376
4 529645
1 241623
4 425632
4 683430
1 491059
3 632538
2 135098
2 87260
