5000 1000000
4 382842
3 16394
3 506211
1 522684
4 562985
2 114561
5 176907
1 265145
4 779116
3 228141
4 449575
5 954401
2 945586
2 924274
1 96635
1 856007
1 361183
1 886503
4 466446
5 939215
5 850425
4 349731
3 189786
4 480150
2 133308
2 64878
3 608146
3 524062
1 821665
3 49379
5 273154
4 938155
3 782516
5 926053
4 36963
5 542008
4 166103
4 494847
1 702608
3 676921
1 773558
2 928941
4 433390
5 837443
3 893853
1 832623
3 613520
3 382942
2 191899
1 239941
5 518339
4 452815
3 264680
3 549674
5 671184
1 719558
4 279545
1 423754
3 852144
5 271390
3 940486
4 763019
1 75972
1 234266
3 564725
4 877363
5 195153
4 531995
4 183356
3 550030
1 480345
4 27765
2 268538
3 209815
5 809461
3 281197
5 871273
4 777625
2 649469
4 180104
1 945601
3 819099
2 453431
1 669355
3 4016
1 792763
2 257433
1 498322
2 753779
4 210160
4 955894
4 771226
4 740776
2 312184
3 427158
2 876660
3 939408
1 128289
1 669459
3 407932
5 43793
2 399470
4 108665
5 998348
3 380024
2 809966
4 284740
2 374379
5 84078
1 850306
2 473432
3 326011
4 482917
5 984142
1 748924
4 810233
2 832299
5 715043
5 349028
3 372474
4 332518
5 157334
3 989772
2 176968
3 84553
2 884690
5 173386
3 170039
2 150748
1 768565
1 335112
4 239289
3 686242
3 822629
1 29043
1 323443
5 529170
2 82216
1 20362
5 971561
4 218101
5 625629
2 952969
1 70754
5 126866
1 508679
2 409757
1 524880
3 563023
1 323925
1 684697
2 178737
4 213664
2 386705
4 972145
5 93927
3 413087
1 714624
4 657093
4 804801
3 135547
5 56873
1 267289
2 379239
4 145513
5 174525
4 904257
5 727693
2 850597
2 916194
2 613919
3 698197
3 26768
5 136438
5 30544
2 201872
3 918929
4 561466
5 476762
3 513157
3 154721
5 667872
4 192649
2 978314
2 417104
4 355229
3 847947
3 337078
4 28122
5 661336
2 24267
3 976935
1 881765
1 658298
4 202075
1 467081
3 476821
1 998287
1 353295
1 919215
5 958785
3 266200
1 979047
5 459390
1 793043
4 369914
1 358139
2 457118
2 596989
3 981696
1 462212
3 232400
1 305754
4 210149
2 413381
5 336777
1 530137
1 818809
5 894187
5 950381
2 364329
4 176384
3 30698
2 924594
2 933522
3 111092
4 758306
1 701751
4 432345
4 800874
5 180775
5 808642
3 319252
4 153470
2 842476
4 949399
3 207948
4 25092
1 874103
3 159887
5 474363
2 448830
3 459114
1 106070
3 384134
1 276590
5 300898
3 816375
2 370610
4 844897
1 609369
5 159842
5 602144
5 365629
3 512659
2 262135
5 720730
3 840759
1 409784
3 594858
4 642484
1 526664
2 561598
3 428590
5 254164
2 145487
1 404860
2 413539
4 583549
1 652866
3 427298
2 233150
2 579923
4 349351
4 209938
2 655127
5 456262
2 203035
5 948351
4 784131
5 309579
4 492809
5 980122
4 952368
3 439210
1 246952
3 58109
4 610669
2 326767
5 354767
4 411926
4 340601
3 998211
4 405106
3 864168
1 45380
2 220862
2 570772
5 462528
1 964354
5 863632
4 449022
5 20174
1 218074
4 777554
5 978243
1 42231
5 605675
4 216554
4 102599
1 19865
5 938397
3 633784
4 588409
5 336668
3 327573
3 134416
1 550188
2 585467
1 642650
3 477003
5 336921
4 517596
3 510018
4 900577
3 483767
3 84450
2 433007
2 814833
3 30881
2 400354
5 662816
4 844969
1 643130
1 97420
5 230530
1 736735
4 968202
2 737687
2 622811
3 409004
4 471891
5 394964
4 256055
5 487061
2 852955
1 529222
4 935109
3 196709
1 310788
1 587874
1 321058
1 529993
5 169169
4 806296
2 704696
2 348195
5 586655
2 442131
4 322879
3 828471
4 347052
4 391049
4 977851
1 463940
3 465953
3 521487
3 533045
5 189195
2 878306
2 403611
1 869893
1 732488
3 857906
3 721914
3 226948
3 88933
4 67634
1 905563
5 734842
3 966432
5 832938
4 237212
3 707964
4 634679
3 528854
5 231457
4 667411
4 151853
3 200394
5 51238
4 743192
5 539779
1 335175
3 87551
1 138107
1 890782
2 854315
1 187905
5 948730
5 105045
2 58432
5 712373
1 853144
3 903767
5 23672
1 714770
3 404224
5 286535
5 243469
5 121677
2 614455
4 395402
5 258263
4 46985
5 388810
3 528190
2 992692
4 662970
3 742761
4 659716
2 886830
3 221286
1 337877
1 708848
4 60234
1 401842
5 968755
4 4683
1 319644
4 774670
3 350964
2 286587
1 874934
4 731068
1 974086
2 516818
3 554365
4 466250
3 680460
3 579992
5 213815
2 652314
3 211653
2 243573
2 213455
5 159437
1 535773
4 242519
5 38521
1 426907
3 723212
4 826837
2 97694
4 607368
3 473800
3 117127
1 131247
3 751733
1 93057
5 839994
1 531207
5 265868
1 961070
5 611310
3 877657
2 325488
2 891681
4 683730
3 530016
1 406238
1 867118
1 685139
5 864820
1 908692
1 473248
3 99704
4 264082
4 204495
1 369486
2 544060
5 359330
3 857267
3 826286
2 174156
5 191126
5 389982
5 417922
4 444486
3 126568
1 430805
1 975823
3 486137
1 899490
3 90335
4 171041
5 307025
2 862119
4 646240
3 156426
5 30976
3 304729
1 640174
5 107596
5 198444
3 526347
5 177340
3 812403
4 518728
1 739794
4 27546
4 662541
2 223935
5 510237
5 310795
3 95675
4 5678
5 775383
2 44162
4 781377
4 64035
5 274821
2 870529
2 710609
2 390896
4 893884
2 696355
5 765397
3 669556
3 260115
5 85916
2 942438
4 385524
2 408163
5 854012
4 160823
3 421851
1 584454
1 905741
2 952272
4 993171
2 474488
2 143479
4 31418
3 368598
3 545406
5 158877
1 256546
4 265252
1 291782
1 159292
5 170337
1 94523
2 127387
2 406940
3 342134
3 901572
4 195289
1 332211
2 367369
2 260635
5 837420
2 36200
5 305669
4 909223
5 805623
3 435838
5 212160
2 706338
1 563800
5 289372
1 854875
3 337069
1 228935
5 574415
3 953889
1 883010
2 472352
1 680779
5 335572
2 586289
3 326981
5 970559
3 668680
5 742911
3 491871
3 722678
4 815032
3 306056
5 686415
2 397358
3 494089
1 501300
2 718803
4 403938
2 554583
2 709137
2 43715
2 884171
3 497207
4 237177
1 296189
3 286791
1 682140
3 353970
3 89698
2 68258
4 902219
5 988782
1 495820
5 598122
2 877
1 190603
2 809337
4 817541
5 138651
5 550218
4 564581
4 245550
4 564980
2 502559
5 847224
1 115811
3 814320
1 639513
2 478650
5 162345
5 549966
5 493853
2 331975
2 263218
4 32202
1 238448
1 107655
2 367644
1 412661
2 557286
1 840990
1 332886
1 654940
4 439561
3 875545
5 871594
1 253848
2 526438
5 879911
3 668404
3 674607
3 551834
5 183539
5 876103
5 952145
1 785369
4 443719
5 926168
3 286563
1 123324
3 613161
3 26003
3 506061
2 402980
1 389602
5 816164
5 204872
4 987722
4 11876
1 178257
5 283007
4 728979
4 583968
1 978199
4 102281
4 677965
4 861607
5 976844
4 902207
1 513206
5 105806
2 269511
1 731413
2 777407
3 349143
1 39707
5 750894
5 37810
1 631831
4 415840
3 952775
1 628739
4 965155
4 414812
2 729053
1 380761
4 322313
3 50451
2 339132
4 313246
5 507554
1 760024
3 27610
4 863503
1 988640
3 527644
4 755350
5 950850
5 225462
5 339055
5 553373
1 234962
3 290468
4 245234
5 838310
1 985125
4 860173
4 202826
2 973967
5 971804
4 531987
5 376939
5 856921
4 112202
5 465408
2 906807
3 373461
1 542395
3 332313
2 202585
3 184116
2 208825
3 979201
2 429171
4 654553
3 169241
5 690613
5 516722
3 431125
1 14567
1 971816
4 699534
5 249284
2 616386
4 242854
5 330397
3 824586
2 212640
5 514302
4 857543
3 162041
2 855219
5 140268
3 973609
5 38536
2 232417
2 310875
5 243544
3 430584
3 998681
2 451579
3 822096
3 211039
4 360714
1 672305
2 299526
1 902206
4 373713
1 173673
1 980992
1 975391
4 51368
2 28800
1 720329
2 37460
3 672310
3 45304
3 959674
4 711851
3 127435
4 434850
3 885084
5 463632
3 28949
2 29416
1 634260
5 881481
2 447303
5 486037
2 872446
1 145403
3 869092
5 59756
4 641869
1 459389
1 14987
2 339650
4 950546
3 75634
1 659956
1 950382
3 547245
1 674064
2 986629
3 308808
3 614350
5 41246
5 889608
1 457696
1 983240
5 462581
1 373900
2 214397
4 718241
5 90049
3 700578
1 531170
1 740336
3 133243
5 600030
4 713439
2 40028
3 708240
5 399793
3 261578
2 248431
3 194047
4 978462
2 582642
5 17536
5 553641
5 431169
5 41839
3 867313
3 9204
5 495418
5 216458
4 44666
3 269467
3 454127
1 837295
1 388968
3 903616
4 806836
5 290595
4 311131
1 761857
4 834846
4 91441
5 433229
2 172766
3 724586
1 217866
5 692444
5 533679
1 647722
2 211459
5 765760
4 397212
1 582037
5 192836
5 691228
5 482895
3 45957
5 95413
3 114860
4 616497
5 220890
2 301757
5 665840
2 968798
1 888786
3 450607
3 513975
1 594389
4 625662
5 32865
2 341464
2 784357
1 978252
5 700825
4 701149
3 974201
3 982075
4 952236
4 730130
4 379258
1 403087
2 682400
2 457657
5 585717
5 684621
2 725301
5 268700
4 172959
2 625828
3 124212
2 69410
4 721745
2 26027
5 249760
2 832478
5 53383
3 268115
4 548260
3 235073
2 357789
3 510029
1 883655
3 102234
3 830880
4 832641
2 739041
4 319270
3 113858
1 613679
2 834166
5 190740
5 914757
1 198106
5 749624
5 37815
3 118020
5 934461
5 449539
4 168820
1 387835
3 942799
1 422909
1 245998
2 139493
1 736524
5 890303
3 342599
2 440400
3 405606
5 886445
2 590790
3 871271
2 887743
1 278846
3 692856
2 913450
1 319545
4 14263
4 30578
1 145193
5 723720
4 538163
2 368369
3 609974
5 160203
2 270067
2 908654
2 964004
1 455668
4 459795
4 273993
4 789799
5 859613
4 427659
4 70566
4 333381
4 896355
5 443731
4 598958
4 529460
5 244595
5 29081
3 604539
1 871015
4 351738
2 273691
3 267180
1 531368
5 447768
4 78867
5 361323
5 65006
3 599771
3 663976
5 874069
3 899014
4 424202
2 207640
4 136699
1 944371
1 4300
4 483859
5 965834
2 925510
1 686561
4 529990
1 524419
4 266527
4 225239
1 234036
2 286435
4 123592
2 33714
1 836682
3 668309
3 467443
4 145757
4 162818
4 528422
2 459381
3 819870
3 224568
5 186877
1 819657
5 467576
2 976980
1 672178
5 733016
2 945276
3 797235
4 998319
5 403871
5 866183
4 169837
1 676307
1 437144
4 414897
2 858218
2 356620
5 351509
3 121993
2 864862
2 511569
1 276032
2 377331
2 768218
1 2096
1 144186
4 912616
4 270344
3 352081
1 984997
5 199026
2 912302
3 264785
1 143618
3 814086
1 247682
5 135379
4 413878
5 932092
3 28116
3 905091
2 660086
2 455674
4 135143
3 539777
2 699511
5 196331
3 468423
5 296794
2 997212
4 51576
5 321981
5 564953
5 305682
5 309716
3 793452
1 386441
5 895302
5 423927
3 536381
1 611938
3 337581
3 596449
2 844962
4 867867
2 937306
3 758381
2 860602
3 605139
5 410517
5 148784
4 91629
4 754482
1 514721
5 9229
3 764246
4 631354
3 147743
3 430341
2 731067
1 201999
1 611570
2 628479
5 405602
4 539165
1 513156
2 530313
5 996312
3 101335
1 92838
3 191062
3 967800
2 849620
1 353823
5 40430
3 639535
2 124793
5 446236
1 712050
3 541331
2 553880
4 234468
5 792487
2 545509
1 789394
4 632761
3 729544
5 799834
3 443962
2 613518
4 987677
3 263177
4 837029
4 490893
1 158540
5 881491
5 166940
3 371170
4 674199
3 948517
3 683271
2 123043
1 989245
4 234609
1 31216
5 794916
5 153137
4 82524
4 300130
2 976220
3 446035
5 361868
2 418845
1 84099
1 262082
4 842036
4 407134
5 854380
5 557446
5 115085
3 33937
5 902839
2 669735
1 731869
1 857275
1 389462
5 153448
5 805675
5 796886
2 406567
1 236246
3 970542
2 791951
2 274018
4 474575
5 305254
1 213278
1 503739
3 428766
4 118360
4 702884
1 763405
5 78499
5 140387
1 606773
5 395393
5 643246
5 283270
1 57997
2 873174
3 745250
5 191442
5 565040
5 68093
4 530998
1 267412
4 699396
3 682784
5 821314
5 19390
3 688400
5 534887
5 533297
3 467361
4 277309
3 358014
4 954370
1 304304
2 694886
5 877968
5 555891
2 808436
5 932982
4 578167
3 105015
3 758367
2 41124
5 522689
1 548164
1 968841
4 879999
4 502840
3 996656
4 117401
2 345320
4 171260
2 749878
5 418474
2 700402
3 465579
5 933009
5 75141
1 783421
1 569744
2 884333
3 735380
1 319614
1 707595
1 246508
3 416483
1 638777
3 834367
5 776436
5 461719
5 353471
1 382662
5 645774
5 434933
2 178411
4 730859
2 63738
4 405441
5 801380
2 307320
4 379731
4 600130
2 212360
3 676923
5 217435
4 684008
1 681059
3 989543
3 890531
2 360734
2 888101
5 862648
4 80687
1 329203
3 27176
3 794867
4 833331
1 18394
2 542676
4 37001
3 999672
5 727218
1 491907
1 832970
2 301910
3 618142
5 845400
1 726432
5 193578
5 947072
1 927521
3 625146
2 100692
5 737009
3 359220
1 869149
3 287135
2 261435
5 200810
1 435873
2 533808
2 191621
2 790000
4 938815
1 660945
1 711938
4 345954
4 859522
4 594542
3 624145
1 598826
4 517645
5 922928
1 191496
4 697822
3 518378
1 999427
4 647861
1 434339
2 495065
4 989319
5 266293
2 828616
5 731295
1 174033
1 418671
3 178340
5 392998
2 441764
3 469056
3 734427
3 571253
4 427494
1 89273
2 87650
4 368262
1 916096
5 24677
2 639702
3 117923
5 72479
2 227111
3 169511
2 176503
5 299590
5 251546
2 709049
5 905874
2 495513
5 469466
3 378843
3 177568
5 522973
4 1230
4 664244
3 447169
1 76905
5 294214
2 94178
3 203240
3 986954
4 571527
1 563469
3 539238
4 893182
5 713865
4 773945
5 472321
5 875989
2 984337
1 599677
4 581224
4 823479
1 624292
3 281591
3 707153
3 182626
5 694840
4 226653
1 128139
4 986443
2 938445
2 566285
5 153537
4 885603
1 260575
5 544636
5 167690
3 687684
1 446949
4 765407
3 96437
5 482344
3 704516
1 875864
4 381336
2 896163
1 392218
4 535055
3 433609
5 678508
2 971757
5 248527
3 95501
3 672204
2 619727
5 167791
1 57993
5 219169
5 153698
4 378031
2 429466
2 966582
3 422718
5 996798
2 686992
1 512265
4 26397
3 416582
5 410665
1 876439
1 452588
1 947172
4 705512
3 734969
3 418871
2 624393
3 416488
3 456826
2 756247
3 290921
3 785513
1 930187
4 103272
2 307250
4 742473
2 88801
2 724390
3 707866
2 373705
5 852492
1 20495
4 785686
3 913806
2 788328
1 233495
3 556391
1 235560
3 240474
5 859667
1 257234
3 330045
1 552769
1 754753
4 513487
1 313172
1 589260
3 8396
2 643962
2 334279
4 482492
2 405925
1 350043
4 540644
2 585140
4 380767
4 315259
1 272206
1 109144
2 566832
4 674157
1 52358
5 445854
1 153215
3 705043
3 433145
1 650118
2 25390
3 437331
5 234545
3 178229
2 409911
5 220586
5 441799
3 845688
4 158746
4 432604
3 385247
5 890551
4 900327
4 602082
5 925947
2 32918
3 947586
3 47526
5 788410
2 157705
4 949384
1 309518
5 965187
1 340327
1 206018
4 76255
5 968731
2 297236
1 115331
1 325875
2 904044
1 368937
1 80028
1 289729
3 50827
2 282960
5 863624
2 409003
5 765016
3 808493
1 64430
1 702519
2 762073
4 18893
2 205673
2 308217
4 939302
5 941351
2 478665
1 257113
5 534586
3 461812
1 122346
1 129598
2 886763
5 449072
1 121977
4 6395
3 423897
5 849594
2 364029
1 720882
3 976833
4 416916
4 227450
4 124601
2 268568
2 270115
2 417683
5 446659
5 842019
3 479846
3 572595
2 407875
5 892949
4 19104
2 525531
5 658959
5 386802
4 729746
2 794999
5 658982
5 755003
5 977983
2 708320
3 912837
5 173180
5 252954
1 30774
4 145747
1 26224
3 976496
4 932136
4 206861
1 872670
1 911872
5 275052
5 77332
5 282552
3 375413
2 538911
1 3402
3 885443
1 995619
4 153761
3 342644
4 482400
5 408371
5 730847
4 825801
1 716935
4 543103
3 16849
5 904444
4 773457
1 393108
5 369573
4 310642
3 640300
5 157716
1 900277
5 159667
4 212883
1 801360
2 421616
3 499394
5 804296
3 482405
5 34741
4 8612
2 750573
5 831044
3 967986
1 977065
1 517475
3 980504
2 787684
4 300811
4 86682
2 791637
2 257746
3 912410
5 942471
2 947688
3 987365
2 802188
4 574106
4 694723
5 239482
1 643626
5 375313
5 12613
3 928029
5 489697
5 647683
4 943100
3 950814
2 77722
3 327151
5 866518
1 140906
5 111734
2 939469
1 457831
4 944830
1 741602
1 527501
2 572836
4 628003
2 198712
4 701560
5 917618
5 701401
4 339460
1 85295
5 846796
5 430667
1 759926
5 827485
2 821915
1 355033
5 718128
4 428559
2 478125
3 914316
4 842389
2 497871
3 25686
3 650105
5 44765
1 385217
1 569076
2 617449
5 311781
5 225338
3 99898
4 231837
4 851275
3 737641
4 664002
3 66120
1 983238
2 433079
1 704847
3 398207
1 631744
1 597072
3 430433
5 818133
2 563063
2 228507
2 793521
4 910441
5 587537
5 44437
2 721434
3 976498
5 649022
2 148159
2 319753
1 200846
4 332642
4 179139
1 118134
2 940802
4 533132
3 717632
3 56123
2 518992
2 893554
4 8772
4 202109
2 400914
5 388059
4 359629
5 657907
4 185340
2 870179
2 396714
3 99066
5 303988
3 803966
4 592282
2 711540
1 399877
5 288818
5 709276
2 905654
1 902469
4 516553
1 177942
5 527596
2 697819
1 722592
4 867570
1 768605
2 182031
2 38165
5 807880
1 856641
3 372497
1 984653
2 485146
4 92953
2 583413
5 582601
2 992893
2 737036
4 299915
4 989250
4 978226
5 947017
5 884602
4 717185
1 97431
5 203344
4 109911
2 948266
1 634497
2 666842
2 921884
1 821617
5 262337
1 814883
3 861650
1 472189
4 993907
1 263353
5 570803
1 67302
2 680421
2 825026
5 809014
3 477666
5 26221
3 959681
1 625485
1 417135
4 988660
2 963392
2 226389
5 197429
4 420990
5 395357
5 694285
3 876361
2 600516
1 721802
1 660588
3 370407
1 422404
3 979227
4 967500
5 59878
5 404988
1 735611
1 762585
3 547011
5 265746
5 994670
1 180822
1 893258
4 38796
1 770193
2 507205
1 869392
1 259355
5 186502
4 432597
5 883095
2 13457
3 315473
3 621217
2 314106
2 785161
4 428260
4 447509
3 190619
1 219006
2 372846
1 220112
3 939611
1 503585
2 672046
1 788907
5 494823
1 620938
4 302549
5 62029
2 916024
5 110807
1 141338
1 215532
1 392066
3 394066
5 367912
2 840701
2 406462
5 176059
4 603616
4 135419
4 746059
3 774633
5 628762
5 645016
2 906142
3 944798
4 110330
1 317868
2 518976
3 974867
5 541158
5 31579
2 137065
2 330346
4 730075
3 683988
4 690793
4 236669
3 474411
1 337434
2 22887
1 550060
5 725786
2 28377
5 832951
5 285186
5 49216
5 905775
3 915182
4 326637
2 405247
5 456062
1 340554
2 684918
3 865654
5 626771
5 317855
1 996787
3 162284
1 947808
3 598973
5 283001
4 558043
2 404631
3 311037
4 33884
2 49971
3 80325
1 59659
1 980293
4 647858
4 874874
4 929009
2 637102
5 561546
1 145775
4 48854
3 496072
5 475896
2 110576
5 491496
4 100533
1 561318
3 649928
3 968990
3 221925
1 309186
4 643648
2 740156
4 951588
5 476685
4 41901
4 434835
2 291219
1 838016
3 712243
5 473397
1 99327
3 662480
2 703888
3 923869
2 737530
2 191151
1 669295
1 91124
4 290392
5 779990
4 904255
3 294100
2 646669
1 194761
5 17161
3 320321
1 947291
5 880647
5 637257
1 566503
3 77572
2 608358
5 627878
5 273828
1 573773
3 636786
3 226926
5 629851
1 226694
3 968499
2 786814
4 951435
5 750207
4 765749
2 105688
4 488770
1 25647
5 922321
5 863596
4 32471
5 791727
5 482168
5 358998
2 179803
3 177275
1 601700
3 997756
2 628628
4 757851
5 655506
5 795635
2 218593
5 898042
3 866750
1 219929
4 507974
4 496910
1 350603
5 151834
5 925082
2 229353
3 227376
3 976798
3 665269
2 472859
2 602194
3 531044
2 800654
5 384534
3 528702
3 519424
2 956829
1 493729
4 99198
3 355720
2 905484
2 620824
5 886416
1 294318
1 812349
2 397688
5 211013
1 410147
2 126221
1 415323
3 866832
2 229533
2 991326
5 851185
3 850837
2 758164
5 943365
1 370923
1 845156
5 225378
1 581295
1 224795
2 907601
1 157301
1 808298
3 190180
5 829680
1 185658
3 916100
3 70950
2 628665
1 759798
3 426097
4 214994
4 752413
5 619624
3 241665
1 842611
2 149965
1 629035
1 634905
1 543845
5 56638
5 475400
5 17531
1 523992
3 934113
1 904968
5 617392
4 518549
3 782762
4 736838
1 870948
3 692578
5 479225
1 132982
4 164485
3 671888
2 723186
4 62028
3 337566
3 291737
4 146571
1 693247
5 101096
5 443451
5 175929
4 999829
3 707000
4 391111
3 728856
3 733927
5 919115
3 646171
2 229750
3 550927
5 902694
2 502482
5 412769
5 27988
1 255892
2 296159
1 923633
5 254067
4 59604
5 328829
2 279331
2 533423
4 668330
5 843115
3 104245
5 494737
5 486575
1 59127
4 257870
2 240060
4 728317
2 567692
1 156922
4 565653
2 232039
3 430440
4 386338
4 399110
1 315286
2 400674
1 42754
4 453918
2 981446
5 738900
5 41413
5 310846
1 744967
1 478776
3 587079
1 502657
5 976003
2 213789
4 744224
4 139183
3 919643
3 655206
3 436837
4 986837
4 981042
4 378850
1 631657
3 515606
1 288785
3 785636
5 769204
3 776260
3 748356
1 777705
3 677817
2 549817
2 252835
3 707374
2 851384
4 473314
2 215227
4 368403
2 558478
5 107706
2 760766
5 836621
5 973575
1 613354
3 682335
2 840723
4 611873
3 975855
5 957656
3 184721
3 770225
5 538700
2 237631
1 548157
2 443034
3 364078
5 758449
5 845821
1 165040
4 469046
3 519294
3 602444
4 926630
4 17205
3 334138
4 908
3 513850
4 750829
1 344802
5 73012
4 412613
4 177284
3 903002
4 474964
3 321554
1 547882
5 667436
4 151158
1 199703
5 796333
3 981016
4 779730
4 633360
5 71233
5 201055
1 525306
5 599093
4 499969
4 916249
3 689089
3 290959
5 11368
3 596754
5 969740
5 263909
3 497454
2 743991
1 471999
4 41532
4 791316
4 387297
4 154228
1 412006
2 716648
1 847302
5 483685
2 673166
2 627353
4 320149
5 804100
4 953871
4 306529
3 311189
5 504366
1 242111
4 549217
5 120473
4 637939
2 86035
5 301390
1 507103
2 321332
5 463892
5 509972
1 135579
2 463263
1 631776
1 838859
1 710314
5 898880
1 316450
4 757838
4 27689
1 751224
5 906992
2 818857
3 545184
4 633811
1 55340
2 368586
5 253069
3 515323
3 194196
4 325967
2 883860
4 755108
1 652394
5 619070
1 757545
5 41072
3 717528
5 67970
3 569125
5 382249
5 650450
1 410560
5 357034
2 85522
4 957411
3 865909
1 308582
1 582128
4 470152
4 172349
2 124317
5 221137
2 386081
3 53443
2 677902
1 790972
4 298851
4 36415
5 323618
2 513574
4 532969
2 471963
5 817179
1 562872
1 996587
5 185068
3 688749
5 448596
5 116854
4 725812
2 965851
1 294624
2 7826
4 810837
5 547152
4 619324
3 737111
5 760181
2 276501
4 160027
3 202821
3 587196
1 864966
1 163414
1 424671
4 738812
1 412635
4 572444
5 642212
3 877961
2 41846
4 813954
2 482934
5 464071
4 857614
5 485020
4 69564
3 46268
5 918111
4 705580
1 367974
4 410929
2 96757
2 511725
2 405484
2 536649
4 741568
1 929610
4 475828
1 428159
1 821977
4 544002
3 203265
4 141179
1 752309
5 903456
1 417311
3 893061
1 140546
3 685624
2 353538
4 556816
2 697882
3 800789
5 725413
3 276286
5 585409
2 953418
5 76466
2 729098
1 944940
5 481657
5 679121
1 858029
4 202554
3 626509
3 17510
2 958562
3 608886
5 481292
3 509282
4 517573
2 769691
2 871145
2 240463
2 717964
1 632581
5 935750
3 264068
1 64532
4 809325
3 423673
1 830332
3 672030
3 68095
1 30
3 276847
1 5531
3 998650
5 796926
4 890666
2 162057
5 587624
2 944584
5 604424
3 86573
1 56876
5 644473
5 191929
2 483335
5 231420
3 495241
4 924951
3 903149
2 840143
2 657263
3 767827
5 36196
5 755603
1 794610
3 90864
2 278160
4 55433
4 366756
4 534479
4 626302
5 48261
4 295905
3 869329
1 623478
1 161957
3 848625
3 914774
3 278543
1 368193
5 364878
2 402015
3 851138
3 636588
2 602391
4 859503
3 80303
4 237864
1 46667
2 455255
1 142044
2 91734
4 369995
2 177031
4 374893
5 317736
5 244735
2 90687
1 575071
1 915906
2 72295
3 999144
4 142901
3 702555
3 148739
5 857031
2 545622
3 967767
4 226751
3 161559
3 305576
1 735213
1 821301
4 367907
5 15169
5 289285
2 301642
4 667935
2 74854
1 631421
2 977973
5 133714
3 789798
5 396507
1 784187
1 948690
2 869660
2 850523
1 392721
5 287325
5 160854
1 866519
1 111799
2 285456
1 940917
5 705411
5 769500
2 236719
4 873138
5 84326
5 865905
3 698982
1 911115
2 665769
2 271174
2 498946
5 56235
2 216508
3 8271
2 379151
5 332672
4 189823
2 613926
2 922014
3 932
4 674844
2 756914
3 752657
3 46425
4 241491
1 962477
1 771954
3 541431
3 629197
3 909289
3 947483
5 214917
1 451471
5 744099
3 909645
2 317670
3 712039
4 241039
2 818507
4 313527
3 77824
2 80492
5 838476
2 199204
1 440947
4 513639
4 822874
5 361290
3 424316
1 256800
5 653086
4 32147
5 731324
1 486331
2 513415
1 809446
5 222839
3 885479
1 511462
2 246546
1 180241
2 731131
1 517005
4 886727
1 184076
5 987936
2 310591
2 94652
4 130517
5 124564
5 330692
4 629585
2 318562
4 380366
3 213736
2 397166
1 673219
5 800439
4 573982
3 887623
3 185827
4 873071
5 144514
2 151702
1 792883
3 571184
3 745884
5 953724
1 52229
2 456107
1 233096
3 762233
4 447179
3 884179
2 784084
4 444183
3 544751
2 615608
4 249770
5 392085
2 549173
1 570695
3 320580
4 362487
3 409281
1 450082
2 15772
5 928314
5 824338
5 13631
4 630470
1 635763
5 204942
5 389296
4 696195
3 696655
3 215743
2 583619
2 627219
2 200658
2 291049
5 140343
4 612536
1 50997
1 336339
2 728380
5 559528
2 395391
3 464492
4 215573
3 620650
1 512090
1 372235
3 574520
3 531931
5 328642
1 992922
1 999570
1 179328
2 283300
1 759620
4 417107
1 206419
2 152822
2 414966
5 770000
2 700397
4 801534
2 918181
2 149045
1 972516
5 889163
1 607465
4 374341
4 179200
4 610833
5 350622
4 627321
5 688743
5 82874
1 956187
2 843467
1 327126
1 817318
1 812015
2 299811
2 309145
3 69393
3 929138
5 254001
3 388788
3 782488
3 93706
2 530442
2 730820
1 813700
4 908982
5 696530
2 919311
4 584571
2 9787
3 845010
2 253546
1 582575
5 657938
5 382253
3 567844
1 51966
5 400724
3 695911
5 616625
3 900601
3 25114
4 949121
4 527650
2 224877
2 253071
5 424979
4 439876
4 979336
3 58148
3 850082
3 271736
2 211201
2 71840
3 778663
4 693984
5 119204
1 929402
4 566215
5 382870
2 712884
4 240965
5 560348
2 278877
1 59082
3 304136
1 76986
4 173801
1 690799
2 299824
5 230572
1 279069
3 566106
3 929550
4 958924
2 999287
1 973831
3 494100
4 452130
2 29970
3 78153
4 649920
2 166104
2 777031
5 800520
4 685818
2 896895
4 351976
5 249402
5 146059
3 352983
3 154072
5 788874
5 744915
5 577825
3 717225
3 78024
1 200391
3 520858
3 459642
5 84771
3 25783
1 857529
4 787252
2 962357
3 971426
1 277355
2 299368
1 576862
5 583456
4 240916
2 546388
2 523538
1 365149
4 264756
1 173346
5 872654
3 855055
1 97441
1 3785
1 251136
1 644988
5 688258
4 317266
2 665644
3 23576
1 183715
2 327481
1 414688
5 736953
3 310197
2 604854
1 505434
3 780651
4 241079
5 205723
1 633309
4 311571
2 888989
4 563992
1 946620
2 22228
2 152696
3 299799
4 28034
3 518632
4 519132
3 152253
5 520754
5 614098
4 23723
2 800137
5 525835
3 17280
1 174973
3 274921
4 634898
3 550436
2 192763
2 193339
1 354986
1 460987
4 72820
4 978012
1 287611
2 851970
5 255765
5 982157
2 177872
3 274286
1 594387
2 160827
2 644254
1 544124
2 602110
5 845053
2 253663
3 561467
5 591120
2 718055
3 152100
3 465024
3 5889
1 955783
1 980439
1 403450
4 98480
2 390323
1 648302
2 520113
2 12294
5 42177
2 278611
2 902232
2 675480
1 395494
4 818562
1 882157
4 263010
1 493060
4 40021
5 520398
5 465203
2 857626
3 876023
2 347829
1 293160
3 409423
3 789975
1 639266
2 73859
5 157533
1 998784
1 197626
5 406985
4 464284
3 281830
1 152450
2 116791
1 204043
4 310782
5 820789
1 865143
1 342826
5 510827
3 730398
5 187117
1 487827
3 34914
5 141525
1 213373
4 119379
2 836268
2 331665
1 214939
1 242583
5 237200
4 15773
5 800753
4 599275
1 498310
2 198324
5 34718
3 210615
2 832701
5 844880
5 380023
1 47961
2 327741
1 156037
1 356260
4 471000
5 637629
1 529438
2 851131
4 726690
1 282764
3 134240
1 245357
4 661429
3 832783
2 431520
5 455746
3 855625
5 250161
1 427684
3 6878
1 215530
2 880027
1 446351
2 918869
2 550165
3 288092
4 73170
1 431574
3 405570
1 62092
5 458647
3 322928
1 429611
4 781752
4 828837
3 654290
4 233018
3 567692
5 222325
1 768133
3 17940
4 181672
2 875344
4 339958
4 723597
5 104065
2 170042
4 728009
2 840784
3 263599
2 567528
5 994980
4 715118
5 832298
5 60243
4 222781
3 45255
3 48760
2 797284
1 743270
3 544230
3 200955
4 132308
1 969551
2 172805
1 1893
2 399759
5 782348
5 49401
2 893028
5 688731
1 397909
1 646478
4 118299
4 46093
4 108290
4 788415
3 792117
5 537002
5 245459
2 626720
4 472630
1 984210
5 284488
1 720577
3 173824
1 814195
5 521304
3 554687
5 595420
2 903174
4 816284
5 553931
3 34574
2 980068
3 67411
5 231989
5 859758
5 54160
3 640328
1 321640
3 723568
2 654813
1 345786
3 693001
4 143908
5 813314
2 160164
1 391024
3 972494
4 783246
3 40124
1 453809
3 236232
1 834822
4 40596
4 650079
4 151572
5 571062
3 414736
4 738271
1 567807
1 446458
3 168236
1 552040
1 697353
4 803553
2 933210
4 754322
3 47951
1 134346
5 895011
3 430519
3 624925
2 873142
5 292848
4 367360
3 453716
2 269310
1 201116
1 379265
4 497416
1 945645
1 58364
2 958793
1 366184
3 881784
4 863106
5 756048
4 341508
1 98071
4 642668
2 572594
3 430418
1 389838
4 990951
4 971699
5 899463
4 139648
5 143464
3 681117
1 937156
2 537164
3 922471
1 341595
3 49684
1 11398
5 70182
4 521652
3 407841
4 82175
1 611555
1 513539
1 43636
1 195474
2 798272
2 587900
5 16839
4 714785
3 668579
4 98914
3 276364
4 284253
2 488417
2 291865
3 731928
5 843422
1 252481
5 43746
2 603784
5 922133
5 675789
2 833584
1 89652
1 39155
5 190239
3 795542
5 5821
4 58336
2 777020
4 775549
4 170249
3 467404
5 484071
1 405522
1 157171
3 59302
2 720586
2 666553
4 43772
4 628280
3 429202
4 203136
2 944473
4 386573
5 248908
4 121507
4 59520
2 889036
2 70647
5 354475
3 624883
2 472046
5 610258
3 398995
2 74462
1 777584
3 94233
5 546806
5 583894
3 518997
1 316880
2 926399
3 134462
5 104050
4 177340
1 486557
4 45576
3 374072
5 732601
2 609919
2 790362
1 361261
1 520972
2 99351
5 285223
3 709843
2 181884
2 949685
3 417324
2 426778
1 734698
3 176899
2 806375
3 923029
1 217482
1 762983
5 226444
5 465393
2 147867
2 672364
3 289348
1 660572
3 120976
3 117387
1 107281
4 578583
3 529372
1 583497
3 234054
1 680944
3 181028
3 969459
2 152976
2 116282
1 701847
4 954365
4 187713
5 421433
3 919821
4 640943
3 270085
5 733882
4 134001
2 433693
1 381613
5 205825
5 974187
5 570833
1 636483
2 342229
5 784460
5 288991
2 838426
4 66824
5 785558
1 403177
1 942911
1 133404
3 477972
5 260458
5 235760
2 299287
2 18907
4 278468
1 10183
4 46746
3 272219
4 301005
4 776581
3 30974
5 797283
1 479244
5 365338
4 438
4 720644
5 279265
2 388675
5 93467
4 668066
5 245803
5 963481
3 622665
2 810070
4 208107
3 900475
3 427557
1 865943
3 908478
4 61582
1 251813
2 519901
2 881795
2 621322
1 580753
1 645394
4 756439
5 120004
3 257653
1 218874
3 479873
4 335396
1 553022
5 549387
3 188633
5 141517
5 392872
4 1544
5 921009
5 345993
5 938752
4 590582
5 772863
4 351144
2 216812
5 996507
2 265871
2 940843
4 910136
2 152965
2 916512
5 578686
4 521254
5 728496
4 667511
3 420210
3 583436
3 180339
2 899577
1 371709
3 668450
5 608843
2 2265
1 597686
5 679060
2 927830
4 870109
4 14815
1 278516
2 766034
1 148773
3 162031
3 341912
1 255082
3 643817
3 207408
2 396139
2 960595
4 51281
4 526830
3 862046
5 754903
5 192161
4 196324
3 82556
4 293047
2 328682
3 210995
5 781879
2 42913
3 810052
4 107672
4 611258
4 690747
4 640713
5 495908
2 245346
2 301951
1 800540
1 135364
5 684878
1 732441
1 523614
2 612089
2 382276
3 900423
1 187200
1 401612
1 584271
4 926748
2 493975
3 442175
4 28184
3 154505
5 600580
4 904581
4 926220
4 834488
2 942814
4 397937
4 323004
2 334676
5 491025
5 119377
2 419225
1 685919
1 334395
2 346047
2 603036
2 191404
3 756066
4 857630
3 443774
1 827570
2 548296
1 648242
2 107165
3 913454
4 53749
5 24160
2 958169
1 6013
1 979932
5 437835
3 687428
3 671372
5 692293
4 434949
1 471795
4 635533
4 444731
1 222915
1 557299
5 866901
2 181312
3 706333
5 33027
2 627795
1 360134
5 38521
1 636439
4 412860
3 108871
2 969948
4 438724
3 52665
2 204293
1 4985
3 419514
5 591259
2 742067
1 93787
1 748946
5 400341
4 940055
4 418649
3 320106
2 543288
5 583856
1 553554
3 984008
4 354873
1 30311
3 105523
4 44099
1 541476
4 174808
3 639890
3 340400
2 820633
5 32089
4 423751
1 558155
5 621000
2 391784
4 818850
1 640295
1 472400
3 95345
1 820927
1 594977
1 868433
5 576467
4 345623
2 334762
2 936285
3 913353
4 483587
3 541997
3 74857
5 995453
4 896759
3 832662
4 717886
4 103006
2 858621
3 258870
4 439530
3 140367
5 388620
3 34467
3 260262
5 756875
4 184301
2 426400
3 966630
1 594667
1 732128
3 140355
2 930460
5 781530
4 229500
5 115140
5 433150
1 39129
2 739915
4 483174
3 599787
1 516056
3 913602
3 551597
1 634763
3 851540
1 607466
5 347151
2 17220
4 984257
1 870347
2 172752
5 804135
4 813174
5 940396
5 80988
2 100024
1 773240
4 539305
1 753061
1 41022
1 83436
2 943285
2 330760
2 940749
5 658572
2 181639
1 712908
3 481812
1 870507
5 393195
5 997580
1 239952
4 621154
1 21442
4 479256
3 786546
1 833101
3 683195
4 343741
1 272701
4 449692
5 241186
4 881232
1 954891
4 907860
4 561993
1 249677
1 532700
4 869641
4 830565
3 602137
4 8551
1 527273
1 817166
1 440251
3 176662
1 817092
4 439113
2 995151
4 114735
5 673904
4 87266
4 311603
2 748902
4 520008
2 915772
2 703673
5 364928
1 248498
5 691738
5 809259
5 711798
4 104236
4 840669
2 440658
2 107965
5 71334
3 815976
2 572489
2 751491
5 191293
5 878783
5 794921
3 417135
3 37976
4 896730
5 150515
3 48882
5 567252
4 156183
3 195240
2 910798
3 506403
2 930591
5 832158
5 8974
4 259906
5 913276
3 686055
3 435516
5 199505
2 840408
4 698487
5 105411
2 845971
5 525686
4 233301
4 118518
3 842697
4 277100
2 37486
3 603887
3 572925
2 869058
4 410989
5 626801
4 515074
3 368472
5 220172
3 974479
1 393815
1 421996
1 870926
4 969399
1 266237
4 19466
3 689326
1 424649
5 168493
3 151033
2 494808
1 739162
2 571713
4 466279
5 69976
1 533234
5 136976
1 83911
2 678303
5 681124
4 665284
4 425770
4 901116
3 355734
2 396714
4 258172
3 869069
4 779152
3 194573
2 516728
2 989995
1 653824
3 607403
4 6328
4 898346
1 320284
1 903536
1 62727
1 986369
4 920081
4 474167
2 526475
2 227842
4 236503
2 42610
4 407203
2 306158
3 926722
3 539680
3 412189
1 481952
1 197260
4 963285
5 526080
2 455290
5 156503
1 366352
3 434726
4 980634
3 299849
5 36061
3 854639
3 660309
5 935110
4 447110
2 526241
4 105861
2 847087
4 439976
5 893946
5 293313
2 473480
5 494782
3 788045
5 537533
2 736031
5 412979
3 313970
1 634526
5 450499
5 289295
3 210039
5 176858
1 384558
2 49913
5 774638
1 459301
2 33168
3 376383
5 315287
2 962247
1 861569
4 823756
5 261092
2 358272
1 29825
3 836292
4 474728
5 596112
5 120833
3 841206
1 540103
5 683503
3 817740
3 818311
4 77717
1 399271
3 374724
3 998320
4 31206
5 365944
5 240508
2 554737
1 311767
3 660063
5 973714
1 896350
2 346351
5 564324
1 587710
2 197041
1 627543
2 215157
3 764202
5 372531
4 684348
4 436048
1 219426
1 48857
5 465226
4 633132
4 614302
4 865159
5 761216
2 920177
3 420540
2 943366
1 352250
5 374861
4 585824
3 672273
4 844760
2 781765
5 914770
5 466826
5 233691
4 960446
5 532900
1 436619
2 37358
5 79148
4 939422
2 551667
2 526814
5 413346
5 545299
3 998711
5 806342
5 802276
4 666008
1 211268
5 430937
4 740988
3 689344
3 494848
3 451822
5 508187
4 421763
1 140861
5 330439
4 174318
2 251975
2 876279
4 682920
1 205180
2 637351
1 686882
4 45742
2 600140
5 617697
2 23645
4 327253
1 359814
5 44535
4 448206
1 687965
5 29238
2 404397
1 209804
1 339257
2 183752
3 907536
4 170630
2 393346
4 127792
2 267695
5 79519
2 896865
3 52506
4 520965
4 750734
5 664973
5 884596
3 704632
2 953406
4 400920
4 442442
4 232765
2 910689
4 535328
1 978163
2 588373
5 419786
1 476357
4 128817
2 37448
4 661613
3 239676
1 960258
1 229218
2 754148
1 330925
5 788495
1 707935
2 56785
2 978925
1 342076
1 879142
4 547201
4 852364
2 337312
4 400030
1 766747
5 5754
2 183067
2 713827
3 187449
3 653015
4 764765
4 822532
1 700507
3 448782
3 593747
3 782530
1 75498
2 152099
5 965537
1 406157
3 395309
3 690640
5 868543
5 58830
5 423260
3 416018
2 547024
5 746676
4 824812
5 160000
4 847440
4 408978
1 589709
4 609106
2 171009
1 234278
5 949341
5 443402
4 242016
2 252308
1 585870
5 81441
2 362913
1 920761
1 890101
5 826073
3 409650
3 806176
4 881267
2 23315
2 570294
2 663378
1 260988
5 212570
2 382384
1 675479
4 99279
1 65536
1 519440
1 508464
5 508533
3 880452
2 477200
3 266906
2 716345
5 821568
2 732747
1 866196
3 456471
3 485242
3 897295
5 297566
1 706920
3 666836
4 612850
5 436914
5 668794
2 1156
2 170464
4 145642
3 611394
1 856218
2 913325
3 666077
1 687662
5 406824
1 70564
4 540292
2 702348
2 132516
2 555458
5 310121
1 965474
2 550450
2 656577
1 53376
1 214032
4 685272
4 628053
5 722938
1 502837
2 799646
2 135941
2 76734
2 148765
5 211963
2 754327
2 212369
4 728450
2 376033
1 669613
1 280848
4 331168
2 527667
3 255262
4 531815
5 689206
1 378634
4 678646
3 929291
1 43669
3 208965
2 617757
1 535611
1 701911
5 242162
5 282468
1 280445
2 877364
1 964180
4 834463
4 460627
3 695207
3 858995
3 934675
1 781059
5 308601
1 734102
1 384225
2 209115
1 365125
2 366067
5 772431
5 660235
1 948135
2 588559
1 741389
2 585412
4 411346
4 890412
3 950510
3 606039
1 70305
5 81793
2 900943
3 327633
5 70137
1 314709
1 347160
3 338082
5 429389
1 503584
5 219724
2 678885
4 173614
1 954425
3 265744
3 29786
1 946759
2 15457
5 851049
4 87794
5 533454
2 335133
2 865789
1 299050
2 191044
5 307426
3 805011
4 367914
4 118015
2 432720
2 774198
2 223212
1 465074
2 31740
2 26009
5 811668
5 320419
5 980365
3 169817
5 809669
1 708017
4 191495
5 257544
2 869924
2 996691
3 107745
1 906674
1 507151
4 674016
2 149797
3 701430
4 62623
4 657849
1 482767
3 293403
3 670519
2 73053
2 622956
3 12316
2 38901
3 258564
2 421552
3 907222
2 711880
1 720745
3 728675
5 581710
2 338549
5 915756
4 626793
5 839834
5 921423
3 832395
5 182004
1 360773
4 521229
5 97182
5 996797
2 437370
1 853115
5 502392
5 19495
2 80417
5 732017
5 366747
4 657906
1 934635
5 836781
1 499902
3 985905
5 763530
1 216078
2 586994
5 671737
2 59928
2 536819
5 678897
5 721779
5 62094
2 567939
4 596997
5 276651
2 915088
2 342383
5 416663
1 469996
1 37241
3 258983
2 409901
4 711529
5 114358
4 111948
1 43593
5 926515
3 619368
2 274252
1 500614
3 97349
1 47960
4 486277
4 680380
5 4827
2 425193
2 236536
3 361659
2 985595
1 3253
5 709157
2 163357
1 781608
1 207921
2 195686
1 439906
2 362151
4 659855
4 638786
1 39866
3 63121
2 545323
3 636061
3 783466
3 701474
2 350520
4 87096
2 221755
2 800058
3 960955
4 25275
1 607261
2 501637
5 106953
5 52281
1 648430
3 848209
2 984400
4 717628
4 378476
3 899510
5 223229
1 5464
2 57711
3 28367
3 707748
4 266750
4 799549
3 159714
5 576691
2 162098
5 496174
1 718837
4 345832
2 438170
3 578133
3 730056
1 351857
4 776411
4 34040
3 221549
4 196882
2 987886
5 285775
1 484870
1 443087
5 398906
4 790999
3 217622
3 998014
1 706201
3 772985
4 101281
4 219412
3 58676
3 678560
2 311202
4 982309
3 672813
3 560785
5 343375
5 802993
2 943188
5 343387
3 74225
4 208572
1 950600
2 210557
4 819818
4 392603
3 518060
4 970102
1 577436
3 873643
5 874752
2 326528
5 30371
3 197320
4 666912
1 407320
1 162534
3 551028
3 787351
3 973703
5 113210
5 887475
5 398796
1 451211
4 861729
3 667016
2 976081
4 788752
5 471494
1 651401
3 35776
4 959788
2 573746
1 146000
2 807813
3 741462
4 718832
3 443641
5 356627
5 26960
1 149956
4 592165
5 637361
4 452748
1 241035
5 713282
1 614264
4 544090
5 97578
3 230767
4 690149
1 548655
2 878991
2 88908
1 10953
3 206903
5 877191
3 475309
4 95014
5 892595
4 207552
3 898687
5 848668
2 385194
5 468668
3 32736
4 320917
1 761711
3 767143
4 253542
2 655028
1 800837
5 253030
3 390196
3 872218
1 886917
2 261635
3 600131
2 611232
4 241535
1 321341
2 7823
3 546507
5 471013
5 933047
5 812250
1 64993
3 652061
4 817856
1 75247
3 116018
3 297348
2 725392
3 140492
1 14879
1 756997
3 882138
1 422075
1 559654
5 794487
3 64576
3 619103
2 433574
4 811658
3 152666
5 566996
4 921142
2 308739
3 146659
5 521272
2 478509
5 68099
5 783770
2 198149
4 380657
4 760880
1 410094
5 644405
4 955116
3 845319
4 634747
3 746182
4 859312
1 358543
1 931654
5 991588
2 42417
5 269295
3 71988
5 808471
1 412883
5 278256
1 546648
2 416816
4 71462
3 435753
4 812560
1 133835
1 529641
2 548885
5 753233
1 85909
3 319613
3 732070
3 914436
4 409821
4 222667
1 713597
2 476016
2 22310
3 253041
5 446363
2 120740
4 402586
3 496539
4 368462
1 836359
4 597096
3 899158
4 87918
2 728152
4 926019
5 489280
2 921747
3 347738
5 811569
3 33373
4 803069
3 426575
5 697599
4 666798
4 397818
1 672897
2 887509
3 460016
3 425900
5 101665
2 580197
3 757534
3 607811
4 778217
2 365341
1 423035
2 27407
5 178885
5 549089
4 629779
3 860185
1 858405
5 158143
3 900640
4 169466
3 495700
5 930115
1 425519
3 41579
5 363076
2 428130
4 118824
2 567469
5 783744
2 785509
1 852650
1 473717
1 230875
4 430568
4 210575
4 285242
5 447045
4 11384
5 879841
4 900002
2 983893
4 557755
5 669369
2 128033
3 948424
1 423246
2 336721
4 910738
4 795756
3 291164
4 480644
5 805444
5 670900
4 944955
1 597098
3 198311
1 317793
3 94192
2 562228
2 635696
3 393802
3 829959
2 967139
4 928865
4 534321
5 445107
1 8571
4 956274
3 385489
3 351453
2 666431
2 792299
4 713457
1 635405
4 555636
1 366275
5 820407
2 329678
3 827257
2 537355
2 916967
1 174079
5 797103
2 156721
4 107847
4 433202
1 624756
2 469976
3 388030
1 95907
1 889333
2 545795
2 960234
1 581619
2 97655
5 928742
5 938396
5 21638
1 541068
2 49112
2 122722
4 895190
2 978981
3 545354
3 146802
5 462387
5 916340
3 896025
4 697420
2 559183
4 70083
2 591692
1 510064
2 906265
5 185066
3 205873
1 584898
3 670248
4 998983
1 664717
2 676048
1 202222
5 154037
1 955376
3 702103
5 368853
2 574446
4 209051
4 500416
5 287236
1 88476
4 708014
4 825469
3 758358
4 956824
5 71563
4 957772
3 733452
1 403451
3 862784
1 994271
4 132763
4 909733
3 417292
2 966372
4 780160
3 598641
1 376292
5 616417
4 299802
5 854644
3 121330
3 309630
3 741761
5 611286
4 540817
1 562611
1 181281
2 79055
1 407194
2 307022
1 483352
3 854604
5 150985
1 589045
4 877440
1 460985
1 182626
2 263069
1 651691
1 675775
1 798498
3 11352
1 26771
2 659379
3 848498
3 429449
3 909446
4 331225
5 531634
4 457592
4 703520
3 604988
1 603563
1 582411
5 562108
3 221651
1 363889
5 71153
4 574269
5 17654
1 758125
2 392267
1 415384
2 953201
4 764970
2 690045
2 186898
3 64385
5 742033
5 226623
2 281813
1 459221
3 178834
3 114942
1 857385
2 246350
1 806774
2 938632
4 662892
5 592372
2 482401
4 556471
5 406728
5 216540
2 350176
1 470529
4 912255
1 686455
1 506497
4 952101
1 112909
5 144797
3 487591
2 381896
5 197697
3 308932
2 837333
2 215462
2 228592
4 152363
1 452830
4 63796
5 398187
5 78948
3 503532
3 868203
5 792847
4 140950
1 78144
1 15753
1 223205
4 685710
2 363960
1 780255
2 584035
5 31624
1 574219
3 564728
4 788435
4 620921
4 18301
5 941873
4 843154
2 268146
3 253480
5 807964
3 20173
4 367979
1 622403
5 574786
4 62040
5 241958
1 935796
2 881445
4 786753
2 49611
5 28874
2 470675
1 262781
2 377683
5 208540
5 872054
3 127086
1 869598
2 475811
1 660451
2 187463
4 944572
1 679462
5 509733
1 60075
5 300335
2 364830
1 803576
3 436743
3 824128
4 541202
1 904074
1 810834
4 440520
3 820656
2 447604
2 373421
5 597512
5 824987
2 694296
3 236596
4 142597
5 132465
4 392675
3 44210
3 678316
5 493629
4 606224
4 18541
2 475908
1 130566
5 229573
2 320944
3 859990
3 775041
4 413005
4 205356
4 781671
4 562198
4 718480
2 793636
1 334938
5 18747
5 234873
1 842007
3 387109
2 129099
2 318317
4 814066
1 437837
4 833401
1 829525
3 460654
3 440711
3 837277
3 19769
4 463210
4 384790
3 605514
1 416957
2 504485
2 983448
1 10198
5 365399
5 177316
4 307450
3 578667
4 305922
1 710980
1 269563
1 40033
2 427535
4 226795
5 3471
4 603926
3 255068
2 796140
3 816494
5 988280
4 927227
2 208284
3 56257
3 502063
3 445819
2 242377
1 303012
3 876709
2 76740
4 35037
5 855158
3 411362
2 931665
3 168946
3 591399
1 525525
5 3284
3 777954
2 318161
1 806383
3 699591
4 793542
5 29889
2 851334
5 843825
1 287820
5 766814
2 800469
1 36298
2 498843
1 81761
2 591005
5 596553
1 62318
3 871097
1 437266
5 141341
2 303980
2 246431
4 205130
2 22102
5 48038
1 109227
1 970425
2 789072
1 383230
1 469470
4 90004
5 214468
4 332669
3 333201
1 920206
4 686174
4 440758
4 534378
1 206790
4 365915
5 262673
4 78714
4 255981
1 751588
4 446645
4 407733
2 223939
4 308047
3 598945
4 859839
5 880516
3 667108
2 762392
4 270550
2 103806
3 256000
2 364307
5 980098
2 682162
1 49100
4 82414
3 91831
3 574616
5 585579
4 156337
2 698832
3 577242
3 365471
4 145397
1 170059
4 855338
1 814651
5 867452
5 398669
2 423454
2 483724
2 101869
1 951421
4 376359
4 949845
2 965855
3 332034
5 949839
4 656095
2 766846
4 915049
5 341065
5 862214
2 186871
2 678222
2 991981
1 277330
1 173307
2 758720
5 956218
1 924100
2 323904
4 991390
4 915222
3 757840
1 971016
5 75143
5 446792
2 497151
2 943130
1 616727
3 899561
1 608648
1 175565
3 790402
4 182289
4 534390
4 137828
4 913163
1 877674
5 126377
5 225047
5 157185
1 221709
4 912339
1 160314
1 817283
1 431969
4 160697
3 631278
4 49421
5 755492
3 615726
3 58584
2 685848
3 164390
4 333394
2 297648
1 474463
4 386170
4 139365
5 276103
3 907982
1 744109
1 516034
2 833806
4 169851
2 980604
3 806811
4 499500
2 253166
3 740449
4 465356
2 29041
4 460933
3 869305
2 561794
3 20128
5 77475
4 618994
1 672256
3 468163
3 272292
2 698095
1 548100
2 866999
5 625598
5 552877
1 891428
4 746238
4 908212
3 57459
5 344460
4 601175
4 451300
2 286275
5 325302
4 700472
4 586843
1 216053
2 713978
4 807318
4 321233
3 369807
1 198045
5 631150
4 272958
5 677049
4 318381
2 98846
5 879010
3 510339
1 880253
2 758499
3 82738
5 531870
1 588750
2 921024
2 276367
1 842910
2 849989
1 416760
3 642411
3 453270
1 938914
5 906806
1 48903
5 880490
4 90942
4 373357
3 685554
2 51839
2 598245
4 775933
4 395033
5 549372
5 30743
5 801469
4 264277
1 468386
4 616920
3 507588
3 435298
5 736741
2 635979
2 187372
3 205851
4 649783
5 881911
4 960788
2 884228
2 380722
4 938990
1 428510
5 605343
2 638933
3 834864
4 426435
5 239982
5 730199
5 42986
2 326111
5 182637
4 575895
2 487589
4 57303
1 660504
3 980697
2 286363
3 384709
3 632577
5 449925
3 456281
3 433021
2 513122
1 254291
2 855675
4 419362
4 735652
2 236544
2 57501
4 631181
1 492242
4 341250
2 30458
4 95327
5 934909
1 124363
3 222730
1 63451
3 587629
5 430817
4 198923
4 679557
5 730172
4 467521
4 853283
5 737041
2 191425
3 342756
4 692509
1 790395
5 500161
3 30154
2 682704
2 55598
4 337942
1 343811
5 553458
5 983368
3 622632
1 828282
3 88388
2 86259
4 470145
4 766071
2 515263
3 828031
2 636759
3 940393
4 311197
4 781099
2 262978
4 87782
2 649383
4 386777
2 164666
5 953391
5 571912
2 559006
3 994367
1 491470
5 460123
1 404966
2 461191
3 882470
1 320613
5 614758
4 580461
3 168282
3 387871
5 295170
5 441711
2 17702
5 153747
1 324735
4 678818
2 362391
4 642677
4 776994
5 179224
1 608274
4 182221
3 210108
5 94687
5 494901
5 922487
5 925099
1 195861
1 374740
5 339364
2 394532
2 461247
2 255919
1 203233
2 850023
1 145775
4 731674
5 461112
4 42528
1 863731
4 876982
4 734752
3 586404
5 80444
3 701337
3 154235
2 993479
2 353434
2 645371
5 343625
1 680878
2 305572
5 844421
1 278047
5 225662
5 415630
1 153599
3 17877
3 409925
3 545939
4 701252
3 579108
2 820207
2 290892
