5000 1000000
2 206
2 211
2 214
4 411
2 208
2 207
5 509
3 306
1 106
5 504
5 515
2 208
1 104
1 107
2 198
5 502
5 494
1 108
3 304
1 108
1 107
1 107
5 503
2 207
3 295
3 310
4 411
2 212
3 302
5 513
4 405
5 510
5 497
2 204
4 413
4 413
5 512
3 304
3 316
1 100
2 203
2 203
4 414
4 410
4 415
2 205
1 111
1 106
4 397
3 299
5 511
3 309
3 311
2 201
4 400
1 103
5 509
3 312
1 101
4 409
1 106
3 302
4 409
4 402
4 414
3 304
4 393
2 203
1 104
5 501
2 208
4 412
4 396
1 110
2 201
3 305
4 405
2 210
2 209
2 202
2 203
4 394
2 208
1 102
3 302
1 102
4 409
2 213
2 201
5 513
3 302
5 514
1 111
1 104
5 519
3 303
5 497
2 211
1 104
2 201
4 402
2 206
1 101
3 301
4 406
3 306
3 308
2 201
3 309
4 397
5 494
1 111
1 107
2 205
2 213
4 397
5 494
1 105
4 404
5 501
5 514
4 408
4 396
5 515
1 112
3 307
3 309
1 109
3 299
2 202
4 404
3 307
1 104
4 398
3 304
4 393
2 208
3 313
2 206
4 414
1 103
3 305
4 412
2 209
2 202
1 109
3 309
5 510
1 111
3 304
5 498
5 514
5 513
1 103
4 402
1 109
3 307
5 508
1 102
5 518
4 401
1 107
5 503
3 301
1 108
2 205
2 212
2 211
3 308
1 104
5 504
4 412
5 514
1 102
3 302
4 413
4 406
4 406
5 506
4 397
2 203
3 304
1 101
5 519
5 514
5 512
4 402
4 396
4 415
4 402
1 104
2 207
2 204
4 401
5 499
2 206
1 103
1 104
1 102
4 397
4 406
1 106
2 208
3 309
2 205
2 207
3 303
5 497
1 104
2 199
5 514
5 505
3 313
3 307
2 207
3 313
1 107
1 100
4 410
5 495
5 497
5 513
2 202
5 519
3 298
1 106
5 510
1 106
3 312
1 107
3 301
2 208
4 413
1 104
5 505
2 206
3 302
1 104
2 205
5 515
1 105
4 407
3 301
3 311
2 201
2 200
1 109
1 107
5 506
5 501
1 107
4 409
2 207
1 103
1 104
1 112
2 200
1 106
5 512
3 308
4 401
5 499
1 109
3 297
4 409
5 508
5 498
5 500
1 108
1 108
3 306
3 299
1 103
4 418
4 410
1 108
2 199
5 515
5 514
2 205
5 519
2 213
2 206
1 107
4 401
2 207
2 212
5 516
4 417
4 409
3 312
1 110
4 394
5 512
1 109
2 201
3 299
1 109
4 399
4 409
2 204
4 413
3 305
4 398
5 507
3 304
3 305
2 210
5 504
4 411
2 204
1 107
2 206
1 102
1 108
3 299
4 410
2 201
5 498
3 309
5 504
2 203
4 413
4 407
4 410
5 514
1 105
3 308
5 505
3 316
2 200
5 502
2 202
2 205
1 107
3 305
5 503
2 207
2 205
3 303
2 205
2 209
3 310
4 409
5 516
5 493
4 393
3 305
4 409
3 304
3 304
3 310
2 206
5 520
2 207
5 509
1 106
3 297
2 204
4 408
4 406
3 301
2 207
3 302
4 400
5 519
5 505
5 513
4 405
1 102
1 101
1 111
1 101
2 205
2 203
4 399
2 204
2 202
4 409
3 304
4 401
1 103
1 103
1 104
2 203
5 497
4 417
5 496
4 403
4 410
5 513
2 197
1 104
1 108
5 498
5 500
5 509
1 100
3 296
1 104
2 206
3 305
5 500
2 206
5 507
4 418
2 206
5 499
2 204
4 412
3 305
3 301
2 210
3 307
2 202
1 100
2 205
2 205
5 492
4 415
4 411
4 402
2 204
1 107
4 404
3 309
4 415
2 202
4 397
1 104
2 201
4 412
5 515
3 300
1 106
2 208
3 304
2 205
2 204
5 502
5 502
2 207
5 497
1 100
4 407
2 209
2 210
3 313
3 303
3 298
5 508
1 104
5 510
3 315
1 106
2 209
4 402
2 201
4 410
3 302
3 310
3 303
5 504
5 507
1 102
1 108
2 210
1 108
5 494
4 402
4 401
3 315
2 209
5 520
5 513
4 403
5 500
2 207
3 296
4 408
5 497
2 206
4 400
1 102
4 408
5 499
3 306
5 510
4 405
2 209
4 409
1 106
4 409
4 402
4 411
3 303
2 203
4 407
4 410
4 393
2 199
3 305
1 102
2 204
4 398
1 108
2 204
5 506
3 307
3 307
3 307
2 205
4 410
4 395
5 508
5 516
4 407
5 517
5 499
2 206
5 513
3 298
2 204
5 495
1 106
3 302
2 206
2 213
3 306
4 417
2 206
2 209
4 407
1 107
5 499
5 506
3 301
4 415
2 212
5 504
3 307
2 202
1 105
4 400
4 400
3 298
5 511
2 200
3 308
4 407
3 298
5 515
2 201
2 206
4 407
2 208
4 418
2 212
4 404
3 302
4 418
1 107
4 407
5 496
2 204
4 412
1 110
1 106
1 107
2 202
5 502
1 105
2 201
2 202
1 108
1 107
2 202
3 307
5 519
4 401
1 107
5 519
4 397
2 201
3 300
4 409
2 203
1 108
5 495
3 307
2 210
3 297
5 518
1 110
4 411
5 503
4 399
3 310
2 205
4 409
2 207
2 205
2 203
5 499
2 211
5 501
4 400
1 109
2 199
5 519
1 107
2 200
2 202
5 509
5 503
2 207
4 401
1 101
2 207
1 110
5 505
3 304
1 106
2 205
2 211
4 401
1 104
4 393
3 313
4 405
5 516
5 500
4 403
4 406
2 206
5 503
2 203
1 109
3 306
4 402
2 206
3 310
5 508
3 311
3 316
1 102
3 303
3 312
4 413
4 407
3 299
5 515
1 111
2 208
4 413
5 504
4 400
4 400
4 400
5 517
2 204
5 512
1 101
5 498
5 491
1 106
3 300
4 409
4 406
2 205
2 207
4 397
3 306
1 100
2 202
3 304
4 405
3 312
3 315
3 300
2 206
4 411
1 110
2 208
3 302
4 410
2 210
3 302
5 513
3 311
5 506
2 211
5 507
1 104
1 105
5 491
2 205
1 103
1 104
1 107
4 405
2 198
3 301
2 213
2 210
5 514
3 300
3 299
2 206
5 497
5 492
4 412
4 411
5 512
1 110
3 307
3 313
3 305
1 101
1 105
4 411
2 209
4 413
2 210
1 103
5 518
2 201
5 494
3 303
5 513
1 102
3 304
1 102
5 495
1 101
2 200
4 396
5 501
5 499
4 401
1 102
3 313
3 316
2 208
3 313
3 303
1 108
1 109
3 301
2 208
4 401
5 500
4 414
2 208
3 305
4 418
2 208
2 204
3 305
4 403
5 518
4 400
2 214
4 404
5 500
1 104
3 302
4 394
4 398
5 513
5 497
4 410
2 210
1 106
5 507
4 394
5 511
2 203
4 393
3 301
3 301
2 210
4 396
1 102
3 305
1 104
5 506
5 496
3 305
3 304
3 298
3 303
5 510
5 507
5 508
2 199
1 103
4 394
3 307
1 105
3 299
3 310
1 103
1 111
4 400
2 206
4 406
4 409
2 201
4 400
1 106
4 406
2 205
3 297
5 495
2 203
3 308
3 303
5 505
2 199
4 407
4 404
3 309
4 414
4 406
1 102
3 305
5 492
3 295
5 515
3 301
3 312
5 492
2 199
3 310
3 308
2 205
5 505
3 309
2 207
5 517
4 402
2 199
5 511
1 106
4 416
3 299
1 101
4 403
1 102
1 106
5 508
5 520
4 402
4 409
1 101
4 406
1 109
4 409
4 402
2 211
3 306
1 106
5 511
4 405
1 104
4 412
3 315
1 107
5 496
4 406
1 103
5 505
4 406
4 411
3 301
3 307
4 409
4 401
5 508
1 110
4 414
3 314
3 311
4 418
4 399
3 310
5 503
2 203
4 411
2 210
4 404
3 299
4 414
4 405
5 513
4 396
3 302
1 109
1 111
5 505
3 310
5 520
2 202
5 511
2 208
5 502
2 206
5 507
5 519
4 402
2 204
3 313
2 199
2 210
5 492
3 315
5 501
3 304
3 313
4 394
4 398
1 111
4 405
4 410
3 309
1 108
1 110
3 303
2 207
5 495
5 501
5 515
1 106
5 514
2 211
1 109
5 505
2 213
2 207
1 105
1 105
4 406
3 313
3 299
5 498
4 413
3 306
2 201
4 415
4 409
5 520
3 309
3 306
5 513
3 297
5 495
4 410
1 104
3 312
3 311
3 313
1 108
3 303
3 305
4 397
1 103
3 303
3 306
1 101
1 104
3 311
5 510
2 202
3 302
3 300
5 518
1 102
1 103
2 210
5 499
4 410
5 509
4 408
3 295
5 496
3 300
4 402
3 307
4 402
1 99
3 308
2 207
2 207
2 209
3 307
2 210
4 412
5 507
2 208
5 498
3 304
4 401
1 102
1 110
3 312
3 306
2 205
4 404
4 405
2 206
1 108
4 405
2 208
5 497
1 102
5 511
2 213
3 298
4 410
1 109
5 517
5 497
3 303
2 212
3 301
1 104
4 408
3 312
3 300
5 498
3 308
2 206
1 103
3 305
3 306
5 513
3 299
1 106
3 296
1 104
1 108
4 405
3 304
4 402
2 201
2 205
4 413
3 315
1 108
2 202
5 509
3 295
5 501
3 310
3 310
1 110
5 516
1 101
4 418
3 298
5 501
1 103
2 209
1 107
4 414
2 207
1 105
5 520
2 205
3 306
3 310
5 513
3 312
4 396
4 399
2 203
2 199
2 208
2 197
5 497
1 101
3 296
2 199
2 207
4 409
3 313
3 306
4 406
3 302
4 402
1 111
2 201
2 208
2 204
2 205
2 206
2 204
4 402
5 510
5 498
5 506
2 200
5 500
2 203
4 400
3 308
2 210
5 493
2 208
3 299
1 110
3 305
2 205
4 415
5 504
5 513
5 508
3 314
4 396
5 499
3 306
3 307
3 307
3 315
4 412
2 213
1 106
2 200
5 499
3 305
2 197
4 413
2 214
1 109
1 108
4 394
4 399
3 311
1 109
4 413
1 102
1 112
4 399
3 303
1 100
5 515
1 109
3 305
4 403
4 411
1 105
4 410
1 101
2 200
4 416
2 210
1 101
3 305
4 404
3 298
1 106
1 112
3 308
3 310
2 206
5 514
1 105
5 515
3 296
2 203
2 206
3 300
2 214
3 310
4 414
2 202
2 209
3 309
4 409
5 506
1 101
5 511
1 108
1 102
1 107
3 308
3 305
3 304
1 105
1 102
5 499
4 398
1 108
4 414
5 496
2 204
3 307
4 412
3 310
3 297
4 407
1 108
5 512
2 212
1 101
1 104
2 206
2 201
3 312
4 403
2 209
1 102
2 204
2 213
4 398
5 505
4 413
4 402
3 309
2 208
5 504
3 302
5 510
1 109
4 401
4 402
2 206
2 205
2 214
4 398
3 307
1 101
1 100
2 199
4 405
2 207
3 304
1 104
1 112
2 202
2 203
5 505
4 414
4 410
1 102
1 109
4 406
3 301
1 102
5 514
2 213
2 205
3 298
4 398
2 200
4 408
4 398
1 106
2 200
5 499
1 112
5 510
5 499
1 104
4 397
2 210
5 520
1 109
4 409
2 201
5 511
3 308
2 205
2 200
5 506
2 212
4 407
2 202
3 296
2 212
1 104
4 407
2 208
5 498
5 512
2 209
4 406
2 205
5 511
4 413
1 105
2 206
2 200
1 101
2 201
1 104
1 104
2 204
2 201
5 510
2 207
3 311
4 398
1 110
1 108
3 308
4 411
1 109
5 492
2 203
5 512
3 312
1 109
4 409
4 402
3 300
3 311
2 205
2 202
4 405
3 313
5 520
5 497
1 106
2 199
4 396
2 197
5 516
4 402
3 305
2 203
2 214
1 108
4 401
1 100
1 112
4 409
2 206
3 301
4 398
2 197
3 310
4 400
5 503
5 501
2 205
5 504
3 302
2 199
2 203
1 107
3 301
5 508
1 110
3 297
3 305
1 104
1 104
3 299
1 106
3 303
5 506
5 498
5 498
3 311
1 103
2 207
1 102
2 201
3 304
2 203
5 506
1 100
1 106
2 201
4 397
2 201
3 296
3 312
2 210
4 402
5 520
2 211
4 411
2 211
3 307
1 102
1 102
3 304
2 209
5 519
1 106
2 209
2 205
5 505
1 102
1 106
2 210
3 303
3 304
5 504
1 109
2 207
5 514
4 403
1 105
5 503
5 495
3 301
3 316
5 501
4 405
3 313
4 410
1 103
5 504
5 501
3 303
5 511
4 415
4 414
1 106
4 402
1 103
1 101
2 200
3 303
4 417
2 207
3 307
2 206
2 205
3 300
5 494
1 108
4 395
2 202
1 99
4 406
5 499
4 405
1 105
3 296
5 498
5 515
1 110
4 402
2 202
5 496
3 305
3 302
3 315
5 512
5 511
2 208
2 211
5 498
4 418
5 496
4 403
1 106
3 307
5 509
4 409
3 303
5 503
2 201
2 204
2 213
4 400
1 100
1 108
3 315
1 108
1 103
2 209
4 404
5 495
2 204
3 309
4 414
3 310
1 106
4 407
5 509
5 493
1 108
4 409
3 313
5 505
2 201
4 395
5 512
2 204
3 305
1 107
2 206
5 498
3 303
4 418
2 205
1 100
3 301
2 203
3 314
3 313
3 303
1 100
3 309
5 504
1 106
4 401
2 201
3 295
4 416
1 102
4 406
5 504
1 104
1 107
1 106
2 205
4 409
1 108
2 207
4 408
5 515
5 505
4 401
2 206
1 104
3 312
4 406
3 310
1 107
3 311
1 100
2 206
1 101
1 112
4 403
2 205
2 206
1 100
5 508
1 100
4 401
3 302
1 103
2 205
4 415
1 104
3 297
5 496
3 304
3 306
3 304
5 501
4 418
3 308
3 303
2 206
2 201
5 499
3 307
4 400
1 108
3 315
3 301
4 409
2 203
1 105
1 102
1 109
4 402
2 203
3 296
3 308
3 308
3 303
5 507
5 513
1 109
4 410
1 104
4 410
4 409
5 513
1 108
2 201
5 505
2 206
4 406
4 401
1 109
1 109
5 513
2 210
3 308
5 498
5 514
2 202
2 200
2 213
2 211
3 300
5 500
5 504
4 410
2 206
3 300
4 398
5 507
1 100
3 309
1 108
5 515
4 410
3 312
1 108
2 210
5 506
3 302
3 306
2 202
1 107
4 403
2 204
2 199
3 302
4 394
2 208
5 498
5 520
5 509
3 298
3 301
1 112
1 107
1 107
3 299
2 208
5 515
3 297
1 100
5 511
5 496
4 408
4 407
2 211
5 503
4 400
3 311
2 207
5 515
2 206
4 406
2 207
4 404
5 501
4 410
2 202
5 515
5 509
1 108
2 199
1 107
1 99
1 106
5 514
2 205
4 411
1 109
4 414
5 503
2 207
3 299
3 299
3 310
3 299
3 296
2 207
5 511
3 312
5 514
5 496
3 305
4 399
1 102
2 201
4 407
5 507
5 499
1 109
4 401
1 109
5 495
5 498
2 204
3 299
1 104
5 513
2 206
2 209
4 413
3 309
2 203
2 201
4 414
5 506
1 102
5 508
4 407
4 406
5 497
4 402
3 305
2 205
5 499
4 399
5 499
1 105
3 298
5 499
1 102
1 108
5 498
2 209
4 417
1 100
1 109
2 204
4 412
2 207
3 296
4 393
5 495
1 106
1 107
2 208
3 299
1 104
1 107
2 200
1 104
2 205
5 508
3 301
5 491
5 502
2 207
5 506
3 311
4 405
2 211
4 414
4 409
1 103
5 501
5 511
5 505
3 304
3 302
4 402
2 203
2 201
3 304
3 299
5 507
4 400
3 310
4 410
5 504
5 510
5 492
1 103
5 518
1 104
2 206
2 209
4 410
1 107
2 205
2 205
2 197
2 200
3 304
3 308
4 413
1 110
1 104
3 300
5 504
2 210
4 418
5 515
4 408
3 298
3 306
1 110
4 404
2 201
1 106
4 402
3 295
3 310
3 299
5 507
2 202
5 520
3 309
1 110
3 301
1 108
3 303
2 204
1 107
3 308
3 303
2 201
3 303
1 109
5 512
5 491
2 207
2 203
3 296
1 104
2 207
1 110
3 312
5 492
1 108
2 213
2 201
5 507
2 206
4 405
1 109
3 309
1 104
3 303
4 408
3 308
3 305
2 206
3 304
1 103
1 106
1 108
3 303
2 213
1 106
5 501
5 504
5 500
4 403
3 301
3 311
5 520
5 517
1 108
1 103
4 415
2 212
2 204
4 403
2 205
5 503
2 207
2 210
2 204
3 302
5 513
3 308
1 109
4 413
4 395
1 100
1 102
1 111
3 310
2 207
1 101
5 515
1 105
1 110
5 512
5 506
2 202
5 498
1 107
5 507
4 414
3 306
1 99
2 214
4 407
3 301
4 408
3 308
2 203
5 506
2 197
2 214
2 206
3 299
2 207
3 316
4 395
1 107
3 309
3 300
1 106
1 108
1 106
1 108
4 408
2 208
4 398
5 514
5 498
4 403
3 302
2 207
4 414
2 206
4 402
4 397
2 198
5 499
1 103
4 414
3 307
3 304
2 205
5 491
1 103
5 500
1 104
5 492
4 412
1 107
4 402
5 509
3 305
4 403
5 504
5 503
4 413
5 513
5 492
4 400
4 402
5 494
2 203
4 414
2 202
2 199
1 108
4 402
1 106
3 301
4 409
3 308
2 206
2 200
1 106
3 316
1 103
3 301
2 212
2 202
4 409
4 413
4 407
3 308
2 203
2 214
5 513
1 106
2 203
4 402
1 110
2 210
2 207
1 103
3 309
2 206
5 509
2 212
1 105
2 201
3 316
1 102
3 300
4 396
5 499
5 497
1 111
5 508
5 508
4 397
2 207
3 311
5 500
5 511
2 209
4 402
3 301
4 412
5 501
1 102
1 106
4 406
4 406
4 416
2 201
1 110
3 304
4 407
1 108
5 501
5 519
3 297
4 393
5 514
3 307
2 207
4 403
2 207
4 405
3 304
2 214
5 497
4 398
2 206
3 310
4 404
1 104
3 307
2 205
2 206
3 310
3 312
2 201
2 210
4 410
1 101
1 106
2 205
4 418
4 397
3 295
3 301
4 409
5 497
3 316
1 107
4 400
3 300
3 301
2 209
4 403
3 310
1 107
4 401
5 493
4 402
2 201
5 518
3 300
1 106
1 109
1 103
5 515
5 508
4 411
3 299
3 301
1 105
3 313
5 496
4 404
3 310
3 301
4 415
4 407
3 313
1 104
3 309
4 398
4 412
4 401
5 517
1 112
5 494
3 312
3 310
1 104
4 393
4 415
2 200
3 306
4 412
2 204
4 408
2 206
1 105
3 308
2 203
2 201
5 501
5 515
5 506
4 409
1 100
5 510
1 111
4 417
3 310
5 511
1 110
2 207
5 503
2 207
2 210
4 398
2 205
2 206
5 496
4 414
2 211
1 107
2 204
4 395
2 211
1 102
5 506
2 204
4 407
3 314
3 310
2 206
1 108
2 205
1 107
3 306
5 512
4 404
3 297
1 111
1 110
3 295
4 415
3 307
4 399
1 104
3 308
5 498
5 495
2 201
5 514
3 312
4 401
4 416
4 415
1 107
1 106
3 312
2 203
5 501
5 502
1 104
2 209
4 397
5 507
3 309
1 109
5 496
3 316
3 300
3 313
2 199
2 206
4 403
5 495
4 412
3 309
3 302
3 309
4 408
1 103
2 211
1 100
3 303
5 508
3 301
1 104
2 204
4 405
3 302
2 208
2 202
3 306
3 310
4 411
4 406
2 210
1 107
2 205
4 402
1 103
2 210
2 206
1 105
4 413
4 407
4 407
2 203
3 311
4 400
4 415
3 301
5 508
5 510
3 313
5 511
5 493
2 204
1 108
2 202
5 496
3 306
5 512
1 111
3 299
5 514
4 404
4 402
5 502
5 500
3 302
5 509
5 507
5 493
2 202
5 508
5 509
1 105
3 309
4 413
1 102
4 410
5 502
2 207
1 100
3 303
3 313
4 410
4 393
1 108
2 208
5 503
3 313
4 405
2 202
4 405
3 308
4 402
4 407
5 503
4 401
2 214
2 209
3 299
5 494
1 107
5 495
3 296
4 402
1 104
1 105
4 410
4 412
5 496
5 496
5 504
3 300
1 103
4 403
2 204
5 499
1 99
1 105
5 509
2 206
1 109
3 312
3 295
2 208
4 412
5 502
1 104
4 406
3 306
5 503
2 209
5 517
5 500
4 418
1 102
4 410
1 104
5 501
3 312
1 110
5 520
3 298
2 212
5 503
2 206
1 103
3 306
4 404
3 301
1 105
3 297
1 106
1 105
2 205
5 507
5 514
3 309
4 408
5 499
1 104
1 107
3 301
3 303
3 304
3 302
4 404
3 310
4 396
1 108
5 508
5 514
3 304
2 205
1 112
4 400
2 206
5 512
5 503
3 307
3 303
4 401
5 497
1 110
3 301
4 412
4 408
4 399
2 211
5 497
1 101
3 309
4 408
2 208
1 103
5 508
1 104
5 505
1 110
5 518
4 408
1 105
2 203
2 209
3 301
4 406
2 203
5 514
4 407
5 518
5 508
1 106
4 415
1 106
4 401
1 109
2 209
3 304
5 515
3 307
1 103
3 302
2 205
5 506
2 212
3 304
4 407
4 414
5 513
5 494
4 412
4 404
2 205
1 104
5 491
1 109
4 406
3 311
4 414
1 101
2 210
5 497
1 104
1 103
1 110
2 211
1 109
3 304
4 394
3 313
3 300
5 495
3 313
3 305
5 512
1 106
5 517
2 206
1 103
3 314
2 202
2 206
5 501
1 106
2 209
1 102
4 404
3 308
3 300
1 99
1 104
4 405
2 211
5 495
5 501
4 402
3 312
1 109
3 312
1 111
4 409
5 502
3 313
1 112
1 102
1 107
1 104
2 197
4 398
3 313
5 499
2 205
4 404
3 301
3 314
1 102
1 108
2 208
5 506
5 506
3 314
2 201
5 513
4 407
5 498
4 416
2 212
1 106
5 505
5 508
3 308
1 101
3 308
4 408
3 312
5 515
2 203
4 398
4 415
2 208
4 395
3 309
4 409
2 207
1 100
2 206
4 398
4 404
2 207
5 511
4 410
2 202
5 503
5 501
3 300
4 406
5 510
1 103
5 504
4 400
1 109
1 108
2 204
4 404
1 108
2 208
1 103
4 415
5 510
3 303
1 104
5 491
3 308
2 208
2 205
4 408
4 409
2 202
3 298
1 104
3 304
2 203
2 207
2 205
3 309
4 394
5 513
5 505
5 502
3 310
4 413
2 209
2 209
1 103
2 208
4 416
4 405
2 204
3 307
4 411
4 412
3 306
1 104
5 505
3 304
3 310
2 209
4 405
4 403
5 515
2 207
1 104
4 399
2 203
1 110
3 313
4 407
3 306
2 202
4 409
4 403
1 102
1 107
2 210
3 311
3 308
1 103
1 103
1 110
1 103
2 201
1 109
5 518
4 401
1 99
5 502
4 405
2 199
2 207
5 496
5 500
3 304
4 396
3 315
3 309
5 510
3 312
1 105
1 102
2 209
4 406
2 208
4 393
5 498
5 512
5 516
3 303
2 201
3 297
5 514
4 406
5 513
4 409
1 112
2 204
4 414
4 412
4 405
1 104
1 103
2 202
1 109
5 513
3 305
2 210
4 409
1 109
3 314
4 398
3 307
5 494
4 405
1 103
5 500
4 406
1 107
3 307
2 199
2 206
3 304
5 495
1 105
2 201
2 206
4 406
5 519
3 311
3 315
5 511
5 512
4 393
4 404
4 398
5 509
5 520
3 310
2 204
4 410
1 105
5 518
5 497
4 403
4 405
4 409
2 206
3 316
2 203
3 300
3 306
5 502
3 301
3 302
1 106
1 109
3 304
3 309
2 206
4 403
2 205
1 107
2 204
4 417
5 510
3 309
1 101
2 208
3 305
1 100
1 103
3 307
4 410
2 201
3 300
5 516
4 398
2 209
3 298
4 414
4 413
3 298
2 202
5 515
2 202
4 415
2 210
3 313
5 506
4 398
5 499
4 402
4 395
2 206
3 297
3 303
2 203
5 504
4 406
5 502
5 491
4 417
1 106
1 101
5 497
5 497
2 206
1 105
1 102
5 500
3 305
3 305
4 410
3 298
4 408
3 308
2 207
3 311
4 399
1 108
5 512
1 111
1 104
1 100
2 205
1 102
2 204
2 207
5 500
4 416
1 109
5 519
4 415
4 408
5 512
5 500
2 201
4 400
5 496
3 298
2 209
1 105
1 108
2 202
4 399
4 397
2 205
4 409
4 417
4 407
1 103
1 109
4 403
2 207
2 208
5 497
4 416
5 505
5 497
5 514
5 505
2 206
5 502
1 102
5 513
5 496
2 204
4 406
5 509
2 201
5 498
5 520
1 102
3 306
4 400
2 206
1 105
4 397
4 397
5 510
5 514
1 105
4 406
3 307
1 104
4 402
4 401
3 311
4 405
3 306
4 413
4 403
4 402
3 307
4 403
1 107
5 502
2 202
4 402
2 201
3 300
3 316
4 408
5 514
4 402
3 311
1 104
5 496
2 203
2 213
4 409
4 407
1 107
1 110
3 314
4 410
4 416
2 211
3 304
5 504
4 412
5 510
3 295
3 303
2 203
3 312
4 397
2 199
1 107
5 505
4 418
5 516
5 501
1 111
2 204
5 511
2 209
1 102
2 204
1 106
3 304
1 110
4 410
3 298
1 105
3 309
2 203
2 209
4 403
2 205
2 213
1 112
1 112
1 107
1 109
2 198
5 514
1 108
2 206
1 104
5 493
2 204
3 313
5 512
3 311
2 206
3 303
5 517
5 505
3 303
1 106
5 499
5 513
4 393
1 105
1 101
5 506
4 409
2 201
4 394
1 102
4 401
2 207
1 101
2 201
3 311
1 105
1 101
3 297
3 306
3 305
2 208
1 110
3 307
1 109
1 108
5 502
2 200
4 411
3 305
5 505
3 309
3 313
2 204
2 205
4 405
1 104
2 209
2 200
5 498
1 108
1 103
2 200
2 208
1 102
3 310
2 207
5 516
3 307
2 201
4 403
1 111
1 104
3 309
1 101
3 308
3 310
3 300
1 99
4 398
2 206
5 509
4 404
4 410
3 311
3 303
4 397
3 310
2 200
4 413
4 403
2 201
4 398
3 307
3 309
1 108
4 413
2 202
5 502
2 211
3 314
4 408
2 200
2 208
4 403
2 203
4 416
5 502
1 107
3 302
4 407
3 303
3 300
4 411
4 403
2 213
4 413
2 203
5 502
2 214
4 401
1 108
5 518
5 508
1 102
2 206
4 405
5 493
1 102
1 108
4 404
2 203
3 301
2 203
3 307
1 103
4 400
4 406
1 105
4 409
5 506
1 101
5 492
3 308
5 509
5 506
1 108
3 316
3 298
3 305
1 111
2 207
1 109
4 404
2 206
5 497
3 308
1 104
4 413
5 509
4 410
2 207
4 398
4 412
1 109
2 207
1 107
5 503
3 302
1 104
2 210
1 105
3 306
2 207
3 302
5 517
1 107
2 210
5 502
1 107
2 206
3 303
1 104
1 99
4 396
4 401
5 500
4 403
5 507
5 492
1 103
5 497
5 491
2 206
2 201
2 204
3 310
5 518
2 207
1 108
2 209
1 102
2 210
4 415
1 103
3 299
1 105
5 508
5 506
2 208
2 201
3 304
2 209
4 406
5 507
2 208
5 501
1 105
4 402
3 305
2 204
1 103
1 107
3 311
4 411
4 395
1 107
3 299
4 407
2 210
2 205
3 308
4 412
1 99
4 411
1 109
5 499
4 414
3 295
5 505
1 105
5 507
5 501
3 308
5 501
4 395
2 197
4 401
4 400
5 519
2 207
5 494
3 297
2 201
3 296
2 207
3 298
5 504
4 401
4 406
5 516
3 310
5 500
4 407
1 104
3 299
3 307
2 210
4 409
3 301
5 516
2 205
4 409
4 408
4 412
2 199
3 298
3 299
3 301
4 393
4 407
3 309
3 298
1 110
1 108
5 497
5 496
1 110
2 203
1 103
1 107
3 297
2 207
2 213
3 316
4 404
1 104
1 105
2 212
3 313
5 502
4 414
1 106
1 110
1 104
3 304
3 296
2 208
5 501
3 305
2 200
1 105
3 308
5 502
3 314
2 197
1 106
2 204
1 107
4 401
5 501
4 404
2 202
3 307
5 511
5 491
2 203
2 210
4 393
1 109
2 202
1 104
3 304
2 206
4 410
3 313
2 209
1 109
5 512
3 312
4 407
3 308
1 104
1 101
1 111
1 102
5 514
5 510
2 199
5 500
3 309
4 407
3 307
2 197
3 296
3 303
4 414
4 413
4 393
3 302
1 105
3 313
5 511
1 105
2 213
5 519
2 210
2 209
3 309
5 501
2 203
3 307
5 498
5 503
5 512
2 200
2 203
2 208
1 102
4 410
2 208
4 408
2 207
1 105
4 400
1 110
1 105
3 295
2 207
5 515
3 299
5 515
5 498
2 203
1 108
1 103
5 496
1 106
1 102
5 507
2 211
5 503
1 100
3 299
1 107
4 399
5 498
1 104
3 295
1 110
4 405
4 393
5 492
4 407
2 209
2 204
3 307
2 205
5 509
4 413
3 305
4 401
1 109
1 105
5 512
5 505
5 515
5 506
5 508
1 104
4 411
4 397
5 511
3 309
4 410
3 303
4 413
4 401
4 400
1 110
2 203
4 412
1 99
3 301
1 106
2 203
3 308
1 108
4 409
4 406
3 307
4 410
2 204
1 107
5 499
1 106
3 306
1 105
5 515
5 506
3 312
3 300
2 208
2 212
1 104
2 205
1 112
3 299
3 309
4 405
1 108
2 206
2 203
3 296
1 105
1 107
2 203
4 413
1 105
1 100
2 210
4 393
1 107
5 508
1 100
3 313
2 205
4 404
5 504
1 109
4 396
2 205
1 108
2 210
2 203
2 208
4 407
4 411
2 209
1 111
3 299
1 109
3 298
3 306
3 298
5 517
4 408
1 104
2 203
1 107
1 105
5 502
4 409
4 413
1 105
4 394
2 210
2 199
1 102
4 411
5 502
3 302
2 202
3 301
3 302
3 311
5 495
2 199
2 206
3 310
4 402
3 309
3 300
5 507
4 418
3 298
4 408
1 110
5 508
1 106
5 515
2 204
2 208
3 311
1 103
3 313
3 304
3 301
5 508
5 502
1 104
3 307
4 401
3 301
4 407
5 497
2 210
1 104
1 107
2 206
1 111
2 201
4 402
2 210
3 311
4 396
3 295
4 401
5 515
2 214
3 296
1 102
4 401
2 203
4 413
3 299
4 402
2 204
4 406
1 110
1 107
2 203
2 205
2 208
5 496
1 107
5 491
3 303
5 500
1 111
2 214
4 405
3 307
5 496
4 407
5 512
1 112
5 515
5 511
3 306
1 111
1 109
5 511
4 397
4 409
1 107
4 399
1 108
1 108
4 413
4 410
2 209
3 303
1 108
2 200
2 199
4 398
3 300
4 404
5 506
3 305
2 205
5 519
1 102
1 106
4 409
5 514
1 103
1 103
5 514
1 108
1 106
1 102
4 399
2 205
2 209
3 303
5 502
3 304
4 416
2 210
1 102
3 309
2 207
1 103
1 102
1 107
5 511
1 99
4 412
4 404
1 112
5 508
4 404
3 309
4 403
2 209
3 306
4 397
3 308
4 393
5 519
5 517
3 312
4 405
5 506
4 412
5 509
4 410
4 407
4 394
5 518
1 108
4 414
3 313
2 205
1 109
4 409
5 496
3 300
5 492
2 208
1 106
2 213
2 209
1 100
1 106
1 107
2 205
5 491
1 102
1 100
5 497
4 404
5 508
2 203
5 519
2 207
1 105
3 307
2 208
2 206
5 512
5 512
3 298
2 202
1 108
1 110
5 512
2 210
1 105
1 104
5 497
3 308
4 409
2 210
3 309
3 303
3 312
4 393
3 312
5 511
4 413
4 401
1 101
3 313
5 504
4 412
4 405
5 497
5 507
3 305
3 301
2 197
3 302
1 111
5 502
5 499
1 107
3 309
4 398
2 202
2 202
2 203
4 400
2 201
1 102
5 509
5 519
4 412
4 413
3 308
3 307
3 310
2 208
2 208
3 308
4 399
4 417
3 299
2 199
5 496
3 312
4 405
4 401
5 512
4 407
1 108
4 408
5 496
2 199
5 496
3 309
2 206
5 509
4 404
4 395
1 103
3 302
2 212
2 205
4 406
4 416
3 308
5 502
1 102
2 207
5 514
5 507
4 398
3 304
3 301
5 499
3 306
5 508
2 200
2 201
1 103
1 107
2 210
2 201
5 492
3 304
2 212
3 306
4 401
5 514
1 106
3 315
2 198
4 401
3 308
4 401
2 205
2 212
2 205
1 107
5 516
3 312
2 212
4 393
4 411
1 109
5 505
1 104
5 505
4 401
5 513
1 112
4 404
1 100
4 412
4 401
5 503
2 206
4 401
3 303
1 107
3 301
4 412
4 402
1 104
1 100
5 520
4 399
4 396
5 518
1 105
2 203
3 301
4 403
1 107
4 395
3 315
3 306
2 204
2 203
3 300
4 409
5 496
5 515
3 308
5 494
5 492
2 207
5 494
4 412
2 206
1 108
3 301
3 309
2 207
1 107
1 105
2 208
5 520
3 300
1 109
5 508
2 206
1 111
5 501
1 104
4 406
5 508
2 210
5 506
1 105
4 410
4 393
5 508
2 207
5 505
3 315
2 204
4 417
2 202
5 520
3 307
2 205
1 110
3 305
4 404
5 518
1 108
3 311
1 101
1 111
1 99
1 107
4 405
3 306
1 106
1 105
4 406
2 202
4 412
1 105
5 520
3 302
1 105
2 203
5 509
4 406
2 203
2 205
4 400
1 99
2 209
1 107
4 404
2 206
4 393
3 311
4 415
3 309
4 411
1 107
1 103
2 199
3 307
3 312
5 508
4 418
5 505
4 413
2 204
4 404
2 201
1 101
4 395
2 201
3 307
2 200
2 209
2 205
3 315
5 513
1 100
5 503
5 493
5 508
2 202
5 501
2 208
2 213
4 397
4 418
5 501
5 498
4 404
5 513
2 206
4 395
1 107
1 111
1 106
2 209
3 298
5 504
3 314
3 312
3 300
5 518
3 308
3 307
1 106
4 410
4 409
5 504
5 519
4 411
2 200
5 503
2 201
3 296
3 296
4 415
3 305
1 111
5 514
1 102
3 309
1 107
1 102
3 308
1 104
5 513
5 519
2 208
3 296
3 300
2 209
4 402
4 399
4 405
4 418
3 307
3 305
2 206
1 112
3 309
1 102
2 206
2 211
3 305
1 103
4 404
4 402
5 510
1 102
1 101
1 111
3 305
4 398
1 107
4 400
3 316
5 499
5 515
3 306
3 310
4 406
4 402
3 307
4 399
1 107
1 101
5 520
5 499
4 409
1 108
2 206
3 298
1 107
1 102
2 213
4 393
1 107
1 107
4 407
4 418
4 398
1 107
1 109
2 201
1 107
5 507
4 405
2 206
2 212
1 104
1 109
2 202
3 300
1 108
1 109
1 111
5 498
5 507
5 508
3 307
1 110
3 308
1 110
4 414
3 302
2 205
1 101
5 491
5 493
2 203
4 407
2 212
2 202
3 311
4 409
1 99
5 509
3 295
2 202
2 207
4 402
4 397
4 412
1 102
2 204
5 492
5 501
2 198
2 204
1 107
1 109
1 110
5 498
4 393
4 399
4 413
3 298
1 107
4 401
4 407
5 494
3 307
5 515
3 300
2 208
2 206
2 205
2 204
2 205
5 509
1 105
3 302
1 103
1 102
4 400
2 199
4 418
2 205
4 410
1 105
1 101
4 402
5 503
5 498
3 309
3 307
5 520
1 101
5 499
4 412
2 200
3 304
1 101
1 102
2 209
5 502
5 519
2 202
2 204
3 306
2 207
4 409
2 199
4 413
4 401
4 395
3 307
5 498
2 199
5 506
4 407
3 313
2 206
5 498
4 397
3 299
3 307
1 105
4 415
5 502
2 202
2 208
5 518
2 202
2 200
1 105
3 309
5 510
5 502
2 205
4 414
1 110
3 302
1 106
5 494
4 408
5 504
5 500
4 397
4 400
4 397
5 495
1 104
5 503
1 101
5 501
2 198
4 409
3 298
4 400
3 315
1 107
2 212
1 99
1 110
3 302
3 301
3 301
1 105
5 497
2 201
1 106
4 412
2 200
3 295
3 311
3 307
1 107
4 405
1 110
5 513
2 207
2 209
5 513
4 400
5 500
4 404
1 106
4 399
3 310
1 106
4 401
5 519
3 299
4 404
5 500
4 397
1 108
4 398
1 105
4 407
1 108
2 197
3 301
3 301
1 108
3 304
5 498
5 494
3 295
3 306
3 301
4 400
3 309
5 507
3 316
2 207
3 310
1 105
3 307
2 197
2 207
1 101
5 504
4 414
4 396
5 501
2 205
5 498
1 102
2 212
4 400
1 105
1 102
4 399
5 501
2 211
1 107
4 405
4 408
3 304
2 205
1 105
5 514
1 106
5 506
5 512
5 499
4 411
2 208
2 200
3 309
1 108
1 103
2 198
2 204
5 491
4 418
4 411
2 205
5 504
1 104
1 101
5 510
5 502
3 313
5 507
5 511
3 309
5 499
1 101
2 211
3 312
3 301
3 315
4 402
2 199
3 298
4 399
4 406
4 412
3 299
1 112
4 400
2 211
4 399
4 401
1 105
4 408
3 306
5 516
4 401
4 417
4 406
2 202
1 102
1 106
4 409
1 103
3 295
1 110
2 207
5 508
2 207
5 510
1 104
2 204
1 105
3 313
1 105
3 315
1 110
3 308
2 206
4 404
5 516
3 309
4 402
5 509
5 513
5 514
2 203
2 200
5 507
1 107
2 211
3 307
5 496
1 107
3 301
2 208
1 101
4 406
3 307
1 108
2 206
2 200
2 208
4 413
4 411
2 204
5 508
5 511
1 107
4 400
4 401
4 417
5 510
1 100
1 106
1 106
4 404
4 416
1 105
5 513
1 105
4 409
5 519
5 503
5 493
4 400
1 110
1 101
5 510
2 205
3 314
1 105
3 302
1 107
5 499
2 202
3 302
5 496
2 211
5 517
3 312
2 197
4 400
2 205
2 208
3 312
4 401
3 311
4 405
3 310
3 307
1 107
1 100
1 101
3 298
3 300
4 395
3 306
4 408
1 102
2 207
1 107
4 409
5 496
2 208
1 101
5 497
1 106
3 313
2 206
4 398
1 105
4 401
5 511
3 313
1 104
1 109
1 109
2 206
1 103
5 505
5 519
1 104
4 406
2 206
4 401
2 199
5 501
1 100
5 518
5 501
2 209
5 517
3 301
2 205
1 103
5 500
5 498
1 101
3 310
3 315
3 302
5 505
3 309
4 395
5 512
2 205
3 311
2 201
2 207
3 301
1 107
4 403
3 302
4 402
1 108
5 497
1 105
5 496
5 516
2 203
5 517
2 206
5 510
4 401
3 311
4 412
4 397
2 205
3 301
2 205
5 499
5 514
2 214
2 206
2 200
3 306
4 395
4 402
1 106
4 402
4 415
4 395
3 302
1 106
2 204
5 496
1 100
2 214
2 204
1 104
5 496
4 405
4 414
3 304
3 311
3 313
5 516
3 303
4 407
1 107
1 99
2 205
2 205
2 203
1 108
2 199
4 413
5 516
1 108
5 499
1 110
4 406
4 404
1 105
4 406
4 401
5 508
3 307
5 497
3 308
1 102
4 393
2 200
2 205
1 104
3 316
1 101
4 417
3 301
5 507
1 103
4 412
5 507
2 210
2 204
4 401
5 497
5 508
5 496
1 103
5 500
4 411
2 203
1 105
5 516
4 407
1 99
2 206
3 303
3 298
3 301
2 211
4 400
3 299
1 108
1 109
1 105
4 399
1 103
2 199
1 105
4 409
4 399
3 304
4 397
2 210
5 499
2 211
5 510
2 200
5 494
1 106
4 417
4 410
3 306
3 296
1 103
3 301
4 400
2 208
3 301
3 301
4 409
1 103
2 212
5 500
1 105
5 502
1 111
5 501
3 306
5 499
4 402
1 111
4 405
3 315
5 511
3 311
3 309
2 203
5 504
2 200
4 396
1 110
4 414
4 409
2 199
5 505
3 311
3 300
5 491
2 204
2 204
2 205
3 307
2 212
1 104
2 203
3 308
2 202
1 106
5 514
4 409
2 204
5 495
5 510
5 514
2 206
2 208
4 398
1 112
2 201
5 498
3 299
3 309
1 105
5 495
1 105
3 302
2 207
4 397
1 105
1 104
4 415
1 112
3 298
1 105
3 304
4 409
3 314
3 301
2 207
3 302
3 303
5 510
3 302
2 203
5 502
5 507
2 210
4 408
5 491
3 295
2 206
5 503
2 208
1 112
1 106
1 104
1 107
1 108
2 207
1 106
3 308
4 401
1 106
1 106
3 301
5 499
1 106
5 507
5 496
4 405
5 510
5 497
4 412
4 417
4 409
4 412
1 104
3 313
4 393
5 501
5 509
3 309
4 414
2 204
1 101
1 109
2 209
5 515
4 397
1 108
5 509
5 515
4 408
1 106
5 499
4 406
3 302
3 310
3 301
3 306
4 407
1 102
5 518
1 103
4 396
4 409
1 111
3 307
4 410
5 509
2 205
1 103
1 108
3 305
3 301
1 109
5 493
5 506
4 404
4 399
5 508
2 199
1 107
3 303
1 103
5 498
3 303
4 402
5 506
1 101
4 400
5 508
1 99
2 200
3 301
1 105
3 301
4 401
3 308
5 520
2 210
2 205
4 411
2 200
3 301
2 199
5 501
3 314
2 202
1 104
5 498
3 307
5 500
4 408
5 501
4 408
5 505
4 403
1 105
2 200
2 205
2 202
3 311
2 209
3 302
3 304
3 302
5 514
4 413
4 407
3 312
5 496
3 299
4 405
4 407
2 201
4 400
5 517
2 209
4 400
5 512
1 106
3 311
4 399
4 416
5 495
4 398
2 203
4 403
3 295
2 206
4 409
4 403
2 212
4 411
5 502
2 204
3 312
2 211
4 410
1 109
1 106
2 205
4 402
5 507
2 206
3 310
3 296
4 399
1 104
5 515
5 505
5 505
2 205
4 403
3 304
5 506
3 300
4 402
4 406
4 405
3 311
5 506
3 309
5 504
5 514
2 200
2 198
3 312
2 205
2 208
1 102
3 309
4 405
1 106
2 206
5 505
4 394
2 209
3 299
2 197
2 200
1 104
3 316
4 405
2 208
5 502
1 110
3 298
2 212
2 208
5 498
5 518
5 497
1 110
2 210
5 507
1 108
5 509
5 514
4 407
2 203
5 509
2 213
2 199
4 408
2 210
2 210
3 312
4 402
1 103
3 300
4 401
1 102
5 509
5 512
1 106
5 506
3 309
2 203
5 514
5 501
1 101
1 109
5 501
3 311
2 206
2 205
2 200
3 298
2 200
3 311
4 408
5 507
4 398
2 205
3 304
2 204
4 413
1 110
5 509
2 205
3 306
2 202
2 211
2 202
4 401
4 393
1 103
3 304
2 200
4 394
4 397
1 100
5 502
2 206
5 510
2 197
1 110
2 197
3 315
5 513
2 210
3 312
1 101
1 108
3 312
4 414
4 402
5 510
5 511
5 512
5 509
4 412
2 208
3 303
2 208
3 305
1 102
3 298
3 309
5 506
4 412
3 304
5 514
2 206
2 205
3 312
4 399
3 300
2 206
5 505
2 210
4 401
1 108
1 103
5 507
4 408
1 108
2 207
5 502
3 304
5 514
3 308
4 401
2 205
1 110
4 410
5 510
1 109
1 106
2 204
4 410
4 412
4 393
3 312
3 306
5 515
2 207
5 499
4 394
4 410
4 408
4 412
2 212
2 208
3 302
3 309
3 311
1 107
2 207
4 402
2 202
5 514
4 401
4 401
4 414
1 108
4 417
1 104
5 504
5 506
3 301
2 206
3 308
5 492
5 520
5 492
2 201
3 308
4 405
5 509
5 506
5 497
5 497
3 301
2 205
3 306
1 110
3 306
3 309
2 205
5 515
2 211
5 504
2 200
2 201
3 307
3 311
3 308
4 401
2 204
5 507
5 506
3 315
3 302
2 207
3 302
5 512
5 500
1 103
3 312
4 409
2 199
4 405
3 309
3 300
1 108
2 205
4 406
4 402
3 299
2 199
3 301
2 205
3 304
3 307
2 202
4 414
2 199
2 201
5 499
5 514
3 296
