5000 1000000
2 33
3 124
4 44
2 65
4 88
5 84
5 102
4 115
3 38
4 74
2 32
3 88
4 87
5 72
2 31
4 59
5 116
4 108
2 36
1 43
2 47
4 112
3 115
4 87
3 58
5 63
4 59
1 102
2 33
1 89
4 131
3 90
1 44
3 32
1 69
1 16
3 124
2 106
2 34
4 70
3 52
2 44
1 99
1 107
1 35
1 34
2 82
3 81
4 70
5 111
3 133
4 117
3 32
4 115
2 83
1 24
4 95
5 80
2 94
2 107
2 55
4 117
3 89
3 98
3 71
3 40
5 129
1 99
5 83
1 44
5 106
2 29
3 110
5 52
1 88
2 96
2 53
2 97
5 137
4 125
3 106
4 60
5 50
4 131
1 78
5 119
2 67
4 104
4 56
4 50
3 28
1 87
3 95
2 95
3 61
4 114
2 103
3 69
4 135
3 102
2 51
4 100
4 57
2 60
3 123
1 70
3 54
3 102
5 66
4 87
5 85
5 136
4 67
1 80
2 61
1 29
1 19
2 83
3 102
2 77
1 16
2 100
5 106
5 49
5 64
3 100
5 85
2 102
5 144
2 101
4 77
2 45
1 22
2 83
1 27
1 35
4 57
1 20
2 50
3 27
4 38
4 77
5 52
3 120
2 75
5 86
5 108
3 58
1 23
3 32
3 46
4 57
5 136
3 69
1 25
5 133
1 91
3 95
2 94
3 86
2 118
3 62
3 107
1 46
2 70
5 130
5 110
5 143
2 34
1 56
4 102
3 90
3 80
3 33
4 141
2 35
4 68
2 38
1 80
2 71
1 22
3 104
5 134
2 40
4 118
4 84
3 106
5 107
2 118
2 29
1 91
1 66
4 62
4 75
4 105
2 75
3 118
5 95
1 76
5 53
2 38
1 25
5 141
4 63
4 127
3 89
1 37
1 95
2 34
1 39
5 114
2 100
3 66
3 69
5 146
3 31
2 74
3 94
3 48
5 59
1 98
5 127
3 38
4 72
3 60
4 66
3 108
1 41
4 95
4 105
4 121
2 54
3 85
4 36
4 132
4 133
4 121
5 96
5 154
3 56
2 68
3 42
3 127
3 49
2 118
3 41
5 125
3 33
3 122
2 30
3 121
3 31
2 79
1 105
2 103
3 121
1 59
1 13
5 125
4 69
5 110
1 44
3 53
4 104
3 62
1 64
1 87
3 47
4 51
5 146
5 150
1 90
1 103
1 92
5 48
2 99
2 100
5 87
5 106
3 102
1 103
2 52
1 99
3 110
2 30
4 77
1 81
5 86
2 71
5 96
1 36
3 47
4 136
5 157
3 98
5 127
3 106
2 117
2 91
2 89
1 85
2 113
5 123
3 56
2 43
3 130
3 68
2 93
1 27
1 56
4 115
1 65
4 122
4 107
3 39
2 52
5 143
1 103
5 115
1 40
2 40
2 90
3 121
2 47
5 101
4 57
5 102
3 103
2 77
2 99
4 43
5 83
1 69
2 89
1 99
2 74
1 32
5 149
5 94
1 55
2 31
3 88
3 124
5 62
1 11
5 125
2 76
3 80
5 124
1 53
2 94
2 64
4 61
4 47
1 64
5 93
2 61
1 36
3 94
4 52
5 121
2 105
1 97
2 64
1 64
5 114
4 110
2 111
5 152
1 81
2 59
5 129
5 111
2 23
5 109
3 113
3 88
3 86
2 108
1 31
3 30
4 121
3 117
3 117
5 100
1 20
4 41
2 45
4 61
4 68
2 27
2 33
1 94
1 80
5 87
1 71
1 60
3 91
1 39
3 58
1 42
2 47
4 79
5 69
4 93
3 93
1 84
1 74
3 121
2 37
1 31
3 94
1 95
2 22
3 74
3 91
5 134
5 68
3 104
4 90
5 91
2 86
3 50
5 156
1 64
2 75
3 72
4 52
4 129
4 51
5 58
2 62
5 99
2 27
1 61
4 90
1 23
4 66
2 99
5 75
2 106
3 79
3 33
3 70
1 25
4 98
5 68
2 94
1 88
5 69
3 104
4 51
3 45
1 34
2 38
4 135
1 108
5 55
4 113
2 117
4 75
2 51
2 92
4 86
4 47
4 97
1 56
4 110
1 61
3 113
5 42
3 61
2 92
5 86
5 137
1 36
2 106
4 105
2 35
3 51
3 69
1 31
5 124
3 87
4 100
3 125
3 34
3 94
4 94
2 54
1 104
1 31
4 134
2 61
4 101
5 63
4 37
2 31
4 69
1 17
4 138
3 101
2 25
1 89
4 70
4 107
2 86
2 60
2 75
5 51
2 86
5 118
5 69
2 72
2 107
3 125
4 68
3 67
1 79
2 88
1 15
1 89
5 155
2 92
2 70
5 127
2 74
2 97
3 56
1 25
1 83
4 116
2 109
4 62
3 109
3 124
4 117
5 57
2 97
2 42
3 99
1 21
1 91
5 76
2 109
4 50
1 104
2 120
1 32
2 61
5 79
2 98
1 100
1 20
5 129
4 98
1 32
5 80
4 102
3 42
3 112
1 56
4 64
3 75
2 112
1 19
5 83
5 118
1 13
2 56
5 144
3 37
5 101
2 105
1 98
1 80
3 117
4 51
1 80
4 88
3 112
2 48
4 54
2 74
1 61
5 152
2 86
3 43
1 45
2 111
3 84
5 48
1 41
1 88
3 119
5 74
3 97
4 140
3 111
1 63
2 114
2 105
4 47
3 121
2 30
2 39
4 54
1 63
4 107
4 71
2 108
2 108
3 111
4 115
3 65
3 118
5 154
3 49
1 58
2 100
2 96
3 114
1 74
5 96
4 38
1 61
4 66
1 78
3 108
3 36
1 34
4 135
3 101
2 69
5 121
1 108
3 56
2 118
2 72
5 113
5 127
2 102
2 87
4 91
1 76
1 44
2 68
1 58
5 90
4 88
4 124
2 62
1 52
3 86
5 101
5 94
3 60
4 132
2 73
1 91
2 78
2 84
4 120
4 128
1 38
4 119
1 39
3 89
2 101
2 95
5 120
2 64
4 85
1 24
5 99
1 50
1 21
4 128
5 111
4 89
5 111
3 57
1 64
4 66
2 53
3 77
4 136
5 131
1 108
1 13
1 56
5 137
5 82
1 109
5 64
2 109
5 66
4 114
1 90
2 110
5 90
5 99
4 93
3 46
2 39
1 105
2 74
1 68
2 83
2 70
1 49
2 111
4 133
3 95
3 105
2 33
2 31
2 56
5 144
4 73
5 143
4 116
5 74
2 105
5 76
3 89
4 54
2 25
5 79
3 55
5 112
3 104
1 54
4 78
2 103
5 58
1 105
3 125
1 64
2 64
3 90
1 108
3 95
1 18
3 67
2 25
2 86
5 111
4 75
1 74
1 98
2 52
4 101
3 40
1 46
5 130
4 62
5 156
3 73
4 123
4 117
5 65
5 89
5 52
3 39
3 49
2 100
5 150
4 50
2 96
2 91
2 59
2 23
4 112
3 26
1 90
1 93
1 103
4 59
3 55
1 56
5 104
4 62
2 92
4 47
2 77
2 39
5 136
3 125
4 65
5 127
1 109
5 131
4 66
4 61
3 78
1 90
1 16
2 41
1 24
2 55
2 36
3 108
4 67
2 31
5 96
5 105
5 51
1 60
1 74
3 57
3 52
3 89
1 42
1 60
2 35
4 102
3 78
3 37
3 105
3 81
1 30
5 57
2 32
3 63
1 104
1 42
3 44
2 92
1 29
3 82
4 96
1 44
5 140
4 121
3 97
5 151
5 73
4 126
2 100
4 102
5 89
1 79
2 48
3 86
2 55
3 54
5 143
1 51
3 62
5 124
3 87
2 73
5 85
4 47
3 113
5 79
2 103
1 53
4 130
4 95
5 74
4 94
5 56
4 73
2 41
2 78
1 102
2 32
3 77
4 133
4 105
2 112
5 83
4 109
5 152
5 141
3 91
4 93
1 82
2 36
2 25
4 69
1 61
4 117
5 98
5 114
2 76
2 25
5 71
3 36
2 17
5 91
2 105
4 139
2 42
2 17
4 67
3 118
3 31
1 48
5 59
3 26
4 84
2 29
4 89
2 92
5 83
3 63
5 125
3 125
4 114
5 76
1 26
4 104
5 77
3 111
3 26
3 61
5 64
1 102
3 93
3 60
4 65
2 24
3 128
1 34
5 92
1 50
2 76
1 52
3 109
5 72
1 27
4 71
1 81
1 94
5 73
5 127
2 88
1 33
1 21
3 120
1 72
1 77
2 111
3 130
3 133
2 110
5 111
5 48
3 40
1 24
1 13
3 53
4 120
5 94
5 114
1 28
3 38
1 61
2 74
1 37
1 81
2 64
5 137
3 84
3 115
5 103
4 99
5 60
2 81
1 46
4 120
2 88
2 92
2 69
1 93
5 103
4 107
3 55
3 119
5 78
4 87
3 58
4 75
5 92
4 68
1 80
3 50
3 106
4 97
4 86
4 140
5 152
4 52
1 28
1 91
3 92
4 77
2 96
4 147
4 81
1 65
3 114
5 159
3 108
2 59
3 112
2 93
4 41
4 94
3 90
2 39
4 90
1 24
5 61
1 33
3 115
2 37
3 114
5 88
5 81
4 66
5 145
1 30
2 109
1 89
5 64
4 84
2 57
4 66
5 105
1 61
1 25
5 55
3 68
1 91
5 58
5 73
5 51
5 90
1 39
5 61
2 115
2 93
4 129
1 52
5 129
3 74
3 68
4 84
4 89
4 112
4 139
3 88
1 31
1 30
4 122
1 95
1 107
5 110
3 101
1 48
2 93
5 70
4 102
2 52
1 13
4 115
5 68
5 64
3 39
3 99
1 68
1 64
2 30
3 88
1 33
3 39
2 72
5 91
1 22
4 49
1 99
1 49
5 58
1 38
1 61
4 128
3 74
3 104
3 121
3 48
5 60
2 96
2 83
1 58
2 76
2 29
2 34
4 123
1 66
4 104
3 114
4 105
1 48
3 59
3 50
4 107
2 31
2 28
1 20
5 59
3 60
5 87
4 115
5 118
5 114
3 95
5 138
3 101
2 70
5 68
5 100
2 93
2 88
5 95
1 21
4 55
3 39
1 78
4 109
4 114
3 70
3 95
4 47
2 71
3 126
4 83
4 93
5 143
5 120
3 120
3 119
4 95
3 82
5 149
5 60
5 116
1 65
4 66
5 100
5 155
5 77
3 89
2 87
4 105
2 117
2 108
3 65
3 44
1 19
5 135
4 50
4 49
5 81
5 101
4 95
5 90
2 40
4 70
2 68
2 87
3 122
1 76
3 120
1 30
3 63
3 129
5 57
3 124
5 124
4 68
5 147
3 118
3 36
3 120
5 116
4 85
5 120
5 93
4 85
2 69
2 68
3 43
3 118
3 114
3 87
5 102
1 19
2 42
5 138
1 48
1 25
4 68
5 128
1 62
1 49
4 76
1 80
4 97
5 142
3 136
3 88
1 33
3 102
4 72
3 71
4 72
5 123
1 17
1 57
5 61
2 111
4 88
1 103
5 144
2 115
2 110
4 70
2 117
5 66
2 47
3 66
3 48
2 58
1 59
4 73
4 76
2 88
5 91
5 91
4 123
1 56
3 65
4 56
5 119
2 82
1 18
5 131
5 63
5 95
1 99
1 56
3 124
4 62
4 135
4 110
2 112
4 73
2 31
3 104
2 64
5 123
3 86
3 104
1 12
4 84
5 125
5 128
3 53
2 50
3 113
1 101
3 115
4 78
1 80
3 67
3 91
1 68
3 96
3 61
2 58
2 53
4 118
4 127
1 21
5 100
1 46
3 62
2 114
2 95
4 142
4 93
2 89
4 142
4 103
3 63
3 58
4 111
3 38
5 122
2 30
3 48
3 100
2 109
1 77
5 78
4 84
4 59
1 45
2 104
5 58
2 63
4 74
4 118
4 118
2 80
4 82
4 63
2 102
5 46
2 61
2 30
2 51
4 55
1 102
4 114
4 56
1 54
2 49
1 109
5 116
5 105
5 73
3 82
3 98
5 129
2 41
3 30
3 77
1 77
3 30
1 73
1 55
5 70
3 48
1 42
2 110
3 116
4 43
4 40
5 95
5 98
1 22
3 60
2 23
4 58
3 107
2 55
1 39
2 112
5 68
4 83
3 132
2 64
4 89
4 101
2 62
1 34
5 109
4 85
2 119
2 109
2 68
1 53
4 67
5 53
4 88
1 97
3 38
5 97
3 50
1 29
4 136
1 102
1 72
2 29
3 74
3 121
1 83
3 124
2 65
1 86
4 68
4 55
4 56
4 86
5 80
4 84
2 96
3 82
5 69
1 25
5 77
3 94
1 48
3 119
3 133
4 81
4 71
2 61
2 112
3 47
4 139
3 33
4 70
1 39
5 112
5 94
5 105
1 110
1 91
2 98
5 114
3 82
3 52
3 100
5 142
5 150
1 97
5 53
5 73
3 75
5 56
4 84
3 76
4 132
4 67
1 21
2 94
4 106
5 89
1 21
1 42
2 99
1 13
5 68
3 44
3 60
1 29
5 77
5 112
1 98
4 78
1 51
4 62
3 109
5 106
5 136
3 51
5 110
3 118
2 107
4 42
2 116
4 93
2 74
3 90
4 63
4 38
1 47
4 75
3 102
3 52
1 80
5 143
1 38
1 84
4 42
2 40
2 52
3 73
1 18
4 98
2 43
3 81
4 73
3 79
5 72
5 77
4 109
5 86
5 65
4 51
5 92
1 79
4 83
5 141
4 120
3 112
4 124
3 47
5 85
3 89
3 89
3 52
4 135
4 112
5 134
4 80
1 20
1 75
4 58
2 28
5 126
3 47
5 132
2 102
1 49
1 35
4 65
1 47
1 104
2 93
1 49
3 76
5 125
4 134
3 106
3 48
1 73
5 68
2 96
5 72
1 19
1 86
2 25
3 123
3 97
2 98
2 105
2 49
4 58
2 114
5 99
3 88
3 84
3 65
2 44
5 75
3 133
4 119
2 118
3 66
4 68
3 92
4 81
3 47
5 81
1 109
5 124
4 99
4 42
3 106
4 60
3 26
5 53
3 71
5 61
3 45
2 45
1 99
4 41
3 119
5 69
5 77
4 113
3 56
5 56
3 104
2 35
5 64
2 30
2 101
4 129
4 79
4 137
3 77
3 25
4 83
3 114
3 106
5 116
4 63
2 53
3 98
2 100
1 71
2 108
3 66
1 83
2 57
4 56
1 18
3 55
3 78
4 40
2 43
3 46
4 103
1 50
5 56
5 76
2 76
1 36
4 63
3 79
1 54
2 102
2 83
5 119
3 102
3 69
2 41
4 40
2 32
3 46
3 96
5 103
1 40
3 67
3 63
1 39
3 85
5 85
4 87
2 24
1 77
3 31
2 29
5 84
5 124
2 76
1 31
2 88
2 30
5 118
1 105
4 107
1 62
1 79
5 80
5 159
3 60
2 68
1 50
2 58
1 102
3 74
4 73
4 82
1 80
4 81
2 96
3 100
3 126
1 65
1 63
5 71
5 95
5 93
1 34
3 35
1 97
2 89
1 16
5 156
5 145
4 87
2 117
4 74
5 57
4 104
4 63
2 43
1 60
2 54
4 127
3 60
3 72
2 111
1 62
4 49
4 89
4 116
5 140
1 49
2 47
3 120
4 68
4 99
1 42
2 67
5 124
4 126
2 80
2 124
2 36
1 32
1 56
2 36
2 86
4 105
1 28
1 63
2 30
3 131
5 121
2 89
2 92
1 73
4 42
3 48
3 108
1 22
3 99
2 99
3 58
3 70
2 112
5 107
5 95
5 97
4 135
3 42
4 33
5 52
5 93
4 108
3 93
2 67
1 87
3 83
1 96
5 84
3 89
5 75
1 27
1 84
2 53
5 116
5 78
1 52
2 35
3 133
1 105
1 55
1 80
1 49
1 39
3 98
3 51
5 67
5 62
3 49
2 67
3 58
1 79
3 120
4 112
1 25
5 120
1 57
1 42
3 91
1 94
2 32
3 60
5 141
3 102
2 90
3 64
3 98
1 106
1 83
5 138
4 53
3 43
5 123
2 124
2 116
1 83
3 38
5 132
2 30
1 50
5 98
4 59
3 119
3 113
2 47
2 80
1 22
2 51
4 109
4 135
2 22
1 100
1 105
4 82
3 125
2 86
2 52
2 54
2 47
1 56
5 91
1 64
1 77
5 136
1 58
1 47
2 105
3 58
2 40
3 56
5 52
5 154
2 33
5 126
4 133
4 122
4 60
2 81
4 92
3 29
1 89
1 50
3 33
5 70
2 92
3 125
5 92
5 72
4 127
5 147
1 110
3 58
3 55
3 123
5 63
5 74
5 105
3 119
4 84
1 17
4 105
4 93
2 91
4 122
4 123
3 64
5 51
3 84
1 9
2 94
3 63
3 77
5 142
5 58
5 148
4 49
2 89
5 79
1 61
5 99
1 92
2 75
3 48
3 118
2 64
4 120
2 80
2 55
4 58
1 89
4 60
2 41
1 110
3 119
4 117
3 28
3 61
3 97
4 139
4 62
4 132
5 153
4 58
4 125
3 107
5 123
3 28
1 67
5 140
4 98
4 85
1 50
2 65
2 41
1 17
3 39
5 76
5 74
2 84
1 59
2 38
3 49
2 58
4 128
5 73
2 54
1 106
1 19
2 37
2 95
3 76
1 66
3 92
2 91
2 34
4 89
4 100
3 56
5 110
4 118
4 85
4 102
5 59
1 77
1 21
1 57
3 52
4 113
4 115
5 130
1 20
5 81
4 110
2 76
5 104
3 97
4 91
2 68
1 95
2 31
3 113
5 116
2 93
1 25
5 118
3 84
2 87
4 136
5 71
5 149
3 66
3 104
3 35
2 114
3 103
3 99
2 108
5 91
5 77
5 54
5 143
4 99
3 88
5 76
5 82
3 88
1 103
1 57
4 109
3 85
1 35
2 83
2 32
4 83
1 95
3 108
3 120
2 94
5 80
4 106
2 110
1 31
5 91
4 41
2 46
4 54
4 125
1 18
1 64
2 106
2 46
3 118
2 121
2 100
1 55
1 94
5 145
1 28
1 85
2 78
4 85
2 40
4 57
3 51
2 48
3 61
4 127
4 135
1 55
4 61
1 38
3 102
3 80
2 62
4 118
5 71
3 130
5 54
1 53
2 82
1 82
4 49
3 95
2 118
1 86
1 68
2 108
4 45
1 79
5 61
4 44
5 131
5 72
4 139
1 19
4 120
5 96
2 116
1 105
5 114
3 109
3 120
2 81
1 50
3 58
5 136
4 104
1 42
5 114
1 56
2 44
2 107
2 41
4 125
2 69
4 60
5 146
2 56
3 59
3 31
5 142
3 109
1 68
5 75
3 33
4 68
3 65
2 64
1 97
3 79
4 144
4 143
4 115
1 100
5 115
5 137
4 137
1 26
4 98
4 97
1 43
5 132
3 61
1 16
4 140
3 126
3 112
3 72
3 74
5 133
5 122
1 55
3 75
5 109
5 145
2 39
4 98
1 19
3 64
5 94
1 17
3 120
2 97
4 52
4 37
4 124
3 53
2 71
2 113
3 82
5 126
3 61
1 88
2 73
2 117
5 127
5 138
2 115
1 79
5 117
2 76
2 82
1 98
3 106
4 104
2 109
5 41
2 85
2 84
5 117
4 99
5 59
1 61
5 127
5 83
2 93
4 51
5 70
2 50
3 105
2 109
2 37
5 91
1 44
1 48
5 103
2 110
5 54
1 15
2 73
1 16
2 98
2 76
1 97
2 38
1 42
2 98
3 66
1 52
5 93
5 137
3 47
3 39
1 106
1 13
3 65
2 67
4 112
4 146
4 132
1 19
1 44
2 112
3 69
1 93
1 55
4 95
1 107
1 37
1 104
4 146
1 16
2 38
2 23
5 87
1 19
3 60
2 37
1 74
2 71
2 30
3 40
4 43
3 71
1 17
2 41
4 119
1 62
5 78
5 82
3 29
2 101
4 59
5 142
3 106
3 47
5 78
4 56
3 109
3 56
1 29
5 67
4 98
2 85
2 110
5 84
3 54
1 58
2 60
3 49
5 115
1 27
3 96
1 49
4 41
5 95
1 68
4 53
4 75
1 84
3 87
3 54
5 78
1 31
5 62
2 96
5 99
1 69
3 117
4 122
2 86
5 98
1 80
3 45
1 60
4 66
4 135
1 35
1 98
3 73
1 94
5 75
1 20
2 92
3 111
2 56
2 79
5 105
2 22
2 105
3 78
4 71
2 106
2 71
5 123
3 97
4 42
2 86
5 146
5 131
5 64
4 99
3 119
2 80
1 69
1 55
1 80
2 100
3 117
4 40
4 104
1 60
4 63
5 151
4 87
4 85
1 13
5 138
1 96
4 96
2 25
2 53
5 142
5 86
2 58
2 24
1 54
1 20
1 80
2 68
5 118
2 110
5 51
1 28
5 147
2 34
5 137
2 97
5 63
3 54
1 59
3 72
3 68
2 56
4 111
3 119
4 63
5 154
4 77
1 97
2 37
1 16
4 78
5 140
2 55
4 47
4 83
4 76
4 97
2 21
5 94
1 45
5 86
2 120
4 105
3 66
2 40
4 121
3 108
1 37
4 119
3 40
2 117
4 125
5 70
5 116
3 125
4 99
1 102
1 100
4 60
5 92
3 58
3 61
3 121
1 29
3 79
1 97
1 75
4 104
1 48
2 28
4 50
2 64
4 108
1 47
3 26
5 124
1 20
1 48
4 127
1 93
1 35
1 43
5 54
5 112
4 95
2 54
5 99
3 40
4 84
1 12
2 48
3 41
4 72
3 121
3 104
5 122
4 88
5 128
2 109
3 60
1 88
3 47
2 30
2 113
1 76
4 106
2 49
4 39
4 114
5 63
2 54
1 100
3 46
3 59
2 62
1 25
2 65
1 93
3 34
5 135
1 73
3 105
4 110
5 133
5 63
5 133
2 60
1 104
1 66
2 27
5 67
3 82
3 59
5 124
3 78
2 43
3 101
3 118
2 92
4 70
1 100
4 95
5 64
4 66
3 80
3 48
4 55
4 63
5 153
3 45
4 105
2 90
3 44
5 74
3 123
2 91
1 100
5 56
4 42
5 66
2 58
3 35
5 48
4 120
3 111
1 95
2 91
3 65
4 112
4 59
1 25
4 52
2 46
2 59
5 84
5 77
3 86
4 78
1 83
4 102
4 97
1 35
2 69
4 97
3 69
3 26
5 134
2 94
4 95
2 100
4 113
5 109
4 63
4 129
2 17
1 85
4 131
4 122
5 64
3 97
4 121
4 144
3 72
2 60
4 108
5 58
2 84
5 116
4 126
4 68
2 97
1 22
5 57
4 80
5 152
3 44
5 65
5 103
2 36
1 17
5 155
4 118
3 50
2 48
5 107
5 99
2 27
1 46
1 34
4 43
1 100
1 67
1 47
1 30
5 60
3 54
2 120
3 111
2 48
5 102
4 47
1 10
1 31
4 110
1 67
2 23
1 88
5 133
1 65
3 78
1 71
1 73
4 87
5 54
4 115
3 55
1 93
2 114
1 12
3 75
3 51
1 43
1 15
3 116
3 109
5 143
5 137
3 110
1 75
2 103
3 49
2 30
3 128
1 85
3 45
5 135
4 93
2 95
2 48
1 94
4 70
3 87
3 88
2 64
4 118
2 76
2 88
4 94
5 141
5 131
1 69
2 57
1 65
1 65
5 133
2 50
3 77
3 60
4 74
4 56
4 132
5 56
4 77
2 92
3 85
5 105
1 85
4 132
4 66
2 35
2 33
5 159
3 85
2 81
4 57
5 117
2 105
2 34
4 59
3 78
1 69
5 79
5 70
2 53
2 114
2 117
1 33
5 76
1 55
3 64
4 123
1 79
4 109
1 67
5 71
5 113
2 63
1 84
1 65
4 55
4 129
5 62
5 103
4 93
3 49
3 42
4 131
1 89
5 106
2 89
1 71
3 66
3 127
4 60
3 127
1 57
5 65
3 92
5 145
1 14
4 93
5 62
1 70
1 58
4 131
1 58
5 129
4 95
2 57
4 72
3 49
2 33
5 116
1 39
2 51
4 49
3 68
5 85
2 51
1 31
4 86
3 79
3 67
4 111
5 129
2 43
4 97
2 42
1 26
4 135
5 62
3 104
2 39
5 110
5 136
1 101
4 81
5 135
3 71
2 109
5 147
3 68
4 35
3 58
1 17
4 100
1 38
1 101
4 44
3 67
5 76
4 76
2 48
5 108
1 68
2 81
1 99
1 28
3 66
1 99
3 123
2 96
3 80
3 35
3 60
5 126
5 64
4 134
5 46
2 53
1 53
1 69
4 85
5 90
3 42
4 135
3 105
3 36
4 67
4 97
1 101
1 87
3 75
2 29
4 106
4 104
4 120
3 92
2 63
5 148
4 123
1 51
2 55
2 90
4 69
5 71
4 107
3 61
1 68
2 96
5 149
4 86
2 88
3 80
2 110
5 72
1 110
2 35
4 122
1 73
2 17
3 120
3 33
4 57
2 53
5 124
4 120
5 61
3 77
3 97
3 127
4 50
2 41
5 134
3 108
1 46
1 107
2 54
1 32
4 81
3 127
5 119
5 64
3 35
4 131
3 122
1 21
5 69
4 111
3 56
4 115
1 9
3 92
2 98
5 97
3 132
1 85
4 83
2 45
3 34
2 111
4 105
1 11
4 124
4 60
2 23
2 122
2 23
1 78
1 45
3 40
4 92
2 108
5 135
2 51
5 130
3 103
3 123
4 78
1 93
1 74
2 113
2 44
3 65
5 127
3 123
1 28
4 48
4 112
5 97
2 62
1 79
1 30
3 120
1 18
2 80
5 82
1 69
1 72
4 116
3 43
1 88
2 104
1 94
2 51
1 54
5 154
2 82
3 103
2 77
3 115
4 58
3 63
2 23
2 40
4 66
3 59
3 82
2 57
1 75
5 145
3 85
3 65
2 94
2 41
5 118
3 44
5 47
1 83
2 67
1 46
5 126
3 99
3 25
5 90
4 49
4 143
2 102
5 97
3 37
5 71
5 99
1 73
3 93
3 83
4 122
5 90
5 64
2 52
4 74
5 146
1 57
5 87
4 123
5 46
4 118
1 70
3 132
4 124
1 102
1 98
2 101
5 71
5 99
2 27
1 38
5 42
3 44
3 109
3 55
4 118
4 78
4 139
3 103
2 89
3 125
4 46
3 26
4 67
1 19
4 55
3 94
1 99
4 57
5 91
2 52
1 43
2 105
3 70
5 65
1 93
2 53
3 75
2 58
4 126
1 17
2 114
1 11
4 65
3 96
2 50
3 79
3 133
2 41
2 106
5 81
3 89
2 83
5 69
2 35
3 89
1 88
1 30
3 113
1 24
5 159
3 63
3 100
3 80
1 65
1 102
1 92
3 89
2 96
4 108
2 93
1 61
3 118
5 113
1 63
5 102
4 109
1 84
5 100
2 116
3 98
2 35
5 101
1 86
5 91
5 101
4 50
3 119
1 108
3 36
3 106
4 135
5 84
5 148
5 83
1 59
1 41
4 111
2 92
2 87
1 56
2 22
5 99
4 45
2 34
2 41
2 118
3 66
3 114
4 101
1 46
1 107
4 98
5 114
1 26
5 52
4 43
3 122
2 68
4 103
3 39
3 40
3 63
4 45
2 25
3 95
1 18
3 52
3 110
4 77
2 69
4 95
5 52
1 57
3 89
4 103
3 116
1 65
1 69
3 48
4 47
1 50
2 115
5 122
3 56
4 38
5 123
2 31
1 32
4 100
4 128
2 31
5 131
1 87
4 79
4 125
5 66
3 73
4 127
1 66
3 116
2 61
4 47
1 55
4 111
4 62
1 52
2 57
5 148
2 104
4 111
5 92
1 107
1 96
5 106
5 111
4 71
2 50
1 34
3 47
1 42
5 137
4 58
1 84
1 93
3 79
4 64
3 39
2 83
3 87
4 38
2 78
3 73
5 80
2 97
5 131
4 88
1 37
3 87
1 38
5 114
2 75
3 49
5 118
3 97
1 104
3 56
5 89
5 140
4 84
5 100
1 87
2 108
5 130
4 58
5 80
1 17
1 57
5 141
1 77
4 106
3 97
2 89
5 142
5 149
5 89
3 91
4 111
5 115
3 33
1 12
2 46
2 112
2 24
4 92
1 99
1 53
3 112
2 102
3 107
1 102
1 32
3 60
4 117
2 46
5 97
5 71
5 123
5 65
3 92
2 45
3 57
2 104
4 60
4 113
3 120
3 80
1 53
4 130
2 88
5 82
1 57
4 113
5 57
5 131
4 73
4 65
5 152
2 109
3 119
1 42
3 46
5 108
4 126
2 44
5 125
4 135
2 39
1 42
2 37
2 103
3 111
5 123
1 36
4 37
4 75
4 54
2 93
4 90
1 103
2 114
4 44
1 17
1 57
4 113
3 46
4 101
2 97
5 85
5 132
2 52
5 131
2 97
1 101
2 68
2 54
1 60
5 152
1 62
5 131
5 60
5 67
3 132
1 96
1 77
1 52
3 45
4 110
5 94
2 56
1 98
2 72
4 92
2 61
4 60
5 50
3 72
2 85
4 39
2 69
1 49
2 50
4 69
4 59
2 41
1 32
4 49
1 93
4 92
1 79
3 123
5 85
5 58
1 102
2 33
5 123
4 142
4 106
2 79
2 88
2 54
1 71
5 131
2 17
4 126
4 77
4 138
5 104
3 84
1 37
5 131
1 42
4 105
2 80
4 38
1 91
4 114
4 103
2 82
1 59
2 84
3 41
5 109
2 93
4 79
1 20
3 72
3 49
4 116
1 109
5 126
5 121
4 54
2 48
3 130
5 113
2 20
4 109
4 96
4 114
2 32
3 58
2 43
4 137
3 86
5 115
3 83
2 53
3 39
2 50
1 40
5 68
2 46
5 65
5 129
2 26
3 92
4 72
4 58
1 32
2 85
4 81
3 123
1 20
3 57
3 47
3 97
2 95
5 143
1 13
1 30
2 44
2 49
5 112
2 88
4 133
2 115
3 77
2 38
1 54
4 105
5 68
4 51
1 47
4 131
2 119
2 48
3 59
2 40
5 129
1 32
4 87
1 71
3 122
2 29
4 51
5 133
4 86
4 51
1 25
4 82
5 88
5 117
2 108
1 39
5 54
4 98
4 127
4 55
1 60
4 46
1 56
2 117
1 17
3 127
2 39
2 103
5 113
2 79
3 90
1 75
4 51
1 35
2 42
1 15
1 38
4 137
1 15
5 84
1 58
1 74
5 149
1 106
3 40
2 85
5 67
2 44
2 49
3 105
3 58
3 99
4 72
2 74
5 83
2 61
5 135
3 108
1 22
4 88
2 52
2 94
5 133
2 105
4 126
5 137
1 93
1 75
3 52
3 60
4 78
4 78
5 59
3 129
4 46
1 30
4 125
3 120
1 29
4 55
2 94
3 52
4 47
4 62
1 73
4 119
4 113
1 71
1 74
3 98
2 86
1 106
5 75
2 62
2 103
3 109
1 60
4 33
1 22
5 107
2 45
2 88
5 134
4 53
5 89
1 36
5 66
4 78
3 63
3 90
5 131
1 25
4 65
3 106
1 57
4 120
5 54
3 53
2 50
2 63
2 95
5 139
2 41
2 27
1 92
4 75
5 158
4 67
5 54
5 121
4 89
5 122
4 51
3 104
1 88
4 64
4 48
4 135
5 120
2 89
1 25
4 69
3 55
1 46
3 77
4 59
5 118
1 110
5 55
4 111
3 116
2 122
1 66
3 117
3 93
2 104
1 64
4 135
4 128
4 93
2 73
4 66
2 17
3 81
3 48
5 110
4 112
4 43
4 78
1 76
2 109
1 58
2 27
4 93
5 93
2 79
3 51
5 72
2 32
2 65
1 106
5 119
1 43
5 102
2 98
2 53
3 71
2 77
4 57
2 105
2 89
4 48
5 120
2 70
4 103
1 71
5 114
5 80
1 75
5 130
4 84
2 71
3 68
4 134
3 80
3 65
4 64
5 101
2 62
2 47
2 24
4 127
5 53
3 62
1 49
3 71
3 27
1 30
4 55
1 78
3 110
4 134
2 36
5 118
5 86
4 132
2 78
3 60
2 57
5 142
4 92
4 39
3 120
5 110
3 78
2 70
1 35
3 91
5 59
1 34
4 60
1 12
2 95
5 111
5 47
1 66
2 25
1 102
5 51
4 97
5 135
4 84
3 81
5 75
2 19
1 54
1 82
4 71
5 103
1 84
3 127
1 29
4 53
1 95
5 117
4 92
1 31
4 86
3 93
4 102
3 75
5 67
1 23
1 42
3 41
5 56
2 40
3 63
1 62
2 101
4 148
5 107
3 123
2 29
5 113
1 110
2 96
2 25
5 95
4 65
4 43
2 72
1 20
4 76
2 92
5 59
5 131
1 102
1 28
4 43
2 102
2 92
5 133
1 11
1 29
4 72
2 68
1 88
5 51
5 123
5 79
2 23
3 69
2 52
5 62
4 115
3 49
2 32
2 90
3 121
5 141
1 75
4 138
3 104
5 79
3 44
5 151
2 107
2 105
2 110
4 72
4 54
1 98
5 82
1 75
4 85
1 97
2 109
1 78
5 140
5 137
1 54
5 52
2 78
5 116
4 133
3 45
5 77
2 52
1 13
3 85
2 93
5 96
3 132
1 61
5 110
4 62
3 76
5 63
4 44
5 66
1 96
3 66
5 126
4 58
5 135
4 128
1 38
4 88
5 65
4 110
5 98
5 131
2 39
5 93
1 45
1 62
3 42
2 89
5 77
4 67
4 106
2 43
3 52
4 120
2 121
4 63
4 76
1 27
5 61
2 103
1 76
5 80
3 131
5 60
5 145
1 79
3 79
2 36
5 133
1 107
2 48
3 126
3 73
4 65
5 144
3 112
4 123
1 38
4 70
3 71
4 116
1 96
4 88
1 83
5 54
2 91
1 55
4 65
4 62
5 148
2 109
2 114
1 22
5 150
5 73
1 99
5 60
4 74
5 91
2 91
1 106
5 113
4 59
4 46
3 60
2 76
3 71
1 86
2 93
2 62
5 105
4 108
3 51
1 104
1 31
5 63
4 129
3 122
3 125
5 74
4 69
5 154
4 95
1 36
4 107
5 76
2 28
5 85
2 32
4 63
3 85
1 50
3 102
5 66
5 104
1 106
5 66
5 129
4 112
3 45
5 107
4 82
5 131
4 105
2 27
3 59
1 60
4 125
1 75
4 81
1 59
3 115
2 90
3 92
3 113
2 72
5 110
1 84
5 65
4 77
4 125
2 50
5 141
3 124
2 57
2 99
1 30
4 86
4 98
4 49
2 83
2 20
3 56
5 128
3 83
1 22
2 43
1 44
5 96
4 110
5 157
1 64
2 60
5 78
1 92
1 33
4 58
5 105
3 95
4 51
3 114
4 115
3 100
5 87
2 52
3 94
4 64
3 57
1 108
2 53
1 97
2 21
4 128
1 47
4 68
3 114
4 81
4 73
5 106
1 90
4 48
1 105
5 91
5 86
2 94
2 58
5 108
1 79
2 41
2 67
1 104
3 94
3 73
5 72
1 78
4 99
4 121
5 139
4 93
5 131
5 47
2 54
5 60
1 107
1 81
4 103
4 124
1 82
5 47
4 139
4 78
1 56
3 107
3 124
2 100
2 97
1 11
5 118
1 105
1 86
4 61
4 104
2 112
1 109
1 69
2 117
1 61
5 99
2 35
5 149
5 102
2 55
5 99
2 42
2 25
5 102
2 96
2 34
5 127
2 41
2 64
5 111
1 96
3 121
4 52
1 68
1 88
1 103
5 132
3 114
2 41
2 33
1 53
2 40
1 87
3 26
1 28
4 106
2 106
1 59
3 56
5 57
3 108
2 117
2 104
5 140
5 70
4 108
4 42
2 84
1 71
5 78
2 112
2 24
5 78
3 78
5 77
1 31
4 57
3 65
5 121
4 58
5 138
3 75
3 43
1 36
4 66
4 51
1 99
5 63
2 58
4 100
4 73
2 43
4 95
4 144
2 34
2 46
1 59
5 131
4 77
2 103
5 131
1 91
5 87
4 143
4 91
5 106
3 66
1 110
3 78
4 50
4 107
5 132
4 135
3 118
1 73
3 36
5 63
4 117
3 65
2 124
4 71
1 52
5 61
1 26
3 64
2 53
5 81
4 68
3 126
1 101
5 104
5 66
5 99
1 109
2 54
4 82
5 86
1 47
3 68
1 69
1 23
3 130
5 64
4 57
5 71
5 61
3 41
3 68
2 70
1 79
4 72
1 52
3 60
2 62
2 100
2 55
1 17
5 123
4 88
4 119
5 74
4 81
5 80
5 150
5 120
5 109
4 46
5 121
4 49
2 75
2 48
1 108
3 118
2 32
3 112
4 76
4 47
3 112
4 70
3 126
4 116
1 67
3 48
3 107
1 21
1 32
5 75
5 85
5 81
5 136
2 28
2 87
4 112
4 44
3 66
2 54
1 99
5 97
3 113
2 62
4 73
5 103
1 69
4 131
1 86
5 60
1 45
4 51
3 132
2 89
3 124
4 106
2 86
3 103
1 103
2 69
5 59
5 63
4 105
3 60
1 30
1 100
4 67
5 109
5 75
5 87
5 58
1 108
1 100
2 75
5 120
2 53
5 88
1 89
4 85
4 132
4 90
5 124
4 77
3 120
2 43
3 42
2 108
2 93
5 74
2 23
5 108
1 53
1 75
5 52
1 89
5 61
4 81
1 88
1 72
2 23
4 100
2 54
3 101
2 52
2 93
4 52
1 85
1 42
2 93
5 114
5 126
2 36
4 114
4 91
5 140
3 52
4 52
4 77
2 54
3 81
4 73
3 106
4 75
3 69
2 73
3 59
2 84
4 63
1 64
3 26
4 76
5 64
4 47
1 27
5 125
5 145
4 94
5 120
3 115
1 14
4 63
3 106
4 79
1 98
5 56
1 18
5 61
5 63
4 63
1 91
1 99
2 106
1 74
2 77
1 33
1 26
3 70
5 65
5 114
4 70
4 87
5 134
3 75
4 68
2 34
1 107
3 83
2 79
2 69
3 77
5 89
4 97
1 24
2 26
1 106
4 70
1 48
3 107
5 105
5 94
3 107
1 90
2 56
1 110
4 94
5 77
2 22
3 54
4 111
4 126
1 87
5 131
5 91
4 80
1 36
5 90
3 81
3 105
5 71
2 49
5 95
4 78
1 90
3 44
5 129
1 20
2 104
2 70
4 100
1 20
4 94
1 72
4 86
3 39
3 78
4 86
3 62
4 130
5 55
3 99
2 35
5 76
2 89
4 131
4 43
2 93
3 67
4 73
1 69
2 25
3 38
5 45
2 39
5 71
2 105
1 19
3 121
1 66
4 48
1 87
2 90
2 89
3 101
1 64
5 138
3 122
5 147
1 56
2 43
1 51
3 60
1 85
1 85
5 64
1 43
5 138
5 102
4 94
3 36
3 39
5 77
1 55
3 75
2 63
4 65
4 136
3 39
1 38
2 106
4 101
2 95
4 69
1 104
3 57
1 98
1 47
3 123
1 10
1 46
1 26
1 63
2 116
2 77
4 120
5 142
1 24
5 145
4 104
2 40
3 115
4 62
4 132
4 136
5 127
3 42
5 72
1 109
5 88
1 50
3 72
2 51
2 24
5 69
1 89
1 73
5 83
4 98
3 50
1 29
1 79
3 127
5 69
2 58
4 77
1 79
3 125
5 132
5 130
3 97
5 120
4 123
2 49
3 35
1 64
3 75
4 75
5 53
1 29
1 12
1 109
3 107
1 54
1 66
2 116
5 137
1 33
5 138
4 124
2 115
3 45
2 108
1 105
4 94
1 57
3 92
5 85
4 146
3 33
3 99
4 62
4 118
4 86
3 111
4 134
1 41
4 120
3 37
1 45
1 84
5 130
1 95
3 71
4 113
1 25
5 64
2 47
5 148
5 70
5 106
4 111
3 66
1 29
3 109
3 124
3 41
2 111
5 131
3 50
1 48
4 88
5 89
3 78
5 101
1 112
5 127
4 92
2 76
1 22
5 134
3 36
4 75
2 38
5 132
4 88
4 59
1 16
3 41
3 34
4 118
3 92
1 79
1 81
4 72
4 130
1 52
4 139
4 77
4 142
2 106
4 112
1 75
2 109
4 107
1 86
3 95
5 41
3 91
1 110
5 48
5 51
2 95
5 101
1 89
5 78
2 122
2 77
1 13
4 102
3 35
4 135
1 78
2 108
2 56
5 117
5 111
4 54
4 78
2 43
4 112
5 87
5 79
2 56
5 72
2 50
3 59
1 33
3 71
1 37
1 81
3 41
2 85
3 65
2 32
5 118
3 65
3 28
4 106
4 140
2 28
5 42
5 139
2 114
1 58
1 70
5 138
5 122
5 88
1 99
1 100
4 42
5 128
2 64
3 76
5 109
2 91
4 48
4 129
3 51
1 33
4 128
1 80
5 130
1 79
1 103
1 104
4 45
1 49
4 58
5 142
4 139
5 71
4 73
4 142
4 134
5 83
1 64
3 59
3 36
3 118
3 75
2 73
1 81
2 116
1 111
4 80
2 102
3 75
2 29
3 76
3 86
1 89
5 106
1 22
4 80
5 145
3 100
2 50
2 26
3 63
2 42
3 112
4 82
5 128
4 115
1 78
2 44
3 82
2 73
4 134
5 139
1 24
1 106
5 137
4 136
4 88
2 44
2 87
5 125
1 29
5 107
4 132
1 77
5 145
4 55
4 82
1 77
4 40
3 109
3 122
1 42
4 147
5 86
1 14
2 58
3 125
1 54
5 101
4 75
3 31
1 71
5 119
4 47
3 32
1 88
2 121
1 86
2 55
3 72
5 97
3 60
1 54
2 27
4 130
1 54
5 64
3 116
4 88
3 63
5 89
4 48
2 98
5 131
1 24
3 80
2 47
2 34
2 42
2 47
1 96
5 46
5 87
3 72
3 42
4 40
2 113
1 49
1 92
3 126
4 123
1 51
2 97
1 36
4 148
2 40
2 45
3 118
5 103
2 109
1 20
2 31
2 58
2 92
5 60
3 65
2 27
4 101
3 113
1 39
4 54
2 68
3 77
4 56
1 22
5 89
2 84
2 89
2 33
2 80
4 71
5 52
3 123
4 85
3 106
2 105
1 26
4 78
3 47
3 59
1 34
2 113
3 105
2 111
2 38
5 61
2 89
3 98
1 111
1 23
5 71
4 105
5 57
1 85
3 57
5 144
3 57
2 41
2 50
4 60
4 110
5 101
5 138
3 42
2 75
1 101
5 80
1 78
2 76
2 65
2 108
1 108
2 85
5 117
3 38
4 142
5 61
4 72
5 100
5 137
5 72
2 27
2 55
3 55
2 108
5 147
3 87
1 102
4 49
5 76
3 84
1 100
1 62
5 48
4 143
3 36
2 119
4 38
2 108
4 83
4 63
3 89
3 119
5 139
4 84
2 65
5 124
1 51
2 87
3 92
5 82
2 105
4 140
2 95
3 102
2 71
1 66
2 67
4 109
4 130
2 79
3 47
1 59
2 63
4 99
2 22
2 91
3 127
3 110
4 53
4 135
5 69
2 114
1 47
2 95
1 69
3 83
2 26
3 90
3 59
4 75
1 105
5 68
1 90
4 87
4 131
2 86
2 74
5 124
3 94
2 113
2 79
5 58
2 48
5 102
2 86
2 49
3 73
5 92
4 115
4 66
3 73
1 105
1 46
1 51
1 55
1 14
4 47
1 98
4 93
5 46
1 95
3 114
3 109
1 52
2 82
5 54
1 85
3 51
2 95
3 92
3 132
5 117
4 94
2 46
5 152
2 32
5 113
2 77
3 40
4 115
1 89
2 62
5 93
2 93
4 111
5 119
1 61
4 100
3 120
1 41
2 37
1 81
3 122
4 110
3 75
1 32
2 111
3 106
4 45
1 59
4 108
3 123
3 55
1 80
2 116
3 63
4 109
4 120
4 77
3 31
4 87
5 64
4 55
2 106
2 109
1 49
1 85
4 128
1 85
3 30
1 36
5 83
1 101
1 73
2 106
5 130
3 106
3 75
2 91
4 101
2 20
4 95
3 69
4 63
1 58
5 133
5 91
2 110
4 70
3 123
3 75
4 79
1 106
1 57
2 57
5 114
3 78
3 120
3 70
3 107
2 42
2 71
4 52
2 81
4 123
2 115
1 90
4 90
1 68
4 136
2 28
3 119
1 88
5 57
4 42
2 103
2 118
5 95
5 74
2 112
5 103
2 78
3 108
1 23
4 96
5 67
3 133
2 29
1 76
5 144
4 137
4 133
3 87
3 89
4 60
5 66
5 120
2 113
2 99
3 74
4 131
5 131
2 47
5 92
2 101
3 54
3 124
3 123
5 54
4 65
5 77
1 38
5 76
2 49
5 132
1 81
5 110
1 31
1 76
5 108
3 114
1 44
3 100
1 17
4 134
3 106
1 104
2 123
