5000 1000000
1 95
5 110
5 39
5 20
5 69
5 50
4 90
3 34
4 73
1 37
1 40
2 80
4 43
5 56
5 9
1 25
3 103
5 69
1 30
4 82
5 38
1 38
1 44
5 64
4 108
3 103
1 98
4 17
4 91
5 60
1 45
5 42
5 56
4 101
4 37
4 46
4 19
4 34
4 16
3 49
5 97
5 96
4 58
3 92
2 49
3 32
3 106
5 77
4 38
5 55
1 16
1 26
3 90
4 41
3 72
4 21
4 54
1 90
5 112
2 74
1 48
4 73
4 95
3 59
4 38
5 27
3 52
4 113
4 94
3 44
2 3
2 85
4 39
1 26
3 35
4 2
1 9
5 46
1 90
5 27
1 85
1 51
5 101
4 70
1 41
1 6
1 11
5 60
5 88
1 17
4 72
2 15
3 11
5 110
1 97
3 98
1 26
5 51
1 85
2 33
5 90
2 56
2 5
5 83
1 29
3 98
3 31
4 74
5 87
3 68
1 26
5 81
3 99
2 79
2 59
1 96
1 65
2 102
2 69
2 101
1 56
5 20
4 89
1 28
5 27
1 30
2 11
2 65
4 113
4 69
2 86
3 48
1 70
1 36
3 95
1 19
1 65
3 55
5 7
4 105
2 28
5 46
4 52
2 84
3 85
3 31
2 19
5 92
5 17
1 42
5 79
2 23
4 45
1 45
2 45
3 35
3 109
1 91
4 26
3 67
4 32
4 8
3 39
5 41
5 26
4 94
1 16
2 26
2 30
3 31
1 5
3 17
1 15
4 96
4 49
4 14
4 39
5 24
5 82
5 103
5 68
3 76
2 18
5 32
2 35
5 95
4 33
5 77
1 79
3 70
1 13
4 60
5 21
1 37
2 11
4 57
1 61
4 96
4 56
1 96
3 65
2 79
2 97
3 81
2 56
2 7
2 12
1 93
4 57
2 106
4 78
3 80
4 51
5 79
3 66
4 46
3 74
3 18
3 72
3 91
4 83
5 91
4 88
4 47
2 34
5 70
1 56
2 104
1 57
2 62
4 11
1 19
1 25
1 12
2 79
3 104
5 7
2 11
4 5
2 99
2 76
1 96
5 50
4 95
1 61
3 82
2 20
4 63
3 31
5 59
5 45
3 84
5 41
2 67
4 101
2 83
4 68
1 80
1 61
4 88
3 15
2 41
1 83
2 89
1 91
3 80
2 53
1 94
1 13
3 76
2 99
3 54
3 90
5 25
4 59
4 17
3 54
4 36
1 24
5 91
5 30
4 45
1 14
1 56
3 88
5 104
2 17
4 90
3 53
4 18
2 85
1 5
1 95
5 49
4 70
3 56
1 10
5 33
3 51
3 12
1 67
3 67
4 42
4 25
5 77
5 81
3 100
1 27
4 32
5 61
4 52
2 96
3 88
3 29
2 36
2 63
1 27
4 25
2 59
5 3
1 5
4 39
1 26
4 28
1 9
1 4
3 101
4 94
1 79
1 15
4 28
3 16
5 48
1 28
5 27
5 110
2 94
2 106
4 47
1 49
1 48
5 44
2 9
5 91
2 75
1 71
4 100
3 68
5 27
4 71
4 8
5 29
4 110
1 77
4 86
5 92
1 32
2 34
5 87
3 91
2 43
2 91
3 77
3 21
3 68
4 61
2 12
2 33
5 39
4 58
5 12
1 78
5 120
4 38
2 41
5 104
1 17
2 64
2 90
1 35
3 54
1 68
2 106
2 60
5 48
3 38
5 17
3 35
4 46
5 54
3 12
1 95
5 29
2 59
3 53
3 9
4 88
5 23
3 54
2 66
5 80
3 78
4 50
3 41
1 10
2 25
2 17
5 56
4 23
1 42
3 53
4 76
3 79
4 25
3 73
5 37
4 15
4 54
1 41
3 20
1 74
2 91
5 103
4 12
1 58
3 16
1 5
4 94
5 40
5 17
2 61
4 99
5 115
4 83
4 22
5 93
2 43
2 89
4 16
4 55
3 46
1 10
5 33
3 50
5 74
4 70
1 14
5 30
5 46
3 37
3 31
4 36
1 99
2 43
1 79
1 33
2 99
2 98
1 52
1 97
5 65
2 31
5 55
1 40
2 29
4 21
1 19
2 31
2 94
2 50
4 9
2 55
1 9
3 25
3 69
2 69
4 38
1 84
3 87
2 13
3 54
2 29
3 38
5 80
3 26
4 59
2 25
1 96
5 22
1 42
4 71
1 24
4 77
3 106
3 22
5 55
4 83
1 76
2 60
2 8
1 13
1 4
4 80
4 80
5 82
2 82
3 80
5 60
3 14
1 60
3 40
5 86
1 27
5 107
5 110
2 102
3 53
1 40
4 26
1 71
1 97
1 30
5 48
4 50
5 39
3 10
3 36
2 56
5 118
3 19
4 89
3 30
5 61
2 80
4 105
4 71
2 73
2 82
1 97
5 49
4 63
1 89
1 13
4 87
4 74
4 80
3 32
2 71
2 70
3 53
1 9
4 87
5 89
2 40
3 39
4 35
5 99
5 40
2 93
1 19
5 91
5 59
5 91
4 25
1 101
2 81
4 22
3 86
1 26
2 97
2 79
3 23
4 26
3 106
5 105
5 40
2 21
2 14
3 108
4 61
2 87
5 37
4 29
1 88
3 41
5 107
4 83
3 100
4 85
4 114
2 68
2 23
1 97
1 39
3 110
3 91
5 28
5 57
2 92
4 84
4 54
3 107
1 4
1 78
5 62
4 77
1 19
4 9
3 51
3 73
2 65
1 16
4 63
5 84
2 74
5 17
4 100
3 37
3 110
5 25
4 82
5 87
5 9
2 43
4 73
5 43
5 51
2 102
5 106
2 78
5 90
1 28
1 61
1 102
3 44
3 22
1 93
5 58
5 93
1 12
3 31
1 19
3 55
5 45
4 84
5 55
3 71
5 85
3 99
2 32
3 64
2 46
1 38
2 41
5 46
5 54
1 6
2 89
1 92
5 49
2 18
4 50
5 56
5 54
1 35
5 46
2 71
2 3
2 83
5 56
1 79
1 42
1 42
3 19
3 63
1 60
3 61
4 89
5 55
1 27
3 18
1 99
3 102
3 98
1 78
4 89
2 46
4 54
1 41
3 28
5 97
3 45
3 33
3 6
5 8
5 102
3 41
4 33
2 49
2 22
5 55
1 90
1 62
1 61
5 79
4 91
3 19
2 42
5 100
2 26
4 23
3 38
2 48
5 62
3 65
3 92
3 88
1 15
4 20
2 18
1 82
1 4
5 72
4 15
4 84
1 58
5 23
2 48
5 86
2 38
2 59
4 29
1 69
4 41
4 24
5 71
3 18
5 29
5 47
5 84
1 28
3 19
5 74
3 95
4 8
1 63
5 7
2 31
1 21
1 38
1 37
5 38
4 81
4 99
3 89
3 57
2 37
2 45
5 18
1 53
4 70
4 72
4 73
5 31
5 69
3 83
2 79
4 25
4 39
2 83
1 58
5 71
2 54
2 72
1 85
2 14
1 2
2 1
4 83
5 83
1 50
3 46
5 86
3 35
4 46
3 90
2 96
1 17
5 104
2 69
2 49
2 65
2 12
5 25
2 73
3 97
4 90
4 37
2 60
4 54
4 8
1 12
3 62
5 43
4 40
2 60
4 46
3 92
3 87
4 100
3 54
2 104
5 73
5 100
1 39
2 91
2 43
1 59
1 36
5 12
5 89
1 33
1 75
5 2
3 81
3 28
3 44
4 37
3 40
3 52
5 60
1 97
4 77
3 80
2 65
2 79
1 65
1 55
3 100
2 70
2 72
1 64
4 63
5 26
5 118
3 63
3 81
3 75
5 110
2 58
2 7
3 78
4 100
2 44
1 12
2 84
1 48
4 64
4 62
3 23
1 60
1 80
3 30
5 83
4 86
5 40
4 91
3 90
5 115
1 15
3 45
3 59
4 85
1 59
4 33
5 10
3 33
3 11
5 52
4 74
4 62
1 85
3 69
2 47
1 91
2 28
4 67
4 15
5 13
3 59
5 24
3 13
1 14
1 65
4 43
2 72
2 72
5 107
3 45
4 22
3 29
3 61
5 96
4 21
1 36
3 16
4 58
3 30
4 44
4 2
1 97
4 62
5 67
1 31
1 16
3 97
5 32
2 80
4 28
3 63
5 28
2 49
2 86
5 80
5 64
2 26
4 26
5 11
3 69
3 24
5 87
2 45
3 42
4 92
4 108
5 22
4 92
4 26
3 60
3 45
5 97
4 50
3 6
4 35
1 65
2 38
4 30
2 43
5 72
3 21
3 3
2 96
3 93
4 76
5 54
1 53
3 99
5 101
4 93
4 27
1 91
3 61
4 12
1 4
1 55
2 84
4 36
3 99
5 97
1 31
2 70
4 26
3 10
1 78
1 69
5 116
2 40
4 28
4 64
5 65
3 59
2 19
3 12
4 42
4 67
4 42
1 44
2 19
2 31
2 97
1 39
1 24
3 49
2 33
3 46
4 14
4 20
3 31
5 90
2 32
3 73
3 49
4 74
4 44
1 18
2 95
5 98
4 70
2 80
1 97
4 82
1 17
1 23
4 107
1 81
4 69
3 97
5 115
3 65
2 101
4 60
5 58
5 8
5 80
4 109
2 81
3 25
2 66
2 66
1 18
5 52
1 70
3 33
2 71
4 5
1 22
1 49
2 59
4 84
2 102
5 42
4 83
1 87
2 90
1 46
2 41
2 45
1 5
2 23
3 66
1 64
3 68
3 71
4 107
5 106
4 92
1 35
2 22
1 9
3 71
4 15
4 67
2 98
1 56
2 72
2 47
1 104
3 53
1 4
2 34
5 51
5 67
2 38
2 35
3 12
1 64
3 53
2 99
5 68
2 16
3 45
2 40
3 35
2 56
1 80
5 64
2 48
5 48
3 83
3 27
3 37
2 77
2 50
5 27
5 67
3 69
4 104
1 3
1 17
3 69
1 91
4 30
4 91
4 53
5 40
4 1
2 27
2 50
5 5
3 69
3 65
1 1
2 42
2 91
4 35
2 9
2 24
4 87
4 30
1 72
2 81
2 16
1 16
3 40
3 93
3 10
4 91
5 79
3 73
4 83
3 90
1 14
3 26
1 56
5 15
3 93
4 77
5 73
5 33
4 37
3 60
4 21
4 19
1 74
4 11
4 73
4 9
3 76
4 60
4 61
4 40
2 11
1 76
3 84
4 35
5 83
4 22
3 91
2 67
1 66
3 46
5 14
4 100
4 66
4 51
2 36
1 94
4 27
5 30
2 35
4 106
1 19
4 98
2 96
4 116
2 100
1 90
5 35
5 45
5 34
5 109
3 91
2 74
2 60
4 89
1 23
2 104
3 78
4 85
2 11
5 86
3 94
3 82
4 67
4 25
4 11
2 75
3 72
4 49
1 86
4 109
5 24
3 18
5 62
3 57
2 15
1 51
5 76
4 16
5 24
3 97
1 15
3 90
5 24
4 85
1 33
2 65
3 89
2 71
3 82
4 25
1 34
4 74
1 7
3 71
5 26
3 63
4 47
5 67
1 87
3 104
1 64
3 72
2 63
2 36
2 46
2 40
3 16
5 47
2 46
5 93
5 19
3 49
1 2
2 36
4 35
5 101
5 31
1 4
1 89
4 84
5 77
4 97
5 89
2 36
3 39
4 21
5 18
5 48
2 45
2 97
4 74
3 39
3 103
1 66
2 63
4 84
3 56
4 79
5 79
3 68
1 89
2 66
5 46
2 30
4 94
5 89
3 76
5 73
2 61
2 9
1 9
3 44
5 26
4 39
4 71
1 93
4 109
2 68
4 9
3 47
3 87
3 28
5 46
2 87
2 59
1 49
1 68
4 93
4 49
4 33
3 75
5 80
4 69
2 97
2 43
2 32
4 42
2 69
2 13
4 70
5 27
3 50
2 45
3 56
2 49
1 4
3 36
2 80
2 52
3 103
2 92
2 26
2 59
5 66
5 33
2 104
4 37
3 104
4 87
5 37
2 29
4 92
5 34
4 99
4 57
3 19
3 33
4 47
5 96
1 12
2 20
3 92
1 11
1 92
1 82
5 39
4 4
4 53
1 98
2 35
3 86
2 28
1 92
3 76
1 98
1 33
5 1
2 22
1 94
1 21
3 1
3 73
3 4
2 54
4 88
3 17
5 59
1 79
5 108
3 37
2 71
5 31
1 41
3 9
2 66
1 30
1 9
5 81
4 48
3 43
1 79
4 65
1 69
5 51
4 30
4 42
3 54
2 35
3 69
4 14
4 19
4 95
1 39
5 52
4 28
1 37
2 91
4 79
5 84
5 27
4 49
3 100
2 105
3 13
5 27
2 37
3 82
5 100
5 93
2 100
1 25
2 45
3 66
2 67
5 114
5 53
2 71
2 80
4 30
4 87
5 118
2 39
4 70
1 56
4 60
1 83
3 95
4 47
3 16
2 40
2 80
4 47
2 59
2 96
2 25
4 93
5 37
5 6
2 52
3 92
3 44
3 98
4 77
1 99
4 76
5 70
3 99
2 88
4 75
5 30
4 83
2 29
2 9
3 55
5 83
2 33
1 11
2 42
3 78
1 92
2 34
5 112
2 81
5 91
5 58
3 92
1 66
2 40
1 33
3 55
4 112
4 33
2 99
5 50
3 17
3 30
5 105
1 74
3 25
4 102
2 106
3 58
2 41
3 81
4 17
1 71
2 65
4 17
2 65
3 59
3 90
3 44
1 47
1 39
4 7
1 52
4 58
5 69
1 22
5 100
3 27
2 19
1 18
3 13
2 86
2 36
2 47
5 117
3 50
1 21
1 36
3 54
5 101
1 41
3 26
2 32
4 100
3 96
5 94
2 66
3 48
5 49
1 37
4 17
4 94
1 45
3 77
5 57
4 75
4 32
4 53
1 10
1 79
2 69
4 26
3 80
5 72
4 33
5 38
1 79
4 95
1 103
3 53
2 83
3 60
4 48
1 47
2 22
5 97
1 82
1 49
4 15
5 70
4 52
2 98
3 31
1 26
4 80
4 39
5 38
4 30
1 11
5 65
5 113
5 20
2 44
3 35
5 92
4 80
5 18
1 64
2 31
1 60
4 80
4 81
4 107
1 8
4 3
4 63
3 79
1 43
4 3
5 28
1 83
2 46
3 96
3 16
2 100
5 8
1 33
5 95
4 56
5 36
3 36
2 46
1 55
1 80
3 11
2 96
5 21
4 47
2 10
4 111
4 83
4 68
1 50
4 94
2 41
1 16
3 36
3 29
3 96
4 98
1 93
1 58
5 28
4 81
5 61
4 87
3 96
4 56
5 19
4 96
1 40
1 36
5 66
5 65
5 82
2 52
5 47
3 10
4 65
2 37
5 54
4 41
3 87
4 71
5 90
3 81
2 92
3 20
2 91
1 34
5 14
5 24
5 89
1 75
2 26
4 44
2 101
4 91
4 62
5 78
2 79
4 90
3 39
5 30
5 104
4 58
2 16
2 52
3 22
2 107
5 75
3 21
2 94
3 32
1 13
3 112
4 107
1 41
1 52
3 91
1 84
2 92
2 20
5 81
4 52
1 84
5 43
3 71
4 40
2 9
2 32
2 83
3 98
4 20
2 66
4 46
5 111
4 77
5 13
2 67
3 85
2 75
4 112
1 46
2 76
2 98
4 68
2 85
5 8
3 30
1 78
1 82
4 64
5 59
2 63
3 22
3 79
4 88
5 63
4 45
3 56
2 63
2 90
1 48
5 64
5 59
4 95
3 92
5 86
1 60
5 44
5 105
2 45
4 97
1 71
5 93
5 8
1 29
3 27
4 30
3 42
4 71
5 69
2 66
4 72
3 68
4 38
4 59
3 9
5 113
5 86
2 73
3 14
2 74
3 101
1 86
2 42
1 55
4 94
3 70
4 30
2 39
5 67
1 2
1 64
5 21
2 55
3 30
4 71
5 81
4 40
4 56
4 50
4 106
2 36
2 73
1 76
1 96
5 39
4 8
1 46
1 33
3 10
1 25
5 106
3 95
2 51
3 64
2 89
2 65
3 44
1 47
2 28
5 61
3 26
1 68
5 43
1 81
3 34
2 67
1 52
3 34
5 65
2 43
2 10
4 61
4 18
3 97
4 91
4 92
3 17
3 16
2 93
2 68
5 27
5 27
3 84
3 28
4 31
3 102
1 20
5 29
2 54
4 21
3 14
3 49
1 18
2 14
4 73
1 9
3 25
5 20
1 60
2 54
4 18
4 11
1 28
5 99
2 37
3 90
2 15
1 7
4 93
5 20
2 28
1 40
1 9
3 19
2 96
4 84
4 60
1 11
3 53
5 86
1 76
1 93
5 53
3 50
3 93
5 19
1 76
2 85
4 14
5 75
2 2
3 32
1 22
4 56
3 60
5 8
1 91
3 55
1 57
4 26
4 101
1 4
5 110
2 94
3 39
3 50
2 24
1 99
3 87
5 76
1 67
2 44
4 74
1 88
5 14
5 83
4 48
3 19
5 22
2 28
5 74
1 83
2 74
3 99
3 76
3 46
1 38
5 37
5 24
4 100
5 26
4 60
3 15
4 21
5 101
5 90
5 18
1 27
3 45
2 40
4 59
5 20
4 38
5 37
5 97
4 52
2 100
1 89
4 80
5 29
5 66
4 49
5 40
2 18
3 81
4 29
1 11
1 33
5 60
3 96
2 13
5 55
2 51
5 26
5 35
5 97
2 42
3 98
4 87
1 16
3 67
5 15
2 79
3 48
2 55
1 29
4 38
3 14
2 95
2 93
3 93
2 69
1 74
5 96
1 62
5 25
4 96
2 18
2 39
5 97
2 78
4 61
5 34
4 88
5 34
3 101
1 74
4 24
5 56
5 80
3 29
1 22
5 101
2 108
4 100
5 24
3 107
5 106
2 76
5 40
1 80
4 58
2 73
4 67
5 79
2 75
2 38
5 65
1 96
4 64
4 20
2 76
5 98
4 43
5 35
2 56
4 48
5 83
1 56
1 4
5 77
2 99
1 57
1 11
1 41
2 84
4 66
1 82
1 89
2 71
3 48
2 99
4 33
1 94
4 75
1 40
1 63
4 43
5 49
2 31
3 15
2 17
3 50
1 62
1 47
5 41
1 59
5 64
3 37
5 52
3 27
3 59
5 102
4 68
1 15
5 89
4 59
3 16
5 118
1 12
3 55
1 70
4 108
5 66
1 76
5 30
1 25
1 81
3 55
4 102
2 73
3 54
1 41
4 111
4 36
3 63
1 67
4 33
2 108
2 27
5 45
5 114
3 18
5 90
2 77
2 92
4 83
4 24
1 44
3 91
3 12
1 21
5 111
5 64
5 89
4 60
2 28
2 83
1 82
2 11
1 78
2 3
4 63
5 83
1 66
2 46
4 81
3 38
4 65
5 104
5 41
2 64
2 31
2 97
1 45
4 87
1 4
3 47
3 72
2 54
3 56
3 18
2 53
3 24
5 67
2 72
4 8
3 27
5 92
3 27
1 13
2 26
1 15
3 95
4 58
3 61
5 58
4 80
5 19
4 63
1 7
5 52
3 44
2 67
1 57
2 81
1 50
1 58
3 61
3 88
4 64
2 1
1 54
3 62
4 39
4 108
1 20
2 14
5 37
1 60
3 62
5 34
5 97
1 85
3 39
2 45
1 100
1 63
2 19
4 39
3 99
2 40
3 55
1 3
4 59
5 83
1 52
4 98
4 77
3 78
4 98
3 13
5 100
3 30
3 83
5 105
1 62
2 96
3 57
1 75
5 39
3 76
4 43
5 31
3 9
1 25
3 73
3 52
1 44
4 62
3 99
3 18
4 10
2 105
5 49
5 65
1 24
3 66
2 76
1 46
3 63
2 50
5 48
3 47
3 65
1 14
2 106
1 67
4 51
1 58
3 59
4 35
4 79
1 35
5 59
3 38
3 66
3 20
4 39
3 90
1 6
4 34
1 23
3 86
2 101
2 35
5 99
2 33
1 99
5 118
4 43
4 27
3 58
1 37
3 45
2 94
1 78
5 66
5 40
1 10
2 8
2 98
2 45
4 46
1 104
5 24
5 71
2 46
1 94
1 62
2 80
4 13
4 77
5 10
1 69
1 32
4 9
3 54
5 99
3 100
1 10
4 38
5 54
5 68
3 63
1 61
4 5
5 37
2 21
3 25
2 28
4 31
2 52
5 78
4 89
3 10
2 37
4 30
4 70
1 90
1 100
4 67
5 58
2 89
5 77
5 88
3 91
4 51
1 98
4 33
4 60
1 10
2 9
3 82
2 63
1 91
3 52
3 20
4 79
5 1
3 34
4 34
3 60
2 48
4 38
4 58
1 80
3 53
4 71
4 58
3 82
4 10
1 23
5 24
3 73
1 9
3 104
4 45
2 40
5 54
1 23
5 55
2 42
1 36
1 62
4 10
2 92
1 54
2 32
5 62
3 2
4 116
3 72
2 103
2 20
1 11
1 67
2 103
5 53
3 66
2 66
2 79
1 74
1 86
2 90
4 60
5 53
4 103
2 17
4 84
2 92
2 53
4 47
3 17
3 32
2 35
2 6
3 17
4 38
2 77
4 15
2 77
4 110
3 87
1 74
4 59
5 35
2 97
1 18
5 45
2 46
1 97
5 49
5 93
4 44
2 78
2 29
2 88
2 31
4 104
3 33
1 4
4 46
5 85
1 64
4 24
5 86
2 108
1 59
1 92
3 43
4 89
3 16
2 6
2 24
1 83
2 38
3 85
2 60
2 65
4 7
1 98
3 52
5 59
4 87
2 80
4 92
3 48
2 74
2 13
3 71
4 36
1 92
3 23
5 93
5 65
2 98
5 82
3 91
1 70
4 38
4 21
2 39
4 94
3 101
1 80
3 30
5 66
3 97
5 11
2 40
2 16
1 25
2 40
2 37
3 15
2 19
4 44
5 73
1 37
2 92
2 103
4 100
1 66
1 5
4 91
2 56
1 68
1 84
4 30
2 74
2 72
5 21
4 80
4 67
2 66
2 67
1 34
1 85
1 65
2 73
5 43
3 26
4 64
2 30
3 18
2 97
5 23
4 62
5 72
5 103
1 103
5 40
2 102
2 76
1 75
5 61
3 32
2 9
2 23
1 63
2 42
3 40
1 44
5 71
2 73
4 88
4 64
1 32
4 62
3 109
1 80
2 26
2 18
5 44
1 49
4 24
4 69
1 66
5 7
1 14
1 15
4 49
5 51
4 111
3 100
5 107
4 41
3 77
2 36
4 91
5 104
1 72
2 22
1 58
2 60
2 50
2 8
1 32
3 64
3 108
5 73
3 60
2 96
5 98
1 46
3 50
3 13
4 78
2 51
5 117
5 108
3 86
3 99
3 75
1 11
3 15
1 100
5 29
4 41
3 32
4 18
4 50
1 76
1 6
2 102
3 54
2 36
5 53
3 76
5 100
3 83
4 75
3 83
3 51
5 9
1 16
2 12
2 61
4 86
1 51
4 80
4 28
1 50
2 61
5 65
4 64
1 61
4 25
1 32
2 29
4 17
5 108
1 14
5 15
1 73
1 99
5 61
5 66
5 77
5 88
5 71
3 36
2 18
3 35
5 87
1 23
1 34
1 15
1 47
1 19
1 83
4 9
5 83
3 90
3 51
5 51
4 82
4 35
1 45
1 31
4 89
2 44
5 75
3 90
5 4
3 73
4 83
5 10
2 97
5 63
1 83
5 10
4 77
2 4
1 40
5 84
4 82
3 43
3 50
4 56
2 68
4 100
5 7
4 59
3 20
3 58
3 59
1 24
2 66
5 61
5 8
4 17
5 52
1 59
3 71
1 66
5 56
1 31
3 56
2 83
5 39
2 26
5 35
5 104
1 55
3 82
3 1
4 92
1 77
1 89
4 67
4 32
3 99
1 45
3 90
4 20
3 75
3 48
1 70
5 91
1 72
1 17
4 88
4 16
3 32
4 109
2 86
4 45
4 58
4 46
2 86
5 20
3 53
3 106
3 104
5 49
4 88
1 15
3 69
1 30
4 61
4 19
4 36
5 38
5 46
1 49
3 92
2 88
5 69
4 78
1 18
3 86
4 77
4 113
4 89
5 67
1 59
2 66
3 77
4 103
4 88
4 21
3 84
1 99
3 12
1 41
2 21
1 41
4 57
1 6
1 78
5 29
5 28
3 61
5 26
1 97
3 103
4 87
1 49
5 17
2 67
2 65
2 80
3 87
1 99
1 79
1 85
1 81
3 20
3 12
2 54
5 48
2 19
4 84
1 58
4 57
3 77
4 55
1 85
1 73
2 84
3 28
2 58
3 16
5 83
2 79
3 75
2 74
5 62
2 58
4 87
1 23
5 26
3 59
5 82
3 16
2 26
1 76
5 31
4 73
5 94
4 72
5 61
5 71
5 98
2 28
5 81
1 36
1 90
2 47
1 94
4 76
5 60
2 64
2 70
5 113
4 47
2 19
3 38
5 53
5 39
1 30
3 64
3 83
4 68
4 66
5 37
1 86
1 32
5 106
3 56
1 87
1 70
4 64
1 33
5 111
5 22
5 101
5 82
3 85
5 52
3 99
2 31
2 15
5 82
5 76
3 57
2 90
2 26
4 111
4 68
3 84
3 53
4 27
4 76
1 18
4 46
1 63
1 87
3 49
1 54
4 19
5 108
2 90
1 61
3 68
5 18
4 33
2 31
4 63
4 56
1 30
3 101
1 25
4 65
1 50
1 102
5 43
1 64
1 39
1 69
4 9
1 80
2 91
2 65
4 72
4 55
1 67
4 106
2 80
3 40
4 52
4 114
1 84
3 91
4 75
5 67
1 95
1 79
4 69
2 55
2 53
4 20
3 87
5 14
1 39
5 104
5 22
4 13
2 100
1 101
2 96
5 16
4 108
1 84
2 63
3 4
2 92
5 72
3 15
5 2
4 11
2 26
5 106
3 34
3 99
4 110
1 86
5 50
4 18
5 47
1 37
2 102
5 18
2 101
3 75
4 43
1 17
2 7
3 48
5 31
2 21
1 78
4 54
1 33
5 99
2 15
5 64
1 96
1 8
5 16
5 100
1 17
5 33
1 52
5 105
3 30
1 24
4 104
3 106
1 100
2 83
3 79
3 96
1 22
2 36
1 32
5 47
4 36
2 26
5 42
5 81
3 84
3 48
4 6
1 45
5 23
1 82
2 17
5 112
3 14
2 24
2 98
3 65
3 94
2 16
5 74
5 80
4 21
2 14
1 2
1 21
4 83
4 97
1 34
4 47
1 39
3 96
5 31
2 60
5 67
4 61
1 48
3 83
3 28
3 76
4 13
3 43
3 21
1 65
1 28
1 36
4 80
1 43
5 81
4 68
4 69
4 23
5 95
4 13
5 91
1 100
3 89
5 106
5 80
3 35
2 77
3 103
3 44
1 74
4 33
1 97
2 36
5 79
1 50
2 80
2 73
2 28
3 59
5 57
1 43
2 86
4 114
3 74
1 56
4 98
5 2
1 51
5 50
5 22
5 37
4 16
1 88
3 47
4 83
1 45
5 102
1 26
5 63
4 46
3 90
3 78
5 65
3 42
1 56
5 41
3 48
2 9
2 104
1 90
1 63
4 67
4 92
4 25
3 23
5 18
5 29
2 92
4 93
4 19
1 51
1 41
4 21
3 40
2 32
4 52
4 73
3 73
5 76
2 89
5 106
2 99
4 61
4 39
3 43
2 63
3 8
4 47
2 93
5 81
2 79
5 80
3 41
5 56
4 21
2 18
5 114
5 62
4 111
3 28
3 14
3 18
2 75
5 21
1 96
5 62
2 74
5 59
2 103
4 88
3 50
2 50
2 35
4 99
5 20
4 23
1 11
5 51
4 13
2 19
4 113
3 1
5 34
1 89
5 45
1 76
4 65
1 20
2 84
3 83
2 13
3 44
4 67
1 84
5 31
3 27
1 50
4 33
1 95
2 53
2 19
4 21
5 111
1 42
4 58
1 20
3 44
3 85
5 33
5 101
3 15
3 102
4 114
1 84
4 42
3 86
4 61
4 95
1 69
5 83
2 28
3 85
1 92
1 61
1 99
2 91
2 101
2 71
4 74
2 68
3 62
1 42
4 48
3 24
2 58
1 32
2 72
1 57
2 88
3 94
1 18
5 55
2 61
5 53
1 6
2 4
4 75
3 66
1 93
4 74
4 43
3 1
5 87
4 50
2 6
1 42
5 70
4 74
2 91
5 33
5 59
3 70
4 20
3 54
4 101
2 58
4 88
2 43
1 9
2 59
3 94
5 53
4 70
5 32
2 84
4 85
1 56
2 63
5 27
3 52
1 64
5 100
3 75
5 54
1 10
4 45
1 62
5 99
5 72
4 48
2 90
1 6
5 35
4 65
4 81
2 22
2 71
2 96
5 6
2 73
2 84
5 23
2 92
1 57
1 96
5 87
5 47
2 29
5 81
3 43
4 80
1 11
2 70
1 71
3 51
1 88
4 43
3 56
3 97
5 111
1 5
2 92
4 48
1 93
3 90
3 21
1 86
3 92
4 62
1 69
5 42
5 65
5 36
5 62
4 44
5 68
3 28
5 65
1 20
4 58
5 71
3 43
3 51
4 56
2 36
1 62
4 105
3 15
1 7
5 27
2 61
4 47
3 61
2 71
5 55
3 93
4 46
1 87
4 112
2 54
3 40
5 40
1 34
5 111
5 103
1 76
2 86
5 101
2 83
4 36
5 64
4 71
2 51
3 22
1 59
3 66
4 74
2 91
2 21
2 91
5 105
4 48
3 28
4 15
1 65
1 70
5 85
1 28
4 33
3 86
3 68
2 3
3 72
3 17
4 112
4 72
3 31
4 29
4 58
4 98
3 8
5 43
2 101
4 38
4 34
1 100
3 40
2 86
1 46
1 78
2 56
5 32
2 41
5 95
4 46
4 43
4 104
2 56
1 44
5 56
2 52
3 69
5 93
3 18
1 43
2 30
2 43
4 41
3 82
2 40
4 112
2 6
2 5
1 32
2 77
3 22
5 104
2 43
4 11
5 33
3 69
5 44
5 50
3 66
2 43
2 57
1 94
5 79
4 76
4 90
4 26
5 99
1 24
2 70
1 55
1 71
2 57
5 56
4 74
5 88
4 22
5 89
5 12
4 69
4 88
1 69
4 40
2 40
4 35
1 59
5 66
3 45
1 47
5 16
1 25
4 100
2 29
2 76
4 78
4 43
3 44
4 76
3 30
1 101
5 98
3 74
2 73
3 29
1 43
4 18
5 113
2 50
1 5
4 10
5 25
2 83
4 60
2 29
3 83
3 60
4 73
1 68
2 91
1 41
4 81
3 95
1 84
1 81
2 38
5 91
1 87
1 15
1 69
5 113
5 45
4 47
3 84
5 78
1 91
4 103
4 20
5 65
1 66
4 73
3 96
4 75
4 33
5 97
5 40
5 79
5 60
2 61
3 51
3 11
2 50
3 45
2 49
2 74
4 98
3 7
2 4
3 91
5 71
4 35
2 44
4 78
5 76
1 31
5 50
5 29
5 41
2 7
1 52
5 54
4 98
3 73
2 47
1 49
3 32
3 93
5 104
2 22
3 81
1 24
1 65
3 15
2 96
3 54
5 55
4 9
2 90
4 92
4 94
4 90
3 25
5 84
5 95
5 35
3 49
4 76
1 14
5 67
2 12
2 73
5 39
4 28
3 110
3 58
4 34
1 38
5 33
3 73
5 30
4 31
2 77
3 81
3 27
3 101
3 43
5 55
5 88
5 8
1 35
4 35
3 10
1 53
2 11
2 79
3 39
4 26
5 83
3 81
3 86
2 104
5 32
5 53
3 18
2 25
3 71
4 27
2 69
2 47
2 48
4 82
2 34
2 66
4 78
2 37
4 9
2 10
3 20
3 36
4 74
4 13
1 58
1 98
4 43
3 88
2 74
2 47
4 99
2 77
5 23
4 110
4 47
4 69
4 53
1 57
4 9
2 19
3 66
3 56
1 58
5 39
3 81
4 108
2 16
1 42
5 90
2 87
3 33
1 43
4 34
1 10
2 32
1 11
1 55
4 108
5 39
3 107
5 29
1 5
4 74
1 47
4 111
3 60
4 72
1 16
3 76
1 83
5 97
3 14
5 81
4 84
1 12
3 82
5 66
5 87
1 1
2 103
5 110
1 36
4 101
2 69
5 37
5 35
3 25
1 94
2 99
2 45
5 30
3 13
4 87
2 18
5 102
1 54
2 51
3 15
5 16
4 75
5 54
2 72
5 66
5 79
1 35
3 9
2 92
1 87
2 85
4 29
5 95
2 27
3 32
3 17
4 66
1 63
4 12
4 53
5 103
5 53
3 13
4 92
5 96
3 103
4 37
5 30
2 104
2 27
4 113
4 39
1 50
3 90
5 47
5 70
5 37
5 23
5 63
1 99
2 83
4 53
1 36
2 60
4 52
1 31
5 23
5 96
1 31
2 29
5 69
5 77
2 72
1 91
3 95
1 27
2 59
3 98
4 77
3 36
1 74
2 87
5 32
2 99
5 18
1 95
3 68
5 65
5 50
2 101
2 58
5 15
5 100
2 83
3 48
4 65
5 96
4 108
5 54
3 87
3 32
3 95
1 13
1 7
5 35
2 37
2 52
1 51
5 55
3 14
4 49
2 96
4 111
3 76
5 19
4 61
4 99
3 44
5 115
2 43
1 54
1 85
5 72
5 72
2 11
3 5
4 107
5 34
5 85
5 89
1 17
5 119
2 92
2 108
4 94
2 25
3 83
1 11
1 76
5 78
3 95
1 72
5 59
5 93
5 36
5 42
2 4
4 85
5 110
4 109
2 37
1 34
1 91
4 87
3 2
1 68
4 106
2 103
5 52
3 87
3 71
5 19
5 35
5 11
3 52
3 53
2 66
1 81
1 12
1 61
2 71
5 11
5 36
1 38
1 21
2 97
1 43
4 79
3 81
3 42
4 45
3 73
4 17
5 62
1 45
2 52
1 21
3 53
1 38
2 51
2 82
4 26
3 88
2 83
3 108
4 103
2 22
3 22
1 20
2 99
2 12
1 51
2 40
5 30
4 46
5 36
2 22
1 51
1 13
3 22
4 31
1 32
3 24
1 102
4 58
5 102
1 26
4 34
3 54
5 40
5 105
5 23
4 3
4 31
4 58
5 61
5 54
1 85
1 73
5 43
2 94
1 103
1 52
5 38
2 44
2 51
3 72
5 64
2 58
4 73
2 10
4 100
2 88
3 75
1 85
4 57
5 118
4 113
2 64
4 77
4 57
2 65
1 34
4 68
5 62
5 55
5 73
2 38
2 102
4 91
1 57
3 94
2 8
5 81
5 13
4 45
5 11
4 63
5 51
1 70
4 95
4 45
1 3
2 38
5 16
3 16
4 52
2 87
2 49
2 57
2 108
4 73
1 65
5 68
1 78
5 36
2 60
1 11
1 91
3 21
4 17
1 70
3 58
5 40
4 20
1 56
3 83
1 16
1 26
4 107
3 95
4 68
5 11
3 22
3 76
2 67
2 60
2 13
1 45
1 79
1 34
1 44
2 80
4 11
5 31
3 80
1 22
5 51
5 44
4 78
1 32
5 105
5 72
3 94
1 49
1 75
1 40
4 93
3 69
1 17
2 64
5 11
5 37
2 25
5 65
1 28
5 21
5 51
4 20
1 20
3 65
3 13
2 20
2 33
4 83
4 18
5 17
5 57
3 112
5 75
2 29
4 50
3 28
2 25
1 19
4 18
4 18
3 70
4 22
3 82
3 87
5 114
5 27
3 16
4 74
1 64
3 19
5 57
2 18
2 59
2 91
2 9
4 75
4 48
5 115
4 94
5 100
2 30
4 96
5 48
1 61
1 92
5 63
1 46
4 46
3 15
1 8
2 41
5 9
3 91
5 100
3 63
5 101
1 80
5 31
2 104
1 100
4 18
2 103
4 22
4 52
2 14
3 43
4 83
2 68
2 93
3 99
2 108
5 33
5 30
2 37
2 10
4 71
1 84
1 69
3 53
4 75
2 37
4 40
1 21
2 63
3 85
5 23
1 34
1 37
5 74
5 78
4 53
5 35
3 18
4 25
5 49
4 39
5 82
1 25
3 96
3 42
3 22
3 41
3 58
1 42
3 21
5 71
4 69
3 75
2 72
5 42
1 89
2 46
3 33
3 34
3 56
5 22
2 96
3 72
3 14
5 103
4 46
4 9
3 12
5 60
1 14
2 69
5 13
2 16
3 46
5 39
1 100
5 28
5 59
4 83
4 54
4 79
4 83
2 34
2 20
2 3
2 73
3 65
1 90
5 40
2 41
3 55
1 102
3 54
5 91
4 28
3 61
2 41
5 118
4 44
4 48
1 99
1 97
3 21
5 81
1 32
2 21
5 54
1 68
1 77
3 46
5 68
2 23
3 97
2 15
2 69
1 36
4 87
2 22
1 25
3 76
3 4
2 34
4 13
3 37
1 39
2 64
3 55
1 36
3 103
4 71
4 87
2 43
1 15
4 39
5 17
4 22
2 19
2 5
1 92
2 26
5 84
5 27
1 6
1 17
2 21
3 97
4 40
2 81
1 54
2 29
4 83
3 48
4 92
3 29
2 41
2 97
1 61
1 64
3 42
5 106
5 33
3 62
4 92
2 103
1 2
4 16
1 55
2 69
1 63
4 60
5 37
4 5
4 40
1 69
2 18
5 22
2 24
5 50
2 48
2 75
5 81
3 34
2 93
5 8
4 37
3 88
3 86
2 51
5 17
4 96
4 15
3 71
2 55
4 84
2 61
2 19
1 6
3 58
5 40
1 53
4 48
4 38
4 50
3 39
4 21
2 25
5 29
1 87
5 22
2 99
1 15
4 10
5 54
4 74
4 35
2 89
3 51
3 21
2 55
3 34
2 54
5 98
5 93
2 1
4 15
2 84
2 25
1 85
2 97
4 47
4 17
2 31
5 94
4 86
4 107
2 34
5 28
4 89
2 55
3 68
4 25
5 97
2 24
2 88
4 32
5 26
5 28
5 71
5 40
3 95
5 68
2 41
4 11
1 33
1 92
3 24
1 17
2 97
1 41
3 84
4 86
5 35
4 28
5 51
1 44
2 2
4 13
2 41
5 39
1 65
3 40
3 70
5 66
4 50
5 103
2 93
5 19
4 19
3 65
1 49
5 50
3 104
1 93
3 87
2 73
5 71
3 23
4 90
5 70
4 98
3 30
5 101
1 22
4 14
5 38
2 85
4 31
2 94
3 104
4 34
2 80
2 101
1 21
2 94
1 21
2 43
2 19
2 27
2 36
4 54
2 80
4 40
5 93
3 103
1 71
2 77
1 45
5 60
5 40
5 29
2 58
4 72
4 27
5 86
2 101
5 33
4 52
1 100
5 22
5 100
2 71
4 42
4 3
1 29
3 22
2 103
3 73
5 59
4 91
5 6
3 77
5 37
5 64
3 87
3 22
3 93
5 25
3 18
3 29
3 16
5 91
1 38
4 99
2 79
3 75
5 16
3 99
2 81
2 4
1 26
1 9
4 78
2 31
5 98
2 11
5 51
3 75
5 14
2 64
5 23
5 106
1 73
1 82
5 13
3 25
5 61
5 38
1 83
5 27
3 27
4 23
1 77
4 97
5 66
3 49
4 54
4 56
3 80
5 85
4 17
3 89
1 78
1 29
1 98
2 92
5 38
5 71
3 8
1 96
2 68
1 56
2 101
5 29
5 107
3 103
5 76
3 89
4 80
3 64
1 84
2 83
2 19
1 10
5 104
2 48
4 35
5 93
4 10
2 82
5 117
2 33
1 100
2 15
5 33
1 89
4 25
1 65
2 40
4 74
1 48
2 42
1 74
1 11
5 75
2 21
5 81
3 72
1 8
1 31
3 68
3 103
5 12
2 77
3 45
2 65
1 31
2 81
3 20
2 9
4 94
3 58
2 14
3 56
2 93
3 61
1 69
2 16
5 63
4 26
4 40
1 64
3 68
3 12
5 21
4 62
4 37
5 63
2 65
4 87
2 45
1 16
4 87
2 36
3 46
2 19
2 26
1 54
2 14
4 60
4 97
4 64
4 22
1 38
5 32
5 31
4 54
2 62
2 106
5 104
3 91
5 90
5 35
2 74
3 43
4 98
1 93
5 25
4 87
3 39
2 45
5 78
5 37
1 101
2 33
5 82
5 42
4 52
3 17
3 22
4 25
3 6
1 22
2 61
5 38
4 38
3 91
4 17
5 43
2 98
3 52
5 73
5 52
2 90
2 90
4 40
4 108
5 18
5 9
5 30
3 57
3 22
4 19
1 10
2 101
1 42
5 3
3 98
5 50
3 56
1 82
1 52
5 31
5 84
1 93
2 37
3 109
3 21
2 31
2 79
4 32
1 8
4 55
3 87
5 73
2 95
4 80
4 104
4 6
5 95
2 45
5 81
1 70
1 55
4 95
2 5
2 55
4 20
5 61
3 32
2 88
2 6
2 104
2 16
4 22
1 90
1 41
4 79
5 84
1 64
3 39
1 19
5 23
4 17
4 98
2 43
4 27
3 50
4 40
2 17
4 48
3 42
3 46
5 76
5 109
3 22
2 27
4 73
5 85
4 19
4 98
2 71
2 32
4 36
4 30
3 23
4 79
3 99
5 114
4 115
1 37
2 59
2 48
4 44
4 57
5 64
1 78
4 39
4 34
5 24
4 21
4 92
2 82
1 56
1 78
1 83
3 71
2 42
3 91
3 53
3 19
3 101
1 35
2 39
5 85
3 87
4 83
1 7
1 77
3 18
4 15
5 27
2 19
3 63
1 102
3 29
4 85
5 66
4 10
3 78
3 66
5 27
5 82
4 88
4 115
4 100
5 63
1 84
3 80
2 6
1 20
5 55
3 98
2 85
2 76
5 37
2 89
1 13
1 85
3 104
5 32
2 93
5 66
3 108
5 52
2 13
5 92
1 73
4 87
2 16
5 92
2 44
2 108
3 109
3 98
4 77
2 33
1 85
3 16
2 23
2 52
5 62
5 16
3 97
2 33
5 38
3 91
4 60
2 67
3 35
4 94
1 91
3 94
4 20
1 35
4 4
3 35
2 95
2 41
1 45
2 86
5 56
3 77
5 84
3 56
3 94
5 65
4 22
2 31
5 9
4 66
2 12
3 45
1 79
4 1
5 46
5 35
1 76
2 85
4 38
3 29
1 7
3 32
3 36
5 21
3 61
3 69
3 82
4 23
3 52
2 72
3 28
4 39
2 45
2 55
5 71
1 36
4 46
4 19
3 66
5 60
5 85
2 11
5 87
2 4
4 77
5 69
3 58
1 89
1 46
2 89
4 85
3 17
1 14
1 4
3 78
4 18
2 104
4 102
5 90
3 65
3 21
1 60
3 50
3 6
5 49
1 42
5 49
2 65
4 14
3 37
3 99
4 54
5 83
2 8
4 69
3 18
2 15
3 92
2 36
5 37
4 80
1 74
3 96
1 16
2 37
4 10
4 7
1 69
1 71
3 58
3 38
3 92
5 93
5 55
1 90
4 40
3 78
3 49
4 50
5 82
3 54
1 31
2 92
4 66
4 100
2 66
1 53
5 17
2 52
2 68
2 90
2 89
2 72
4 91
1 37
3 58
5 68
3 21
5 89
5 22
3 41
4 24
2 69
2 57
4 5
4 33
2 21
1 86
4 83
3 11
5 78
3 74
4 95
1 38
5 94
5 116
1 12
1 71
4 35
4 96
1 6
2 13
4 14
1 87
1 16
5 75
5 85
1 54
2 85
2 63
2 52
3 39
1 81
3 84
4 24
1 64
3 30
1 12
4 77
2 82
4 38
1 98
5 101
4 38
2 100
1 20
1 55
3 76
1 72
1 56
2 24
5 54
4 75
1 85
2 6
5 70
2 94
3 65
2 12
1 52
4 18
2 95
3 10
5 106
4 28
4 54
5 66
2 83
5 18
2 45
3 63
3 26
2 27
5 16
5 98
4 84
4 69
2 25
4 110
4 23
5 71
1 74
4 35
1 49
5 65
3 9
2 35
1 9
2 52
5 66
5 80
3 47
3 107
1 65
3 92
2 22
4 77
3 36
1 67
3 16
2 44
5 76
3 66
4 35
4 64
3 107
2 83
1 46
1 26
1 28
4 41
4 98
4 50
4 73
2 68
1 85
4 66
5 25
2 97
4 26
4 83
1 69
5 99
5 113
4 23
5 97
1 38
3 58
3 77
2 54
5 37
4 53
2 69
3 55
2 76
2 68
2 104
1 46
1 27
5 79
3 70
2 40
4 25
5 14
3 97
4 25
5 47
4 62
4 19
4 107
4 13
2 97
4 84
4 80
3 34
1 10
2 46
3 78
4 45
3 1
5 99
4 81
1 25
3 50
1 60
5 78
2 81
2 44
3 40
3 69
2 79
4 48
2 28
1 28
5 51
2 108
4 56
2 32
5 64
3 75
2 26
4 38
5 104
2 77
1 89
2 31
2 21
5 118
2 48
2 91
3 22
