5000 1000000
2 223
1 273
5 211
3 359
1 15
4 271
1 29
5 205
2 41
3 359
3 333
1 263
2 1
3 173
3 143
2 237
5 243
2 147
4 323
5 211
2 317
4 115
3 295
4 119
4 81
3 137
4 75
2 21
1 349
3 17
1 317
1 357
1 71
5 111
1 321
2 353
1 201
5 337
3 123
3 39
4 69
5 73
4 9
2 127
2 211
4 321
5 323
3 305
5 209
3 93
1 43
2 383
2 369
4 293
1 151
4 243
2 175
4 375
4 305
1 249
5 359
2 137
3 239
5 33
5 387
3 381
5 387
4 373
2 99
4 249
4 67
2 139
3 155
3 271
3 79
5 45
4 299
3 243
1 137
1 167
4 89
3 155
2 201
5 75
5 33
4 203
5 133
1 351
2 111
5 135
1 33
2 317
4 377
4 375
4 261
2 119
3 105
5 81
4 43
5 271
4 127
5 167
4 329
5 209
5 95
3 377
3 35
4 299
5 245
1 123
3 37
2 117
4 391
3 243
4 171
1 267
1 341
1 379
5 1
2 317
3 369
5 359
3 27
1 283
3 101
3 291
3 237
3 191
5 143
4 165
1 301
5 61
5 21
3 153
4 99
2 195
4 17
3 123
3 61
2 283
4 397
2 169
4 217
2 233
1 283
2 85
3 69
1 69
3 259
5 229
5 357
3 111
4 129
5 391
3 161
3 327
4 155
2 109
3 165
3 281
5 95
2 109
5 223
5 249
5 51
2 85
3 111
1 45
4 371
4 129
1 105
4 217
1 49
5 171
2 331
5 29
1 181
2 363
4 383
2 255
2 249
4 185
5 19
4 343
3 59
4 29
4 355
5 277
5 247
5 385
1 241
3 143
1 39
5 247
4 375
1 159
5 31
1 65
2 283
4 159
2 265
4 187
2 313
1 219
1 19
5 55
2 373
1 261
3 81
3 311
4 277
1 165
3 137
2 371
5 21
2 397
1 353
2 211
3 83
1 33
2 299
2 315
5 309
1 113
3 293
3 115
5 257
3 395
2 231
1 369
1 275
4 53
5 61
1 257
5 119
1 197
4 187
2 327
1 195
5 31
5 81
1 165
1 333
4 125
2 55
3 365
3 163
5 233
2 227
4 139
4 55
3 329
3 269
5 239
1 331
2 129
4 251
1 87
5 279
4 225
3 79
2 181
1 11
1 217
5 261
3 261
1 285
3 139
2 371
1 221
4 243
5 121
4 375
2 29
3 297
1 337
2 357
1 111
5 319
5 275
5 243
2 113
1 19
4 345
2 217
5 289
5 335
5 113
4 195
4 397
2 121
1 213
1 111
3 83
2 251
1 113
1 291
4 357
5 353
2 135
4 31
4 31
1 91
4 305
1 145
2 331
5 15
1 103
5 163
4 87
5 227
4 31
4 387
4 203
2 115
2 257
3 13
3 273
3 277
3 359
4 179
5 379
2 237
2 397
2 187
3 147
3 367
2 215
4 291
2 283
3 265
1 59
1 387
1 79
5 85
2 23
3 135
1 209
1 23
5 165
3 261
3 389
1 115
4 153
2 27
5 211
2 185
3 269
3 159
1 23
4 43
5 301
4 51
4 283
2 211
4 37
3 249
3 183
2 83
1 395
4 369
3 81
4 251
4 251
3 101
4 381
5 169
3 369
4 305
2 145
1 365
4 205
2 115
3 251
1 299
4 173
5 113
3 55
4 209
4 179
5 205
5 243
2 235
1 13
5 47
5 347
5 387
1 307
4 11
5 13
3 239
4 33
1 223
2 223
2 1
5 315
3 185
2 293
4 191
4 105
3 319
3 271
4 115
3 145
1 47
2 115
3 17
1 201
3 265
1 247
5 221
2 207
3 291
3 221
1 65
5 23
4 153
3 153
1 369
1 309
5 199
5 13
2 261
1 13
1 117
2 27
4 261
2 103
2 103
4 193
1 157
2 381
3 143
5 55
1 347
4 181
5 203
3 319
5 379
4 301
1 249
1 331
4 35
4 343
1 323
5 247
3 269
4 135
3 155
3 305
3 323
1 29
2 329
4 99
4 179
3 313
1 399
4 247
2 259
5 69
5 275
2 25
5 57
4 47
2 153
2 171
5 3
1 305
1 71
1 147
5 181
1 273
1 59
4 399
3 213
3 129
4 205
2 327
1 375
5 327
5 319
5 231
5 261
4 279
5 97
4 193
2 117
3 77
2 241
3 351
4 251
5 193
5 245
5 381
3 71
4 345
1 99
5 241
2 75
2 313
4 221
3 91
5 261
5 49
4 191
2 149
4 121
3 325
2 335
2 169
5 193
2 253
2 109
3 327
1 83
1 251
5 45
1 385
5 163
5 29
5 31
2 51
4 67
4 211
4 211
1 197
2 247
4 57
4 29
3 103
1 53
3 359
5 181
5 311
4 293
2 19
5 105
4 379
3 15
1 285
1 181
3 323
1 285
3 69
2 309
2 331
5 69
3 289
5 397
1 113
2 333
4 183
3 31
5 71
2 131
4 219
4 41
3 225
3 109
3 47
5 281
3 219
3 377
4 263
2 259
1 171
4 123
1 125
4 163
4 57
2 97
4 327
5 123
1 377
2 91
2 91
2 73
4 353
2 221
3 343
4 333
3 387
3 155
5 315
3 383
1 323
4 251
3 391
4 83
4 51
2 133
2 77
3 163
5 385
1 163
2 89
2 159
4 181
1 281
5 33
2 379
5 177
1 325
4 337
5 173
1 195
5 195
2 119
1 41
2 7
1 329
1 33
1 315
4 219
5 285
4 195
1 305
2 235
1 173
1 315
3 297
1 57
3 31
3 269
1 369
1 267
5 345
1 351
5 13
3 239
1 321
4 271
2 13
4 309
4 333
4 169
5 343
3 219
4 57
5 91
1 181
1 267
2 309
2 75
1 135
2 399
4 317
2 73
1 121
4 367
4 349
4 249
3 373
1 91
5 53
5 205
4 337
1 191
4 319
1 33
2 99
2 167
4 225
2 349
2 121
4 91
5 135
1 73
3 135
5 85
5 133
4 155
5 81
2 63
1 55
3 223
3 77
2 195
4 307
1 5
3 167
3 161
4 341
2 199
1 203
1 223
5 211
5 45
4 17
2 235
3 207
4 247
1 297
5 359
3 221
4 279
2 175
3 7
4 203
5 149
1 49
5 1
3 291
3 173
5 263
5 61
1 99
3 227
1 27
4 205
1 171
3 247
4 159
5 241
3 179
4 13
4 233
4 187
3 269
5 13
1 211
3 9
1 109
2 239
5 161
5 117
3 169
4 155
1 139
3 107
2 17
2 79
2 375
1 25
3 1
3 275
5 347
2 113
4 149
4 293
3 313
3 219
2 215
2 341
4 201
5 5
3 369
1 339
5 375
4 161
5 397
4 57
3 351
5 31
1 199
2 267
2 257
4 69
4 1
3 317
2 235
5 325
4 15
5 5
5 187
3 331
3 33
3 357
3 177
3 385
2 287
1 67
4 135
3 313
1 7
1 87
5 97
3 63
2 289
3 251
3 271
5 367
3 135
1 283
3 37
3 273
3 15
5 53
5 89
2 161
5 167
5 237
2 283
2 85
2 1
5 111
5 207
2 365
2 107
1 197
2 245
2 21
5 397
1 373
1 383
5 347
5 57
3 363
2 105
4 147
5 215
3 237
1 75
5 201
2 91
3 267
4 107
1 87
3 327
1 97
3 309
4 39
4 123
2 243
3 377
5 3
4 359
5 147
2 89
4 383
4 195
1 61
1 367
2 131
4 141
2 335
2 99
1 371
1 13
5 377
5 119
2 5
2 99
3 65
4 299
1 117
5 285
4 93
5 87
5 297
5 105
5 37
1 39
2 283
5 311
4 151
2 323
5 157
2 229
4 227
4 357
2 13
3 289
5 373
3 73
3 199
3 27
2 219
4 117
2 279
2 259
1 39
1 143
2 393
2 39
3 293
3 283
2 53
2 211
1 287
1 175
1 299
3 339
2 189
2 157
3 307
1 101
3 273
3 87
4 133
2 165
4 13
1 135
1 317
2 91
4 211
1 261
3 213
1 223
3 155
4 89
2 73
2 303
3 311
2 353
2 133
2 281
1 211
2 29
4 169
4 19
1 311
1 223
1 127
1 283
5 135
1 215
5 399
4 127
1 45
5 11
5 105
1 303
2 37
3 271
3 243
2 365
3 89
3 371
2 21
1 51
2 67
2 121
1 19
3 7
5 271
3 171
4 257
4 181
4 105
2 243
5 289
4 221
4 185
5 163
5 309
3 173
1 241
2 345
2 335
5 257
5 89
3 291
2 387
5 255
5 217
2 175
3 209
5 311
2 93
1 73
3 101
5 217
5 285
3 251
5 103
3 339
5 245
3 235
3 13
2 201
1 179
5 119
1 217
1 199
3 25
3 395
3 109
4 27
2 301
5 115
3 89
2 105
1 129
4 269
4 381
3 237
5 375
1 181
3 303
2 205
1 359
4 361
4 317
3 93
5 105
2 393
1 383
4 353
1 67
4 275
4 295
1 37
3 163
4 175
2 389
3 233
3 337
5 93
5 37
3 67
5 19
1 7
1 43
3 301
1 151
2 151
1 157
4 43
4 153
2 231
4 271
3 381
4 3
5 149
5 137
5 329
1 7
3 209
3 101
2 101
2 379
5 175
4 349
1 81
2 77
5 51
5 209
3 179
4 85
3 277
2 235
5 347
1 193
4 99
2 277
2 113
3 209
2 299
1 257
1 97
3 35
5 225
4 375
5 271
2 233
2 211
5 341
1 195
5 149
2 53
1 239
1 301
5 119
1 303
3 35
5 307
1 271
1 297
4 321
5 143
4 273
4 273
1 81
3 143
2 141
3 5
5 135
3 319
3 3
1 71
5 73
2 391
1 261
1 299
4 73
4 165
1 147
2 165
2 113
1 281
5 393
1 217
2 355
2 325
2 25
3 267
5 243
5 49
1 239
4 115
4 145
2 393
3 241
2 315
5 203
1 143
2 221
3 261
4 13
2 235
3 67
3 379
5 361
2 257
2 263
2 21
4 253
2 77
3 43
5 33
2 139
4 223
2 45
5 91
5 325
2 185
4 285
1 347
5 53
1 125
4 253
1 389
1 195
2 83
2 379
2 51
5 359
5 361
1 109
3 73
2 187
5 201
4 65
5 377
5 391
5 85
2 65
4 233
1 77
3 335
4 297
5 175
2 383
5 379
4 307
3 169
3 393
4 181
1 301
4 43
4 325
4 249
2 265
1 215
4 115
5 141
4 301
2 5
3 135
5 251
4 255
1 119
3 195
3 169
2 221
5 163
3 31
1 207
3 381
5 249
2 93
5 167
5 279
4 341
5 35
3 295
1 283
4 265
5 21
2 391
3 375
4 123
2 191
1 167
3 317
2 119
2 157
5 17
4 155
2 199
3 319
3 381
3 71
3 145
1 331
1 273
4 307
1 265
5 137
2 165
4 273
2 381
3 151
1 141
1 109
3 393
3 299
3 321
1 335
5 237
2 363
4 61
2 321
4 339
4 29
1 343
5 389
4 321
4 395
2 203
5 307
4 105
3 197
5 139
3 279
2 107
2 175
4 173
3 349
2 313
4 351
1 17
4 189
3 129
2 147
2 221
4 29
5 399
3 329
5 317
4 141
3 59
3 3
1 365
1 253
3 155
1 245
2 301
5 101
5 253
4 321
5 47
1 7
4 213
4 329
3 291
1 1
4 385
4 217
1 57
3 227
4 305
5 241
4 311
1 45
1 357
2 325
1 205
4 121
3 15
5 197
2 47
3 331
3 221
5 195
1 117
4 147
4 343
5 21
4 211
4 267
4 369
3 61
4 369
1 107
2 355
4 155
1 165
1 17
3 309
4 249
4 179
2 233
4 77
3 9
1 215
4 189
2 367
5 151
3 395
5 95
4 141
1 77
2 11
4 333
2 65
1 69
3 379
5 343
2 169
3 355
1 349
3 161
5 169
5 229
4 81
5 69
4 175
3 335
2 141
1 365
3 383
2 319
1 399
5 297
1 189
3 335
2 185
4 267
2 45
4 335
4 133
5 63
5 253
5 67
2 35
1 103
2 337
1 95
1 185
1 237
3 289
4 169
4 183
2 391
3 75
5 355
4 387
2 3
1 163
4 275
2 353
5 117
2 169
5 263
5 269
3 363
4 273
3 133
5 95
4 359
2 15
1 199
3 281
2 237
3 287
1 253
3 145
1 225
1 235
4 377
4 289
3 45
1 273
5 205
4 33
3 303
3 241
5 371
3 397
3 393
4 97
5 47
4 215
1 15
2 397
4 397
5 109
1 267
3 359
3 161
3 209
1 175
3 281
1 279
5 193
2 277
1 197
1 135
5 243
5 41
2 217
5 203
4 113
5 229
2 71
2 187
2 241
5 19
1 129
4 321
2 253
5 219
2 63
5 103
1 9
1 137
2 83
3 355
3 179
1 153
3 255
5 303
1 71
1 205
4 367
2 207
3 231
1 25
4 233
5 379
2 59
3 113
3 115
1 155
1 121
3 393
1 187
4 249
1 395
1 127
1 289
1 225
4 163
2 229
1 365
4 351
5 65
3 75
3 19
5 295
1 269
3 205
4 383
1 285
3 257
5 11
5 357
5 15
5 139
3 27
5 329
2 91
3 267
5 389
4 315
2 203
3 99
2 311
5 293
4 327
4 217
3 99
2 253
5 253
2 243
5 171
2 115
1 231
2 261
1 109
4 63
5 195
3 201
3 13
5 153
1 139
5 203
3 379
3 369
4 239
1 207
4 35
4 249
2 333
1 39
5 211
4 19
4 271
1 293
4 27
3 245
1 113
1 215
1 67
2 209
3 89
3 279
5 121
2 107
3 387
1 183
4 255
4 189
4 173
3 321
4 81
1 63
5 345
5 307
2 239
4 65
1 293
2 193
2 137
2 343
5 149
2 295
4 237
5 377
5 155
2 61
3 9
5 183
2 183
5 225
1 71
2 287
4 59
4 303
1 181
4 203
1 301
2 183
2 389
4 181
4 51
3 247
1 199
2 139
4 3
2 145
4 223
1 85
2 257
3 17
3 307
3 305
2 73
1 3
5 349
3 11
1 247
4 257
2 77
3 365
3 17
1 91
1 51
1 33
2 191
3 113
4 19
1 203
2 257
2 351
5 197
3 233
3 287
5 23
4 371
4 221
1 65
1 67
5 297
2 9
2 285
2 349
3 79
3 105
5 29
3 207
2 357
2 33
2 99
3 123
2 133
2 343
5 47
4 143
3 259
4 313
2 145
3 109
4 339
5 161
5 127
2 357
1 143
4 137
2 347
3 193
1 253
4 109
4 317
4 61
3 65
1 227
3 235
1 81
3 303
2 303
3 199
4 261
5 291
5 85
4 225
2 151
3 67
5 345
5 195
5 275
4 349
4 131
5 179
5 197
2 123
3 209
2 23
4 45
3 381
5 21
2 313
2 139
2 49
2 349
3 91
3 31
3 41
5 177
1 71
3 127
2 143
4 33
5 153
1 331
4 123
3 191
3 327
3 53
5 125
3 263
2 393
3 383
1 353
4 183
1 5
1 395
2 215
4 265
1 125
3 301
4 259
4 43
1 39
1 163
2 289
2 319
3 219
4 149
2 269
2 179
5 43
3 223
5 309
2 345
2 187
4 365
2 167
3 75
4 315
3 255
4 49
5 31
3 373
4 171
5 121
5 187
3 105
4 257
3 191
4 339
1 323
5 389
5 379
1 157
1 251
4 265
4 139
2 107
4 3
1 279
2 209
1 19
2 167
3 79
5 209
2 319
2 223
3 333
4 61
3 51
4 21
1 195
5 93
3 271
4 151
5 221
5 259
5 179
5 25
4 331
5 107
1 233
3 349
1 291
5 93
2 389
5 123
4 355
5 59
5 293
3 297
3 167
4 263
4 329
4 159
4 7
4 301
4 337
1 153
3 275
3 243
2 353
2 325
1 43
2 313
3 59
3 287
1 263
1 357
4 145
1 283
2 393
1 359
3 345
1 385
5 357
1 379
5 53
2 259
1 107
3 127
2 119
1 165
4 191
4 17
4 9
3 101
2 389
4 115
2 321
3 157
2 357
4 21
1 343
4 209
5 235
5 355
5 215
1 197
4 127
5 369
2 247
1 275
1 281
1 329
5 47
5 107
4 319
5 147
4 307
1 233
3 73
2 153
4 221
2 385
3 217
1 1
2 227
4 233
5 383
4 185
3 81
2 215
2 131
4 395
5 187
3 343
5 193
1 295
4 353
4 111
3 371
5 399
1 301
2 231
3 191
3 265
1 81
3 111
2 147
5 307
1 199
2 241
4 33
3 309
2 75
1 25
2 333
4 51
3 151
1 391
5 195
2 337
5 139
3 183
3 349
5 363
3 113
5 177
2 231
2 379
5 307
3 89
4 5
3 65
5 51
2 217
4 289
4 375
4 363
5 225
4 43
4 121
4 241
5 37
2 219
2 83
1 325
2 399
3 337
4 89
5 209
1 35
5 175
3 5
2 209
3 147
3 155
3 149
3 75
3 187
3 91
2 127
4 293
4 89
1 149
5 333
5 87
4 323
1 111
1 311
1 339
1 93
3 335
3 161
3 85
1 399
5 5
2 273
5 1
1 249
2 395
1 47
2 297
4 287
3 307
2 381
5 45
3 145
4 341
2 221
5 1
3 157
2 359
2 253
5 157
2 249
1 19
1 235
2 211
5 41
4 73
4 91
3 375
4 215
1 285
3 119
2 391
1 247
1 245
4 189
5 309
4 157
1 323
3 333
5 341
3 89
2 329
4 49
3 301
5 161
4 263
1 59
1 153
4 57
3 365
4 389
1 157
1 349
5 257
2 129
5 139
5 169
2 203
1 277
4 343
5 175
2 155
2 295
5 89
1 119
3 329
1 229
3 259
4 41
4 291
3 35
3 69
5 145
5 29
4 113
3 277
2 311
5 341
3 255
3 159
2 323
2 279
1 303
5 287
5 345
2 247
5 43
5 295
2 125
2 173
2 147
3 235
3 277
3 209
3 13
2 377
4 349
3 49
3 367
1 215
3 319
5 319
2 159
2 307
1 25
1 227
2 117
2 231
4 143
3 201
3 47
3 61
1 367
4 185
5 273
2 139
2 47
4 31
2 151
3 137
3 123
2 109
5 351
5 195
5 281
3 203
3 149
1 303
5 341
1 21
5 229
3 395
5 25
4 25
5 365
4 15
4 187
1 43
2 297
5 31
2 349
5 37
2 147
2 247
5 309
2 293
1 155
1 185
5 125
4 231
1 283
2 145
4 239
3 345
3 77
4 289
5 111
4 323
5 309
5 99
4 101
1 359
1 293
3 3
2 51
1 289
5 251
4 283
2 203
1 45
3 21
3 49
4 151
2 149
5 237
2 125
1 145
4 143
5 377
5 203
4 223
2 277
5 357
2 237
2 389
2 89
2 27
3 231
5 39
3 111
4 95
2 49
2 143
4 347
3 281
2 275
2 275
1 157
3 265
5 275
4 307
3 27
5 309
1 393
4 53
5 137
1 159
5 227
3 269
2 331
1 165
2 171
3 83
2 211
4 363
2 393
1 83
3 281
1 53
1 161
1 217
3 67
3 85
4 107
4 357
2 163
2 219
1 293
3 245
3 21
1 203
1 99
3 55
2 297
2 391
4 185
4 161
4 17
2 143
5 41
3 269
2 23
1 41
3 279
2 259
5 383
4 167
5 399
5 71
5 295
3 49
5 309
2 105
5 261
4 323
4 137
2 243
4 61
2 367
3 171
2 49
1 129
1 313
1 111
4 395
1 37
4 85
2 181
2 131
2 235
4 393
3 293
2 211
4 237
1 309
3 55
5 201
1 67
4 23
5 241
2 311
3 103
4 397
4 385
5 281
4 193
4 363
2 97
4 219
2 251
1 129
4 387
3 57
5 235
2 213
5 343
4 355
1 111
4 339
5 149
2 361
2 367
2 89
5 267
1 27
3 325
2 343
2 259
1 99
5 25
5 11
2 243
1 305
5 33
1 321
3 193
5 335
2 55
1 387
4 67
3 183
2 135
2 251
2 387
4 11
4 391
5 143
5 227
5 131
3 215
1 129
3 105
5 65
5 75
2 79
3 359
1 381
2 69
2 399
1 333
1 365
1 83
3 19
4 335
4 291
4 305
1 183
5 237
5 383
4 95
3 203
4 385
3 355
4 47
5 249
2 235
1 295
4 59
4 321
4 191
1 385
5 15
1 241
3 117
1 275
5 399
2 209
3 129
5 13
1 197
2 59
3 279
1 145
4 249
1 135
1 41
4 111
4 315
2 53
4 115
2 71
2 181
5 183
1 215
5 391
2 179
1 385
5 361
3 151
5 163
4 131
5 97
1 169
2 333
1 201
4 279
4 225
4 115
4 73
5 397
2 177
1 205
5 223
1 223
2 285
4 383
2 277
3 101
4 127
1 25
2 99
4 221
3 65
1 23
3 361
4 45
5 251
2 63
2 179
5 141
2 245
4 393
3 93
3 73
3 133
5 75
1 257
1 259
1 115
2 213
3 207
1 297
3 225
4 115
5 59
1 27
2 87
3 307
5 167
4 335
1 109
5 23
2 37
3 285
1 31
2 23
1 79
3 139
2 255
5 25
4 193
1 95
2 297
5 39
5 265
1 275
2 387
3 333
4 137
3 177
5 327
3 347
1 81
3 57
4 213
4 319
5 77
5 321
2 201
3 91
4 289
3 339
3 331
3 267
1 27
1 101
4 377
5 47
3 279
1 171
2 377
2 275
5 161
3 335
2 127
3 315
4 213
5 377
5 145
3 175
3 291
5 5
5 119
4 337
4 369
1 39
4 23
2 5
2 61
5 49
5 155
1 145
3 225
1 249
1 121
3 397
1 81
4 323
4 397
1 117
3 273
2 27
1 279
5 111
2 173
2 57
5 211
3 331
5 253
3 343
1 159
5 181
2 177
1 277
2 389
1 139
5 205
1 141
2 375
4 35
4 65
4 299
5 131
3 359
5 173
4 7
4 335
2 209
1 225
2 25
4 187
4 379
4 183
4 245
4 55
4 249
1 43
1 317
5 235
5 395
1 101
1 183
5 45
3 147
2 315
4 117
5 267
3 155
4 51
4 299
3 57
3 101
4 347
4 289
1 99
4 17
2 193
2 199
5 97
5 237
2 165
4 335
4 305
2 265
1 265
4 249
5 21
1 165
5 91
5 255
2 389
2 277
2 353
4 363
4 381
2 241
1 97
2 147
1 173
1 3
2 243
5 113
3 23
4 283
3 201
3 295
5 129
2 39
2 277
5 133
5 29
4 25
2 265
3 261
3 39
4 131
2 333
3 201
2 119
1 333
1 383
3 173
1 75
2 103
3 393
3 253
4 121
1 115
3 37
1 277
2 31
4 47
5 49
2 149
1 119
4 265
4 1
5 117
5 369
1 33
2 219
3 389
4 121
3 269
5 293
2 5
5 349
3 193
4 239
2 109
4 267
1 357
2 349
1 169
2 15
3 123
3 257
2 303
4 89
1 3
3 121
2 13
2 175
1 271
4 49
4 213
1 159
5 67
3 229
1 299
5 303
2 241
5 11
1 103
3 11
1 125
1 289
3 263
4 189
1 179
4 361
4 101
3 201
1 307
4 27
4 227
3 341
2 313
5 323
1 153
1 311
5 291
5 141
1 333
4 267
1 251
2 133
2 309
2 161
2 179
1 263
5 351
2 41
3 233
2 391
4 193
3 97
4 269
5 55
2 145
5 199
1 153
1 125
5 307
3 169
4 17
2 277
5 175
5 263
5 157
3 325
2 5
5 95
2 25
3 345
5 191
3 227
4 261
4 101
3 341
5 215
1 377
1 61
4 171
4 169
1 267
1 375
4 131
4 161
5 221
3 259
3 321
4 207
4 331
3 257
1 7
3 293
4 277
4 123
5 347
3 257
3 69
1 375
1 363
3 247
5 229
2 65
2 197
3 309
3 223
5 55
5 347
3 369
4 387
1 395
5 7
4 227
2 363
2 145
3 9
5 269
5 17
5 271
2 77
2 47
3 225
1 115
2 81
4 69
1 187
4 275
1 63
3 139
1 145
3 103
3 353
3 325
4 113
1 139
2 35
1 331
3 377
3 379
5 89
3 39
5 327
4 167
1 261
4 345
2 141
3 189
1 79
5 337
4 303
5 37
2 225
2 101
5 37
2 299
5 239
1 171
5 219
2 121
3 119
4 9
5 199
1 365
2 141
2 279
2 329
3 125
2 103
2 25
2 51
3 59
2 125
5 387
2 323
2 273
5 227
5 13
1 199
3 25
2 287
3 347
2 177
2 177
3 131
2 299
5 359
4 375
1 107
4 11
4 33
2 347
1 253
3 103
1 11
5 301
1 59
4 173
2 151
1 187
2 175
3 317
1 327
3 317
5 303
2 15
2 41
5 371
3 97
4 387
1 83
4 187
3 199
2 131
1 397
3 211
4 263
1 19
3 111
5 327
4 151
3 313
1 199
5 161
5 359
2 361
4 151
4 219
5 203
3 337
3 197
1 103
1 227
2 63
2 315
3 33
2 335
1 367
2 213
1 313
3 237
2 69
2 247
2 161
5 199
1 17
1 87
3 113
2 49
4 393
2 39
3 49
2 281
3 87
3 297
3 149
1 21
1 77
2 357
3 271
2 229
2 101
5 341
4 351
4 217
1 309
3 53
2 287
2 233
2 323
1 71
5 223
1 183
3 261
1 131
3 35
5 185
2 127
5 345
2 225
3 1
3 223
4 95
4 231
4 61
5 387
1 301
1 389
5 159
1 193
1 215
2 83
5 337
4 147
3 3
4 189
4 167
4 265
3 85
5 379
5 331
2 341
4 373
3 17
3 397
2 67
1 387
5 177
5 137
5 71
3 233
2 399
4 199
3 77
1 353
5 93
5 71
4 211
5 297
5 99
2 105
4 287
5 137
2 357
4 29
4 185
2 209
4 299
2 229
1 209
3 241
3 159
4 67
5 53
4 373
3 131
3 195
2 135
3 215
4 87
2 91
1 327
2 79
4 321
1 299
4 183
5 57
3 97
2 57
3 255
3 265
4 117
3 313
4 305
2 375
1 147
5 243
4 341
5 285
4 3
2 297
4 29
1 345
2 117
4 281
4 155
3 255
1 347
3 373
1 287
3 259
4 107
4 95
2 261
3 31
1 191
2 311
3 9
1 225
1 397
4 69
5 197
3 355
4 1
5 353
2 105
3 179
1 125
2 183
1 165
1 103
4 45
5 285
5 259
4 267
3 189
3 239
3 119
4 383
2 113
5 215
1 81
5 139
3 85
2 367
2 279
5 241
3 271
1 25
3 353
3 173
2 5
1 259
1 373
3 195
3 33
3 371
4 269
4 343
2 1
1 37
5 361
5 399
5 93
3 57
4 325
3 255
3 25
5 349
3 21
3 47
2 335
4 149
4 77
1 361
4 337
2 143
2 269
3 1
4 27
4 299
4 133
4 115
4 39
4 171
4 375
5 75
5 125
4 145
5 295
4 189
2 41
2 121
3 381
3 311
4 349
5 99
2 51
5 41
5 95
2 231
5 131
4 201
3 313
4 213
3 229
5 31
4 123
3 271
1 39
3 77
2 37
4 383
3 365
2 171
3 257
4 11
1 7
4 345
2 259
2 353
1 37
5 283
2 393
5 261
2 159
2 101
1 89
3 333
5 177
1 23
3 305
5 345
3 81
2 15
3 133
3 73
1 205
5 363
5 279
1 311
3 207
1 389
3 63
5 229
5 91
1 83
2 241
3 243
3 387
5 97
5 61
2 297
2 345
5 123
2 63
1 347
4 243
2 197
1 9
4 395
1 255
1 213
4 225
4 193
3 205
5 347
5 145
4 315
2 317
3 71
1 77
1 251
3 173
5 365
1 9
2 71
5 209
4 379
5 227
2 161
1 313
4 395
3 319
1 153
2 327
2 59
1 127
1 105
5 137
2 315
3 53
4 397
3 11
4 239
2 7
1 171
2 63
3 323
5 319
4 29
4 25
2 29
3 1
1 271
4 87
5 93
4 157
4 101
3 43
2 309
4 337
5 253
5 9
4 191
1 83
5 121
5 207
5 213
4 241
3 253
1 249
3 341
2 343
4 17
1 231
3 69
5 245
4 323
1 181
3 147
5 269
4 89
3 61
4 165
3 297
4 55
5 361
5 337
2 147
2 351
4 205
2 97
5 357
5 141
3 365
1 207
1 347
3 215
4 29
1 275
1 273
2 389
5 213
2 65
5 165
2 79
5 181
4 303
2 93
3 133
4 341
1 313
2 93
4 203
3 233
4 229
3 371
4 95
2 257
5 155
2 1
5 27
1 391
1 23
2 243
1 147
2 295
5 379
2 93
2 387
1 107
2 167
5 375
4 85
2 205
3 227
4 367
5 79
5 165
3 367
3 231
5 21
3 285
2 303
1 55
1 163
1 167
1 203
4 23
3 245
4 153
4 95
4 197
2 87
2 49
3 167
2 43
5 233
3 59
4 257
2 163
1 341
5 63
2 67
1 175
3 79
1 97
1 187
5 265
2 23
4 207
2 351
4 7
3 217
1 311
5 201
3 217
1 57
2 231
4 187
4 193
3 193
1 127
1 7
4 369
3 143
2 245
3 87
4 331
2 139
2 223
5 15
3 129
4 273
3 47
4 187
1 345
1 311
1 45
3 399
2 65
2 365
3 251
2 47
4 361
5 177
2 117
1 3
5 141
5 163
1 165
1 107
2 371
4 255
1 343
4 179
5 65
1 57
3 177
5 379
5 149
5 399
2 345
2 229
4 345
5 199
2 179
1 327
5 177
2 83
1 363
4 319
3 103
3 289
1 315
3 27
1 343
1 131
3 27
3 35
4 201
3 339
2 175
3 275
5 325
3 317
1 175
5 291
5 21
1 369
4 367
2 377
2 37
3 151
1 35
2 353
1 257
4 303
3 291
3 67
1 317
3 177
4 239
3 189
5 111
3 231
5 15
5 165
2 21
5 19
5 243
4 197
3 119
1 91
3 11
1 223
4 325
3 157
4 31
1 151
3 253
3 105
1 35
3 189
5 169
2 247
1 51
3 305
4 81
3 233
2 241
3 235
3 75
2 215
5 15
5 339
1 217
5 125
3 271
2 355
3 397
2 373
3 385
1 271
5 223
5 347
5 39
1 63
2 225
5 53
1 169
3 383
4 133
1 363
4 375
2 371
4 263
4 17
3 101
5 361
2 55
2 37
5 361
4 255
5 93
4 345
4 49
2 377
4 95
2 165
3 341
3 351
5 73
1 319
5 279
2 291
3 5
2 351
1 329
2 273
5 107
3 229
1 53
4 295
4 167
1 23
5 363
1 113
3 265
5 251
5 357
4 59
1 55
5 193
4 173
1 185
4 151
5 359
1 121
5 157
1 63
5 393
2 231
5 125
4 33
2 329
4 231
1 77
1 385
5 227
2 207
1 351
2 49
4 157
1 281
3 191
5 393
4 99
3 339
5 235
1 319
1 7
3 347
5 189
4 291
4 277
5 37
1 221
2 23
4 359
1 303
5 245
1 313
4 159
3 111
1 263
5 99
1 339
5 143
1 269
5 173
4 55
2 67
1 297
3 11
2 229
4 241
3 251
5 29
1 237
2 29
3 273
1 221
5 117
4 15
3 285
3 109
1 225
1 103
1 169
4 121
4 341
5 217
2 325
2 95
2 25
5 317
5 327
2 191
4 63
1 385
4 157
2 185
1 99
1 19
2 223
3 23
1 67
3 65
4 163
3 97
4 265
4 323
2 193
5 267
4 255
5 279
5 349
1 83
1 231
3 43
1 305
4 69
1 39
5 57
1 163
2 69
1 399
1 381
1 91
5 39
2 327
2 213
1 115
1 323
4 233
2 287
4 87
5 29
3 367
5 287
3 51
5 339
5 363
1 233
1 223
4 367
3 137
4 367
2 359
3 117
5 91
3 231
1 127
3 259
1 41
3 337
3 205
2 85
2 163
5 237
4 335
4 253
4 87
2 189
1 189
2 31
4 85
4 21
2 37
3 233
4 289
1 171
3 61
3 381
5 147
5 285
2 187
3 121
1 239
2 325
1 63
2 185
3 23
2 131
2 355
4 163
4 213
2 265
2 43
2 143
3 347
1 63
2 55
2 199
3 131
1 179
4 79
5 13
1 117
1 385
2 83
5 287
4 75
3 355
2 283
3 301
3 293
2 1
5 93
1 59
1 197
3 155
5 3
5 85
5 287
5 225
4 47
3 391
1 169
5 9
5 281
5 71
2 109
3 325
5 255
2 97
1 363
2 287
3 201
2 135
5 323
1 157
4 65
1 383
2 107
3 269
4 127
2 131
3 39
1 279
3 281
4 215
2 283
3 247
2 47
1 375
5 235
4 387
3 119
3 307
3 389
1 207
2 45
3 103
4 129
3 127
5 323
1 335
4 93
1 109
4 183
1 175
2 151
3 213
1 381
4 9
4 105
2 87
2 359
5 353
4 71
5 115
5 167
1 129
3 339
5 311
2 159
4 357
5 75
4 55
4 105
4 135
2 17
5 7
2 71
4 337
4 317
3 245
3 143
4 177
1 227
2 323
2 315
4 83
4 81
3 329
4 61
3 39
2 167
1 135
1 133
4 251
1 101
4 113
1 219
5 155
4 207
1 265
1 355
3 337
2 51
5 1
3 69
5 59
5 257
2 53
3 121
3 185
2 45
1 343
4 35
5 23
5 43
3 5
2 371
2 19
2 159
1 349
5 339
4 395
1 223
3 385
1 257
3 83
2 117
5 373
2 171
1 269
4 81
5 187
1 141
4 331
1 121
1 231
2 215
2 149
2 107
1 349
2 63
2 143
2 3
4 141
1 221
2 189
2 95
4 65
3 259
1 301
5 69
5 15
3 197
5 387
5 271
5 281
4 237
3 295
1 267
5 301
4 9
3 197
5 39
1 125
4 343
1 395
3 45
3 293
4 89
1 345
1 355
1 313
3 355
1 159
4 313
5 105
5 45
4 273
5 377
2 83
5 31
2 241
4 123
1 11
3 53
3 63
4 37
5 307
1 349
1 117
4 39
3 105
4 351
5 75
2 69
4 155
3 129
5 385
1 287
1 267
4 111
4 79
2 367
5 55
5 153
2 211
3 23
1 5
2 263
2 157
1 273
3 351
1 57
1 153
3 153
1 169
5 315
5 391
2 191
3 25
3 153
5 231
3 239
3 253
1 325
1 127
2 237
2 7
2 191
4 139
5 13
1 99
5 301
3 245
5 213
2 19
2 85
1 373
2 87
4 389
3 3
3 355
2 113
4 269
2 319
1 279
3 361
1 185
3 309
5 391
2 41
5 295
1 315
1 19
1 339
5 213
3 19
2 101
4 369
3 283
5 373
4 185
4 369
4 339
5 185
1 61
5 251
1 93
5 15
4 147
1 59
1 255
5 261
2 325
2 395
4 141
3 109
2 59
3 301
2 329
2 127
5 109
4 287
2 133
3 263
3 353
2 163
1 147
1 289
2 319
2 207
4 13
1 189
3 97
3 195
2 45
5 35
4 195
1 103
4 191
1 59
4 355
4 75
4 321
1 127
2 79
5 277
1 271
1 289
3 329
1 81
5 73
3 319
4 139
2 141
2 141
1 207
4 261
4 163
2 325
5 95
5 51
5 133
5 277
5 121
1 337
1 109
5 109
3 205
5 363
4 227
4 183
3 389
1 179
5 97
1 17
3 229
5 169
5 155
4 381
3 15
2 371
2 363
2 115
4 35
4 249
3 371
1 377
4 305
3 71
2 227
4 383
4 219
4 247
2 367
3 271
4 325
2 3
2 363
4 341
1 9
5 279
4 229
5 331
5 259
4 47
1 263
3 379
5 315
2 127
1 301
5 51
2 365
5 125
1 143
4 151
5 7
2 339
5 301
4 43
1 127
5 273
4 259
1 239
4 157
5 141
2 61
2 183
3 277
3 3
4 49
2 25
5 371
5 377
5 95
1 87
2 293
5 369
1 205
3 131
3 119
1 157
4 281
1 35
3 277
2 317
5 255
4 41
5 367
1 81
3 129
5 175
1 37
2 323
4 255
1 229
2 145
5 231
2 239
2 85
2 219
1 159
5 391
4 333
2 77
2 151
3 73
1 107
3 245
3 273
4 125
2 17
1 69
3 95
4 21
4 139
5 53
2 115
4 55
4 7
4 209
5 235
5 49
5 215
5 123
2 203
5 173
2 177
3 85
4 235
4 89
1 145
1 339
1 305
5 17
4 161
5 29
1 245
4 133
2 189
1 159
4 397
2 359
3 371
4 93
4 247
5 239
2 43
3 63
1 309
3 395
2 207
1 197
1 213
2 371
3 173
4 339
3 175
2 77
2 13
2 335
4 229
5 107
1 61
2 379
2 309
2 95
2 165
2 77
5 373
5 117
5 283
5 311
4 365
5 157
2 79
5 1
5 217
2 41
5 65
1 375
3 67
5 123
4 179
1 393
2 173
2 269
5 345
4 177
3 183
1 321
2 297
4 19
2 269
2 3
2 63
3 69
4 115
3 159
5 217
2 181
5 75
2 233
3 71
2 127
2 357
4 371
4 299
3 89
1 113
4 103
5 371
5 267
4 53
3 153
1 11
5 79
3 341
2 61
1 129
3 173
3 285
3 285
5 229
4 331
1 327
1 379
5 171
5 67
3 353
2 357
1 219
5 59
4 73
1 327
5 1
5 145
1 11
5 107
5 313
3 135
2 143
2 221
2 299
2 305
2 121
1 337
1 295
4 373
2 149
4 303
3 21
5 311
4 319
4 253
1 275
2 319
4 313
4 399
5 23
3 7
4 71
5 235
2 15
5 97
5 239
1 201
1 31
5 325
3 259
1 193
1 291
2 113
5 95
1 305
5 329
2 203
2 361
3 339
2 9
5 361
1 213
4 245
5 359
4 85
3 349
4 49
3 41
4 87
2 367
1 171
4 341
2 5
2 381
5 275
5 71
3 317
2 295
5 41
4 299
2 103
5 69
3 399
1 265
5 207
1 305
3 167
2 281
5 177
4 301
4 303
1 297
3 329
3 47
4 361
4 139
3 353
5 35
5 75
1 273
5 43
4 393
1 351
4 347
3 229
3 143
2 391
4 321
4 389
5 99
4 75
1 161
2 287
2 263
2 381
2 125
5 391
3 75
2 79
5 205
4 135
4 293
2 267
3 385
2 135
5 27
1 77
4 247
3 275
1 287
1 329
5 3
1 73
3 243
4 327
4 35
2 299
1 339
5 3
5 289
2 171
4 33
3 89
4 395
4 343
2 181
5 199
5 1
4 191
2 399
4 87
5 225
3 377
2 179
1 355
3 367
5 105
4 341
2 245
4 283
3 3
3 285
3 13
1 27
1 255
3 133
1 189
5 317
4 187
5 125
5 389
5 353
1 27
2 75
3 191
3 149
4 7
1 315
2 333
3 153
5 53
4 79
4 207
3 365
1 289
3 361
5 249
5 373
5 135
2 377
1 123
2 185
3 67
5 229
4 309
4 237
2 181
5 223
3 347
3 87
1 371
3 11
4 301
1 235
3 171
1 55
1 391
4 131
4 65
1 289
1 151
1 83
5 389
3 351
5 299
4 29
3 137
1 329
4 371
1 293
1 281
2 269
3 75
5 97
1 109
3 99
4 171
5 305
2 105
3 111
5 207
1 239
2 149
4 353
1 37
4 199
2 355
1 133
1 297
5 159
4 59
4 227
2 257
2 337
1 325
5 355
3 251
4 385
3 331
1 33
4 37
2 41
4 191
2 111
1 189
2 165
2 45
3 207
3 119
3 55
3 147
3 277
1 51
4 27
4 391
1 373
4 35
3 399
2 397
3 375
5 13
4 249
3 353
1 7
1 321
4 389
4 197
2 385
4 227
4 247
1 369
2 131
2 135
5 235
5 295
5 101
1 305
5 181
3 303
1 219
5 161
4 291
1 161
5 5
4 53
3 189
1 133
2 173
3 319
3 11
2 283
3 201
5 137
2 53
3 205
2 125
5 255
1 57
4 263
4 237
4 133
4 399
2 275
2 129
4 39
1 227
2 85
1 129
1 201
3 351
4 43
1 373
4 117
1 81
3 9
3 63
5 1
4 35
3 343
3 125
1 243
1 205
4 247
5 101
2 91
5 123
3 399
5 5
3 381
3 367
2 19
5 307
1 265
2 277
1 91
5 79
1 65
3 343
2 343
3 225
3 41
5 205
3 123
1 229
4 341
2 281
2 113
4 365
3 361
4 203
4 251
3 341
3 103
4 281
3 363
4 391
4 357
5 173
4 161
2 11
1 107
3 351
3 321
2 57
5 9
5 261
3 195
3 137
5 363
2 279
2 19
3 123
3 399
5 247
4 151
3 29
3 191
1 83
3 31
2 97
4 53
5 355
4 253
5 179
4 293
2 283
4 397
1 217
3 5
1 167
3 137
4 287
5 395
1 137
2 129
2 243
3 385
5 327
3 377
5 299
4 283
4 171
2 157
2 267
2 95
5 255
4 9
2 127
4 221
5 177
5 83
5 387
1 109
2 85
5 397
4 169
4 199
2 285
3 9
5 103
3 265
2 131
4 49
1 35
4 111
5 303
2 307
1 145
1 335
4 329
3 315
2 55
5 129
1 369
1 347
3 365
4 385
1 219
1 333
4 181
4 259
5 253
1 217
1 255
3 361
3 291
5 217
3 187
3 317
3 41
3 345
2 7
1 313
4 141
1 239
1 45
3 29
4 311
1 315
3 149
1 295
1 393
3 369
1 315
4 237
2 311
3 383
2 77
2 397
3 191
2 275
1 159
5 65
4 303
5 141
5 11
4 93
5 181
4 261
2 339
5 391
2 107
3 375
1 361
2 137
3 137
4 179
1 387
2 19
1 183
5 5
2 177
1 141
3 237
3 23
1 383
4 57
3 149
2 149
4 305
3 27
2 225
5 221
4 351
3 285
4 185
2 177
3 175
5 17
2 153
4 333
2 51
5 291
4 235
2 87
5 385
5 159
2 333
2 43
4 125
3 241
4 259
4 373
2 177
1 267
4 395
4 139
1 3
1 167
2 293
4 375
3 295
1 119
4 365
2 373
4 169
3 101
4 331
1 315
3 203
5 123
4 317
4 291
2 131
5 175
3 247
1 195
3 213
5 363
2 327
2 193
5 51
1 245
3 141
3 41
4 279
4 15
3 57
1 255
4 289
5 205
1 201
3 291
2 327
2 79
3 193
3 189
1 273
1 61
1 63
2 245
1 41
3 373
4 125
5 61
1 249
1 123
2 97
5 103
5 281
1 45
4 355
4 381
1 327
2 267
4 119
2 347
5 311
3 57
4 7
4 385
2 27
5 307
5 83
4 271
1 131
3 365
2 197
4 47
2 11
3 1
5 201
4 9
5 397
3 295
3 317
4 195
4 107
4 389
1 207
5 291
2 93
2 189
3 295
1 351
5 141
4 263
4 287
2 191
3 147
2 163
4 187
1 321
3 151
1 237
1 241
1 285
2 307
4 49
2 227
5 263
2 333
4 107
5 93
2 329
1 369
3 17
5 233
4 21
1 285
3 195
1 339
4 239
3 69
3 77
5 133
4 219
3 79
1 149
3 183
2 87
3 97
1 177
5 291
4 119
4 263
3 159
5 387
5 287
2 219
2 193
2 221
2 217
2 289
1 185
5 5
4 225
3 157
3 253
1 93
5 149
2 263
3 393
5 249
4 393
5 109
3 367
1 167
5 281
4 371
2 201
3 391
3 79
1 95
4 393
3 269
3 117
4 25
3 71
2 329
2 305
4 117
5 47
2 365
3 129
1 67
3 89
5 183
2 337
4 321
3 311
3 287
4 361
3 151
1 165
5 245
4 211
5 213
1 185
5 373
3 161
1 253
1 199
4 361
1 363
5 179
1 331
5 361
5 183
4 321
2 197
1 175
2 163
5 15
3 103
3 275
3 245
1 239
3 171
1 313
5 219
4 177
1 221
3 73
5 73
2 395
3 363
2 351
5 77
2 119
2 21
2 137
1 395
4 231
3 233
4 379
1 349
2 31
1 161
5 73
4 335
5 295
2 55
1 165
5 369
2 297
3 233
5 231
4 307
2 31
2 15
4 275
2 153
5 95
4 133
4 337
1 189
2 331
5 335
2 91
1 263
5 383
1 345
2 385
5 399
2 5
4 355
4 299
5 299
3 199
3 297
1 337
3 9
5 197
4 215
4 155
4 357
2 59
1 241
1 33
3 129
5 383
2 381
1 45
4 33
2 51
5 79
1 185
3 213
1 373
1 353
3 63
2 373
3 259
2 81
3 377
4 111
5 9
5 311
5 313
5 381
5 335
3 87
5 331
3 289
4 35
2 153
3 277
1 245
1 309
1 395
1 11
5 303
5 315
2 209
5 43
2 383
4 213
1 381
2 321
3 111
1 285
4 209
2 85
2 333
4 73
3 325
1 167
1 295
4 207
2 371
4 293
2 173
2 351
1 197
1 211
1 219
1 181
