5000 1000000
1 116135
4 810867
5 272461
3 98368
3 872428
1 334657
4 223676
4 290858
2 403728
3 407892
1 227356
3 608149
4 785025
2 78992
1 131449
5 438814
1 835928
2 738878
3 503703
5 721500
3 39816
5 895224
4 773841
3 553313
4 403812
5 18507
5 32738
4 666556
1 893526
5 6140
5 643483
4 1776
5 614585
2 408406
1 245343
4 335017
4 731890
4 404830
4 654456
1 88302
3 252795
2 115268
5 127529
2 610242
3 935659
4 832244
3 313466
2 599986
5 96594
4 607564
1 592061
5 59286
3 745628
4 860507
4 496991
2 100230
2 624241
3 962990
3 800723
2 679593
5 864170
4 630443
5 693668
1 686588
3 975148
2 497761
4 197556
2 190279
2 222325
4 253848
5 206243
5 115023
5 543633
4 664411
5 379289
2 91154
3 345426
5 179253
2 871755
4 859023
5 716940
4 60102
2 869771
3 939052
4 812830
3 591885
4 752975
5 867408
3 310792
4 421031
2 805403
1 436893
4 235529
2 160201
5 986491
2 859457
4 246793
2 893116
4 467942
1 714357
3 754355
4 398466
3 451114
5 392715
1 238372
4 149067
2 620733
5 302020
3 384309
1 22331
4 295225
3 944112
2 860687
1 740965
3 457539
5 547498
1 642326
4 435372
3 616004
4 745513
4 118308
5 706424
1 599903
4 154655
3 996360
5 200607
5 485882
2 664142
1 597572
1 677494
2 152658
2 155914
5 688845
1 234932
2 224078
3 647471
2 36176
3 323428
4 742797
3 472218
2 940771
3 404711
3 976373
4 450907
3 356268
4 455282
5 839052
4 605697
2 810521
1 21404
1 960176
2 913784
4 400050
4 757228
2 556704
3 359979
2 776056
1 795250
2 568564
4 922416
5 453323
3 443035
3 83917
4 999908
1 13024
4 682293
5 567787
5 406609
1 251498
2 742284
4 85027
3 761863
2 121164
5 934728
5 230721
3 721898
5 672967
3 669615
2 895816
4 426328
2 284282
2 744755
5 353113
4 371131
5 815447
2 839607
1 439542
3 186836
4 618810
3 363783
4 109858
1 859333
1 452582
3 536849
4 766978
2 115
1 510313
2 340200
1 800109
3 731334
3 461603
2 654430
4 944788
5 782983
4 691423
5 699452
4 779789
4 151697
2 187862
1 222258
1 169969
5 945511
4 863333
2 3399
2 669458
2 211514
2 530044
5 855379
2 627147
3 907775
4 41511
3 303941
1 965669
3 971446
2 595991
5 633355
2 767365
2 115767
5 225943
2 891786
3 318631
3 74303
3 702801
2 261984
3 392651
3 720205
3 586063
4 300620
2 537315
5 670122
5 429390
4 445963
5 454528
1 357387
4 868325
5 940676
2 615829
2 836055
5 973695
1 318358
4 770456
5 335138
4 965915
2 305310
4 300525
2 228482
2 361331
3 209592
2 68227
2 779956
3 228892
1 504550
4 731674
3 873086
3 511694
3 93788
3 146948
1 531566
1 985136
3 933685
5 815104
1 776563
2 951237
1 593013
1 733190
3 582473
3 348494
3 973641
3 161296
1 540640
3 380500
1 591164
2 357697
3 703446
4 832286
2 661785
4 478241
1 532958
2 432585
5 189287
3 162270
2 313269
2 514947
3 317647
2 696592
3 838403
3 691336
5 67538
3 710430
4 455347
5 522577
5 863839
1 868208
3 815842
3 586069
1 38423
1 796392
1 781179
3 993456
5 951924
1 400384
3 598104
2 888578
1 85882
1 382583
4 289205
3 758171
5 757250
3 753425
4 620323
4 205473
4 995412
1 974884
3 442815
1 529074
1 788337
5 891457
3 454797
2 303901
4 166542
3 383582
2 470193
3 380810
3 256135
1 944813
1 599606
2 342325
1 497243
4 358546
3 31293
1 393981
2 138413
4 412013
5 330329
4 251696
3 387128
3 535112
2 742496
4 62846
1 17761
5 689465
2 354566
5 141944
1 970015
4 821875
2 342920
4 572332
1 867167
2 143352
4 666015
4 148425
4 470069
3 503899
1 608036
2 371912
3 919964
3 258943
3 345827
5 149676
4 516986
2 720052
2 871187
4 73717
2 423903
5 841017
4 359134
5 453022
2 867876
4 560488
2 719722
5 454171
1 870275
3 80815
4 337667
1 759704
1 794893
2 666081
5 854965
4 532324
2 164241
4 354720
4 163472
1 823360
5 121048
5 594714
3 283653
5 550875
1 784063
2 41827
3 40231
3 832443
4 704969
4 290021
3 920939
2 111034
5 389168
2 627451
2 388967
4 345808
5 996132
3 658044
2 254449
4 699830
2 357947
2 133421
3 822099
5 494833
3 695787
2 429887
2 664468
2 693621
3 212631
4 348083
3 840687
5 286260
1 47782
1 53953
1 793365
3 832772
1 369530
5 694885
2 184389
2 756122
2 314328
2 809547
5 575373
3 180599
5 873102
2 676646
1 946098
4 604567
2 720969
5 799783
1 421182
3 131764
3 535910
5 442787
5 977325
5 554373
5 531137
3 85280
1 336076
2 350333
3 562328
4 478364
5 299506
4 558971
1 745361
2 818339
4 955098
1 60172
4 322203
4 706774
1 11646
2 493795
2 412889
3 645995
1 528843
4 817433
2 28201
5 638242
3 989215
4 643478
1 346757
4 93897
5 925885
4 751360
4 416401
4 232267
1 147780
5 968580
4 860390
1 109847
1 296579
5 247588
5 498677
2 384253
3 972719
1 871052
3 655874
4 235933
3 809290
3 936860
3 217209
4 957009
1 171461
2 153135
4 819450
5 594708
5 134515
2 832843
5 561890
5 538564
1 697362
4 509219
2 634131
2 538867
3 794141
2 598773
5 119777
2 350668
1 955631
2 435187
1 403647
2 662918
4 946006
3 155649
2 258251
5 575731
1 579980
4 484515
4 141148
1 831999
2 48289
5 884527
4 381352
1 942198
4 287338
4 521596
1 113877
4 577846
1 755853
2 304891
1 613267
3 512079
2 665361
2 405359
2 76562
4 140374
5 654114
1 315381
3 262878
5 981706
2 110047
3 15968
2 471542
3 161516
2 974508
5 559794
4 484001
3 811817
4 680283
2 330033
3 136832
5 507394
2 233609
5 295435
4 735722
1 282740
3 538861
4 257786
1 781017
3 655584
5 680940
5 639147
4 464492
3 66394
1 826753
3 4268
4 128061
5 927215
1 681599
3 726064
2 513898
1 83333
4 125112
3 797329
2 685677
3 132142
2 995573
3 115304
5 123372
3 976852
1 25509
1 765124
5 383191
4 59581
4 693491
1 358775
2 504627
1 121781
5 192641
5 481477
3 462034
5 914318
3 930271
1 258288
1 456449
1 464726
5 259165
3 460187
1 367058
3 517924
3 173655
5 976950
2 361308
4 985216
2 164415
5 765886
4 162417
5 594667
3 329532
3 218964
4 665640
3 702091
3 3626
3 423978
4 926727
2 434078
5 806998
4 681758
5 118734
1 168366
5 910583
5 614930
4 207493
3 879072
2 994225
3 955119
1 5261
4 46006
2 81118
4 10169
4 465639
2 522216
5 194443
1 368644
4 802312
2 94136
3 269028
3 844915
5 404355
1 413858
2 576480
2 204895
2 808470
1 202394
3 870026
2 427308
3 869069
5 81593
1 962336
1 373589
5 457563
3 713796
2 632618
4 62340
1 434362
4 773945
1 716353
5 522824
3 67604
3 441258
5 950666
5 826052
3 368992
2 266525
3 847236
2 584578
5 106314
3 388603
5 46645
1 848807
4 825351
4 915754
2 271708
2 92272
4 554071
4 733476
2 535159
1 590462
3 431213
3 978198
5 642863
5 855815
5 954605
3 617615
4 962106
2 517050
4 953696
3 696586
1 556697
4 940272
2 173183
4 137060
5 847447
5 783877
1 873325
4 537666
3 945160
5 392678
3 768643
5 309229
3 607630
2 637133
5 264395
4 333615
5 993777
2 388091
4 31616
2 954343
2 390751
5 505843
4 909140
4 381073
4 445861
5 342815
1 758763
3 907288
4 777566
2 517909
5 273917
1 786041
2 155654
4 539269
4 36521
4 381018
1 134353
1 209246
5 864303
4 628342
5 547245
1 328351
2 552809
4 716976
2 390192
2 890712
4 175694
4 621008
1 561571
2 972719
5 9198
4 178128
5 678709
5 293544
5 156926
1 270241
1 802841
5 270902
5 858113
5 526561
4 487695
3 659392
5 184974
4 557709
5 514563
5 544150
1 209384
5 409935
3 818726
1 551849
5 769876
4 751279
5 490161
4 198561
3 347285
5 820351
5 83217
3 396800
4 989069
3 177454
1 267396
2 323621
5 654872
4 319446
3 414195
3 915037
4 471941
5 978003
5 204570
3 12563
4 668603
4 533045
3 991348
1 52857
1 37089
2 651858
2 919833
5 871719
4 809910
1 313403
2 75428
4 925084
4 203472
5 310788
2 895401
5 626337
5 608622
3 299846
3 487076
5 611615
4 839498
2 934201
5 601642
5 183483
3 799784
1 955522
1 368060
2 192008
5 43966
4 854185
2 177046
3 481395
4 677969
1 124441
1 583487
3 956726
5 591173
4 962892
5 976925
1 762722
2 591912
2 741979
3 606796
5 703672
2 849047
4 40739
4 891105
3 721868
4 167920
4 964265
2 31260
2 790525
3 503141
5 743694
1 949695
1 669631
3 133291
4 396943
5 807579
3 736769
3 108343
4 503204
5 344672
3 819277
2 892936
2 974348
5 115066
3 469901
4 812331
4 326654
3 713386
1 632435
2 487621
1 457234
5 356053
1 219520
5 53409
2 683310
3 952978
1 414074
1 323158
2 109919
1 579277
1 237635
4 882378
3 510588
1 989226
4 832369
5 454151
5 364099
4 313457
5 78045
5 706890
2 256179
3 67028
4 619827
2 198723
3 807043
4 40834
1 793114
4 8532
1 848821
2 861305
4 879106
3 736940
2 816470
5 910675
5 212046
2 681708
4 510385
4 35224
1 413253
4 299658
5 405620
3 825314
2 726561
2 924422
2 804888
2 535444
1 424895
5 243568
3 593889
4 418330
3 211849
5 783556
3 752484
3 468975
5 271858
3 216837
1 190528
4 101813
3 605412
3 228289
1 799427
5 449760
5 207922
5 53879
1 786972
1 380153
3 71753
4 448979
4 806656
3 976000
3 828706
2 841016
2 447677
5 368395
3 915321
1 329695
1 336006
3 893852
5 944756
5 344679
4 868118
5 841303
2 922106
5 974405
3 95112
3 450391
5 190010
4 896678
2 552656
5 126842
5 704273
2 804305
4 90856
4 186305
1 667554
1 100432
4 831735
5 789086
4 202584
1 103055
1 570749
4 897291
1 176365
2 645155
1 192819
2 414312
1 205323
2 696994
5 433507
1 321826
2 967383
4 948166
3 303084
5 53418
3 855184
3 507486
2 318067
3 391635
1 246880
2 701134
4 957443
3 31580
5 477445
4 844818
1 599021
2 876512
4 601502
5 777122
1 706640
1 820711
4 741979
5 694841
1 961746
2 203735
2 689579
3 716056
2 132733
1 427525
2 435664
3 582713
5 580200
4 37558
1 291809
4 431057
5 78214
3 902617
2 822129
3 492934
5 15813
1 855077
3 802813
2 775834
3 809229
4 324628
4 733784
2 132256
2 581358
3 423638
2 270888
2 845975
4 587745
2 822716
2 973651
2 124403
4 101077
2 917697
5 48430
2 165571
2 348310
5 559059
4 198352
5 244900
2 965051
5 534495
1 304402
1 974507
3 184572
2 471666
4 3642
2 161745
4 795546
5 656159
4 968482
3 881309
3 6724
5 110172
5 939006
1 464974
5 109677
2 281106
4 75593
1 849974
2 75699
3 505936
5 898029
2 674303
5 241985
1 584038
5 127110
5 225759
1 133439
2 736087
3 714084
5 90753
5 545358
5 97907
3 734736
1 922878
2 601317
3 776659
5 964201
3 93812
5 171356
3 126467
3 8259
2 845405
1 285469
5 324913
5 216936
5 416707
1 748320
1 886401
4 630598
5 237189
5 902706
4 476369
2 370801
3 873521
2 479310
5 857361
5 822512
5 564111
2 596393
3 339751
4 395265
3 423884
1 750289
1 318112
4 406131
2 195179
5 671937
1 597168
3 277673
2 432097
3 205453
5 229088
3 831098
3 631846
1 546388
2 708084
4 921641
5 905232
2 852703
5 742515
1 613698
3 256300
4 272580
2 59966
3 756332
4 79216
1 621956
1 771699
5 595697
4 435691
1 586617
2 123923
1 992763
2 266257
1 484351
3 489527
4 792317
1 790850
1 647691
4 625622
3 175466
4 193606
5 128351
5 819834
1 233976
3 294955
3 644361
2 576069
4 411501
2 824566
1 855618
4 872973
5 249101
2 594655
1 803792
2 926224
2 653916
2 438146
5 658785
1 53672
3 959685
2 623613
5 749623
4 761625
4 112363
4 267269
3 239855
1 872538
4 374319
1 316378
4 579246
4 218617
4 101074
2 949326
1 620519
3 602807
4 850422
1 645886
1 207111
1 174058
4 500603
2 448059
5 412211
3 910103
5 142981
2 258437
4 527188
4 340787
5 967951
4 614760
2 931331
4 21280
2 666228
3 862781
3 248317
5 941943
3 716639
2 896383
2 176407
2 817073
2 241356
1 365778
1 167282
1 321867
3 625433
1 926581
2 184793
1 496593
1 140387
2 327515
5 923204
4 694694
1 502002
1 628018
4 563648
3 104865
1 685578
4 473068
4 3187
4 247854
5 925195
1 194667
4 272713
1 924377
5 768872
2 193313
4 784752
4 724572
1 242405
5 211027
1 112969
4 334146
5 650900
2 872298
3 12642
3 367044
5 247974
5 813069
4 423837
4 233064
4 232815
3 478972
2 637377
3 342205
1 794836
2 737981
3 620467
4 559501
1 507726
1 641051
3 920772
1 11630
3 214592
5 958646
5 544458
4 454235
2 19323
1 462397
5 509749
1 429983
3 712033
2 279829
2 90120
5 213238
3 220594
5 269693
5 487595
1 922861
1 895081
2 546039
5 367890
5 522452
1 590814
2 675935
4 163680
1 515252
5 724709
2 486938
4 153733
5 397409
5 447943
5 543498
5 429703
3 715095
1 113720
1 86841
1 93370
2 167553
2 946242
2 809888
1 915316
5 520352
3 974534
2 502593
1 709050
2 278168
3 184009
3 916729
4 154472
1 434619
3 202939
1 231995
1 914027
5 49060
5 38088
3 781395
4 409674
2 14793
4 434262
2 237256
4 854561
3 294129
4 208449
5 113368
1 10319
5 197588
5 385507
3 675677
2 336133
4 204242
1 796919
3 232947
1 388355
3 628857
2 80929
1 767456
1 764863
2 741339
1 100535
5 389484
2 743465
1 568689
4 95983
4 415845
3 722213
3 997167
1 644919
4 314709
4 577501
3 894462
2 54126
2 138851
3 392414
5 495514
3 858875
2 1643
1 890817
1 533684
4 338864
4 895865
4 5963
2 573699
3 193902
3 638560
5 804518
2 759970
4 936234
3 753308
1 541727
4 988853
2 468286
5 365123
5 459301
3 107243
3 979974
1 83014
4 885285
3 703969
2 905551
4 679078
1 152622
1 489030
1 327533
1 793357
1 607524
2 97252
1 27311
3 741190
3 380718
4 84640
2 695340
5 211476
3 698851
2 547093
5 146896
5 876662
2 597074
3 781683
2 969938
2 257095
5 718131
3 316280
2 736957
2 662652
1 953315
1 214577
1 649835
5 451462
5 97673
4 197579
2 446462
4 762380
1 503812
5 897360
5 768012
1 593939
5 444911
5 761578
2 995316
2 627730
5 650314
2 307165
2 449775
4 125621
4 79262
2 114223
3 691660
3 489421
1 68186
3 351469
1 766438
2 99977
2 993961
3 750526
1 149394
2 933799
1 809709
4 997714
5 499269
1 353970
5 745339
2 172285
4 417282
5 316741
3 859359
5 273318
5 568524
5 368757
3 982459
1 574190
5 22334
3 538392
4 240150
3 91960
1 433646
5 50354
2 285437
5 653472
3 416448
5 219131
1 321101
5 209049
4 398912
1 273232
3 659405
4 135671
2 242750
2 226705
3 113725
3 185522
4 541303
3 638659
3 663882
4 310294
5 272436
3 94585
3 431239
2 174084
3 712994
1 678456
2 71182
5 469451
4 465717
2 496523
4 411293
5 809967
5 929318
3 377997
2 346270
1 536217
1 761040
4 226786
5 474753
3 127842
4 540826
2 624863
4 711700
2 725970
1 420660
3 864854
4 294149
3 282322
5 453200
4 31168
3 170154
2 101884
3 27472
5 371195
2 306563
5 756455
3 477178
5 394683
4 467408
1 530766
3 869968
4 452309
4 656946
1 695627
1 344506
3 69904
4 406993
1 384663
3 418904
2 349909
4 586020
4 495210
4 497655
4 49578
4 39055
4 306188
4 946606
5 29774
2 692801
5 812153
2 517243
2 676992
2 449051
3 76200
5 38243
3 52145
1 111763
4 238098
1 249856
4 386853
1 646748
1 370835
2 650897
5 467680
4 162808
4 814388
2 488071
5 319488
1 655461
5 851629
4 650080
5 220319
4 937858
2 907098
1 984977
2 604359
4 823789
1 859645
4 836676
3 276867
5 733769
1 593907
5 935441
5 405450
2 711521
4 712845
2 516282
4 750029
2 662408
4 97565
2 922415
1 612628
1 84274
2 803399
5 155912
2 242228
2 373899
2 919146
2 560867
5 971833
1 694420
4 183195
3 870118
5 248209
3 40369
5 623390
3 946743
2 472295
4 441209
3 560421
3 894592
1 802246
1 638461
1 6420
2 555754
1 967357
5 910722
3 117186
4 702377
1 779143
5 40441
1 698282
2 58967
2 729411
3 732286
5 255707
3 807523
3 852621
3 494592
5 174927
3 962188
5 625081
3 173629
4 225894
4 928754
1 325001
2 217478
5 92598
3 372830
2 973050
1 511179
5 910894
1 190805
1 598214
1 731317
3 902383
1 597836
2 232353
2 411239
2 995678
1 828078
4 24000
3 134213
1 253374
4 616321
5 645438
3 557689
4 415019
1 915091
2 671231
2 693049
5 513222
4 694054
3 285748
3 713672
4 5804
2 392037
4 614075
3 162448
1 388338
4 73639
4 618876
5 596395
1 125315
4 893046
5 212184
2 477495
4 843580
3 902672
5 402120
3 764961
1 139541
5 43806
4 651711
1 915015
5 49824
1 722228
3 109604
2 259586
1 882304
3 345922
4 928278
2 377137
2 208071
2 100998
5 299781
3 558298
5 195059
2 973191
3 678532
1 26762
2 156296
4 438393
4 462036
3 872547
5 98593
5 208784
4 442197
1 820227
2 261652
5 715729
3 939220
4 603405
2 488671
5 861092
4 739802
5 420909
2 21551
5 514495
5 971778
2 831643
3 560669
4 702457
1 398464
1 258240
4 40345
3 469686
3 648003
5 516206
5 216772
1 954896
1 934328
2 62758
5 611584
2 319330
4 264369
3 34931
5 516922
5 311037
2 661531
3 860002
5 421107
3 294927
4 618327
1 543917
1 829636
3 969580
1 185470
4 482411
2 383578
5 875034
3 263464
3 732659
4 807882
4 868262
2 892985
5 45244
3 600824
4 452999
3 566508
2 269713
1 619863
2 956219
1 48724
5 771506
5 996153
2 798082
1 202765
1 956674
5 751490
3 978578
2 464155
5 292636
4 342861
4 51469
2 489411
4 48653
5 95113
1 823712
1 774171
4 756240
1 30149
5 20534
1 434065
4 504830
3 939365
2 646790
4 928878
3 778836
1 564158
3 969865
2 808097
4 707988
2 411284
1 861433
5 781240
3 261689
4 655928
4 435397
3 436983
5 142755
3 612440
1 218357
2 748234
4 760046
5 626140
5 156600
5 392779
3 90776
1 424758
2 166446
1 427748
1 261916
2 893985
2 451150
2 927046
5 995309
2 482726
1 879651
2 77242
5 998859
3 53349
2 188760
5 643601
5 624370
2 822622
3 159662
4 109391
2 636548
1 744885
4 606770
5 692669
2 7907
1 18876
1 23116
3 421721
2 67449
3 199790
3 952823
1 938306
3 140113
1 416881
4 563535
5 180949
5 556231
1 517786
2 228840
2 939192
1 832358
4 876430
5 552597
5 606815
4 251983
2 144618
1 854740
4 34397
4 185245
3 959564
4 887141
5 283425
4 936439
5 986972
3 164438
2 261640
3 288127
4 325138
2 69605
2 556208
1 568360
2 331381
4 831960
4 596094
1 908630
5 549174
4 298220
1 359039
4 290476
5 938225
5 396433
4 535649
1 796169
4 482740
3 395447
1 810122
2 556400
5 831902
1 997048
2 160268
5 50095
4 956360
3 840261
5 921752
5 263985
3 500698
2 3548
5 206200
5 195884
5 995655
4 981109
4 603275
3 697925
2 240335
3 754786
2 183864
1 239170
4 712576
2 933642
4 838485
4 676642
5 873549
5 127541
2 973696
5 490106
3 254279
1 623696
5 553665
2 336591
3 110539
1 583332
5 584268
3 197439
2 443763
4 797955
2 195191
4 464313
3 131040
2 394421
1 369545
4 388131
5 184181
1 794105
3 698979
2 731501
3 569855
4 374803
4 695949
3 454936
5 275635
3 315472
5 68712
5 349322
3 444266
3 228506
2 17850
2 770205
2 697169
1 536126
3 720190
3 248548
3 283680
5 223704
4 984085
2 587847
1 30087
1 912284
3 1663
1 571077
5 10447
3 295101
4 898854
2 513692
3 255465
2 595772
2 811328
3 473203
1 129352
4 919414
2 11302
2 523484
4 232155
5 371699
4 699176
1 717094
1 276298
4 796033
1 828122
4 718321
5 283045
1 647600
4 926219
4 327991
2 33629
5 172702
5 433189
4 625497
3 256827
2 508981
5 977772
1 729700
3 642388
4 331003
1 445104
3 32291
4 871638
2 180257
2 281034
4 395770
4 588502
5 435563
4 54703
4 47016
4 443095
1 588033
4 655498
3 832344
2 244671
5 97751
3 457777
5 747365
1 876851
1 112252
4 474608
1 829133
2 209132
1 521694
3 506960
3 322037
4 695013
3 327834
1 24427
5 600886
5 223550
2 799849
2 786214
4 746651
3 40924
1 91426
5 236371
5 877222
5 768443
2 226587
1 100024
1 461156
2 611061
2 409661
5 706470
4 181673
1 785583
1 740701
1 684325
1 526551
2 544119
4 350604
2 205885
1 60485
1 603094
3 714411
2 712291
5 882867
5 877816
3 849546
1 508985
1 792421
2 3763
4 79960
2 57124
3 931990
4 995421
1 248906
2 849520
2 695734
2 587112
2 28322
1 685709
3 995321
2 420941
5 814524
1 462410
5 309779
4 304557
3 274749
3 813666
2 166929
2 479059
4 813121
4 737420
2 624231
3 13771
1 800029
4 461969
1 499595
4 524177
2 866014
4 183659
2 23301
4 675876
2 41295
4 499910
5 715276
4 574259
3 551984
1 586880
1 551669
5 513550
1 888732
2 753036
2 235903
2 262702
5 551081
3 578093
5 90700
3 66438
4 803093
3 363469
2 199054
1 889020
2 600652
5 666542
1 964857
2 334777
4 761143
4 808552
5 242343
2 52850
4 780694
3 790545
5 157788
1 796244
1 569622
3 702839
5 384417
4 402144
5 230428
4 42199
5 616477
4 33027
1 29870
2 97690
2 819101
4 944327
1 135723
2 355045
5 335535
5 157179
5 468383
4 237417
5 368359
5 246001
5 920490
4 665920
1 991843
4 189997
1 273718
2 129742
4 357062
1 944343
1 205496
3 793600
4 370901
3 673694
3 253810
5 646961
2 530764
5 958888
2 70838
5 887069
4 877769
2 791438
4 491598
5 581297
5 301671
2 259500
2 16437
4 429792
1 533002
4 201525
5 465973
5 744127
1 283957
5 347387
1 901268
4 572565
5 49242
5 511856
2 631929
2 107329
2 428383
5 762653
2 113042
2 408370
5 117387
4 873946
3 713916
2 911004
1 618765
3 536307
2 799152
3 662626
5 10133
4 879007
4 292798
2 84602
2 349275
2 994627
2 199803
5 38769
4 905001
2 22
2 395634
4 853753
4 153361
2 973069
3 647558
2 849780
4 879571
3 794163
2 618147
3 725311
1 319467
5 311356
2 130217
4 549301
5 690822
5 571460
5 660869
2 579917
4 784021
4 561962
5 87903
3 743714
2 645692
5 107283
3 46921
1 619978
5 14590
5 624002
4 615906
1 892288
4 586344
5 73247
4 85822
5 940074
3 873875
4 557596
2 793376
1 44141
4 85820
3 339317
2 246131
4 954857
3 53825
3 261232
2 212468
4 833684
3 279302
1 897915
1 217075
3 674311
5 511118
2 412345
5 685582
4 602133
5 345853
3 744395
5 911337
2 718835
4 944830
4 738761
2 405972
1 285720
1 709176
1 773248
4 198596
5 470880
3 754629
4 990410
3 460187
1 265307
5 566507
5 671270
3 862759
5 557312
2 396234
3 398642
3 206289
2 104872
3 293175
5 480586
4 387789
4 92082
3 730013
3 67759
1 636948
3 419985
1 946458
1 558433
1 487191
4 828219
5 203803
1 805806
2 648642
4 33000
3 251830
1 316221
3 619619
1 228827
1 677915
2 413957
5 659997
3 597364
1 436633
4 847756
1 941197
3 626949
1 200768
5 102042
1 463914
5 480029
1 464372
1 518192
1 234189
3 582137
1 160828
2 893165
2 813388
3 990821
3 237682
1 580413
3 188105
2 251741
5 686450
4 846395
3 11570
5 903882
5 489752
4 577924
3 469811
3 89868
5 58933
5 32080
4 204459
5 358794
1 137795
5 637237
2 347117
2 695217
1 367159
3 573828
5 533792
2 692055
2 81783
3 493377
2 345299
5 788939
5 288839
4 210884
2 231615
5 837759
5 986003
1 17444
2 78043
1 39192
5 47038
3 146391
4 423063
1 308611
1 386315
4 685854
1 904583
5 381210
5 129331
5 386731
3 727440
4 166072
1 786814
1 126249
1 381350
2 467834
5 519002
5 428003
4 226138
5 19596
4 57360
2 286469
4 19749
4 304937
1 67606
4 434828
1 430516
3 717479
5 754602
2 575756
3 866708
3 807115
1 342620
3 415391
3 475061
1 458678
3 418138
4 605011
5 988680
5 287394
1 27122
1 656690
3 318191
5 627400
5 312098
2 149232
2 591172
5 799318
3 795164
2 260008
4 869487
4 114465
3 117911
5 626733
2 197425
2 150937
5 201256
2 48856
4 961986
4 630510
5 645452
3 861953
2 670270
2 624897
3 330495
5 425216
5 21312
1 950077
4 272538
4 934277
5 301632
3 378288
4 137267
5 402046
1 794600
3 435700
1 444936
4 363252
1 560076
1 125930
1 831022
2 348802
5 87241
1 63162
1 415731
3 645706
4 758804
2 616141
1 435469
1 819384
3 180616
1 261780
3 499916
1 292344
1 32756
4 443196
4 991069
5 480570
2 263731
2 375822
1 413747
1 52733
4 190101
4 847122
5 383651
4 189917
3 214897
3 273858
5 930083
4 950968
5 649119
4 793344
2 84253
2 271167
2 375992
2 388599
4 330737
4 207944
2 734692
5 814817
3 770991
1 726894
2 277097
1 296298
1 450022
1 75033
5 347670
2 970813
1 946216
4 293696
1 915083
1 729823
3 462775
3 40737
4 143099
2 926762
2 787405
2 342843
5 75594
4 987161
1 815894
4 184403
5 681668
1 788173
2 471989
4 263020
2 907136
1 115679
5 730991
2 72766
3 665561
5 867985
4 39254
1 434047
1 721463
3 206079
3 499586
1 750699
3 989939
2 373113
3 172350
5 866751
1 816146
3 658637
1 557915
4 750915
1 238110
5 785111
4 819265
5 565840
1 468774
2 959965
1 179022
2 819349
2 688265
1 647012
5 631809
4 8977
5 464779
3 926277
1 916027
3 597670
4 825128
2 582191
3 904250
2 790558
5 828284
3 721752
4 304791
1 577970
1 941080
3 442074
2 91922
5 333522
1 869006
3 568148
1 680554
1 604160
2 684829
5 713690
4 471662
5 698658
5 687572
3 76803
2 266469
3 312498
4 787845
2 826571
2 581285
3 400103
4 13091
5 177839
1 867624
3 795009
5 95361
1 466545
1 542093
3 848745
5 609091
5 968679
5 320117
2 890189
2 696145
4 901600
4 401356
3 262879
3 193167
5 533745
2 160543
4 739065
4 169407
2 111555
5 683969
4 113538
2 107510
2 965037
4 289671
2 189362
4 973381
4 100849
3 297114
5 39065
5 526931
3 338608
3 887846
2 503524
3 918156
3 808700
4 660039
4 940273
4 229913
2 860268
2 211645
2 621171
4 918052
3 720666
2 571503
3 832270
4 225246
5 763539
1 838334
4 134390
4 14374
1 604960
4 534766
5 54069
2 40569
2 23788
5 97223
5 821157
5 816835
3 181050
1 214345
2 595954
5 67513
2 482185
5 474264
1 747426
3 206931
2 987474
4 161605
3 416222
1 86038
1 428756
1 385302
2 934050
4 119410
5 676157
1 735890
3 33849
3 657630
1 395820
3 340671
2 625511
1 584586
1 142072
4 291561
2 481686
5 157979
4 985676
3 827236
5 187947
5 725500
1 547665
1 945762
5 948100
2 589180
1 392576
3 731787
2 382315
2 46764
1 410992
3 583205
2 768103
3 827353
5 750543
5 762590
3 206725
3 472047
2 834676
4 817304
4 668110
1 802141
1 792584
5 119175
3 623663
5 734616
4 699315
5 511131
4 284251
2 34597
5 428496
3 67097
1 845296
3 297895
5 658865
1 322558
4 880010
2 233731
3 849591
2 432224
2 388393
3 124334
2 131494
4 631011
5 51794
5 336089
5 671963
2 714343
4 198690
4 902340
5 928047
3 332367
4 51844
1 678348
5 789751
2 149464
2 280028
2 593520
3 493056
1 486326
2 817521
2 277564
2 667347
4 315677
4 714444
5 622762
1 768312
5 253492
2 485053
5 990892
2 167174
5 77999
4 956887
3 253817
2 56516
5 683404
2 423679
1 196660
3 360570
5 754130
1 738482
3 305028
3 330702
5 503294
1 954807
4 705911
5 323109
2 616518
4 319848
5 384817
5 281917
3 2103
2 13373
1 746974
3 626760
5 750817
3 205005
1 752818
4 901633
2 760412
2 292505
1 943540
2 586016
4 580115
1 262199
3 535875
3 170766
4 274040
1 963034
3 254467
1 944291
2 833568
2 726134
2 800226
3 781653
1 995308
2 658405
4 684096
5 47871
4 598267
1 350039
5 268689
5 66945
5 522425
3 151869
3 734812
2 279139
4 167329
4 573560
5 793238
5 351989
2 269889
5 930539
1 59535
3 788641
5 311494
1 100516
1 124747
4 151032
5 177274
1 596183
1 81012
3 107184
5 344045
1 768466
2 622984
5 587247
5 286429
3 634929
1 415844
5 1958
3 239560
2 601236
4 60703
3 679891
1 793973
1 950017
2 950182
3 223916
5 92387
2 99230
3 130286
5 209061
1 535537
5 775956
1 429341
3 690155
5 447328
5 238494
5 217683
2 747210
5 39608
4 18290
1 410487
3 223404
2 960710
4 183693
4 471865
1 641432
5 732937
1 155269
2 361834
1 430743
3 121945
5 884517
1 399605
1 205034
2 661310
1 778418
1 923723
3 860482
2 856441
4 368481
1 50847
1 195897
1 870411
1 965040
3 77328
1 371436
4 67181
3 846665
3 588125
3 9251
1 405693
5 817938
1 501214
5 464853
5 273807
1 332982
4 175891
5 296053
1 145414
3 457286
4 817904
2 937590
5 970451
3 742644
4 213437
3 701592
3 792413
2 93450
5 191902
3 721861
4 771334
1 150648
1 398528
1 797393
3 488490
2 899274
4 596070
4 528595
2 163386
4 923643
3 822392
1 248890
4 743278
1 319252
3 70736
4 148908
1 630827
2 714229
1 65104
1 374629
4 566422
1 777889
4 85060
1 234167
2 290154
2 747136
3 107612
4 998684
5 571869
2 89735
5 828478
4 928481
2 405541
3 629408
1 396200
3 514916
4 395877
2 682324
1 542902
3 986697
3 769727
5 776562
4 478929
1 29619
4 186667
4 217059
5 479652
1 546460
5 491447
3 385965
1 613153
4 407435
2 16503
4 38585
1 459527
3 474790
3 303922
3 424327
3 902683
1 436221
2 491561
4 769628
1 149981
1 26182
1 74463
3 352961
1 940449
2 839727
5 895431
2 48812
1 748225
1 922281
5 201196
3 740787
2 80503
2 111565
1 191753
4 416361
1 775395
1 631979
3 868531
1 316697
4 996625
3 176924
4 414516
4 638904
3 583596
2 401302
4 677897
5 78441
3 885963
4 570619
3 322239
5 878720
5 676002
4 102447
5 26135
4 521716
2 753090
4 326197
2 152696
1 108599
1 408005
1 419968
5 525854
1 257435
5 21378
1 363273
5 120462
1 831067
4 180913
5 431492
2 951261
2 887225
2 228857
4 64643
1 483358
4 736534
2 578933
5 932965
1 699892
4 839064
5 512983
4 157897
5 177616
1 518060
4 370137
3 463012
2 197168
5 73077
1 681408
4 372076
4 195785
2 836988
5 962379
1 14454
2 121701
5 255158
1 925466
2 791691
1 243063
3 735087
1 17723
3 245598
5 75880
5 489348
4 94514
4 534545
3 96484
3 502288
4 658057
4 572351
5 871173
4 956454
5 255544
3 49401
3 904318
3 923597
1 455693
1 192199
5 324445
5 615109
4 705778
3 42927
2 128110
3 233387
5 579093
4 871916
5 805203
4 25961
4 104365
3 302256
1 966750
3 185383
4 816828
2 447596
1 855407
3 117170
1 27623
2 405263
3 348378
3 408243
4 364490
4 280296
3 868897
1 35326
2 29346
1 596782
1 362054
5 838105
4 181491
5 419537
4 791989
1 320006
4 955116
4 626398
3 292121
5 1040
1 293513
5 565742
5 702748
2 572002
2 486073
3 91773
5 705148
4 154006
5 730408
1 761297
5 838329
3 734866
5 736480
5 978142
2 673040
3 387152
3 183558
5 545334
2 222419
2 636771
1 851192
1 420280
3 740331
2 571948
1 509695
1 92987
5 974198
1 269623
4 243228
4 757312
2 400087
3 91650
4 967029
5 894403
1 839248
5 638656
2 477274
3 79871
5 54824
2 887276
3 330982
1 816820
4 314838
4 442988
3 934797
5 40799
5 677770
1 221687
1 268092
1 213579
1 572671
5 9261
3 878771
4 668669
4 323015
2 608219
2 649501
3 370165
5 569709
1 286492
5 889143
1 468075
4 667381
4 674860
3 428575
3 72945
5 577345
4 70337
1 848895
4 436792
3 922640
1 814657
4 462514
1 638007
1 480704
3 778635
2 547363
3 972225
5 372209
5 529286
2 233558
2 306487
2 761491
3 24855
5 335796
4 919241
3 748392
1 117469
3 40418
3 955559
1 368555
3 846660
5 61509
5 140111
4 578990
5 192037
3 780583
5 537349
2 758314
2 670621
4 205392
3 480228
4 433866
5 838180
1 832487
2 420774
1 621506
3 453358
5 776032
1 337536
3 484090
5 524911
2 392998
4 6773
3 108337
4 837286
1 684364
3 464501
4 453563
4 515915
2 598390
4 632067
5 840706
4 579791
4 653494
3 539762
1 483876
4 522809
4 982332
2 770949
3 676269
1 494801
1 659373
3 178483
5 114601
2 181835
4 775935
1 550715
3 678003
1 607714
2 896819
5 468407
5 261928
2 928959
3 699169
5 227056
2 651873
2 949063
3 597803
5 362960
2 301071
3 302056
5 853022
1 409791
3 57278
3 779385
2 624599
2 933262
5 1830
3 976756
4 806921
2 630442
4 991045
5 564832
3 367014
1 393051
5 872804
4 308096
4 907417
4 557492
4 782369
1 512449
3 738998
5 651913
2 48428
4 722844
4 729417
3 230700
3 867614
1 380298
4 737101
5 206254
1 281568
4 913615
5 546950
2 449105
5 283580
2 99568
1 517419
2 90175
1 127921
1 133542
5 764746
4 624852
2 146535
5 426990
5 360684
1 363170
5 754948
1 362006
5 631423
3 241447
1 242075
2 404603
5 56257
4 987961
2 251941
4 341844
1 691309
1 68665
1 45197
3 325105
4 81100
4 395506
3 78694
3 347274
1 91037
1 852087
5 476420
5 450360
4 367652
3 480886
3 698005
1 867167
1 626815
3 806282
4 166236
1 75546
3 624629
4 763413
4 976002
3 691753
2 951356
4 87703
3 575400
4 556329
4 710420
2 677372
3 517309
4 384694
3 956486
4 632737
3 393208
4 556305
5 344760
3 202781
2 991375
5 998775
2 177005
1 465970
4 435367
3 127098
3 44032
3 643190
3 81470
5 883284
5 410029
4 255243
5 870220
4 13774
3 994071
1 251548
4 605194
5 38684
5 779368
5 661656
3 351260
4 699176
2 464459
4 58830
4 948490
2 386892
4 82159
1 476058
4 757382
1 729154
1 208909
3 400847
1 293130
4 327548
3 103611
2 427492
2 538809
2 579112
1 941214
2 258629
4 293108
3 708081
5 884
3 889050
1 404652
1 831553
1 90114
4 180498
2 672263
5 685683
3 953026
3 954564
4 829782
4 643407
1 455597
1 682259
4 252013
5 351222
5 949724
5 916163
3 63801
3 3822
1 53811
2 665931
1 971297
5 233289
4 499547
1 425324
3 840116
1 252927
4 741454
1 905605
4 638517
5 76821
1 797392
2 462755
3 419198
2 378678
2 893782
1 746564
3 374063
2 692459
3 189394
3 776452
4 865308
3 13820
4 648243
2 633624
2 482843
5 920819
5 89270
3 554188
4 899810
3 687183
1 331061
1 991264
5 858720
1 291944
2 813868
2 939295
5 615761
3 942708
3 799979
3 14586
5 618605
5 89699
4 140910
1 701258
3 382095
4 128232
3 3163
3 806250
5 841515
3 279582
1 666179
4 230029
2 700960
2 771482
4 876247
5 313044
4 561647
1 24178
5 717714
3 934542
3 90072
4 845165
5 48195
2 947575
5 239076
2 368775
5 851415
4 536390
2 380934
3 16491
5 36313
4 879320
2 888582
2 672598
4 416412
4 227738
2 322836
2 807802
2 917303
3 670319
1 583376
2 628859
1 364810
3 682195
5 652878
1 99953
4 258665
4 47173
4 688608
5 688444
4 134447
2 591500
5 720313
1 249549
2 979614
5 961934
5 801321
1 638823
3 189534
2 428709
4 932904
5 619885
5 499251
4 992062
3 558922
3 236227
1 166285
1 693856
1 73370
1 824241
4 147396
3 938024
5 904364
3 161458
5 114099
1 261920
5 959794
3 388808
3 23029
1 354591
1 816083
5 277235
3 983704
3 779441
2 213888
2 658370
3 476250
1 288906
3 476540
5 168900
4 644836
3 126958
5 429986
3 168383
3 498283
3 689108
3 569537
2 935728
4 612564
2 231777
2 519123
1 111430
2 305484
4 916267
4 832186
2 886408
4 541570
2 294268
4 256972
1 717305
1 407442
3 548055
1 351834
3 251167
3 251654
2 38984
5 508110
3 523384
1 143594
2 523071
2 145909
1 508065
1 17530
5 270802
5 772171
2 822331
2 94634
2 515582
5 357596
4 91204
4 757754
1 497585
1 112132
2 265128
3 534369
3 291857
2 914305
3 607472
1 139580
4 839788
5 237254
3 682082
3 824147
1 787752
4 496187
4 821040
2 718105
1 297520
2 437653
2 460205
1 696451
3 42457
3 723874
5 861264
4 136021
3 157480
4 860063
3 75880
1 810117
3 300332
5 690514
3 939925
1 100036
4 742451
4 407466
5 209504
2 141630
4 541720
3 328144
4 759765
3 322203
4 675421
3 124492
3 3913
4 700302
5 583909
3 603804
5 14127
2 395529
5 968477
2 864654
5 952957
1 162089
5 744831
2 609882
2 791595
5 632361
4 536017
5 192792
1 399331
3 861028
3 749433
2 129950
1 798251
1 64891
4 70829
2 241094
5 638173
1 619540
5 809377
3 728008
4 968386
1 443724
5 248042
1 34500
2 587724
2 140817
2 986829
5 770348
1 324586
1 555443
4 853723
4 618186
1 943558
4 684235
2 511716
4 805390
2 308335
5 270696
1 620805
4 404283
4 905504
5 698270
4 367035
1 557110
4 923597
4 384722
3 44242
3 126732
3 607006
5 243993
3 421765
1 31981
2 229546
2 30100
1 572982
2 15134
1 424447
4 544127
3 40366
3 535977
5 360695
1 636713
5 829875
2 930232
2 674344
1 590858
1 559920
4 142334
3 355490
3 458725
1 203040
3 604773
4 544966
1 154154
1 35164
3 249153
5 101141
5 59398
2 643383
4 338421
4 985725
1 818540
3 824414
3 799064
5 371987
3 285423
2 740835
5 497257
4 208166
4 578162
4 194806
3 505893
5 719591
4 912357
1 594320
4 420672
2 987060
2 531894
5 613530
2 244360
2 859388
5 5633
4 839042
1 549547
5 132650
1 192077
5 272896
5 131657
1 816504
2 723909
3 377774
5 962483
2 961080
2 280963
2 535158
4 824183
2 561958
3 777587
1 41843
4 125990
2 599262
4 409928
1 748867
5 664557
3 451542
5 972627
2 641586
4 653209
4 320387
4 241446
5 154409
3 745154
4 891857
2 250503
2 229805
2 288946
4 302687
3 33949
3 767716
1 945942
5 74632
1 938302
4 641939
1 952677
5 126261
1 987547
5 775957
1 60109
4 941996
5 615894
3 799390
5 263441
5 882305
5 632634
1 807982
2 649649
1 58652
3 303845
1 188703
2 978374
5 159537
2 480306
3 98895
4 364365
3 860795
1 714950
2 666679
1 846260
2 83193
2 231077
3 972249
3 164345
5 952768
5 915939
1 855603
1 450713
1 684049
1 982948
3 86359
4 32373
3 554986
1 562366
3 869147
5 397718
4 148076
5 200768
3 53708
3 778699
2 768797
5 265371
4 620842
4 143852
2 504700
5 147880
1 856608
4 852485
1 981046
5 481327
1 271859
2 769179
2 111083
5 855745
2 906990
4 316053
1 792228
1 41442
2 794864
4 740962
1 167123
1 110258
4 909239
4 939995
3 551285
5 507468
5 704561
4 888140
4 312735
5 282980
3 23501
3 387718
5 687304
3 295077
1 807938
1 664170
3 708691
2 43215
3 806732
5 181153
3 915971
2 717081
3 876024
1 171612
2 395894
2 79978
2 976745
1 419868
3 739379
2 422339
3 506057
5 502737
1 173900
5 744286
1 175653
5 287645
5 328888
3 709625
3 543579
3 213510
2 948199
4 17137
1 566708
4 841722
1 124135
3 458639
1 834557
1 140140
5 575486
5 683389
4 648378
4 163145
4 358233
2 391112
4 634516
3 959647
4 928561
1 493885
4 106132
4 816211
1 79615
3 482796
1 961270
3 573625
3 26093
5 733425
2 174617
5 751637
3 738063
4 724996
3 850876
2 589034
1 660512
5 323372
1 678702
3 68027
5 57804
3 191588
1 182156
1 147783
2 469481
5 602789
1 616357
1 982066
1 788253
3 189618
2 639340
3 793415
4 315230
4 457622
3 856004
5 803883
3 352022
2 583478
1 857895
3 850978
2 63939
1 895235
3 714781
5 92722
3 121706
2 104915
3 647034
5 669455
1 775818
1 690105
3 931914
5 471997
3 201432
5 459318
2 29725
4 369082
2 961810
2 78772
4 472178
5 7543
4 341349
1 319035
4 287341
2 326361
2 308234
3 48374
4 881445
5 753031
1 996397
4 349326
3 796268
2 675010
1 165687
3 888817
1 9545
1 832942
3 983286
3 242878
1 583629
3 844364
1 262518
4 118316
1 805076
5 542733
5 727679
4 945490
1 986587
3 350095
1 253775
2 516480
2 653933
4 391523
3 515073
4 158200
2 476372
5 666171
2 611372
2 437405
4 46645
4 548965
5 979481
5 429320
1 253678
5 864218
5 994072
4 289197
2 555785
3 951381
4 946623
1 934633
3 1015
2 25490
4 813200
3 268693
2 432362
5 817211
2 589196
5 187730
5 452107
5 316918
4 257054
1 70705
1 680847
2 759768
4 945079
3 224615
2 136637
1 751168
2 88180
3 859387
1 478283
1 238607
5 691280
3 866484
3 893537
4 69890
2 283776
5 309426
3 219145
5 221911
3 266375
4 966698
3 669234
1 873152
4 418196
2 244682
1 702097
2 497197
3 602082
4 134230
1 620416
2 723147
2 781442
5 37668
4 654468
3 152172
3 952470
3 698060
3 725745
5 932967
1 340106
5 58265
5 681011
1 641204
3 481062
2 56890
1 428366
5 853119
2 535983
1 280117
3 542847
3 85751
2 987436
5 637514
3 810408
2 667804
5 824307
5 934290
3 634580
2 692856
2 512823
5 870604
5 851828
5 363572
5 830529
2 741352
4 307734
3 277798
3 254372
5 793361
2 187007
4 243057
4 425776
2 959964
5 741879
3 266977
5 957221
2 435420
5 755378
4 285451
3 430499
1 932182
5 672032
1 418606
1 385671
4 615387
3 957886
1 605331
4 470146
2 454884
3 365436
1 446054
2 597912
3 883505
2 218092
2 154392
2 693889
5 703156
2 263101
5 71114
5 598142
2 416780
5 257311
2 848029
2 332621
1 494209
3 638846
1 250126
3 874550
1 63104
2 132996
5 99857
4 811580
3 164036
4 321423
2 59007
3 418103
5 21614
1 719590
4 584568
2 809518
1 389337
2 936551
1 841501
5 256730
4 967972
1 661504
2 628273
5 567111
1 183155
5 371669
4 387120
3 262730
3 460583
3 404078
4 675762
2 845661
2 343104
5 889157
4 994828
5 803308
2 275297
1 809372
2 304822
3 115326
2 576410
5 184019
5 432537
2 441399
1 715698
2 396832
3 865431
2 727591
2 596883
3 187311
5 395427
1 475283
2 974492
5 572156
2 790055
4 596406
1 236185
1 124120
1 238289
2 664941
5 724269
2 411568
2 236685
5 283476
1 886813
4 899801
5 747288
4 341187
2 826418
4 540180
2 509579
2 667779
5 5534
3 226378
4 588486
1 455869
5 645016
1 70657
1 817736
4 265077
2 117207
2 215391
2 380155
4 93649
2 289315
2 257667
3 198787
1 929663
5 238909
5 536148
4 884126
4 488246
2 897463
1 999955
2 10964
1 765932
5 471200
4 303016
2 700234
1 522774
1 494130
4 680165
5 193375
5 59573
5 603322
3 333377
4 616456
1 895535
1 832888
1 569893
3 502319
2 545183
5 941031
5 604303
4 596924
2 816671
4 705374
5 598834
2 195681
5 490859
2 323784
4 938228
4 668078
4 529970
3 818
4 502526
5 723989
3 212899
4 149170
4 542717
3 604703
2 296778
5 678326
1 341672
5 856206
2 774323
3 936173
3 642470
3 958272
2 111247
4 682926
5 17261
5 53530
5 236722
4 513873
3 346807
5 850213
4 313374
5 904941
3 332059
5 770265
2 341670
4 848865
5 965668
4 157452
4 425206
1 881608
3 244423
2 463286
5 584392
5 140842
2 53157
5 359769
5 788351
1 552952
3 472981
2 694079
4 615898
5 651433
1 497944
3 61455
4 342752
3 8991
5 367391
1 342587
3 116757
5 861255
5 602045
5 355471
1 666028
5 358108
1 851649
2 963793
2 732769
3 611482
5 743748
4 445397
5 304554
4 550702
3 552570
1 553338
4 433316
5 124430
1 849676
1 758180
5 616923
5 589207
3 981032
4 455368
1 237005
4 3045
1 26537
4 386517
1 938434
4 653098
1 645096
2 916956
5 62676
3 624541
3 677684
3 119874
2 540033
2 915802
5 291156
2 736
5 443872
5 676633
4 751973
3 629869
3 529343
2 261300
3 540842
1 540950
3 405950
2 880835
4 297706
3 133671
5 716070
4 369016
5 341970
3 372025
3 524858
4 895643
3 473924
5 869381
4 629429
1 595129
2 483718
2 320283
2 273971
4 192445
3 118978
3 777629
1 72570
1 218521
2 219056
5 311694
2 439516
1 770518
2 30587
5 686717
3 925755
3 639676
3 433896
3 661539
4 435082
3 660423
4 53301
4 505210
2 666860
4 869582
1 430094
1 695748
4 771227
3 8698
1 649778
4 585686
4 683947
4 74479
2 50076
3 319878
4 852183
2 475052
4 352150
2 791295
1 462064
2 754159
3 749527
2 267
4 571925
2 520245
4 67968
1 137
2 239282
3 802452
1 444874
1 127534
5 414692
2 713114
4 470986
3 709533
4 964058
2 779683
5 465368
2 313662
1 560154
3 373062
5 536139
3 867245
4 79355
5 491827
2 145089
3 524142
2 68666
2 253829
2 724953
2 277544
4 556964
3 802232
5 254434
2 100719
1 738550
5 113654
3 502238
1 980351
4 877745
4 264898
2 665826
5 407760
2 198263
1 399217
2 656949
2 926687
3 595612
1 518989
3 312552
3 249451
5 278580
3 99205
5 836689
5 816274
2 730123
5 728981
1 825466
2 235961
2 124890
1 603375
1 522459
5 989440
4 530474
1 465352
1 376846
3 578074
3 679958
1 976002
1 867503
2 53715
4 324268
2 914288
5 244497
3 420716
4 845543
4 283002
3 140401
2 404126
4 280842
2 108805
2 865027
2 978556
5 582674
2 619331
2 31314
1 894199
3 916739
4 436801
2 913282
2 878749
4 905394
2 103148
3 433885
4 528715
2 957327
2 615455
3 931257
3 478459
5 464033
1 889092
5 115079
1 734940
3 721704
3 522014
2 567934
5 835127
5 64820
5 799951
5 141768
5 954596
4 613298
2 927859
3 644778
2 545930
4 996773
4 304097
5 566824
2 518715
5 64336
2 976056
3 122350
5 262465
3 226897
4 219870
5 319267
3 609164
5 780213
3 12341
1 357170
5 168044
2 997554
1 331913
2 893398
1 353025
4 614745
3 561767
1 431789
2 499941
2 692028
4 473498
3 565729
1 982184
4 375471
3 57030
3 999798
4 296267
1 622274
3 832080
4 9063
5 426337
5 251546
5 560691
3 736321
4 382583
3 301467
5 658602
5 715686
2 589091
1 820685
1 876082
3 593560
5 803247
2 308759
1 456230
4 787195
2 47602
1 755990
5 97625
2 672499
4 706222
3 228040
4 635053
3 728423
3 362126
2 414448
2 699115
5 606973
4 406137
2 653789
2 665593
2 794306
3 744657
3 757489
5 170913
1 469801
4 645473
4 546186
4 594183
4 725383
1 164620
1 389073
5 72472
1 125690
5 199372
5 793097
4 265686
5 311585
4 814194
5 637168
4 953493
1 122275
5 761047
1 645248
1 953830
4 661268
3 579483
5 133192
1 303508
4 708545
5 615502
3 170925
3 476307
1 821768
3 277929
1 451067
1 584269
1 176370
2 870868
3 845503
1 629419
5 246820
1 2933
5 706606
1 734537
4 118253
4 336828
3 438435
3 588765
4 552604
1 907048
4 462701
4 751623
3 720395
4 14115
3 401350
4 420526
2 848292
3 876556
3 784410
1 29652
2 213299
4 279690
4 735967
4 391109
2 413984
3 339833
1 738806
4 619293
5 350358
5 93297
3 272028
4 123444
2 178018
3 478018
2 73073
3 750604
3 212917
2 502257
2 977179
5 750622
2 338874
4 885515
3 416305
4 434847
1 602928
1 538763
3 346516
5 816066
5 137114
5 166141
5 378223
1 576518
3 985639
4 327844
3 750033
3 996229
5 24071
3 574747
5 643686
4 739496
2 719669
3 425545
3 283256
4 789788
2 912524
2 644618
3 187482
1 248870
3 400107
3 811318
2 828911
3 201994
2 587820
4 157650
3 361999
5 759605
3 955934
2 9664
3 369412
4 105493
3 861192
1 102004
3 571714
3 822859
1 811188
5 806173
4 738760
1 740606
3 939797
2 202926
3 521273
1 21137
1 80902
3 331762
4 311040
2 611813
4 661542
2 666342
3 377489
5 94634
5 334223
1 394966
4 428089
3 745056
1 558187
1 256766
3 539577
4 438713
2 730507
1 497163
3 485272
2 790574
5 892453
1 287141
5 679125
4 603534
3 334012
3 342099
4 697587
1 711248
4 129353
1 401375
4 429154
3 354883
4 15978
5 358462
5 104883
5 991810
1 717335
2 625702
1 516954
4 603621
2 645601
4 589281
1 435971
5 251805
1 642200
2 776616
4 987173
5 586750
4 984964
4 274188
2 304468
3 619185
4 664813
3 655534
5 693448
4 485320
1 562112
2 224559
3 481996
3 920663
1 718066
4 34234
2 599700
1 95838
4 582836
4 417988
2 76158
3 625014
1 866938
3 805521
5 813694
4 581004
4 519186
5 455980
5 172342
3 266645
1 558386
3 581509
3 807900
2 428470
2 81905
1 195566
3 830015
2 12571
3 716129
3 255921
2 400787
1 209938
3 299035
1 191170
1 571802
5 821960
4 398895
2 987022
2 520799
2 650477
5 80497
3 253695
3 46842
3 296600
2 415005
5 412457
4 485944
4 862197
4 316878
3 123708
5 606962
5 895029
3 237204
4 170635
1 349244
2 998948
5 888589
1 540244
5 442051
1 975630
5 534839
3 574653
1 125802
2 334681
3 535178
1 47090
1 829925
4 770598
5 442288
1 136551
3 898302
3 622961
1 204473
2 135912
4 361940
3 70695
3 767608
3 667649
2 389216
1 131205
3 572145
2 205062
4 677143
5 800369
5 495326
2 972176
1 153201
2 622930
2 25797
2 761805
3 617295
1 721040
5 929080
3 577233
3 825645
4 920551
3 607979
5 2463
5 162579
4 766265
2 520919
4 245703
1 222601
1 246535
5 252444
3 987465
4 613311
2 814288
2 35573
4 156493
5 848615
4 51866
4 80948
2 2996
5 979051
3 674058
4 442551
1 923569
3 35643
3 356266
4 436056
2 740515
3 934505
4 607392
2 618512
5 629892
1 285525
5 245620
1 930086
5 949502
1 367879
1 684495
4 891444
4 279221
5 32191
3 991614
5 775837
2 585562
4 694356
3 236063
1 74317
5 549357
5 327366
1 447989
1 318655
3 620005
1 821017
1 731373
1 584829
3 271197
4 164936
3 324133
1 351227
2 483487
4 702469
2 236641
2 119749
4 554567
2 221601
5 780565
1 904030
3 482688
1 280412
1 566637
3 268348
2 845593
3 790238
1 593819
1 466685
4 308131
5 313006
4 548122
3 271475
3 4131
2 614989
3 444439
3 289108
5 231022
2 335808
2 695760
2 775503
3 490022
1 540995
3 9122
1 298922
4 870023
2 825859
5 969393
3 245502
5 294615
3 125365
1 311982
2 450750
2 393310
1 895115
5 797030
3 50905
3 624351
5 543611
2 953548
3 338437
5 116326
2 317688
5 790204
2 812151
2 757603
1 376980
2 903146
4 583282
4 772997
5 832172
4 400787
3 191338
1 386788
3 977054
1 260183
4 616223
2 320163
1 426693
4 728711
2 427494
1 76783
3 814432
5 550156
1 622050
1 678939
2 278109
5 684322
2 903767
2 60399
1 671104
4 381764
3 267785
5 555366
4 159514
3 832879
3 744787
4 341192
5 633268
1 414396
5 205672
2 337116
1 337093
3 33111
2 124087
3 887451
5 205826
5 703624
3 361419
5 11557
4 217615
2 81553
5 44819
5 911106
5 161475
2 104271
5 898405
5 862027
3 514440
2 994935
3 518504
3 778426
1 410521
1 158023
4 281436
4 249342
5 220603
4 782549
3 211193
5 103798
5 989021
1 568126
3 56555
4 559374
4 688702
2 499713
4 387835
5 283020
5 153902
4 17236
4 238388
3 340283
3 991427
1 51123
3 517115
1 941609
1 673502
5 261424
3 997062
1 541754
4 384313
3 885879
3 408938
5 227251
4 777774
5 751432
4 642997
1 872789
1 795675
