5000 1000000
5 101
3 1061
3 641
4 1681
2 1921
2 501
4 301
2 1481
3 1541
5 1081
5 281
3 421
4 1861
4 601
3 1241
3 1281
4 241
2 1581
3 241
5 61
1 141
1 281
1 41
3 661
3 881
2 1041
3 961
5 861
3 321
3 881
5 561
1 1581
1 201
1 1321
2 1221
4 1901
1 1161
1 521
2 81
1 261
1 1001
3 1341
2 801
4 61
4 361
1 1281
5 501
4 1141
4 181
5 1741
5 141
5 421
4 1981
4 21
2 1841
1 661
3 181
2 1701
1 441
2 1601
2 621
5 1201
1 1181
1 801
4 101
5 61
4 1461
2 801
2 761
4 121
2 981
3 261
2 1421
3 301
5 901
3 1941
4 1741
5 921
2 1061
5 1601
5 1261
1 201
3 701
4 1141
2 141
3 121
4 1321
4 321
3 1601
3 421
2 221
2 321
3 621
1 1301
5 1441
4 1161
5 481
1 201
3 421
5 61
4 1081
1 1
4 1641
4 1821
2 1401
3 1361
4 721
4 541
3 721
4 1041
4 181
5 1181
4 601
2 1301
4 1201
1 1321
1 1861
1 1581
5 141
2 1321
3 1101
3 1201
2 1781
1 1221
5 621
3 561
1 201
3 1701
5 461
1 381
3 1301
2 1441
1 281
3 1821
5 401
2 1681
2 1381
3 1401
5 1981
3 1461
2 1321
5 1541
4 761
4 1301
4 1181
4 1461
2 661
1 1561
1 1681
3 481
5 1621
1 41
5 561
1 81
5 1621
4 1601
5 901
1 201
1 1201
5 1761
1 1921
4 1
1 1501
4 1581
2 801
4 1841
2 501
5 1321
5 1861
2 81
2 941
5 1661
1 621
5 981
4 1281
5 881
1 1281
5 1901
5 941
2 21
1 1881
4 121
3 1021
3 261
3 341
1 1161
5 1801
3 581
5 721
2 441
4 241
4 121
3 1441
5 741
2 1041
1 1401
1 661
5 121
5 1141
2 241
5 121
3 81
4 1861
1 1821
2 601
1 1121
2 221
1 1221
1 1621
5 161
2 1961
2 781
5 21
2 1201
1 1581
3 1801
3 21
4 921
2 1381
1 1081
5 61
3 281
5 1461
1 321
1 521
5 1281
1 1041
2 1001
4 481
1 121
1 181
1 1621
3 81
5 501
1 721
3 81
3 721
1 21
4 1901
4 301
1 1601
5 941
5 881
2 221
5 1121
2 161
2 601
2 1021
4 641
4 1481
3 481
1 1481
3 241
3 1921
4 261
1 1741
1 1541
4 841
4 1721
2 941
2 1601
3 1361
2 381
4 1441
3 821
4 1801
1 1661
1 1341
1 161
3 1841
5 461
3 1601
1 1581
5 1781
3 1081
4 221
3 401
4 1501
5 1841
5 661
1 821
2 161
2 201
4 681
4 741
3 361
2 1341
3 1461
2 1861
3 941
1 1901
3 1241
3 981
1 1921
4 1821
5 1561
5 1921
1 1761
2 981
2 961
2 561
2 1741
1 881
4 181
1 121
4 1941
1 1141
5 501
4 1301
3 721
5 281
3 801
4 1521
5 1241
2 901
5 601
3 1881
2 1561
4 21
2 121
1 161
3 481
2 1881
1 301
1 1641
5 701
3 1461
2 761
4 1281
3 241
3 1541
1 741
4 1841
1 1761
2 1141
2 1961
2 1761
2 521
4 1701
5 1501
1 1761
5 41
3 701
3 1801
1 981
2 581
3 701
5 1901
2 1141
5 381
2 1941
3 541
5 1101
1 781
4 621
2 741
3 521
3 621
2 1361
2 1541
3 1921
3 1941
3 721
5 61
3 861
5 621
1 1481
4 541
3 1761
1 521
1 1361
1 161
1 221
4 881
3 1201
3 1901
2 1081
4 201
5 301
5 1821
2 1121
1 1981
4 1321
1 601
1 461
1 1761
3 1881
2 1941
4 1361
2 601
2 481
5 401
1 501
2 601
2 801
2 1321
4 1441
2 1501
4 1801
3 161
2 1281
4 481
5 1241
1 1621
3 501
3 1481
4 1261
3 1141
4 1861
5 501
2 1141
4 361
4 1421
1 1921
1 281
4 281
2 381
5 921
5 861
1 101
2 1261
1 1981
2 1261
4 881
4 341
5 1361
2 221
5 201
4 961
3 1901
3 421
4 1181
4 1921
1 721
3 561
2 141
4 81
2 701
1 41
2 1261
1 1801
5 621
5 1581
5 1561
2 501
2 1501
4 361
4 1461
1 1761
2 721
4 1381
2 1901
5 1001
5 1521
5 101
5 1701
5 81
5 481
5 1
5 1581
5 1101
3 781
3 1721
4 461
3 1761
2 721
4 1801
5 1121
1 1001
5 161
4 1801
2 1061
1 641
2 1961
2 1721
5 1641
5 481
3 861
2 941
1 601
3 581
2 1001
2 1541
5 421
5 841
2 1861
2 241
1 1781
1 561
3 741
2 1461
5 1001
5 321
4 321
5 1641
3 1101
5 1621
5 1961
4 941
5 1541
5 141
3 1
5 461
5 1881
4 301
1 1081
2 1721
5 81
5 1001
1 941
1 201
1 181
4 821
3 861
4 741
1 1961
3 1781
5 521
2 401
3 401
3 1161
1 41
3 221
5 1121
3 1721
4 381
4 1881
3 1781
2 461
4 1641
1 881
2 501
3 1
5 1961
4 1381
4 1941
3 981
2 1901
1 601
1 1201
2 1821
4 241
4 161
4 1461
2 981
1 1481
5 1901
4 1401
4 1081
5 421
1 1261
4 941
3 1881
5 121
2 541
5 1141
5 1261
5 1641
2 1601
1 521
4 1061
4 621
2 1761
3 581
3 1081
5 1701
3 681
4 1421
3 1621
2 1261
2 1021
5 1481
1 1361
1 581
2 441
1 641
4 281
4 581
5 641
2 1441
5 1561
3 1001
4 181
5 281
5 1781
3 1381
4 401
1 1921
4 1921
3 561
3 441
5 941
4 801
4 1621
5 1501
4 1841
3 141
4 321
2 701
2 381
3 1621
1 441
5 1201
3 1481
2 141
2 1101
4 1741
4 1521
4 1461
5 1381
5 1641
2 901
4 1681
4 841
3 1521
4 1721
1 1261
3 1741
5 541
4 801
2 1881
4 1101
4 1461
5 901
5 541
4 641
1 1961
2 701
1 1981
4 1841
5 881
1 1121
4 1301
5 201
3 1421
5 201
4 1741
4 1661
5 1141
1 761
4 361
5 1461
5 461
2 1801
4 441
2 581
2 601
2 1061
1 1161
4 1781
1 1641
5 641
2 741
1 1861
2 1361
3 821
3 1341
1 1401
4 561
3 1521
1 1701
1 581
4 1801
5 1301
1 1701
3 1321
5 1241
5 1341
5 401
3 101
1 1461
5 561
1 341
4 421
2 61
4 481
1 1
1 1321
2 581
2 781
5 1021
3 1961
5 1081
4 161
4 361
1 41
4 1081
5 1381
3 461
1 861
5 1701
2 201
3 181
2 1601
1 1181
3 401
2 1641
3 921
2 1161
5 1781
5 121
2 1861
1 1541
3 1861
5 1641
1 1341
4 1201
5 281
1 761
2 861
5 1121
4 401
4 321
2 1061
3 1881
1 341
3 981
3 841
1 41
2 261
5 461
4 1741
3 1081
1 1561
3 1381
1 1
2 701
5 1081
3 1001
3 921
1 501
3 1421
5 561
3 901
2 1061
2 1781
2 141
4 1141
1 161
3 941
4 1341
1 1521
1 1441
1 341
4 1941
3 241
5 21
1 1681
4 1301
5 1981
1 881
4 621
5 841
1 941
4 1701
4 1601
1 1201
5 1301
2 981
4 801
3 261
1 1041
3 1601
1 1561
4 861
1 1661
1 641
1 1401
1 1421
3 1421
1 1641
1 1961
4 1941
4 41
4 1401
5 301
2 741
4 961
3 841
2 421
1 1221
5 1861
4 1121
4 1181
3 401
1 1001
2 1981
1 1161
4 101
2 601
1 1521
3 1721
4 581
4 1841
5 861
3 901
4 41
4 1761
2 241
4 241
1 1701
3 1881
3 1981
1 341
5 1201
3 621
2 101
4 781
1 1361
5 221
3 701
2 1701
2 421
5 1761
3 1381
4 21
4 1141
3 381
4 1481
1 1101
4 1281
4 301
2 221
3 601
5 261
2 1881
5 681
3 761
1 581
5 1481
2 721
5 81
1 821
1 1021
1 1181
2 841
2 841
3 861
1 621
5 721
2 301
1 201
4 1461
1 281
1 221
5 1081
2 1921
5 381
3 1281
5 221
2 21
3 361
5 681
4 1121
2 1881
5 161
5 1181
3 1621
2 621
4 601
2 1961
2 1941
4 441
2 781
3 1321
4 981
3 381
4 1141
4 1941
2 1161
2 421
4 861
5 121
1 1421
2 601
2 281
3 161
3 1041
1 1841
3 21
2 121
3 141
2 1881
2 101
1 121
3 421
2 1021
3 661
5 641
4 41
5 1561
3 1281
4 1481
4 1801
1 181
1 541
2 501
3 961
2 1081
1 141
1 1021
2 141
4 461
4 1821
5 381
5 601
3 1001
1 981
1 1161
2 781
4 521
5 1221
4 941
3 101
1 241
3 721
4 501
3 941
1 1341
5 901
4 1181
5 621
1 1721
4 761
2 1841
3 1821
5 1161
1 861
3 1381
1 1221
4 1681
3 1241
4 1361
2 1741
1 81
1 241
2 221
2 1281
2 761
1 301
2 61
3 1101
1 61
2 481
1 1621
3 1381
4 301
3 701
2 661
4 881
1 541
2 541
2 1401
5 1121
4 1201
5 201
1 1
2 461
1 1781
2 1341
5 321
2 101
3 1601
3 1361
1 41
1 61
4 361
5 1601
5 701
5 901
1 21
2 1801
3 1841
4 481
3 1961
2 361
1 1501
2 561
3 441
5 1501
5 1981
1 1501
5 681
3 341
2 281
4 961
3 1201
4 601
1 301
2 1181
3 1621
4 821
3 1561
1 1981
5 1301
5 241
5 1681
3 741
2 901
1 1621
1 401
4 661
3 1061
3 1961
5 761
5 1121
3 1541
3 721
3 361
5 1081
5 1761
3 1641
1 281
4 521
3 521
3 161
1 641
5 841
5 1781
4 781
5 201
3 1921
3 401
3 1561
3 681
4 1601
1 521
5 1721
5 961
2 741
5 81
3 1681
4 861
4 1801
4 141
2 1961
1 881
2 1981
3 261
3 821
1 1061
1 1301
5 421
3 641
1 1761
1 1181
3 1501
4 1061
3 901
3 1881
4 361
3 1621
4 1901
1 1541
1 281
2 1541
4 1881
3 741
5 1621
2 1281
1 941
4 1121
4 401
1 21
3 1301
5 1681
1 441
2 1501
5 1821
2 1921
4 1561
2 1441
4 341
2 641
1 941
1 681
3 361
1 881
3 401
2 1041
1 1941
2 241
4 1881
2 701
2 761
3 581
4 1901
1 1341
3 341
2 1301
5 1161
5 701
1 441
5 441
4 1961
5 1101
1 981
5 421
4 1021
3 781
1 1181
2 681
4 901
5 761
4 1761
4 1021
5 561
4 841
3 241
1 1141
5 861
3 541
3 241
5 1061
4 601
4 221
1 921
4 281
5 661
3 421
5 861
2 1501
3 301
2 181
5 1741
3 61
3 141
3 1021
1 1161
5 1641
5 1621
2 861
1 1181
1 1641
5 1341
3 141
4 1921
4 1581
4 141
1 421
1 841
5 1401
1 321
2 1801
2 1061
3 1341
2 801
4 581
3 1361
3 1861
2 781
5 1181
2 1621
4 1601
5 1501
1 1301
4 1341
2 741
1 1261
3 1601
5 341
3 961
4 621
5 901
2 1041
1 1381
3 441
3 1841
1 1621
1 1241
1 201
3 1621
5 561
3 561
2 681
3 1341
3 1681
2 161
3 881
1 241
1 1921
3 321
4 1121
2 781
4 641
1 141
5 1321
3 1321
1 1341
3 141
5 1701
2 81
4 1321
5 1421
3 461
4 541
1 401
5 901
3 61
1 1021
5 1441
5 1741
4 1081
1 461
1 861
2 1641
4 1961
3 1241
1 741
5 1421
3 121
1 1601
3 1321
4 1401
4 1481
5 821
1 421
4 1281
5 741
3 1361
1 941
3 821
2 481
3 1561
5 941
4 1181
1 1681
1 521
3 181
1 1141
5 941
1 981
4 1381
5 1241
3 801
3 1581
5 1661
4 1401
3 981
2 121
3 1121
3 221
1 101
1 1641
5 41
3 1981
4 341
1 301
4 301
1 781
1 1961
3 161
2 541
1 1801
2 1081
2 721
2 1381
1 1681
1 1941
4 1841
1 1621
4 1601
5 1701
2 1861
2 461
5 921
3 961
4 401
1 421
3 361
4 701
1 41
5 561
3 1541
5 1601
3 1461
5 381
4 1221
4 1321
3 1541
4 1621
4 401
3 1101
4 601
1 1981
4 1701
1 801
3 901
5 141
2 1361
1 101
4 461
5 1881
4 1881
3 1141
2 461
5 1581
5 1001
1 1821
1 921
4 1661
4 201
2 1381
5 441
4 721
2 1541
1 121
4 681
3 1
5 321
3 1421
2 941
1 461
1 201
4 541
1 1741
4 1521
5 101
3 441
3 161
4 921
1 741
3 1281
3 201
5 1981
5 541
4 761
2 1481
1 781
3 1321
1 61
3 1021
1 1001
1 1941
4 21
5 1221
4 901
3 1841
2 1081
1 1441
1 1081
1 201
3 381
3 801
3 1061
1 1501
2 921
4 1261
1 881
5 901
1 301
1 1661
1 581
1 1221
3 1521
3 1461
5 741
3 1781
4 681
4 741
1 1281
3 41
5 1921
1 1641
5 501
4 381
1 1541
1 261
3 1241
4 401
2 1421
3 101
2 1121
5 1121
1 1101
3 1141
4 1421
4 1461
2 161
5 121
5 1401
3 121
5 421
2 1841
4 501
1 1301
2 1041
5 1441
2 1981
1 641
2 1961
4 1341
2 101
2 1721
2 1481
2 1
1 1881
3 1961
4 1001
3 1781
2 821
3 1541
2 1081
1 81
5 381
2 1741
4 1001
3 1761
1 701
4 1161
3 1421
3 61
3 1261
4 1221
5 61
2 1741
1 561
5 941
5 501
1 1681
5 1201
5 1961
5 701
1 1961
1 41
3 861
4 761
3 1001
2 1081
5 1721
4 1241
3 101
4 541
2 661
5 241
4 41
5 441
5 1381
2 81
5 1261
2 1761
5 1701
1 1461
4 681
1 601
3 61
2 1461
3 1681
3 781
4 1301
3 1101
1 141
3 21
1 741
5 1741
4 1461
1 941
4 121
5 1441
4 1701
1 1961
2 921
4 201
2 921
1 1121
5 1861
2 441
1 101
5 1821
2 981
1 1981
3 641
1 1781
5 1501
3 341
4 281
2 1101
5 1861
5 801
3 1041
4 981
1 1101
4 961
1 1341
5 661
3 1241
1 1581
2 1781
4 1
3 261
2 981
4 1701
5 21
4 1661
1 1401
1 1581
3 641
4 261
4 521
5 1701
3 1981
1 301
2 1101
3 1541
3 1441
3 1701
3 881
5 121
1 481
3 1021
2 541
4 1241
1 1101
2 1801
5 221
2 1881
3 641
3 561
2 1521
3 1381
4 1581
2 441
3 1021
4 1141
1 41
4 1441
3 81
4 1221
1 1781
3 401
1 961
2 261
2 1561
4 701
4 1881
4 1761
5 1761
5 361
2 21
5 1841
4 241
4 281
3 1501
1 201
2 1861
3 1901
1 781
2 301
5 1681
4 1961
5 1301
5 1401
4 301
5 1021
5 1201
5 121
5 501
2 181
3 321
3 1441
2 721
2 1661
1 301
2 781
3 761
4 21
2 1601
1 1761
2 1521
3 1381
1 1661
4 841
3 181
1 21
3 141
1 581
4 301
5 1421
1 1081
1 741
4 1681
3 421
2 261
5 381
3 1321
2 1101
2 81
1 1901
3 741
5 301
1 181
1 1101
5 301
5 181
5 1941
2 821
3 1341
1 181
4 1301
5 401
5 1241
3 1221
1 361
1 401
1 1481
4 861
2 181
2 1721
1 1721
3 101
3 1541
1 1281
2 1261
5 1501
1 781
5 601
2 1501
1 1201
1 121
2 1241
5 1681
2 41
2 301
1 401
2 1701
2 1821
2 1021
4 1521
5 1901
3 1261
4 341
1 981
2 641
1 81
1 1461
5 1661
3 261
4 1441
3 301
4 661
1 981
1 321
1 1361
3 341
5 1221
1 1341
3 41
2 1961
1 1961
3 461
2 1921
1 61
5 341
5 1121
5 681
2 1161
4 1601
2 1521
1 741
5 1421
3 341
1 1941
5 1201
5 481
2 1241
3 941
2 1661
3 1601
4 181
5 321
2 1221
2 321
5 661
3 1
2 721
3 1461
4 721
4 761
5 621
4 1341
5 481
4 201
5 1381
3 541
5 1741
1 1021
3 621
3 1901
3 1101
3 681
5 261
1 1161
5 1381
3 761
2 1681
3 901
4 1981
5 121
4 641
1 1021
1 1921
3 881
4 861
3 1041
3 1401
2 801
2 1821
1 301
5 1501
4 321
1 1581
2 1001
4 761
1 1601
4 1341
5 1921
5 541
3 581
1 321
5 1201
2 1241
4 1681
3 161
2 1481
5 21
3 1761
4 721
4 161
2 181
4 1361
2 1721
4 481
3 1121
4 1141
4 81
3 1901
2 1321
1 181
3 1981
2 1621
5 1541
3 101
5 641
5 741
1 1981
1 1461
5 801
2 521
5 1661
3 181
3 1361
5 561
4 1101
1 161
5 681
3 221
3 1161
4 1521
1 141
2 1501
2 1661
1 1321
2 1261
1 1881
5 1741
5 681
2 781
3 1481
4 781
1 1661
1 1541
4 1261
2 821
4 1481
1 1361
4 961
3 1481
2 261
1 1361
3 461
5 481
4 1601
2 961
3 1741
4 1781
1 1461
4 381
1 1121
3 1901
4 701
1 1221
3 1041
5 141
4 1041
4 201
1 701
1 581
4 561
5 241
4 801
1 701
5 761
2 1181
4 1241
2 301
2 1861
4 1001
3 461
4 1901
4 301
1 921
5 61
3 541
2 1321
3 381
1 1241
3 501
2 501
3 561
3 1881
2 761
4 241
1 481
5 261
3 221
3 761
3 1681
3 801
3 1541
4 1161
4 1321
1 1181
3 861
2 361
4 721
5 81
2 121
5 1741
5 921
5 1421
3 241
4 1701
2 1781
5 861
3 421
1 1961
3 1801
3 721
3 1781
3 1181
1 221
2 1
2 1021
4 461
1 1801
4 101
1 701
4 1481
5 41
2 321
3 961
4 1541
5 181
2 1581
1 1661
2 921
3 1
1 1801
2 681
3 1861
3 1021
4 1201
2 181
4 621
5 721
5 221
2 501
4 21
4 441
2 1761
1 881
5 1901
5 1921
2 21
5 981
1 1441
2 861
3 1201
1 641
4 1561
3 1401
2 961
1 261
4 581
5 1801
2 761
2 1761
2 321
4 1741
3 1181
1 301
1 1081
5 1181
4 381
3 1921
3 1441
5 1541
2 961
1 1521
5 1401
1 141
3 901
5 1081
4 141
4 321
2 521
4 1921
2 1941
4 541
4 1281
5 1861
2 661
4 1061
4 1801
4 1581
2 901
3 841
3 1501
5 1441
5 1721
3 381
4 1561
5 201
3 121
4 981
5 1801
5 1201
1 401
5 1321
5 981
1 1041
4 1
2 1821
3 721
1 821
2 1861
3 1001
3 1321
4 841
3 1561
1 1341
1 1241
5 961
2 501
3 1941
5 1241
1 1841
5 481
4 541
1 1541
2 881
1 1321
3 281
1 361
5 1681
5 641
4 361
5 1941
2 1641
3 1181
2 1141
4 1941
1 661
1 721
1 201
4 961
4 241
4 661
4 1101
1 1641
4 61
5 1561
3 961
4 221
1 141
5 1021
3 181
4 1281
1 1221
5 501
1 1781
3 521
1 761
2 941
4 1481
2 21
2 1981
3 181
4 61
2 1521
2 361
2 261
4 501
5 841
1 541
5 881
4 1161
1 1141
5 1241
3 1421
2 441
5 961
2 1921
1 1161
3 1761
3 661
4 81
2 961
2 1481
2 581
5 121
5 441
5 1321
4 981
1 1401
1 301
5 1661
3 781
2 1321
3 521
1 21
4 201
4 1841
3 1081
5 961
5 1581
4 1061
5 901
3 1341
2 41
5 1441
3 1901
5 481
5 441
3 1941
1 1281
1 1841
4 1881
4 181
3 101
1 1441
1 501
2 1581
3 121
1 1341
3 961
2 1061
5 1541
2 1121
4 421
1 661
2 1701
4 1241
3 1981
1 1041
2 1481
5 861
2 361
2 1821
1 1001
1 921
4 781
3 321
4 1261
5 1761
3 581
3 481
2 161
4 1741
2 621
3 81
5 221
4 921
2 1921
3 1
3 101
5 1421
4 1261
2 1421
4 1261
5 1981
1 1401
2 1901
1 1401
4 1821
3 521
3 761
2 61
5 1
2 1641
2 561
3 41
4 1181
2 1301
3 901
3 61
1 861
4 101
3 1161
1 81
3 981
2 1301
5 241
3 81
2 941
5 121
3 1881
1 1401
4 1481
2 1081
5 1761
3 1501
3 1501
3 1561
4 1941
5 1821
3 1121
4 841
1 1161
4 461
1 1781
3 981
3 401
2 281
2 1721
3 1461
3 101
5 1641
5 1141
5 1461
3 1981
3 1201
4 581
1 1001
3 421
4 1441
2 1521
1 401
5 1221
4 1301
4 821
1 61
4 221
2 1521
4 1661
4 1101
4 861
1 1981
4 1541
3 1561
5 541
3 21
5 321
1 981
1 1701
5 1041
4 181
4 161
2 341
3 1481
3 1401
4 1521
1 1061
2 521
4 1221
2 1581
1 1781
2 541
3 41
1 1381
1 1601
3 421
1 1041
5 1421
5 481
3 1681
2 1721
2 1201
4 1241
1 1881
4 361
3 341
5 641
2 1041
5 1681
2 1201
3 401
2 181
4 661
1 901
2 1841
5 1641
5 1941
1 1461
5 801
4 1141
3 1681
4 681
3 481
3 1761
1 901
5 1441
5 701
4 261
3 81
1 841
1 161
1 481
3 1841
5 641
2 1021
2 1241
2 521
1 1481
5 441
3 201
5 21
3 1421
2 1781
4 501
5 1941
2 1841
1 1381
1 481
4 681
2 581
5 1401
4 1981
1 341
3 161
4 161
3 41
3 1141
4 961
4 1121
1 821
4 1321
4 1281
1 1681
2 341
4 1181
3 281
3 781
3 361
2 1041
2 1341
3 281
2 1921
1 1121
5 581
3 41
4 521
2 1421
1 1461
4 961
4 661
4 661
2 701
5 161
3 1261
5 781
3 1441
5 661
2 1121
2 441
4 1901
2 1341
4 981
5 1641
2 401
2 1581
3 401
2 1921
1 1721
5 681
1 841
3 1041
5 1121
4 701
3 661
5 1041
5 241
2 1521
1 1001
1 1181
5 1841
1 1401
2 1561
4 1021
3 1921
3 421
1 1221
5 761
4 1221
4 1741
4 161
5 161
5 1961
1 421
1 1961
1 1341
1 861
4 421
3 841
5 1781
5 441
1 1101
3 1601
4 1001
1 1801
2 1281
3 1541
1 1161
4 81
3 681
1 901
1 721
4 1501
1 281
2 961
2 1621
2 741
3 301
2 201
4 321
5 741
2 1961
4 1661
5 1221
1 681
1 241
1 1641
1 1701
1 1841
1 361
3 1181
4 1841
4 661
2 1241
3 1161
4 361
3 1281
2 1201
5 921
2 221
3 1001
2 341
5 781
1 1841
3 1501
2 521
4 541
3 581
1 1441
2 1701
3 101
3 961
5 261
4 421
5 1981
4 1
4 1601
5 1081
5 1041
3 81
4 121
5 161
5 1321
3 321
4 821
5 201
5 1541
2 1281
2 1481
1 1541
1 1821
1 1981
3 1601
1 461
2 721
5 541
1 1961
3 901
3 461
3 921
2 981
1 921
3 1961
3 141
3 821
5 281
3 1421
5 1541
4 141
3 1941
5 461
5 281
2 981
4 921
1 401
3 1201
3 921
5 221
1 201
5 761
1 1421
3 921
4 1921
5 341
5 1801
2 741
4 21
3 1321
1 1501
1 1381
1 241
4 1941
4 1421
5 1421
5 1521
3 1121
5 141
1 1481
5 81
1 1221
2 661
3 1041
4 201
4 1501
2 1241
1 1501
4 1461
4 81
1 261
2 881
3 61
5 1301
5 1081
3 461
1 1381
2 1781
5 1641
2 1961
4 1801
5 821
1 1261
3 1381
3 1061
4 741
1 1281
5 1921
3 1501
2 941
3 1901
1 1921
4 1021
1 101
3 1361
1 821
5 1
3 921
3 461
1 641
1 1281
2 1061
2 961
2 1421
3 1161
5 121
1 1081
5 341
4 1061
5 961
3 301
3 1621
2 821
4 601
4 561
3 261
2 401
3 341
4 1981
2 1601
4 1681
1 1781
5 1101
3 1141
4 1801
2 1421
1 361
4 1021
3 1701
1 1841
3 621
4 141
1 1321
3 121
2 1981
4 1881
2 1581
1 761
3 941
5 1481
2 321
2 1861
3 681
4 1821
5 781
2 1621
3 1661
4 501
1 1661
1 121
5 1401
1 1601
3 1101
2 1821
5 1361
4 881
5 1961
1 601
4 1341
1 1901
4 1021
4 1181
1 1221
4 1061
2 1481
2 1861
1 1921
5 761
2 241
4 421
4 1961
4 1081
1 1541
4 1021
1 1501
2 1801
3 1381
3 281
1 501
5 101
5 181
5 1081
4 1301
4 601
5 1761
2 1481
2 821
3 321
5 661
2 741
3 1821
3 1481
4 1
1 1721
5 581
4 761
3 661
4 1981
1 421
5 1741
5 41
5 901
4 701
1 781
5 1961
2 1201
3 801
5 1941
4 1201
1 1621
5 301
2 1
5 581
3 1461
5 1841
5 1701
2 1661
1 641
1 1241
4 1361
1 561
3 721
1 1981
2 1481
5 621
3 561
5 1
3 1821
4 1761
4 741
1 1461
5 1341
5 1921
1 1341
3 1921
1 1
5 121
1 221
2 441
4 1761
5 641
4 501
1 1521
1 1861
4 981
5 261
2 1321
3 1861
3 1221
3 1721
2 1201
1 1841
5 1821
3 1261
5 341
3 1161
4 521
3 1741
3 1661
5 681
4 561
3 21
5 1281
2 481
4 881
4 341
1 1861
3 1461
3 161
2 601
4 201
2 1581
1 861
3 1381
3 801
4 1801
2 321
3 421
4 361
4 481
2 221
1 581
3 1681
2 261
5 321
5 1041
3 1421
2 141
3 501
4 1821
2 661
4 281
2 801
3 521
2 321
4 381
4 741
5 161
2 121
1 241
5 601
4 61
5 1561
2 61
5 561
2 981
5 1521
2 1241
2 1001
1 1741
4 1981
1 1281
3 781
2 1521
5 741
2 681
1 1181
3 1121
1 1181
2 1021
1 1241
5 1221
5 901
2 1581
4 221
3 461
5 281
4 1301
2 1381
5 1621
4 581
4 321
3 461
1 1001
5 1581
2 741
3 321
1 1101
3 261
2 361
5 141
4 961
4 1801
3 1941
5 1361
5 1861
4 181
4 1641
3 601
4 1921
3 1901
1 1421
1 621
3 1941
2 1661
2 1321
4 581
1 1
3 921
4 1941
1 1501
1 1081
2 641
2 1581
3 81
4 341
5 581
1 1461
5 181
1 1061
5 181
2 1881
1 1701
4 421
3 361
4 1381
1 241
5 1601
2 1301
5 581
2 1361
4 1661
3 1141
5 861
5 1921
5 381
4 581
3 1701
5 1501
2 1441
3 801
5 1221
3 461
5 1421
4 701
4 1641
2 1901
1 1141
1 341
1 341
1 1521
2 1561
1 741
5 881
3 1301
4 1361
4 741
1 1101
4 1041
5 1821
2 481
3 281
3 41
2 1221
4 561
2 481
3 1561
4 541
4 1381
5 1181
4 381
4 1921
5 741
4 181
5 741
5 1641
4 1181
5 1581
4 1501
4 1721
2 1181
3 1141
1 1221
4 201
3 361
1 921
3 1601
2 1721
2 861
1 301
1 101
5 681
3 401
1 1941
1 161
3 621
3 1381
4 1301
2 961
5 561
1 661
4 421
2 1941
4 1261
3 461
4 841
1 901
3 21
5 1341
2 1801
2 1941
5 1721
2 561
3 1181
5 201
1 461
3 1881
3 661
5 361
4 1241
3 481
1 381
3 1241
3 1821
3 1841
5 821
5 541
4 1501
1 861
1 1381
5 1441
2 1261
4 1141
4 261
4 1701
5 541
1 441
1 841
5 941
4 101
5 221
3 341
2 1221
3 1861
5 1761
3 1981
3 1661
1 641
5 381
5 1441
3 701
4 521
3 1421
4 1
1 941
4 681
4 1561
3 1001
5 1681
4 1221
5 701
1 981
1 801
1 181
3 281
4 441
2 221
3 941
2 441
2 381
5 1621
4 921
1 401
5 981
3 681
4 1801
5 41
3 1161
3 241
1 1721
4 281
3 701
2 1421
2 1501
3 1061
3 1501
1 261
4 141
4 921
2 201
4 801
2 1601
3 321
5 21
3 361
4 401
2 1881
1 1801
1 161
3 1041
4 1041
3 1761
5 1181
2 781
5 1001
2 1441
5 61
1 921
4 1241
4 1981
4 1901
2 1721
5 1341
3 361
3 681
2 1681
3 981
4 441
2 121
2 921
4 601
5 1461
1 141
2 481
5 901
5 621
3 1241
3 1681
1 1601
3 1481
4 1501
5 101
1 1801
4 821
1 1661
1 621
5 1181
5 1161
3 401
2 421
3 1821
3 881
2 1881
1 1661
4 1281
4 701
5 541
1 641
3 521
4 1621
1 161
3 921
5 541
1 261
4 1081
3 1861
2 61
3 841
1 1641
3 921
1 81
2 1021
2 281
1 321
3 861
5 641
3 1461
3 621
2 261
3 1061
3 821
1 1581
2 1681
1 1361
2 141
5 561
4 141
2 1821
5 961
1 1441
4 1141
3 1561
4 881
3 1261
1 561
5 1321
1 1821
4 1281
1 941
2 241
3 21
1 601
3 381
5 421
4 1441
4 1081
5 1421
2 1301
4 421
3 1581
5 481
5 1721
3 481
1 1521
5 1741
1 1701
5 141
1 1581
5 721
4 441
1 1681
3 1
5 541
1 461
3 161
1 361
1 981
3 101
3 1401
5 381
2 1681
1 1201
1 1321
4 1041
2 181
2 621
4 1861
4 1
5 1081
5 481
1 501
2 81
3 741
1 1401
4 1661
4 1001
1 801
4 661
5 1981
4 381
3 381
3 1141
1 781
4 361
3 641
2 1221
4 1961
4 101
2 1141
2 1681
5 261
4 21
5 1521
3 1301
3 1621
2 901
2 1021
5 1181
2 1781
3 1401
5 941
1 821
3 1781
3 1481
1 1621
5 801
4 541
1 1961
3 1
1 1661
1 841
3 981
1 1841
3 1541
3 441
1 1881
4 821
1 581
2 901
3 1461
1 1921
4 661
1 1541
1 1061
2 381
1 501
5 1581
1 521
5 1841
4 461
5 1501
1 1441
5 561
4 1141
5 1861
3 1741
1 821
4 101
5 1961
4 521
5 1901
1 381
4 1901
2 1781
4 1301
1 1761
2 1021
1 561
3 181
1 1281
1 221
5 601
3 421
4 1521
2 581
2 1281
5 1261
3 1101
2 261
4 321
1 81
2 1021
4 1721
1 61
2 321
2 1641
5 1121
4 121
2 761
4 501
3 741
3 1561
1 701
1 1901
5 561
5 1001
5 1121
4 621
3 361
5 1721
4 1301
1 521
2 1021
4 1721
4 1621
5 1401
1 1561
2 81
5 841
5 61
2 341
1 401
1 1381
1 821
5 981
5 661
2 161
2 861
1 441
5 501
3 401
1 801
3 1741
2 681
4 821
1 1521
5 1421
4 1081
3 841
3 641
4 1
3 21
2 1461
4 1921
5 41
3 1001
5 1641
5 941
2 361
3 381
3 761
2 761
1 821
4 721
3 1341
1 1541
1 861
2 1161
3 1141
5 381
3 1021
4 861
2 981
3 521
1 121
4 721
1 21
2 881
5 1421
5 1001
3 721
2 1041
5 1121
5 961
2 1941
1 561
2 761
3 181
1 1181
1 1641
4 441
4 461
5 761
2 1041
5 1261
3 1
5 221
5 1161
1 861
5 1661
5 1861
5 1001
1 721
1 681
3 1981
2 381
5 101
2 1561
1 621
5 1721
2 1061
1 241
4 1521
2 961
5 1881
1 1421
5 1921
5 941
5 1441
3 781
5 1141
2 561
3 121
5 1541
2 1561
1 1041
3 1261
1 581
1 21
2 621
3 101
3 901
3 61
1 1901
3 281
1 501
1 841
3 1521
2 521
5 721
5 1981
1 841
4 221
2 741
4 1781
4 1521
3 241
2 1581
5 1901
1 201
2 1301
2 1941
3 1
4 1801
4 1961
4 1481
2 621
2 541
3 701
1 561
5 881
5 1521
4 1801
2 1501
4 241
3 1561
5 41
2 1481
1 661
3 1861
2 1061
4 801
4 1661
2 1521
4 21
5 921
1 321
1 1681
5 941
3 961
1 1401
3 1801
1 1541
4 1561
2 181
1 1401
2 1021
2 741
4 61
4 1501
2 461
5 1661
3 941
3 1061
3 181
5 1901
3 1661
3 1221
1 1041
1 521
1 1681
3 141
4 281
4 161
4 1981
1 1541
2 1621
3 401
1 1121
4 81
1 1
3 821
2 1021
4 241
2 1141
5 1101
4 921
2 41
3 1641
5 1781
4 1441
3 1601
1 501
4 301
1 1541
2 1301
3 801
5 381
1 1641
4 1081
5 1741
5 241
3 1121
5 1141
1 901
1 261
3 1601
3 1521
1 1101
1 681
4 501
5 101
1 1721
5 1181
2 501
4 1781
1 861
4 101
2 201
3 1941
5 201
3 1181
4 281
5 1301
1 161
4 761
4 1001
2 1661
5 701
1 1741
3 341
5 1201
5 1561
3 901
1 1881
1 341
1 601
3 1801
1 201
3 781
5 1681
1 1181
2 301
3 561
4 361
2 1761
2 801
2 1221
4 1081
3 1281
5 1141
5 801
1 661
2 1
1 881
1 1721
4 41
1 1201
3 341
2 1561
3 921
2 261
4 361
5 61
1 841
1 1321
5 1041
5 21
1 1621
1 1981
4 521
4 1421
5 1201
3 381
2 1201
3 1141
2 1141
1 761
5 1081
5 21
5 301
4 1161
4 581
2 1321
2 281
1 621
2 701
3 21
4 481
1 821
4 1861
4 841
1 1141
4 481
1 601
3 1161
2 1281
5 1561
2 1361
4 1301
1 661
3 1741
4 1201
4 1741
2 1821
5 901
1 421
1 1641
1 1021
2 121
1 1441
4 1681
4 1861
1 41
1 61
4 781
2 1021
4 261
3 1361
5 941
4 701
1 221
3 1501
2 121
3 1001
4 1001
5 1281
2 1361
2 1461
1 501
5 1121
3 341
5 101
2 721
1 1901
5 1581
1 761
2 321
2 1181
2 1001
4 601
1 721
2 681
4 521
5 1061
5 1221
3 421
1 1761
5 1821
3 841
2 1221
2 981
4 1361
3 561
3 601
1 181
5 1761
1 1461
4 961
5 381
3 221
4 321
3 921
5 1741
5 901
5 241
4 121
4 1261
5 661
3 781
3 241
1 1121
3 1021
4 81
5 1041
2 1641
5 221
5 1861
5 1361
5 381
4 1621
5 601
3 841
2 1601
5 1761
4 761
4 1281
1 21
2 1341
5 1641
1 1761
2 381
3 1921
4 1341
5 1
2 1821
5 321
5 1381
4 1661
1 581
1 641
5 1141
2 1421
1 461
1 1861
3 381
4 741
4 1361
4 1901
3 941
1 1161
5 1
4 1481
5 121
1 961
5 1941
5 1921
2 361
1 201
5 821
2 1341
1 1541
4 1441
2 521
2 1041
5 341
1 161
4 1521
3 761
3 1281
3 481
3 1721
5 1941
3 61
2 561
4 281
4 401
3 341
4 1401
5 1361
4 1121
2 1021
4 661
2 841
5 1501
3 1441
4 1901
2 601
1 1601
4 881
5 1621
3 1821
1 1381
4 1981
3 1741
5 1401
4 1601
4 481
1 981
4 1321
3 421
4 661
2 881
5 1301
5 1681
5 1741
3 1421
4 1041
5 1021
3 621
3 1001
3 1
3 641
4 541
5 1001
3 481
3 101
3 661
5 681
3 401
5 1701
5 1341
2 1041
5 1841
2 621
4 1981
2 921
2 1981
3 1581
3 1121
5 1161
4 961
2 1
3 1441
5 1501
4 1341
1 1801
5 1241
2 1521
2 1061
5 1641
3 701
5 1381
2 1221
5 121
2 1081
3 641
5 1961
3 101
5 1961
3 1861
1 121
1 461
3 381
5 341
2 181
3 1261
4 801
4 321
2 121
3 901
4 1561
2 241
2 1961
4 1721
4 1401
2 941
2 41
4 1621
4 401
4 1321
4 1561
2 221
4 521
3 1941
5 881
1 1261
4 781
5 161
3 81
3 701
2 481
2 1921
1 1021
4 921
1 141
2 1441
4 981
5 441
2 1301
3 781
5 341
2 221
4 1121
4 961
2 1201
4 1681
1 621
4 1401
3 1661
4 681
3 881
5 1341
2 1481
5 1821
4 661
2 1721
1 961
4 1161
4 1681
2 661
4 81
2 301
3 261
2 1641
4 81
5 381
4 1081
4 441
5 21
3 1861
4 141
1 1921
5 281
4 1381
4 781
1 1381
2 1581
2 1781
1 681
1 1541
3 721
2 1641
5 1381
2 1881
2 601
1 1901
2 821
5 461
5 381
5 1181
1 1601
2 1741
3 841
4 1781
5 961
5 1581
3 1721
4 1841
1 521
1 781
1 521
2 721
5 741
5 1501
3 121
5 1241
3 1
5 1241
5 561
1 1981
2 481
4 1761
1 261
1 1801
1 1981
1 681
5 561
4 1801
5 1861
2 1461
5 281
4 1841
4 1661
2 1621
4 1521
2 1221
4 761
2 781
4 1121
3 1781
2 1581
2 1061
1 561
3 781
3 1641
3 1641
2 301
2 1341
3 1761
4 501
2 1701
1 741
1 1921
3 861
4 1121
5 361
3 621
4 1001
5 1541
3 701
2 1
2 1381
3 1861
2 801
2 1961
5 1501
1 1901
5 81
5 261
5 441
5 1061
2 361
2 1521
4 1341
4 1
1 1321
3 1101
2 501
1 581
5 1081
4 41
4 1101
5 1301
2 1681
2 1121
1 1581
3 1881
4 1701
5 541
2 1561
2 1061
3 541
3 81
4 1941
1 421
4 761
3 781
5 1361
5 1921
1 1721
3 861
5 581
1 1881
3 241
2 881
1 1601
4 381
3 1861
1 661
5 621
4 1881
3 441
5 401
2 441
4 681
4 301
3 661
2 361
2 561
2 221
5 1901
1 1061
2 941
5 1061
2 1521
1 1741
4 1821
4 681
1 901
1 1201
2 421
1 841
2 1621
2 1681
4 1701
1 1
2 621
3 341
5 1041
3 1361
3 161
5 761
4 941
3 861
3 821
3 141
5 641
5 521
5 1101
1 61
1 521
5 861
4 261
1 1041
3 921
1 1661
4 341
4 121
1 241
5 1581
1 421
1 1061
5 881
2 221
4 1141
2 201
4 1261
5 1561
2 1141
2 1041
1 1301
5 881
1 1161
5 901
2 1761
4 821
5 881
1 1601
4 1341
2 1321
1 1401
1 341
2 1801
2 281
5 1841
3 401
4 481
1 1621
3 761
1 1601
4 1441
3 281
2 1941
3 821
3 1201
2 1961
2 881
1 541
2 221
3 181
2 761
3 1741
2 261
3 1801
3 501
2 1481
1 181
1 1821
1 801
2 1281
5 1821
4 1061
1 81
5 221
2 101
2 681
1 1101
2 1661
3 901
3 621
5 1661
5 1321
1 501
1 421
4 741
3 561
3 641
2 1401
3 1281
5 1201
5 441
5 1421
2 781
2 861
5 601
3 461
5 861
2 741
2 1
5 1101
1 1061
1 1121
3 1581
5 841
2 221
5 181
3 341
5 1101
2 1101
5 1741
2 1481
4 1661
4 1561
4 561
4 1661
5 1401
5 341
3 1021
5 41
2 1441
5 1
5 201
1 1581
3 1781
2 1821
2 1441
3 1281
4 521
5 321
1 1321
3 1761
2 161
2 261
2 761
4 1461
1 41
4 1321
4 1061
4 1801
4 1601
3 81
2 801
5 1321
1 1341
2 1961
4 1301
1 1561
3 1181
2 661
1 1781
2 781
2 981
3 841
2 601
5 441
3 1701
5 1601
2 961
4 181
3 461
1 641
1 81
5 741
1 481
1 1401
1 1521
5 1541
3 941
2 1041
2 841
3 661
2 941
2 261
2 1821
5 461
5 281
4 1421
5 921
4 61
2 1481
4 821
2 1401
1 1361
2 1761
4 1481
4 1681
5 1901
2 1701
4 261
4 1081
3 661
3 1361
2 201
4 1921
2 401
5 1201
4 441
5 1821
4 1421
3 1241
4 141
1 301
5 721
4 1601
5 441
3 821
2 1961
4 361
3 1281
1 1301
1 41
4 1821
1 1181
2 981
2 1381
2 941
1 921
4 1981
3 841
4 1181
1 41
2 701
1 101
5 261
5 1781
2 1261
2 421
2 421
5 1561
5 1641
4 1701
3 761
1 1201
2 1841
4 1141
3 1621
1 1461
2 841
5 101
3 1681
4 1521
1 1321
2 1121
4 281
1 281
3 1181
5 101
2 1041
4 1761
4 641
4 1701
4 1161
1 1341
3 1001
3 1641
2 1021
3 1441
5 1
1 1461
3 621
4 921
1 261
3 1061
3 281
1 521
4 241
4 1701
3 181
2 181
4 1841
2 641
5 901
3 1041
3 901
2 1561
5 1701
5 1721
1 201
5 1461
5 1181
2 1281
2 381
1 981
3 541
1 1001
5 1261
3 1701
4 1741
1 1781
4 1221
5 581
5 841
1 241
5 1701
1 1661
2 1281
4 1561
1 1621
1 1021
1 621
3 1581
5 1981
4 141
4 601
1 1001
3 981
1 1721
3 961
5 1921
3 1521
3 881
5 701
1 1401
4 741
2 701
1 1721
4 621
4 1341
4 761
5 1121
5 1381
2 1241
1 461
3 1641
4 461
5 1541
1 1621
4 901
1 701
4 241
4 641
3 561
1 641
1 581
3 721
3 921
4 461
5 1601
5 821
3 901
5 41
1 1881
2 341
5 1941
1 361
4 1161
3 661
5 1101
1 521
1 921
3 1161
1 1441
4 1741
4 501
3 481
2 101
4 1541
1 1781
3 321
4 1841
1 1201
3 441
5 1941
4 1821
1 1841
3 541
5 201
2 1881
4 1361
4 1781
4 1201
4 1741
2 761
2 1801
4 1221
4 1281
5 241
5 241
5 21
5 221
4 1881
1 1081
1 1981
2 1781
4 1441
2 1001
3 861
4 1941
3 1101
2 61
4 801
3 1041
5 1101
3 1361
2 781
2 1121
3 501
4 641
1 681
3 861
5 1821
3 961
2 1621
4 1281
4 201
3 1581
2 141
1 1561
5 101
4 21
4 1601
2 321
1 1221
3 1161
4 601
2 541
5 21
5 361
1 681
2 1241
1 1801
4 1681
3 1981
1 981
2 1141
1 1701
4 1381
5 1641
5 781
3 321
5 1241
5 221
2 1621
3 1941
3 261
4 1901
3 801
4 1001
4 61
3 881
4 421
5 661
5 1061
2 241
1 1641
1 1841
2 521
1 821
3 1261
3 281
1 1881
5 1781
4 1841
2 1961
5 721
5 361
5 61
3 621
3 641
3 1121
1 1101
3 141
5 1141
5 1621
5 341
4 1301
2 1681
4 141
4 441
2 821
2 1061
2 901
3 21
2 1061
5 921
4 641
1 501
2 1901
1 861
5 1321
3 81
2 941
5 1201
2 461
5 1201
4 1101
5 1941
4 1461
1 1361
1 61
3 1161
3 981
1 1281
2 841
1 361
1 841
4 61
1 1
4 161
2 1461
2 1081
5 1101
2 1421
1 701
4 1701
3 1821
1 1521
4 41
2 901
5 1201
3 581
4 681
3 841
5 1821
1 381
1 521
1 581
2 1021
5 21
3 1241
5 1441
5 881
4 581
3 641
5 1561
2 1481
3 21
2 1821
3 1401
2 301
3 1141
5 1961
4 541
3 1
5 541
1 601
2 1261
4 1361
3 1161
4 1381
5 881
3 1601
3 301
1 241
4 1341
5 1301
4 1181
5 741
3 701
1 1861
5 1021
3 1861
2 761
1 1921
3 761
4 1801
3 1761
5 1561
2 721
3 101
5 1121
2 1221
3 1921
1 321
4 1741
3 1261
4 261
4 1621
4 1541
5 381
5 1741
1 1461
4 1201
4 361
2 1701
5 181
1 1841
5 801
4 581
2 261
4 701
5 1241
3 1381
5 1381
5 1301
2 721
5 801
2 741
2 361
5 941
5 1161
5 1761
1 1
5 401
5 1241
5 481
5 1161
3 1621
1 1761
5 961
4 1301
1 1181
2 121
5 1001
5 1641
3 321
2 1381
1 981
4 81
1 621
5 21
4 621
1 721
3 1321
3 981
2 341
1 1081
1 221
1 1781
3 941
2 1721
5 1541
2 341
1 1241
5 801
2 801
4 1641
3 21
3 1501
3 1481
5 461
2 1941
3 401
4 601
3 1741
3 201
4 1141
4 1041
2 1281
1 1221
5 681
3 1261
4 1521
3 141
5 1821
4 1101
2 21
4 1801
4 821
1 1941
2 1581
5 1301
4 1481
3 881
3 881
1 641
5 821
3 1901
4 1781
2 1861
4 1061
5 1961
2 1841
5 521
1 1701
5 41
3 321
2 1861
1 1881
5 341
2 1401
5 581
3 161
3 1581
4 1161
4 1261
4 841
2 1721
2 1881
3 1521
1 1661
5 601
1 321
1 261
2 461
1 881
3 1721
2 221
5 1581
3 541
3 1261
1 481
1 881
4 1501
5 1121
3 1881
3 1401
5 381
3 581
3 621
2 741
1 1221
5 561
1 601
1 1361
4 1941
3 1821
2 401
2 1041
4 1221
5 1681
5 1661
5 421
2 1601
1 1321
4 461
5 1561
3 1061
5 1561
3 1941
5 61
4 1961
3 681
2 481
1 721
4 1401
3 861
1 461
2 821
2 61
2 681
1 121
1 1221
3 1301
1 201
2 1541
1 1621
1 81
1 1821
1 941
2 1721
4 1761
2 61
2 881
2 1461
5 1481
5 861
5 61
5 1581
3 1421
1 1361
5 1881
2 801
1 521
4 1841
2 301
5 61
4 161
4 1361
3 1301
5 1101
2 1421
3 441
5 1781
4 581
3 41
2 1061
4 1181
5 1161
2 1061
4 1661
5 701
2 1861
3 1901
1 1521
5 721
5 721
2 541
5 721
1 1381
3 961
1 881
4 1261
3 781
2 201
3 1241
3 1201
5 941
1 681
3 1881
1 1021
1 1121
3 741
4 821
4 1861
5 541
3 521
1 1981
2 1041
3 1741
2 1261
3 1841
3 841
2 1261
3 1361
3 441
5 1341
4 841
4 961
5 861
3 1801
3 501
3 1201
4 301
4 1261
3 1521
3 1921
5 1221
2 1021
4 101
1 1241
1 1041
5 161
5 41
2 1081
2 881
2 41
5 961
3 1161
5 1581
1 1401
2 401
1 1261
1 501
1 1901
5 1041
3 421
3 41
3 621
5 1041
5 1061
1 1721
1 701
5 1281
2 1221
1 341
5 681
2 1441
5 1421
1 881
5 221
1 1341
3 541
3 1541
1 701
5 221
4 861
3 1581
2 1481
5 821
3 1101
1 401
2 841
4 1101
5 1481
1 161
2 1701
2 1781
4 1461
2 1281
1 1081
5 1781
3 1941
1 1541
4 1841
1 1261
3 441
4 381
5 1201
5 101
4 1501
4 1781
4 1401
2 1441
1 1361
4 1521
3 1341
1 801
4 901
2 561
3 781
2 621
3 841
1 821
5 1061
1 1261
4 1721
5 1721
2 501
2 1661
1 1161
4 101
2 581
2 1841
4 1821
3 1781
5 1381
1 1701
3 1301
1 921
1 1241
1 41
3 1501
4 1101
5 1681
2 501
2 1361
4 1341
1 1421
1 801
3 1161
4 781
4 1061
2 281
3 781
5 1681
4 601
5 601
3 1401
3 1901
4 441
4 1741
2 1741
1 1621
1 1661
5 1361
4 1161
2 301
4 1901
2 61
3 1281
3 1801
2 1
5 1841
2 321
3 301
3 1761
5 281
5 1741
1 661
3 1881
4 141
5 701
2 821
5 1181
4 1721
5 81
5 161
4 1081
3 1221
3 1
3 541
3 1801
5 761
2 921
2 1281
2 301
2 1741
3 41
3 421
2 601
4 401
3 1101
1 301
2 181
5 841
4 581
5 721
1 521
4 1001
4 161
5 1641
2 1521
4 1161
5 441
2 1221
3 481
5 1441
4 1881
5 281
3 221
1 621
3 1481
4 1561
1 821
1 1561
3 961
2 801
4 1361
2 1121
1 41
2 41
4 521
4 601
4 1241
3 1501
5 1441
4 261
2 381
1 1901
5 1301
2 901
4 1221
4 941
1 1081
5 1261
1 541
1 221
3 1001
4 621
4 21
2 1001
3 1761
4 1001
1 501
3 1421
4 281
2 181
3 641
3 801
2 1381
2 561
5 801
2 801
1 1961
4 301
5 541
2 921
2 61
4 81
2 441
3 81
3 1721
2 1581
5 1901
4 1661
4 1321
5 841
5 1261
3 1021
5 1461
3 1401
3 1241
4 141
5 721
1 61
4 361
3 921
5 1401
4 1861
2 1361
3 601
4 1
5 1541
4 1881
5 401
3 981
1 641
3 921
1 141
5 781
3 1701
5 1841
2 1721
2 481
1 701
4 1101
2 1861
1 681
4 901
2 681
1 801
4 961
4 1141
3 1861
3 781
