5000 1000000
2 50851
5 61251
4 42851
3 75151
2 8451
2 63501
5 46951
5 51001
4 63001
5 65401
4 16251
3 64051
1 76351
5 10001
2 69501
3 9401
5 58151
1 34551
4 17251
3 46101
2 32351
4 19951
5 36301
3 62401
5 29501
3 26301
1 74301
4 60151
2 29601
5 5701
4 70601
3 6601
5 35651
4 58551
3 79001
3 75051
3 33301
3 37601
1 24401
4 17901
4 27901
5 56651
5 75201
1 12701
2 69951
1 74951
2 70401
1 80851
5 30751
5 42651
4 11451
2 75951
2 12651
1 62451
1 42401
5 74301
4 12501
3 81901
4 41251
5 55001
5 68851
2 45701
2 42801
4 67151
2 76801
4 70051
1 82151
3 23901
5 23751
2 75751
2 50501
2 27301
3 59451
2 79801
1 55801
1 52601
2 46701
2 59201
3 15501
2 83051
2 52101
2 59601
2 82251
3 32501
5 7801
5 65501
1 63601
1 34801
2 42801
1 33551
1 50551
5 7451
3 51301
1 45701
1 41401
1 51351
2 1601
1 33951
2 28651
1 38051
1 12501
4 8551
5 17501
4 36751
1 76101
5 27201
4 38551
2 43801
3 75551
4 56201
4 36251
5 12801
2 63801
5 63301
1 18451
5 57351
4 30451
4 1351
4 31751
5 30051
3 60851
4 45551
3 42101
2 3601
4 40251
1 76901
1 52801
3 63251
4 57301
4 29151
4 52451
2 53301
3 20551
1 64351
1 65601
4 73701
5 48601
5 78051
2 36801
1 20551
4 60251
4 64301
1 69351
4 64101
3 73951
2 54651
4 9351
3 19801
3 67951
3 77051
5 46551
5 27951
1 82251
2 61301
5 7951
2 17601
4 54051
1 59851
3 60551
1 7451
3 52201
5 78901
2 15051
4 13351
1 7201
4 66651
1 75251
1 6751
5 25401
2 10701
4 32101
3 101
5 76051
5 15751
1 27601
1 66651
2 57351
2 8701
1 9601
3 69601
5 52051
5 48501
1 70551
3 31651
1 31001
1 19901
1 17051
2 61551
2 35251
3 43501
4 71701
1 76201
1 65751
2 72801
5 48201
1 42351
3 63351
3 59301
2 44451
2 16151
3 2451
2 12301
2 19951
1 28851
4 68151
1 22901
1 25651
3 76601
2 59001
5 22201
1 21851
3 53501
2 12051
4 27701
2 35901
2 20051
1 5901
4 18001
2 42901
5 34601
2 26151
2 38051
1 72501
5 83151
2 66601
1 2251
5 14701
3 27351
4 66801
4 26451
3 35651
4 78601
4 31101
3 21851
2 62901
3 36001
4 43451
4 55201
4 19901
2 67251
3 73251
5 45401
4 57401
4 19051
5 13801
2 34351
2 4151
4 71801
4 6601
4 69001
5 22251
5 8701
2 51751
5 60301
5 34001
1 37201
1 38601
2 36451
1 67451
5 4401
2 50351
2 74901
4 21151
5 38251
4 68151
5 73501
4 25501
5 68001
2 74451
2 5801
1 44251
5 27801
2 4351
3 30851
5 72601
3 18351
4 34501
2 36001
4 55601
2 55101
4 61901
1 40451
1 70951
2 5451
1 42551
5 66051
2 63351
3 7351
2 551
2 50751
3 13651
4 61851
3 75251
4 9301
2 58201
2 12151
3 5751
1 51551
2 54801
5 18401
4 60451
5 42701
5 11001
5 29051
5 69851
2 48051
1 14151
1 45751
2 201
2 14301
2 3101
3 68301
4 68351
1 56101
5 13501
3 52151
5 28401
3 10351
3 75251
2 65851
4 851
4 65351
4 59601
2 75401
5 40001
5 43151
1 46701
5 28351
4 47551
1 26051
3 2051
4 8951
3 53401
4 83001
3 42001
5 5101
1 68301
1 10701
1 77801
5 75501
5 39851
2 13401
2 3301
4 28151
2 901
3 28001
3 29651
5 79301
1 74251
3 58701
3 74901
5 77851
2 59401
3 33401
4 71801
1 32751
5 49801
4 24451
3 23151
5 73651
1 78251
4 40651
3 59101
3 23501
5 70301
4 56701
5 31501
2 48351
2 65951
1 5001
5 81501
4 8401
1 39051
3 15801
2 37101
1 3701
5 16501
2 82151
2 20701
4 30451
3 9801
3 80551
3 5401
4 20601
1 65251
3 76551
2 62901
2 77751
3 72401
5 21901
5 43251
4 80651
4 62701
5 12101
1 15951
3 5851
3 55251
3 54401
1 35701
1 56101
1 59651
3 72001
2 68301
5 9201
2 30201
1 58951
3 5701
4 74551
5 73701
3 74051
1 48301
1 45501
5 3351
4 52851
1 54801
2 71851
3 4301
3 58751
4 6501
3 45351
1 29801
1 70001
3 57451
4 78601
3 81601
3 26301
4 66201
5 45351
5 41451
5 22501
4 39151
3 17251
4 70301
4 29751
2 28701
1 38551
3 27551
1 6951
3 16901
4 42851
1 20201
1 6401
1 8451
3 17401
3 18551
2 13801
4 50101
2 64451
3 26051
2 24851
2 59501
4 8301
4 10451
1 18801
4 50051
1 57251
1 81601
4 31951
3 49351
4 52151
3 82551
5 27751
1 49251
4 47451
3 41351
3 30601
1 64951
5 49301
4 10051
4 24501
5 78151
5 16401
2 62801
3 43201
1 76501
1 1151
4 62801
5 46701
1 20001
4 9651
2 63151
5 67501
2 1951
3 9251
3 9401
1 39151
4 49751
2 34001
1 78201
4 55751
5 33001
4 29701
1 4651
3 43401
1 60951
2 17501
4 79901
3 22301
5 78551
2 72251
3 48151
5 38601
2 9051
2 8501
3 37751
4 1751
4 78801
5 40151
5 54851
3 66801
1 12951
1 40901
1 72301
4 4651
4 66751
3 19051
1 16401
5 44751
4 73001
2 21251
5 51201
1 77851
4 5701
1 43301
4 60851
2 35301
3 23451
3 69901
5 82301
1 22451
2 71951
4 65101
5 4401
3 64801
1 72201
1 73101
3 48101
1 21051
2 59151
5 43701
2 80801
1 56801
2 37501
1 16201
1 20301
4 27351
4 3701
5 58351
5 38201
5 35451
5 19651
3 12301
1 57551
3 36001
4 22351
2 61051
3 3401
3 72851
1 74501
2 10751
2 13701
3 28251
4 33551
4 55901
5 58251
5 3101
2 19851
3 76951
2 49901
5 4101
4 64701
4 601
1 65901
2 80601
5 83101
5 50451
5 76401
1 23701
5 451
2 36451
1 251
1 67801
5 70351
1 30501
3 26351
1 11451
2 10951
4 30251
2 7501
4 74851
5 56601
5 73451
4 15101
2 6101
3 14751
3 52401
3 22351
4 51401
1 11151
4 18801
2 16801
1 44101
5 751
3 59901
2 53651
5 45851
3 8151
3 62801
5 67751
5 22801
1 56851
2 80301
5 34901
3 72501
5 83251
2 46301
5 62301
4 52951
5 2501
1 21851
3 39801
3 37051
2 25051
1 68551
4 46801
3 75101
3 51251
4 65351
4 55751
2 8151
2 76351
1 11051
1 39001
3 67751
4 28551
3 53201
1 24501
4 26651
1 43001
2 6451
3 38351
4 43451
1 3451
3 11801
1 77801
4 43751
4 16351
4 46501
2 24201
4 30701
5 41151
2 58101
5 56251
3 60101
4 11601
2 49351
5 22101
3 78351
3 57201
5 54151
3 24101
5 351
1 79251
3 55651
4 59151
4 78951
4 26551
4 69851
3 68651
1 73601
3 73401
5 71451
4 47601
5 66051
4 23151
2 76051
3 9551
2 47451
5 44051
3 47601
1 62701
2 63651
5 53101
5 6851
1 81251
4 37751
3 66001
4 52051
4 31901
3 75401
5 59301
4 2201
5 6751
3 9901
4 60251
1 55351
1 82551
4 71401
5 12201
2 70751
1 33351
5 74351
5 71801
5 7601
3 43801
1 35351
4 70201
4 81651
1 44101
1 53001
3 44251
3 1
3 25751
3 64851
4 20251
3 24801
4 8001
4 62301
5 52301
4 55051
2 31501
2 66901
2 17701
4 1051
3 56851
5 6201
3 2101
4 43051
2 11201
4 67951
3 33151
5 651
2 24101
3 64301
4 35951
2 65851
3 69151
5 74701
3 66551
1 12801
5 59651
5 56451
3 21951
1 68101
5 77551
1 66851
4 58301
4 79301
3 57551
2 40351
1 23701
1 70001
5 34051
2 23351
2 64151
2 6251
4 22001
5 23801
2 61051
1 55851
5 23551
2 71901
3 9451
2 73401
5 18301
4 59251
5 18401
4 81251
5 82201
2 20451
2 27951
4 1001
4 62301
2 20951
1 7601
3 12751
4 35201
1 14201
2 79701
3 21401
3 64551
4 47901
5 76251
5 75651
4 30551
1 58501
3 8101
1 37851
3 63801
1 60251
4 55701
3 35301
5 54251
4 35601
5 4601
2 12951
2 54451
1 101
3 40601
1 50951
1 81951
5 45151
2 71351
4 53251
3 44401
2 34801
4 21801
4 53251
5 7451
3 42451
3 2551
2 65851
4 63001
1 10501
1 47601
3 1551
4 61551
2 8751
5 9501
4 75351
5 24701
5 25551
1 36201
2 56801
1 6151
5 43251
4 58201
3 81351
1 451
2 43001
3 44901
2 31301
4 27101
5 28901
4 55451
3 15551
2 31801
5 33451
2 24801
1 27651
1 34851
5 75201
5 44551
2 34401
3 48801
1 3751
5 45951
2 54751
5 14601
2 23001
3 46801
1 23651
1 57901
1 20851
1 79551
3 74801
5 37451
3 3851
1 18001
1 15751
3 25451
1 65401
5 71301
4 15401
5 30851
5 50451
3 10651
1 47801
5 17401
3 81701
3 7751
1 44551
4 47151
4 74851
1 18851
4 61451
5 40351
2 59751
1 3651
5 68651
4 73951
3 64701
2 14551
5 73301
1 36301
5 25701
3 43801
4 11901
5 26501
5 81601
3 80901
3 41301
5 31351
5 66151
5 12451
1 33151
1 47201
2 59351
4 82001
4 25401
4 66551
4 22801
5 66851
2 65651
2 73051
5 12601
4 34301
4 6551
3 11901
4 38101
4 5351
2 7701
4 19501
3 58601
1 4951
2 33551
3 51401
3 2901
4 38251
2 36601
2 17701
3 70601
2 80101
1 21801
2 22651
4 71851
4 55901
3 36401
1 25251
2 81501
3 81001
4 20401
2 67551
5 21651
2 80801
1 43601
1 65151
4 80501
2 78501
4 30401
4 61501
1 10301
3 56051
2 46201
1 68451
2 14401
1 43151
1 19351
1 15701
1 56601
5 1651
4 11751
4 19401
2 59551
1 20951
5 40101
3 51451
1 69701
1 52201
1 15901
1 50201
4 42051
1 81551
4 73351
3 35001
5 69351
2 36901
1 63451
3 82451
4 69301
5 69051
1 38401
3 20101
2 16151
5 77001
4 72251
5 8851
2 51
3 57801
4 14951
4 52751
5 35801
1 6501
2 40251
1 67751
5 74451
3 77351
1 201
4 61251
3 5351
1 60201
1 30151
3 66151
1 39251
2 16701
1 66301
2 79951
2 53051
1 50401
1 75801
2 12001
3 43701
1 82401
4 44651
1 44201
4 23751
1 50301
3 55701
4 69401
3 47851
3 1301
3 45551
3 29001
5 4001
5 69101
4 37251
4 46251
2 75501
1 39851
1 40751
2 82301
3 65751
2 19851
2 58351
5 53501
2 41951
4 65101
4 13101
1 10501
3 22201
2 48751
2 16501
3 51801
2 17051
2 23851
2 44201
1 52351
4 82051
2 41301
1 47401
2 16851
5 20651
3 44001
4 38351
2 79201
5 57201
3 63051
2 78801
2 71151
4 21801
3 25751
5 76501
2 15301
4 79201
1 75301
4 71001
4 30651
2 29351
2 40401
3 13551
4 37901
5 54451
2 69651
1 32001
5 32951
1 74201
3 74751
3 21951
4 44351
5 58001
5 47001
5 52251
4 28951
3 9851
5 39351
4 22151
5 2001
4 36551
1 49501
5 50351
3 31751
2 64501
1 61251
3 63951
3 81801
4 76151
1 28751
2 34601
5 2401
3 28851
2 70551
2 53851
3 40101
4 16801
3 80401
1 46351
4 25501
2 851
4 18351
4 4501
1 4551
5 45301
4 32451
5 58851
4 60701
5 12551
3 6201
4 81451
3 16501
2 5751
3 69101
3 42251
4 4801
5 43351
3 62751
3 19101
1 23851
1 3251
5 77351
2 34951
4 32001
4 9951
1 78301
2 60151
1 69201
4 33151
4 66451
5 66951
3 83101
5 73501
4 33701
5 42401
2 43851
1 46801
1 30351
1 66951
1 47251
1 67651
3 30501
5 72151
3 51401
2 4801
5 23351
2 28101
1 74401
4 81001
5 72351
2 2951
5 36951
5 34301
2 81951
2 66451
4 78451
2 49351
3 26851
2 31851
5 70801
4 61651
3 36101
5 41751
1 36151
4 41851
4 35501
1 43351
1 76851
5 73651
1 74101
1 29251
5 4051
5 54351
1 31701
3 39501
4 49551
1 64751
5 24901
5 72351
5 61601
3 19451
1 7251
4 39901
2 21451
2 68551
1 72151
4 52401
2 44651
5 11651
3 9951
4 5651
1 40701
3 71001
2 28751
2 12101
4 65551
1 73401
4 49401
3 27151
3 59201
3 39101
2 54451
4 58701
3 62101
3 37101
4 74001
4 35551
5 38901
1 55001
2 28351
3 39551
1 50801
3 56201
3 22551
1 6001
1 16301
3 74051
4 71151
3 68251
2 10201
4 77151
3 2401
4 63851
3 8301
3 12901
1 70401
1 35651
5 27251
5 68001
2 29401
1 77251
2 30901
1 40351
1 20151
4 27901
5 47951
3 34501
3 19751
3 30701
4 25001
1 42151
1 9451
5 9501
4 16351
2 68451
5 32701
5 56701
4 38751
4 16051
5 22451
4 66751
2 43101
4 73851
3 73901
5 63151
5 63501
1 51901
2 5201
3 20951
2 35451
2 60801
5 33751
4 72901
1 75851
4 6451
1 73451
5 29601
1 22401
4 68901
4 9751
5 65451
1 34101
1 23501
3 7851
2 78001
4 16051
1 54651
1 50601
3 15251
4 22551
1 47051
3 75151
4 48151
5 56401
4 2001
3 75901
5 25751
3 81351
3 38151
5 23001
5 66501
5 50051
4 67001
2 64001
2 78401
4 26651
3 24351
1 78701
1 64701
5 62051
1 70151
5 50051
1 48651
1 11901
5 51951
5 80401
4 14701
5 50901
2 2051
1 13301
5 7201
5 66351
3 38701
4 31451
4 32851
2 16551
3 28751
4 81251
2 65701
5 56951
5 80201
2 30751
3 58551
4 77751
5 22851
2 71451
5 28501
5 72051
5 41101
5 27001
4 45501
3 16451
2 61351
5 62001
3 40051
3 34151
3 38751
1 37501
2 71051
3 62501
4 21001
2 25701
2 53051
3 41051
1 39101
2 13451
2 8651
1 35151
2 50501
2 63701
3 42451
1 6051
2 25101
4 58401
2 44101
5 64851
2 35101
2 3151
1 74401
3 37351
2 81351
3 59701
1 47051
5 51601
1 9151
2 9101
3 5351
2 6101
3 35801
1 1051
2 19701
2 6751
5 9551
1 2801
4 43751
3 6151
5 81401
1 79751
2 43051
5 26301
2 41051
4 75051
1 57851
4 10401
4 36201
5 2851
5 59051
5 49751
5 37201
2 12551
2 25301
5 1401
4 59801
2 8951
1 75451
5 27701
5 48001
3 73801
1 7801
3 5551
1 26951
1 29301
3 5551
5 45101
5 43401
4 38651
1 51151
2 54101
3 57851
3 61101
3 82251
3 59101
5 2451
5 9151
1 69801
1 30001
3 72451
1 50701
2 10151
3 60901
1 25851
4 44051
2 22151
3 53701
1 9901
2 4851
3 1151
4 26051
1 8101
1 19801
3 50151
5 54701
1 71551
3 14551
2 41801
5 35851
1 50551
3 30351
4 21601
2 37501
1 47351
3 20801
4 1701
2 78851
3 44401
4 63751
1 16901
2 19601
1 66151
2 65201
3 17451
5 40851
4 46101
4 53201
1 43001
2 37851
1 40801
2 67501
4 59401
2 36051
3 44151
5 57501
1 81701
1 79401
1 31001
4 11701
2 41751
2 77301
4 37651
1 2751
5 51501
4 5851
3 2551
1 38851
5 68951
1 21301
1 4101
3 79601
3 71651
2 32851
2 76801
3 8351
5 10751
5 39201
3 50851
2 71351
5 54101
5 75001
4 36601
2 68651
1 48751
4 61401
4 22951
4 18701
4 52701
5 31851
2 2001
1 64801
5 9851
4 62501
2 30601
5 32801
5 21501
5 2451
5 13451
5 58201
3 40101
3 50951
5 401
3 6201
5 78801
3 37751
5 37951
5 42601
5 75751
5 26751
1 57051
1 29501
5 6001
1 82601
5 20201
1 70251
3 61651
4 17101
3 21901
3 54501
2 38951
2 69951
5 51551
3 73551
2 78451
4 64001
3 18301
2 66851
4 44601
4 28851
4 28401
5 30351
5 71201
3 26951
3 56551
5 62601
5 4901
4 45951
3 51701
4 71001
3 13201
4 65901
4 63901
3 40501
4 4651
2 27801
1 15751
4 46401
2 47901
5 23301
5 46201
3 1201
3 72251
3 22201
2 74751
5 25151
1 28701
4 73951
2 48951
2 10301
3 3351
2 42751
2 25801
5 72401
1 68501
1 47151
1 15301
5 72101
3 66701
3 65601
1 25301
5 701
5 24251
1 17651
2 70501
2 28651
2 18651
1 34001
2 29201
4 53351
4 77301
3 44951
3 1551
3 79201
5 43501
4 8101
4 41151
3 2751
3 58501
4 31301
1 1901
2 5151
4 32601
3 55651
1 40051
1 14251
1 48001
1 45151
3 57651
4 46001
4 17051
5 1351
2 27051
1 26201
1 71501
1 27651
2 10551
2 19101
5 67201
2 58501
5 73351
3 22051
1 31151
5 81101
2 82951
1 77551
2 14801
4 49001
2 74601
3 20251
1 67651
2 11051
1 51351
1 45801
1 7301
1 49851
5 47451
1 10701
1 30001
1 21401
5 8601
2 58051
3 7001
2 27401
5 51301
2 45001
5 32151
3 81951
2 45601
1 12201
3 78501
3 38151
3 81851
5 31501
5 60501
4 52951
3 22751
5 47251
4 78401
2 74251
4 8651
1 48601
5 64651
5 26601
4 12201
2 16351
5 82401
4 1251
5 18701
2 78651
2 79351
5 67401
3 13201
2 36651
3 19251
4 24601
2 22751
1 65651
2 53501
3 1651
5 67601
3 58801
3 4051
4 69201
5 601
2 23101
3 73101
3 7501
3 36651
4 52451
2 34451
5 16751
4 19351
1 76001
1 77801
3 17651
2 25351
4 8801
1 21551
4 68201
1 2301
2 15901
5 41701
2 32601
4 901
3 12401
4 26851
5 10801
1 24001
2 66101
3 81151
3 40201
5 53351
4 38651
4 38251
3 77651
1 34051
4 49501
1 6401
5 25801
2 22951
5 28201
2 62001
2 83051
5 42451
5 72051
2 10101
4 80351
4 72851
5 50351
1 36101
3 1401
4 3951
1 37801
3 60051
3 53601
2 1601
4 23851
4 32351
5 26651
5 53301
2 11551
3 9951
1 48751
3 47501
2 301
5 59451
2 43401
2 15851
3 17201
2 12451
4 36051
5 10651
3 19501
4 39501
2 48351
3 47751
2 2651
5 66501
2 18901
3 74751
2 46301
5 50901
1 7001
5 30301
3 69501
1 43851
1 77301
5 79051
3 53451
1 51651
3 32451
5 72801
4 26551
4 80451
1 35301
1 29351
1 77001
1 50651
3 63451
5 37651
5 75651
1 82651
4 18251
1 25051
5 42751
5 63451
2 21701
1 4201
1 6551
1 2601
5 39701
5 51801
4 62351
4 53451
4 26601
3 74101
2 14751
2 8801
2 15001
1 12351
5 7051
3 69601
2 31251
5 64501
2 73001
4 2151
1 41601
1 17551
4 72651
4 4951
1 22601
5 82551
1 19651
3 61401
1 17951
3 26351
1 5001
5 55351
2 30251
2 10101
1 76951
3 34101
4 13651
4 64451
1 60201
3 70901
3 3201
5 78401
2 50651
4 43301
5 80251
4 56751
1 69651
4 12851
5 78051
4 4451
5 49401
3 50751
3 10901
4 54901
2 11951
4 62601
4 49601
3 24501
1 22301
2 59501
3 53001
4 14651
2 29051
5 13551
5 82851
1 79251
4 47751
2 33901
1 36651
1 43951
3 11351
2 32651
4 40501
2 66751
4 76901
5 82001
4 63951
1 21001
2 13901
2 25701
1 46451
4 21251
3 16251
3 28001
1 7301
3 32401
5 76751
1 43501
3 18101
4 83101
4 30201
1 71651
5 51951
1 62151
1 21501
2 3901
1 42901
1 5201
5 27301
2 60751
1 8151
3 151
5 46451
3 3701
1 51751
4 11101
1 69801
5 12801
4 55251
3 56451
5 46651
5 51451
3 37601
4 67551
3 3951
4 41451
3 1351
2 29851
2 67151
3 31601
5 37951
2 82201
1 56201
3 1401
3 38901
2 44001
3 67251
1 18151
2 82601
1 11051
1 81551
4 47301
2 81301
5 41551
4 58901
2 8251
4 11551
3 75951
1 8451
1 44251
5 13001
4 55451
4 41551
4 951
3 46851
5 77951
1 57601
2 44301
2 4301
1 56901
2 14101
5 57951
2 39451
4 50701
1 37301
5 16951
5 80201
1 64251
3 25151
1 74551
2 49151
5 18101
3 81051
5 64951
3 35751
1 20201
4 24001
3 4751
2 58901
5 15401
5 45901
3 49951
3 69401
4 31951
2 78501
1 82901
1 2901
3 35501
5 60501
1 61951
5 36151
3 39451
1 46751
3 42001
3 78851
4 70851
4 82151
1 63201
4 48301
4 62501
1 54151
1 51451
1 66201
1 42751
2 71101
1 44351
2 10151
3 28451
3 3801
3 42951
4 59751
3 43101
1 14101
3 30801
4 65801
3 72101
1 49601
2 23551
3 14351
1 77051
3 13301
4 28651
3 17151
5 101
2 1851
4 24751
1 63901
5 26001
3 42301
2 48551
5 44851
4 73001
2 25601
2 15301
3 19851
1 54701
3 80101
1 24801
1 68101
2 33601
4 23251
4 29651
3 30651
3 81301
3 76251
3 7101
4 54951
2 72101
5 24651
2 20301
1 2651
2 75801
4 8901
1 18101
3 10551
4 1051
2 46551
3 74151
4 39301
4 24301
2 64151
2 15351
4 6351
4 52301
1 66251
2 70801
3 24101
4 57001
5 34701
5 38001
1 27201
5 82051
2 10301
1 59051
5 17101
3 57801
3 14901
4 73851
4 8051
1 48451
2 57701
3 54801
4 68951
4 23401
5 83151
5 26201
4 3051
3 17001
2 31151
4 80651
2 40001
2 74551
1 38851
3 53901
1 28201
2 62601
3 12951
4 24851
1 45251
3 34201
3 64851
4 20501
5 6901
2 41751
3 27551
4 75051
2 82501
2 46001
5 3601
4 29301
1 60401
1 4701
2 37951
5 26101
3 15001
5 38851
1 32051
5 16001
2 14651
1 10251
2 29001
3 82301
4 7351
5 11251
5 45451
4 51751
2 67701
1 63301
2 33951
2 48251
1 61851
3 21601
2 33201
3 65101
2 13601
2 30301
1 24051
2 79051
1 9351
1 23001
5 4851
3 59301
5 19701
2 49451
4 12501
2 13301
1 10951
1 71751
3 34751
1 25101
2 3601
2 9251
4 4701
2 63801
4 8551
3 18851
1 49551
4 61351
3 45651
1 32951
2 41401
4 49851
4 58351
5 10401
2 79001
3 13951
4 25151
1 36251
3 72301
5 36351
5 75701
5 21951
1 16651
2 36501
1 8751
4 32751
3 32601
2 41051
2 39401
5 54051
3 9701
3 45101
1 47851
3 2551
3 19451
4 69351
2 63751
3 801
4 17751
3 72451
5 39601
2 54501
5 68251
1 27151
1 43551
3 77651
2 37151
4 75601
5 44901
1 16301
3 60851
4 8251
1 51501
3 35051
3 501
1 28801
2 15001
1 78451
2 20001
2 70801
3 74501
1 23601
2 19951
5 42601
3 48401
3 41201
4 50251
3 60801
2 14851
2 43451
3 42601
3 30051
3 15851
2 18701
1 49751
3 22601
3 31801
4 65001
2 24701
1 68401
4 6801
4 68051
5 22701
3 14251
4 7401
5 23101
5 69751
1 18401
3 37551
3 51301
4 28001
4 13901
2 44501
1 13051
2 52101
1 21551
1 36901
3 53001
2 77401
4 52651
3 9801
3 6101
3 4601
4 54401
3 81201
4 30051
4 11401
4 40901
4 62251
3 64451
2 61801
3 60151
2 80551
1 64751
1 41801
3 13601
2 61501
1 63701
2 27851
4 28501
4 24601
2 32351
3 67401
5 76551
3 78951
1 75901
4 82701
2 42251
2 5751
2 41551
1 21051
1 29751
4 27101
2 76051
2 59751
4 33101
4 70351
2 24301
3 33751
1 73201
4 70351
1 14051
3 24551
3 7901
1 81801
3 40151
3 48201
4 9801
5 50701
2 1751
2 60751
2 44451
2 8201
5 26001
1 68151
4 15151
4 39301
1 65501
1 6401
1 28051
4 51701
2 83001
1 29901
1 56751
3 15501
3 67101
5 44151
3 11301
2 60451
2 15601
3 1451
4 73551
5 51
3 57951
1 11201
3 31051
3 58301
3 18251
1 17201
2 7701
1 26751
4 34251
4 55701
5 23651
2 21701
2 81001
1 23751
4 23601
3 61001
4 30851
2 64051
3 74351
3 77851
5 50001
2 59651
2 79651
1 31351
2 16601
4 62551
3 10401
2 26151
4 45751
2 57001
1 48901
3 33501
4 81201
3 77901
3 80051
3 41151
2 13851
1 71951
1 48051
1 39201
1 74451
3 77201
4 54601
3 51901
3 64351
2 10851
4 45151
3 64251
2 13051
4 63901
5 30951
1 61101
4 55601
5 61401
3 82501
1 54201
5 44851
2 64901
1 27001
1 45801
4 1901
4 83151
5 61201
5 80451
1 32651
2 5651
3 4251
4 9851
4 20351
4 34751
1 55451
1 4001
4 53401
1 76501
4 63051
4 11401
3 3501
1 5051
1 55001
2 30501
2 42351
5 52401
5 13651
4 36801
3 80551
3 38801
5 63551
3 33201
3 27501
2 14601
5 47651
1 1101
4 76601
2 57101
1 58851
4 65051
5 14801
1 19151
1 28201
4 12601
2 81901
4 68451
5 22701
1 54251
1 15051
2 3901
5 20651
5 41651
1 25301
2 67651
3 41201
3 36951
4 34151
1 6951
1 53851
1 18551
4 47301
5 28701
2 76751
1 61951
5 3551
3 28601
5 18751
4 8651
3 59451
5 52701
5 55201
4 10001
4 5801
5 72801
4 66301
3 37251
5 50651
5 81751
3 77501
3 10651
3 60351
5 41851
3 61001
4 41701
2 27901
5 39751
1 58101
2 60901
3 44001
2 55501
4 78251
3 46201
1 12851
4 56601
1 26251
2 69551
4 16451
2 54951
5 57351
3 21301
3 17851
3 47951
1 53801
4 53551
1 62351
2 39001
1 53901
5 74651
5 14101
3 29151
4 32701
3 67851
2 1
1 16101
1 2851
5 14201
5 45301
2 62201
2 49101
2 39751
3 1001
2 67101
3 66401
5 13251
5 64751
3 66101
1 46351
4 57101
3 64351
2 27051
4 50301
2 47801
2 9301
1 10601
2 15551
4 33001
5 14901
4 22451
2 69601
4 25551
5 71251
5 1801
5 60051
2 18251
5 59901
3 73051
1 55601
4 41701
3 17251
2 53051
4 34651
4 42301
3 13901
1 80251
3 28301
2 14151
2 25901
3 30301
1 17801
2 4351
2 56051
2 12051
1 78951
3 32901
1 56651
3 15201
3 75851
4 32851
4 73151
3 36551
5 2101
4 33801
1 12651
1 14001
5 43151
2 69051
2 71501
3 6901
3 38651
1 42301
3 32101
1 14701
4 5451
4 79851
3 58401
2 33601
5 77151
1 7651
3 81651
2 21751
2 52201
5 27501
4 44651
5 33251
1 75651
4 56001
2 61551
2 17951
2 48151
2 57901
5 63751
4 56951
2 7101
2 26901
1 73601
2 41651
2 41651
1 13151
4 24651
4 26101
2 53201
3 6701
4 53901
5 20251
3 78101
2 61701
2 75451
1 48001
5 701
4 32401
5 50951
2 14301
4 6851
2 34251
1 69901
5 32201
5 30801
4 68551
5 39651
4 65351
1 43201
4 35951
3 45301
2 77501
1 58451
3 32101
4 50751
2 28951
1 44401
4 33651
1 66901
5 1951
3 78101
5 37351
4 13051
5 55951
5 61001
1 301
3 61601
4 37101
3 69301
3 38751
4 5901
3 11851
4 69401
3 67551
3 77701
1 18151
2 24751
2 35451
1 2801
1 81401
4 32051
2 67201
5 77601
5 64501
3 29701
1 64151
2 46951
3 82851
5 1601
5 17801
5 20851
4 82801
2 24251
4 28901
4 57451
3 54551
3 52601
3 52901
1 3401
3 29901
1 44801
1 71601
1 26801
1 63251
4 56151
3 79751
2 57201
4 18601
1 52901
1 49451
4 51201
2 79451
1 52451
1 55301
5 77051
2 501
3 33301
3 7951
5 45051
5 4401
1 31601
4 12451
1 82801
4 64901
3 78001
2 8601
1 58601
2 9301
5 75201
2 3501
2 60951
1 14801
1 39401
1 16001
5 4501
4 32151
5 9101
3 28301
5 59601
2 8001
2 76351
3 3951
2 251
5 54351
5 24901
1 5301
2 17801
1 64651
2 78651
3 45501
1 12401
1 33351
1 62951
1 40851
1 4701
3 31401
5 2151
5 66951
2 1701
4 15851
4 33651
2 58651
1 23801
5 47751
4 69551
2 12151
5 67251
1 31301
4 29851
2 67951
2 37451
4 70651
5 54301
2 57701
4 80351
1 46901
3 47101
3 20551
1 12551
1 71751
2 74651
5 20301
5 16551
1 71101
1 60601
1 72401
3 28151
5 69251
1 65901
5 29951
2 16651
1 37851
5 39401
1 27151
2 82601
2 44451
4 37401
1 40601
1 78001
3 75851
5 13251
4 56351
1 30201
2 46451
4 33851
1 42701
5 9001
4 45451
2 2501
4 76601
5 67401
1 55151
5 59551
3 10801
4 61801
3 11501
5 18001
5 66401
4 19401
1 33101
1 72001
5 69051
5 65201
3 32151
4 48951
2 66601
3 44701
4 48051
1 72851
2 53701
2 83301
4 48901
1 48551
3 63401
3 56151
2 67601
5 56001
4 76701
2 54651
5 76951
1 39701
5 77451
1 58001
4 7251
4 72201
2 56301
5 63551
4 70401
3 68351
5 76901
3 64101
4 47701
3 4001
3 32901
3 53951
2 75401
1 77751
4 15651
4 16901
5 59351
2 5401
3 68801
5 3651
4 83251
5 17301
3 56001
2 79501
5 9401
4 11201
3 8001
1 43051
1 68851
4 13401
3 35351
2 82751
4 60501
1 5251
3 46651
2 3251
1 56851
4 14401
5 56401
4 28251
3 31251
1 35051
4 35551
1 41601
2 80501
2 61951
5 79751
1 66501
1 8201
1 9201
4 2751
5 11701
4 31701
2 63201
3 53351
1 70601
3 39251
2 29101
2 79851
5 29251
1 49651
3 47501
3 5101
1 38801
3 57751
4 33501
3 31101
1 57451
4 72451
4 67051
2 1751
2 17751
2 24201
2 17851
5 28551
3 70451
2 66351
3 54701
4 15101
3 55501
5 16851
3 5651
5 37151
5 50851
2 56251
4 5951
5 80301
2 23501
1 48701
5 17101
4 37151
1 81101
1 40951
2 32751
4 28551
4 68501
2 57751
4 17601
1 17351
3 37051
4 12901
1 45351
1 69451
5 62701
5 51251
3 68601
2 76151
4 12251
4 22351
5 10101
3 20051
4 48801
5 55101
2 39251
3 59251
4 5251
1 15451
4 5301
4 36601
3 39951
4 1501
2 23251
1 69451
3 7351
1 68051
1 24551
1 54001
4 31901
2 33201
5 81101
1 55301
5 57001
4 46601
1 42201
4 34901
5 75701
4 51251
3 78751
4 14451
2 5551
2 40751
4 52651
2 1101
4 20151
3 40751
2 43351
4 33051
4 67851
3 76001
3 31651
1 75351
5 61751
1 22401
1 8801
4 54201
3 6001
2 78251
1 39551
3 24451
5 15501
2 69701
1 60651
2 19301
1 74051
1 26401
3 65951
4 15451
4 62051
1 48601
3 48901
3 23801
4 9151
5 67901
2 3201
3 52501
3 47401
3 25651
2 42001
3 20801
1 1201
3 44601
4 3851
5 12351
1 20101
3 39601
3 75951
5 8501
4 75151
5 29201
1 35951
4 79651
1 551
1 11401
1 6601
4 48201
2 47551
3 3751
2 22751
5 41401
2 6651
5 54851
2 72751
5 52801
3 46601
3 37551
3 34851
4 18451
1 33301
4 10551
3 25951
3 5851
5 35251
2 551
1 82951
3 50001
3 72701
5 12101
4 47301
3 55551
3 50451
3 33701
2 80801
5 57651
5 21001
1 71651
5 50601
3 62001
4 14551
3 42701
2 251
5 49251
5 42401
4 23301
2 42101
2 47251
5 83001
2 70151
5 69251
3 3101
4 3351
4 74251
4 13001
3 61051
5 39501
3 57751
4 27601
1 71551
1 58451
2 44301
2 47701
3 60551
2 28151
4 29351
1 60701
1 35401
3 68101
1 62051
5 59051
5 3301
3 15351
2 71151
2 80951
3 11101
1 75751
2 78651
4 60451
3 27051
1 34351
4 15901
3 41001
4 46351
2 13401
5 61151
5 35401
2 27451
3 16651
3 57251
4 73801
4 31851
4 20751
5 70701
1 68601
3 23201
2 44351
4 24301
3 21101
5 32501
5 30901
3 22151
3 31151
2 40951
5 50301
5 66901
5 10351
2 56501
2 72001
1 29551
4 65051
5 81551
2 66651
3 64401
4 54001
1 38301
5 75551
3 32651
5 6851
3 76301
1 63051
3 81651
4 13151
5 72501
2 8351
2 72651
4 3001
2 16451
4 46501
5 49551
4 75601
3 19301
3 23951
3 29301
1 77551
4 46401
2 3851
2 61651
5 45001
5 3151
3 68501
4 76801
1 13201
1 35701
3 49001
1 32451
4 76451
5 19901
4 46401
5 18951
5 25901
1 78351
4 34801
3 14501
2 48651
5 69651
2 15051
3 54201
4 68401
4 13851
4 68251
4 18201
1 57401
2 63401
2 43751
5 54901
3 25901
4 54351
4 20651
4 57151
2 80751
4 15651
4 151
2 39801
3 40501
2 30251
4 38601
4 31201
4 24251
1 25251
3 67301
2 66251
3 45751
1 27801
5 4101
5 10951
1 23301
5 38901
5 27551
2 18601
2 61451
2 34951
2 32301
5 30101
5 63851
4 36701
5 60601
1 14251
3 9901
4 58751
4 39951
4 45951
2 1801
4 26501
1 17851
1 67001
3 40451
3 60301
5 71601
4 41251
2 8051
4 48951
1 20451
4 38951
5 42851
2 4151
2 47201
3 15801
1 59201
1 48851
5 7401
3 49001
3 65551
1 83201
5 82801
4 62401
2 11951
2 80001
1 25551
2 32201
3 13851
3 64101
5 27001
1 83051
3 3401
2 22501
2 51001
3 51651
5 1451
1 26251
2 44801
5 52251
1 70251
4 61201
3 2201
1 9001
5 10051
5 65151
4 73201
2 53951
5 58251
1 74101
5 64601
2 53601
3 48501
1 70001
2 80901
3 63851
3 38701
1 76301
5 23651
4 45651
2 22851
4 50251
3 12151
4 20401
5 2801
5 55551
4 13751
5 65301
2 351
1 11651
3 7901
4 76451
2 36951
5 81451
5 32501
4 42951
4 70651
1 38801
3 31201
1 68701
5 68901
4 56751
2 45701
3 46251
2 15651
4 67301
4 5801
5 37401
3 29101
2 69301
1 36751
4 39851
2 37701
1 49201
1 77901
3 2501
4 23051
2 45901
2 82001
1 8251
2 21601
3 33801
1 47701
3 7151
1 16301
5 73901
5 3001
4 37901
3 42901
5 2701
5 58451
1 7201
1 49051
4 18351
3 42651
3 21351
5 11351
4 53601
2 10001
5 35001
4 39001
2 4951
1 28951
5 9751
3 34201
5 37251
5 76101
3 70501
2 2651
5 34551
2 44951
5 11651
1 47551
1 48251
4 57651
5 71551
1 55851
2 61851
2 38101
3 75801
5 39651
2 27751
3 79401
5 48251
3 5951
5 38401
2 67451
1 66001
3 4501
2 28251
3 64401
3 82451
4 5301
1 21201
3 62851
1 49851
4 77501
4 45851
3 44501
2 14001
1 22251
5 34901
1 70751
5 46851
2 66301
4 51851
1 55051
1 50001
3 15701
1 41251
2 80151
1 601
2 64201
2 52901
4 23451
3 61701
2 76201
2 46901
3 68751
2 12901
2 46301
3 68901
2 26951
1 23051
5 6351
1 22851
5 71251
5 51051
1 32801
2 1651
5 44701
5 18501
1 50901
5 39801
1 41951
3 36701
5 79701
4 57801
1 72951
2 67851
1 67451
5 80151
2 43551
3 70751
3 79901
4 73751
1 8501
1 78551
5 24701
5 14951
1 61151
4 55851
4 60801
4 501
2 42151
3 33251
1 25501
3 14901
1 68801
1 37301
2 11001
1 41351
3 19001
4 49501
4 49301
5 51101
5 24151
1 81151
5 58151
3 52951
2 26701
3 21751
2 24151
5 40201
3 16751
3 19601
5 10851
5 79101
5 46901
1 59801
3 18051
4 21351
1 10201
4 751
1 43951
3 76001
5 19601
2 16201
4 50251
3 73601
5 64901
5 1851
5 65001
4 21651
1 31351
2 65401
3 47401
3 75701
4 31951
2 651
1 37801
3 18051
3 18901
1 73151
2 70101
4 24951
5 7551
1 47151
1 28351
1 21901
5 5601
4 55301
2 43301
3 80251
3 36201
4 79801
5 62651
3 26801
2 79651
4 54751
5 29801
4 52301
4 12651
5 10251
3 24551
5 47801
4 52551
2 38501
2 66451
4 79351
3 701
3 38551
5 12851
3 72601
5 67901
5 60201
2 2951
4 20051
1 25801
3 38501
1 78701
5 26151
4 45451
2 60001
1 41451
5 49951
5 25451
1 77601
4 26101
4 51201
5 62101
4 55651
3 22001
4 70551
2 77151
4 30551
3 6701
4 67351
2 28451
1 72651
4 77451
3 20901
2 65251
5 77201
1 82901
2 2951
3 59851
2 21451
2 58601
1 39901
5 73201
5 54051
5 47101
4 11751
1 64551
4 20151
3 68951
2 50151
3 51051
1 19201
2 61201
2 17151
1 58551
2 60901
1 49051
5 70201
1 76251
5 33501
1 49201
5 7601
5 2601
2 41101
3 19551
4 20851
1 40301
1 77701
1 15201
2 26251
4 29601
3 81051
2 4251
3 8701
2 37651
4 63351
4 40701
4 68701
4 36901
1 65301
3 40001
3 54501
5 14501
3 44901
1 72951
4 44801
4 37051
4 6251
5 78201
5 20701
4 14201
4 2251
3 22101
1 81401
1 74601
2 32251
3 14751
5 74151
1 56301
1 78701
4 11451
1 3801
2 65201
4 26701
5 53151
3 5201
3 16951
2 73851
2 55901
1 78601
4 31451
5 18601
2 38151
1 79101
5 51651
4 13601
3 4901
1 301
5 62451
1 30901
2 66101
5 66701
3 77251
4 31201
2 71701
1 12701
2 78151
2 23151
2 24951
4 20451
3 24051
5 83201
2 72201
3 79151
3 5601
1 10901
3 25101
4 72751
1 55351
3 22051
2 64551
4 32401
3 72551
4 23701
1 52751
5 12751
4 31251
1 17651
2 76101
2 44201
1 31601
1 43951
2 401
1 37901
4 21351
3 17551
3 77601
2 77701
5 75551
4 70051
2 3901
2 18201
4 48451
2 33051
1 76701
4 19251
1 34701
2 52251
5 75101
2 46051
4 4301
2 62401
4 20701
3 56351
4 71051
3 15451
2 751
3 82051
4 75301
4 42251
1 4801
4 18501
1 82851
5 77101
4 13701
4 5501
2 53651
2 29651
5 71951
2 58801
2 6501
1 39551
1 71401
1 3051
4 28301
5 74501
5 54751
2 151
4 76651
1 23201
5 22701
1 78851
4 20101
1 14351
5 40051
3 37201
3 11151
1 1151
4 47101
5 19751
3 63201
3 80451
2 75601
4 13801
5 70901
5 44751
2 73051
1 56951
3 45551
5 32551
3 42551
3 35801
4 6301
1 59501
4 72551
1 56401
1 77201
1 37701
4 25601
5 52351
1 24201
2 29201
5 82651
3 43851
4 57301
3 19351
4 52551
3 79901
3 77901
5 9701
1 67351
4 2351
1 46151
1 40851
1 76551
2 47651
2 48701
3 59251
4 77951
2 6701
2 64001
4 54401
4 45201
3 59101
4 71301
4 48401
3 12751
2 14051
2 82101
3 66001
5 70701
3 19001
5 8201
5 31401
2 65801
5 74601
4 16701
5 41901
1 59951
2 38201
5 3801
1 34451
4 69851
2 2351
4 81501
4 29701
1 33701
3 47351
3 1701
5 60101
3 51551
3 9251
5 15551
3 25401
4 1201
5 2701
2 73751
1 49151
2 23901
3 27851
5 51951
5 11101
1 40801
2 11351
5 24851
5 54251
2 18651
5 27851
4 951
5 49051
1 34601
3 23201
5 81751
4 35101
2 47051
1 9651
2 27251
3 19551
1 37001
3 17401
1 65451
3 23551
2 11851
3 56801
4 39301
2 82751
1 21651
5 14451
3 30151
2 17551
2 63601
4 9701
5 61701
3 7651
5 27251
3 70151
3 72901
1 25451
5 5001
5 28801
1 66601
3 25351
1 71751
5 3151
4 63601
3 22051
3 37301
1 38451
3 36751
1 74001
3 61151
1 69151
3 40901
2 5451
2 41001
2 76701
5 45101
5 61101
5 51101
5 55951
4 82351
4 17351
5 74701
1 60001
4 70051
4 73251
1 68401
4 23351
1 61901
5 70101
3 46151
3 3501
2 1301
2 28601
1 13101
5 56651
5 32551
5 46251
2 74951
3 52351
1 50551
5 53451
5 66201
5 47001
2 51851
3 79301
3 4601
3 48451
5 26201
5 60751
1 6801
4 83301
2 26401
1 70951
3 17451
2 46001
1 53301
5 53651
4 27101
1 59001
2 50401
1 77001
4 7901
1 12301
2 78301
4 68851
2 10151
1 7251
4 10751
4 53751
1 17301
5 9201
3 69701
3 72351
5 13451
5 22251
3 7501
1 76851
2 32301
5 70451
1 38301
4 26901
1 67701
3 39101
1 30951
3 58801
4 20801
3 41301
3 10601
3 13751
1 81701
4 33051
2 73901
4 45051
5 62651
2 46101
5 35351
2 65051
4 24901
1 10801
2 32801
1 14001
5 68351
3 74001
2 45001
1 61301
5 27351
2 41601
5 65451
3 25001
3 24401
4 70851
4 69751
3 51
4 34101
5 44301
2 40201
4 38101
3 69001
2 8551
2 71301
1 27201
5 22651
2 48701
3 68801
5 54951
1 60651
3 23251
1 77651
2 65601
4 32001
4 73151
4 69001
5 72551
1 22801
4 39601
4 51001
4 64601
3 20751
4 80151
2 57151
4 36801
3 76751
2 16201
4 82701
5 60351
2 1801
1 32251
1 50201
3 48851
4 14051
2 31551
5 67901
4 53801
3 58101
3 9001
1 48351
4 38701
4 25351
1 80751
2 66251
2 29401
2 58251
1 41851
4 6351
5 70101
3 58901
5 1501
1 9101
4 39201
3 50201
4 6251
1 55201
2 33251
5 62151
4 26901
2 30751
3 67301
1 30001
1 19101
4 73351
4 28451
4 4201
2 40551
5 65151
3 24601
4 78301
3 16051
5 75001
4 52001
1 59701
3 10601
5 52151
4 6801
1 6651
1 57901
3 7751
3 11251
2 1901
4 81801
3 61751
1 56901
4 71401
2 72751
5 36251
3 8751
3 29151
5 5051
3 71601
1 30551
4 37451
1 43101
5 7151
2 42351
5 64401
5 35401
2 8301
2 45201
5 11151
3 67801
4 7101
2 27301
5 38001
5 5901
3 62651
5 64801
3 60601
3 71451
2 73651
4 62951
2 12701
3 6301
1 37401
1 11001
2 7001
1 35901
5 75351
3 65251
4 24351
3 52701
3 18051
3 71851
3 58951
3 2051
1 69751
1 41951
3 20501
1 71101
5 26851
4 12351
4 25651
4 3451
3 14151
4 74651
4 15801
3 46051
2 39951
4 81851
4 58851
2 64601
4 14851
2 69451
5 12001
4 39901
2 29401
4 57501
1 49251
2 52001
1 57051
1 5101
2 60401
4 13151
3 77101
4 82351
3 35551
2 76401
4 28051
5 14951
3 46551
4 36351
4 54101
2 34401
4 57601
4 21101
1 45251
1 39151
1 80701
3 59001
2 13351
1 53151
5 11801
2 21051
1 62101
2 28801
4 8351
1 73251
5 50801
3 41501
5 80701
4 29501
4 82401
3 5501
3 25051
3 42101
4 52851
5 75901
3 71501
1 3551
4 48501
3 7951
3 70501
5 50601
5 10251
4 44601
2 72701
2 58401
4 79051
1 57251
4 79551
4 18951
1 58701
4 30451
5 66801
1 36101
5 57051
2 44051
4 67051
3 60301
1 36401
5 46951
1 64651
5 4251
2 71901
1 22901
1 65751
2 13501
1 30801
4 39451
1 53701
2 74351
5 36451
5 54601
1 24051
2 69151
3 37701
1 49151
4 73451
2 14451
5 48851
2 67351
1 27701
1 69901
3 45851
4 15201
2 6901
3 8901
4 9451
1 70651
2 24401
5 16101
5 52551
3 7651
5 21251
2 2851
1 38451
3 39051
5 42501
1 40151
5 60651
5 53951
2 82101
4 23451
3 41801
2 36301
2 24151
1 49101
5 2251
3 43901
1 46651
2 21701
5 26351
5 19751
3 15251
2 17351
3 22601
4 33901
4 33951
2 81901
4 18551
3 35851
4 80001
5 21751
3 40701
3 64201
4 30101
5 17751
5 82651
3 70451
1 33801
2 11251
3 9501
3 47501
3 54601
3 69801
5 26751
3 71201
1 71701
2 59401
4 27401
3 19551
2 40651
1 11951
4 57401
4 51101
1 78901
1 23101
4 70851
1 56551
4 79701
4 1
4 78201
4 10501
4 69201
4 46501
1 16701
5 79101
5 13701
2 52601
1 32201
1 27401
3 10201
1 15601
5 45051
2 55251
2 79951
1 40801
2 33601
5 21451
1 31051
2 8951
2 31001
2 79351
5 80701
1 35601
2 38201
4 6651
5 11851
2 42501
2 2701
4 4851
5 29451
3 34651
5 40301
4 75501
2 55801
2 6451
2 23951
1 80351
3 9351
5 3551
5 35001
2 36351
2 80301
5 42951
2 13751
5 18901
4 73301
4 73101
5 58151
3 29851
4 62951
4 37601
1 28601
2 60001
4 66351
3 26701
3 4201
3 76401
2 52501
3 1301
2 74701
4 16801
1 45801
4 2151
3 56051
2 51351
5 41901
2 401
1 6551
5 81451
3 62751
4 24001
3 55801
5 59951
4 62551
2 29551
3 24351
5 23951
5 22551
5 1251
2 36551
1 65001
1 1851
1 69101
5 60051
5 57601
1 30601
4 39701
2 14501
1 49801
5 80851
4 18651
2 51851
2 37801
5 9601
1 76201
2 36151
5 28101
1 35751
4 18801
5 17901
5 34551
5 23901
1 33101
2 15951
2 79601
3 26451
4 38451
1 49401
5 75451
2 67101
5 5151
3 38951
4 64201
1 76151
5 39351
5 45601
2 11551
3 2301
1 47201
5 82201
3 35151
3 44551
2 30701
3 78751
1 52851
1 7151
5 47951
5 38351
1 4351
5 56351
3 46851
1 21301
2 6051
3 67201
4 17951
3 27601
5 65701
3 53251
1 71901
2 40551
1 16851
1 13551
1 13101
5 30101
4 10351
3 61601
4 67151
1 5601
4 58751
5 54851
4 9651
5 17151
1 7051
2 79451
5 16401
3 30401
2 2201
3 2101
4 37351
2 64251
3 28101
2 78551
1 33401
3 25601
5 80951
3 9751
4 68201
2 44751
3 22101
2 66401
4 20501
4 24951
3 46151
1 74301
1 79451
1 28901
2 26551
4 15151
1 48651
1 49601
2 46751
5 67601
1 38001
4 41201
1 26401
2 26801
2 53551
1 52801
1 11601
1 49951
3 11701
5 31901
2 31701
3 80401
3 82901
3 29251
1 23401
1 22901
4 12251
1 26501
1 57851
4 34951
1 46751
3 79551
5 4151
1 63951
2 4051
3 49701
5 14601
2 57951
5 27451
1 70951
2 56101
1 50151
2 27451
5 7851
2 25001
2 50101
3 3751
5 65651
2 81051
4 23601
5 77251
4 19301
3 49801
5 63101
4 55751
5 36851
4 63251
2 79601
3 52751
3 57501
1 15701
3 9601
4 34451
1 35201
4 72301
3 7751
3 43901
1 49701
1 74201
3 1451
1 35701
3 26001
3 77351
5 13251
4 58001
5 82451
3 33751
3 54301
2 34851
4 45251
1 201
4 81151
2 14401
3 78101
1 56451
5 20601
2 34251
5 63001
4 70701
5 5051
5 80001
1 11601
3 65501
5 2401
3 57101
5 901
2 60401
5 63401
2 2601
2 45601
1 34051
3 25201
5 55401
3 80601
2 32551
2 15351
3 16251
2 74801
5 51151
3 30401
5 43601
1 18451
5 14301
3 1551
4 48551
1 78901
1 42201
2 7051
2 50801
3 29451
1 59801
4 79151
4 81201
3 50401
4 40401
3 36701
1 20751
3 38301
4 83201
5 61351
4 7801
5 11501
2 82751
3 48301
1 41501
2 72701
4 73501
4 39651
2 8401
3 42201
1 23051
2 45401
5 36501
5 21501
1 44851
4 58051
3 60701
3 17201
2 18301
1 35251
1 55151
5 18751
2 33351
3 42051
2 62451
5 68751
4 71351
4 80051
3 79251
2 19151
2 18151
1 34501
1 80851
3 47001
4 15951
5 21151
2 21201
3 41001
5 60551
3 76451
1 63551
1 43251
4 41501
3 42801
3 19251
1 80501
2 74901
1 53551
3 16951
3 35101
4 4451
4 40551
1 60951
3 15101
5 54901
1 66051
1 46601
3 7551
2 36501
4 8851
1 82701
1 21151
3 15401
5 80101
2 42051
1 29001
4 18201
3 53801
2 77401
2 10051
4 56301
3 35851
4 21201
2 69501
4 10451
2 40451
3 801
5 40301
2 32951
5 20351
4 35751
5 76301
2 59151
4 36851
2 79951
2 58651
4 47651
1 80751
3 71201
1 78751
5 74851
4 20901
5 16601
4 33451
4 3651
4 30151
1 77951
1 25201
3 10851
1 7851
2 79401
4 44151
4 80051
1 31801
4 62251
5 17001
3 16551
3 45651
1 6301
1 40951
3 82101
4 8901
3 7401
1 72151
2 72601
3 4551
4 52101
5 44951
1 35201
4 65801
4 79001
2 16751
3 61901
4 16101
1 54301
2 52051
3 78151
1 66701
5 12001
4 31451
2 67501
2 19501
5 3251
4 7301
5 33401
1 82351
3 72951
4 17901
3 1101
1 55401
4 43651
2 62151
1 19401
3 651
1 43901
5 24651
5 35601
2 10451
5 55151
5 60351
5 56151
4 1501
2 64301
4 19651
4 21551
3 7551
3 58301
5 36401
1 43651
1 21101
5 82501
2 51501
3 51601
2 63301
3 48101
5 9551
1 38501
2 801
3 53101
4 5401
4 59851
3 73751
5 951
3 4751
4 83251
2 11301
5 16601
2 55101
1 58951
4 62901
5 54551
5 33851
1 25251
3 62201
3 29951
5 43651
4 39751
4 58651
2 81851
4 40651
1 76651
2 17601
5 51151
5 38401
2 19001
4 13951
3 34201
1 53851
2 20901
3 26451
5 1251
5 42151
1 50101
1 20351
3 63101
5 49901
5 20401
4 48801
2 30951
2 18501
2 32301
3 28401
3 55501
3 32701
5 18951
3 41901
3 17701
4 5951
2 5151
3 79801
4 49651
4 6151
3 61501
2 22401
3 30651
5 37551
4 3451
4 56701
3 33901
3 13501
3 29051
1 46051
1 59351
3 6951
2 11751
4 74801
2 17301
5 68601
4 19451
4 49651
5 351
3 70201
4 44701
2 51051
5 68051
4 28501
5 4451
5 65301
4 78051
2 4551
3 56251
4 71051
1 22651
2 27501
2 9051
5 26601
1 29551
3 42501
4 73801
5 38051
4 77451
4 51601
1 79151
3 67701
1 62251
5 25851
3 32051
1 57701
2 76851
3 4901
2 16001
4 45201
1 80651
3 8401
3 54551
4 41351
5 31751
2 60101
1 4751
2 55401
4 1001
2 39051
2 32251
3 70901
3 12251
3 82951
4 13951
3 75101
2 41101
2 23401
4 81301
1 19151
1 11801
5 68751
2 73301
5 63501
5 57551
2 14351
5 17501
3 69251
4 8851
4 2351
1 22301
5 12051
3 22951
3 49301
3 56901
5 54001
5 62751
3 73701
4 24451
3 37001
4 14651
4 15601
1 24751
3 65951
4 20601
3 16151
3 3201
4 70251
1 53401
5 29951
3 43201
3 34301
5 17451
2 79501
5 35501
2 31051
5 53101
5 69951
1 27751
3 52501
3 63101
5 29751
2 77101
2 43601
2 65551
1 33651
3 74951
2 15151
3 67051
4 31101
4 80951
2 22501
2 72051
4 80601
3 72901
2 33451
2 80901
1 63701
4 31651
3 68001
3 55951
4 55551
2 49451
3 44501
4 11301
1 59901
1 34351
3 43551
4 53751
1 19051
1 3001
2 62351
3 45901
3 6051
4 19701
1 15251
1 49201
1 8051
3 62851
4 19201
5 63651
5 62201
4 43701
3 12401
2 56551
3 18851
2 73551
4 42651
5 42551
2 34701
3 13001
1 61801
5 31401
2 51801
4 67001
2 51901
3 47351
5 14851
2 78351
4 53751
5 10901
1 52001
2 40251
2 67801
3 77401
4 70301
1 49701
4 29101
4 25201
5 62851
5 36051
2 59551
5 28051
4 25951
5 13351
1 48101
2 40401
4 1951
4 57151
5 76651
4 31551
3 61451
1 29901
4 81751
5 74201
4 12601
3 17001
5 33001
3 59951
3 45401
2 55051
5 8601
2 58051
2 48401
1 851
3 3301
1 63651
1 49101
1 75301
1 3051
4 40601
2 56501
3 68201
3 68701
5 47851
3 75001
4 63151
5 29801
1 27951
1 66551
2 9051
5 64051
2 34151
3 74401
4 61301
1 18751
2 7701
5 27651
2 80201
5 35901
3 57301
3 56501
2 79501
4 61751
1 5251
5 49901
2 52651
4 47901
1 25951
2 2301
2 451
1 32901
2 79851
2 54151
2 35151
5 34651
4 11501
3 62551
5 53151
5 51701
1 50501
4 19801
2 33851
2 64951
5 29451
2 74151
3 2901
3 22001
5 37001
4 71251
4 31551
4 34401
2 65701
4 25851
3 21401
3 5501
2 69551
1 35051
2 59701
4 19201
1 39351
4 20001
5 36851
1 34751
