5000 1000000
4 32151
5 67701
3 74901
2 9401
2 21051
4 73751
5 601
3 62901
4 70301
3 70001
1 14801
1 15351
2 18801
3 201
5 22101
3 36501
1 49201
2 77051
1 36701
5 78551
4 20251
4 56451
2 64301
3 52501
4 36401
2 44401
4 80101
5 77351
3 62551
4 27251
5 47501
4 11351
5 69501
3 5801
4 10951
1 26901
1 35651
4 12751
3 81101
1 15701
4 79951
1 70151
2 66401
3 24601
4 68151
4 71551
1 64951
1 251
1 51101
5 17401
1 4851
5 74301
4 8351
1 59001
4 34501
5 59651
2 62001
4 75151
1 22001
4 8951
2 10501
2 73201
2 82551
2 82901
5 17651
3 39101
5 63351
2 61601
5 13251
2 47451
4 75351
3 4351
2 21401
1 22501
4 70951
4 41751
1 34751
3 65901
2 62601
1 22251
3 75201
2 69401
2 23701
1 35701
5 32651
5 47901
3 81101
5 42701
3 28451
1 13151
5 37051
2 62201
2 67301
3 20651
2 5251
5 81251
4 6001
1 3751
3 69151
2 11351
5 15101
3 18901
5 66451
5 1151
2 21351
4 32001
1 80301
3 78451
2 28251
5 47651
5 79751
1 19401
2 28601
5 49301
4 7701
1 2251
3 49851
2 50851
1 2101
2 25251
2 33251
2 38351
5 19651
5 31001
1 63551
4 1801
5 68251
2 73801
1 55401
3 24701
2 35451
3 72351
2 3201
1 63601
3 70051
5 51101
3 74751
3 75301
5 83001
5 78401
2 78951
2 70801
3 26751
5 34001
2 68001
5 69951
4 82401
2 13651
4 67351
1 71451
3 501
3 13701
5 41851
4 44751
5 29801
5 5651
5 68451
3 50001
2 25051
1 70901
1 22051
4 74401
2 77851
5 4901
4 80751
5 67401
1 19351
1 37801
1 76051
3 55551
2 78451
3 40451
5 22601
5 8351
5 33851
2 76801
1 701
5 8451
5 75901
3 4451
1 30801
5 15551
4 70051
1 56801
4 1051
4 1801
1 34651
1 6801
2 14201
1 14751
4 70551
4 79901
1 53701
1 2501
1 22901
5 40401
1 21901
1 13251
3 71501
1 59951
5 37951
1 79151
5 57201
4 79701
2 60351
2 68951
2 82851
4 34951
2 4601
1 29151
2 31051
2 39501
4 56151
5 53201
4 50601
1 56951
4 59201
5 25851
1 60501
1 15501
4 76251
2 3851
4 81651
4 21101
4 32901
5 11001
2 25301
2 62651
1 7601
1 9951
5 11301
4 5601
5 32951
2 66401
5 56851
1 12751
4 54101
5 23301
1 15101
4 65501
3 6851
5 39451
4 59451
2 22151
2 73151
2 25151
5 35951
2 65401
1 22851
1 21701
5 71701
1 12701
3 17801
1 31551
3 42901
3 44101
1 56901
4 49651
2 17151
2 55901
5 1851
1 4201
5 351
3 75601
4 24401
1 20301
3 23351
3 34201
4 25551
1 27501
2 2151
3 4701
4 75901
4 70801
2 62101
5 81551
4 59201
3 24501
5 73501
1 9901
1 60001
3 75051
1 82151
3 31301
3 79251
2 42501
4 32101
3 31401
5 60151
2 12151
4 74251
2 13051
5 28801
2 61351
3 49201
4 26551
2 80701
5 75851
2 59451
5 24301
5 51901
2 34751
1 46401
4 57801
1 36101
1 40451
2 69901
4 44201
5 10451
2 35901
4 26851
1 351
3 16501
2 74301
3 45051
2 78051
1 50601
1 55501
1 18001
3 7651
1 1751
5 53201
4 20251
4 62151
2 50951
1 40901
3 56301
1 12201
5 10251
4 72001
4 51951
1 66101
2 78501
5 59601
5 54851
4 17201
3 31101
5 64201
3 69001
2 80601
1 31801
2 6351
2 5551
1 1151
2 62701
3 801
3 69851
5 46101
4 52651
1 22701
5 34501
3 28351
3 66501
3 78901
4 63601
5 44601
5 79901
1 28351
5 76701
3 81001
1 82651
3 19001
2 42201
1 73151
3 81101
1 6901
4 42351
2 29801
2 79401
1 47351
4 63351
3 2951
1 53601
4 28601
3 49851
1 51201
3 75401
5 12101
5 12801
5 7551
4 39501
3 48051
1 42901
3 6751
4 31601
1 61851
3 29251
5 68051
2 28801
4 28001
1 82001
5 15101
5 8001
2 28151
5 70451
2 66651
2 35851
5 9201
4 76901
2 34251
5 60551
1 7401
4 27401
2 14951
4 31951
2 15151
1 19901
1 62201
3 2001
3 61001
3 23901
3 951
2 42601
4 71051
4 53051
4 18101
5 4051
5 41801
5 40501
4 46051
2 45951
4 8051
3 16851
5 30151
2 51601
3 47351
4 62851
3 7601
1 57001
4 50551
2 13501
5 41501
4 45301
2 72901
2 14051
4 15051
5 58351
1 80651
5 16251
2 57501
5 16201
2 24701
2 16301
1 79901
3 24251
3 77751
1 41201
2 24351
5 34151
3 57301
2 60051
4 34351
3 11351
2 21801
5 48551
3 78251
3 34501
2 49551
4 63601
4 19751
5 69651
4 73951
1 33001
1 22551
4 74051
3 3851
3 37101
1 24701
2 70701
3 11801
1 11451
5 53201
2 20201
2 22301
5 80451
2 34001
1 3351
5 43301
1 38851
1 18051
1 47001
5 58001
4 17301
2 1101
4 29351
5 61201
1 46351
5 64251
5 33501
2 40551
5 22251
2 9901
4 61151
1 44701
3 52601
4 60101
5 64701
4 8451
5 49451
5 30401
4 62751
2 50501
1 74351
4 42851
5 42251
1 32651
5 46351
2 56651
1 47801
2 19801
4 76401
1 14651
5 50201
4 55501
5 15201
4 73751
2 37351
3 25751
5 79451
4 12701
4 54051
5 37451
5 33201
3 30151
3 43501
3 65501
3 11001
1 47401
5 6101
2 18301
2 34401
4 29251
1 4851
2 76301
5 64401
5 59401
2 27801
3 32901
2 63301
5 77051
4 50751
1 16001
1 11451
1 17951
4 25651
4 81801
2 601
4 80001
4 81251
2 53001
2 37201
4 25451
2 54951
2 7251
4 33151
3 14901
4 58451
3 64251
1 40101
3 21551
4 55851
3 2951
1 6801
3 11101
1 10551
3 57901
5 69801
3 18801
3 40351
3 77301
5 38951
4 851
5 27151
4 54551
4 35551
3 60301
3 16101
3 3751
2 83101
4 8701
5 30451
1 57851
1 3601
3 29751
3 49051
2 53401
5 38951
4 9451
3 63901
1 73001
5 76651
1 50351
1 40501
3 11251
3 60851
2 56901
2 51801
2 21501
5 26501
5 43751
4 8901
4 23951
2 79701
5 36001
2 45451
5 27951
4 48501
4 61601
4 9651
2 11701
4 30201
2 69651
1 29351
2 21101
3 201
4 71901
4 15301
3 35951
2 60651
1 76301
4 38501
1 67601
5 12801
4 18551
3 41901
4 13701
4 9001
4 82201
4 13651
3 59051
2 38401
2 46801
5 7501
1 52401
2 37101
2 6851
4 70151
1 8251
2 62251
1 29651
1 48051
5 77801
5 43101
5 50201
2 59001
4 37701
2 7101
1 64051
3 14301
1 82151
5 44001
4 40001
2 2201
3 81851
3 35401
4 26201
1 23101
2 63651
3 58051
5 54601
1 27701
2 30201
2 68401
2 27301
5 60551
5 19051
3 7201
5 36851
4 79751
3 41251
1 55251
1 48751
1 37401
4 52801
3 8101
2 17851
5 59751
5 45901
2 31551
1 76851
2 56301
5 59601
2 70301
4 48301
3 43701
5 56001
2 8401
4 34101
1 14001
1 56101
3 11551
1 5551
5 67551
3 10401
5 11601
4 14151
1 43601
2 78151
4 67051
5 68601
1 19951
1 77101
4 17751
5 13951
5 76951
1 7901
3 27751
5 48901
4 72151
1 14801
3 52251
3 52451
3 82601
1 60101
1 39301
3 28651
5 9101
4 36801
3 78201
4 25401
4 61551
5 48601
1 16301
1 27201
1 29101
3 81501
5 59301
3 35851
5 77501
4 59801
5 75501
2 76801
4 2001
4 19701
3 49951
3 48001
2 76901
5 32401
2 75251
4 62001
3 39951
5 33001
3 12251
5 49251
4 9401
3 20501
4 17251
1 65551
3 151
4 52151
2 901
2 36651
5 7551
4 43451
1 11501
2 57151
5 41801
2 82801
3 20651
1 80901
2 70951
1 43651
2 80101
3 81401
1 5751
1 57601
2 16101
2 24101
3 79851
4 31901
2 80051
5 30451
3 78801
5 16851
2 32751
3 54351
5 42151
3 32451
1 49751
2 7451
1 24351
5 35151
3 44551
1 12401
4 62401
1 29751
3 26251
2 24801
5 4101
3 1701
3 20401
1 73051
3 1301
3 48151
3 74701
3 29001
4 16951
3 65151
1 4401
3 47351
1 68701
3 22151
4 1301
2 3501
3 63401
2 17751
5 48801
2 50851
5 67101
2 35801
3 16601
4 62051
1 65151
4 41351
3 25551
3 44551
3 41951
1 82551
5 47851
5 46101
1 23351
3 6301
5 50601
5 1951
1 1751
3 69551
3 3051
2 63751
3 43201
3 12751
5 8101
2 54301
3 34951
3 2801
2 5351
3 7801
3 20351
2 63051
5 42051
1 73701
5 27901
1 29501
5 58901
3 39801
4 66251
3 57701
1 72851
1 5351
4 35801
2 32151
3 16001
2 68251
2 43401
5 49651
3 77651
1 34601
2 65051
4 52651
1 19951
3 60901
3 43701
2 651
3 31651
2 451
2 36151
2 64701
3 8001
5 22801
2 10951
3 27601
2 22101
5 20401
3 67001
4 75951
1 28551
4 15601
3 47151
5 30001
1 43751
4 17151
4 57851
3 66151
4 11151
1 27901
3 651
3 58951
1 33501
2 52051
2 50251
2 68201
2 2051
5 56751
5 32951
4 1701
1 59251
4 77301
5 15801
5 62301
2 43501
3 25851
1 83051
4 7501
2 74201
5 76751
5 50701
1 3501
4 75651
4 6301
5 81201
4 37151
4 58951
3 80301
5 19801
4 47901
2 64751
5 56601
4 41651
2 77751
1 38251
3 78201
5 67501
4 2501
2 15601
3 82751
4 35551
2 73601
4 43401
1 72601
3 43851
1 13851
4 63951
3 69551
1 61801
5 82501
2 74051
5 76101
5 55301
1 52401
5 44801
4 47251
1 66301
5 21501
2 31701
5 30951
3 80751
4 82751
3 28051
4 56101
5 53851
3 83251
4 58301
5 2901
5 76451
4 81401
2 73851
5 57401
5 51651
2 49451
4 81451
2 37001
3 36751
4 57351
1 52801
3 21251
1 5951
1 29301
4 20901
3 65301
1 11201
4 20601
4 45351
5 78301
2 64151
1 59801
1 5701
5 72451
2 39951
5 24601
4 39451
2 38451
1 10501
1 1501
4 18701
5 48701
5 9001
2 56401
4 60801
5 19551
5 28751
4 54351
3 81601
2 80051
1 23401
5 67201
2 15901
5 19301
3 75051
4 66251
3 16501
3 2901
3 12651
1 50301
3 65451
2 8801
3 61301
2 23351
5 62701
4 44751
2 65051
2 301
5 20401
1 44351
5 75451
5 38551
4 25901
1 5451
4 51301
1 16751
4 36701
2 65351
3 79551
1 32051
3 11601
5 20151
5 72301
2 8301
5 49001
1 29351
1 24201
4 23101
3 7851
3 7751
5 19101
3 60001
2 56351
5 4451
1 24901
1 18201
5 2351
2 73101
5 60151
3 38101
2 24101
1 44851
4 41551
1 59001
4 11901
5 32001
2 12851
5 40301
3 48901
4 12951
5 22651
1 64351
3 56851
2 69851
3 53551
4 67251
1 36051
4 66901
1 50951
3 83001
4 80751
2 68601
2 251
2 4351
2 71151
1 35401
3 27501
2 64851
1 23001
3 57451
4 74301
1 46351
5 6901
2 26151
5 8151
2 18051
2 59101
4 74851
5 50051
2 81901
4 75801
5 46751
4 29251
1 83051
5 16901
4 65101
4 17351
2 75101
5 31301
3 3551
4 33151
3 23801
5 7051
1 80551
2 68851
4 38751
2 74151
1 22451
3 71001
4 51501
3 17251
5 57801
3 63801
3 11801
5 25501
4 66251
3 32501
3 42401
2 13101
1 75401
5 64651
1 75551
4 68951
1 48501
3 5601
5 45351
4 22701
1 44451
2 6551
3 82301
1 59851
5 35751
4 64601
5 74001
4 71951
2 3951
3 61701
5 40451
1 79101
3 61101
1 9601
3 57601
3 35951
5 71151
5 6501
5 23051
4 37701
2 3651
3 71201
3 35701
1 80301
2 34251
4 27951
4 33901
5 18251
3 23601
3 65201
2 53101
4 5201
1 34851
1 23451
2 26901
5 16801
3 41401
1 20501
1 80151
3 55901
5 42851
4 38801
3 55051
5 76251
3 26351
4 20101
1 21201
3 33551
3 50101
3 62951
5 38351
1 55701
3 54851
3 39351
3 55951
3 15351
3 1851
5 36451
4 44151
1 28651
1 57601
3 45551
3 60051
5 13501
5 74101
4 30601
1 18751
1 20751
3 6051
3 72051
4 59701
3 67401
3 24751
5 40051
3 74051
4 27351
3 36751
2 5901
3 37551
4 68101
3 42601
1 52001
1 57451
1 61851
2 61401
3 48901
3 81701
5 26501
2 56551
5 36301
1 61551
1 67751
4 62451
4 74851
2 40201
1 13601
3 12151
5 13551
4 60751
2 50401
3 49551
5 49001
3 62501
4 50901
1 75751
3 42801
3 15501
1 12951
2 74001
5 29951
1 40051
5 57001
4 14301
1 77701
3 73551
4 78751
4 66101
5 66001
2 46301
2 49101
5 58651
3 67451
4 31851
5 24451
4 63001
4 33901
2 17801
3 55451
1 79351
1 50301
3 10801
1 21651
3 8651
5 4301
2 51201
4 80101
4 4051
3 81701
2 78751
4 71851
5 33701
3 9551
4 11651
2 80701
4 13551
2 15201
2 59951
3 9751
2 24001
2 20551
4 18451
2 58101
1 81451
1 38851
1 44501
3 4801
4 60351
1 75251
2 36651
2 66051
3 4251
4 43201
5 11651
4 65901
2 33951
1 2801
2 65851
3 45201
3 80801
2 69651
4 61901
5 1251
4 9301
4 33351
2 15651
2 32851
3 64901
5 54301
2 26801
5 79701
3 58401
1 16201
3 68701
4 12601
4 52901
3 53901
5 33201
3 42151
5 47101
1 55451
2 31201
3 61351
3 3801
1 34801
3 82551
2 31451
2 29601
2 60451
4 3351
1 53401
4 77701
3 70851
3 62251
4 48301
3 26601
4 73651
2 76001
1 21151
2 33851
2 41451
5 29451
1 44251
4 52151
1 41401
5 10851
2 26101
1 73501
5 53751
3 80601
1 20701
4 38051
2 30501
4 73801
4 15651
2 76601
4 11601
2 81851
5 64301
1 76601
4 44951
4 39251
5 38551
2 29501
1 2651
1 49451
1 67901
4 59151
4 851
4 78201
2 61701
4 65701
1 28951
1 3901
5 67201
3 37251
4 46901
1 12901
1 39001
2 24951
5 68901
4 55151
3 25751
4 31751
2 54601
4 13601
2 11051
2 36051
5 17601
1 32401
1 73651
4 2451
1 34901
2 4001
4 64601
3 59301
2 30251
2 74601
5 37001
3 46051
2 41101
5 44001
1 17001
4 27601
5 75301
3 151
4 58201
4 68151
1 7001
2 35451
2 67951
2 13751
5 53151
3 30401
3 60301
1 5901
4 2651
1 77101
3 57651
4 8251
4 66551
4 58251
2 79801
4 80251
3 37751
4 25101
5 71201
3 40101
2 69701
1 53251
4 39151
1 64851
3 63551
1 21451
4 9301
5 42951
5 75901
1 72101
4 72651
4 38301
2 81551
1 47301
1 22801
2 78501
2 40101
3 62651
2 72051
3 19651
1 12001
4 34701
3 67701
1 74751
3 71301
5 23301
2 24851
3 64451
4 27701
1 4051
1 48151
3 41251
4 68901
2 45601
1 82451
2 14001
1 46951
4 101
3 40651
2 28051
5 4651
1 57251
1 56451
5 1951
3 55651
5 24401
2 30701
1 53701
1 23901
5 14501
3 4301
2 68651
5 36601
4 53901
1 45201
1 2051
4 14401
2 74451
5 61501
3 7701
4 45251
3 37651
5 7751
4 13051
5 45401
3 46451
1 53401
1 44751
2 69451
2 51851
3 64001
5 25451
5 1451
3 77951
2 12351
4 42701
4 72251
3 41201
4 2751
1 7501
5 80451
2 65051
4 66351
3 19251
3 8851
2 51651
5 69451
3 4901
4 17051
4 50801
3 76201
4 40551
1 55001
1 32751
5 57651
2 49601
3 49251
2 2851
3 9051
4 43801
5 251
4 81901
5 45801
5 15251
2 78151
3 7751
2 66001
3 11001
4 63801
2 13351
1 45501
4 48551
3 1401
5 69401
3 75401
2 9651
2 26001
5 61301
1 44251
1 78801
5 34301
3 57951
5 51801
3 151
2 6651
1 58851
2 26751
4 35701
2 16451
2 7051
2 32951
5 54151
3 70101
5 57701
1 58601
4 55701
5 49501
1 47201
4 71301
5 57251
5 70201
2 45301
3 7451
2 33001
1 10151
3 55401
1 73101
2 39551
2 20051
5 46551
5 55101
3 32451
3 1001
2 65401
3 2551
3 79251
1 44651
5 53801
1 43451
5 79251
3 16401
3 11551
1 14851
2 82451
5 23851
2 51901
4 18401
4 49701
3 6951
2 27101
4 70101
1 58201
3 68051
5 33301
3 39901
2 75351
3 25101
1 15751
4 23551
5 9351
3 33351
3 57201
1 76351
3 77901
3 24851
5 9051
2 36951
4 18001
5 45551
1 62301
4 40351
3 38901
2 20851
5 12101
4 78501
5 70751
5 27551
2 50351
5 66801
3 47601
1 62801
4 7051
2 83151
3 40651
3 54001
1 47451
3 56601
3 30451
1 18201
2 11451
1 69351
4 64351
3 1651
4 51451
2 30751
4 62901
5 42751
2 80851
4 42201
3 74551
4 49601
4 54051
3 76751
3 61501
2 31901
2 7251
4 61651
4 23951
5 81951
5 32251
4 54251
1 3201
5 5951
5 53251
2 16651
3 65701
3 62151
5 12351
4 65201
2 52451
4 76451
5 76351
1 63951
1 37501
3 33401
5 44551
1 29551
1 9701
4 24051
2 46201
3 43401
3 31801
1 37151
3 42051
5 67451
5 78001
2 72251
5 66551
1 4751
1 44951
4 65751
3 34801
4 61001
4 75951
2 17901
3 1651
5 10751
2 7401
3 45251
1 78901
1 5301
3 67551
1 8751
1 12101
3 65851
3 11101
4 29101
1 3851
2 18751
1 53151
3 68801
5 69051
2 9501
5 13801
4 28051
5 61051
2 48051
3 49751
4 951
3 37951
2 79201
1 81751
3 25851
1 72901
2 67801
1 551
5 50201
5 81351
4 13951
2 11401
2 53251
4 60551
5 8801
3 66101
5 79001
5 31051
2 62801
3 44301
4 34251
3 34801
5 70351
1 47551
3 76251
1 12601
3 80251
3 76401
1 26601
1 12401
3 20551
4 4101
4 72951
3 42351
2 27201
5 41601
4 8551
3 46651
2 80901
4 8401
3 3051
2 12901
4 78351
3 60051
5 7301
1 51551
5 41701
4 69201
5 2351
2 61401
4 47951
1 45101
4 20851
2 52201
4 20651
1 31351
2 6751
1 1901
2 13801
5 19001
3 60951
1 15301
5 82051
3 39551
1 20601
2 39051
2 43851
5 39751
5 14301
3 64801
3 28501
4 36351
5 36501
4 9801
5 60901
3 78351
3 15701
5 28901
3 38101
5 71801
2 6601
1 39801
3 51451
5 56651
5 18401
1 75351
1 61601
5 31951
3 58751
4 30001
2 57501
1 5251
2 17251
2 10301
3 30651
3 80151
4 68751
2 70251
3 53651
2 64001
5 37051
5 29401
2 52101
3 43651
1 55001
4 17651
3 40901
4 10651
3 14451
1 67651
1 78851
3 58451
4 40351
5 48101
2 12051
2 37251
2 27051
5 75551
5 27151
3 26401
2 3251
4 47551
2 74901
4 16601
4 3651
5 68551
5 77801
5 77401
4 5401
3 18851
5 25651
1 24901
3 72251
4 13351
3 58001
4 23401
2 22251
1 4951
2 65951
4 47251
1 83201
2 23551
2 23601
1 19601
5 79201
4 6251
4 16701
1 73301
1 75451
3 11851
4 38051
5 21951
2 31401
4 15801
1 21751
3 50751
5 2401
3 82501
5 30051
3 65451
2 73401
2 81651
2 40201
1 44301
2 13851
5 14401
4 801
1 38751
3 20301
5 18851
4 21651
4 6701
5 10101
1 67451
3 65501
5 51151
4 51401
2 23801
2 38401
4 66601
5 1901
5 71451
5 65801
2 61901
3 56001
4 12001
4 70701
1 75801
1 24551
5 15951
5 69101
5 46701
4 6751
5 64701
2 69101
1 8901
4 55551
5 50401
2 4751
5 35501
2 23001
3 30351
1 80201
1 39851
5 18501
2 9251
4 42551
2 26701
2 72701
1 31101
2 82601
5 45001
5 59951
1 47201
1 16051
2 7151
5 74401
2 79451
4 18651
2 78851
3 29651
5 54801
3 32301
2 47301
4 40501
2 1101
3 25601
1 47301
4 34951
2 45751
1 48401
2 14851
3 50351
3 24501
3 16551
1 17551
3 58151
5 64651
2 73551
3 65101
2 34051
4 79051
2 59151
4 35551
5 80701
4 69051
1 48651
3 63351
1 78601
4 42551
5 17401
5 56551
1 28901
3 751
4 69951
5 68351
4 58801
2 38701
1 29501
1 44051
3 53601
4 61701
2 72501
2 81351
3 34351
5 18501
2 34851
1 38651
4 43951
1 16951
5 34301
1 4951
1 10901
4 18801
1 50701
1 31351
5 44701
4 64751
5 42801
3 59551
2 61451
3 41301
5 14401
2 33051
2 701
5 67601
5 30601
1 65651
3 55951
2 16701
5 13851
1 71651
5 58001
3 9451
3 64401
3 6651
2 49951
3 74951
1 78051
2 51351
1 3101
2 34201
1 8551
4 64501
2 17101
1 4501
2 5701
3 17451
4 12551
1 22001
1 10901
2 69101
3 72601
4 4501
2 56351
2 9951
1 55101
1 79201
3 48951
2 45301
3 55651
5 71251
4 78601
2 56651
5 79301
1 11851
5 65651
5 40001
5 76001
3 15551
2 39351
3 21751
2 4851
2 30301
2 64301
3 55201
5 68351
4 19301
1 14901
3 29001
1 42101
1 63751
5 55501
5 60951
1 43551
5 11151
5 23601
4 77351
3 74901
1 45601
3 1201
3 75151
5 75051
3 64451
1 6151
5 68851
3 61951
1 71051
5 52101
1 3451
2 51
5 38901
5 8951
2 15751
3 81951
3 19651
5 25401
3 53951
1 21951
2 67801
4 83201
4 39751
3 51601
3 55251
1 46001
5 22601
3 44501
5 50651
5 68501
4 76051
1 36151
1 76551
2 35051
2 75501
1 4151
1 49501
1 46851
3 35101
2 21901
4 35251
4 3451
2 5651
3 69601
4 26001
3 47101
1 22951
5 53451
4 32801
1 79401
5 55351
4 72201
5 59501
1 27651
1 14701
5 8151
3 39551
2 10201
2 3601
3 28201
1 28401
3 11201
5 66951
5 28951
3 17301
3 74101
3 81051
1 34651
4 27401
4 19051
4 61801
1 74501
3 79951
5 37851
1 62501
4 48001
3 28401
1 73001
4 73051
3 40001
2 13501
4 28251
5 54151
2 26901
5 63001
2 70951
3 5801
3 8651
3 11751
5 3951
5 5851
5 11401
5 14001
2 37551
4 41751
5 47951
5 25351
4 50451
4 29751
5 34551
3 54501
4 40151
5 16651
2 46151
2 66501
4 49251
3 27301
5 6001
4 32751
5 66901
5 901
1 65601
1 54451
1 60601
2 38201
1 70351
4 72651
1 41451
3 52201
2 16451
4 3001
2 65851
5 4301
1 29551
1 28101
4 16751
1 83051
4 49101
5 76701
2 30951
4 20801
4 70801
5 47751
1 32501
2 80501
4 17551
5 51751
5 48651
4 46701
5 70001
5 72401
2 55701
4 41201
2 76201
3 8601
4 3801
3 54401
5 58901
5 1551
3 19401
1 5101
2 51201
3 17201
1 45651
3 851
3 74551
4 14351
2 23501
1 32201
2 38501
1 41351
5 21401
3 21851
3 59501
3 2301
2 48201
3 74851
4 52551
4 27251
4 63201
4 39651
2 9901
3 29151
3 33701
2 73551
1 36701
3 7351
1 34201
4 10701
5 38851
4 23651
5 39201
3 37051
1 82251
2 50151
3 24151
5 13301
2 81401
3 80551
5 45401
5 28701
5 69701
3 36101
5 81551
1 14251
3 69051
5 60201
2 6201
4 78301
3 80001
4 43051
1 2701
5 68501
5 14601
2 6451
3 51501
3 30101
4 18551
3 81351
4 67151
2 51751
4 1201
2 35201
4 59751
2 11901
5 72901
1 73451
3 26101
4 1951
4 34051
4 12201
5 81001
1 14351
3 79301
5 76101
1 82651
1 61001
5 28151
4 5051
5 79301
2 1451
4 33051
2 69251
2 27301
5 38701
3 35601
5 57001
2 67051
4 37601
2 83251
1 451
1 44401
3 77451
5 28001
2 33801
4 63701
1 77601
2 7551
2 22501
3 55151
2 18951
5 67851
3 52001
3 47101
4 81151
3 50451
1 11751
1 21151
1 19451
1 66751
1 65351
5 73401
3 82401
3 71501
2 37551
4 22051
5 28951
3 8951
4 2101
4 39851
4 10351
1 23851
5 56801
1 45401
5 66651
2 8001
4 80601
2 101
5 77001
2 77001
2 77551
5 7001
1 2851
3 54101
1 41901
5 4401
4 30301
2 46601
1 77751
2 24951
1 21251
3 43201
4 14151
2 1
1 69701
3 60151
4 24301
2 45451
5 44851
2 51251
3 12251
1 62151
3 58251
2 62051
2 40951
2 62901
2 74351
3 49901
4 22651
2 76501
1 10351
1 14751
1 68851
3 67101
3 45501
3 79551
4 21201
5 29601
1 57351
1 26651
2 7001
4 54451
5 66701
4 46251
5 29701
2 39851
4 19051
3 63001
1 5151
4 5751
5 10001
4 19501
4 73901
3 22401
2 11301
2 2451
2 76151
2 11501
5 74701
1 62551
2 6301
1 41501
3 82201
4 26201
2 19151
2 14201
2 71551
2 29901
1 3251
1 53301
2 55801
1 76401
1 61351
5 41851
2 41651
2 74201
5 24801
2 51101
2 6501
2 15501
5 47151
1 2801
5 48401
4 3151
4 17451
3 1
3 27351
4 52451
4 28751
2 53701
2 23951
1 39001
5 19901
4 59551
2 15801
4 43901
4 5851
5 37501
1 1351
5 51401
3 24301
4 30851
2 11051
4 43951
4 51251
3 71251
5 16901
5 41401
3 63251
3 36251
5 66801
2 40701
5 25201
5 35601
4 31751
2 19101
1 67251
4 15851
4 12301
2 70301
1 52751
3 70901
5 7151
4 5151
3 61201
5 45151
5 6501
4 1351
4 44951
4 19001
2 65751
4 57051
1 19751
5 67001
3 73251
2 41851
5 28201
5 59201
2 20301
4 8251
1 43101
2 61451
4 74601
2 71351
4 64901
2 81151
4 26551
2 44101
2 33051
5 17151
5 25201
3 5251
1 26601
4 47701
5 22301
3 74451
2 67951
5 71751
1 39901
2 31651
1 2251
4 49701
2 69801
3 51951
2 82101
4 61501
4 64151
1 2651
2 59551
4 64551
1 12601
4 15401
5 22451
4 16301
5 34701
5 17901
1 1851
3 25001
5 51401
1 72551
1 73651
4 8651
1 56301
2 7601
4 38601
3 37151
4 25251
4 54001
2 9501
1 31401
2 78401
2 75101
2 12701
4 21451
2 19851
5 34401
2 51
5 60501
5 28401
2 6401
5 58501
2 38201
2 71101
2 45151
2 40301
3 75301
3 15351
2 54701
4 24001
5 49401
1 53951
5 59351
2 55351
4 8351
3 79651
5 49301
3 36001
2 10451
5 32551
4 39101
3 63301
5 67151
2 11251
3 28451
5 47851
1 66551
1 51051
4 41551
1 81851
5 71301
5 53001
3 28851
2 1151
1 25501
2 27001
5 50451
5 16551
4 46951
1 63051
3 9351
1 64801
3 52851
3 48151
2 53301
5 77951
3 18401
1 71451
3 48851
4 32851
1 38451
1 29201
1 80351
3 51851
1 47901
3 69451
4 33401
5 46251
5 43651
2 21001
2 60851
3 20151
3 29101
4 49301
3 80251
5 63701
2 77051
4 13451
2 26051
2 5051
4 5951
4 62101
2 23701
3 48201
2 46001
1 63201
1 19801
4 29301
4 3251
5 59801
3 9401
5 41301
5 62851
5 73351
3 66851
5 44051
1 9851
5 9601
2 48601
5 8751
3 9151
2 9701
1 70251
4 23251
1 41601
4 75601
1 12901
4 31001
2 32401
1 7201
2 35101
4 12501
3 68801
5 72051
1 36601
3 83101
4 5401
3 13451
3 35351
5 68151
1 41951
1 42201
4 2151
3 28451
1 59101
4 351
3 34601
1 23201
5 54401
2 36751
5 72751
3 31251
1 41951
1 10201
5 73251
1 40851
1 36051
1 23801
3 57051
1 13201
3 32601
5 39101
1 66001
4 10651
1 64201
4 31151
3 28251
2 63651
4 12051
5 6051
3 62101
1 13451
3 35901
4 56701
1 61051
5 40751
3 47001
3 72851
2 72951
2 78601
2 2601
3 66301
4 6101
5 15401
1 56151
3 26251
3 32101
4 66851
2 2901
2 74151
2 70401
1 46301
2 37201
5 48351
1 49101
4 7951
3 72701
4 18851
3 24801
1 21351
3 70501
2 62251
3 6101
5 17601
5 79651
1 43151
3 50951
5 27551
4 62351
3 73401
2 9751
1 26401
2 55201
2 44301
5 65251
2 45601
2 62751
5 19351
4 43351
1 42351
3 63951
5 55751
2 32701
5 16051
1 18251
1 36851
1 57501
4 46751
3 34551
1 17051
3 3701
2 9651
3 57201
2 34851
5 22651
5 13301
4 5501
3 4101
5 55251
3 77151
5 1801
2 82651
5 17551
4 26751
1 73701
1 35751
1 15701
4 47751
3 41801
1 5151
3 78101
1 76201
1 52351
2 67851
1 50001
5 10551
4 51351
2 21951
1 52751
5 5451
5 54151
3 68401
2 48101
2 48501
4 23001
4 69401
1 76051
2 24201
4 53051
3 28551
4 77251
4 25001
4 51301
5 401
1 14251
2 71401
5 13401
3 25951
4 11251
1 52651
4 19501
1 83251
2 25901
1 34451
4 64901
5 30351
2 4701
5 25301
4 45651
4 11301
5 6201
4 82401
1 61851
3 80051
5 62601
5 43001
2 65451
5 14351
5 19951
2 60401
5 40251
4 2401
5 78051
5 65901
1 6451
3 49001
3 6401
3 21001
5 38601
5 11501
1 15901
2 59701
5 48451
5 43151
3 4651
1 69901
1 19601
2 38151
4 27851
1 37851
1 4251
3 13601
1 51001
3 71951
5 33751
4 36551
2 66601
1 62951
3 48401
4 74151
5 66951
3 23751
2 14551
2 54951
4 53301
5 5001
5 42301
1 10001
2 13401
4 65801
4 56551
1 24601
4 76501
4 52851
3 2601
1 72351
1 18151
2 44151
2 3001
2 18201
3 41051
5 43501
5 9201
4 57901
4 5301
1 70101
5 61651
5 33901
3 72201
4 35101
2 10551
5 47801
1 24501
2 26951
4 53501
4 20351
3 64251
3 56851
5 79801
5 64751
5 76351
2 66751
5 83201
1 69001
5 2051
1 34901
2 52351
2 2201
2 22201
4 58201
3 54601
1 40401
4 73251
1 29901
4 51501
1 29701
2 16151
5 21351
3 37451
2 73201
3 49351
2 50251
2 38801
5 25001
1 15901
1 40801
1 37751
1 47651
1 36401
5 33101
2 35501
5 70851
3 11951
2 55601
2 29051
4 46401
4 74251
1 8601
5 34151
3 69351
4 38651
4 15001
3 6401
4 51051
2 72101
3 31501
5 71051
4 53001
1 56201
5 23751
3 24751
4 28801
4 61951
5 50751
2 19901
2 58251
3 48751
5 10201
5 23451
3 38001
4 37601
1 72351
1 28851
3 44151
2 35001
5 35051
5 59301
3 27251
3 73701
4 22351
3 78701
4 59401
4 38101
1 51151
3 18351
4 73001
4 78151
2 44801
2 13101
4 64551
2 56251
2 56251
4 81501
2 39301
3 4651
4 46501
5 67651
5 38401
3 43301
4 78901
5 38501
3 83151
2 54901
1 30351
3 37901
4 38151
1 29901
1 70751
1 13001
4 39151
1 11951
2 36901
2 63801
2 34051
2 54051
1 70251
2 70701
1 74651
2 75251
4 60601
5 61451
1 21601
4 28501
5 71951
3 56201
5 50101
2 33451
5 62601
3 69151
2 54701
1 79851
5 55301
4 9501
2 82301
5 62201
2 64501
4 8901
2 22551
4 63051
4 14251
1 30701
3 25401
2 16351
2 1001
1 27851
2 50801
4 68551
4 65251
5 3551
5 44351
5 72801
2 39251
5 42901
2 30051
2 39351
5 39801
3 48351
2 62951
3 78801
2 82301
3 78101
4 3551
5 74501
4 56001
3 23901
1 2301
2 21851
2 62501
2 77601
1 12301
5 4401
5 1251
4 36001
5 8201
4 25801
2 18651
4 31551
4 13801
2 5701
3 7101
2 81051
2 67051
3 45801
5 59901
1 31501
3 70601
4 46951
4 29801
3 5451
5 53951
5 551
3 14801
2 33251
3 12451
3 54901
3 68451
4 39951
4 80401
2 72751
2 58801
2 30801
4 76551
5 55751
1 39401
2 81801
4 50051
1 22501
5 62401
3 66151
4 30051
4 16751
3 5501
1 10751
5 17851
2 60451
1 8201
5 46401
3 54651
5 80401
3 59351
3 56501
5 18451
4 32301
5 20001
3 40651
3 62451
3 82701
5 22701
1 55451
4 44201
5 3751
3 52501
2 50151
2 69301
4 72301
2 33101
3 76801
1 44001
1 8551
2 29151
1 21551
5 32851
4 32501
5 46551
1 9301
1 67301
3 37351
1 6351
2 61401
3 6251
4 55551
4 58851
2 51001
3 77451
4 69551
1 80501
5 1251
3 54201
5 14551
4 36451
2 22601
2 8451
1 53651
3 58951
5 54251
2 51701
5 57451
3 27851
5 45851
2 14951
4 6651
5 36251
1 27351
4 6701
4 70601
5 4201
1 82351
3 10451
3 67751
5 33601
5 601
4 31851
5 57751
3 43251
3 20001
1 41001
5 66701
3 72001
4 58101
4 33701
4 76951
4 81501
5 29851
2 58651
1 73301
4 9251
2 31951
1 30551
4 10601
5 81751
3 70351
4 74951
1 64101
4 29201
3 39501
5 71351
2 3301
5 58101
3 15001
3 4551
5 19851
3 79751
3 40851
2 9151
5 35001
2 53101
2 69901
5 7401
5 79501
5 9101
2 80851
5 5901
1 7651
3 37801
3 32201
5 23851
2 32651
4 71001
5 15951
5 34901
3 48651
5 18951
5 42951
4 78951
4 40201
2 22301
4 39701
3 19601
4 75001
3 22851
2 35351
3 43051
4 3701
4 3051
4 42451
4 47201
4 79451
3 68001
2 70651
2 4501
1 45901
3 14201
5 14051
4 17751
2 60751
1 67651
3 42251
1 4151
3 22101
2 19451
2 901
4 76001
3 13551
3 69251
5 43251
4 68451
1 63451
2 35301
2 4001
3 33301
5 69201
3 26701
1 22551
1 44401
5 20251
3 24051
5 82501
4 45551
2 68951
4 41651
3 30801
2 39251
1 55401
4 66501
5 6601
4 44451
4 24151
4 5351
3 46551
5 79151
2 50301
3 81201
2 64201
4 64051
3 77951
2 15051
2 6951
3 75701
4 55051
3 79501
3 50501
4 4551
1 59651
3 46451
3 7851
5 21701
3 26451
2 24551
2 73101
3 51051
5 59401
4 47701
5 29401
4 66801
5 72201
3 20901
3 77601
5 35001
1 52601
1 75501
5 75851
2 25351
1 83001
2 20101
3 50501
5 33751
2 40701
3 26151
1 54701
5 11101
3 55601
4 7451
2 6451
1 40601
5 31501
1 11651
2 74651
2 54801
1 44901
2 22901
2 62451
1 47701
5 42251
1 26451
3 27501
3 79601
4 48251
1 25701
1 52751
3 68101
3 63451
1 80951
5 31451
4 60651
3 59851
2 31451
4 18251
4 34301
5 72551
4 47251
5 45851
2 15301
1 20751
5 35151
3 6351
1 41051
2 37901
5 73451
1 49551
1 1201
3 20451
4 9051
4 59351
3 70401
4 29451
5 37251
1 751
4 80551
5 46601
1 17701
4 77701
1 68701
4 77501
5 66151
4 82801
3 25601
2 8751
5 7651
1 77651
4 57151
3 32051
4 17501
1 51151
5 1601
4 56751
1 12201
3 18601
3 63251
3 33251
5 57951
4 48251
3 54351
4 14751
1 70901
4 69751
5 53851
4 36401
1 36351
4 3301
4 15951
1 48851
1 28701
1 30701
4 72401
3 33301
1 39601
3 14051
5 71601
5 4801
3 401
5 5201
1 74201
2 48951
4 18351
4 68251
3 55901
1 57851
1 33551
3 51901
2 28851
1 62401
4 69751
5 701
4 75001
4 1301
2 47401
2 74951
2 37651
4 43451
1 28701
5 78251
2 67901
4 49201
3 25801
5 25651
1 75951
5 77201
1 83301
5 43601
2 79551
2 76651
2 27901
1 82901
5 50051
1 10401
3 63501
3 18901
4 72501
5 25901
3 20551
3 58601
1 71701
5 28301
2 36201
1 40601
1 52551
5 10251
5 12851
3 29601
2 31251
5 16051
1 26701
4 68901
5 13401
3 67101
5 651
3 45001
1 14501
5 75851
3 30201
1 61101
2 16351
3 28651
1 65001
3 2451
3 10151
4 61251
5 42501
1 19301
1 73601
3 22051
3 55751
1 57101
1 65201
2 27801
2 19151
2 21101
4 80951
3 13151
3 36951
2 28551
4 75701
1 44501
2 54001
5 49651
3 14651
4 12551
5 30501
5 38751
2 35851
5 76301
4 41901
2 18301
2 10151
1 54751
3 16501
1 22351
2 66751
2 60751
5 49151
5 44901
4 38201
1 49801
4 63401
5 18451
4 33801
1 29001
3 64651
3 37651
3 14601
5 59601
2 53151
2 25301
2 60651
4 10801
1 25951
4 36601
3 73601
4 7801
5 63701
5 3951
2 75751
4 30901
4 22801
2 8501
1 28601
5 57051
4 75551
4 42051
1 35251
3 66601
1 21301
3 53451
1 64951
5 76101
1 23701
2 63551
1 42651
2 18651
5 9551
1 7851
4 42401
5 18751
4 34401
3 23201
2 42801
5 33451
3 57901
2 14101
5 37751
2 18601
2 51451
1 23651
4 23151
5 65401
5 10651
1 45251
1 7301
1 59151
5 19201
3 10851
3 58151
1 71851
2 7351
5 52251
5 66301
2 60251
2 28751
5 65551
1 10751
3 62801
2 50651
2 50001
1 47851
2 42951
4 45051
2 55051
3 32251
4 55101
2 4201
5 46001
1 66051
2 19401
3 72451
5 32901
1 2551
4 3651
1 43901
5 67001
5 73901
5 58401
2 72801
3 47551
5 26501
3 60301
3 47051
3 48451
4 48701
5 3501
5 42301
1 20951
3 28301
2 36251
3 61951
2 8601
3 42001
3 14901
4 27401
4 3601
1 48301
2 48251
5 9951
3 18101
2 54551
1 12451
4 12001
3 40951
5 20451
3 10001
5 70601
1 53751
1 52901
2 13751
4 2101
2 80951
3 71401
1 15751
1 25351
4 18301
2 67851
5 20801
5 79601
4 3151
1 21051
2 79501
2 52951
4 42301
3 18701
3 401
1 23151
1 78951
2 17301
2 32001
1 67701
5 52951
1 42651
5 76451
2 36951
4 35601
3 72101
2 27801
3 72851
3 59901
2 13901
3 54101
3 81151
4 64101
3 30851
5 3901
4 17701
3 63651
2 53901
1 40601
4 20051
4 32551
2 29951
5 70001
2 82751
2 80501
5 35251
3 58601
5 11901
3 35201
2 41701
1 38301
1 76151
5 82101
5 21501
3 28201
2 40851
4 52301
4 64351
3 9851
2 66351
1 49901
5 26301
5 80801
2 15601
3 9851
5 38251
1 27101
4 60251
5 48951
4 21601
1 10351
5 83151
4 77901
4 78651
4 36851
4 67951
5 52401
4 5401
4 26651
2 42451
3 29301
3 31601
2 71101
4 42751
5 63151
1 70651
5 73801
4 81301
4 8701
3 21901
3 18351
4 26301
4 551
1 26401
1 71001
1 25251
2 82351
5 49151
1 53451
2 9101
1 19251
1 71801
4 41101
5 22201
1 16601
4 68301
5 21651
5 43051
1 74651
3 47801
2 45951
5 30501
5 68101
1 34601
5 37351
1 59101
3 33451
3 52051
3 301
4 19151
3 25051
2 52201
2 53851
1 1701
3 71101
5 37301
1 72001
1 81451
5 3801
1 79151
4 44451
3 28101
3 22901
1 82601
3 41151
5 49051
5 68301
5 2301
1 69301
4 57801
5 17501
2 23401
2 64101
4 9751
1 47051
4 72551
3 39401
1 57551
5 16901
4 24851
2 15251
5 57551
1 56051
4 53351
2 6701
3 34751
4 29551
5 12401
3 24901
2 49501
2 36201
5 15851
1 45101
2 28101
4 73901
3 13651
1 2951
5 77101
3 30101
4 74501
4 43551
5 63501
3 48751
5 26951
5 76701
2 45751
4 70651
1 27701
5 40801
3 64951
5 66351
3 59701
4 16351
5 47601
4 33101
1 11551
3 55851
2 23151
5 69501
4 63251
1 16401
1 30251
4 21701
1 63901
1 801
4 60201
5 61151
2 37301
5 57301
1 29951
3 33501
4 64151
4 33151
5 10601
4 31001
4 30251
2 12951
3 74101
3 13751
3 41101
4 82001
5 65701
4 38951
2 72801
5 32151
1 23101
5 19351
3 37501
4 80651
2 42751
1 25751
2 7101
3 54801
5 63401
2 57951
5 69251
5 61651
5 77551
1 55651
3 42651
5 43901
4 54651
1 46151
1 24051
3 19701
4 27451
4 82901
2 74801
5 951
3 71751
4 20601
1 39651
2 76901
1 67301
2 24001
3 13901
5 22201
2 66201
5 12151
3 75651
5 56751
1 24951
1 38301
5 70501
2 25601
5 56201
1 55001
3 36801
2 61151
3 42451
3 77551
5 30001
5 78651
4 32301
1 30751
2 4601
4 69201
5 1051
4 60251
5 75201
2 44601
5 60201
2 3401
1 66051
4 58351
2 10601
5 9351
4 57351
4 40051
2 34101
5 39601
2 80851
4 77651
1 43001
3 33351
2 38001
2 5801
5 54651
5 45701
5 16251
1 12851
1 60501
5 71601
5 9801
5 63101
5 66201
3 49401
2 79101
3 10101
4 65001
1 17201
5 21251
3 77151
1 22751
3 33951
3 10801
5 35351
3 71901
3 38601
2 27751
2 751
4 56601
2 42501
2 15451
5 30551
3 34151
4 10251
3 46851
1 58301
4 71701
4 46751
3 201
2 26951
1 49801
5 58901
3 35451
4 68551
5 71351
1 20201
3 17601
2 29051
4 19101
5 32551
3 8051
3 18901
1 10301
3 3001
1 59051
3 17651
3 65301
1 51701
4 73351
3 33601
2 42151
1 16201
4 48701
1 53751
1 24451
1 34351
3 24151
2 37601
5 75801
5 15451
1 14151
1 72151
5 46101
3 37201
4 27551
1 32801
1 3301
5 35901
5 45951
1 44601
3 31351
1 71251
4 78651
1 52101
2 81051
2 62701
4 68301
3 41301
3 1001
2 22151
5 12801
2 24651
4 78701
4 42701
1 6601
2 2151
4 48101
5 71151
3 40301
4 51951
4 82151
4 11201
3 39051
3 32051
3 43701
5 30901
3 15151
1 64551
2 28351
3 25151
1 60601
4 33401
5 57701
2 67901
2 52301
2 61751
4 23201
3 3101
1 53551
4 71651
3 31751
5 16951
2 11401
2 6251
4 58351
3 31251
3 47951
5 68751
5 66651
2 40951
2 80151
4 23751
3 60951
5 60851
2 71401
3 15001
1 80351
3 38651
2 33651
4 69151
2 45101
4 69601
3 73051
3 52551
2 27001
3 45851
5 2851
1 32801
3 63101
3 30651
4 26051
2 15201
4 8201
4 2701
5 44251
5 23301
1 29401
3 64501
5 16101
2 52051
4 50401
2 32701
3 75751
4 17101
4 56101
5 4951
2 56701
1 10901
4 25551
3 11151
4 73751
1 54751
3 52001
5 70201
4 79951
2 58551
2 52601
3 68401
5 43101
5 32451
3 65151
4 7901
1 41351
2 56951
5 20701
4 41551
5 1601
4 55301
2 36351
3 62851
2 43751
5 29701
2 35801
2 49901
2 501
5 66401
2 79601
1 5101
2 42101
1 1451
4 49951
1 36201
5 33951
3 69301
3 80451
5 33651
5 31801
1 11701
3 31851
2 16251
3 77151
5 60701
2 63151
1 17351
4 30401
2 63151
2 39201
5 68601
2 58051
3 16001
5 15051
3 27451
5 48201
3 4601
3 31151
1 74801
4 5551
4 44101
3 53551
3 16801
3 61251
4 46851
3 75651
1 58301
1 44351
4 68051
3 24451
3 15251
5 70851
4 18701
2 9251
4 37951
4 36901
4 83301
4 9151
2 19451
2 26251
2 16651
1 301
4 7951
1 58701
3 47601
3 63201
3 41001
1 45001
3 20901
5 66201
3 18551
5 82051
3 52251
5 66451
4 67351
3 7351
5 31601
2 62351
1 58451
4 18001
5 61751
4 82101
3 67401
4 13051
1 13101
3 26301
4 37851
4 20201
4 65951
3 53101
1 37401
5 16551
3 65551
1 18151
5 66951
3 55801
5 36551
4 54201
2 2601
1 39901
4 39701
3 40751
1 17051
2 40151
3 22851
5 78701
2 72501
2 10501
2 47501
5 79351
2 22451
4 29051
1 30601
5 44651
3 7251
2 39751
4 33601
5 4001
4 50701
5 12351
1 79001
5 9701
2 24251
1 78751
3 10701
1 21551
3 72751
5 1551
4 51651
2 46651
2 25101
3 21751
4 32251
5 19851
4 23051
4 21801
5 28301
4 71801
5 58051
4 17951
3 63451
1 34101
5 55951
2 11851
3 26551
2 51551
2 16451
3 16701
5 57651
1 56451
2 43601
3 5001
3 67201
2 21151
1 82351
5 19551
3 25451
2 62551
4 12501
3 77251
2 18151
5 71501
3 6051
5 59251
3 53051
1 3351
5 15151
5 20101
4 51351
1 60401
3 4751
4 31201
5 53501
1 49151
2 46651
5 67801
5 52151
1 52801
4 43801
2 36501
4 42851
5 8301
2 14951
3 58151
2 67551
3 63501
2 60351
4 27751
1 53601
1 46501
3 28901
5 52301
3 56051
5 80001
2 38251
4 38451
3 51701
5 21851
3 71851
4 76851
5 73301
3 60451
2 70201
1 13701
4 56701
2 1601
3 79101
4 69801
1 38701
5 43151
3 30151
3 16801
3 40251
2 16401
1 4551
3 61051
5 36301
2 27651
3 23451
4 8501
4 25701
1 23251
3 78301
2 23051
5 70451
4 11801
3 17401
1 36801
3 14651
5 5201
2 73851
4 27151
2 65601
4 24651
2 35401
2 3401
1 70551
5 4701
3 50101
5 49351
4 63901
5 15551
2 24551
4 77851
3 25201
4 67151
2 8151
4 81601
4 69851
2 37001
1 48851
5 60901
4 22001
4 5651
4 36651
4 56501
5 49751
5 57751
4 69001
3 75201
4 3401
5 14101
1 73201
3 54951
1 75451
1 47001
3 73351
2 72451
5 11701
5 2001
4 3701
1 23551
1 35751
2 53351
1 48351
2 81001
4 52851
3 4151
2 33851
5 65651
5 52501
1 47751
5 10401
5 38051
3 42551
4 9601
3 52701
5 48801
3 59251
5 501
4 27051
3 50551
5 76851
5 55201
1 19551
5 22951
2 6801
3 63851
4 74601
3 36901
3 6551
4 19201
2 58501
3 46901
1 82251
4 34001
5 66901
1 75701
5 31051
5 38351
4 59901
3 55601
4 45151
3 57401
2 45901
1 68351
4 13301
2 82951
5 59051
2 52701
2 20701
5 46701
1 44801
1 14451
3 6151
5 21201
5 39601
3 21301
5 54901
2 56801
1 74751
2 30851
4 20001
2 60001
3 39451
5 24751
2 76601
2 82201
1 14601
3 6951
4 80801
3 2551
3 64801
2 38801
5 24251
2 79001
1 66451
1 61201
3 18601
5 82251
5 53501
3 45801
3 6901
1 49401
2 35501
2 41601
5 68201
2 48801
4 35201
4 15401
2 10301
4 27201
2 79851
3 46601
4 78401
3 14501
1 31701
2 39701
3 26651
1 12651
2 17901
4 57301
5 58751
4 20051
5 33651
1 18951
2 5301
5 37301
2 54201
5 53351
2 15651
5 73451
5 47151
2 65801
3 80201
3 80901
4 27951
2 46501
5 78551
1 28001
3 29451
2 68801
3 25801
4 71551
4 32201
5 9801
2 79401
4 70501
2 33751
5 37801
4 42401
2 22751
4 20851
2 25701
5 46801
5 36301
5 3901
1 18501
2 57551
1 50151
1 43001
4 76951
5 44651
5 30301
4 61901
4 59451
4 12301
2 65101
3 36451
4 82701
5 27001
3 67751
1 19251
3 7201
5 7701
2 22351
2 56901
2 54751
4 10051
3 82051
4 42001
4 80351
3 8301
1 62051
5 8851
1 46151
4 26801
5 16851
3 8051
1 41451
1 27601
5 73851
4 7301
5 62301
5 31651
2 17451
3 31101
1 20951
2 7901
2 42601
5 69751
5 64401
2 18051
1 48601
3 3451
3 31901
4 55351
3 17101
4 63851
1 56351
5 37101
3 33201
3 78451
2 21401
4 54501
4 10851
2 70551
5 79651
5 5001
2 41751
2 17951
2 43351
4 13001
3 4801
2 79051
1 71201
4 30901
5 24201
4 34701
1 7151
3 12501
4 20801
5 55151
2 9551
4 37701
2 77251
2 71651
2 17701
4 58501
4 40901
2 27451
4 74701
3 71751
3 69951
3 29851
4 31701
1 46901
1 5751
2 62751
4 24651
5 72701
4 1501
3 46451
5 47401
5 21001
2 43351
1 49851
3 11051
4 13901
1 57751
4 45701
5 60701
1 17501
1 14701
3 39151
4 26001
2 12551
2 41151
5 10101
5 61801
4 38151
4 74551
4 36551
4 6201
2 63851
2 17001
5 51851
3 16151
4 60701
5 39651
4 2501
4 61551
1 41001
2 58751
1 21801
4 13001
2 63101
1 34651
2 49051
1 78101
2 61301
2 73951
4 31151
2 58851
3 15451
2 82851
4 26451
3 65951
2 76751
5 54551
1 2751
2 28501
3 36151
2 32351
4 45201
2 68751
3 10051
2 22401
5 26851
2 12051
5 37451
3 77401
5 45051
3 12451
2 57401
4 67601
5 8101
5 26351
1 77351
5 64601
3 80651
3 40701
2 2401
3 59851
2 75001
2 35051
1 41251
3 81801
2 71901
2 19501
1 39201
5 55851
1 3151
1 16151
2 45651
2 101
1 79051
4 50251
5 1901
5 46201
4 51601
3 63301
5 50851
4 70051
4 44851
5 41501
3 10701
1 54301
3 32351
4 58701
3 56951
2 64051
5 26851
2 73501
3 19701
3 67501
2 60101
4 13201
2 43951
5 73151
2 38901
3 23501
5 7951
4 58801
4 60801
3 46201
3 35651
5 49351
4 14701
5 40251
2 4901
4 27651
5 68201
1 54251
3 29201
1 13351
5 72301
1 5101
2 58701
2 12651
5 57101
1 67501
4 17351
1 62351
2 47651
4 21051
5 4251
1 46301
5 50651
2 78551
1 62651
5 43801
5 56501
1 2201
5 59651
5 34451
4 45501
4 51301
2 14851
5 65601
5 77901
2 37401
2 48551
1 37901
5 81951
4 13151
1 7801
4 61751
2 26101
1 60801
5 56151
1 77201
2 35151
2 13251
2 60401
3 82951
5 79351
4 65251
5 72151
2 38001
2 48001
4 70751
1 55801
4 68651
4 8701
3 20751
4 82701
2 3101
4 74001
5 69351
1 76551
1 22951
1 35651
3 1401
2 56401
3 14551
2 52701
3 39301
5 41701
2 26351
3 58651
3 8501
3 70451
1 28151
5 77851
3 81901
5 20451
5 57101
1 2351
4 82801
1 25951
5 65351
5 66701
1 10051
2 72951
2 6151
4 10951
4 41051
3 69601
5 24401
3 24351
3 1551
5 26051
3 39051
3 5601
5 46051
3 14451
4 30951
4 52951
2 54451
2 81701
3 74801
3 54851
4 23251
4 42001
3 73951
4 44701
2 64001
1 77001
5 56401
1 19751
4 6001
4 75151
1 26201
2 27051
2 48451
4 77801
4 70151
3 32601
5 53801
5 42101
5 21451
2 78001
3 25051
5 39401
5 21601
3 77401
2 81201
2 33551
2 51
2 4351
5 59751
3 31201
1 2751
3 2251
3 57251
1 82951
1 8801
3 74401
3 1401
2 80201
2 63751
5 1501
2 51551
3 49701
5 22751
4 68651
2 45351
2 65301
4 45701
4 1651
4 30651
2 451
5 76501
3 53651
4 51751
4 25501
2 17851
2 76151
5 26801
2 29851
1 65751
2 30551
5 3201
1 8851
4 22401
2 72651
3 1051
3 1751
1 56051
2 49601
3 47501
1 57151
5 53801
5 78001
3 74351
5 78851
2 54501
4 68501
5 5501
4 52901
2 40551
1 47051
1 13201
4 24101
2 32101
2 15851
1 8401
4 14101
5 43551
2 33801
3 68001
3 51001
3 2701
3 32601
2 13951
5 82451
1 23651
2 81751
4 50901
4 72401
5 54401
5 1
5 39001
1 52351
3 40801
3 59501
5 67251
4 30101
1 36101
3 35301
2 79801
1 81251
4 17801
2 4451
1 34551
2 50801
5 47451
3 21301
3 75101
2 46251
1 64451
5 51801
3 25151
2 9201
4 78251
2 20501
5 74251
3 31301
2 72601
1 51251
4 83101
1 40751
2 64851
1 1351
3 49801
5 43851
3 12251
5 61101
2 40401
3 74451
4 61251
1 58401
3 9451
4 32701
5 81651
3 75601
4 67351
5 43251
4 58551
3 69501
4 43301
1 34451
2 32351
4 44201
2 45751
5 80401
1 30751
5 29651
4 26151
5 56251
3 19201
3 71601
1 76651
5 38551
4 77451
5 46801
1 20351
5 6551
2 81601
1 23501
4 1101
3 77201
1 78351
1 11951
4 44901
1 6851
2 20151
1 70401
1 58551
2 35301
3 27101
5 18101
4 62001
4 5051
5 50901
2 82001
1 40151
5 77301
5 20951
3 82851
2 77501
2 65001
4 50551
2 45451
5 66851
2 44051
3 5851
2 9001
2 11751
1 81301
3 17001
1 81301
1 41151
