5000 1000000
2 535736
2 816702
3 990069
3 849409
3 881938
3 235157
1 157953
1 893212
5 791578
3 373675
5 308511
4 321674
3 710053
5 192600
3 21460
4 229022
4 958620
5 122968
4 718534
1 480041
2 738181
2 470148
3 147144
5 719898
3 814785
2 916664
4 521314
4 639070
1 601041
5 910900
3 782880
1 258923
2 707861
4 121852
5 825178
1 273515
4 189195
1 512180
1 776473
5 928682
5 736158
3 199746
4 331875
3 813942
2 202719
1 340430
3 669477
2 296504
3 788217
4 470960
1 47397
2 721252
1 656686
2 870172
4 413407
3 914537
5 765156
5 161743
3 503644
2 778117
5 611191
1 705202
3 646460
2 520554
4 899720
3 349800
2 199961
1 267477
3 951366
5 295485
5 937027
1 872347
3 740240
1 833002
2 644437
1 515477
2 917088
4 856624
3 870312
1 131312
2 623011
2 702593
4 374114
5 226994
3 109437
5 272473
4 382123
2 600962
3 721306
5 544398
4 267587
4 245656
2 751699
2 757962
4 517497
2 885667
3 414504
1 42117
5 20000
1 165912
3 202068
4 113924
4 103935
3 718197
1 248726
1 286058
4 857084
4 200748
5 304005
3 52241
3 981321
2 219552
3 843641
3 791072
4 256280
4 69457
1 159421
1 854796
5 561387
5 839671
4 136364
4 472726
3 716770
2 23988
3 336663
3 260737
5 318985
4 774147
4 276851
1 944113
2 108449
3 92091
3 900544
5 15333
5 518772
5 290843
4 94834
1 478392
5 445409
2 214359
4 903624
3 837553
1 427393
3 393909
3 595479
4 403943
2 438683
4 6093
3 59716
5 423237
4 790811
2 54424
1 134654
2 405083
5 154865
4 438186
1 817754
5 344659
3 327333
3 122775
4 896876
4 823542
4 669137
5 705765
5 230027
3 417400
4 881564
2 866025
5 88180
3 115220
2 160568
4 454104
2 592405
1 62720
5 733752
4 161309
1 448018
2 601516
1 164948
2 884982
2 522113
3 95710
2 855276
1 238079
4 432553
4 578272
1 684038
2 290372
3 506862
1 435627
2 414049
1 318824
3 28505
3 463626
5 144919
2 605382
3 540054
3 426754
3 16238
2 752370
5 879882
4 810208
3 583933
4 835936
4 156650
2 315522
4 111653
1 489212
3 755288
2 720048
4 327688
1 667452
1 935677
2 318859
3 77608
3 698817
2 963427
2 84190
4 219489
2 267283
4 563255
1 23727
5 403490
3 243943
5 279935
1 107497
4 56352
1 482871
1 965223
5 375483
1 544581
4 74496
5 568762
4 462701
2 366672
3 760762
4 457542
3 352546
1 16489
1 945681
1 767854
1 115142
3 703811
2 596093
3 974654
3 721455
5 61615
2 558930
2 40471
2 440774
4 718749
1 519353
1 137296
3 950474
3 936131
3 183028
2 528063
5 328901
1 546949
5 329480
2 821595
1 898320
3 96086
5 212742
3 20162
4 149558
5 349152
4 86923
5 879904
4 601668
3 37428
3 142343
2 950240
3 888867
1 646030
1 620043
3 852234
3 954984
1 195459
3 282945
1 421462
2 182397
4 787386
1 683462
5 300485
1 373596
1 385177
2 573269
3 716140
2 260948
5 954402
4 767468
2 395547
1 159865
1 373882
2 945652
4 503880
4 570139
3 98743
2 294235
4 125789
5 954386
5 477689
3 42157
4 409060
4 882866
1 828972
1 160502
5 34132
3 130371
3 275438
5 768916
2 881073
2 792345
4 161693
3 747277
5 681017
3 733676
3 905923
4 670114
4 535877
5 733724
5 121544
2 537422
3 176270
2 790125
4 127196
3 360927
2 724877
5 299135
4 324080
1 45139
1 439913
3 190912
1 303001
1 351985
1 440121
4 573595
4 365294
1 462324
1 553820
5 896448
1 636610
1 452397
4 863073
4 561910
1 372753
2 442605
2 539708
3 261063
4 636009
5 321510
2 249905
3 967423
2 824774
3 628945
3 859838
1 548885
1 758528
5 305412
5 429682
3 167782
4 360708
3 590648
3 468648
5 384218
1 915372
3 46383
2 856153
3 276126
1 939863
3 268748
1 34616
2 796275
1 491278
5 173167
5 761797
4 171855
2 444799
1 450895
3 411379
2 912649
3 411863
4 859160
5 960494
3 904336
1 685532
3 625465
1 344111
5 984348
2 338049
3 890680
4 979507
5 927185
1 538882
2 156779
1 501006
1 972810
1 229914
2 107236
4 92477
1 626937
5 313860
2 800288
3 705539
1 102083
3 645601
3 430749
2 226307
4 87915
1 883484
2 948796
5 228586
5 41091
3 854030
5 890475
5 384739
2 560675
4 590065
4 426427
5 836440
4 666745
3 869779
3 610179
3 305100
5 984857
5 630481
5 434633
2 770526
4 141271
1 466417
5 499448
5 759146
5 611887
3 817601
3 919025
3 803120
4 266960
4 499653
3 880145
3 658651
1 82592
2 913230
1 965114
1 742452
4 303941
5 220246
2 635006
1 239503
2 977013
4 456145
2 979452
1 365322
2 158154
5 723735
4 639701
4 204520
2 56446
1 947771
2 184039
3 615993
3 273961
5 382553
2 15018
1 984627
2 337643
2 660198
5 104396
1 468574
2 52828
5 183283
2 592325
2 302135
2 361012
2 280478
2 74239
4 272789
4 348379
4 446066
4 643359
2 721134
1 787716
2 357408
3 741779
1 123844
2 774811
3 55801
3 984087
2 23385
2 362375
1 305633
4 854679
4 640550
5 826274
2 272807
2 861433
4 70766
5 665137
4 66275
1 617370
3 663065
5 678724
3 526090
2 864491
1 936789
1 516892
5 749844
4 136752
1 740908
1 124387
2 456270
3 533704
1 973194
2 293488
1 813615
2 1731
2 159300
4 627240
2 356206
2 47285
3 934491
4 908584
5 577799
5 34151
3 626052
1 8672
5 88500
5 665810
3 50190
1 325496
5 764746
5 302063
2 758192
5 751704
2 846517
1 159865
2 771131
2 151432
3 146085
1 373671
4 812161
4 364104
1 87193
1 951608
3 125447
3 190642
4 97423
5 616482
2 997931
5 19164
3 195634
2 235089
3 695405
5 83160
2 748748
1 545444
5 879042
5 238735
1 946703
3 28556
4 545128
5 691829
1 105623
1 120663
2 369330
1 938616
4 21271
2 196878
4 791188
3 507671
3 821190
3 268226
1 826365
4 801510
4 977133
1 395766
5 845490
3 342975
3 244202
5 40542
1 6821
3 788274
5 443665
5 909503
4 672669
2 798228
4 13227
2 515994
3 741687
3 843323
2 754199
3 488154
5 670289
3 329905
5 437259
5 526959
1 945940
1 718059
1 43583
5 96185
1 372650
3 251688
3 803045
1 880417
1 318838
2 34285
1 873738
1 817667
2 676271
1 99338
4 198842
1 423490
5 278264
3 804818
5 733061
5 854983
1 492775
3 413195
5 527979
1 531345
1 379480
4 291537
5 738382
3 969226
3 828271
3 121416
5 921456
1 616594
5 337136
2 480498
2 878424
1 663762
5 533323
1 515126
5 515712
4 74140
3 561557
4 226111
1 813349
1 837333
5 487661
5 379047
1 230157
1 370341
2 786877
3 748002
3 748913
4 69971
2 928402
5 233412
4 198143
3 112176
2 943874
4 914913
1 992320
5 901492
2 915797
4 41094
1 413611
2 103041
4 879813
4 256264
1 8578
5 766416
5 686011
4 581341
1 132516
5 975890
3 378650
3 887590
3 190517
1 255197
5 653270
5 779967
4 358955
3 486534
1 684016
1 28811
4 284653
2 399141
1 619373
3 953890
4 230166
5 20760
5 441564
4 109218
2 537555
1 669662
3 872750
4 550952
5 480822
3 56839
3 400292
3 987422
5 771349
3 50756
2 643174
3 343288
5 736303
2 600669
1 272994
4 418602
5 560623
2 582437
4 852449
5 50580
4 989152
1 771529
2 651655
3 711428
3 350117
2 826592
2 935209
1 871075
4 973820
2 593042
2 657062
1 315556
1 817561
3 211196
3 521565
1 471333
3 892092
1 738106
4 431488
5 252976
1 94105
2 677295
2 205890
4 599787
4 751741
4 92172
3 8270
3 743437
5 500116
5 548442
4 87405
5 263205
5 143936
1 105688
3 836956
3 872029
5 538255
4 833479
5 699728
1 649548
2 941460
5 300528
5 380494
3 826106
3 844827
5 223048
3 33799
3 800284
5 750856
5 63025
3 600558
2 910711
4 737147
4 912083
3 2898
5 377076
3 573793
5 79770
3 692305
4 633387
1 983257
2 155389
4 728897
4 98942
2 720302
3 574670
3 926928
3 215730
2 719186
1 757309
3 501420
1 777879
2 437968
3 643741
3 707352
2 698131
4 902111
1 378614
5 209542
5 448063
4 21553
3 421663
1 400393
2 638250
5 849666
1 350298
5 104312
3 331933
4 822367
1 896892
5 110335
5 724464
1 645973
4 522184
4 218928
1 282089
1 106078
4 720590
2 752633
4 752771
2 11634
3 129626
1 549932
1 332059
2 55245
4 628573
2 253540
1 658968
4 949921
4 950526
1 153117
1 467215
1 278224
4 35712
3 312506
4 373359
4 872763
1 846237
2 579196
2 933744
2 423159
4 786603
1 146699
1 383997
1 199416
2 389669
2 424760
5 99388
2 889591
1 853561
1 123790
5 387295
1 553395
5 218210
5 698214
5 779096
5 361094
4 66675
4 527797
1 706294
3 519054
3 908068
2 770398
3 92362
2 266064
5 871029
5 697775
4 480359
2 855836
3 229580
5 706158
4 749406
3 327688
1 316879
2 674013
5 745984
4 598913
5 780441
5 675344
5 649782
3 428057
3 120398
3 678249
5 60724
4 336630
5 310884
4 962965
3 219010
3 374145
3 143887
4 123759
4 648262
2 642964
4 527472
4 160002
5 953288
4 422293
5 273508
2 791488
3 958756
4 54707
5 638459
3 398457
5 363524
2 655221
5 676610
2 3603
4 329893
3 26680
3 97742
4 765302
2 56903
4 214874
1 598083
2 773272
4 572603
5 999110
3 497188
2 298635
3 335383
2 762855
3 557308
2 74870
2 4169
1 761171
3 337365
4 316702
3 158510
2 588107
4 842933
2 983905
4 766282
3 4549
2 514364
5 344219
4 558177
1 27962
2 266220
2 767387
3 644781
5 272741
4 328995
1 499134
4 731357
5 583100
5 853703
5 360299
2 579898
1 982488
2 893809
4 72182
4 603281
2 825697
5 943941
5 32903
3 999354
2 801886
3 341705
5 769002
2 765087
4 946933
1 7898
1 357121
3 534217
5 869026
5 740661
1 220809
4 934749
3 714120
2 744155
1 267770
4 52505
2 497329
2 979687
2 145530
2 150458
1 266438
1 133337
4 405516
1 14841
2 286309
2 152123
5 545125
2 615536
3 368838
4 271377
2 573793
4 851960
5 627901
2 925572
5 860850
5 537770
5 900958
2 36579
3 5712
3 127824
5 702650
4 470706
4 951570
4 261916
2 600671
5 678966
3 242048
1 927739
2 426865
2 711639
5 457511
2 755576
2 136164
1 300292
4 527670
5 354495
2 88087
2 377319
2 971281
1 399298
2 8629
1 888276
4 494010
5 912306
2 619110
1 928608
3 964659
5 964006
2 265380
5 338595
4 533513
1 641824
4 964722
5 687411
3 607937
2 765485
2 279384
5 758004
5 419626
4 819040
2 643433
2 838003
4 717201
3 90519
1 283712
1 970317
1 502394
2 739153
4 662599
3 517205
3 26356
2 496985
4 460910
3 208970
1 422722
5 428110
1 178893
4 118740
4 238809
5 528416
5 746656
2 828358
1 913904
2 198476
4 100870
5 702932
4 519174
3 787506
1 761986
1 831265
5 646106
1 232177
2 994215
2 170035
4 608980
5 680710
1 845621
3 58673
4 368780
1 133188
1 309949
2 101716
2 706260
2 890773
2 675346
5 20402
4 246847
1 435635
5 547240
4 157392
2 806533
4 658389
2 490477
2 483296
3 971350
5 172263
4 182771
3 358651
3 706379
1 808969
5 398282
4 164469
5 251354
4 430521
2 836183
2 16213
5 631290
5 582300
5 718741
5 301580
4 851347
3 660904
2 95074
5 342872
1 524724
4 686097
2 156108
4 481321
3 175974
1 118330
5 35006
5 626010
2 365248
5 419883
5 840238
4 862739
4 98824
2 402460
4 656668
5 640321
2 45956
2 413686
3 722377
1 623020
5 320478
3 600770
2 922495
2 830506
5 822105
2 553079
5 950151
3 396075
2 737992
2 162344
3 780915
2 329858
4 884273
2 909490
3 56678
5 494614
3 588996
5 21622
5 676606
2 140333
4 298608
2 904603
1 424754
4 576853
3 430881
2 981016
4 823058
5 320061
3 532321
3 501812
1 80453
5 37043
4 599298
4 370296
2 642185
4 283767
3 876978
4 39271
2 807383
1 957645
2 564080
2 847426
3 138007
4 151719
2 655061
4 432013
3 727739
1 30324
3 541565
3 743422
2 240097
5 957892
2 656210
4 54218
2 652727
2 994556
2 40089
5 925579
5 576843
4 426019
3 649206
3 598508
4 221626
4 318691
2 571330
5 953127
1 357070
2 824260
5 811794
4 830456
4 897744
3 931765
5 806473
3 204781
3 375082
3 740264
3 701503
4 332902
3 601256
1 151203
4 407349
2 516030
4 562557
1 616849
4 496534
3 656653
3 137958
4 373297
5 684468
2 864334
1 549739
1 864630
5 676114
3 255272
1 934789
3 106899
2 717994
2 364276
5 395483
2 912781
1 181376
4 260300
5 828421
2 915430
4 169300
5 335927
3 335540
2 952884
1 511482
2 140360
5 734136
4 218304
1 808921
2 911912
3 120397
5 406356
1 354553
3 282827
3 869768
2 811022
4 561454
3 940723
2 551277
3 135453
2 560179
4 922118
3 992077
1 656324
2 162674
4 227261
4 988191
4 194577
5 561669
3 733217
2 870290
5 58646
5 171107
1 601219
3 702602
3 487302
4 111445
3 227275
4 917538
5 138599
1 886305
2 786562
2 963886
3 26202
1 195005
3 369398
1 55300
2 415051
4 487985
5 897457
5 937727
5 441317
4 310587
1 124748
4 994307
1 880496
4 515036
1 342884
4 529989
4 558099
5 382418
4 933457
2 398068
4 645410
3 899590
5 437684
3 420382
3 985654
4 732143
3 364071
2 181740
5 793193
5 130850
5 71979
1 458201
1 449388
2 26412
3 368208
5 184683
1 434184
4 814803
3 509688
1 284448
1 718175
1 537481
5 499520
1 164344
3 695262
5 512121
3 911839
2 28425
3 529125
2 629878
2 447561
2 328014
1 768835
3 277449
3 35834
3 984130
3 581850
2 990989
2 664053
3 958940
4 319923
4 740865
5 974959
5 752622
2 602380
2 922507
5 85844
4 805409
1 800795
4 857879
4 670485
2 124179
5 979155
2 576935
3 824401
1 817960
2 125523
5 508960
1 881341
5 457580
3 60153
3 375655
5 502293
5 489858
4 74185
3 849122
1 907532
4 966532
2 37308
4 877599
1 796412
1 36759
3 933798
3 326143
2 292246
1 496917
5 594521
3 566229
1 141879
3 466687
5 525371
3 557582
2 518756
5 555249
2 51242
2 928886
5 985516
3 439218
2 411034
2 511469
2 875632
3 370628
4 341256
2 778527
3 333501
1 638544
5 966884
4 411423
4 392162
4 794721
3 347598
2 71816
5 119070
3 156673
5 805149
1 954321
1 462241
2 632698
1 380703
5 263380
1 737717
2 636368
5 485036
5 264901
3 170291
3 614579
1 72221
4 157466
2 652005
3 126209
2 930123
4 177982
3 409255
2 386259
2 239853
4 11343
1 345552
4 142386
3 435008
1 82750
4 153758
3 916128
4 424187
2 297570
3 241660
4 829671
3 418133
5 612862
2 452850
2 121347
4 653019
5 70107
3 315052
2 668458
5 833415
5 228764
3 300102
4 23194
4 415387
2 377517
2 365937
2 602931
5 90257
5 331957
2 54421
5 491514
4 716852
3 730684
4 899802
2 526489
1 361511
3 740289
3 57608
4 620179
2 203949
5 562563
1 612737
2 84734
1 331600
4 848778
5 830339
2 134827
2 323227
5 626495
1 119002
2 18752
4 285394
5 325138
1 752634
1 168783
4 563723
3 780888
3 619713
2 439156
3 289154
2 456870
1 310916
3 280141
3 87399
2 634882
1 406813
3 27977
4 696002
1 296387
4 783427
4 705405
2 40593
3 94059
5 722493
3 582574
4 209950
4 960936
3 475477
2 627800
4 470274
3 403999
1 197499
1 211453
2 948433
4 221380
5 205242
5 547793
5 222939
4 485132
5 948492
1 552797
5 367318
3 40109
3 800457
2 425953
5 656589
4 881844
1 584965
3 498240
3 965494
3 510046
2 268536
5 360062
3 459463
5 965699
2 284429
3 563122
1 918812
4 798260
2 303778
3 875920
3 831705
1 773141
2 614848
3 616347
1 132441
3 839737
3 878229
3 218744
5 750572
2 445855
1 145256
3 57981
3 357828
4 647713
3 824268
3 271879
4 661522
2 436258
1 777753
4 236664
5 462929
3 800174
1 791240
5 594564
5 665113
3 549320
4 482756
5 494015
4 380924
2 470981
3 312489
5 138431
5 415948
1 170126
2 345102
3 221722
1 525261
2 107742
5 8093
2 617861
1 718214
4 479417
5 276454
2 108595
2 600121
4 636586
2 138708
5 337010
2 44314
1 738240
5 290155
2 782435
3 459268
5 583659
5 312042
4 625827
2 824228
1 296845
2 495481
5 525238
1 463868
5 829099
1 917098
2 823587
1 337704
5 15627
5 180313
1 533153
2 17241
1 482724
1 723471
1 707861
3 103516
4 448515
1 500995
2 903983
1 308177
3 929126
2 602460
2 142794
2 62943
1 86003
3 78384
5 7567
1 781860
2 170960
5 937212
3 169491
2 517048
4 81879
3 337027
5 579521
4 124105
3 939719
3 604933
4 53179
2 456284
5 220418
2 259369
1 900080
4 361643
5 374529
1 331085
1 16767
1 240244
1 724156
4 192431
3 330894
4 559936
5 883427
4 821238
2 830790
5 574248
2 582229
2 971894
3 204605
5 130053
3 520580
5 578983
2 69240
1 832288
3 692323
1 670606
4 489814
3 438140
1 573271
4 980775
4 691541
5 430238
3 833490
4 873559
3 172822
2 983706
3 644938
3 392647
3 595855
4 720552
2 8819
1 876911
4 147277
5 620597
1 546911
1 187527
3 929977
5 533715
5 161836
1 324806
3 524340
4 579112
5 202540
4 406868
2 372536
5 763549
3 992362
2 143031
5 785385
4 878083
4 616266
2 79630
2 841552
5 161316
4 812445
3 201872
3 953512
2 390407
1 839332
5 952871
3 880792
5 734157
2 146039
5 924159
1 613197
5 333480
2 327662
4 714404
4 878589
5 52997
4 834403
2 871973
5 213985
5 17191
5 523302
2 799574
4 195352
3 780093
2 767352
2 273226
4 775460
5 868960
2 403563
3 385705
2 723954
5 663929
1 904950
5 335167
4 393564
3 52357
4 305612
3 735513
2 511296
5 449739
4 650822
4 580583
4 664257
4 50384
1 352606
4 976034
4 34935
1 390173
4 617339
2 211897
1 90431
5 111680
3 282256
3 40709
1 124424
4 28815
1 977175
5 623944
3 270701
4 756377
3 131657
2 640194
2 285382
1 905699
4 417273
2 632533
1 871725
1 245567
3 766051
4 630852
3 309238
2 893151
2 171544
3 40423
5 91321
3 736298
2 107684
3 464936
1 957822
2 483700
2 780468
3 741746
2 967135
1 855045
2 638989
2 57935
5 502612
1 20286
3 561276
5 167919
1 171803
5 676053
4 563573
5 67884
5 990744
3 534510
1 78643
1 86452
4 439894
1 193657
1 805104
4 149380
2 501653
2 840395
4 181591
1 624439
1 83576
2 103025
4 648879
1 617231
2 71204
4 922615
1 511309
1 529946
1 367731
2 882727
4 165506
5 161720
1 526563
1 273522
1 62722
3 744495
1 492241
2 375436
3 343118
1 873825
1 372176
2 622613
1 626560
2 723897
1 248533
4 617749
5 572073
3 688742
2 612956
4 439405
5 516131
5 628895
2 904357
5 507185
5 132566
1 622296
3 235274
4 448632
5 916624
2 251479
5 122465
5 255197
1 824182
5 426259
2 291707
3 728275
1 810995
3 485770
3 29735
1 7486
1 282727
4 838395
3 522897
3 99507
2 930360
5 695106
3 278953
2 422677
5 863052
1 551340
3 439847
3 730030
1 996346
5 109727
3 722243
5 685402
4 419664
2 423980
4 756287
2 303739
1 107788
2 176043
3 711105
4 235669
3 470188
2 207344
4 880259
3 425222
4 278013
3 976300
4 475935
2 55759
5 401900
3 92623
3 174862
3 108580
5 637402
4 25255
5 53533
1 237429
2 24814
4 396405
1 643975
3 919319
4 251843
3 508853
4 853158
2 949381
1 134015
4 714568
3 549183
5 134921
5 534475
5 310839
5 225505
2 589869
4 512600
5 11477
1 89671
4 948362
4 881419
5 828995
2 576438
1 842002
4 518742
2 471971
3 107676
3 747353
4 236449
5 310862
3 703891
1 780600
4 132553
3 185378
3 396630
4 532097
1 140245
2 826150
2 353713
2 112031
5 123774
2 118361
1 167338
3 633597
4 48088
3 93016
1 44462
1 853926
3 859677
3 756878
3 737899
4 357303
3 314567
5 824423
3 547250
4 868738
4 34704
5 919194
2 957655
2 179332
1 719764
5 212857
2 596540
5 853870
4 520778
1 181236
5 307556
1 398962
4 320602
1 653622
5 952037
1 810663
3 550508
3 863256
5 367859
2 368757
5 398464
4 485791
4 115879
1 426576
1 357880
2 557853
2 550888
3 403011
4 23662
3 835607
2 178528
5 494651
2 879700
2 678138
4 848525
1 138164
4 885716
1 986255
5 583256
3 484835
1 40834
3 492974
1 71587
1 21723
4 751163
4 398265
2 311377
2 264142
2 217155
3 155551
4 390474
3 352443
5 144754
1 238418
4 713947
2 615028
4 929289
3 297505
4 287361
2 26196
1 66504
4 126011
3 339732
3 504231
5 756429
2 969346
3 972885
1 557717
1 607846
5 573430
1 26002
1 363436
5 655723
3 99822
3 460479
5 355425
3 297732
4 177008
2 793822
4 549535
5 217974
3 271808
1 228230
3 174281
1 175548
2 289556
1 452818
4 759639
4 440482
2 834751
4 37681
1 415959
5 589397
5 250803
3 501816
4 924311
5 854423
3 260073
5 645848
1 758035
1 231271
4 510255
2 193552
5 162597
1 363251
3 227558
4 311699
5 971739
4 205495
3 706107
4 652995
2 525412
3 877238
1 268107
5 951450
1 2558
1 952914
4 154560
3 804090
4 853329
5 867491
4 378862
1 781534
3 405187
3 523726
5 996302
2 506963
3 881299
5 955252
2 764911
5 232328
5 73005
4 975404
5 590185
1 786046
2 319659
4 793728
3 938033
5 130006
5 994969
1 318513
3 238743
2 431887
3 550134
4 48554
1 344735
2 50154
2 825355
5 74027
1 121194
4 373651
5 277115
1 552560
3 182003
5 213507
1 688239
2 286629
5 265544
3 772330
2 581542
2 792462
3 145241
4 443437
5 588902
1 892625
1 733820
4 369080
1 939507
1 503076
5 504076
5 2774
4 130094
4 358159
4 912896
5 516685
2 694003
5 554207
3 679014
1 359270
3 438547
4 826120
1 944050
2 585603
4 22306
3 858825
5 305162
4 322303
2 603869
3 811655
3 305344
5 516175
4 871415
1 527394
5 458801
3 626899
2 878856
4 70744
2 1553
2 491167
1 827454
5 457645
1 318914
3 442223
1 507488
4 963281
3 666593
1 549637
2 411524
1 343747
4 586100
3 970808
4 630416
3 503494
5 182235
3 176714
5 488417
3 369939
2 676012
1 895617
2 967761
1 887778
1 246411
1 976566
4 112719
3 636841
5 293746
2 490328
1 329833
1 500151
1 52252
4 350123
3 511571
3 890282
4 903714
4 129508
2 544950
1 175169
4 616441
5 444980
4 872724
4 897931
3 996960
3 17138
1 401636
2 489385
1 53921
5 39505
1 979130
5 816733
3 336757
5 994123
4 451403
1 593929
1 78589
1 144105
4 868776
5 47161
1 188698
2 35010
1 185948
2 894790
2 165910
1 11392
2 61503
3 962105
3 38913
2 613315
1 380261
5 966932
3 191412
5 927781
3 614322
1 841496
4 388582
2 102316
1 319790
5 889031
1 846679
3 390437
4 599845
3 800912
4 877088
1 646810
4 688290
5 211551
3 995718
1 38789
5 244254
5 352579
1 567709
5 71326
5 428598
3 515254
5 733527
5 730110
2 601903
5 811540
1 479300
3 722007
1 701958
3 249849
2 497216
1 989363
5 555327
4 307592
2 498178
4 318254
2 958513
1 2853
4 293002
2 549261
2 986323
1 464761
4 830801
5 677531
5 302365
1 866147
4 485964
3 101857
1 565854
3 840291
2 591474
1 287270
3 564575
1 14384
1 161532
4 890323
1 222834
3 83491
5 577561
3 367201
1 510143
3 359074
1 568713
5 297986
2 539703
3 456488
4 389042
3 93889
4 872608
1 982072
4 826951
3 76711
5 828769
2 251281
4 450011
1 676771
1 874829
5 127554
1 771761
1 489146
1 275725
3 971404
2 403593
2 788932
4 520418
3 425712
5 994152
4 693545
3 344352
1 398679
5 479127
4 263519
4 921388
3 718356
1 206591
3 550058
3 313626
2 361446
5 953639
4 138176
4 755907
1 675693
4 949877
2 634433
4 390518
1 50820
1 816859
1 660768
2 956488
3 455762
5 101461
2 822382
1 977072
5 843356
1 756734
4 917684
3 156362
4 228819
4 151291
5 642758
3 637824
1 681798
2 18174
3 266327
2 93061
4 527447
3 602148
1 987322
5 274575
1 104087
5 956695
1 270666
5 576129
3 267056
3 968816
5 331188
5 293246
1 98366
1 156220
1 708664
3 196341
2 535017
4 418792
3 544318
3 542317
3 625268
4 415910
3 894524
3 789546
2 283887
4 881035
2 517518
1 395740
3 984737
1 238189
5 649629
4 37195
1 473466
1 749851
1 209275
5 324161
1 220273
2 903455
2 753672
5 495483
1 554423
2 10545
2 93873
4 230876
3 690362
1 856325
1 204587
1 548762
5 580362
4 104617
4 487139
3 187801
3 89682
3 950302
5 397836
4 227010
4 252071
4 287793
5 8490
3 169064
2 315435
5 735526
5 587669
5 149001
1 649468
5 815692
4 676317
3 147761
2 487346
4 655194
1 945424
1 119631
5 739073
5 927241
2 220930
3 713238
3 540193
1 913044
5 55145
1 299287
3 693482
3 831457
1 253689
4 515759
3 826146
2 160540
2 121763
1 66073
4 886127
3 410999
4 294720
4 961292
5 226590
5 118417
2 761394
3 508657
5 235401
1 983130
2 308427
1 183090
2 342735
5 132464
2 33171
5 954642
2 574103
4 140454
5 839336
5 252032
3 873847
2 732642
3 118733
2 205704
4 14370
5 529549
3 274206
3 283938
3 979936
2 582240
4 904119
2 537340
5 349293
5 517577
5 460065
4 452954
4 957954
4 211282
5 152409
4 778308
5 727985
1 372584
2 513759
3 776968
1 218689
5 4827
3 226314
2 595052
2 140354
5 913889
4 152522
3 358449
5 926441
5 654914
5 896707
2 813857
5 19610
4 215663
1 585906
1 287295
4 508125
1 738017
3 116476
2 21915
2 641537
1 31138
5 712799
4 226946
1 743072
4 456265
1 797528
1 341955
2 716939
5 14619
5 336603
5 189847
3 368840
3 503557
5 981773
4 267670
1 788282
4 163197
3 780122
1 829262
2 701358
5 629021
4 262717
4 84316
4 776845
4 134416
4 358323
5 834693
2 343590
3 994513
3 576135
1 838918
2 727062
2 155212
1 482645
1 371812
1 628290
5 852494
1 953117
2 460086
5 548117
3 245455
2 955530
2 873178
4 949928
1 203359
5 198483
4 187742
2 89939
2 479122
4 598482
3 585617
3 74178
5 948324
5 511272
2 221458
4 542301
5 504989
5 915453
5 615770
5 371270
3 241686
3 561460
2 627319
3 248275
2 811998
4 884456
5 766846
1 232638
5 493091
3 600055
3 998245
2 573799
5 548048
2 680791
5 622829
3 800709
3 285793
5 312032
4 670630
3 30261
1 585895
5 224825
4 328601
3 317117
4 562741
1 566439
2 12539
5 244995
1 440702
2 721416
5 296329
1 988367
3 43831
2 582708
4 757461
2 110414
5 684366
3 360740
4 920502
4 860536
5 447588
4 387218
2 7394
3 7938
4 66354
5 887637
1 19830
5 933763
4 845057
1 615221
3 793989
2 68798
5 908051
1 308685
5 302514
1 518996
5 667103
2 554226
3 778956
3 286589
1 371993
3 680865
2 109588
1 938301
3 274719
5 531353
3 581408
4 543175
1 109860
3 362136
5 45880
4 562616
3 590112
4 382937
5 414092
2 4099
4 199809
4 238284
1 781027
3 169120
3 872991
5 114687
4 127754
5 890906
4 264151
3 204028
4 238682
5 111755
4 991762
4 901860
4 724714
5 300525
3 349727
5 765337
3 478553
1 387830
2 201335
1 286826
4 746604
1 776680
4 200910
2 732180
1 291407
2 457461
5 455848
2 888526
1 444669
4 34108
4 709302
2 880549
5 117252
1 603029
5 639510
4 654703
2 254577
5 103549
1 69438
4 667400
1 82299
4 395459
1 526314
1 891956
2 735029
3 773142
2 936406
4 393161
2 205455
4 625022
5 116629
1 559392
4 19694
3 762985
2 42848
3 577946
5 877333
2 9657
5 297445
5 483750
1 745682
2 984874
1 558189
2 870177
2 282869
3 623031
1 9532
3 795677
3 28037
2 467021
1 864218
4 868704
5 636427
5 487831
5 449254
1 37828
4 640786
5 970589
1 263601
1 138247
5 492591
1 375818
4 1715
2 439402
2 712894
5 605311
3 332805
5 986965
3 242008
3 602636
3 109871
4 689985
5 245504
3 235263
1 404253
3 984262
5 618780
4 524
2 594640
3 668519
5 163294
5 241648
4 442232
3 60049
4 511983
4 134909
4 716986
1 203261
4 515923
3 283876
5 713540
2 361
4 506496
2 131772
1 15409
2 956335
4 756021
2 898351
2 226518
5 544664
3 254828
5 215424
4 309570
2 252688
4 626158
5 214059
2 302130
1 949494
4 86554
1 270443
2 764991
1 237369
5 909523
1 500337
5 745931
2 975961
2 650433
3 737427
5 794748
1 313497
4 928700
4 295767
1 836065
5 877693
1 976715
2 66787
4 475162
1 305646
5 818510
5 737085
3 250528
4 336626
4 530148
3 469037
1 8803
3 365651
2 608710
1 792059
4 460012
1 815074
4 545923
4 585744
5 351698
1 882547
5 405138
3 239883
1 144940
5 172115
2 638529
5 383908
3 291950
1 156336
1 354706
3 184216
5 185066
4 460807
5 636373
1 747193
1 819071
3 531552
5 974574
4 611533
5 128196
2 836494
4 350688
4 757873
4 891226
5 713051
2 223725
4 401081
3 746446
3 827381
2 683815
1 512903
5 379727
3 100018
4 826070
2 887122
3 737380
2 762175
3 194386
1 477404
5 109293
5 308388
1 593091
1 193390
1 826385
5 174456
4 240601
2 82945
1 302911
1 122011
1 352752
1 683547
1 887424
1 114389
5 203054
2 886767
1 804368
1 338110
1 165584
4 605413
2 579634
2 971722
1 914006
1 378231
1 829938
3 299147
5 788087
3 858570
4 141081
5 488592
5 495637
2 557397
1 425388
2 558056
4 127774
3 546750
5 933658
3 568407
3 872797
5 847678
5 543176
2 465649
3 497506
3 697343
2 42569
4 312266
5 890092
4 995847
2 683842
4 39042
5 498937
1 704869
4 742882
2 33308
3 712726
4 488878
1 474553
3 613958
4 454329
2 245689
4 104302
4 387010
4 620807
3 835611
1 151116
3 470239
2 132832
5 693842
5 500330
5 143048
4 140909
3 502429
2 672919
2 665870
1 136500
2 852340
2 199497
3 231526
1 111525
5 805254
4 200782
2 129972
3 737581
2 674306
1 770380
4 184488
5 682459
3 640916
5 623750
4 903523
4 890170
3 47151
1 18541
4 90220
3 615403
2 890428
1 887992
5 760542
3 209591
3 708926
2 683489
2 252115
1 385145
2 246910
5 449662
5 201746
3 812022
1 300029
4 947377
4 574689
5 564036
3 712077
4 124832
2 415359
1 833800
3 844236
1 364179
5 217250
3 547373
2 361016
2 516434
2 332253
4 407436
1 615497
2 745835
3 556334
1 537479
1 782441
1 997083
1 184656
4 929770
4 993589
1 609256
1 102028
1 645664
3 850671
4 153937
5 504389
2 284454
5 810668
4 724221
2 255191
5 870420
4 283457
3 699196
3 25519
1 230914
1 885956
2 290779
5 177901
3 669922
3 500803
2 236988
5 842217
1 123575
1 861558
5 501288
2 888878
2 12474
3 356748
1 865077
2 120486
4 285594
2 316759
1 506275
3 86275
4 350598
3 581541
1 861601
2 114065
2 939459
2 357040
1 491591
4 710862
3 977397
5 867269
1 191522
1 794745
1 278664
4 300501
3 612563
2 919977
4 932734
3 211012
1 866891
3 934409
2 995512
4 245266
1 729424
2 778011
2 978710
1 441015
2 824182
3 68533
3 518070
3 707830
2 811965
5 650527
5 426372
2 31948
3 807926
4 729054
3 198250
5 877826
5 278508
4 546684
4 810958
2 589278
5 456006
2 131708
3 503674
2 632745
3 564561
4 985377
4 170713
4 782003
3 634515
2 853120
5 910138
5 715426
4 653704
3 337602
5 116504
2 819418
5 829856
2 389259
2 690018
3 787255
1 481348
3 325819
2 597057
3 359927
1 602284
4 695521
4 855587
1 230352
2 72170
4 86878
1 643517
2 768693
5 950498
1 615099
3 623531
4 113422
2 718666
4 674023
5 296431
4 512031
3 962179
2 100547
5 725136
2 42517
4 187403
2 683064
3 317851
2 148468
5 70220
2 210937
5 635457
5 934562
5 174572
2 678749
3 885099
2 167524
1 277068
2 825244
4 169040
4 12472
5 162610
1 144151
2 124321
3 169353
1 671414
2 123110
3 398215
1 117565
5 582132
5 101853
1 395071
5 427917
5 622611
3 210769
4 940275
4 709208
2 28505
1 884587
5 408111
5 728995
5 174263
1 22645
1 797957
4 775970
5 932704
5 751843
5 528885
2 687861
3 186160
4 29924
3 411091
4 475093
1 948752
5 358623
3 363833
4 110056
2 69381
5 388533
2 5327
1 941396
3 457617
4 273800
1 41769
1 567732
4 931893
3 791217
5 749866
2 769894
4 594408
1 13573
3 130457
1 206424
5 595752
3 175128
1 560265
2 514051
1 755043
5 155152
5 467247
2 494093
3 312143
2 995342
5 879775
3 818771
3 941024
5 738993
2 634144
2 461577
2 19732
3 440527
5 557721
3 165453
2 838589
1 260294
4 947423
2 328447
5 372590
1 572162
5 845158
4 68320
2 307062
5 552120
3 338827
1 770315
4 322468
5 740630
4 75420
4 734135
4 496913
4 583071
5 765145
4 142585
4 684498
2 614900
3 187508
3 67045
4 346220
5 71218
1 284767
2 909675
4 121846
2 292100
2 608651
2 118765
5 934124
4 903235
3 85688
3 78502
3 652026
1 162658
5 849241
3 808268
3 265733
2 628314
1 424917
4 544574
4 575949
4 927114
4 389786
1 554140
2 609227
4 96331
3 936515
1 244585
2 986062
1 535858
4 818757
1 119062
4 150179
3 525029
3 39390
1 650851
5 955827
5 607323
5 371989
1 481898
5 201795
3 656309
2 740111
5 260190
1 552500
1 52558
2 146735
1 51921
3 146104
3 734913
2 918103
4 679442
4 904916
2 629926
2 991505
2 640358
3 937897
4 420438
2 413933
1 410065
5 843934
5 495612
2 328443
4 309273
4 186530
5 955402
3 658961
1 37665
5 409463
1 549833
2 717988
5 793158
5 632529
2 968567
3 641755
3 626509
1 491048
4 578088
1 921724
1 338271
2 947
1 63545
2 410373
4 318655
5 320675
1 108917
3 786737
5 451850
3 70951
2 186638
4 640731
2 116962
5 126219
2 856796
4 715945
4 453206
2 517539
5 430459
2 414420
4 384026
5 141474
5 62613
2 961448
3 655987
4 741782
3 673298
4 781977
5 348443
4 110720
5 363859
2 250060
3 17446
4 426979
3 20408
5 993219
4 319166
2 167733
4 116069
4 147017
2 446347
4 916037
3 652302
2 732351
2 112886
1 815299
4 775127
5 653453
4 601669
5 665021
5 202955
2 195720
4 724397
2 831582
3 599946
5 773053
1 909724
2 601175
4 354965
1 641925
5 888347
5 437250
4 379844
2 437502
3 735288
5 936527
1 474394
1 452297
4 247875
2 835472
1 245202
5 614179
1 534850
1 878981
3 852278
4 385929
1 639493
2 613302
5 851420
2 516136
5 487000
3 382059
1 886653
4 276932
5 88146
2 734091
3 887063
2 214530
5 126191
3 184224
3 549759
5 677295
5 520225
5 288200
4 367621
2 42770
5 625184
2 756965
1 815837
1 393236
3 457307
4 457275
4 825265
5 319508
5 469630
3 850587
5 873325
2 906484
1 179792
3 44509
2 777120
2 563285
4 882378
2 211836
3 796217
1 170817
5 297400
3 820168
1 631059
1 290286
2 273551
5 552533
2 849447
2 413246
4 369967
3 229628
2 795664
3 126510
4 794752
5 447575
2 791022
5 680598
2 523429
4 404020
3 65470
5 296279
4 26945
4 212151
2 38704
3 520264
5 646517
1 600972
3 501277
2 490278
1 481096
4 599277
4 408385
5 581480
3 757197
3 874687
4 84635
2 550030
2 422760
4 915837
2 219397
3 837
4 963715
3 58033
5 816367
4 17
3 752930
2 327993
1 481582
4 647035
5 612236
5 184045
4 643016
2 782577
2 197451
2 342167
5 755012
2 700904
2 328866
3 808993
1 665532
5 951993
2 695764
5 369830
5 361528
1 122746
1 42343
5 919119
5 394842
3 890347
5 768453
1 122606
3 839307
5 778142
5 484875
4 289403
3 279204
4 402194
4 73401
4 43184
2 132216
4 954394
3 802341
3 602753
2 76677
5 966172
4 576151
2 601215
5 648152
1 33838
1 143741
1 693250
1 22519
5 102762
5 582785
5 41392
2 721240
5 248482
5 654534
1 24961
2 415900
4 675208
5 565200
4 778335
3 890147
3 709756
2 269090
4 437069
1 148620
5 688979
1 344896
5 38784
1 254305
4 892940
5 744009
4 738336
4 528192
4 903721
2 398993
1 926075
5 132292
1 209034
5 194465
4 276222
4 405735
4 80940
3 52409
3 241464
4 586847
4 717219
3 492594
3 94155
2 602414
5 800843
5 418523
1 260689
1 30751
2 682247
1 633288
5 506027
1 941031
3 269788
2 524429
2 198389
1 430429
1 228441
2 856505
1 311595
1 816219
1 554471
4 638418
2 258184
4 595857
3 432621
3 672357
2 898037
5 136708
1 519580
2 430325
5 440177
1 332361
2 807426
1 286053
3 159061
5 536930
2 910149
5 37209
2 441923
2 881823
2 964808
5 40101
5 540336
3 166118
3 658130
5 795559
2 178249
3 501568
2 927961
2 827202
5 193776
4 882185
3 157958
1 355203
1 726318
1 677261
1 80436
2 226471
2 24653
2 269301
1 700376
1 550668
5 466797
2 134252
1 190149
1 502522
2 999976
5 271042
4 937708
1 309530
3 630078
1 424000
4 658167
5 847332
2 46810
1 252782
2 916126
4 765258
4 545238
3 877382
3 300841
1 917037
4 315566
4 386287
3 875372
2 385124
2 979192
5 677100
2 271469
3 684369
1 358950
3 824312
3 171186
3 357996
4 934630
3 408346
4 601459
1 829361
2 706568
3 205531
1 155784
1 602559
5 955203
5 284541
5 800107
1 702993
3 976646
4 971312
2 975028
5 403283
5 840437
5 39309
4 982898
4 347556
1 79501
5 224027
4 57208
2 661052
1 299187
2 578679
4 320090
1 112918
3 991611
2 454646
2 223404
4 944528
4 252203
1 275822
1 256783
3 366982
4 413613
2 836662
5 175392
5 5990
3 708758
5 384566
4 202403
1 719032
5 445261
2 983742
2 299834
4 253643
3 530121
5 932583
3 685829
5 745955
3 806927
5 863575
2 855872
4 21821
5 929788
4 748252
2 71262
4 158889
4 340349
4 628634
4 391049
4 16370
1 67174
2 191643
5 707497
4 212478
4 511539
3 275458
3 874958
3 910672
5 35758
5 901621
4 602220
5 985388
4 165661
2 612597
1 287060
4 218110
4 686087
4 137583
1 20886
1 521221
4 216379
1 267217
4 507612
2 67371
3 606229
3 561230
5 114294
4 145393
4 980176
1 653514
5 228515
3 373196
2 790938
4 840571
5 431438
1 376225
5 953084
4 498910
3 155143
5 722091
3 602387
1 397508
1 546379
3 237311
4 254204
3 307883
4 849246
3 243182
2 221438
1 626488
4 565846
5 150320
1 608003
2 289044
5 971539
1 980609
3 741294
2 126616
1 459789
2 500641
2 232073
4 4908
1 897945
1 928398
4 861421
1 383659
3 303632
1 124453
4 832899
4 259508
3 99028
1 580787
1 295614
5 820381
1 174528
4 951218
4 337578
2 619078
2 57963
1 619086
5 18615
3 558084
4 442267
5 644508
2 539498
2 46671
4 570405
2 338358
3 441743
1 406704
3 928528
2 71721
4 533789
4 638942
1 327572
2 365642
1 32807
4 909252
2 375163
1 183531
4 475223
3 128550
1 257593
1 788395
3 197024
4 84938
2 846006
1 90398
1 106801
4 951545
1 75372
5 548000
1 670096
1 265317
2 963749
1 580365
5 506614
3 456882
3 976929
4 441425
4 425081
3 211231
2 976054
1 748436
5 130564
2 209534
4 832685
2 782666
3 94857
2 681533
1 420620
1 47573
2 95133
2 525616
1 521080
3 918567
3 761936
2 236969
4 628425
2 72486
3 955516
3 433265
2 60833
2 261163
4 372344
2 934186
2 324402
1 835676
3 899638
4 794527
2 675941
1 739045
2 81941
3 329691
5 879950
3 574425
3 439096
1 801463
3 496514
2 994803
2 121964
2 662559
5 557069
2 289333
1 731230
3 722597
4 481482
2 825444
5 337423
3 625942
3 124542
1 607593
5 405025
4 842898
5 106125
1 721167
4 200380
4 911743
4 904120
3 247549
3 577683
1 180524
5 550693
5 878068
1 984437
2 184237
1 730404
4 647529
2 647208
5 187130
5 724080
5 208981
1 81278
3 673019
5 104618
5 349059
5 52345
3 569574
4 8325
2 639575
4 599652
4 304167
4 669411
2 171511
3 226742
5 119281
3 149718
3 787083
5 369140
5 867748
1 606772
3 958634
4 762616
3 655326
5 140747
2 852295
4 861732
1 129449
2 458090
1 636516
5 639671
1 295907
1 374602
4 329830
2 941364
2 477350
1 91968
5 64522
3 81076
5 231271
4 206043
1 500194
2 493872
5 501788
3 748354
5 867252
1 319473
1 321882
1 321482
2 937522
3 59250
2 806384
1 262803
5 167776
5 399119
5 124960
1 728890
4 24619
5 96784
5 762873
5 444805
3 83382
2 107940
1 582702
3 317912
4 190159
3 26177
2 319509
1 516210
5 744722
2 921646
3 344668
5 207521
5 530816
3 867419
1 934263
5 919541
1 242641
5 467482
5 673881
5 586639
3 816994
4 218611
4 995826
3 384678
2 241216
4 972196
2 418418
4 408137
5 343291
5 695658
5 61050
3 863
1 89771
5 706654
5 817377
2 857809
4 80980
4 422590
5 699393
5 246407
5 785780
5 174607
1 749144
5 44391
4 84257
3 290871
3 737286
3 449436
5 442116
1 370069
2 356125
2 803301
5 739150
4 546053
2 960141
3 800015
4 118885
5 142332
4 462249
4 463445
4 889927
5 570252
1 840879
2 508636
5 602940
2 806995
2 926225
1 805010
5 349545
4 870441
2 766202
4 892991
5 422311
2 355765
4 353820
5 848943
4 191024
4 27737
1 878310
2 206593
2 244547
2 434046
5 76801
3 123348
5 814398
2 535463
4 233393
5 649663
1 856580
4 234091
5 181385
2 617177
3 173282
4 22355
3 698199
5 257364
4 408188
1 193939
3 97487
5 627559
5 182432
5 625926
3 1363
2 104725
4 521140
1 680033
3 110872
4 347167
5 376563
5 561831
1 393791
1 738898
2 60560
2 123827
1 258610
4 762279
2 108986
1 648463
4 340473
4 536463
1 206861
2 763056
3 417141
4 764576
2 347662
1 279331
5 920398
5 765014
2 307832
3 529911
5 931431
5 168205
2 439794
4 791592
2 297038
3 897960
1 417871
3 62949
4 204072
3 108313
4 28207
3 98162
2 456658
1 5164
4 862514
1 929656
2 598622
5 540636
4 718192
5 592353
3 687287
2 300192
2 484109
2 892866
4 397616
3 880067
3 854579
1 765862
3 652503
2 725260
5 30509
5 916875
3 12502
4 47596
5 666934
3 470778
5 639576
4 555021
1 668166
2 192361
4 477168
1 807922
3 822049
3 544087
4 948806
5 268707
5 249039
2 503656
1 194195
3 144483
1 389029
4 446788
1 250686
4 424034
1 386558
1 943130
5 21005
4 897816
2 11036
2 379757
2 813099
1 348661
1 543287
2 198565
5 641793
2 393367
5 476007
1 58665
5 790368
4 601979
3 196464
4 592271
3 957179
4 204703
5 104624
2 974799
4 539992
2 747172
2 445616
5 128905
4 16881
4 369022
3 22401
4 639721
1 232140
4 415335
5 909883
1 967827
4 209237
3 371289
2 204884
3 20690
4 342066
4 953452
4 817163
5 393282
1 417674
5 267884
3 732398
3 914780
2 752213
3 724593
1 776712
4 697924
3 797776
5 945561
3 661981
4 242856
5 269191
5 932957
1 519302
5 792047
4 589669
5 833142
2 917492
5 45835
3 259206
4 422800
4 672194
1 50922
1 711962
5 589985
1 12777
4 108892
4 889292
2 589800
4 138776
4 429723
4 286841
1 198089
2 243937
3 413737
5 375495
4 240330
1 540156
5 465873
1 294633
3 204378
5 784971
2 671260
4 407260
2 367903
1 79399
4 418306
3 727826
5 744011
4 209109
5 437046
3 787368
5 417917
2 520982
2 289334
2 223154
2 404599
5 17106
2 700307
1 760801
4 167754
4 628288
1 692345
3 769091
5 857544
3 195269
4 904166
5 977222
4 836083
5 752601
2 72458
5 612451
5 860346
5 68220
4 264944
1 724345
4 173859
3 675547
1 426994
1 809268
5 380779
2 462066
2 245924
3 282699
3 542692
2 261735
3 910106
1 451256
5 597485
4 4388
4 494058
4 493166
1 398765
4 764585
3 867344
2 421498
1 710670
4 921076
3 993260
1 978015
5 717075
5 457912
2 380054
2 425193
5 995276
4 461082
1 122896
5 431809
2 723916
3 833089
3 137354
5 40961
3 243027
3 331927
3 110316
4 602250
2 886544
4 703783
1 259875
3 401199
1 755469
4 91367
4 239246
4 729193
1 436625
4 370458
2 613245
2 888148
3 328649
5 223377
3 267996
5 887886
1 437480
1 896456
4 479226
3 60700
1 353131
3 367924
5 583936
5 469151
1 426677
3 800737
5 318065
1 337109
3 194528
1 531239
1 72322
1 10874
2 710247
3 346581
4 67507
3 759424
3 465117
1 286053
1 880925
3 46156
4 205993
3 701954
1 560394
2 168578
2 481880
4 955906
1 527678
4 945916
5 735984
2 360357
4 438659
5 886133
4 907603
1 55767
3 7836
4 214825
3 658740
3 922237
1 527943
5 418118
2 518383
3 21518
2 488175
4 968492
4 639397
2 784077
4 755163
5 938063
4 616506
2 585852
3 470838
3 487227
1 477610
2 85032
3 916665
2 215851
5 751817
5 343221
4 492315
4 37743
1 269983
1 944835
3 617463
1 280630
3 517821
3 270984
4 782617
5 981261
2 616367
2 883200
1 175257
5 342308
1 713238
2 229191
5 799816
3 189732
3 955351
5 434655
2 89176
1 290829
2 52483
1 208836
1 892133
1 494901
4 852853
1 481113
3 274849
3 12184
5 166734
4 536317
2 676468
5 131378
5 640347
2 819794
2 530661
2 439112
3 186869
3 322957
1 409178
2 262115
1 842727
5 285832
1 934094
3 496086
2 684415
1 712778
4 345383
4 236351
3 743216
1 875281
5 283337
4 783064
2 205178
2 666026
1 916824
2 175924
4 756641
5 987663
3 189818
1 327889
1 830604
2 570583
1 631599
3 844184
4 391356
3 852197
2 665816
2 819661
5 729291
1 733413
1 823554
3 410724
2 291146
3 500352
2 748919
2 23443
5 575710
5 833209
5 935574
5 18812
1 91721
2 222553
3 389555
2 338125
1 63333
2 983840
3 450282
1 192151
1 734
4 600278
5 724806
3 12297
5 775611
4 402603
5 733335
5 613918
1 236545
2 359736
4 239188
2 891270
5 920344
1 954352
5 4243
4 840958
1 823552
3 319848
2 415533
2 998305
5 427882
1 868578
3 168489
1 411478
2 980771
5 928433
1 924653
4 26445
1 664892
3 466179
3 114489
2 722381
2 322536
1 291958
4 339288
5 546005
1 40071
3 876750
5 917438
5 858965
4 797635
3 66050
3 810309
4 228809
4 336487
4 750785
5 432016
1 853111
3 760119
4 743495
5 270853
4 917384
2 688870
1 139981
2 676695
1 552603
4 652230
2 936117
2 70506
4 978380
3 942111
5 913032
1 953476
3 667809
4 796141
1 624678
2 489060
4 110785
4 582812
2 136470
1 401144
5 14743
2 940546
5 284188
1 546516
2 961093
3 713621
5 126896
5 34528
3 951479
1 429824
5 983489
3 366439
2 385322
2 607796
5 381692
2 187997
2 618942
2 266990
1 33708
3 895534
2 860740
3 271375
4 855904
3 126201
3 110409
4 655734
4 399044
2 79528
3 37475
2 422985
1 34010
4 660527
1 502300
3 775413
5 221058
3 377322
4 952095
2 801622
5 402983
5 590783
4 343024
5 81617
4 141640
5 650179
5 814842
1 835197
3 549708
4 827569
5 965389
5 509912
2 33066
2 117028
5 283921
5 305609
4 313821
5 528365
3 843274
1 733863
3 541007
3 450388
4 641704
4 832175
3 633342
3 985556
1 649244
3 150691
5 500162
5 769090
4 324777
5 950939
3 110723
3 142008
2 441597
3 735886
1 251014
5 799189
3 58676
4 482168
3 420928
5 828802
5 450091
2 93527
1 95055
3 372445
4 116273
3 177981
4 83538
1 991278
3 323796
4 513019
2 400507
4 332380
1 236847
2 884332
4 544302
5 381393
2 455253
3 415117
2 977275
3 433999
2 525057
5 703975
3 20578
4 463214
5 832682
1 795276
1 386962
2 955088
1 631549
3 903194
3 444640
5 458823
3 188722
1 679210
5 876835
5 205557
2 717355
1 423214
3 309616
4 356222
2 23286
1 595549
1 668032
4 748162
2 168421
5 640273
1 232101
4 248261
1 513329
4 68793
1 728028
5 507568
1 960612
3 486702
5 151335
2 103301
3 504221
4 396483
1 24947
3 924881
5 690857
2 347278
2 554611
5 545510
5 252453
2 464624
2 901301
2 112547
2 353767
5 195228
5 573591
1 105596
1 968142
1 290832
2 194856
1 345943
5 828393
1 785845
3 949583
3 133526
3 734077
1 213823
5 209710
5 63876
4 769999
3 331078
3 798579
3 817205
1 386157
2 814685
3 838554
3 337115
3 560859
1 652804
2 98205
3 40560
5 191701
5 347407
1 420357
5 977873
2 700215
5 7355
3 695272
1 30894
1 592377
5 353483
3 886807
2 382220
5 43645
2 48676
2 62008
3 143160
3 351927
5 693367
1 796176
2 912925
5 232047
2 948945
4 977472
3 802581
4 983700
4 771516
3 288616
1 975878
4 746446
4 911297
1 171983
4 596035
3 917418
2 886148
3 931062
1 170666
3 98661
3 778670
2 252571
4 758255
1 872862
2 602920
2 784214
4 343212
4 310489
4 770680
4 223814
2 723302
3 370093
3 296272
1 457919
1 519389
3 578059
3 940767
2 267151
2 883489
4 552253
1 693842
1 410743
3 577483
2 225351
4 237162
2 549052
4 968973
3 269384
1 213555
4 255507
2 101379
3 654842
5 259191
2 78947
2 198336
1 611697
3 984413
4 236058
1 425903
3 318221
2 108427
2 394139
5 35883
2 672148
5 13837
4 614051
4 913295
4 743639
5 984064
3 945976
5 813868
4 306338
4 775371
1 266058
5 297846
1 142032
1 826056
2 968711
2 150821
1 185957
4 590584
4 527910
1 871317
3 387771
3 185574
1 5886
1 677212
5 39757
4 786964
5 137302
5 302277
1 51148
4 525225
1 270175
1 683714
2 506419
2 512253
2 455653
4 863067
2 206533
3 71578
2 627792
1 427655
2 167640
4 992030
3 161987
1 607605
1 478805
4 448640
2 941112
4 241251
1 617734
5 506634
4 954652
1 485742
1 455091
4 731459
2 253486
3 783966
4 789855
3 805620
2 520424
4 617992
5 800941
4 245301
3 845397
5 590645
1 50028
4 305248
1 680356
3 632387
2 823195
5 401192
2 166902
2 20148
4 812641
1 766532
4 15637
3 517290
4 715399
4 859762
5 795129
5 231202
5 729268
1 619792
2 940030
5 368074
4 174052
2 787161
3 213953
5 206507
3 657411
4 406422
3 384754
5 743189
4 596970
3 274614
3 655272
2 549643
2 820539
1 749973
1 99509
3 768908
5 77446
1 324086
3 675869
3 168211
3 132069
3 382788
5 992480
2 697642
2 858211
1 159534
4 221469
2 278750
1 7268
4 881778
1 82141
4 818664
2 662858
2 668592
2 989559
5 178114
3 939591
5 65053
1 953531
5 33935
1 947345
3 412132
3 732407
2 4530
5 573336
4 621590
3 495796
5 766401
4 804934
2 253658
5 536520
5 298739
1 746799
3 194806
1 706312
3 158015
5 992357
4 528537
2 878435
1 350052
5 606320
5 163642
5 666790
3 857033
2 64757
5 327182
5 992918
4 101718
2 977643
5 537700
2 553065
5 167799
5 29117
4 802196
1 968627
1 161512
5 987432
4 547628
5 689369
4 299401
5 922266
2 488335
2 12409
4 425317
1 819575
5 811044
3 323811
2 456704
5 18003
1 436549
4 795096
5 307232
5 999559
1 865605
4 8934
4 377626
2 283207
1 459855
5 514898
3 527094
2 715838
5 762038
2 599782
5 646244
4 792239
5 301901
3 204235
5 607523
3 320974
5 502613
3 700729
1 370978
2 47480
1 238779
5 694258
3 430860
4 651712
1 35241
3 517389
3 772490
4 620524
1 194704
1 775915
3 39835
5 911372
1 239901
5 754089
1 923658
2 291023
1 540600
3 303660
1 976672
3 121677
1 847741
4 731526
2 608875
1 712576
1 137854
2 250159
2 250779
3 724021
4 938723
4 485753
5 345466
5 520775
2 36854
1 296944
4 551540
1 583900
5 706347
4 904234
5 291532
2 60932
5 224828
2 847993
1 679232
4 558715
2 339056
3 268466
2 631922
4 892127
3 629886
