5000 1000000
1 82
3 40
3 54
3 92
5 60
3 60
2 61
3 92
1 51
4 82
5 115
3 80
5 140
1 84
3 89
3 109
2 39
2 106
5 105
2 79
5 54
3 121
2 52
5 129
3 89
1 62
5 132
1 78
5 112
4 44
2 21
4 113
5 58
3 107
5 136
4 77
3 73
3 108
3 82
4 54
3 111
5 112
5 129
1 31
1 94
1 64
2 34
2 59
2 98
3 80
2 77
3 48
4 75
2 60
5 81
1 65
5 80
5 138
1 58
1 87
5 70
5 115
4 98
2 98
3 70
1 72
5 142
5 76
4 58
5 132
4 84
2 86
1 86
3 61
3 125
1 53
5 151
3 55
2 75
3 113
1 39
2 43
5 86
1 17
4 142
2 42
1 77
4 131
2 103
4 41
5 83
4 119
4 105
1 100
4 129
2 69
2 116
3 102
2 93
5 139
3 76
5 105
5 138
5 104
2 39
5 55
3 80
5 52
4 93
1 56
1 74
5 123
3 82
4 138
1 53
1 25
5 90
3 93
3 132
4 116
1 49
1 31
3 49
5 67
4 121
3 43
3 26
3 118
5 142
3 99
2 56
2 92
3 47
5 66
5 117
2 42
1 82
1 97
5 81
5 101
1 81
4 75
2 59
3 38
1 69
1 89
3 31
3 43
3 56
3 76
5 127
4 46
5 84
5 87
1 62
3 92
1 25
2 103
2 98
1 22
2 70
4 56
2 106
2 117
4 69
2 50
3 84
3 38
2 70
3 83
3 83
4 89
1 99
2 58
4 143
2 90
4 110
2 55
5 91
3 31
4 138
3 30
3 53
3 73
5 125
2 114
4 71
4 60
2 97
1 80
1 82
5 128
1 30
5 148
5 104
2 88
5 74
1 51
4 104
2 32
5 62
4 84
5 92
2 24
1 14
4 74
5 110
2 90
1 97
2 81
1 102
4 119
4 89
3 68
4 87
3 113
3 109
2 114
3 97
4 107
5 71
1 38
3 86
2 85
5 54
4 130
5 62
1 80
3 54
2 51
2 92
4 112
2 53
5 87
5 133
4 83
2 60
2 64
2 102
1 52
1 111
2 62
5 130
5 89
4 92
1 52
1 102
3 97
3 122
2 62
1 45
1 65
4 41
1 104
1 62
1 44
4 51
2 37
5 136
2 41
5 144
3 42
2 70
1 20
1 48
3 48
5 99
2 64
5 160
4 67
2 24
2 51
1 84
4 116
5 85
5 122
1 45
5 121
5 95
4 102
1 14
3 102
3 120
1 81
4 113
4 33
1 36
5 139
3 105
1 47
1 109
2 52
2 81
2 25
3 86
3 84
2 106
1 96
3 110
3 124
5 55
5 60
4 69
2 96
2 60
4 64
3 115
5 98
2 92
4 51
1 39
5 140
5 134
5 60
3 124
4 91
4 70
2 98
5 137
3 110
1 81
3 72
1 28
5 133
1 64
2 100
3 40
2 67
4 82
4 56
4 137
5 58
1 20
5 122
4 139
5 140
5 74
1 69
2 105
4 123
2 49
4 104
3 30
4 79
2 82
5 55
2 93
1 98
3 36
3 29
4 79
5 53
2 63
1 38
2 83
2 102
4 98
4 52
4 78
2 85
5 126
2 60
4 93
4 99
5 132
2 95
1 52
2 39
2 43
2 85
2 68
1 77
1 59
5 107
4 116
3 108
3 114
5 112
1 68
3 88
2 123
3 96
3 64
3 62
1 22
2 120
2 106
1 84
3 114
5 107
2 21
1 35
5 64
1 98
1 37
5 131
5 107
5 104
3 118
5 128
4 87
4 55
3 40
5 83
4 45
4 142
3 119
4 74
1 78
5 128
2 82
2 124
1 62
3 38
1 26
2 67
5 131
3 70
3 66
3 118
3 59
4 135
3 65
5 91
3 84
3 43
4 129
5 58
5 107
5 72
3 131
3 73
1 106
5 114
5 65
2 35
5 124
3 118
5 110
2 59
3 130
4 102
1 92
3 79
2 64
5 78
3 115
4 51
5 86
2 73
3 97
2 107
3 28
3 44
2 88
5 107
5 119
1 73
1 75
4 106
4 73
2 85
5 48
4 57
3 111
4 86
3 79
4 83
2 106
3 105
4 137
3 93
4 79
2 119
2 51
4 54
5 136
2 36
5 63
1 38
2 86
3 90
3 128
2 76
4 57
1 15
2 102
2 22
1 19
4 81
1 35
5 81
3 103
4 78
3 106
5 82
1 95
3 119
3 78
5 85
5 117
1 89
2 39
4 120
5 113
3 31
2 112
4 78
5 108
2 111
1 50
2 103
2 83
3 85
1 15
3 120
4 74
4 134
5 72
5 68
2 25
3 119
1 39
3 56
3 104
5 143
2 81
1 64
5 129
1 39
4 134
1 90
5 50
4 72
4 56
4 110
2 33
1 46
2 61
5 119
1 40
5 58
4 116
4 113
4 129
2 53
5 44
3 131
2 41
3 74
1 95
1 106
2 96
2 52
1 96
1 19
4 102
3 76
1 100
4 116
4 109
3 78
5 102
1 82
5 67
5 152
2 51
1 75
1 21
1 72
4 126
4 82
5 137
1 80
1 75
4 121
3 103
3 63
1 61
2 45
3 70
5 138
2 119
3 114
1 32
2 28
3 40
2 85
5 61
4 133
1 30
3 39
2 106
5 72
1 15
1 102
5 128
1 74
4 42
1 93
5 150
2 89
5 99
3 121
4 141
4 55
1 31
1 70
2 83
4 108
4 89
3 105
2 50
2 27
4 118
5 96
4 127
2 84
5 74
1 83
4 42
2 119
5 82
5 84
2 34
4 116
1 29
3 64
2 116
2 113
5 138
1 95
3 45
5 115
3 115
3 68
4 119
3 74
1 107
2 89
3 82
3 82
1 42
2 57
3 102
3 111
5 62
1 84
3 55
3 83
1 56
3 57
2 32
5 126
5 136
5 113
3 97
2 86
4 84
5 74
3 91
3 111
1 58
3 111
3 98
1 19
5 128
5 54
4 100
2 28
4 45
2 44
5 74
2 106
2 104
3 55
4 54
5 141
5 134
4 134
3 90
1 27
2 45
5 92
4 49
1 41
1 30
2 86
2 43
5 126
5 109
3 95
5 121
4 120
4 58
2 113
1 91
3 102
1 98
3 74
3 123
2 29
4 116
1 25
3 80
1 93
2 88
4 139
5 88
5 125
3 33
3 42
1 47
2 88
1 50
3 119
3 111
3 62
2 37
1 82
3 77
3 117
1 76
1 62
4 101
3 108
1 32
5 123
5 110
2 54
1 53
3 44
1 78
4 96
1 104
1 21
5 87
2 81
2 114
5 118
5 72
1 34
5 73
4 75
2 24
1 72
3 99
2 107
2 25
1 45
1 23
5 149
5 136
5 56
5 76
5 113
2 81
4 124
1 25
1 86
1 39
3 93
4 112
4 56
4 112
4 60
4 70
4 45
5 144
4 88
1 18
2 76
3 75
3 126
4 116
5 159
1 29
3 51
1 42
2 104
3 98
2 22
5 137
5 53
2 92
2 118
2 114
2 47
1 15
1 97
3 125
2 34
1 61
2 46
5 116
1 50
1 34
3 122
5 107
5 144
3 70
1 109
1 9
1 87
5 81
3 97
2 63
1 36
2 22
2 65
2 75
4 109
5 133
2 32
1 100
1 15
4 91
2 39
4 60
4 67
3 46
1 23
3 47
4 123
4 60
5 140
3 83
2 105
5 155
4 60
5 44
1 59
5 148
3 59
5 98
4 69
1 86
3 93
2 46
3 39
5 63
1 76
1 28
5 109
4 79
5 42
2 39
2 45
3 107
4 120
1 83
2 99
4 111
3 54
4 70
3 81
2 101
5 151
4 48
4 104
4 50
4 59
4 102
4 66
3 116
3 113
5 85
2 114
4 121
5 137
4 127
5 100
5 102
3 125
1 73
3 95
5 73
2 94
1 26
1 61
4 61
2 64
1 82
1 53
4 121
3 73
1 102
4 64
4 146
2 72
5 116
5 94
5 109
4 90
1 67
4 33
1 28
4 46
4 52
3 122
1 90
3 90
3 73
5 103
5 58
1 107
4 46
2 122
1 32
2 97
3 80
4 101
1 107
5 101
2 33
1 23
3 78
4 116
4 64
1 32
4 61
3 57
1 64
4 73
4 60
2 74
2 46
4 79
4 130
5 111
3 71
2 33
1 47
5 100
4 84
3 80
2 111
5 84
5 60
2 86
1 61
5 132
3 122
1 89
5 73
2 109
3 43
3 99
5 83
2 118
5 81
4 82
5 64
4 132
5 61
5 100
5 93
1 69
3 117
4 73
1 40
4 126
4 62
3 58
2 53
3 58
2 100
4 116
2 111
1 30
3 64
5 62
5 55
5 90
5 74
5 67
2 29
1 79
2 93
5 94
4 67
1 99
1 91
2 108
4 135
2 66
2 95
5 132
1 51
3 108
5 73
3 88
2 28
3 114
3 114
4 119
5 50
2 95
2 108
2 39
2 117
2 108
2 111
4 97
1 29
5 115
2 27
5 127
1 80
3 79
5 85
1 79
2 113
2 86
2 39
5 150
3 109
2 52
3 48
2 54
5 144
4 66
4 135
4 131
2 61
2 34
1 72
2 60
4 126
1 51
1 43
1 40
5 95
5 76
1 67
4 96
1 60
3 76
2 107
1 102
4 52
5 78
3 68
4 70
1 32
2 30
5 68
5 135
2 33
4 110
1 26
2 58
3 111
1 105
5 145
4 95
3 71
1 50
5 83
3 99
4 128
3 45
4 118
3 111
4 123
4 107
4 93
3 94
1 40
1 70
4 107
2 99
2 37
3 87
1 81
4 91
2 31
4 84
3 36
2 110
5 158
1 76
5 133
3 70
1 31
5 60
5 120
5 123
4 140
2 28
1 70
2 102
3 40
3 95
4 111
1 17
2 89
3 125
3 121
2 57
5 103
2 74
2 40
2 21
2 78
2 36
1 39
1 63
3 88
1 66
3 52
2 93
2 103
3 120
5 139
4 51
4 58
3 95
5 113
5 110
1 75
3 77
5 110
1 70
3 97
2 74
4 83
3 48
4 40
4 128
1 86
4 102
4 91
5 143
2 45
5 51
5 74
2 98
5 143
2 56
1 27
1 63
3 92
2 39
5 80
4 59
4 42
4 138
1 30
2 100
3 94
2 40
3 93
5 147
4 63
1 20
4 65
3 53
4 125
4 129
3 34
3 38
1 93
4 108
3 84
5 128
3 105
5 130
1 59
2 55
3 101
1 47
1 14
2 48
3 34
5 92
2 103
2 47
3 97
3 110
4 130
4 52
1 42
5 136
4 49
5 96
5 134
5 92
5 127
1 102
2 72
1 101
4 36
3 80
5 125
5 140
3 61
1 82
1 14
5 69
1 49
2 115
5 79
2 46
1 34
3 127
1 100
1 70
1 102
1 11
1 25
2 115
2 114
2 84
5 120
1 64
3 38
2 51
1 78
4 99
1 13
1 77
2 56
3 33
2 40
3 84
2 41
1 15
2 34
4 65
2 83
1 14
3 85
5 152
2 42
2 113
1 18
5 103
2 49
2 40
1 76
5 92
1 23
2 95
2 82
3 61
3 44
4 70
4 133
2 37
5 129
4 97
1 26
4 70
5 117
4 83
4 97
1 24
2 116
1 37
3 82
1 55
3 48
3 28
1 34
3 108
3 127
2 116
2 64
2 56
5 100
3 61
4 51
5 121
1 13
1 107
4 131
3 71
3 103
4 87
5 130
4 42
5 97
5 110
2 66
4 143
2 30
5 115
4 94
4 108
4 94
4 128
2 52
4 72
1 46
3 92
3 53
3 124
3 52
1 84
2 85
4 96
3 82
1 85
2 80
5 64
4 135
1 99
2 101
4 91
3 34
5 47
3 127
2 32
5 122
5 146
1 91
4 139
2 88
5 72
2 112
5 106
2 54
3 67
2 76
3 73
4 131
2 111
4 102
1 107
3 92
2 31
5 124
5 84
1 71
3 129
2 82
4 123
5 57
1 53
4 108
4 119
5 80
4 89
5 84
3 108
2 43
4 56
3 95
4 73
3 67
3 64
5 107
4 46
5 126
4 105
5 159
3 56
5 109
5 60
5 129
4 113
5 113
4 107
1 21
2 61
1 87
3 98
2 106
1 16
2 46
2 54
1 77
4 108
5 88
3 49
3 59
2 42
5 79
2 103
3 33
3 109
1 40
3 83
4 68
5 69
4 131
4 134
2 52
1 95
5 63
2 83
2 61
4 139
1 19
3 31
4 107
3 122
4 33
2 104
3 55
1 45
3 70
4 80
3 28
1 85
5 141
4 125
3 52
4 107
4 97
1 106
1 22
2 33
2 70
3 117
1 18
4 45
2 121
2 46
4 87
1 32
3 74
2 48
3 119
4 53
1 89
3 70
2 39
2 83
1 42
3 94
4 54
2 43
3 55
3 42
3 45
1 28
1 107
3 98
4 37
2 110
2 103
1 95
4 45
2 75
5 62
4 131
5 124
5 86
2 117
2 106
3 55
4 79
1 77
4 59
2 87
4 139
1 70
1 43
2 98
4 50
4 84
5 118
4 53
3 96
2 120
5 79
3 38
4 107
2 86
5 54
1 33
5 108
5 53
2 77
4 80
1 64
2 35
5 119
4 56
2 31
5 51
2 121
5 127
2 120
3 105
4 83
1 25
1 15
2 111
3 118
4 122
1 16
4 48
3 57
1 53
1 93
2 82
1 54
5 61
2 26
1 97
2 77
2 108
5 84
1 93
4 143
3 63
5 122
3 57
4 100
1 28
2 81
3 63
2 81
2 80
3 108
3 123
5 55
1 32
5 126
1 101
5 78
4 106
1 99
3 66
1 34
4 63
5 73
1 73
3 42
5 72
3 83
2 108
2 90
5 120
3 125
1 108
5 77
1 79
1 18
3 39
4 57
2 73
4 111
1 98
4 115
4 50
2 65
5 133
3 120
2 46
1 106
1 69
3 26
1 59
3 118
2 85
4 114
4 54
5 113
3 96
5 65
2 46
5 54
2 111
1 101
2 40
4 92
3 34
2 74
5 128
5 150
1 85
3 102
2 67
5 55
2 79
3 33
1 39
1 38
5 47
3 99
2 87
3 45
3 70
3 71
4 108
5 76
2 120
5 51
2 47
5 108
2 82
2 34
4 130
1 35
3 48
3 104
3 81
5 133
4 76
3 52
1 36
2 26
1 13
2 74
1 87
1 25
2 105
3 61
3 77
3 112
3 51
1 22
4 95
3 76
2 79
1 66
5 91
1 23
5 65
2 80
2 61
5 57
4 71
1 111
1 22
3 106
5 102
3 73
2 105
5 55
2 21
5 118
1 79
5 142
3 49
4 92
3 66
3 89
2 79
4 83
4 119
5 90
3 83
2 99
4 109
1 16
3 39
5 127
5 50
3 101
3 65
4 90
3 135
2 122
4 78
3 104
5 123
1 48
5 109
1 87
5 153
5 66
2 70
5 114
3 31
2 98
3 46
2 115
5 76
4 49
5 58
2 77
1 16
2 21
5 79
5 134
5 88
1 70
5 122
5 95
2 66
2 41
5 80
5 101
1 38
5 143
4 120
1 15
3 49
2 118
5 103
5 67
5 134
3 26
2 106
2 72
2 43
1 91
4 96
1 86
2 28
4 132
1 94
3 120
2 92
2 60
1 25
1 29
1 97
3 29
2 71
4 47
2 115
5 99
4 85
1 32
3 38
1 68
1 82
3 69
3 81
4 99
3 109
2 95
5 84
2 43
5 110
4 131
1 52
1 73
5 101
3 94
5 82
4 54
1 51
2 96
4 100
2 116
1 16
5 126
2 74
4 61
3 103
2 25
2 113
2 87
2 84
5 74
5 75
1 101
3 101
3 121
3 74
5 98
3 104
1 55
5 144
1 88
4 63
3 74
3 95
3 107
4 36
4 122
1 99
2 33
2 47
1 98
1 21
1 53
4 118
1 68
1 92
4 85
5 115
5 61
1 61
4 64
5 74
1 58
5 118
4 50
1 60
4 64
4 105
3 110
4 41
4 59
4 123
2 34
3 28
1 89
5 77
5 131
3 86
1 23
3 40
2 37
1 61
2 97
2 34
4 65
4 119
5 56
2 61
1 23
3 125
4 95
4 121
1 88
1 108
4 55
1 72
4 76
3 32
5 100
5 116
5 67
4 67
5 57
1 108
5 41
5 118
3 110
1 64
4 66
2 116
3 128
5 121
2 117
1 71
5 148
5 109
3 87
4 59
2 43
5 104
3 62
1 69
4 99
1 109
3 77
3 94
3 93
2 76
1 38
2 40
3 74
5 101
4 138
2 61
3 123
3 37
5 122
5 133
3 127
1 40
1 59
1 62
5 118
5 113
1 97
4 102
4 109
4 74
1 21
1 79
3 71
4 48
1 56
3 59
2 50
1 102
2 28
4 54
1 46
1 24
5 112
4 62
1 98
1 54
4 96
3 81
4 66
5 81
4 59
2 111
1 110
2 51
4 77
1 63
4 108
4 106
4 101
1 90
2 38
3 39
3 121
4 46
3 65
5 100
2 105
2 53
5 123
1 22
2 31
3 70
2 66
1 50
2 82
2 119
4 66
4 75
5 88
4 105
2 119
4 92
3 121
4 128
3 87
1 56
1 85
1 59
4 68
2 56
4 139
3 49
1 59
5 94
5 133
5 69
3 87
3 111
1 86
1 46
2 103
3 39
4 134
5 95
4 49
3 30
3 80
1 37
2 113
3 109
3 54
2 38
1 100
3 85
5 68
4 113
1 34
1 60
4 74
5 111
3 79
2 34
4 54
4 136
2 101
2 79
4 113
5 111
4 104
5 124
5 138
2 41
2 33
2 95
1 69
3 120
2 82
2 42
3 97
3 111
1 99
2 68
4 66
4 64
3 60
5 148
4 121
2 25
2 121
5 80
1 79
4 65
2 35
2 48
5 145
3 69
2 50
3 120
4 134
2 71
5 139
1 48
3 55
2 30
2 20
3 74
3 101
2 44
5 140
3 105
1 67
1 49
1 96
3 71
4 135
3 59
4 73
2 92
3 84
5 69
1 40
3 82
4 91
5 55
2 92
3 41
3 59
5 65
2 107
4 115
1 31
3 54
1 31
5 139
5 63
5 93
2 88
2 42
5 117
2 31
2 57
5 140
2 107
1 111
5 72
5 138
3 65
2 58
1 99
5 119
1 60
1 22
2 57
4 133
2 70
1 67
1 87
4 105
5 148
2 89
3 73
2 34
5 103
5 130
2 54
2 26
1 20
3 111
2 83
1 27
1 53
2 86
4 94
3 45
5 49
3 50
1 31
5 90
3 100
4 131
3 74
2 77
5 101
2 49
3 87
4 136
3 85
2 65
4 69
2 31
1 51
3 55
2 58
2 50
2 91
4 81
2 87
2 33
4 60
2 31
1 17
2 104
4 65
1 65
4 61
5 69
5 94
2 87
1 88
1 16
5 110
2 28
3 125
5 113
4 79
2 55
1 99
1 20
1 61
2 30
4 66
3 42
1 34
3 110
1 50
4 66
5 81
2 49
4 60
4 72
3 96
3 47
1 52
3 46
1 59
4 74
3 62
5 118
1 64
4 43
5 134
2 50
5 74
4 42
2 41
3 121
1 46
2 29
5 79
3 102
1 54
2 91
5 109
2 59
2 55
1 43
4 92
5 58
4 45
1 30
5 123
3 106
2 50
2 49
1 66
2 112
4 70
4 107
2 34
5 120
2 90
3 47
4 118
3 36
4 71
2 49
3 68
3 72
1 51
5 62
5 112
4 62
4 40
2 48
4 133
2 40
3 97
5 125
5 108
2 115
3 29
3 94
5 153
4 69
5 87
5 100
1 29
4 53
4 56
1 39
1 70
2 74
1 77
3 130
4 132
4 89
2 29
3 114
2 105
4 109
1 102
1 39
1 18
2 37
3 43
2 71
1 43
1 40
2 108
2 65
1 75
1 30
2 39
2 105
1 110
3 92
2 21
2 46
5 72
2 24
2 69
2 90
5 91
1 81
2 40
1 98
3 118
4 89
5 68
2 65
4 144
4 88
4 74
2 85
2 59
4 120
1 77
1 18
3 95
4 49
2 115
5 129
2 111
1 12
5 77
1 72
2 66
1 84
2 57
2 85
5 141
1 24
4 50
4 102
2 97
4 85
3 75
2 86
1 54
5 47
4 42
2 75
4 97
4 127
5 65
3 64
2 118
1 112
4 69
4 138
5 61
4 106
4 120
4 115
5 72
3 122
4 77
4 33
1 86
3 128
5 104
3 80
1 19
1 93
5 137
1 74
1 78
3 49
4 136
2 73
3 41
2 103
2 48
4 111
3 40
4 100
5 100
2 60
3 27
3 71
2 103
5 75
4 123
3 44
3 122
2 89
4 81
4 109
4 107
5 150
1 106
1 37
4 87
4 61
4 53
2 34
5 120
3 67
1 58
2 84
3 55
5 140
3 40
3 79
4 63
4 52
4 74
3 102
5 104
1 60
1 26
2 84
3 37
2 60
3 111
5 101
5 141
2 72
4 123
2 74
2 58
5 48
5 115
1 46
4 102
4 71
1 89
2 28
2 107
1 63
4 128
3 121
3 111
5 144
5 155
4 107
5 136
1 101
1 20
5 131
1 100
4 72
5 130
4 95
5 133
1 78
4 104
5 80
5 103
2 117
1 110
1 53
2 44
5 127
1 30
2 95
2 49
1 45
5 65
2 66
2 40
1 109
5 80
3 98
3 54
5 47
1 18
4 64
1 40
1 49
5 68
1 29
5 144
4 37
5 124
4 84
1 49
2 27
3 77
2 115
4 105
3 55
5 159
4 101
1 21
1 23
3 61
4 44
5 110
4 114
1 105
4 57
2 81
1 29
2 109
3 50
5 83
5 58
5 100
2 82
3 85
4 102
3 113
4 103
4 61
2 73
2 65
3 60
2 24
4 101
4 111
5 57
4 49
3 76
4 140
4 86
5 78
2 118
5 135
4 99
5 130
5 113
5 95
4 49
4 138
1 23
3 116
3 83
3 71
1 52
4 129
5 139
1 101
4 50
2 84
1 97
1 34
1 88
5 60
2 99
4 87
3 122
2 34
5 138
3 32
2 26
2 43
1 51
5 103
2 64
2 56
1 96
1 108
4 136
5 93
3 109
3 42
2 52
3 67
2 92
3 120
5 126
4 83
1 94
3 120
5 62
1 107
1 16
2 64
1 25
5 116
4 116
1 79
3 36
3 39
1 83
5 100
1 62
5 84
1 71
4 54
5 136
3 76
5 131
1 95
5 74
2 79
2 73
4 126
1 106
4 44
5 129
2 123
5 77
2 100
3 113
1 101
5 146
4 102
2 63
5 105
3 82
3 49
4 95
1 52
5 137
1 12
4 88
2 45
4 56
2 56
3 40
1 40
4 144
2 38
1 51
2 52
3 79
1 109
3 120
5 150
5 153
4 61
2 88
3 91
2 89
4 94
3 42
5 74
2 37
1 29
1 74
2 91
2 82
5 80
5 88
3 91
4 110
5 98
4 72
1 106
2 69
5 92
1 49
5 118
3 32
2 95
3 46
4 76
3 52
3 80
1 25
3 65
4 82
1 22
2 27
2 22
5 137
3 115
2 58
5 121
5 140
2 103
2 29
2 90
1 21
1 52
2 28
4 121
1 36
3 56
5 48
4 115
4 61
4 103
3 105
5 97
1 23
1 55
2 53
2 110
4 101
5 79
2 99
2 102
1 31
1 51
4 78
2 32
2 37
2 107
5 67
1 70
3 64
2 43
1 34
1 56
2 48
5 91
5 108
5 123
2 45
3 27
3 100
2 34
2 51
2 30
3 44
3 108
2 60
4 102
1 92
5 134
2 33
2 31
3 100
5 154
2 56
1 66
2 90
3 107
3 118
2 25
4 128
5 84
2 101
1 40
1 81
5 73
3 69
5 100
2 58
2 54
1 92
2 21
5 153
3 40
2 64
2 53
1 28
3 118
4 100
3 72
3 114
4 122
5 143
2 52
5 68
1 16
5 126
4 67
4 72
5 60
2 41
5 135
1 64
4 102
5 93
5 97
4 81
4 87
1 47
4 75
4 85
4 73
1 58
4 83
3 61
4 118
4 123
3 95
2 59
2 72
4 117
5 116
3 96
5 104
3 67
3 68
4 84
5 106
3 86
1 52
5 79
1 85
1 83
1 25
3 131
5 147
2 112
5 66
4 47
2 65
1 45
5 134
1 99
4 58
3 36
4 105
2 87
4 72
2 64
4 98
5 88
3 55
2 114
3 82
4 35
2 90
2 35
1 21
3 73
1 60
4 89
2 124
2 28
5 67
3 82
2 43
3 36
1 39
1 76
5 63
1 53
2 82
3 120
1 89
5 145
1 110
3 62
5 41
3 92
1 67
1 24
3 69
3 103
3 35
3 117
3 105
5 73
1 46
1 59
1 15
1 61
3 93
5 120
5 51
2 39
1 61
4 94
4 61
2 114
1 38
3 35
5 126
4 99
4 105
2 55
4 112
1 70
3 102
4 90
4 89
2 81
2 111
4 106
2 86
1 20
1 25
5 66
1 39
2 53
4 113
2 69
3 41
2 41
3 75
4 100
3 40
4 111
3 88
4 92
4 50
3 65
2 104
4 144
5 86
2 88
5 112
1 13
2 86
1 56
5 143
5 84
3 83
2 39
2 66
1 74
1 53
1 78
1 63
5 141
3 81
5 49
2 92
5 58
3 98
2 100
1 56
4 41
5 121
3 133
4 65
3 74
5 69
3 48
4 60
2 62
4 53
4 111
5 53
5 133
3 81
2 93
5 147
4 62
5 64
3 89
5 117
1 53
3 70
3 35
1 98
3 69
2 53
2 45
1 69
5 80
2 111
4 83
4 97
3 75
5 116
1 84
1 97
1 37
2 78
1 65
3 55
1 30
4 85
1 20
4 134
2 35
2 38
1 57
5 142
3 116
2 95
3 63
5 74
1 95
2 86
1 87
1 109
2 100
5 63
4 83
4 60
3 113
2 80
3 50
2 54
4 120
3 80
5 72
2 59
4 55
5 110
1 29
1 86
4 66
1 29
5 109
3 120
1 38
1 83
4 121
4 95
5 134
2 47
3 56
5 133
3 58
5 102
4 98
2 42
5 148
5 87
3 48
5 73
3 26
3 30
4 58
1 56
1 27
5 135
5 86
3 48
4 103
5 84
3 50
2 110
1 86
1 74
4 126
4 126
4 74
2 26
2 59
4 130
4 79
2 28
5 127
3 94
3 62
2 39
2 90
3 36
1 67
5 126
5 60
2 57
5 119
5 97
4 72
2 107
5 107
5 119
2 90
3 110
4 126
5 131
5 91
5 69
1 21
4 107
5 144
2 28
4 62
4 45
3 94
4 69
2 41
4 94
5 121
4 88
3 113
2 59
1 92
2 107
4 99
1 100
4 52
2 52
2 40
4 120
1 82
5 135
1 22
3 127
5 108
5 84
3 41
4 98
4 87
5 144
5 65
1 104
1 84
2 47
2 57
3 80
2 37
2 43
1 100
5 136
5 86
3 80
1 106
3 72
1 50
1 43
3 101
1 98
1 90
5 151
5 97
5 85
3 51
5 111
3 88
4 67
4 102
3 93
5 127
1 42
5 61
2 38
4 127
2 73
2 94
4 127
3 50
4 98
1 66
2 74
2 69
5 81
2 121
2 52
3 34
2 42
3 111
4 77
5 83
5 138
1 75
4 114
3 66
3 130
1 84
2 83
4 116
1 56
5 81
3 83
3 110
2 88
1 24
2 88
3 91
1 99
1 95
4 94
2 114
3 47
2 76
5 89
2 53
2 56
5 41
2 93
4 78
3 43
3 91
3 84
4 88
2 46
2 104
2 100
4 113
2 54
5 60
3 74
4 92
3 79
1 33
5 128
1 72
1 23
4 124
1 68
3 42
1 58
5 84
1 68
5 98
5 87
4 83
5 85
1 58
3 117
3 83
5 78
1 45
2 48
3 65
4 117
4 57
2 50
4 99
5 90
5 57
4 121
3 61
5 111
5 143
3 110
3 53
2 73
3 73
3 36
4 135
1 27
2 101
5 86
1 87
4 112
1 106
1 55
1 49
1 86
3 79
4 83
4 119
3 77
1 88
3 48
1 36
2 55
5 107
5 106
3 100
5 72
2 51
5 56
5 66
2 78
2 58
3 62
5 131
5 130
4 66
2 82
5 76
3 125
5 107
1 87
3 43
1 72
2 94
4 122
3 122
3 111
4 38
5 118
1 93
3 50
1 87
4 59
4 130
4 127
2 44
2 114
3 103
4 61
5 58
4 51
3 119
1 28
1 36
5 53
4 66
4 53
5 75
4 105
5 103
5 83
4 91
5 108
4 100
2 112
4 128
5 51
5 102
1 84
1 69
1 27
4 102
2 98
2 46
1 85
5 143
2 42
4 79
3 119
2 56
5 72
1 17
3 48
4 103
5 138
3 60
5 72
2 70
2 105
2 84
1 35
2 75
1 80
5 48
2 43
3 65
4 132
2 75
2 92
2 39
2 29
2 73
4 75
2 33
1 88
3 40
2 59
2 37
1 53
5 87
3 96
2 60
1 62
1 18
2 116
1 22
2 77
4 117
4 125
5 73
4 86
5 136
3 123
2 119
1 15
4 66
1 99
4 134
5 90
3 80
4 105
4 53
5 123
2 116
2 61
2 33
1 15
1 53
5 111
4 67
5 84
1 105
3 67
4 123
4 125
2 91
1 83
1 22
3 98
1 55
2 110
5 135
4 109
4 81
1 21
1 62
4 82
4 90
3 36
4 117
3 96
5 54
2 46
4 60
2 64
4 94
3 103
1 54
4 50
4 91
2 53
4 48
1 102
1 36
3 105
4 102
3 77
2 114
1 67
5 102
4 50
1 98
2 48
1 102
1 38
4 84
2 104
5 126
4 84
4 127
4 101
4 123
2 53
5 136
3 31
1 70
5 141
4 105
2 49
2 35
2 40
2 57
3 102
1 22
3 40
3 90
4 114
1 97
4 81
1 25
3 126
2 79
1 12
5 95
1 83
1 67
5 53
3 96
3 79
3 54
2 80
2 57
3 108
3 66
1 107
2 102
5 70
1 82
5 51
4 46
2 44
5 137
1 23
2 40
3 119
1 77
1 52
5 136
1 89
4 52
1 101
3 85
4 53
3 96
4 60
1 32
4 57
2 92
3 35
3 65
1 39
2 25
2 99
1 94
5 153
2 91
4 77
2 98
2 81
3 77
5 107
5 51
5 135
2 56
1 30
3 55
4 135
1 36
5 85
3 101
5 94
3 62
5 143
2 35
3 87
2 79
4 117
1 106
1 76
2 72
2 76
5 70
5 160
3 121
1 18
3 74
4 120
3 106
2 70
2 74
3 61
2 51
5 67
3 68
4 55
4 59
3 64
4 44
1 15
2 82
1 77
1 63
3 82
4 79
5 142
3 104
1 103
4 69
3 112
5 142
5 107
4 74
4 69
4 51
2 62
5 113
2 48
2 41
5 79
3 71
5 100
4 133
3 88
1 29
4 56
3 49
4 74
2 76
1 85
3 34
4 108
3 122
5 107
5 77
5 66
3 63
4 108
4 64
3 36
3 84
3 105
5 53
2 107
4 74
1 84
4 76
5 80
1 87
5 63
2 21
2 108
1 95
3 50
4 90
1 23
2 71
5 139
5 106
2 65
4 51
5 147
2 100
4 78
5 64
5 149
1 74
2 80
5 136
1 107
5 112
4 45
4 88
3 47
4 147
4 76
1 80
1 37
1 93
3 103
3 49
2 30
2 58
4 70
4 99
4 119
4 129
4 79
1 21
4 148
1 33
3 51
3 113
1 83
1 64
5 68
4 40
5 74
1 96
2 111
5 149
3 109
1 77
5 107
2 94
5 55
1 88
4 46
5 88
2 89
3 60
3 94
5 114
1 31
3 94
2 68
3 55
5 65
5 91
2 86
5 125
5 112
5 149
2 56
1 28
3 96
1 110
3 93
2 31
5 77
2 98
2 41
2 62
4 103
5 71
5 102
4 41
2 62
4 138
4 88
3 41
1 59
2 105
5 85
2 48
5 80
1 32
2 48
2 71
3 92
4 78
4 110
1 24
2 30
3 84
5 147
3 136
2 88
3 107
5 101
4 63
3 39
5 130
3 56
1 24
4 80
4 95
3 75
5 135
4 108
2 63
4 143
2 98
3 48
3 92
3 91
3 102
1 65
3 103
3 94
5 69
5 57
3 114
2 69
4 120
4 108
4 112
2 44
3 113
4 94
1 37
4 91
4 55
3 66
5 64
1 73
3 43
1 58
3 100
4 105
4 52
5 150
4 112
2 40
4 110
5 138
4 106
2 79
2 60
3 129
5 46
4 65
4 112
5 82
2 67
3 59
5 53
3 108
4 37
2 104
3 87
5 160
2 87
3 117
3 103
4 97
3 27
1 23
2 49
3 40
5 88
3 76
2 107
2 58
4 69
3 124
2 112
5 139
5 132
2 47
1 26
3 39
3 70
4 50
4 96
2 104
2 47
1 90
5 127
5 46
2 49
2 85
2 95
5 80
3 36
5 128
1 26
1 47
4 77
4 97
2 98
1 31
3 71
4 91
1 32
5 61
3 51
1 28
4 56
1 106
1 64
1 17
2 51
3 121
4 108
5 109
4 57
4 138
3 36
2 78
2 122
5 99
4 92
4 97
2 43
4 80
3 105
4 96
4 76
2 107
4 44
4 55
5 150
2 111
3 69
4 86
3 102
4 45
3 126
2 102
2 92
5 121
2 117
3 40
1 66
2 28
4 49
3 41
3 49
4 80
4 110
3 51
5 102
4 91
4 73
2 114
1 39
4 49
5 86
4 92
3 131
1 64
3 48
4 93
1 79
4 95
5 148
4 69
2 46
4 123
5 143
5 70
5 89
5 69
4 52
1 74
1 13
1 70
4 106
4 54
1 34
2 74
2 69
1 88
4 47
4 103
5 130
3 100
5 57
1 82
4 141
4 76
4 53
3 97
3 68
1 77
5 74
3 101
2 73
4 49
5 71
3 75
4 41
3 112
3 49
1 25
3 76
3 63
4 126
1 59
4 106
1 17
5 142
2 104
3 79
2 113
1 86
4 39
4 85
5 112
5 89
3 93
5 93
4 60
1 20
4 77
2 66
1 99
4 108
1 33
4 106
5 122
1 82
2 102
2 90
4 109
1 61
5 132
3 81
5 113
3 111
1 29
1 92
2 36
5 124
5 135
1 100
4 127
5 102
5 119
3 54
2 35
5 67
2 60
3 62
2 95
4 131
4 120
4 83
2 52
1 44
5 46
4 87
4 128
1 83
4 52
1 53
1 62
4 49
3 62
5 114
1 18
2 104
2 60
4 139
5 47
5 45
4 36
5 138
2 46
2 85
4 141
2 104
3 114
3 114
3 111
2 26
4 55
2 41
5 103
1 26
4 41
1 73
4 127
2 91
2 68
3 128
3 114
4 93
2 46
1 106
3 48
5 135
1 44
5 66
2 112
1 66
2 78
5 96
1 27
5 136
1 68
4 148
2 59
2 74
5 147
4 93
5 122
2 87
1 37
3 107
1 36
3 94
3 46
4 77
5 145
3 93
3 51
5 46
3 33
2 94
4 98
2 77
5 47
3 124
5 130
2 80
2 105
2 37
2 32
2 93
1 47
3 76
2 122
4 38
5 130
2 66
1 38
4 48
5 118
4 123
1 81
2 89
2 26
1 33
1 80
1 22
1 105
1 68
4 128
2 30
5 108
4 116
5 133
4 133
2 17
3 99
2 111
2 98
5 76
4 73
3 93
2 37
1 65
2 90
4 100
2 41
5 61
2 99
3 39
1 38
1 91
2 97
4 67
4 48
2 75
1 50
2 105
3 131
5 73
5 138
4 53
3 70
4 132
4 88
5 92
4 76
3 66
2 38
5 90
3 111
3 56
4 70
1 98
5 130
4 91
4 49
2 39
1 107
5 145
1 89
1 66
4 128
3 108
5 91
1 94
3 126
5 66
2 51
2 24
1 95
5 124
5 75
3 44
4 91
5 111
1 22
2 36
4 132
3 50
4 132
4 59
3 93
4 55
1 63
5 149
4 126
2 95
1 62
2 103
3 102
2 79
4 107
5 101
1 68
5 84
3 74
4 86
4 78
1 100
1 64
1 103
1 72
5 55
1 25
3 102
2 79
5 126
2 58
3 73
5 72
2 117
1 63
2 45
1 34
3 82
2 49
2 33
3 127
4 49
1 12
1 105
3 102
2 121
5 84
5 124
5 69
4 87
5 94
1 16
4 97
2 49
5 138
4 120
2 101
3 37
2 99
5 76
1 22
1 92
5 157
3 116
2 103
1 42
3 46
1 50
2 56
2 44
5 147
4 47
3 107
4 90
4 126
1 99
3 47
1 64
2 87
3 28
2 81
4 118
2 112
1 102
1 74
4 103
4 128
5 134
2 84
5 83
4 56
1 62
4 73
3 129
2 37
1 13
5 107
3 64
1 94
1 40
1 93
4 59
1 24
3 92
5 92
3 50
5 85
4 61
3 102
2 92
3 127
2 69
1 79
3 101
4 64
4 102
5 132
1 11
5 135
5 92
1 47
1 62
5 89
5 79
3 122
1 71
4 100
5 80
1 62
4 66
3 39
4 93
2 54
3 36
3 50
5 99
2 104
4 137
5 119
2 63
2 22
1 67
1 18
4 108
4 137
3 127
4 117
1 27
2 35
1 82
3 92
5 150
3 113
1 91
2 29
5 115
4 109
3 89
5 96
2 84
5 149
2 40
2 37
5 53
3 122
5 73
1 92
2 97
1 38
3 107
4 83
2 116
3 93
1 16
3 124
3 45
2 102
2 97
5 58
1 74
2 55
1 107
3 58
5 116
5 146
4 88
1 61
5 65
2 59
5 113
5 103
5 61
3 77
3 101
3 87
4 121
1 63
5 50
3 109
1 106
1 49
3 47
5 85
1 22
3 100
1 50
2 77
2 27
4 105
1 99
5 68
3 41
2 27
3 94
2 27
3 40
4 114
1 87
1 43
5 111
4 86
4 126
5 117
3 79
2 47
5 141
5 122
5 113
4 51
4 142
1 77
5 61
4 82
4 72
2 82
1 59
5 142
3 119
1 50
4 55
4 72
5 67
4 43
4 54
1 89
1 51
1 24
5 50
4 119
4 58
5 133
4 77
3 63
2 80
4 76
1 63
3 75
5 125
1 22
3 79
1 86
5 67
2 105
1 68
5 143
4 42
1 29
3 84
5 142
1 83
5 58
3 62
4 94
5 136
3 93
3 95
5 66
4 69
4 74
2 61
3 107
3 101
3 45
3 103
5 91
2 76
2 79
5 119
3 44
1 85
2 30
4 63
3 107
4 108
2 48
3 69
4 33
3 66
5 122
5 85
2 49
5 84
1 23
5 91
3 115
1 33
1 71
3 68
4 70
5 126
2 91
2 74
5 118
5 69
3 71
1 64
5 55
4 40
2 102
3 92
4 140
4 38
4 55
2 113
4 144
4 118
3 80
2 75
2 82
2 70
1 109
1 90
2 68
3 47
1 103
1 86
4 83
1 68
3 115
5 71
5 89
3 125
2 28
5 86
4 33
3 68
2 105
3 91
2 65
5 139
3 127
4 128
4 139
1 40
1 17
5 81
3 124
2 70
2 97
3 60
1 13
1 54
5 67
1 62
1 46
2 73
3 89
3 70
1 47
4 72
1 43
5 65
5 149
1 78
5 135
3 84
2 104
5 61
3 88
5 61
3 99
3 87
2 31
5 120
4 135
1 78
5 82
3 57
4 105
3 71
5 88
5 96
1 40
2 59
3 81
1 38
1 21
5 63
3 99
5 89
3 117
5 84
2 40
4 101
4 43
2 45
3 43
5 138
4 124
3 47
5 101
3 116
2 119
5 59
5 110
2 101
3 125
5 91
5 82
3 125
4 69
3 76
5 151
4 100
5 109
1 23
5 118
1 99
2 73
3 72
5 111
4 88
1 75
3 120
4 82
4 125
3 109
3 74
2 66
1 78
4 96
3 86
2 66
3 61
2 115
3 116
5 156
5 76
5 108
1 64
4 46
2 24
2 90
4 139
1 105
2 88
2 24
3 108
2 56
4 93
2 81
1 63
5 115
5 133
2 75
4 83
1 65
5 113
3 106
5 67
5 111
2 87
2 20
1 63
1 38
3 119
3 94
3 113
3 124
2 33
1 101
1 12
2 79
1 52
4 116
1 49
3 45
1 95
4 124
2 25
4 120
2 63
1 32
2 35
5 139
1 67
1 69
2 51
3 86
1 99
3 131
5 138
3 33
2 123
3 118
1 50
4 49
1 55
4 59
4 113
4 62
3 118
2 59
5 122
2 42
2 38
5 75
2 113
5 102
3 92
3 118
2 20
2 41
1 60
4 130
1 58
1 61
3 94
3 120
3 82
4 108
1 37
3 95
1 19
1 21
3 34
5 51
1 43
5 105
3 77
3 37
5 55
2 61
5 109
5 75
2 100
4 67
1 92
3 91
1 43
1 100
2 68
2 94
1 95
2 65
5 53
5 107
5 127
3 108
2 19
4 53
2 63
4 106
2 26
3 33
2 60
2 102
4 59
4 56
5 130
3 56
1 75
1 29
3 120
3 48
5 93
5 105
3 118
1 88
2 85
3 100
1 106
1 37
1 28
3 102
3 58
3 58
2 85
3 73
1 85
2 40
1 61
1 23
5 141
3 77
2 90
4 136
2 78
5 91
3 64
3 114
3 48
2 49
1 102
3 91
4 51
5 47
3 83
2 26
2 38
4 91
5 109
4 64
1 78
3 129
2 109
2 124
5 116
1 43
5 78
2 31
2 103
2 110
1 64
2 102
3 44
2 95
4 56
3 124
3 61
2 59
3 89
2 46
2 42
4 79
3 78
4 104
1 77
2 29
2 95
5 143
4 108
4 109
3 114
1 87
5 149
5 55
5 145
2 48
4 99
4 114
1 64
3 57
2 39
4 110
3 121
2 21
1 58
1 80
5 47
1 82
5 121
4 53
1 103
3 28
4 54
4 89
5 87
2 103
2 34
2 47
4 139
5 93
5 69
4 97
1 69
2 27
5 66
2 28
5 103
5 49
5 89
4 122
4 136
4 105
3 98
2 98
2 72
2 58
1 22
2 72
5 93
1 19
3 82
5 154
5 128
2 118
3 76
3 37
5 111
2 101
5 68
5 53
1 75
5 77
3 52
5 76
3 128
4 132
4 124
5 122
3 65
2 42
5 70
1 22
2 75
1 23
1 89
1 32
4 54
4 110
2 49
4 95
5 100
3 40
1 22
5 113
1 65
2 94
1 77
5 47
1 24
1 84
4 108
2 65
3 68
5 142
4 121
4 38
3 75
1 23
3 112
2 69
5 76
5 123
5 48
5 146
2 49
5 138
5 129
4 81
2 24
2 93
1 22
2 96
3 104
1 24
3 70
4 104
5 102
3 53
4 33
4 99
5 118
4 81
2 59
3 95
4 62
2 93
4 48
3 69
4 45
2 59
5 96
1 16
4 41
1 35
1 19
4 49
2 28
4 132
3 115
3 109
3 112
3 54
3 63
4 125
1 95
4 74
3 96
2 80
2 95
4 92
2 57
3 124
2 69
2 49
3 133
5 140
5 107
4 92
4 110
4 64
4 142
4 63
2 43
3 80
2 23
1 69
2 52
2 67
1 11
1 68
2 116
3 45
3 63
5 149
4 113
1 43
1 108
5 55
2 54
2 96
1 42
1 24
3 65
3 125
2 63
2 85
3 113
1 58
5 150
4 78
1 35
1 78
5 124
4 148
4 112
1 99
4 72
5 98
3 42
1 10
1 97
2 67
3 116
2 21
4 137
4 95
5 97
5 111
2 103
4 104
3 103
2 59
3 80
2 51
3 130
3 95
1 64
1 77
3 66
1 106
5 140
1 95
5 110
2 71
3 86
1 24
3 71
2 73
5 118
3 87
1 14
3 129
3 97
4 57
4 109
2 61
2 63
1 104
1 53
4 115
3 60
1 38
2 59
1 30
3 109
1 58
3 73
5 122
5 131
2 115
2 96
2 74
3 58
2 40
1 97
5 87
3 37
4 45
1 53
4 76
3 101
5 140
3 53
2 94
1 89
5 138
5 56
4 119
2 78
5 60
1 28
5 94
1 90
2 28
1 103
5 123
2 97
3 81
2 23
5 101
2 90
1 94
2 90
5 121
5 111
3 46
3 119
5 138
1 96
1 64
3 70
4 74
1 79
4 61
3 62
5 114
5 146
3 75
3 64
4 73
2 69
2 38
3 102
5 68
3 54
1 27
5 93
2 41
2 72
4 106
3 38
1 71
1 94
3 84
1 102
4 115
2 118
2 103
3 82
4 131
2 95
5 56
4 33
5 100
2 72
2 105
1 93
2 74
4 84
2 94
4 73
3 78
3 39
