498 520797
3 1865
3 2091
4 2310
4 2253
3 2266
5 1974
2 1914
5 1815
5 2336
2 2354
3 2285
4 2086
4 2283
2 1816
4 2031
4 2226
2 2250
3 2077
2 2201
3 2330
5 1896
3 1892
4 1963
2 2390
5 1886
3 1795
3 2246
5 2008
4 1911
3 2367
2 1880
3 1918
4 1967
3 2373
5 1949
5 1844
3 2239
3 2259
3 2141
4 2089
5 1848
2 2007
5 1980
2 2329
2 2180
5 2382
5 2172
2 2113
2 2307
4 2092
3 2265
4 2073
3 2281
2 2267
5 2037
4 1868
2 1965
5 2127
2 2199
4 1857
2 2364
5 1946
3 2202
5 2118
4 1958
2 2306
5 1930
3 2029
3 2147
5 2278
3 1811
4 2015
3 2313
3 2132
5 1858
2 2278
3 1939
3 2004
2 1861
5 1972
4 2361
4 2174
3 2156
3 1883
5 2110
5 1956
4 2048
3 1942
2 2325
5 2343
4 1870
4 2321
5 1835
5 1895
4 1991
4 2349
4 1900
3 2066
3 2203
4 2037
3 2141
3 2026
3 2256
5 1937
3 1964
3 1836
4 2265
4 1831
5 1878
5 1795
4 1868
5 2358
3 2138
4 2346
5 2120
4 1982
3 2203
3 2332
2 2012
2 2150
4 2174
3 1951
3 2145
3 2113
3 2149
5 2273
4 2310
3 2235
3 2327
2 2010
4 2223
4 2169
4 2355
5 2352
5 2177
5 1970
5 1984
5 2057
2 2318
2 2155
4 1955
3 1810
4 1875
2 1923
5 2058
3 1939
5 2303
5 2133
3 1879
4 2304
4 2325
3 1794
2 1944
5 1827
5 1891
4 1951
3 2036
2 2096
5 2308
4 2086
5 2147
3 2140
5 2258
5 2272
4 2147
4 1918
5 1823
5 1836
4 1819
4 2105
5 1818
2 1936
4 1878
3 2003
4 2114
3 2309
2 1817
3 1845
4 2282
5 1998
2 1796
3 2020
3 2101
2 1886
5 2165
3 1829
5 1852
2 1955
5 2217
3 2286
3 1850
3 1952
5 1801
5 1933
2 2258
3 2191
2 2175
4 2342
2 1875
4 2189
5 1820
4 2327
5 2328
3 2102
5 2278
2 2080
4 2216
4 1952
2 2142
5 2031
5 1900
5 1878
4 2118
3 1988
2 1906
4 2028
5 2116
4 2101
4 2196
3 1986
2 2367
3 2295
5 2368
4 2170
4 1930
5 2176
4 1794
5 1869
5 1990
2 2109
2 1881
4 1930
3 2051
2 1896
3 2365
5 2232
5 1981
3 2303
3 1848
5 2122
3 2069
3 2146
4 1807
2 2055
2 2221
3 2195
5 2021
4 2231
2 2123
4 2337
3 2244
2 2017
5 2340
3 2286
3 2223
3 2031
3 1820
5 2309
3 2122
4 2385
4 2272
2 2251
3 2230
2 2345
3 2278
4 1915
3 2284
2 1904
3 2059
3 1851
3 2249
2 1852
2 2338
4 1990
3 1886
3 2159
2 2326
2 2148
4 1849
2 1940
5 2246
3 1835
4 2166
2 1857
5 1811
5 2271
4 2213
4 1947
2 1994
2 1841
5 2236
4 2253
5 2095
3 2034
4 1950
5 2087
4 1849
5 2281
5 2274
3 2055
5 2384
4 2282
2 2044
2 2102
4 1853
5 1985
3 1793
5 2371
2 2156
2 1935
2 2085
2 1931
2 1958
4 1808
2 1935
2 1864
4 2173
5 1976
2 2124
3 1929
2 1975
3 2118
3 1935
4 2179
2 2321
2 2361
4 2155
3 2161
4 1892
4 2162
5 2211
4 2046
5 1883
5 2027
2 2093
2 2101
2 2120
4 1962
4 2370
3 1943
2 2279
3 2009
5 1883
3 2118
3 2302
5 1850
2 1902
3 1825
2 2214
2 2260
5 2085
4 2140
4 2033
4 2004
5 1895
3 2330
3 2227
2 2375
4 1857
5 2103
5 2244
4 1924
4 2291
2 1897
4 2052
3 1812
3 2232
2 2054
3 1842
4 2088
3 1972
2 2140
3 1798
2 2030
4 1831
3 2381
3 1930
3 1824
4 2110
5 1824
2 1959
2 2296
3 2154
4 1801
2 1842
5 1839
3 2274
3 1916
5 2363
5 2119
5 2197
4 2137
5 2051
4 2063
3 2031
3 2053
3 1982
3 2334
3 2251
3 1800
2 2330
3 2254
3 1848
4 2283
5 2347
2 1925
3 2101
3 1794
2 1992
2 2384
5 1943
4 2191
4 2215
3 1828
2 2118
4 1896
3 1993
2 1813
5 2187
3 2208
2 2072
3 2022
3 2051
4 2198
4 2153
4 1828
3 2300
2 2228
2 2073
5 1926
3 1983
4 2058
4 1847
5 1949
5 2166
4 1853
5 2188
5 2098
4 2080
5 2258
2 1925
5 2175
5 1937
4 1995
2 2232
3 2378
4 2189
2 2246
5 2251
5 1915
3 2349
4 2245
5 1957
2 1852
3 2356
2 2196
2 2122
2 2265
5 1858
4 1929
5 1842
2 1990
2 2326
2 1962
2 2020
5 1791
4 2062
3 2354
4 2053
5 1816
2 1801
4 2251
4 1888
3 1945
2 1901
3 2325
5 2250
3 1898
3 1914
5 2284
5 1828
5 2056
4 2333
5 2065
5 1924
3 2041
2 2024
4 2177
5 1918
3 2261
4 1900
4 2061
2 2238
2 2255
4 1818
4 1975
3 2365
3 2344
