5000 1000000
2 380174
4 429418
4 784181
3 867417
3 614290
2 895722
1 594997
4 850723
1 256678
3 863956
1 729452
4 45049
2 980017
3 893270
1 307756
3 469783
2 230164
3 434358
2 662025
3 268294
2 885454
2 890972
4 356849
2 74169
1 681273
1 652257
4 64190
4 221165
1 820197
1 901150
3 486128
4 198311
1 846806
1 222746
4 158023
1 812655
2 690456
1 317197
2 770180
1 852333
4 932629
1 361789
2 835744
4 97283
2 384941
3 635607
4 854544
3 330153
1 561226
1 577517
3 537739
4 797428
4 435343
4 798569
2 884403
4 11158
4 880564
1 625147
1 991763
1 610586
3 849316
4 294951
3 193914
2 897229
2 795219
3 460274
2 315066
4 600659
1 315362
3 945195
3 551738
1 581602
1 332650
1 334021
4 912329
2 413565
3 882548
3 83791
3 498508
3 957945
4 297484
1 916986
3 337601
4 64872
3 804354
2 77831
4 622025
4 865026
1 148551
4 237671
3 617985
2 846561
3 458829
2 934772
3 148299
2 349562
3 945238
1 908741
2 889116
1 294582
1 640787
4 308792
1 763309
3 473316
2 455696
1 762884
4 953457
3 703926
4 801598
2 72696
3 889223
4 82106
2 273044
1 750514
1 289577
4 145412
3 822416
4 541653
3 65989
1 511296
2 531772
1 346349
4 803834
3 757258
1 89904
3 670330
2 198236
4 31079
1 785592
4 580474
2 57809
2 404014
2 253801
3 809681
2 678780
1 144906
4 549064
4 899406
1 289674
1 428158
2 742462
1 581005
4 328854
3 89401
3 492761
2 564117
2 836863
2 743095
3 260218
4 940754
4 95344
3 388397
2 873820
1 149363
4 336838
1 115545
2 742669
2 866199
1 702358
2 342296
2 812587
1 528317
3 12869
1 985829
1 657267
1 776005
4 122021
1 432252
4 758652
3 651325
2 802506
4 22498
3 989635
2 844698
4 768800
1 825118
4 983361
1 327886
4 90289
2 183177
3 89560
3 474425
2 343636
4 367289
1 362270
4 299900
3 137056
3 434323
4 593373
2 724569
2 337559
2 55586
2 898616
1 126722
2 583390
4 590160
3 75400
2 343501
4 165683
3 339904
4 637702
2 999838
3 363565
2 620226
4 581487
4 964464
4 630901
1 937928
4 986971
3 761376
2 450058
3 762601
1 516814
1 878814
4 868910
1 540106
4 440998
2 970197
2 911187
2 845872
4 397811
3 690286
3 408362
2 633995
3 866779
1 691269
1 639862
4 62459
4 389901
2 66191
4 817125
2 756765
4 572336
3 661778
2 783767
4 95417
1 335191
2 71072
4 659262
2 489955
4 36513
3 494610
4 440135
4 340114
2 992372
1 372007
2 34716
1 332134
3 1809
2 935285
3 987191
2 851265
1 804576
2 774294
1 104942
4 628834
3 165034
4 645602
1 905308
2 696484
1 382811
2 500367
4 557263
2 550979
2 353574
2 690974
2 204529
4 257694
3 350169
2 462755
2 937968
4 688770
2 248674
2 295433
1 356272
1 483439
1 468669
3 914852
3 630472
4 826564
2 754193
4 725735
3 223881
3 733596
4 207968
2 495964
2 182740
2 192199
3 308024
4 23227
4 761840
2 929499
1 134030
3 778451
3 581867
3 557604
2 496653
2 557477
3 823039
2 270250
2 605486
2 219524
4 235379
4 887592
2 660816
4 314176
1 468941
2 445134
1 899701
1 231354
4 314677
3 40897
4 328334
1 589985
1 536614
2 490506
2 975114
4 242033
1 714721
3 680404
3 126497
2 766677
4 610312
3 968205
2 197373
2 832410
3 381665
2 270854
3 748089
4 84000
1 105222
4 754288
1 558744
1 161223
2 621094
2 854844
2 741698
4 150164
1 632491
3 669027
4 721068
2 880116
1 860760
1 810057
3 392260
4 886531
4 274026
3 585220
4 898355
4 37113
3 859913
4 288229
3 46537
3 425902
2 443210
3 52528
1 453954
1 154196
1 478360
1 681741
4 791178
1 706985
1 437695
2 847751
4 216465
2 850204
4 586209
1 626347
1 948338
3 412467
2 893210
4 994141
4 208090
2 960347
1 920486
4 77674
1 515038
1 498105
1 245403
2 33708
1 54836
2 201936
2 766881
1 570190
1 511085
3 439118
4 94817
4 579105
4 258355
2 574367
3 511974
4 988485
4 378056
2 583888
3 40769
4 544100
4 529932
1 314467
4 828157
2 211592
1 530281
2 319805
1 401702
1 96047
2 548700
4 670397
2 517400
2 183807
3 198863
4 544328
4 295928
4 643992
1 985952
4 291187
3 552116
2 515027
3 98536
1 820301
4 202404
2 417645
3 597611
1 174880
4 997925
4 818885
1 346358
4 168593
4 768660
1 569672
1 82143
2 312928
3 255765
4 742476
2 204819
4 831247
1 974043
4 854477
4 260638
2 640632
3 423964
4 845168
4 913571
1 459585
4 471042
2 992481
2 992618
1 717285
3 419644
2 178153
3 689580
2 560886
4 177152
1 740028
4 264535
4 270545
1 743814
2 297264
3 838368
1 633382
4 394918
1 761853
4 373355
2 424417
4 147284
4 442283
4 821037
2 639604
2 687397
1 391256
4 736934
4 208370
1 806135
2 961784
2 772637
2 71814
4 177179
3 700667
1 622468
2 664884
2 427133
1 629319
1 486229
1 630879
4 691240
1 646451
1 649055
3 699966
3 11540
4 944301
1 319878
4 667136
1 296891
2 762600
2 199317
1 205494
2 416603
1 46083
4 379273
2 447290
4 613902
3 236385
2 95171
1 64065
4 140059
2 605447
3 566890
2 958731
3 471403
3 992291
2 501517
3 833354
2 71890
2 741423
4 14305
4 929140
3 761730
2 663774
4 576311
4 469396
4 908645
2 532950
1 718819
3 966445
4 537193
1 475156
1 542263
2 166610
4 88668
2 110204
3 937995
3 451788
4 10586
4 188167
3 966968
1 155250
4 153460
3 60611
3 210548
4 940179
2 269361
2 541494
3 644113
3 164527
4 595592
3 156249
2 64472
3 611124
1 854337
4 926740
1 144098
3 834839
1 89689
4 77410
1 330346
4 919977
2 795264
2 703200
1 948577
2 213735
4 154518
2 467577
3 934292
4 429934
4 797196
1 501275
2 81760
2 347577
3 82328
4 589667
2 737455
2 794666
4 514509
4 811522
2 51420
3 44732
3 841283
3 833535
1 163771
1 557718
4 586503
2 250322
3 122593
2 880868
3 38195
3 680498
2 741910
2 867862
1 781523
1 35936
4 55757
1 731686
1 809545
3 281170
4 674296
4 863041
2 862264
1 253686
1 862330
2 189448
1 999501
1 799071
3 991157
4 106889
1 299729
1 514744
3 165435
1 861238
1 936307
1 673
1 804276
1 766182
3 325689
4 212668
4 268502
2 119290
2 910529
4 228527
3 860753
3 892271
1 226469
1 597334
1 387696
3 498039
1 323262
2 508536
4 41145
2 915698
4 423706
4 469904
1 735650
1 292070
3 56141
3 62976
1 388321
1 540294
2 277514
3 103926
3 890964
1 825346
4 722951
3 428320
2 375056
2 147992
1 433040
3 69431
2 853676
1 862945
3 915334
1 45721
4 235712
3 143984
3 889630
1 653386
1 820686
1 615972
2 838938
4 256730
4 429441
3 439716
2 204800
3 519128
2 622390
2 551003
1 508947
2 176675
1 17844
3 24054
3 980232
3 798253
2 564606
2 118427
2 712943
2 554381
2 538553
4 718825
2 596108
4 172044
4 652089
3 192310
3 980002
4 420398
3 203598
4 881012
4 485002
2 394353
3 660949
1 167138
4 360289
3 331805
3 992894
4 384687
3 102505
2 97183
1 392121
4 531374
3 677987
4 668322
2 689368
3 841304
4 415322
2 707445
1 692632
1 253822
4 101298
3 303131
2 527007
1 16143
1 973434
1 73538
2 529556
3 720296
3 866306
1 138747
1 334633
3 117421
3 680569
3 199806
4 778099
2 602958
4 628730
2 897963
1 603977
1 400519
2 723643
2 653885
2 940318
4 882437
4 57012
4 37541
3 805369
1 208517
3 391327
2 943790
1 639480
2 35987
1 71602
1 139353
3 805835
1 171482
4 857868
1 364512
2 354854
3 237424
1 904332
4 284171
4 914592
3 13882
2 90167
1 83159
3 995524
1 716412
3 32852
1 958155
4 263029
1 402634
2 129873
3 736741
1 952361
2 823197
2 20210
3 618183
2 800460
3 439188
1 527354
3 247507
1 174973
2 133523
4 868453
4 399240
3 209512
4 328932
4 370125
1 883923
3 915529
2 913506
3 77036
2 961737
2 795505
3 812160
1 563954
4 924795
3 971666
2 893399
3 207361
3 356262
3 315096
4 129887
1 581718
3 186854
4 47403
3 449595
1 845686
2 528086
4 857033
1 635916
4 661168
3 806856
4 96994
4 13837
1 390300
2 594661
4 405729
1 181624
1 378293
2 32325
3 709955
3 274299
1 420561
4 655444
1 311985
1 28706
3 439908
2 764270
4 703977
3 691922
1 644213
4 609114
3 152278
3 376844
2 744145
4 993603
2 728069
3 117053
1 762595
3 698163
4 126110
3 737156
1 42206
4 965668
1 63345
4 762293
2 427334
4 223646
1 279479
1 34226
4 665926
3 958340
4 514613
1 769140
1 376252
4 14588
2 393662
1 830744
4 223665
4 92570
3 353585
2 662330
3 86909
4 503521
3 249847
1 100599
2 413532
4 122307
2 807095
2 845862
4 464658
1 136899
1 494763
4 491516
4 729482
3 686017
3 572204
1 766110
2 661721
3 169974
3 901499
3 575954
1 682828
1 8881
1 427760
2 964687
4 572951
2 527857
2 891923
4 613409
2 414940
2 234799
3 477181
2 327467
1 202276
1 226996
3 154070
3 193607
4 898034
3 87933
4 465813
1 79513
1 941794
2 192910
1 976379
2 396604
4 683283
2 750311
2 576310
4 995381
4 573756
3 401909
2 292862
1 385732
1 507053
2 436192
2 675185
3 343134
1 190496
1 899768
2 259877
2 438017
3 378809
1 948785
1 932845
4 163976
3 813618
1 660022
1 702020
3 781433
2 702167
2 275020
2 270347
3 827788
3 303111
2 790069
2 974621
2 343429
3 75253
4 793845
4 922968
4 523476
1 16234
1 164354
2 506720
1 176679
4 716985
4 938012
3 329056
3 228279
3 404210
1 594789
2 483049
2 614339
3 44701
3 340718
2 234632
3 990687
1 450320
4 71438
1 45150
4 148127
3 9135
4 905303
4 664486
2 691140
1 839227
1 879020
2 488928
2 495645
1 11851
1 451682
1 931659
4 108188
1 421813
3 36226
4 11247
3 538516
2 730946
4 678656
2 116277
1 72210
2 67340
3 926179
2 305976
4 554110
3 417105
1 929655
1 295333
4 382320
4 79293
3 170498
1 164763
4 805047
2 774734
2 690860
3 225377
4 416623
4 883410
1 132713
2 858702
2 698969
3 410786
4 883372
2 290838
3 607662
1 55126
1 146059
3 952871
2 86726
3 886664
4 728876
3 224244
2 656423
1 637168
2 39778
3 910785
2 532013
2 120621
1 583465
1 109805
4 507526
1 824766
4 760923
1 392311
3 602604
3 91108
3 798406
4 162840
3 351106
1 580414
2 49428
2 465484
2 630622
2 697231
1 178155
1 199384
3 382002
3 794288
2 490546
2 804175
4 378569
1 644497
1 402687
2 445931
1 513752
2 481118
4 343770
1 757348
4 382380
4 997672
4 517850
2 184475
2 671670
2 229198
1 782555
3 524789
1 910920
3 217440
1 242346
2 508438
3 233208
2 170359
2 619880
4 444791
2 267914
2 66765
2 579553
1 33421
3 311656
2 381303
2 707620
3 506234
2 553721
3 414005
1 775616
1 745072
4 665468
1 263930
4 335521
4 316858
3 802236
3 623779
2 149879
1 498840
1 687748
4 170774
1 210829
2 652152
2 214948
2 998988
4 523991
1 384611
2 292609
4 359558
2 829616
4 756043
2 664315
1 606451
3 816460
4 949073
1 238870
1 301099
2 545064
3 959201
3 961620
2 617279
1 287705
3 762876
4 373054
2 368625
2 704494
3 513988
3 219057
4 802463
3 108803
2 950948
2 163877
3 923043
4 909918
1 381378
4 39896
1 144479
3 597112
2 685783
1 299739
4 650913
1 592033
1 686541
2 548780
1 431771
2 462348
1 870253
2 94506
3 339586
3 197653
1 829084
1 36515
4 777199
2 340639
4 22606
2 795689
1 236366
3 847407
1 98664
2 702144
2 228877
4 549876
3 193165
1 620048
2 431398
4 837994
1 474927
2 492485
1 128623
1 743830
1 593825
4 198663
3 277109
2 627024
3 822989
1 856501
3 46448
4 454260
2 441211
2 182450
1 771660
1 434454
1 938926
3 785534
4 630755
3 787710
4 711805
2 283835
2 432131
2 18650
4 536970
1 370181
4 788334
4 476512
3 554234
1 59135
3 536943
1 241780
2 586295
4 970967
3 12390
3 986165
2 663518
3 189398
2 866644
3 560639
1 66589
4 800591
4 206679
1 596374
4 11814
1 838693
1 337791
4 809801
1 188036
4 779380
4 978766
4 790969
4 693260
1 852037
1 684460
1 629560
3 280482
4 437704
4 526491
3 548576
2 757078
3 787849
1 888028
1 6971
2 732624
4 476817
3 980833
4 474169
4 872165
4 56011
1 998589
3 192519
4 154223
3 614819
1 611833
2 419613
2 362191
3 63427
2 115608
2 251138
4 104552
2 307680
3 147279
2 731221
1 899610
2 310852
4 419302
4 914742
4 218987
2 863624
1 975902
1 766955
2 787608
2 372021
4 120160
4 597283
3 445763
4 697297
3 938437
2 135007
2 433973
4 585373
1 613536
3 993557
3 86286
2 371741
3 482504
3 225929
2 735266
1 459567
4 504438
1 931837
3 964582
4 744168
3 668153
2 867973
1 827939
1 849761
1 208442
2 469314
1 158145
4 258419
4 380170
3 933739
4 898942
2 995093
1 401529
2 290682
3 517189
2 542691
4 761951
3 948299
3 290204
1 746206
1 581061
4 946122
2 711492
1 866477
1 794781
3 284920
4 996636
3 124776
1 669271
1 662848
3 453530
4 965049
4 61657
4 239468
1 914418
2 65198
2 905685
2 54000
3 787983
4 224211
4 86713
2 464388
4 669347
4 937338
4 382284
4 466099
4 391479
1 388435
2 267605
1 134932
3 525279
1 33520
1 310204
2 312740
2 554900
4 546913
4 254085
3 992796
3 615817
1 816416
2 233582
4 495489
3 404475
4 406976
1 870428
4 973729
4 519548
1 758789
4 627292
2 266390
4 334889
4 183066
3 328331
4 508936
4 635861
3 412662
4 461767
2 554308
1 915430
2 107767
3 701250
4 666828
1 26259
1 542995
3 842660
3 425454
2 970776
3 223650
3 883083
4 249374
1 598463
2 103237
3 377496
1 246552
2 857605
4 754580
1 958579
4 775450
4 224712
1 572934
2 937361
2 522615
1 49255
4 294114
2 490502
1 591129
1 339078
1 334273
1 198460
4 743336
1 319688
4 716681
2 443151
4 143911
4 385422
1 896581
3 422846
1 441998
4 386485
4 184302
1 26014
1 141770
2 996658
3 682581
1 128161
1 343144
3 91780
3 583874
4 117562
4 118150
1 579732
2 230579
1 509905
3 625390
2 946694
4 474960
3 231074
2 969227
1 429727
2 875228
2 735814
1 650919
2 537082
1 639526
3 117165
3 328123
2 986559
3 133249
4 41765
3 98707
3 104837
2 127375
4 968987
2 769267
4 92651
3 667561
4 211976
2 610943
3 962942
2 494529
4 138400
4 479641
1 170921
4 70689
3 247431
3 949551
4 947967
4 885376
2 255837
3 455916
2 51671
3 367305
4 396576
1 897360
2 926088
3 638757
2 693808
3 137380
3 764984
4 247343
1 452023
4 155488
4 678016
1 977475
4 319976
4 315064
1 936641
3 150551
3 29436
4 146568
4 838997
4 774092
4 97078
4 480676
2 849335
2 265959
4 985736
1 778724
4 563323
2 22668
4 193596
1 600561
1 642085
4 773121
1 88544
2 347275
1 767336
4 730554
1 853778
4 323700
1 254310
3 929190
2 399114
4 542209
3 350359
4 269940
1 418414
3 352354
2 501720
3 487210
1 164989
3 538323
1 935112
3 516507
3 911766
2 138781
3 970204
4 201706
1 482823
2 141335
2 470597
1 661890
3 12425
4 14922
2 953424
4 895748
3 427628
2 926269
1 383493
4 851430
2 223990
3 625502
2 176516
3 623555
3 366056
2 918603
3 576423
4 426058
4 173335
1 340501
2 443286
2 690435
2 728765
1 757035
1 349654
2 7469
3 846737
4 360065
3 166144
1 178977
4 185667
1 69439
1 183305
2 891414
4 965096
2 612890
2 574750
1 343433
3 913215
3 730575
2 318633
1 84244
1 887727
3 601252
1 362272
3 335100
4 153476
1 377973
3 938280
3 329341
1 844943
1 926287
2 214909
3 656390
2 973500
1 515486
1 777846
4 59730
2 400755
3 823284
1 79413
1 13389
3 776622
3 930670
3 418039
1 130212
1 276284
3 528196
4 472338
1 467565
3 970956
1 758173
2 644803
4 761818
2 409869
4 388711
2 823873
2 855207
2 808929
3 939423
2 808473
3 631548
1 479613
3 768330
4 781765
3 228100
3 38877
2 314870
1 427697
3 616996
3 806549
1 957301
2 984836
1 750414
4 750519
2 952718
3 806999
2 744676
1 223449
3 910756
2 312185
4 657521
1 11792
4 838751
4 148990
4 75154
1 463882
3 262747
3 833581
1 393815
2 439767
4 331834
4 56644
1 498183
2 360803
1 476670
2 294898
1 95396
2 121285
4 709802
4 838579
2 983953
4 154895
4 240413
4 152955
2 738309
2 676681
1 223679
3 442528
1 243280
4 952845
4 165331
4 345325
1 77897
1 122736
2 575321
2 400432
1 403745
3 654176
2 849803
3 680523
2 551205
2 363736
1 36517
4 547020
4 167211
1 959106
1 250139
4 190562
1 823
2 798276
4 452450
3 882600
1 132300
4 939217
1 551466
4 242062
1 844991
2 103398
2 599514
4 425093
4 996929
1 539779
3 978044
4 736499
3 970048
3 221949
3 170678
1 359933
2 679759
3 728684
3 619355
3 622897
3 512500
3 565404
1 208960
3 903028
1 853711
2 189140
3 202284
1 331550
4 366687
2 696734
2 366502
3 54697
1 268961
2 389753
1 303189
3 670104
2 686457
2 903688
2 210521
2 576493
4 969095
3 567845
4 852088
2 799995
3 806040
4 260790
4 61850
4 67764
1 262436
4 384169
2 924498
1 483342
1 315909
1 342299
4 502369
3 323314
2 251512
1 850859
3 925884
3 501976
1 931537
4 643989
3 466368
2 721957
1 181749
1 710481
1 243875
1 990973
1 781359
3 784037
4 717708
3 439133
3 626820
4 446720
2 610692
1 604501
4 232320
1 794975
2 292840
4 164195
1 247624
3 699613
4 282652
4 954657
2 554062
1 440807
3 63602
2 284639
1 184988
4 645429
2 342419
4 314273
1 409663
1 819075
1 258410
3 210603
3 820673
4 264419
3 255838
3 691033
3 428334
1 848510
3 667089
3 955932
1 765849
3 109728
2 165658
1 386719
4 616667
2 788279
4 299176
1 466076
3 436402
4 620340
2 639935
4 95227
1 191214
3 39285
2 519802
3 412117
2 648326
4 641433
3 897108
1 566834
3 821833
2 188803
4 177521
2 852971
3 419777
1 824771
1 531994
4 154996
2 665077
2 921475
4 655302
1 629653
4 471869
2 244707
4 211599
3 731958
3 402236
1 508332
1 13968
3 45288
4 321591
2 262499
1 227583
3 720472
2 187347
4 927500
3 766627
4 51417
3 889305
4 421932
4 97001
1 152628
2 406884
1 378683
1 950081
4 38681
4 761496
1 881986
2 443512
4 740908
4 196952
2 483419
4 910679
4 65377
4 801716
2 341806
1 66300
1 674471
1 110713
4 754993
3 733403
4 899801
1 339261
4 389073
3 97982
4 17813
2 784600
1 245622
3 692595
1 675786
3 546134
3 390876
1 750040
4 355630
3 488264
4 977903
2 157974
3 17043
3 13488
2 735646
4 960348
1 858122
4 85417
2 69752
3 181219
4 894787
1 711289
4 957202
2 760197
2 840695
1 459123
2 76346
4 308209
1 625495
2 631457
3 648948
1 70606
3 806450
2 782233
1 893279
3 666704
1 477866
3 142900
1 292367
3 492026
1 521706
3 743276
1 769980
3 308484
3 737041
1 583379
3 392868
3 296538
2 679969
4 880646
1 941224
2 980700
4 821065
1 335370
2 189666
3 663482
2 278313
3 884041
4 322618
3 35035
2 461988
4 959077
2 281193
3 271563
1 239390
3 692413
4 552382
3 232397
1 708049
4 537450
4 876666
1 225260
4 658778
3 875426
2 48980
4 113890
4 242447
1 438961
1 268150
3 909081
3 435061
4 223093
1 654062
2 804929
3 582893
4 120713
1 114434
3 809845
2 335707
3 831489
4 894062
4 465559
2 145504
2 3201
4 930670
2 213880
1 344937
3 177517
1 25879
2 750226
1 31128
2 370345
1 486091
4 997793
3 710512
4 935629
3 917365
3 504230
2 414173
3 934071
2 907823
3 686523
4 368568
1 584269
1 262410
4 817539
3 320083
3 329426
4 559380
3 387592
4 758271
2 643957
1 112422
1 891478
4 85121
3 712557
2 715666
2 618562
4 846130
4 891369
2 132120
3 898920
3 769226
4 532835
3 314910
1 620832
4 166748
3 5359
2 653781
2 551884
2 2421
1 87759
3 76364
1 545750
2 597436
4 374719
4 671829
1 900179
1 428687
2 491294
3 650987
1 4579
1 733800
1 903978
2 971477
1 999758
2 11991
3 153969
4 647685
2 128681
1 248972
2 237448
1 322921
1 818490
2 760050
4 46982
1 713491
1 428744
3 158112
3 51599
2 205712
1 965489
1 737593
3 884934
3 549148
3 890830
2 510039
2 449084
1 750526
4 71300
3 720318
4 297952
1 734420
2 300139
3 60825
4 141078
3 662893
1 996324
1 909137
4 214490
1 477443
3 22305
1 927214
2 848738
3 264465
3 26806
3 687942
1 519865
4 872880
1 765891
1 791838
4 329722
4 992407
1 488031
3 357697
3 151819
2 336636
3 284723
3 557488
2 499085
1 951211
2 919171
3 737043
4 212187
3 455980
3 990638
4 110623
3 331315
1 301610
3 89191
2 993998
3 510019
4 308625
4 702186
1 350425
3 834626
1 325653
3 850875
4 981834
2 1765
4 94521
2 12094
4 121622
1 546500
4 873921
3 374185
3 81842
3 584589
3 685660
2 396632
4 64639
2 399199
1 262676
3 33158
2 975338
4 476414
1 958019
4 642815
1 663394
2 393311
2 434533
1 162743
4 80713
4 900695
3 338182
1 151563
2 295615
2 310959
4 36346
2 242878
3 381359
4 919447
3 207777
4 307851
4 531380
1 366338
3 540167
3 361081
1 408200
4 345182
1 977342
3 114900
2 357539
3 524237
1 832716
2 867908
1 384447
2 493032
1 352584
2 865417
1 906742
3 310754
2 192027
1 563298
4 664909
2 715221
2 137506
2 813292
4 531552
1 392865
3 254804
4 786628
1 48516
3 64286
2 555012
4 368982
3 18051
1 953349
4 729895
4 117363
2 674924
3 601320
3 403916
2 414595
3 922050
3 557576
2 180956
2 950560
4 708696
4 732381
3 444551
1 154132
1 43714
2 867484
2 85249
4 743677
3 865383
4 508764
2 29419
1 550835
2 122855
4 152284
1 838056
2 567181
4 459874
4 552480
3 318898
4 627193
1 954520
1 143356
4 999114
4 901013
3 359988
2 446976
3 504940
3 769044
4 730799
3 837317
1 263542
2 382422
1 992388
1 370775
1 647799
1 952348
2 248265
3 306285
1 183336
3 50386
2 815388
2 442141
4 240124
4 636459
3 498028
4 110155
4 926563
1 99116
1 574601
1 395828
1 79547
1 183972
1 199762
2 184212
1 197451
2 188051
3 365122
4 518940
4 260646
3 876529
3 453981
3 628221
4 505641
4 438758
4 865316
2 627637
2 42156
4 316144
3 80069
2 547265
3 702105
1 690844
2 11441
4 789685
4 342416
4 235033
3 853837
2 563441
4 236857
4 135163
2 711304
3 364944
3 705098
2 927982
2 965258
2 919400
1 713939
4 118839
1 732392
1 588811
3 604191
1 340086
1 360426
2 473684
2 534620
4 291247
1 771475
3 466494
2 712586
2 626250
1 921273
1 93287
2 540456
2 314735
4 659207
1 854640
1 676222
2 978638
1 72042
1 955563
1 637721
2 713269
4 211478
1 201482
3 203303
2 192532
2 519594
4 737257
1 939275
1 483230
4 19663
4 340289
2 453060
2 505806
4 236304
2 545500
1 721365
1 23129
3 779333
2 282123
3 692930
1 866253
1 996891
1 727793
3 877940
2 796633
4 666622
4 560437
1 470061
4 122279
2 891473
1 58281
2 435195
3 378620
1 644801
1 28840
1 365932
2 362543
4 178486
3 85208
3 405560
1 656860
3 226553
1 141917
2 222248
2 106248
2 251103
1 419660
1 808507
1 402195
3 46090
2 895824
1 353070
3 961892
3 475782
2 110512
1 463685
1 921669
3 1160
2 944647
2 45231
3 935128
3 507688
4 718367
4 139589
2 522584
4 909088
1 715833
4 385773
2 297028
3 913262
2 488918
2 712688
2 870422
3 983080
1 538108
3 495855
3 775831
1 395112
2 616095
2 509964
3 597364
1 641175
2 715300
2 34003
4 168498
4 759168
1 919476
3 470303
1 78426
4 928600
4 744498
1 257591
3 391050
4 499554
3 256891
2 710145
1 67834
4 314477
2 169825
3 691322
3 482292
1 451438
1 587018
1 77379
4 402602
4 465863
1 455674
4 1337
2 543347
2 273634
3 436512
4 133155
3 663872
4 513193
1 255117
3 830478
1 650999
2 741548
2 907652
3 59864
4 403704
3 906207
3 231420
4 568509
4 495535
2 859240
1 84993
2 858827
4 526421
3 433743
1 908722
2 844413
3 541332
1 420837
3 226112
3 544412
3 997041
1 938779
1 82449
2 587579
4 276896
3 94178
1 62607
3 120776
2 722387
2 590951
1 97474
2 827923
4 881116
4 705814
4 276216
2 61673
3 649937
2 630226
2 545793
2 979373
4 757832
2 714530
1 922058
2 732677
3 124953
3 64482
3 4978
2 709693
1 154359
1 414241
4 679045
1 380848
4 286919
2 969792
1 190403
3 727165
1 296429
4 106516
4 595295
1 982154
3 430449
3 237565
1 118783
1 188288
3 858116
3 371701
4 724227
3 132658
3 305795
1 725056
3 696985
2 20441
1 638951
4 42533
4 740103
4 920965
1 300211
3 272389
4 981350
4 265399
4 476532
3 854898
2 490978
1 476495
3 72453
4 226422
4 330457
3 500565
2 504064
4 425807
3 342704
3 754149
2 198386
4 324449
3 11024
1 119258
1 494766
1 165179
3 22017
3 297538
4 961815
4 624187
3 416892
1 759505
3 552865
1 549838
1 798426
2 360371
1 187088
2 615100
2 950516
4 79678
4 888968
1 979822
2 206101
1 378559
3 250708
4 855836
2 338757
3 539925
3 130249
4 91316
4 409839
1 683290
3 733161
4 780275
1 833056
2 653846
1 157548
2 526998
3 887941
2 434758
3 87900
3 631284
3 3815
2 159361
2 420401
1 607282
1 495819
2 29954
1 513267
1 47730
2 881376
3 63367
1 179060
2 875118
3 4182
4 422586
2 176957
2 57495
2 165995
2 472812
1 842446
3 175012
4 114586
1 282562
1 883895
4 124603
4 735521
2 684552
2 37960
3 533106
1 28067
4 505320
3 171899
3 870610
3 24153
1 257821
3 779895
2 841359
2 350337
4 822247
1 103207
2 369330
1 281690
1 465316
1 761298
4 330832
2 185777
2 726010
1 351862
4 209388
1 494160
3 781832
3 538932
2 393273
1 284708
1 732139
1 809887
4 909473
2 346274
4 312006
1 578732
1 452874
1 764379
1 866815
4 681663
2 141001
4 31360
2 669613
3 854296
4 30540
2 104822
3 60634
2 596219
1 161072
1 830160
3 193178
1 814979
1 466357
3 398423
1 903477
2 875367
3 907793
1 50336
4 663543
3 462684
2 667244
4 610811
4 981869
2 657699
1 647021
3 441421
1 337480
4 717230
1 601841
1 82040
1 469180
2 901679
3 65401
4 483807
2 825965
2 32202
3 428964
3 204867
2 218679
2 261655
4 177689
4 79894
1 503428
2 811560
3 815448
1 888465
2 574547
4 271811
1 215354
4 609168
3 20731
3 135364
1 378204
1 245358
3 324938
1 285869
4 385756
2 539652
3 222344
1 546432
2 821149
4 499372
2 155055
2 334432
3 845505
2 373333
1 902809
2 566700
1 326285
4 55392
1 630603
4 57273
3 600127
4 561276
3 462709
3 173020
4 235663
2 303212
1 398769
4 845260
2 768521
4 622392
2 160015
1 255586
3 552543
4 764568
2 760292
3 246831
4 458927
1 674847
3 777685
2 964660
1 16045
2 855611
4 599556
1 157647
4 650764
4 56998
2 793513
3 160338
3 312401
4 184961
3 165929
1 217023
4 457049
3 588322
3 307005
1 800830
3 536094
2 281924
1 154845
4 437749
3 160238
4 240601
1 622625
1 842529
1 78488
1 44486
2 904712
1 30509
2 225847
1 208333
1 840606
2 397446
2 589308
4 37951
2 961482
4 616552
4 308185
4 115847
3 250364
4 889349
2 45982
3 491330
3 363579
3 596335
3 609466
3 970701
1 356987
2 412178
3 374058
2 272691
2 261467
2 541199
4 62815
4 522311
1 202564
1 793628
1 719201
4 511415
3 236022
3 430489
4 889162
2 302825
4 62204
3 508404
2 122051
3 567814
4 972009
4 469014
1 765008
2 343064
3 748940
2 807696
3 396719
2 373605
2 351102
3 487060
4 558635
2 419217
1 902952
2 434729
2 871087
3 247138
2 464408
1 432729
4 639678
1 783600
1 908644
3 686537
4 310336
1 251717
3 378227
4 900243
3 758079
1 291482
1 835812
3 67798
3 587614
2 555500
4 303742
2 476374
4 809709
2 186283
2 708209
1 297150
3 1137
1 951372
3 285819
4 233982
3 644189
1 439866
3 863087
2 732891
2 255250
4 773998
3 380030
4 155396
2 672411
2 716622
3 511571
3 228809
1 940438
4 325154
1 420908
1 597895
4 450207
3 897394
4 881674
3 246436
2 184477
2 196728
3 909597
2 287835
4 961027
1 707598
2 287773
1 774524
4 291723
4 284254
1 369389
2 874128
1 753706
2 128969
4 179498
3 202962
2 237737
1 149456
1 458381
4 472526
3 161764
4 427762
3 149418
4 87035
2 400223
3 912328
3 244231
1 212160
1 949893
3 28909
1 827377
4 618224
2 155695
4 221281
2 489427
4 895285
2 195241
1 854892
1 450445
3 408036
2 513743
3 504824
3 295809
3 333592
4 420382
2 662220
4 447882
4 983313
3 458475
2 97508
3 443373
3 489905
4 681564
1 163325
2 699389
1 121258
1 357751
4 707917
3 792265
3 830284
1 653845
3 117018
3 232351
4 523283
1 104759
2 743626
2 765707
3 970400
3 631923
4 342681
3 491584
4 368350
1 499750
1 159416
3 260415
1 178053
4 686827
1 5777
4 837727
4 42611
2 469958
3 497536
2 830478
2 908897
4 89419
2 81202
4 594748
4 172934
1 544808
2 789986
4 915278
4 176582
1 612420
3 494697
3 787892
3 291340
4 553299
3 9688
2 504672
3 570744
2 716795
3 115394
3 156114
4 343053
4 207134
4 630335
2 704973
4 873539
4 70205
1 84108
1 679
2 307171
3 743177
2 921456
4 323658
4 145394
1 768281
1 234064
1 948218
2 951993
4 247652
1 826470
4 116692
4 72243
4 143897
3 739890
4 89586
3 613660
1 89088
2 660583
2 59194
2 824997
3 286896
3 85705
2 494240
4 659802
4 921375
3 738563
3 126661
4 966653
3 859824
2 560589
3 76949
3 955865
4 557621
1 12773
2 245850
4 474149
4 208859
2 480855
2 257986
4 586397
1 482566
3 213120
2 952822
4 791244
4 349721
1 14902
4 594120
1 698
2 774240
4 495429
1 1502
4 869681
2 498533
2 664907
1 727073
2 99901
2 640550
3 664149
2 648052
4 985145
1 957746
1 877138
4 966816
3 190482
1 659215
2 356803
4 222599
1 530828
3 349938
3 648501
2 81198
1 791076
4 386638
3 177111
3 564728
2 367228
2 754203
4 533994
3 118257
4 807182
2 145624
3 333351
4 241978
1 271875
4 895977
1 688453
1 268212
4 770171
3 825996
1 39498
1 465106
2 29735
4 747579
4 16954
4 593597
1 722404
4 855593
4 130631
4 634558
1 809995
3 119555
4 918479
4 920060
4 43395
3 893504
3 914932
1 334261
3 478071
3 845719
1 275011
2 328806
1 184225
1 151582
1 322712
4 628539
4 94105
3 255208
2 125485
3 332971
1 122949
2 464429
2 965300
3 213656
3 66062
3 733142
3 577677
4 113465
3 465148
3 368735
4 920205
3 331750
2 428245
4 316259
1 866026
2 751503
2 125959
1 417962
4 963112
3 180957
4 757266
1 690734
2 539214
4 143146
4 688145
4 924267
4 970518
4 480826
1 685917
2 470564
3 232551
3 670599
1 955778
1 693195
4 798587
3 525622
4 497114
3 660826
4 561264
3 543110
1 681684
1 16003
1 797519
2 668546
2 52995
1 220579
3 206384
1 755065
1 766375
4 494939
2 450934
4 194905
1 205731
2 158001
4 314487
3 21892
4 947622
3 934144
2 271448
4 43727
4 522002
2 587923
1 205061
1 897133
2 663884
4 513959
4 862746
4 25237
1 313593
1 49372
1 366156
2 794084
2 843232
4 887108
4 991420
2 726895
3 386835
2 294405
4 653949
3 5117
3 25225
2 507154
4 6459
4 182978
3 452234
4 838205
1 215051
1 858594
2 344018
1 577792
4 930028
3 999275
1 146724
2 688227
1 674759
3 828815
2 279170
3 674662
3 12854
3 537518
1 147822
1 700330
4 358680
1 929378
1 227763
4 835466
3 587025
2 523923
2 343489
2 468788
2 413080
3 951780
1 521846
4 910014
2 425173
2 313280
4 416822
2 116088
4 114612
4 972943
2 474636
3 307785
3 747174
3 576405
4 976113
4 812973
2 907024
1 456512
2 103646
3 626333
1 96996
2 465566
4 440796
4 710007
2 393001
2 254529
4 963226
4 987608
3 60231
4 575035
2 724724
4 786263
3 486672
3 418261
2 491973
3 879334
1 188306
3 160234
1 391520
1 515928
2 500441
4 736057
1 309223
4 627263
3 254129
1 190948
3 556475
2 893777
2 800966
1 239084
3 608325
4 389050
1 323729
3 294414
4 950833
1 239016
4 262444
1 156195
3 436339
4 54839
1 840938
3 91646
2 317113
2 969865
2 954239
1 616296
4 329058
4 730599
2 328431
3 566271
1 491040
1 893610
1 742242
4 791944
2 825440
2 589115
3 952906
4 418671
4 437208
4 893863
4 712298
1 381260
1 85186
2 587824
3 156811
2 814260
3 712014
2 240527
1 601147
2 25580
4 209891
4 45187
1 685158
2 302408
4 983935
3 911021
2 195932
3 34324
3 518901
2 1894
4 96848
2 821131
3 674802
4 596514
1 372951
3 982830
3 845003
1 581353
2 818380
2 754363
1 492834
2 222226
4 885792
3 771379
1 962503
3 618324
2 261754
1 539578
2 88165
2 29102
2 553556
4 37700
4 44017
2 41210
3 579836
2 285556
3 467648
1 812508
1 476748
1 698760
4 1405
2 64551
3 794429
3 247484
2 457863
2 119204
1 230211
3 730765
1 853083
3 251700
2 140617
4 107603
4 446043
2 884290
4 638761
3 226586
4 84368
3 449996
1 698789
1 982111
2 857951
2 927515
1 127924
1 371153
4 646170
2 172934
1 559696
1 279933
4 883380
4 546871
3 60660
2 526088
1 192393
1 33031
2 882576
3 77847
2 479586
4 775266
4 247834
2 149145
4 563518
2 163409
1 500110
2 554386
2 93603
2 619199
2 708161
2 926286
1 553930
4 78822
3 853089
2 468094
4 297151
4 889425
2 453091
3 156439
2 889916
3 668732
3 867044
2 663049
3 176466
2 664655
3 148261
4 593519
3 278017
2 509170
4 386503
4 130230
4 422089
4 876505
1 899211
3 625565
3 585812
4 982649
2 153062
1 285675
3 826197
4 177101
2 623532
4 893998
4 905174
4 288705
3 536846
3 24434
4 535299
2 285360
2 189447
4 377046
3 393023
2 338764
1 691023
4 765418
3 630570
2 661878
2 375570
3 11075
4 522847
3 88513
2 734922
2 280840
3 165998
3 802326
4 750767
1 635012
1 599992
4 612242
1 313817
1 892583
3 446282
4 559296
3 279407
4 864904
4 424999
3 654887
2 713954
1 150941
2 871200
4 131606
3 729688
1 149186
3 642527
1 23130
1 277894
2 160920
4 575962
2 495402
3 541365
1 822997
2 851634
1 779643
1 134196
3 765958
3 399873
3 827305
3 979923
4 702531
2 500833
2 397620
4 326394
4 51144
2 647785
1 711310
3 869536
4 330880
1 987684
4 895695
2 491186
3 438140
2 903750
2 570239
1 290313
2 115907
4 385670
3 926663
2 281377
3 215913
3 523104
4 223781
4 455630
1 808886
1 499936
3 624794
3 825304
1 669447
4 480257
3 994677
4 985003
4 860279
3 613750
2 286378
4 636431
1 405710
3 851752
2 226746
4 92497
1 486774
1 973265
1 723745
2 760045
3 848677
2 645356
1 626421
2 609384
3 866948
1 456708
4 532294
3 672836
2 800750
1 943227
2 828757
4 740543
3 343001
1 768262
1 432678
3 111977
4 83639
3 428681
3 896501
2 393568
3 970613
2 946818
2 447992
3 73160
3 57674
1 990954
4 417763
2 501614
2 136264
2 939083
2 453792
1 139456
2 379943
1 752716
2 27466
3 359028
3 539230
4 23602
4 851276
1 217501
3 587999
2 289598
2 994506
1 227279
4 186913
2 542913
2 240202
4 351336
2 443052
1 25841
3 675360
2 244000
2 31798
1 782830
1 655367
4 24274
4 376961
1 189841
1 309602
2 828903
4 847755
3 576106
4 451969
4 733985
2 461132
3 526094
1 25298
4 461
1 79956
4 937251
3 80296
2 324938
2 880055
2 708797
1 571564
3 58530
2 834480
2 250787
4 694601
2 904373
3 583989
4 723555
4 175537
3 973853
1 520626
1 980478
4 228469
3 696943
3 452906
3 7357
1 481233
4 439354
1 690663
1 443480
3 997781
1 340105
1 637031
3 245688
2 842678
4 953022
1 766624
4 432025
4 105954
3 540247
3 130121
2 543725
4 177472
4 915811
1 387415
4 981218
1 779434
2 620463
3 235094
3 339019
2 977800
3 307121
4 55373
2 212160
2 610162
4 317330
2 195609
3 33968
1 852690
2 962682
1 676361
3 555907
2 76823
2 714647
4 878007
3 974272
3 972194
2 839587
1 714872
2 560229
2 879365
2 663215
4 93642
2 648647
4 768231
3 330501
2 698511
1 749865
2 967852
1 628976
2 377860
2 692569
3 600748
2 367133
3 427401
1 982271
4 792692
4 347887
2 64556
2 147992
4 317180
2 840050
2 981762
1 7267
4 564026
3 880565
2 936859
1 180064
4 547892
3 224504
2 376830
3 448775
2 752598
3 156920
1 634200
1 992994
4 981248
3 791947
2 756054
2 770414
1 275761
1 173403
1 107910
1 74635
3 420827
2 468012
4 583321
1 529317
1 607763
1 986961
3 101249
4 203410
2 864738
4 557933
1 30921
3 514754
4 256576
4 147871
2 330393
4 11050
3 513226
3 46568
4 765775
3 536725
4 690416
4 143604
4 212298
3 741986
1 860219
1 939822
1 476156
1 502416
1 255007
4 533935
3 322631
3 107853
4 270028
3 754898
1 328935
1 952455
1 850417
3 57655
4 166229
3 851050
3 269961
4 95909
4 195892
4 569750
3 869362
4 764778
2 358434
1 754229
4 841831
3 113652
4 372721
2 265661
1 691492
3 257825
4 830850
2 960744
4 210995
4 634919
2 498646
3 408330
1 878684
4 293562
4 668708
1 434473
1 136942
4 226654
4 148811
4 26943
1 296646
1 493130
3 197258
4 469254
4 917781
3 822127
3 673661
1 904244
1 340086
3 881817
2 910539
4 474826
2 875674
4 561344
4 585962
1 633752
1 625981
3 285664
2 178721
3 688713
2 660355
3 30836
1 998738
4 966399
1 832768
2 577907
3 715313
4 690822
1 741230
2 604866
1 345359
4 185603
2 761228
2 327716
1 751423
4 255469
3 620156
4 911447
3 684814
3 107388
1 834944
3 460169
3 455135
1 121101
4 794679
2 241772
3 481638
3 290783
4 612700
3 674141
2 977052
4 649554
1 463416
2 994262
4 844040
1 773029
2 620115
4 641869
2 790936
2 980045
2 711692
1 368199
4 339396
4 379997
3 635947
3 427535
4 244862
3 890381
1 816061
2 201851
1 510996
1 776841
3 849710
2 243031
3 614508
4 478474
1 681477
3 687218
3 752342
4 926086
3 146524
1 419700
3 414636
3 552573
2 147285
3 925721
2 379451
2 281200
2 566650
3 107883
4 877149
1 97703
4 118074
1 149394
3 987547
4 953608
3 912482
4 718876
4 413556
2 622510
4 106682
2 939601
2 572702
1 189343
1 858039
1 240291
1 579558
2 131668
1 365071
3 483371
4 320245
1 738181
4 56781
2 138081
4 653927
1 513772
1 893471
3 199560
2 574304
1 2974
2 687701
2 734282
1 66596
4 100852
4 355751
3 19152
4 112579
1 21037
4 952266
4 948667
4 221216
1 334441
3 225003
2 36599
3 117060
4 441245
2 616674
1 370878
3 341480
2 163481
4 231931
2 892188
1 255053
2 135474
3 494035
3 288470
4 782867
4 663055
3 569664
2 173153
1 341273
3 8211
1 308788
2 170890
2 275191
3 787075
4 283418
2 434189
1 767649
2 6111
1 881930
4 312520
4 717625
2 298984
2 285842
3 207944
2 326052
4 49422
4 794834
3 7742
1 285749
1 14567
4 729126
1 17611
4 80958
3 391413
1 648350
1 592787
4 781606
2 448166
2 420080
4 425376
2 690069
4 409318
4 21559
3 177183
4 666854
4 812290
2 268712
3 603248
2 283683
1 371372
3 304238
3 132748
3 970064
3 297460
1 445215
1 826205
1 955797
3 641825
3 730727
1 873918
1 806587
3 260863
3 306825
1 467215
4 414192
3 966421
4 58091
4 57841
2 669922
2 244513
1 62107
4 656361
1 106412
1 283523
3 412304
4 503232
3 770398
1 426928
2 164793
3 556784
2 730631
4 864555
2 212398
2 526508
2 763208
4 292565
3 832136
2 972295
2 24491
2 424781
2 134398
2 806406
3 208607
1 278420
3 654234
1 283151
2 279472
2 645928
3 353242
4 232660
4 959823
4 618267
2 659178
4 355396
3 667207
4 446172
3 160251
2 884694
2 154764
1 214044
4 647544
3 151867
3 654624
1 862399
3 910525
4 959360
4 388368
3 755698
4 732694
3 64450
2 138615
1 540529
1 224494
3 717548
1 627011
3 958884
2 813656
2 238968
4 138295
1 970031
1 720211
2 983184
3 440461
2 903491
2 410431
2 830389
2 887658
4 275104
3 300009
1 492226
1 936387
3 628123
4 378637
1 773993
2 638476
2 600064
4 995835
2 989721
1 185754
4 481398
1 754347
2 984285
1 328548
3 816178
1 329146
1 549789
2 505655
1 908583
2 985879
2 481830
3 976000
1 869738
1 185883
1 427977
3 36534
1 18122
4 600824
2 522372
2 275562
1 674857
4 835745
4 863339
3 667429
1 373611
2 743574
1 258696
2 614835
1 409345
2 182419
2 151296
4 943681
4 752199
4 659277
4 737519
2 866977
2 477374
1 614096
2 629471
1 450816
4 158882
4 988539
1 678689
2 414583
4 624833
4 682044
3 547864
4 69185
3 608199
1 230426
1 472140
2 533883
2 549542
1 244948
1 901811
4 223753
2 792817
2 731543
2 778819
2 167476
3 946172
1 88754
1 765972
4 721215
4 730987
2 407506
3 140114
3 473445
2 814894
3 765587
3 268439
1 92375
1 147123
2 262283
2 955475
1 375478
1 127915
4 156004
3 411659
2 980358
2 18083
2 270643
3 132427
1 761734
3 325021
3 796039
1 972573
3 869069
3 302582
4 999797
3 134613
1 864550
2 992404
2 133472
4 539567
3 562563
4 273267
1 346657
3 186624
4 381606
1 662739
4 433248
2 564593
3 908088
3 612155
1 4197
3 762208
2 924938
3 607077
3 189577
2 458155
2 975502
4 894975
1 799121
2 434160
1 192448
1 567326
3 510285
2 178269
3 139710
2 811538
3 52995
3 929256
3 659643
1 957471
4 846071
4 381549
1 767551
4 805969
4 676362
2 719247
2 695491
3 597235
4 267533
2 574596
4 434555
2 649947
1 954612
4 331414
3 483017
2 288002
3 467838
2 283749
3 964997
3 221983
4 114031
2 251552
2 729630
2 836103
1 296794
2 189444
3 72846
4 653236
3 86
1 114910
1 942506
2 356968
4 773676
1 570889
2 58704
2 974421
1 420312
4 699243
4 205726
4 845589
1 464578
2 497456
4 20142
4 149296
3 265534
2 644599
4 166832
2 748428
2 848010
1 180526
4 985319
2 80046
3 838689
2 794969
2 65660
1 831490
3 256386
3 553499
3 562692
3 424159
4 172587
4 245459
2 606167
3 516525
1 185780
4 913142
1 293654
2 514130
1 237982
3 551131
1 706944
2 523307
3 346237
1 635860
2 391439
2 419319
2 649989
2 621859
4 702031
2 778029
3 297436
4 63256
3 97190
2 440441
1 724710
1 126738
3 543765
2 316572
2 862142
3 204273
3 456087
1 483760
3 992171
1 675105
4 197481
1 111500
1 12667
2 316501
4 152596
1 439320
1 143704
3 569257
2 396174
1 958168
3 692147
2 135885
1 10815
1 859684
2 321542
2 49738
1 553708
2 509420
1 893316
3 60942
1 297777
3 156011
2 667377
1 984966
3 668688
1 887348
1 820801
1 224095
2 689276
2 972818
4 964218
3 864167
4 249077
4 45368
3 175834
1 475604
4 479106
1 469705
3 468388
2 624418
2 32792
1 857571
2 663031
4 941000
4 514855
4 925025
3 240165
2 318553
4 648777
1 682912
2 273129
2 695785
4 83117
2 479106
3 337935
2 209123
1 832608
2 481020
2 428866
2 681236
4 866125
2 852432
4 918881
1 825586
4 298165
2 782434
2 680386
2 130561
3 493874
2 476479
1 471682
1 357413
4 924160
3 521393
3 811634
3 361768
1 36699
3 826623
2 725783
2 194639
3 864884
3 430855
1 251744
1 911810
1 619900
4 375952
2 233342
2 687961
2 995296
4 185600
4 876056
2 975406
4 338529
2 964200
1 536441
2 719604
1 554357
2 141599
4 528086
2 556790
4 127967
3 135265
2 348834
4 836350
2 913308
2 790916
1 983315
1 549064
3 762302
3 32546
3 938379
4 515565
4 642291
3 5261
3 549149
3 972497
1 95364
1 651546
1 727531
4 982841
3 569809
3 680593
1 915474
1 836001
1 282683
4 965398
2 619924
1 880755
3 39412
4 443460
4 479080
1 359461
4 635043
1 967093
4 12320
2 67602
1 297361
3 479018
3 976727
3 336068
4 804742
3 352505
1 127755
3 362169
2 3016
4 184652
3 492079
4 450194
1 104425
1 242135
1 121816
3 325872
2 93933
3 682554
2 984374
1 617777
3 655901
1 918685
2 865591
1 487740
4 304981
4 937172
4 42108
2 49426
1 341252
2 23263
2 470203
1 860341
4 480257
3 836714
1 174249
4 635239
4 655908
3 967715
3 986146
4 974286
1 688253
4 660654
2 245981
1 318577
4 314507
4 398661
2 719097
3 27475
1 197662
4 147011
4 832840
3 88037
3 393463
2 609032
3 460639
3 375018
3 458732
3 417582
1 155601
4 591964
4 216787
3 866768
4 278536
4 460870
3 309629
1 885615
2 493464
1 706986
2 814895
4 475797
2 487880
4 743186
4 760882
4 187319
4 696648
1 747004
4 854175
3 2297
2 411429
4 841717
1 954764
2 625175
4 523412
1 54045
2 738576
1 181359
1 980929
2 505783
1 487443
4 730033
4 930720
4 478914
4 576760
2 723964
2 905361
4 377349
1 392641
3 618497
3 940145
3 200825
2 684094
3 451897
4 533521
4 872271
2 773616
3 337961
1 652030
3 698834
4 946686
1 30685
2 434256
2 611702
4 876762
4 16818
3 900358
3 806375
1 282579
2 976801
3 818263
1 827014
2 709888
4 577437
1 651091
1 333775
4 111699
4 712609
2 492033
1 861499
4 361113
3 473819
3 275255
2 518170
3 592618
1 841495
2 690056
3 877271
2 627199
3 339365
2 613818
3 264571
3 523521
2 964860
4 57575
1 510878
2 986758
4 580748
3 57609
2 754873
1 246570
1 512531
3 289230
2 321416
1 525779
4 572905
1 187401
4 520719
3 790000
2 607475
2 862608
1 483695
2 788000
3 104976
2 754947
2 974336
3 407433
4 552420
4 836982
4 886249
4 73759
1 39038
2 56021
1 93285
3 311314
2 988530
3 141625
3 526048
4 659670
2 402658
4 458458
4 232927
1 378107
2 968114
4 986101
1 965406
1 176164
2 498385
4 414062
1 458869
1 251163
3 538875
2 333067
4 665144
2 155334
3 903389
1 280939
1 994695
3 856191
2 872461
4 92199
3 798486
2 866297
4 434434
2 329487
2 583978
1 665841
1 620887
1 221066
2 284261
2 658938
1 72179
2 507792
1 61614
3 668344
4 923381
3 828550
4 978662
1 303521
4 187544
1 565537
4 534458
3 56046
2 32789
2 797910
1 361333
2 209358
3 631843
4 688397
4 232376
1 724752
3 301433
3 503472
1 970144
4 231588
3 68611
4 334205
4 969574
2 5387
3 831331
3 220766
3 138697
1 462784
4 22218
1 843942
4 222520
1 451271
2 654465
3 581460
4 607035
2 547783
2 707077
3 687481
4 698595
1 460055
3 101530
3 423609
2 915885
3 423857
1 280847
1 508206
4 898484
1 847486
4 47747
3 172296
2 63667
3 708021
2 267928
3 824063
4 538679
3 263037
1 953781
3 699137
2 594592
2 918928
4 234987
2 550678
4 171994
2 782909
4 6720
2 401327
3 728050
2 635438
1 356658
4 802502
4 69218
1 82570
1 84388
1 365093
4 63287
2 859449
4 931607
4 947453
2 792669
2 112041
4 948482
4 542063
4 799074
4 392112
1 119204
1 872409
4 129084
3 237553
3 797326
2 399692
4 691371
4 739454
3 795218
2 703609
3 846730
3 993454
2 313572
2 642175
2 95902
2 669939
4 669908
4 77114
3 51951
2 786063
1 702756
1 898715
2 697867
1 888614
1 660062
2 768303
4 74304
2 658746
1 238200
4 880685
1 990663
2 870000
2 242761
2 670670
1 765950
1 956588
3 802744
2 431126
1 237058
1 221978
3 388656
4 366857
1 936893
4 595882
1 62476
2 647677
4 965225
1 999383
1 107348
4 35467
1 158153
2 905651
2 661635
3 964339
3 242485
2 575573
3 682878
4 551086
4 685472
3 955585
4 599338
1 474409
2 865695
2 659114
1 869608
3 64874
3 124281
2 46265
3 317322
3 380752
4 714551
2 88855
3 362290
2 673587
3 647302
1 658898
3 44409
1 742589
2 178754
1 109605
3 866008
2 230452
3 421015
2 96918
1 460339
3 114501
2 673038
1 278157
1 557783
2 607589
2 962728
2 302777
1 969344
3 613132
4 142698
4 514542
1 663171
2 508822
4 237374
3 615215
1 390303
3 932841
3 904198
2 483622
2 973181
3 222458
1 180100
4 387987
4 764194
1 479211
1 179950
3 22802
4 415829
3 440003
3 406056
3 328078
1 555613
3 547806
2 270639
3 604503
1 877506
1 703963
3 786350
4 880471
4 530464
2 856553
4 688806
4 958259
2 937844
4 791669
2 715198
3 406085
1 959548
2 899436
1 927217
4 135158
2 587432
3 617185
2 204993
1 333046
4 205626
4 477829
4 425245
1 749503
1 124962
4 323399
4 594825
4 208247
3 332865
3 118408
1 137201
3 730618
2 2873
3 92118
2 694040
1 422847
2 294226
4 804296
3 125088
3 641725
2 520846
3 325206
2 253056
1 317089
4 918896
1 637110
4 172190
2 171377
2 951319
2 176797
1 210788
3 418805
3 731680
4 199211
1 878672
1 252536
4 960255
1 988452
1 922295
3 532173
3 299741
1 398222
3 156387
2 202578
2 385530
2 229499
1 519201
2 301274
2 184174
4 219647
1 77073
4 553376
2 232895
4 750993
3 996274
1 886968
2 908113
2 375836
3 226707
4 845019
2 789441
2 75530
4 818444
1 230228
4 985691
4 976753
3 793529
4 184966
2 368611
3 193042
2 90602
4 362680
1 798613
1 638
2 922943
1 487409
1 656956
1 400518
3 875440
3 130954
2 288809
1 625361
2 402985
1 793905
1 440525
2 974709
2 40141
3 573006
4 55000
3 382543
3 267166
3 774677
4 593456
4 613011
3 849763
1 865989
2 36371
1 142466
1 284565
1 655845
1 762604
4 847695
1 281347
1 122987
4 641460
4 558064
3 879980
4 874347
3 554543
4 454350
4 641625
4 455237
4 729366
4 366837
1 380172
2 525526
4 887836
3 378041
2 991536
1 99182
1 649704
3 364226
2 816158
1 606106
2 794900
4 287988
4 492001
1 782569
4 29076
4 303345
2 115018
1 311097
4 332002
4 292899
4 599580
4 930160
1 917897
4 377381
3 889719
1 538607
4 653535
3 370729
1 811306
2 5727
1 698723
1 211981
1 897549
1 753269
4 552843
4 929003
2 93923
1 454252
4 284679
4 445978
3 314897
1 359214
1 612433
1 222111
1 211206
4 997948
1 345377
1 635968
1 635670
3 806212
3 68230
2 958564
3 968450
2 538395
4 782980
1 310896
1 685379
3 686056
3 503759
4 632643
3 200963
3 739726
3 448277
3 223570
3 372905
1 837470
2 655258
3 5346
1 735602
4 965093
4 708434
4 900885
3 346740
2 15042
1 994371
3 592648
3 467959
3 113646
1 787250
1 786323
3 195542
3 574775
1 160144
4 469442
1 22217
4 875401
1 599572
2 691982
4 607807
4 196357
4 169184
2 483055
2 793499
4 513669
1 667772
3 643789
3 377542
2 29753
4 640837
2 69583
1 992547
1 483818
1 655928
2 180471
4 542279
4 331555
2 803098
4 923517
1 547749
2 714167
3 221071
1 528729
1 991006
3 2897
1 38671
4 390924
2 191076
3 396151
2 358907
2 25028
4 566325
3 779136
3 585207
3 571811
3 213614
2 68243
2 466920
3 132491
2 690863
4 733119
2 487805
3 49641
1 422627
1 283418
3 791473
4 206476
2 887797
2 142555
1 920410
3 587137
4 432657
2 744140
4 328037
