5000 1000000
4 961
3 241
4 241
1 481
2 1861
3 501
4 1261
1 621
3 861
3 1341
3 1201
3 1041
3 561
5 1401
1 21
4 1781
5 1521
1 1901
2 201
2 1801
5 21
1 1821
1 501
2 501
5 941
1 761
3 1781
3 1161
4 1421
4 621
1 321
5 1601
1 1621
3 921
1 1541
5 681
2 1921
4 381
4 1201
3 1361
5 601
5 1981
4 201
5 281
4 861
5 841
4 1701
5 61
4 1421
4 1021
4 1041
2 641
3 801
1 701
4 741
5 981
2 1541
3 1281
2 1041
3 261
4 761
4 1421
3 1141
3 1961
4 1401
4 1501
3 81
4 1
5 581
5 461
4 1541
3 1281
1 1101
1 481
2 81
2 1401
5 721
5 1581
4 1421
5 1681
4 281
4 1341
4 1481
5 1541
1 1401
1 1321
4 1661
1 821
1 861
2 1941
3 721
4 1601
3 1601
3 1981
1 1161
1 1421
4 561
3 1761
3 1621
5 1101
3 261
5 401
4 1641
1 721
2 1501
4 1061
3 461
3 661
2 1181
3 501
4 541
1 261
4 1941
3 961
2 1961
4 321
2 341
1 541
2 461
1 361
5 1741
5 1901
2 381
2 1641
1 361
5 1061
4 1061
5 1681
4 921
3 1741
5 661
2 501
2 1421
2 1501
3 341
2 1121
1 1261
3 701
4 201
5 1041
3 721
1 1281
1 681
2 181
4 1541
4 1481
3 1701
2 1441
1 421
3 61
1 1181
4 201
1 741
4 1381
5 1081
1 481
2 21
4 1681
2 1401
3 901
2 301
1 1761
2 1401
3 621
1 1761
4 161
4 1161
2 1061
2 1801
1 821
3 1881
5 601
2 1021
4 1781
5 1861
5 961
1 1461
4 1561
5 1261
2 1461
3 1961
2 541
4 1041
5 1681
4 1181
4 321
5 241
3 1541
5 561
1 261
2 901
5 1541
2 1821
2 1521
3 1621
1 1701
4 461
2 641
4 1021
3 801
2 1381
4 921
2 1121
4 1321
5 1261
1 601
1 321
1 681
1 1481
5 841
2 801
2 341
2 1021
1 1161
2 21
5 281
2 1421
4 541
5 881
2 1661
4 481
2 1161
2 181
1 601
5 1881
1 201
5 1321
1 1201
4 761
3 1921
2 1301
1 1621
1 461
5 841
5 801
3 1221
1 61
5 1701
5 1601
4 921
3 1681
5 1801
4 361
5 1001
1 1561
1 881
1 1461
5 1181
3 1121
3 1921
5 61
2 961
4 1081
3 1781
1 581
3 1881
2 301
4 181
3 1481
5 1941
3 741
4 701
3 1881
4 1681
3 41
1 541
3 1301
4 1781
3 1701
2 521
1 241
1 1361
1 781
4 921
4 381
5 821
1 341
3 241
4 1921
5 1301
4 41
3 1841
5 1641
5 1421
4 1981
4 101
2 701
3 1001
4 761
4 601
1 301
2 961
4 1701
3 481
5 721
4 1601
2 1741
4 421
5 1801
1 301
2 501
4 1341
4 321
5 1841
3 1581
2 1641
3 221
1 1641
5 1101
4 1601
5 1261
2 601
2 801
3 461
1 1701
3 1701
5 1461
1 261
4 601
5 1501
4 141
5 961
2 101
4 1581
5 1541
4 161
4 1281
2 541
3 1821
1 101
2 761
1 1481
5 101
3 1601
2 861
4 1301
5 1341
3 781
4 181
5 1941
2 1341
5 1281
3 1861
4 861
4 1921
1 1
2 121
3 1061
2 1561
4 701
5 381
3 1201
3 141
4 801
3 621
3 1781
5 1701
1 81
2 21
4 741
5 81
1 1621
4 1501
5 1061
2 781
5 1481
3 781
3 581
4 1861
5 1541
4 841
2 1461
5 1201
5 721
1 361
3 921
5 601
3 1781
1 1161
3 1741
3 1321
5 1781
1 1741
1 21
4 21
2 1101
4 1221
3 321
5 521
1 521
3 1841
4 141
4 621
5 641
4 261
4 701
4 281
1 1721
4 1881
2 1941
4 1181
4 361
1 1661
2 1921
3 741
2 901
4 141
3 1361
3 501
4 601
1 741
4 1101
4 41
2 1221
1 541
5 541
1 1601
3 1721
4 1881
3 1161
5 581
5 1721
3 1521
2 941
5 1741
4 1801
5 1361
4 1
5 641
1 1481
1 1861
2 761
5 141
2 1661
2 201
1 1101
3 961
1 41
5 1021
3 781
4 1181
5 121
2 1381
3 1841
5 821
4 241
1 601
3 1101
5 1
3 941
1 1941
5 1
3 941
4 501
4 161
3 1161
4 721
4 721
2 841
1 1021
3 341
5 1421
2 1961
3 781
3 1681
3 301
3 441
1 981
5 181
1 1901
4 61
1 421
5 741
1 1
3 341
3 1961
2 1161
5 201
2 1141
1 481
5 1001
3 1181
3 1401
3 501
2 121
4 401
4 1441
1 401
1 601
5 1741
3 161
4 801
2 1001
5 581
2 1961
2 781
4 941
3 501
1 1801
4 1141
1 1081
2 841
4 521
4 1501
1 61
5 261
5 1141
3 1421
2 1321
4 1541
4 1261
5 201
3 541
1 41
4 1221
5 681
5 961
5 1141
2 1121
4 641
1 541
1 361
5 1881
2 881
2 681
3 1381
4 1281
4 1961
3 1341
1 1021
2 1601
3 1501
5 1581
2 281
3 661
1 421
4 81
2 1241
2 1061
3 1521
4 1001
1 921
1 1781
2 281
1 501
3 901
3 1961
1 1741
4 1861
5 1121
4 421
3 101
2 181
2 521
1 1321
2 1601
5 141
3 361
1 1741
2 1681
1 1561
3 1901
3 1341
1 1521
5 341
2 1021
1 721
1 481
2 661
5 1601
5 1021
1 841
4 61
3 1561
3 401
1 1601
2 1941
1 81
2 1541
5 761
1 681
2 641
3 261
4 1721
5 221
2 1701
1 761
1 621
4 1241
1 821
2 241
2 1501
1 1181
1 1541
4 1141
1 1141
2 1621
4 1261
2 621
4 1041
3 1881
4 641
1 261
3 981
2 1821
3 381
4 781
5 221
3 1641
4 461
1 881
2 1801
4 1941
3 701
1 1221
5 1921
4 1241
5 1741
1 1941
4 1001
5 1301
4 241
4 61
5 1041
5 621
5 521
5 781
2 681
4 1621
4 821
1 321
4 1861
2 601
1 141
5 1681
3 1181
4 1321
2 321
4 1661
4 1001
4 841
1 1301
5 1281
4 1421
2 1621
2 121
1 481
2 1001
1 621
3 761
3 1261
4 441
5 361
5 1361
3 1981
3 1221
1 941
5 741
5 1881
3 121
4 901
5 1661
5 561
4 1761
4 1301
4 41
5 841
2 1821
2 761
2 521
4 1461
3 1641
4 241
1 1301
1 1521
5 41
3 41
3 1621
4 1201
1 81
1 41
4 1441
4 1741
4 801
1 1481
1 1001
3 221
5 781
2 1901
1 821
5 1581
5 921
3 301
1 921
5 521
4 1881
5 581
1 1281
1 1021
2 1061
2 1621
4 561
2 1281
4 601
4 561
4 1621
1 1261
3 1041
1 761
1 1661
2 1701
4 1541
4 741
5 1921
3 41
1 1061
4 1741
1 841
2 541
5 1721
3 1141
2 1441
2 1701
5 261
5 1481
5 1801
2 801
5 1441
2 1421
4 381
1 561
5 421
2 1361
2 801
4 1781
2 1781
4 681
2 1641
1 1181
4 461
5 881
2 961
2 941
2 1041
2 841
1 241
1 421
4 941
1 1421
1 1981
4 1921
1 1421
5 1841
1 1261
5 1661
2 1741
4 1521
5 1721
4 1681
1 1041
2 201
1 441
3 341
1 1281
4 1801
5 1981
5 1401
3 1441
1 1781
2 361
4 1201
5 941
1 1581
1 1681
2 1201
5 1381
1 241
1 281
1 1501
1 1741
1 921
1 1981
5 1
4 701
5 141
5 1301
1 1321
4 1521
5 1121
2 1981
2 1061
3 1921
1 301
2 1121
3 1321
5 1361
1 1841
5 201
4 701
3 1441
2 1301
5 701
4 1341
5 1541
5 1361
4 281
1 1921
3 1281
3 1961
3 541
5 1701
3 1821
4 961
2 701
3 1861
4 101
1 1541
5 101
4 901
1 1561
3 941
1 1961
4 841
3 1601
4 421
1 1601
4 1981
4 781
4 1401
1 501
3 1341
2 581
4 61
3 361
3 741
5 1341
1 1661
3 641
2 921
1 1141
3 1241
1 81
4 101
3 381
3 1981
3 441
1 1821
4 1301
1 261
4 821
3 941
4 1
2 1521
2 81
4 1301
4 61
4 881
4 1821
1 1921
5 1241
4 721
2 621
2 1161
2 341
3 1241
3 1201
1 1181
1 1641
2 1101
4 1881
5 1821
3 1441
1 1621
1 781
1 781
3 1821
5 1281
4 1581
5 1381
1 1241
2 421
3 1241
4 1381
5 121
1 921
2 1321
2 721
5 1221
3 821
1 1361
1 401
1 1581
5 1761
3 721
4 1341
1 121
1 901
2 1001
2 1261
5 181
1 681
3 1721
3 1321
2 1301
4 1741
3 1821
4 421
2 101
5 1501
3 901
1 1681
3 441
3 781
5 641
5 1321
5 161
3 1701
3 701
5 1501
5 421
5 1901
4 1081
1 1041
4 1661
3 1921
2 1561
3 521
1 601
4 1661
1 761
3 1
3 381
2 581
5 161
1 1641
3 201
5 621
2 1481
1 261
3 981
1 621
4 481
3 1341
1 1821
2 521
3 841
2 341
1 761
2 1701
4 541
3 501
5 221
5 1
2 1441
3 1081
3 941
1 441
3 1541
2 1241
5 421
3 1001
3 581
5 1261
2 1461
4 1461
1 1581
1 521
3 1561
3 1321
3 1
3 981
3 1661
2 1801
5 1541
1 1141
5 1421
2 1481
4 421
3 1881
5 121
3 1101
1 1561
5 1921
5 781
3 741
1 561
4 361
1 461
5 961
5 1701
5 341
1 201
1 621
3 381
4 1241
5 1341
1 361
5 1081
3 801
1 901
2 1101
2 1041
4 1521
4 1921
4 1461
2 761
3 601
2 1801
5 1281
4 1661
4 1881
2 241
1 1321
5 481
5 1581
4 1641
2 541
4 841
1 481
4 1441
4 1601
1 1361
4 641
1 1161
3 641
3 1241
5 1061
4 1621
4 1041
2 221
4 21
5 1541
3 121
3 321
5 181
1 581
2 1261
2 521
2 1241
4 1241
1 1061
3 701
5 541
1 881
1 301
4 1261
5 821
2 521
1 321
1 401
5 1681
2 621
1 561
5 1781
3 1301
1 1441
1 1481
2 1001
5 501
1 1241
5 981
1 1921
3 641
1 181
3 1181
4 1361
4 461
4 1301
3 601
5 301
1 1141
1 1381
5 921
1 1801
2 361
1 1161
3 201
5 1501
4 161
4 1561
1 421
1 121
3 1981
2 501
3 1301
3 1101
3 381
4 541
1 321
4 221
3 1641
5 1501
2 641
4 721
5 1381
3 1461
5 81
3 841
1 1841
4 681
1 1241
4 761
2 1661
2 1781
1 421
4 1521
2 1761
1 761
2 1741
1 1141
3 461
2 581
5 1561
3 1861
4 761
3 21
3 561
1 361
2 81
4 1221
4 401
1 641
3 361
5 1081
2 501
4 1181
4 1461
1 701
5 661
3 541
4 541
5 421
4 1881
1 821
4 821
4 561
1 621
4 621
4 141
4 941
2 761
2 841
2 841
3 1981
3 1161
2 1281
5 1081
4 1241
5 141
3 1981
5 1761
2 1661
2 1
3 1501
1 1601
5 1841
4 1561
2 161
2 101
4 981
5 361
4 621
3 1741
1 1881
5 1701
4 1221
1 1861
2 1801
2 1221
2 161
2 961
1 561
3 1301
4 581
5 1561
2 1961
1 1241
4 941
5 1681
5 1021
4 1521
1 1581
5 1101
5 1561
4 641
1 1761
3 961
2 961
3 381
3 481
5 1
1 601
2 1821
5 621
3 1261
5 1701
1 741
1 721
1 341
3 1061
4 1081
4 1401
5 381
2 381
2 1921
2 1821
3 1401
2 41
1 41
1 1221
5 241
5 1281
3 1361
4 801
2 401
4 421
2 1301
3 881
4 1121
5 1521
4 1701
4 1741
4 1761
3 1
2 241
1 281
3 1941
2 1981
4 1181
3 301
5 161
1 221
3 1541
3 141
3 1061
3 241
3 1081
4 1881
4 1561
2 1061
4 1341
3 921
4 121
2 961
5 181
5 1461
1 1401
4 421
2 1321
2 1081
1 1621
1 1581
1 1201
2 1021
5 781
4 1021
5 281
5 1681
4 1321
5 321
3 441
5 641
5 221
5 21
4 1221
5 1901
4 1721
4 721
2 1161
4 521
2 1001
1 1701
3 641
1 1381
2 1421
3 841
2 41
3 181
4 281
4 721
3 121
2 761
3 1761
5 61
5 1961
4 241
3 521
4 301
5 1101
1 1
1 541
2 1141
4 601
2 1701
3 281
2 381
5 301
4 1821
2 701
1 461
5 441
4 621
4 1221
1 521
5 1121
5 1
3 901
3 41
5 1361
2 1621
2 581
5 1401
5 881
1 121
2 281
2 901
2 1641
3 221
1 441
5 1741
1 901
2 1341
5 521
1 1661
1 861
3 101
4 841
4 1681
5 1441
3 1621
1 1581
2 261
1 1
2 1301
3 1
1 1261
1 1301
3 681
4 581
1 101
3 321
2 201
5 1801
3 1001
4 1721
2 1821
4 1641
1 541
5 981
5 201
5 1161
5 621
4 501
2 461
4 1901
1 1581
2 1461
1 281
3 601
2 521
5 561
3 1141
4 1481
5 221
3 1861
4 1541
4 1021
5 1061
1 961
2 1741
3 901
5 881
3 821
2 261
1 1501
4 81
5 901
2 1921
1 581
2 1341
4 1521
4 421
5 1161
4 641
5 521
5 321
3 441
3 701
5 1041
4 701
4 201
5 1941
4 1541
1 801
3 1321
5 121
4 1181
2 1241
2 1021
3 1821
5 1021
2 161
4 1921
4 1761
2 81
1 561
3 201
1 1701
4 1761
3 1601
5 561
4 1561
2 161
3 701
3 861
2 1881
2 461
4 961
1 1241
1 1941
3 421
3 41
3 661
3 541
2 1081
4 501
1 441
1 761
3 921
5 161
5 1461
1 1901
3 1801
1 1881
3 1001
4 1981
2 41
5 1881
4 461
5 701
3 581
3 141
4 441
2 1681
5 381
2 1761
2 1201
5 1221
2 1121
4 1521
2 41
2 1281
5 1901
5 1981
2 1121
2 1821
1 561
4 1401
5 1181
2 1361
3 261
5 1321
1 681
2 1901
5 421
1 1861
3 1401
4 1481
5 841
2 101
5 241
3 141
1 1881
1 101
5 361
5 921
1 801
2 1001
5 301
5 1841
4 121
5 201
2 381
1 1521
4 1381
3 781
4 1861
4 361
3 981
2 481
5 1841
1 1261
5 241
4 1141
2 1661
1 981
4 1001
2 1801
2 101
3 21
5 1321
1 961
3 1301
1 381
4 901
5 1261
4 1821
3 1101
2 1341
1 561
3 1781
4 1861
3 1501
5 1761
3 1761
4 1981
5 461
2 1401
5 1701
3 1781
5 301
4 581
2 1701
5 661
5 1921
4 1081
3 1521
3 981
1 661
1 841
1 501
2 421
5 461
3 1321
2 141
5 641
3 161
5 1881
4 1341
2 581
1 1441
1 741
1 301
5 1261
3 761
5 1581
2 641
3 1561
3 1001
5 741
3 1521
5 1121
5 281
4 581
2 141
4 241
2 41
5 1181
2 1461
1 1961
3 921
5 1521
3 401
1 681
4 501
3 681
3 1481
3 101
3 1641
1 1921
3 141
4 1601
3 841
2 1941
4 941
3 1041
5 581
2 401
3 941
4 681
3 1361
1 1121
3 1261
3 661
4 1
3 1321
4 1241
4 201
1 1921
2 581
2 141
4 501
5 541
2 961
1 561
4 1321
1 981
3 241
2 1721
2 1221
2 1341
5 1741
4 1761
1 461
2 41
3 241
2 1541
5 1101
2 721
5 1281
3 1261
4 1381
5 81
4 521
5 1721
5 381
2 181
1 1061
5 481
1 181
4 801
1 1
4 941
4 1341
4 1821
2 221
2 1421
2 101
2 921
5 1821
5 1061
3 1581
1 1981
5 41
1 481
4 361
1 781
3 1061
2 361
5 1
2 901
4 641
3 121
1 241
2 501
3 741
2 1981
2 1341
3 1241
5 1321
1 1581
4 1301
3 1201
3 301
1 1321
4 521
2 1821
4 61
4 1241
4 1641
1 421
4 181
3 1641
1 581
1 1941
4 621
5 1141
2 981
5 1281
4 1381
3 1401
5 921
5 1221
4 1201
4 1261
1 1481
5 741
2 681
3 1421
2 1841
5 1781
4 1621
5 641
3 81
1 1681
3 1041
5 41
3 1121
5 1321
3 1101
2 1321
2 101
2 1041
5 1
5 981
4 101
3 1121
4 1641
3 1001
1 601
1 1941
4 701
5 1561
1 1181
2 561
4 661
4 801
5 1801
4 1841
1 641
3 1641
2 741
4 581
5 1361
3 561
1 1281
4 681
1 1841
1 1101
3 1121
2 321
4 541
2 1501
4 181
2 1941
2 1261
4 61
5 481
5 181
5 1741
4 1781
2 1301
4 1141
5 1641
4 1861
3 1981
3 1941
3 1961
1 1041
4 1001
3 1701
5 21
5 181
1 21
2 1181
3 1021
3 341
5 1221
5 121
3 561
3 1361
4 21
5 681
4 1261
3 461
1 1961
3 401
3 641
1 421
1 1941
5 1081
2 901
1 21
1 1501
3 241
2 1761
4 521
1 881
5 1181
3 141
3 1001
3 361
1 621
3 1501
5 1721
5 1981
3 401
1 1041
1 1201
1 101
1 621
2 821
3 401
2 1581
1 1041
2 1061
1 1161
1 1881
3 101
4 1461
3 1561
2 821
2 721
4 181
5 1461
4 141
4 1101
2 561
3 1301
4 401
2 201
4 1581
1 1961
3 841
5 881
3 661
4 601
3 1721
2 941
1 1841
5 1881
1 681
4 61
4 1641
2 901
1 1481
2 1441
1 1361
2 1241
5 241
2 521
2 1201
3 741
1 581
4 1461
3 1861
4 901
4 901
1 21
2 1021
5 1521
2 181
1 1661
5 881
3 481
3 361
1 561
4 1341
3 1781
2 981
2 481
4 1281
2 1081
3 1081
5 941
1 1641
3 961
1 841
5 1641
3 81
3 561
5 1621
2 1581
5 1381
3 1621
4 81
4 181
4 541
5 481
2 61
3 1301
4 841
3 561
2 841
3 1501
1 1361
4 1141
1 1261
1 1201
2 1841
3 1241
1 141
4 1501
5 361
2 1401
3 781
2 181
3 1021
2 341
3 821
1 341
2 1821
2 261
3 1021
3 1941
2 161
5 1041
4 1961
2 761
3 381
2 1241
2 281
5 1641
2 81
2 1341
5 1541
4 201
2 1981
2 1181
5 741
5 1921
2 1121
3 321
2 1621
3 1361
2 1981
1 1941
3 1341
2 1421
5 1721
3 1761
1 1761
3 401
5 1221
1 841
4 1621
4 1741
3 521
1 1561
4 1801
3 241
3 1661
4 1741
3 521
2 521
4 1701
4 1241
5 1961
1 701
4 1761
2 261
4 801
4 1581
5 1861
1 1361
1 681
1 481
4 781
3 881
4 481
1 1841
4 821
2 121
5 1721
4 241
2 301
1 361
5 1581
1 441
1 1681
5 201
3 1861
5 1021
4 1901
5 1161
2 881
1 1521
2 361
2 301
1 281
3 1061
5 181
2 701
5 1081
5 1481
4 1461
3 1961
2 1161
3 1501
1 701
2 1921
2 1541
3 1601
4 801
5 581
4 561
5 1261
4 1221
2 261
1 161
2 301
5 1941
3 141
2 841
4 101
4 1841
5 1181
4 821
4 721
2 1141
3 1721
1 1141
5 221
1 981
2 1741
4 1281
4 381
5 301
2 441
3 1921
5 1561
5 221
4 461
3 261
4 1121
1 1261
1 861
1 721
5 1441
2 1501
4 841
4 1081
1 1621
2 101
2 1841
4 1841
5 661
1 1701
1 981
5 1881
3 281
3 1261
1 281
2 1621
4 1101
2 1241
1 1601
1 1001
2 101
3 361
4 861
3 261
2 1481
5 1501
5 1001
2 1961
4 141
3 1661
1 481
2 1121
5 341
2 1241
4 561
3 1741
2 741
5 1641
5 821
4 1621
3 21
1 1601
4 901
3 1701
4 581
2 521
5 1281
5 981
2 41
5 461
5 1221
1 21
4 421
2 541
1 1761
1 1201
3 341
5 341
5 761
3 1
1 1521
5 1481
3 1061
4 1201
1 321
2 1301
4 1
2 1821
1 1821
5 1761
2 441
2 41
3 101
5 1441
3 1101
4 1
2 741
5 81
3 1381
4 701
2 861
2 1101
1 1
3 581
5 841
5 1741
5 1361
1 741
3 521
4 1421
5 1801
5 1061
3 1001
2 201
5 661
4 761
5 1581
2 441
5 181
2 1961
3 401
3 1441
4 101
3 101
2 981
5 1661
1 1481
3 1581
4 741
4 101
5 921
3 1281
5 1861
5 1201
3 1281
4 281
5 1301
3 661
5 1661
1 21
2 541
2 1581
3 641
3 701
1 181
2 1441
4 1441
4 1521
2 61
3 1521
2 881
4 1841
4 1341
3 1141
2 381
2 1781
3 641
5 161
1 1641
1 721
2 461
2 1781
4 981
4 1201
2 781
2 1481
3 261
5 341
1 961
3 1901
4 1361
4 861
1 1561
3 61
4 1321
4 1101
3 1541
3 1241
1 321
1 1401
4 261
2 1261
2 181
5 561
3 381
1 801
3 1441
1 961
4 1361
1 1921
5 921
1 641
3 1661
1 1201
5 801
2 1541
1 1141
5 61
4 1021
4 741
4 481
1 501
4 321
3 1241
5 1981
5 1041
1 1401
5 481
5 741
4 621
4 761
2 1861
5 1481
3 1061
1 361
3 1041
3 201
1 261
4 41
5 301
3 401
2 1501
4 881
1 1521
3 1181
2 821
1 581
1 1861
3 661
1 101
1 1
2 1381
1 1361
3 861
2 1581
5 1001
2 881
3 481
3 1741
1 1781
4 1681
4 581
4 561
1 441
4 421
5 1841
4 1461
4 1361
1 901
2 641
5 61
5 401
5 781
1 81
4 1781
1 741
4 401
4 1201
2 1721
1 1121
1 1121
2 1061
5 161
4 881
3 1561
1 1881
4 1741
3 1661
5 721
3 701
1 901
5 1721
5 1521
3 821
2 241
4 1901
5 801
1 541
3 1241
4 1181
3 281
2 421
2 681
3 261
2 1741
4 661
1 61
3 1901
1 1981
3 1161
3 301
4 1741
5 1721
4 621
5 1481
4 1121
2 1021
4 481
3 1641
4 501
1 1261
1 1261
3 981
2 1421
1 1801
1 661
4 341
1 361
5 1521
1 1841
1 401
4 281
4 1001
5 641
1 1201
5 401
3 461
1 821
2 1021
4 761
4 1141
2 921
3 301
3 1861
3 581
4 21
2 821
5 1801
3 1941
3 181
5 221
4 841
4 921
2 141
3 401
1 301
3 461
1 321
2 941
2 1621
3 821
1 1881
2 261
2 541
3 1361
1 1041
3 701
5 1301
2 421
4 1841
5 1021
5 601
3 1501
5 661
3 1221
3 1341
5 361
1 1241
4 781
5 141
3 861
2 1461
4 1881
5 681
3 681
3 1181
1 141
2 381
4 801
2 1921
1 1521
1 1121
5 301
4 521
3 281
3 641
4 1741
2 1061
1 341
3 1141
3 1321
5 1061
2 301
3 201
2 1981
2 441
5 1221
3 541
5 1381
4 1721
4 601
1 421
2 1141
5 1601
3 61
1 1681
1 1561
3 281
4 1801
5 1121
1 541
3 601
4 1901
5 941
5 1061
3 21
2 421
2 1321
5 1181
5 1281
4 861
1 1961
4 521
2 61
2 1021
4 801
2 861
2 1721
5 1401
2 161
3 161
4 1121
3 1261
4 1021
3 1861
2 241
1 141
2 1741
1 1001
3 761
2 401
5 1281
5 261
5 381
5 1601
4 1461
3 741
3 1221
3 1341
2 41
4 1681
2 161
2 221
2 1921
2 361
4 1161
4 81
4 1381
1 1781
5 141
2 1901
2 101
3 201
5 301
2 1261
4 21
2 1801
1 741
1 321
4 881
2 961
1 761
5 1841
5 661
1 781
1 1081
3 881
2 421
2 1781
5 881
3 1921
4 481
5 661
4 1861
2 1361
4 61
3 1241
4 1821
4 41
5 661
1 361
5 641
4 201
4 1301
5 1541
1 781
3 1381
2 1461
4 601
4 1181
1 1141
3 941
3 841
3 701
4 641
2 1721
3 1041
5 301
5 821
4 381
5 661
5 1481
4 381
4 1361
4 921
3 1381
3 681
5 1121
3 1681
4 1761
3 341
3 1441
4 1221
1 1781
5 1681
5 801
4 1801
4 1001
4 341
1 1261
5 1841
3 1461
5 1481
1 1521
2 1201
5 541
1 181
4 1401
5 1181
3 301
2 1981
5 1801
2 341
4 1201
2 1761
2 1301
3 421
4 1981
2 81
2 1381
3 1661
4 281
3 1881
1 301
2 1161
4 61
4 1321
3 1181
3 1001
4 1381
4 1301
4 701
3 601
1 41
1 1681
2 1141
1 221
2 21
5 1861
1 541
2 1641
2 1281
4 801
5 461
5 1901
3 1781
5 1501
3 661
1 461
3 681
4 1141
2 461
3 801
4 501
4 801
5 941
1 661
1 801
1 881
2 1601
4 661
2 1561
1 541
5 141
1 1141
2 281
4 741
3 1961
1 121
1 1301
1 201
3 1561
1 1961
3 861
2 1881
5 301
1 1101
2 181
1 1081
4 1961
1 1941
1 1521
3 981
1 901
1 1381
2 121
5 801
2 541
4 81
2 1581
3 1501
4 761
5 461
3 821
3 1901
4 1521
4 1841
1 401
4 781
5 1
1 1401
2 881
1 721
4 1221
1 1781
4 41
2 41
2 81
5 1081
2 1961
2 1761
2 1281
5 1281
1 1081
2 1281
3 881
2 901
1 1221
3 1021
4 1301
3 1741
1 461
2 61
3 1081
4 861
4 1161
1 1941
1 1021
3 881
4 1481
3 241
4 801
2 1401
5 481
3 841
1 441
1 161
2 1121
4 1761
4 1101
3 1661
3 461
5 201
3 1701
5 1141
4 1381
1 101
1 1181
5 1961
4 1021
2 201
1 801
5 1201
3 1241
3 1621
3 981
2 301
1 1841
2 381
2 1461
1 1041
1 1161
4 721
3 1721
3 1341
2 121
3 1301
2 301
5 1781
3 741
4 141
4 1501
3 1441
5 1321
1 961
2 1001
2 1
4 1981
1 901
2 1681
4 381
1 1221
5 1681
3 641
3 61
1 1921
4 1841
4 1601
3 1721
1 1641
2 1941
1 801
1 1701
2 161
4 1401
3 1141
4 281
4 381
3 1681
4 701
3 1181
5 1621
1 761
4 781
5 1101
2 501
5 201
4 1281
1 141
1 1101
4 681
1 1121
3 321
5 1401
3 441
2 1621
3 1841
1 241
4 1901
5 661
1 521
2 1821
2 421
5 41
1 1121
1 1721
2 801
5 461
1 1381
5 341
4 361
1 1501
2 1341
4 981
5 1861
4 1341
4 1161
5 621
3 1101
1 721
3 1441
3 781
1 1601
4 1
3 681
1 1701
4 21
5 841
3 1501
4 741
2 1421
2 861
1 781
4 241
5 1041
2 401
1 1501
1 841
3 61
3 1961
2 1661
4 441
1 341
3 1341
4 1821
3 921
2 121
5 641
4 1681
2 1061
2 101
5 1521
1 1461
5 141
4 1
3 1121
5 401
3 1461
2 821
3 41
5 981
2 681
1 941
2 1161
5 441
2 1081
4 1421
5 301
4 761
3 901
4 1881
5 1141
1 321
4 1001
1 981
1 121
5 1581
5 341
3 541
3 941
2 1781
5 1861
2 121
5 1841
2 1141
2 781
3 101
4 721
4 881
4 261
5 81
2 1481
3 161
2 1841
4 861
2 1581
1 1361
5 1881
4 381
3 1901
5 661
3 621
3 921
2 901
4 1421
1 681
3 401
5 1121
4 581
5 181
5 441
2 1721
4 1461
5 1701
1 961
1 1101
3 1901
2 1941
4 881
5 1
4 1541
3 561
5 1381
5 821
2 1501
4 541
1 441
2 1021
1 41
3 201
1 1561
3 241
2 881
2 641
4 1601
3 1421
3 201
3 1301
2 501
5 1161
5 961
2 481
4 1141
4 721
1 1641
2 601
3 1781
4 1621
4 41
4 581
2 361
1 421
1 1161
5 121
5 321
2 1101
3 281
3 1941
1 1721
1 1681
3 1341
4 1041
5 1941
4 321
1 961
5 1
1 1061
5 461
2 1481
3 321
4 221
4 261
3 941
3 1941
3 741
3 781
4 821
3 1801
5 1961
2 661
5 1221
1 281
3 1641
2 1581
3 1421
2 361
3 581
3 861
1 341
5 841
5 21
3 241
1 541
5 1141
1 21
2 1501
1 421
2 1201
4 221
1 41
4 641
3 1041
3 881
2 861
1 461
2 1
4 161
1 761
2 1081
4 1741
3 1141
4 401
4 1861
3 201
3 1021
4 1421
3 401
2 261
1 761
2 781
1 801
2 41
5 941
3 861
5 601
5 141
1 241
2 1881
3 1921
3 1221
3 161
4 1521
2 341
4 1741
2 41
2 61
2 1881
3 1901
4 201
4 321
5 61
3 861
2 101
4 1641
1 981
3 121
1 1161
4 1361
2 1801
1 281
1 1
5 1241
2 1581
2 941
3 1061
3 1441
1 1381
2 1201
3 1041
5 601
2 1441
3 1641
3 1681
4 161
5 541
5 1281
5 1401
3 1821
4 1141
5 1621
1 961
2 1941
1 1461
4 981
3 1981
4 121
3 1381
2 1321
5 161
4 161
5 1861
2 1
2 1041
2 1841
5 81
1 801
3 1761
4 1881
1 41
2 101
4 881
3 1441
5 1481
3 1341
4 1441
2 1481
3 601
5 1901
3 121
5 1121
4 1701
1 1961
5 1961
2 1721
3 1801
5 1581
2 1181
5 1381
4 1941
2 701
1 1181
1 1561
1 1981
3 1221
4 1901
1 1561
4 181
2 1401
1 1501
3 1441
5 1841
3 561
3 661
1 1621
1 1461
5 861
1 1121
1 241
4 1161
4 1741
4 1581
3 261
1 961
1 1661
3 1401
1 781
1 1901
5 781
4 661
1 321
5 21
5 1421
5 1181
1 161
4 101
2 61
4 1281
4 761
3 781
5 881
2 761
2 1861
2 1261
4 441
2 381
2 1361
3 1601
3 1261
2 1881
2 921
5 1201
3 1961
1 1
3 881
5 1821
3 941
3 421
1 341
2 1921
1 1101
1 481
4 1701
4 281
1 1841
2 1841
1 41
4 41
3 161
5 941
2 1381
3 561
2 61
4 1281
5 61
5 81
3 381
2 1321
2 881
4 721
4 1501
5 601
2 221
2 1081
2 1821
5 1961
2 1381
1 1781
5 921
3 201
5 981
4 741
3 621
4 741
2 421
4 1101
4 1601
3 1901
1 841
1 1901
4 281
2 461
1 241
2 1301
5 1421
1 321
3 121
4 1701
2 1001
1 661
4 1141
3 1201
3 1301
1 1921
1 1821
2 1221
5 501
5 1741
3 841
1 761
1 1221
2 401
5 441
3 1201
4 1541
3 1161
4 1001
4 921
5 1101
4 1621
5 1741
2 341
1 741
2 981
5 1781
4 1481
5 941
5 361
5 1721
1 1481
5 1281
5 1641
3 1901
3 261
1 1381
4 1401
1 841
4 181
3 421
1 1501
2 401
5 501
5 1381
1 321
5 1521
5 621
3 1601
3 581
3 1161
4 1201
4 1761
2 1841
4 921
5 1721
5 1181
2 1341
1 1421
4 941
1 461
3 1941
2 1221
1 261
4 1581
3 1061
4 821
3 1421
1 921
2 1981
1 1761
5 1801
5 1061
3 1501
4 1061
2 1741
4 621
2 561
1 1021
2 801
1 1241
2 1921
5 181
2 1521
1 681
1 1561
2 841
2 1141
3 181
5 1121
1 741
4 1941
3 1621
2 1061
1 1021
2 721
4 421
1 1301
5 1201
5 1921
3 1901
5 1801
5 441
4 1921
1 321
2 1921
5 461
1 141
3 1821
3 221
2 881
1 1661
4 221
4 1901
3 881
1 1821
3 1421
5 1561
4 1521
1 1641
3 481
2 421
5 1181
3 1
3 1121
3 561
4 801
3 841
3 161
3 1341
1 161
3 1
3 321
4 1761
5 1601
1 561
3 1541
2 901
2 961
3 141
4 721
4 381
5 601
1 1901
4 81
4 321
2 1901
2 1321
3 201
4 441
4 1421
4 1521
3 1641
1 1501
4 1481
4 1461
2 821
5 761
1 741
5 1401
4 461
2 661
4 81
3 1621
4 881
1 361
3 181
3 1821
2 1741
2 1601
2 141
5 981
4 641
1 761
5 1601
4 1221
4 61
4 621
4 321
5 1861
5 741
4 741
2 541
4 1361
5 221
2 321
4 1541
1 1121
5 1661
1 61
2 341
5 141
2 561
2 1161
1 1081
4 1061
1 1181
2 1181
1 221
5 321
2 481
3 761
4 501
5 861
3 561
3 1561
1 1781
3 301
3 481
4 61
1 181
2 941
5 1241
2 1061
4 1781
5 661
2 1801
1 221
3 261
2 1001
3 1321
5 321
4 1841
4 441
2 261
5 1941
1 661
1 81
2 1441
2 1061
1 441
2 1521
3 1041
1 761
1 1881
1 281
1 1581
4 1441
5 261
4 1081
4 961
5 701
2 1161
2 1041
2 541
5 1821
3 1181
3 961
1 261
1 861
3 61
5 241
3 321
4 1721
2 481
5 1861
1 1101
5 501
5 481
5 1121
2 1501
2 841
4 1241
1 741
2 1261
1 501
2 1461
1 1941
4 1281
2 1541
2 1001
3 1421
2 441
2 281
3 961
2 521
4 601
2 1061
5 21
3 1981
2 1841
3 601
4 1421
2 1901
2 961
4 581
2 1221
5 1561
5 481
1 1081
1 1861
2 1861
2 1121
2 501
5 81
4 1361
2 461
5 561
1 1901
4 121
1 1561
2 401
2 341
4 1201
3 1641
2 921
2 161
2 1781
4 901
3 221
3 1081
5 1541
5 1
4 641
2 901
5 141
4 61
1 641
5 361
1 861
5 441
2 861
2 201
3 421
3 861
5 801
4 1081
4 261
2 101
2 1361
5 961
5 1081
2 1021
2 1341
5 721
3 1641
4 161
5 1041
5 681
3 661
2 321
2 501
4 981
5 941
3 1081
5 1761
5 1841
4 141
1 1601
5 501
4 1681
4 941
2 381
2 741
4 1101
5 1201
2 761
1 501
5 1561
3 301
4 961
3 201
4 761
2 1581
5 781
5 1741
3 1121
1 341
2 1381
5 1641
3 1561
5 301
5 1
4 1901
1 961
4 1781
1 581
1 921
5 981
3 1221
1 1401
3 1061
1 1401
2 1201
1 441
3 1181
5 521
2 861
5 1501
3 561
4 281
2 1361
5 1841
5 181
1 1081
1 1161
2 1961
4 681
5 1101
4 1121
4 21
1 641
3 1
1 1761
2 841
1 161
5 581
2 221
1 761
5 1401
3 1621
5 1561
4 341
4 1541
3 1861
5 1741
3 861
1 601
5 541
1 1301
5 1081
1 1461
2 821
5 1241
3 1101
1 1
3 901
1 1661
1 821
4 221
4 121
3 1681
5 81
4 1801
2 1761
1 1161
4 501
4 401
1 701
5 761
1 1221
1 1241
5 941
3 1641
1 701
3 1941
1 1441
4 801
1 821
4 561
5 861
3 1761
3 1441
4 481
2 381
2 661
2 681
4 521
5 941
5 501
1 1421
4 41
3 361
3 1801
2 1881
2 661
4 21
5 621
1 81
3 1681
5 1901
3 721
2 1501
2 1621
1 1781
3 241
3 561
5 1461
3 1021
3 861
5 521
3 1661
4 1781
5 1861
2 1761
1 1741
5 161
3 1501
2 341
1 1721
2 1221
1 1661
3 1141
1 641
2 1301
3 501
3 1781
1 1021
4 701
3 1761
4 1801
4 1621
4 1861
5 441
4 1441
5 81
1 1781
3 401
1 1601
1 1481
4 1641
3 101
2 501
1 301
5 1001
1 81
2 81
3 201
1 441
2 321
3 1801
2 1761
4 361
3 221
5 1961
2 361
3 1861
1 1341
3 1361
5 1521
1 1861
1 701
1 1081
1 681
4 1641
1 1021
2 1381
4 181
3 881
4 1021
3 501
2 1181
5 821
1 701
2 1641
1 321
3 1121
1 1721
3 781
5 1941
2 1221
5 281
4 1361
1 921
3 901
1 1421
1 701
4 1701
2 1361
2 1601
5 1001
2 981
2 101
4 1761
1 1021
4 1061
4 841
5 1661
1 1261
5 1581
5 1201
4 601
4 1001
2 1241
4 81
2 1661
5 121
1 341
2 961
3 261
5 481
3 941
3 1121
3 621
2 1721
5 261
1 21
4 281
2 1821
1 1821
1 1321
2 1761
1 1441
1 1741
1 1061
3 1481
5 81
1 1261
5 221
4 661
4 1981
5 1161
4 1181
5 981
3 1701
2 721
3 621
2 1841
5 1201
1 21
2 481
1 1101
3 1681
3 401
3 1081
4 361
3 61
5 921
5 1801
4 1441
5 1001
5 221
4 781
4 381
5 1481
5 1721
5 501
2 1141
1 881
1 561
3 221
1 1881
3 1101
5 1221
2 621
5 1201
5 1541
3 461
2 841
3 381
2 1201
2 621
4 1701
2 281
2 941
3 1701
2 461
5 701
1 441
4 1161
2 1661
5 1481
4 1621
1 1221
2 441
4 461
3 1541
2 1761
2 101
1 1781
4 21
2 1381
3 1901
4 501
5 1
3 961
1 201
3 1101
5 1121
1 21
4 981
4 1461
5 861
1 1321
3 961
1 1141
4 1901
2 1361
3 1161
1 1181
1 1681
1 821
4 181
5 1281
4 1101
1 421
3 341
2 121
5 681
5 561
3 781
3 901
1 341
4 1241
2 1941
5 161
2 541
4 681
2 1081
5 1461
2 1521
4 1601
1 921
5 1441
5 1021
4 481
5 581
4 1321
5 1
3 961
3 1141
1 1661
4 681
5 321
2 161
4 1481
2 1861
1 701
5 1281
2 1861
4 921
5 1901
3 1901
5 401
2 1541
4 421
1 1541
5 981
1 721
2 1901
4 1341
4 1961
4 221
2 181
5 1141
1 441
5 1161
4 1741
5 1021
1 1821
3 621
5 1961
1 641
5 1261
3 701
1 621
1 1461
4 1841
5 1761
4 21
2 1541
2 521
3 201
3 461
5 1001
2 1161
1 1581
3 1981
4 1521
1 1621
5 1261
3 901
2 1321
3 481
4 1821
3 1481
4 1981
1 1721
5 1381
5 741
3 681
4 161
4 701
1 1161
4 1941
2 1021
4 601
1 1461
4 281
2 1801
2 1921
4 1921
3 1201
3 601
5 1401
2 661
5 741
3 861
5 1701
3 521
1 1461
5 1801
1 521
4 581
1 921
5 781
4 1981
4 541
3 481
3 1741
3 1241
2 1501
2 1321
3 1021
5 821
5 181
2 421
4 1081
2 1581
4 1081
3 261
3 421
3 1381
5 1341
4 1841
1 341
1 1321
3 981
5 781
5 1641
5 1801
1 1141
3 741
1 621
2 401
4 221
4 1881
2 1861
2 21
2 181
2 621
4 1321
3 661
1 181
4 721
2 1001
5 61
4 1801
2 861
3 1561
1 1441
3 1461
1 221
5 1981
1 281
2 441
2 1801
4 1381
3 961
5 1981
5 1601
1 1241
2 601
4 521
2 141
5 241
3 221
4 1661
2 201
4 1281
2 1081
3 1101
2 1441
3 241
5 1421
1 781
4 1481
5 1981
1 1541
5 681
3 1121
4 1941
1 1941
3 1601
2 1821
4 1981
1 741
4 821
4 1321
3 241
1 481
5 1841
3 1601
5 1661
1 981
3 1801
3 1401
2 1541
2 1301
3 1181
5 1721
5 1261
1 261
2 1581
4 1361
3 621
4 441
2 1461
3 41
3 981
3 1701
1 1721
3 1581
2 1481
5 601
1 1341
1 401
4 881
5 1041
1 821
4 1441
1 921
2 1401
4 1461
3 401
3 821
4 1321
4 1641
3 61
4 1661
5 1021
4 1921
5 401
2 621
4 621
3 201
1 801
5 1621
3 1381
1 881
3 981
4 1041
4 1301
3 1601
2 1881
3 821
3 241
2 1961
5 1561
3 1421
5 1661
4 1121
3 261
2 521
1 461
4 1261
2 381
1 1521
2 221
4 1701
5 1101
5 1981
1 281
1 121
1 881
5 161
4 1121
5 1381
3 221
3 1481
2 1321
5 761
1 901
3 1041
4 1001
4 1641
2 861
3 801
3 801
5 141
1 81
1 1801
3 841
3 1421
3 161
4 1541
5 681
4 1621
1 701
5 141
4 281
5 1301
2 1461
5 841
5 1361
4 1901
2 121
5 1281
2 241
4 641
3 1601
4 1241
5 521
2 1001
5 1041
5 901
5 1821
4 161
4 381
4 761
2 1201
5 961
5 561
5 1441
1 1361
3 1701
3 161
3 1
5 21
3 1601
5 1421
3 1281
5 1421
1 821
3 1921
5 1721
3 1061
5 1561
2 921
1 1101
5 981
5 1621
2 1801
4 141
5 721
2 1481
1 1701
1 1941
5 1961
5 1661
2 1961
2 1881
3 281
1 941
2 541
4 1821
4 1341
3 801
1 401
1 361
2 361
5 981
5 1361
3 21
1 1621
1 141
5 1901
4 1161
1 1061
5 1381
1 1761
4 1381
5 1661
2 1341
1 1961
3 1381
5 781
2 1401
2 441
1 1101
1 1761
1 641
2 1041
5 441
2 1941
1 661
2 1361
5 1201
3 521
1 101
3 1161
5 1101
1 521
2 681
2 101
1 1561
5 1341
5 1461
4 941
5 221
1 261
3 621
5 801
1 301
2 1041
2 1341
2 901
3 681
1 1761
5 641
5 1001
1 381
1 141
3 221
5 1361
2 201
1 1821
3 741
5 1101
1 801
2 501
4 381
5 581
5 41
4 321
5 1061
2 1881
4 1461
5 901
3 901
1 1721
2 241
3 1801
5 781
2 1381
3 961
2 781
4 461
4 1261
3 1341
4 1501
5 1661
3 301
1 981
2 1281
3 721
2 1961
5 881
4 1601
5 801
3 1361
3 1281
5 181
4 1561
5 301
1 1
4 121
3 661
5 321
5 361
2 1761
2 1041
2 1961
1 1981
4 1421
4 1601
3 101
2 621
4 1581
2 861
2 441
4 1681
3 401
5 1661
2 701
3 1721
1 1541
4 781
1 1721
1 1621
3 81
1 321
3 781
1 1961
4 381
2 1521
1 1661
4 1141
4 1081
2 1701
5 1041
5 1701
4 81
3 321
2 1861
3 1421
2 341
4 1001
4 1541
3 1921
1 21
5 1821
4 541
1 1281
3 61
5 1221
3 1081
3 1201
4 1781
5 381
2 1161
3 1661
4 441
2 1781
2 1241
3 41
4 1241
5 421
3 341
1 1881
4 1921
4 861
1 101
4 181
3 1441
3 961
5 1421
4 261
1 61
3 641
1 321
5 941
3 561
4 1681
3 641
2 1461
4 821
3 1601
3 121
4 1821
2 1021
4 581
4 461
5 1861
4 881
2 1921
4 661
3 401
2 1441
1 1401
1 361
3 1081
2 421
2 81
3 1441
3 121
3 1961
4 1261
1 461
5 1681
3 1321
3 921
5 681
2 1081
5 1721
3 1341
4 1001
5 1561
5 1101
1 1721
4 1681
5 1841
1 1361
1 521
3 1241
2 961
3 521
2 1601
4 41
1 1201
3 601
4 1621
1 1741
4 901
4 61
5 1761
1 1421
5 101
4 161
4 301
1 681
3 1181
2 1421
1 681
4 301
5 1261
5 861
5 441
4 721
1 721
5 941
4 1161
1 921
3 121
3 1601
1 861
3 381
3 1401
2 1121
1 21
1 821
5 1441
5 401
2 1781
1 841
4 881
1 721
5 1501
5 1281
4 481
3 1061
4 721
2 961
2 1201
1 1541
4 1281
4 1741
4 621
5 1941
5 741
2 181
1 1981
1 621
5 201
2 1341
3 1961
4 61
2 861
1 941
1 361
2 921
3 121
4 341
4 1721
2 1541
3 41
2 1001
2 1801
1 1341
5 401
3 581
2 1341
2 1721
2 1041
4 681
2 121
4 261
3 941
3 1621
2 561
1 21
5 421
1 221
1 1681
2 181
3 1141
1 201
3 1081
5 1441
5 1581
1 1941
5 1901
1 261
3 561
1 1541
1 1561
2 241
2 1821
1 401
3 1681
3 1481
3 1981
1 1201
3 1081
3 1721
5 821
1 801
2 341
3 1961
5 1221
1 1581
5 1381
4 521
4 1681
5 1861
4 561
4 721
4 661
3 341
1 1641
2 1901
5 541
3 1581
5 121
3 701
1 861
1 161
4 661
5 1701
5 481
2 1041
4 641
3 921
2 1681
4 1421
4 601
2 801
4 1301
4 261
1 281
3 1461
3 1841
3 1141
1 541
3 1521
5 981
2 221
3 661
4 341
2 1441
3 1981
2 461
1 81
1 1501
2 1061
2 81
4 1661
2 1761
2 721
3 921
5 41
3 1401
5 661
4 1401
4 1021
3 481
5 1661
2 1041
1 1701
5 401
5 1921
3 921
4 41
2 381
2 1901
1 481
5 581
4 861
1 461
2 1141
5 1641
3 1861
1 61
4 1141
1 1301
4 1521
1 821
3 1461
3 1101
3 1561
2 521
3 161
4 1621
4 821
4 1941
1 921
3 1101
5 361
2 921
2 581
2 861
1 1501
5 141
4 141
5 1781
4 1421
2 1581
2 1161
3 1501
1 381
3 1441
4 841
1 1401
3 1181
5 161
4 81
2 681
4 1521
5 981
4 1401
2 1301
1 1081
5 1461
3 1
4 441
3 81
5 1521
2 601
5 441
4 481
2 921
4 1261
2 241
3 821
3 1781
3 581
5 61
1 301
2 241
2 1781
5 741
4 1841
4 601
1 221
2 1681
4 1701
2 821
2 381
5 1541
3 1701
2 1521
3 181
4 501
1 981
1 761
5 1101
3 21
3 1881
3 1581
5 981
5 1281
5 1621
1 121
2 1581
4 1401
4 901
4 1881
1 281
2 81
2 941
2 901
5 721
5 1061
2 1221
4 121
2 881
2 281
1 701
4 581
3 381
4 361
1 21
4 1241
5 1841
3 1941
1 1681
4 61
3 481
4 1321
3 1861
3 1981
2 141
2 1881
4 1481
1 921
4 621
2 481
1 41
5 461
1 1441
5 681
4 1361
5 221
3 781
1 1421
3 1601
1 1181
5 1
1 81
1 301
4 301
1 21
5 961
2 761
3 521
4 1321
2 441
5 661
3 881
5 1181
3 341
1 1281
3 1041
5 1601
1 601
2 21
1 261
3 161
1 1
5 1921
2 141
5 721
3 1181
4 81
5 1081
2 21
4 761
1 81
2 401
4 1481
5 961
1 621
2 661
1 901
1 881
4 721
3 1001
1 1681
2 1121
2 1301
2 1621
4 101
2 1961
1 1561
3 1641
5 701
2 1201
5 1301
2 41
3 121
3 1061
5 1861
5 101
1 561
3 1161
1 1321
5 1721
2 181
4 1021
4 1381
4 241
4 941
1 461
4 861
5 1221
3 501
2 1881
2 721
3 541
2 1881
3 861
5 1561
3 521
3 421
2 1861
5 601
5 281
1 1941
1 221
1 21
4 1781
3 21
2 741
2 1241
1 901
4 261
3 1481
5 1061
2 1361
3 1801
1 1461
1 181
5 1121
2 181
1 581
5 361
2 1561
4 1201
5 1261
2 881
4 1221
1 801
1 1161
1 1821
3 781
5 781
2 1181
5 1801
5 1561
1 121
2 1761
4 1801
4 221
2 1401
4 1981
3 441
5 401
3 681
2 281
3 1541
5 341
5 761
5 201
4 341
2 501
3 521
4 1401
2 1721
1 1381
1 641
3 1881
1 1921
4 1501
5 1721
1 1201
2 1901
4 161
5 1561
4 1281
5 1381
1 281
1 1161
3 1481
5 321
4 381
2 1381
3 1841
4 581
3 1821
3 1941
3 861
1 721
2 121
2 981
4 1761
1 541
5 581
2 221
5 1981
5 61
5 1781
5 1041
3 1881
4 141
5 1861
1 301
1 1661
4 581
5 201
1 1021
5 641
1 1041
1 1001
4 1641
2 661
3 941
1 1281
4 1581
1 101
3 1221
1 1401
4 961
3 1981
1 981
5 1341
4 1961
2 1921
3 1441
1 1521
3 1221
5 501
3 701
4 601
5 61
3 941
5 1901
2 881
2 1901
2 701
3 901
1 741
2 1001
3 201
4 1941
2 1301
5 361
1 301
3 1681
4 721
3 1261
3 101
5 801
1 301
2 1221
3 1621
2 1681
2 141
4 441
1 121
1 841
5 421
5 381
1 721
3 241
5 301
5 941
4 61
2 321
1 1041
3 321
4 121
2 1541
4 221
2 1021
1 621
2 561
2 901
4 1681
1 221
1 21
1 1221
4 21
2 401
3 1481
4 1921
1 601
2 241
5 1521
5 281
1 1801
2 601
5 1741
1 701
5 1041
2 901
3 261
1 501
5 541
1 681
3 1841
2 41
2 1961
5 601
1 861
1 1321
2 901
5 1441
1 501
3 1401
3 1581
4 1081
3 1821
2 821
5 1121
1 221
4 1261
4 901
1 1921
5 1301
2 121
2 861
1 1761
5 101
1 1401
1 341
