5000 1000000
5 63
4 23
1 31
1 36
3 48
4 32
4 53
3 49
3 21
5 48
4 55
1 48
1 25
2 78
3 48
5 41
4 112
3 42
1 61
4 28
3 16
4 10
3 93
1 61
1 25
3 64
1 59
4 29
5 64
5 28
5 118
4 46
2 67
2 28
2 58
3 52
4 16
1 91
3 25
2 92
4 23
5 25
4 81
3 17
4 49
1 66
3 21
3 66
2 89
1 90
3 41
2 76
1 98
1 82
3 36
2 77
3 37
3 59
2 43
5 13
1 62
3 26
2 29
5 28
2 43
5 92
3 89
5 107
2 66
3 61
2 39
5 20
4 59
5 86
5 38
4 63
1 28
4 111
4 57
3 59
3 77
2 10
3 95
2 89
3 23
5 7
1 64
5 97
5 103
4 96
2 100
5 16
3 34
5 41
2 79
4 60
4 112
4 71
3 54
2 68
1 16
2 8
2 63
2 93
2 11
3 63
3 11
4 15
4 17
3 32
1 25
5 7
2 48
2 81
5 37
4 95
4 14
3 38
5 104
2 57
3 41
2 24
4 65
5 39
5 53
2 38
3 10
3 107
5 86
2 99
4 76
5 70
4 68
3 83
2 28
3 50
2 7
1 19
5 109
2 53
3 41
3 43
3 37
3 67
1 92
3 98
5 40
5 100
5 76
2 37
4 32
1 75
4 86
2 76
1 38
3 21
4 100
3 56
4 35
1 54
3 45
5 74
4 23
5 15
5 100
1 36
5 18
3 21
2 72
5 44
1 9
3 40
2 8
4 25
4 38
2 101
1 6
1 90
5 28
1 24
2 89
3 77
1 68
3 54
4 13
2 18
3 22
5 41
1 27
4 18
5 1
4 45
4 80
4 28
4 7
2 74
5 64
5 61
4 61
5 36
5 25
1 101
2 25
3 29
5 94
3 37
3 103
1 52
3 25
4 23
3 49
4 104
2 102
5 76
5 25
5 104
1 65
1 66
4 94
2 54
2 50
4 72
5 84
5 97
5 42
3 91
2 44
5 59
2 61
4 104
5 78
1 52
5 41
1 50
5 20
3 55
2 89
2 56
2 27
5 6
1 5
5 27
1 81
5 51
4 83
2 60
1 40
3 52
5 61
3 21
5 99
3 77
2 104
4 57
2 95
3 19
2 49
2 49
4 116
3 22
4 47
2 62
1 54
1 45
3 55
5 53
1 52
1 25
1 38
1 90
2 43
3 16
5 103
1 43
2 42
1 77
4 82
4 94
1 67
5 14
5 87
4 65
3 88
2 43
3 36
5 61
1 1
5 96
5 60
1 96
4 41
4 45
5 90
1 93
5 33
4 47
1 9
3 98
5 102
1 85
2 44
5 60
5 94
3 18
1 87
5 40
1 67
1 89
4 63
1 54
4 83
3 66
2 52
1 54
5 115
2 18
3 5
2 13
4 92
5 25
4 96
2 74
2 91
2 33
5 77
3 11
3 71
3 83
1 27
3 84
2 43
1 50
4 25
2 67
1 17
4 28
2 69
5 67
4 36
2 86
5 91
1 7
3 103
3 54
4 103
2 84
5 62
3 67
5 39
1 38
1 68
5 94
2 40
2 87
4 101
2 89
4 50
5 81
3 21
4 57
5 37
5 36
4 29
3 52
3 49
5 80
4 83
3 26
4 20
2 59
1 3
4 101
1 61
4 10
4 72
4 56
4 64
4 50
5 110
1 56
1 16
3 23
5 26
1 63
2 28
3 32
2 102
3 71
3 12
3 52
1 29
5 13
2 86
2 85
5 87
1 7
2 88
2 25
4 12
4 83
1 23
3 62
5 99
1 37
4 53
2 60
1 55
5 46
3 12
5 93
2 58
2 27
3 71
3 34
5 86
5 76
4 75
4 16
4 86
1 60
4 96
3 72
4 52
4 7
3 16
5 85
2 62
3 67
4 49
1 69
5 109
5 54
5 19
5 49
3 8
1 97
5 41
2 22
5 61
2 56
1 102
4 63
4 26
2 57
2 77
4 95
2 100
4 69
1 32
1 84
3 26
1 18
2 87
3 44
3 68
2 53
4 90
3 95
4 15
2 24
5 63
2 104
3 80
3 10
2 14
1 91
3 72
1 17
4 55
1 7
2 48
5 87
1 81
5 8
1 67
2 89
3 66
1 27
5 34
5 82
3 85
2 54
4 28
2 32
2 73
5 36
4 59
1 79
5 58
5 19
5 31
1 76
3 54
5 32
4 88
4 16
2 47
3 98
4 9
2 66
3 67
5 113
1 5
5 75
2 60
3 55
1 53
3 1
5 19
4 24
2 103
5 85
4 88
3 8
4 46
2 61
4 79
2 16
3 34
2 91
1 11
5 60
2 78
5 74
3 101
3 101
2 12
5 92
3 25
1 80
2 93
1 18
3 18
4 51
2 41
1 16
2 38
1 55
1 85
3 29
5 80
1 32
4 13
5 98
3 43
2 53
3 23
4 49
1 23
1 92
4 59
4 67
2 65
5 90
5 40
2 13
3 73
4 98
4 6
2 94
5 30
3 94
1 59
5 30
5 71
4 97
1 26
1 94
1 99
4 95
3 67
2 22
4 19
5 95
2 102
3 90
4 57
1 6
2 10
3 87
1 48
3 73
4 10
3 30
4 57
1 63
3 69
5 58
1 6
3 11
1 100
5 94
3 26
4 25
3 49
4 74
4 82
4 51
1 65
4 59
2 62
5 66
2 62
2 28
1 46
3 101
1 88
2 70
2 13
2 39
5 21
3 96
5 40
2 98
3 40
2 40
2 103
4 92
5 82
3 22
3 77
1 18
4 66
5 77
5 19
3 81
5 95
1 62
4 84
2 42
5 36
4 24
3 30
3 32
2 95
5 88
4 18
5 48
4 99
1 19
1 32
5 100
3 55
1 36
1 75
5 79
4 39
1 82
1 100
4 82
1 67
4 38
4 20
5 49
4 77
5 18
3 55
4 97
3 91
3 72
2 33
2 68
4 48
5 66
2 13
1 58
5 16
4 29
3 52
1 11
3 75
2 31
2 86
1 89
1 7
4 19
3 63
3 103
5 58
5 76
2 55
4 9
5 37
2 16
5 109
3 103
2 76
3 32
2 83
2 28
2 43
1 101
3 13
5 68
2 90
1 57
2 29
2 11
2 38
5 36
5 19
5 34
1 53
5 43
5 31
5 51
3 26
3 68
1 69
1 53
4 111
5 68
2 96
5 85
2 93
1 2
5 19
1 104
3 41
4 20
1 59
5 103
2 78
1 37
5 20
1 18
5 8
4 65
3 83
4 37
4 46
4 40
4 64
4 82
2 67
2 45
4 62
4 62
2 11
1 64
2 92
4 44
1 77
3 101
4 14
4 80
2 17
1 83
1 75
5 47
1 64
1 85
4 16
2 32
5 77
5 57
5 77
1 87
5 95
3 55
1 69
1 22
2 11
3 40
4 29
1 45
2 86
5 65
2 78
4 79
5 88
3 86
1 67
1 83
5 30
2 47
3 93
5 62
1 44
4 36
1 84
1 74
4 84
3 72
1 70
4 77
1 67
4 28
3 84
2 98
3 45
2 17
1 40
1 29
5 17
4 66
5 51
4 15
1 57
3 26
4 80
5 100
3 20
3 98
4 93
5 102
1 45
5 19
5 16
3 39
5 37
4 55
3 49
1 98
2 7
3 23
5 97
2 51
1 77
5 114
5 62
2 83
3 42
3 55
2 90
2 61
1 94
1 101
1 80
3 95
1 55
2 83
4 65
1 90
2 46
3 46
4 101
3 57
5 119
3 44
5 31
2 82
3 9
3 83
5 83
1 90
1 84
2 61
1 24
1 97
3 34
2 66
2 64
4 18
1 75
2 56
5 91
3 63
4 52
4 73
1 59
5 65
2 75
5 63
5 48
2 38
5 39
1 99
4 91
2 30
3 9
1 23
5 29
5 87
5 57
1 16
3 92
4 74
3 25
4 35
4 97
1 102
5 83
5 89
4 84
2 86
3 32
2 50
3 24
5 49
3 19
5 16
3 16
4 116
2 94
5 84
1 78
1 91
4 58
4 21
1 89
1 84
3 19
5 67
5 68
4 99
1 59
5 22
3 18
1 57
4 103
3 104
5 78
5 106
2 91
4 110
4 40
3 7
3 69
5 64
1 45
5 81
2 25
4 86
5 25
5 26
5 45
4 83
1 32
2 41
3 58
4 69
2 8
1 6
2 91
2 3
2 88
3 59
3 36
1 31
5 100
1 13
1 92
4 65
4 22
3 65
2 95
1 98
1 44
4 55
1 18
1 36
5 61
5 74
2 69
4 21
2 80
5 12
2 39
1 23
2 17
3 37
2 72
5 11
2 82
5 104
4 61
5 103
1 63
5 4
2 52
5 56
1 41
1 18
3 83
1 59
2 83
4 42
3 16
2 17
5 27
1 80
2 92
4 55
1 64
5 93
4 104
1 33
2 86
1 61
2 38
5 43
4 42
5 91
3 51
2 56
1 17
3 54
1 91
4 43
1 66
1 58
2 99
3 45
4 17
1 67
3 90
5 10
4 14
3 35
1 81
5 62
5 20
2 38
1 80
5 50
5 107
5 5
5 34
3 67
4 44
3 64
4 98
1 25
5 43
5 28
3 16
3 15
4 98
5 54
2 32
2 47
2 89
4 44
3 69
1 2
4 96
1 84
1 27
1 78
5 46
2 91
2 41
3 36
1 79
2 15
5 92
5 38
5 102
4 98
3 35
3 100
4 91
3 33
2 74
1 48
5 22
4 72
1 18
2 72
1 33
2 102
4 116
2 15
5 22
2 75
5 91
2 61
1 45
2 74
1 4
2 10
1 36
4 34
3 48
2 31
2 22
4 78
2 61
4 67
1 10
2 103
2 14
1 33
3 98
5 33
1 60
5 19
1 39
3 66
4 27
4 114
5 40
2 31
4 91
5 59
2 12
1 21
3 78
5 90
3 61
1 64
4 30
1 37
5 78
1 46
2 16
1 48
5 56
5 80
2 37
5 87
2 95
2 53
3 15
3 24
2 32
5 32
3 39
1 71
5 21
1 24
1 60
2 28
4 74
5 73
2 100
1 71
4 10
2 72
2 74
2 56
4 90
5 49
1 66
5 45
1 45
2 86
5 65
3 85
3 91
4 98
1 72
2 49
5 23
3 56
2 92
2 97
1 30
2 14
1 47
4 73
5 52
2 78
5 19
1 65
3 20
2 18
2 24
4 86
3 57
5 74
4 79
4 56
3 30
2 30
1 15
3 94
5 29
1 40
1 99
5 89
5 111
4 95
5 38
3 70
5 99
5 46
4 17
5 28
3 62
4 34
5 86
5 86
4 34
2 14
3 18
5 46
4 11
1 69
4 34
2 65
4 53
5 72
2 87
1 35
4 73
1 24
4 25
3 27
2 99
5 94
2 91
1 15
1 80
2 59
5 60
3 52
3 87
2 65
1 18
5 36
4 27
4 93
1 60
5 50
5 88
1 19
4 1
4 101
3 102
1 49
3 15
2 71
3 74
4 56
2 44
1 14
4 64
2 44
4 26
1 39
5 108
2 85
2 84
4 3
5 30
2 99
4 96
1 55
5 41
5 86
2 44
3 91
3 44
1 39
2 45
4 67
3 77
2 71
5 26
3 63
2 34
2 26
2 54
3 90
1 13
3 48
1 12
5 65
5 22
5 50
4 77
1 56
1 87
4 47
2 34
5 70
1 84
3 94
4 101
4 58
3 16
5 26
2 13
4 93
5 77
2 15
3 48
4 85
5 68
5 41
1 74
5 35
3 107
1 46
1 14
5 12
1 61
3 58
3 16
1 26
1 94
1 56
1 75
5 56
5 83
4 52
2 21
4 21
1 46
3 56
4 41
2 32
4 91
3 50
1 61
1 36
1 50
1 93
4 52
1 20
2 71
2 8
5 113
2 21
1 96
3 38
4 22
5 58
3 49
4 60
2 75
2 68
2 90
3 83
1 37
4 45
2 79
5 103
3 29
1 34
4 80
1 89
4 107
3 40
3 69
5 96
1 102
4 23
1 97
5 91
5 37
5 64
5 92
5 74
4 115
3 5
5 80
3 60
1 96
2 40
5 97
2 59
3 38
2 20
3 97
2 20
5 45
2 58
4 104
4 89
4 80
1 41
3 25
2 58
5 84
5 58
4 70
3 55
1 12
2 101
4 86
1 26
5 37
4 15
2 91
1 94
2 11
5 37
4 82
1 29
3 56
3 91
3 62
4 72
1 4
1 30
2 63
1 79
2 69
2 50
3 64
2 67
5 84
1 67
4 54
5 102
1 84
1 71
3 37
3 45
5 96
1 70
4 51
5 47
2 47
3 74
2 37
1 88
5 24
4 97
3 34
3 14
2 41
5 36
2 6
3 67
5 33
4 73
2 31
5 71
5 37
2 3
5 74
4 45
3 95
5 65
1 34
4 97
5 11
5 113
4 77
1 97
3 21
1 35
5 35
5 88
2 99
1 41
4 99
3 54
5 83
4 110
4 68
5 110
4 59
2 81
4 14
4 83
5 43
1 96
3 70
5 91
5 25
4 52
5 60
2 45
3 105
4 10
1 69
2 27
3 76
3 53
3 19
1 30
1 66
1 53
5 108
4 88
5 12
3 28
5 99
4 75
2 98
1 16
3 52
5 72
1 71
5 91
4 32
5 52
5 25
2 91
3 79
5 76
1 86
4 42
4 21
2 7
1 10
2 20
5 48
5 104
1 94
2 78
1 66
2 104
5 69
2 28
1 9
4 70
3 93
4 60
5 29
3 93
4 38
4 22
2 73
5 109
4 84
5 17
2 103
3 83
2 67
4 111
1 27
1 66
5 102
2 12
2 39
2 54
5 70
5 99
3 91
1 72
2 86
4 49
5 89
1 7
5 38
2 3
2 4
1 10
2 8
2 94
1 100
4 44
1 98
2 61
3 33
4 60
5 85
1 13
4 72
4 92
1 40
3 38
4 79
4 84
4 71
4 13
2 35
2 46
2 60
1 52
3 20
1 60
3 54
4 88
1 34
3 83
1 47
3 39
5 20
1 39
5 25
2 66
2 93
1 88
2 55
4 75
4 14
5 112
4 59
1 19
4 79
1 95
4 41
2 93
2 51
4 71
3 104
2 19
3 12
4 78
5 100
2 39
2 46
2 85
2 70
1 78
4 59
5 75
4 13
1 77
5 100
1 85
3 97
5 97
4 88
5 88
1 51
3 33
1 42
5 71
2 62
5 60
3 88
3 41
4 35
3 54
1 95
3 111
5 109
3 52
4 15
4 22
4 25
4 40
3 13
4 86
5 39
3 9
3 40
4 35
4 53
1 101
3 98
3 61
5 86
4 74
4 59
4 28
4 56
4 51
5 69
5 18
3 74
2 7
3 16
3 32
1 69
2 91
1 10
3 90
1 97
4 74
3 32
1 67
2 47
2 100
2 49
4 22
1 61
5 86
2 101
2 11
3 41
4 55
4 110
1 89
4 27
3 45
4 17
1 52
5 29
5 94
4 83
2 95
5 66
3 46
3 49
2 96
1 10
2 58
4 98
2 19
2 79
1 91
5 92
4 38
1 42
5 39
5 114
2 38
1 80
5 47
2 97
2 95
4 39
1 93
2 56
5 97
3 93
3 29
2 86
4 106
5 80
5 69
5 40
4 23
5 42
4 88
5 90
5 27
1 19
5 57
5 73
1 62
5 58
2 41
4 64
2 72
3 50
1 102
4 14
4 75
4 97
2 13
3 83
3 37
3 31
2 85
3 43
4 24
3 26
4 95
1 92
3 16
4 36
3 56
2 19
4 71
2 15
4 37
3 67
2 33
2 13
3 23
2 91
3 25
1 41
2 55
5 91
5 49
3 63
3 25
1 27
3 73
4 98
3 57
2 98
5 84
5 34
5 1
2 45
4 100
2 92
2 26
3 72
2 21
2 37
5 4
2 15
5 32
5 60
3 31
2 28
1 58
4 60
3 88
1 26
1 36
5 22
4 42
1 27
5 107
3 13
2 53
4 94
3 68
1 76
4 88
1 5
2 16
5 95
5 26
2 32
5 98
1 12
4 57
1 58
3 104
3 41
4 84
5 74
2 47
3 90
4 52
5 69
3 45
2 90
4 67
4 30
4 32
2 61
3 88
2 59
1 85
4 14
1 94
2 56
3 76
5 68
2 40
1 100
2 16
4 69
2 11
4 39
4 14
5 86
1 81
3 87
4 15
4 23
4 110
5 67
5 91
4 42
4 8
5 39
1 31
4 65
5 47
5 47
3 109
1 38
4 62
1 40
5 85
5 59
2 91
5 96
2 99
1 58
2 67
3 74
5 78
3 36
2 84
3 14
2 88
2 1
1 81
5 10
4 46
1 55
3 81
1 21
3 69
3 13
3 4
4 106
1 58
2 86
2 87
3 88
3 37
1 99
4 83
3 62
5 22
1 24
3 65
4 9
5 106
3 63
1 14
1 32
1 45
1 83
4 87
3 38
3 22
4 52
1 90
4 47
2 71
4 37
4 60
2 60
2 84
2 64
2 43
4 64
4 53
3 62
2 65
3 73
5 81
5 32
3 78
1 81
4 64
3 77
2 79
2 39
4 59
1 53
5 100
2 13
2 3
3 29
2 56
5 6
4 71
2 69
3 57
3 99
2 74
5 114
1 48
1 74
1 15
2 50
3 71
4 20
4 36
3 25
3 70
4 76
4 60
3 79
4 103
3 63
4 49
4 51
3 42
3 41
4 79
4 19
4 103
1 46
1 43
4 27
1 8
2 28
2 11
5 30
5 99
3 75
3 102
4 91
5 87
4 26
1 85
4 43
4 25
2 67
5 96
4 54
1 53
5 59
3 62
4 66
4 86
3 33
5 105
2 72
4 95
3 12
5 85
2 60
3 111
2 39
4 72
5 54
5 107
1 76
5 94
3 81
5 21
5 35
2 14
1 68
1 29
2 54
4 62
2 96
4 81
1 41
2 20
1 84
4 78
4 47
5 2
1 17
4 59
3 55
1 78
2 50
3 88
1 99
5 20
3 96
3 52
1 22
2 48
4 104
2 35
2 89
4 59
1 15
2 87
3 90
3 39
2 93
1 12
3 64
5 80
2 99
1 32
3 46
4 74
3 61
1 88
4 110
5 37
2 10
4 47
5 50
3 38
3 60
2 71
3 102
4 51
2 46
3 4
5 93
4 47
2 11
1 8
5 81
5 67
2 79
1 51
3 30
3 36
5 74
1 5
4 51
5 27
5 17
2 26
2 70
2 74
4 67
1 61
2 74
3 95
1 32
3 37
1 54
4 71
4 61
3 55
4 34
1 96
5 82
5 12
4 74
5 93
3 74
4 24
3 9
3 106
5 87
3 68
4 93
4 42
5 103
1 57
5 56
4 17
3 72
2 81
1 98
3 9
5 41
2 81
4 41
4 36
3 36
1 79
1 23
4 50
1 80
1 31
2 29
5 46
5 19
4 5
1 29
3 103
5 45
3 29
5 103
1 86
2 62
4 16
4 29
1 19
1 97
2 92
2 94
1 76
2 66
4 54
3 90
5 34
1 5
2 87
3 68
2 49
1 34
1 74
1 40
2 30
1 95
3 73
1 86
5 97
5 13
5 91
5 61
5 11
2 34
3 91
2 57
1 17
2 43
5 102
5 55
3 83
5 75
5 85
5 46
5 41
1 20
3 12
3 88
3 61
4 112
1 24
2 70
4 71
1 47
4 66
3 43
5 11
1 78
2 9
3 78
3 53
4 10
1 90
5 80
5 6
2 7
3 88
3 73
5 93
1 84
4 74
1 24
5 31
1 48
4 12
5 38
3 99
1 34
1 70
2 45
1 93
3 51
2 84
3 24
5 86
3 10
3 51
1 50
1 15
1 20
2 22
3 36
4 74
3 38
5 91
4 15
4 86
5 79
5 28
5 45
2 35
5 30
3 76
2 38
2 78
5 84
4 109
2 37
1 102
3 44
5 75
1 99
5 45
4 52
3 74
3 100
3 82
1 101
5 52
3 29
3 35
5 14
5 56
5 81
4 78
2 51
5 74
4 63
2 75
3 58
1 87
1 22
3 57
4 60
4 87
1 50
5 55
5 71
3 26
4 20
1 46
3 106
1 13
4 38
4 17
1 30
1 31
3 65
4 57
4 41
1 12
1 10
5 77
4 74
1 49
5 35
3 86
5 33
1 11
1 24
1 72
5 68
2 48
1 62
4 79
1 81
4 94
3 104
3 15
4 85
5 52
4 63
5 25
1 81
2 75
2 52
2 56
3 49
5 7
4 64
5 30
4 50
2 102
3 112
1 52
3 71
3 37
4 27
5 40
3 66
2 73
3 58
5 74
3 99
3 82
5 28
1 23
1 88
1 50
1 37
3 102
1 20
5 54
1 62
1 100
2 56
3 92
1 74
3 71
3 45
4 20
3 81
1 24
4 37
1 65
2 69
3 77
1 52
1 66
5 54
1 70
5 66
5 74
4 88
1 25
1 17
4 32
3 94
5 62
1 61
4 37
3 95
4 34
5 20
1 74
5 72
4 25
2 73
1 16
2 17
3 79
1 98
5 16
5 106
1 71
3 9
4 81
4 34
2 60
4 98
3 67
1 10
3 107
3 70
3 38
1 86
3 61
4 20
5 61
4 89
5 19
3 87
5 45
4 15
1 29
4 111
5 13
1 83
4 68
1 54
4 81
5 29
3 26
4 46
4 111
5 11
1 26
2 22
1 52
2 59
5 85
3 58
5 28
4 85
1 97
2 47
1 81
2 105
5 54
5 98
3 59
3 57
4 45
5 32
5 74
5 99
2 33
1 87
2 5
1 85
1 102
5 11
1 32
1 35
3 40
5 46
5 41
5 105
5 46
1 84
1 60
2 15
1 67
1 32
1 36
1 46
1 40
4 68
1 11
4 89
1 69
2 81
2 39
2 3
4 26
4 76
4 103
5 30
1 80
4 26
5 93
3 4
1 52
3 38
3 51
3 92
5 41
1 32
2 23
1 7
5 71
1 58
1 79
4 45
5 19
4 99
4 47
2 82
5 39
3 91
5 79
3 96
2 74
2 100
4 30
3 62
2 44
3 16
5 39
5 14
4 46
4 96
1 47
1 48
3 101
5 118
3 24
4 23
1 36
4 18
1 81
2 51
5 21
2 20
4 74
1 9
2 17
1 57
4 77
2 104
5 73
3 65
3 19
5 98
1 60
3 24
3 62
3 92
1 38
1 46
5 90
2 32
1 20
5 14
4 68
3 50
5 114
2 8
2 101
3 62
3 67
5 63
4 31
3 66
3 33
1 83
3 26
4 8
2 76
4 79
1 53
4 96
1 5
5 69
4 56
2 97
2 91
2 72
4 89
2 5
4 70
2 49
2 78
5 61
1 59
5 91
3 46
2 45
4 102
3 14
3 52
5 29
1 77
2 85
4 75
2 100
2 55
2 20
2 69
5 23
1 73
2 74
1 14
2 52
3 34
4 24
4 25
1 99
2 76
4 88
5 78
4 2
3 43
2 74
3 100
3 61
2 75
2 48
2 43
3 50
5 25
2 58
2 90
2 85
5 101
3 102
1 32
2 72
4 68
4 19
1 76
2 73
3 37
5 77
3 9
4 88
5 43
4 5
1 13
1 81
5 38
1 11
1 79
1 75
2 91
5 55
3 33
1 16
2 54
3 51
5 20
3 66
3 44
4 65
1 61
4 34
4 44
2 75
1 42
5 116
2 53
5 98
5 63
2 95
2 77
2 72
1 80
2 76
5 76
5 53
3 62
4 55
1 14
3 77
2 20
1 91
5 18
3 39
2 69
3 50
1 63
2 33
2 40
4 21
4 61
3 63
2 103
3 31
1 31
5 17
3 2
1 75
4 20
2 55
5 82
4 71
3 92
2 90
4 62
3 36
3 95
2 11
3 88
1 94
1 58
3 52
3 60
5 83
5 91
3 103
2 101
5 20
5 65
4 45
4 24
3 36
3 2
1 20
1 55
5 75
5 33
5 108
4 83
2 60
5 96
4 26
2 52
2 42
3 47
2 62
1 56
5 81
2 49
2 49
2 39
4 66
3 103
3 87
1 39
5 12
1 52
3 37
4 32
5 68
5 68
2 66
1 77
4 80
5 61
5 24
4 94
4 82
4 93
5 35
1 53
4 79
1 21
5 89
2 97
3 14
1 7
1 28
2 41
4 55
2 25
5 65
3 16
3 14
2 22
4 8
4 65
4 73
1 26
5 67
2 39
3 88
5 96
4 83
5 42
4 79
4 22
2 17
3 57
2 2
5 56
2 98
5 65
4 23
2 43
1 67
3 39
2 84
2 49
2 73
5 67
3 69
2 27
3 82
3 55
3 75
4 26
2 19
1 25
5 18
1 49
4 69
4 36
4 74
1 98
2 83
5 56
1 72
5 32
4 23
4 97
5 59
3 89
4 94
4 99
3 62
4 45
4 39
5 41
3 52
2 89
2 60
3 67
3 54
3 87
4 38
3 69
4 17
1 91
1 92
4 90
4 101
4 84
2 24
3 68
1 42
3 106
1 31
3 69
1 72
2 65
3 46
4 97
5 37
2 78
4 28
3 26
3 88
5 98
5 28
1 72
5 116
2 73
2 52
1 72
1 25
1 53
4 63
5 2
2 27
4 39
5 90
2 66
2 91
2 16
2 16
5 94
4 30
2 40
2 87
3 51
1 61
2 44
1 23
5 89
1 4
2 39
4 74
1 59
3 72
2 82
5 68
1 10
2 50
2 68
5 62
5 79
2 96
4 21
5 71
4 68
5 66
2 90
3 67
1 97
5 107
1 104
5 45
3 37
4 74
3 41
1 58
5 75
5 28
1 52
3 87
1 78
1 77
1 45
3 17
5 41
2 91
1 6
3 44
3 49
4 59
5 90
3 16
2 96
2 85
1 20
5 39
5 108
1 28
3 74
4 20
1 47
1 61
3 70
1 55
4 100
5 27
3 95
3 103
2 89
5 36
2 99
4 89
3 42
4 50
4 34
3 109
2 84
2 82
1 38
1 15
5 41
4 49
3 55
4 87
4 81
3 37
3 81
3 13
1 38
4 22
5 89
4 50
1 53
1 83
3 68
2 1
1 98
4 6
1 15
4 57
3 82
1 89
3 64
4 78
5 93
5 11
2 98
3 76
5 73
1 77
5 51
4 63
5 90
4 89
1 36
4 68
4 57
2 11
5 57
2 67
1 49
1 84
4 90
3 32
4 18
2 37
2 63
5 63
2 75
3 104
5 50
2 94
2 68
5 39
2 55
5 85
2 17
3 43
4 59
1 88
5 1
1 89
2 41
5 75
2 37
5 33
5 73
1 5
3 63
2 75
1 49
4 17
4 5
5 47
3 47
5 110
5 46
4 66
4 49
2 64
1 67
5 43
2 17
1 62
4 42
2 21
3 44
2 94
1 67
3 18
5 25
3 100
5 97
2 73
4 25
2 51
5 96
4 67
4 31
5 77
4 38
1 5
3 26
5 44
3 58
3 58
4 101
1 64
3 104
2 3
3 59
2 95
3 46
4 74
5 18
3 81
1 73
4 83
1 17
2 33
3 47
3 83
5 104
5 42
3 21
1 24
4 101
2 28
3 70
1 85
3 72
3 54
5 79
1 72
4 16
5 32
2 84
3 16
2 35
5 37
1 26
4 74
4 45
5 47
2 48
4 17
3 14
3 74
2 16
4 100
5 99
2 21
2 84
5 88
4 25
2 24
3 95
1 19
2 24
2 24
4 22
1 38
4 106
5 33
5 39
2 1
2 7
5 92
2 53
2 57
2 20
2 20
5 45
3 84
2 70
5 51
2 103
3 93
2 89
2 22
2 44
1 101
5 44
3 96
3 28
2 15
4 83
3 25
3 56
5 59
4 19
4 36
3 31
2 51
3 95
2 8
1 88
4 96
4 32
3 34
5 31
1 39
1 23
2 77
3 87
4 102
3 16
3 47
1 91
1 49
3 52
3 31
1 30
4 50
4 103
2 80
4 92
3 50
3 102
1 29
4 84
3 86
1 55
4 55
4 11
5 63
3 20
5 40
1 39
4 78
3 93
2 71
5 47
4 98
3 111
3 6
3 103
2 85
4 78
4 71
1 63
3 79
5 40
1 80
2 20
4 68
2 65
3 32
2 17
2 8
1 86
5 34
2 9
3 31
4 18
3 65
1 35
1 53
2 62
1 44
1 42
5 14
2 73
3 96
2 30
4 38
5 44
4 24
5 34
5 36
1 77
4 16
1 25
5 21
1 81
5 49
3 32
3 98
3 70
2 56
2 59
1 29
3 35
4 24
1 18
5 38
1 12
4 66
4 20
2 69
4 69
2 15
5 64
2 59
1 62
1 12
5 26
2 58
4 51
1 68
3 99
1 19
4 28
3 25
4 15
4 59
2 6
1 13
5 2
4 50
1 8
1 35
3 80
5 96
2 92
2 65
5 90
3 58
3 28
1 90
2 99
4 14
4 41
4 44
1 96
2 93
1 11
2 23
5 63
5 83
5 13
3 94
3 95
3 25
4 97
2 36
4 27
5 58
2 37
4 51
1 49
3 23
4 46
3 79
1 45
2 103
3 22
5 64
2 75
5 44
4 12
3 78
4 72
2 44
1 86
1 21
3 68
5 63
4 94
4 63
3 95
3 90
5 85
1 48
1 3
4 75
3 17
1 10
2 76
4 104
2 36
5 81
1 93
2 20
4 41
2 48
4 48
5 47
4 85
1 7
1 71
1 26
3 99
3 48
4 59
3 25
4 2
1 34
5 77
3 91
3 10
1 42
1 29
1 95
3 25
5 70
2 30
2 99
1 95
3 68
3 87
1 59
1 21
4 36
2 80
4 64
1 33
5 69
4 12
5 45
3 32
2 106
2 62
1 15
3 7
1 78
4 35
1 75
5 93
5 72
4 70
5 6
1 17
1 58
2 70
1 3
4 66
3 79
3 10
1 48
2 57
3 77
3 97
3 17
3 80
4 71
3 82
4 59
3 67
5 71
3 95
1 8
5 27
2 28
5 69
5 45
5 72
4 112
5 72
2 73
1 100
1 75
5 30
2 23
2 77
2 91
3 6
3 45
2 29
4 29
4 70
4 14
1 14
2 82
2 42
3 45
2 76
1 91
3 13
4 89
4 41
3 31
2 26
2 50
1 88
1 78
1 101
5 16
4 66
4 20
1 90
4 114
1 94
5 106
2 60
2 87
5 26
3 48
4 31
1 26
4 75
3 80
1 16
3 49
2 78
2 85
5 33
2 44
5 3
5 47
2 8
2 53
1 25
4 90
1 23
2 63
5 112
3 77
2 74
5 102
4 99
5 100
5 74
5 110
5 98
3 88
1 37
2 22
4 58
4 64
3 17
2 95
4 21
2 21
3 94
3 91
1 9
3 81
4 103
2 43
5 33
1 65
2 93
3 93
5 95
3 53
3 21
5 20
1 84
5 45
2 82
3 25
4 88
5 64
1 98
1 56
4 88
5 70
5 67
2 89
5 72
1 30
5 53
5 56
1 43
5 32
1 98
2 94
1 56
5 51
4 58
2 14
2 14
3 66
1 100
2 103
2 72
2 47
1 9
5 49
4 99
4 72
1 81
5 42
4 110
5 47
2 97
5 86
1 103
4 76
1 50
2 95
1 99
3 84
4 40
1 42
1 16
2 52
3 64
5 33
2 69
5 56
1 84
5 70
2 40
4 63
3 79
4 55
3 13
5 8
1 41
3 62
4 103
2 82
2 61
2 81
3 51
1 8
3 22
3 34
3 90
5 109
4 83
1 4
5 31
3 21
3 92
1 37
1 34
1 34
2 72
2 102
3 74
5 79
2 99
1 10
4 75
5 69
2 10
2 37
2 103
2 99
4 59
5 70
4 10
4 59
4 96
1 58
4 26
2 9
3 99
4 18
4 75
3 88
5 25
3 29
5 95
2 67
2 21
3 7
4 30
3 32
4 73
4 49
2 82
4 96
5 80
4 11
4 83
1 91
4 5
4 25
3 81
5 23
3 70
1 82
3 89
1 14
4 75
3 32
4 86
4 19
5 77
4 72
2 24
5 64
5 101
5 115
2 20
5 47
2 33
2 32
3 68
2 91
2 20
1 33
4 68
3 68
1 35
4 29
2 21
2 55
4 53
1 72
2 40
3 96
1 35
2 76
1 91
3 17
3 87
2 23
3 12
5 119
2 52
3 36
1 36
4 27
4 39
1 84
1 4
3 99
4 65
3 6
3 29
1 70
3 34
3 38
4 66
5 60
4 105
2 20
1 93
1 47
5 94
2 11
2 29
1 25
5 82
5 62
2 33
1 56
2 93
2 71
2 25
3 53
2 104
4 107
3 102
1 26
3 10
5 6
2 16
3 72
5 73
5 79
1 53
1 33
1 34
5 49
3 22
4 75
1 64
4 18
4 18
4 77
2 78
1 52
3 71
5 77
3 11
2 85
3 104
2 9
4 19
3 92
2 74
4 72
2 72
3 106
1 60
2 86
4 12
3 33
4 13
1 28
2 57
1 29
5 92
4 70
2 12
5 85
2 33
3 85
2 103
1 63
4 101
1 31
5 38
1 52
3 78
4 49
5 47
3 93
4 53
5 48
1 55
5 26
2 10
3 108
4 35
1 98
4 105
2 51
4 101
1 52
4 26
3 52
3 63
4 7
2 102
2 42
5 113
4 69
5 72
2 29
5 85
1 48
5 76
5 24
2 66
4 99
4 65
3 94
4 102
4 35
4 63
2 73
1 23
2 15
1 64
1 50
2 64
4 45
2 39
5 32
5 78
2 98
4 90
5 82
1 35
4 73
3 32
2 54
4 84
4 84
5 110
1 97
2 84
4 91
2 93
1 66
3 86
1 57
3 10
5 88
2 74
5 99
5 65
1 52
5 9
1 12
1 23
1 64
4 50
4 44
1 46
3 94
5 33
4 20
2 92
2 22
4 6
2 14
5 32
2 63
5 109
4 18
5 66
1 47
2 16
5 26
3 102
2 96
5 55
4 25
4 9
4 35
5 78
1 14
4 100
2 11
2 74
4 85
4 47
1 9
2 98
4 89
1 95
2 98
2 75
2 63
3 40
5 65
3 89
4 109
2 64
3 32
4 38
4 77
2 43
1 8
4 57
3 73
3 71
4 23
1 90
3 67
1 83
5 45
4 63
2 30
4 38
5 51
2 41
2 90
4 11
5 51
2 103
5 110
5 25
4 68
1 79
5 15
5 14
5 57
1 79
4 71
3 86
4 99
5 69
2 84
4 45
1 79
5 51
1 11
1 25
3 86
2 79
4 18
5 85
5 22
1 73
3 60
4 4
1 46
4 33
3 70
3 100
1 5
2 3
4 50
2 11
4 115
1 30
4 102
3 45
5 102
4 21
5 104
4 72
4 108
1 73
5 98
4 33
5 54
5 39
3 64
1 86
5 41
1 67
4 70
2 77
3 54
4 97
1 16
1 23
3 50
4 114
3 68
4 92
5 44
5 77
1 101
3 103
4 54
1 20
2 18
4 103
5 61
2 18
4 76
4 38
4 40
3 76
4 89
1 76
4 70
4 69
1 33
3 11
1 74
2 8
4 19
3 76
5 8
1 56
4 38
3 80
3 83
3 85
3 101
4 18
1 28
3 35
5 108
1 67
2 99
2 95
5 75
4 34
4 65
5 62
4 99
3 104
4 43
1 55
4 90
1 96
3 48
1 7
4 80
3 83
2 26
2 100
1 91
5 64
4 70
3 11
4 61
4 47
3 21
4 58
3 69
2 92
4 104
2 62
4 17
3 36
4 17
2 77
2 28
2 73
1 51
2 61
5 23
2 63
1 36
3 14
5 60
4 62
5 61
4 53
2 84
3 94
4 9
5 72
4 96
3 55
2 54
4 34
3 48
5 66
2 41
1 58
5 52
5 81
3 62
5 8
3 103
5 22
3 88
4 100
2 50
2 64
5 79
3 74
4 30
3 43
2 18
4 4
2 95
2 101
4 70
4 20
1 7
5 100
4 46
1 55
3 106
5 17
3 44
1 66
1 75
1 36
3 99
5 40
3 63
3 59
2 61
5 13
4 62
4 21
3 71
2 42
2 91
3 51
2 15
3 58
5 113
2 16
2 52
1 33
1 96
2 101
1 76
4 88
5 37
1 77
2 66
1 48
1 86
2 41
4 10
4 36
3 89
1 11
4 55
2 107
4 72
2 40
2 98
1 13
2 50
3 68
1 60
5 46
1 39
4 81
2 35
4 70
3 30
3 8
1 53
5 64
1 17
2 71
2 88
2 94
5 100
1 28
1 69
2 34
5 92
3 11
3 62
2 94
2 24
1 101
3 65
4 21
4 102
4 63
1 18
1 51
2 63
2 94
2 94
5 22
1 96
1 10
3 81
3 58
4 68
3 36
5 39
3 77
3 55
3 86
5 57
2 46
3 87
1 57
4 82
4 53
2 20
1 62
2 27
3 90
1 83
1 44
3 60
3 102
2 11
3 86
2 27
3 40
5 73
2 11
4 72
3 77
5 72
3 92
4 23
2 39
3 52
3 44
4 70
1 24
1 39
2 41
1 36
4 95
2 53
2 59
1 37
5 58
2 64
2 92
4 44
5 103
4 70
1 19
2 62
5 94
5 55
5 88
1 43
4 93
2 63
5 63
1 58
4 65
5 15
1 46
3 41
4 42
5 101
2 93
1 12
3 26
5 15
3 18
4 23
3 67
2 45
5 1
1 48
2 43
1 1
2 8
3 16
1 88
5 58
4 34
1 30
2 83
4 61
4 30
3 35
3 55
3 88
4 75
5 46
1 89
3 15
2 67
4 53
3 8
1 37
3 35
2 105
1 69
4 69
3 76
5 105
1 11
1 30
5 39
5 33
3 50
5 71
1 37
4 97
3 14
2 15
1 68
1 68
2 77
1 89
2 85
4 90
1 91
4 97
4 85
5 106
3 98
2 69
1 37
2 78
3 53
5 59
1 25
2 102
3 53
5 100
1 64
2 67
3 13
4 8
1 59
4 36
3 96
1 7
5 26
4 81
4 51
3 59
2 35
5 77
2 52
2 38
1 78
4 69
2 100
2 24
3 16
1 3
3 23
2 15
1 61
4 29
4 74
2 69
4 80
2 23
4 94
3 98
3 22
3 86
1 45
2 43
5 52
2 85
2 83
1 29
2 99
3 7
1 62
3 79
4 47
4 78
3 4
1 6
2 83
3 60
4 103
5 83
5 56
3 107
4 13
3 85
1 84
4 88
2 15
3 112
2 58
5 107
4 88
5 94
5 28
4 19
2 71
1 15
3 57
5 16
1 102
5 97
4 49
5 110
1 5
5 108
5 28
1 4
3 56
4 54
1 25
3 24
3 60
2 75
3 75
3 30
2 12
2 15
2 91
1 91
1 25
5 35
4 108
2 64
2 62
3 5
3 16
5 40
4 23
4 53
4 31
2 16
3 64
5 51
5 94
1 37
1 85
4 73
3 96
4 31
5 100
2 30
3 25
3 91
4 4
1 60
4 13
3 24
1 79
5 30
1 51
5 58
1 100
3 93
3 80
1 61
3 24
3 49
5 58
2 22
2 60
2 6
5 25
5 44
4 75
4 35
5 79
2 68
3 37
3 67
5 83
1 13
3 74
3 97
2 45
5 61
5 58
3 76
5 58
4 89
4 41
5 42
3 87
5 69
2 18
4 48
4 1
5 6
2 26
2 69
1 81
3 75
1 29
3 22
3 86
1 60
3 42
2 103
4 103
3 22
4 17
1 11
4 90
1 95
4 66
3 66
2 33
5 56
5 64
5 39
4 96
1 11
5 91
4 41
1 4
4 16
2 14
5 57
4 77
2 11
2 54
4 21
4 94
3 100
5 96
2 72
5 35
3 80
4 102
4 27
1 54
3 9
5 30
2 21
2 12
1 75
4 91
5 99
3 90
4 59
5 91
5 11
3 63
2 29
2 64
1 11
4 79
1 66
3 91
3 2
3 84
2 69
4 99
1 87
3 37
4 24
4 42
4 94
2 40
2 13
3 54
3 66
2 34
4 90
2 78
1 44
3 40
1 97
3 73
5 91
4 39
1 51
5 85
4 77
5 71
5 73
3 54
4 72
2 48
1 94
5 83
2 70
2 102
4 35
1 26
5 92
5 33
5 46
4 67
4 44
4 51
4 21
2 7
3 78
4 25
2 71
4 50
2 41
4 38
4 110
4 78
4 61
2 79
2 62
2 64
2 44
1 39
2 33
4 29
5 35
3 56
4 49
1 73
4 54
3 101
3 83
4 71
1 40
4 46
1 84
5 76
5 44
1 45
2 71
3 37
1 20
4 46
2 65
5 15
2 95
3 71
1 19
2 79
3 10
3 75
5 66
2 94
3 34
2 85
5 42
2 75
5 21
5 91
2 66
5 67
2 92
2 11
5 90
4 30
5 88
5 29
4 68
2 83
5 75
3 40
4 46
4 101
2 35
5 71
3 64
5 53
2 98
2 72
5 65
3 89
5 35
4 90
4 87
5 79
1 85
3 81
3 26
4 20
3 48
3 73
1 31
3 11
5 41
1 16
3 45
4 92
3 24
2 29
4 86
4 28
5 89
2 51
3 43
5 64
1 21
4 93
5 62
5 73
1 11
4 47
5 22
5 68
2 77
2 49
5 50
4 103
4 19
2 69
4 83
5 10
2 97
1 11
4 17
1 94
5 19
1 83
1 76
3 51
1 33
1 5
4 11
5 98
3 22
2 11
4 53
4 50
3 36
4 86
2 19
1 73
4 17
5 86
1 44
5 70
4 111
3 81
5 79
1 73
5 76
3 23
2 5
3 68
4 81
1 89
1 15
4 80
5 32
3 29
5 80
4 60
4 103
5 45
5 72
4 75
1 88
1 27
2 85
4 31
5 58
2 50
2 55
5 32
1 66
1 44
5 90
2 56
2 6
2 59
5 21
1 10
4 39
2 74
5 63
5 86
4 55
5 41
1 79
2 94
1 51
1 50
5 105
4 30
3 19
3 95
3 109
1 74
3 69
5 60
3 91
5 88
4 83
3 17
1 28
1 45
3 26
3 31
4 41
1 79
4 47
4 1
3 19
1 72
3 44
2 95
4 59
2 55
1 87
4 98
3 87
5 35
4 12
2 99
1 43
3 25
5 64
2 63
3 69
2 9
5 33
4 32
5 17
3 90
2 77
5 101
2 91
2 74
5 33
5 45
4 51
2 78
4 32
3 98
3 34
1 26
2 60
4 27
5 98
3 36
5 60
3 14
2 59
3 23
5 63
1 48
4 66
3 76
2 107
1 48
2 38
3 86
1 27
1 80
1 25
5 23
2 100
1 100
5 12
2 83
1 11
4 48
5 91
2 22
3 94
1 41
3 60
3 48
2 34
1 45
3 27
1 68
1 6
5 84
5 77
1 63
1 11
2 60
4 96
5 26
2 31
3 95
5 14
5 117
2 55
3 33
3 50
2 105
5 16
3 97
5 55
5 93
5 72
2 30
2 44
5 52
1 2
1 39
1 87
5 50
1 95
3 5
2 77
5 6
1 14
2 49
2 101
3 32
4 32
4 90
2 86
3 45
4 35
2 15
4 65
4 65
1 24
2 70
1 7
4 86
4 92
2 61
5 98
2 66
2 29
2 87
2 61
3 57
2 53
1 33
3 82
3 53
3 16
1 24
3 32
2 10
2 23
1 101
3 104
4 42
5 45
2 93
2 25
4 91
2 14
4 25
1 62
1 13
2 26
4 68
1 59
2 73
5 32
1 53
1 23
3 20
2 73
1 85
5 59
4 19
2 93
1 15
4 87
5 84
2 89
4 24
5 74
5 82
4 74
3 49
1 36
4 91
5 98
2 31
3 64
3 15
3 49
4 74
3 49
1 25
5 26
3 101
4 87
2 21
3 72
5 90
2 21
3 33
3 104
3 10
4 99
2 66
3 99
3 21
5 22
5 88
5 95
4 33
3 22
1 73
3 110
5 46
4 44
1 8
5 36
5 100
3 65
1 58
3 85
5 54
5 78
1 8
4 15
1 92
5 30
5 28
4 50
1 78
1 22
4 41
1 76
3 51
5 40
5 58
3 93
3 53
3 41
3 93
5 74
1 24
2 4
3 57
5 106
4 54
4 54
4 61
3 18
1 9
3 100
1 25
1 56
3 50
1 92
3 44
4 80
4 79
1 37
4 56
1 75
2 18
5 26
3 83
4 16
1 54
4 83
4 81
2 44
4 49
3 61
3 8
1 41
3 62
3 65
3 37
1 30
3 73
4 15
2 6
3 49
3 27
4 84
4 83
3 31
2 85
5 35
5 90
3 21
1 51
4 61
1 85
5 65
1 38
2 63
4 63
3 58
2 88
3 72
2 21
1 96
3 69
4 94
3 61
3 65
1 58
1 22
2 35
3 69
3 69
5 77
4 95
4 21
3 87
4 65
2 46
4 37
4 54
2 22
3 67
4 40
4 69
2 37
3 56
2 29
3 40
1 27
5 58
