5000 1000000
5 199
5 101
2 47
5 9
1 197
1 13
3 57
5 123
4 307
4 373
5 343
2 325
2 165
3 17
5 149
4 315
1 65
4 81
1 391
5 223
2 47
2 279
1 317
4 147
4 313
4 131
2 267
3 277
2 201
4 323
5 59
3 147
3 349
4 23
3 219
1 77
4 39
2 241
5 221
1 217
4 321
1 283
2 127
2 319
5 287
2 9
4 185
2 277
1 167
5 265
4 177
2 59
5 229
1 59
4 255
1 115
4 189
2 79
2 159
4 161
4 149
4 155
5 187
4 371
3 279
3 377
1 347
5 21
2 79
4 109
2 151
2 257
4 43
4 39
2 47
3 63
3 223
2 347
3 175
2 341
3 325
2 79
2 311
5 365
1 381
2 161
2 249
2 27
2 331
4 153
2 273
5 351
3 77
3 173
4 251
4 113
3 255
2 391
1 19
5 383
5 203
2 59
5 15
2 1
3 47
5 15
5 17
3 253
2 239
5 231
5 237
4 61
1 229
5 303
2 23
4 195
3 295
3 29
2 389
5 21
5 17
2 187
2 213
5 177
1 373
5 3
1 75
3 379
3 339
2 351
1 211
3 33
4 251
4 11
3 157
4 153
3 257
5 165
2 339
5 101
3 245
2 5
2 347
1 371
1 191
4 177
5 31
2 261
4 255
2 149
2 137
2 25
1 215
2 143
1 381
4 151
3 247
1 251
5 271
1 245
5 173
3 301
1 381
4 241
2 301
4 121
5 237
1 201
1 301
3 271
1 213
5 187
4 237
1 237
5 293
4 175
2 231
3 335
5 381
1 331
2 225
4 151
5 289
1 383
4 151
3 181
4 167
3 19
1 159
2 141
5 123
2 283
2 153
5 135
1 245
3 135
4 303
5 319
4 197
1 321
1 123
2 339
2 45
3 71
5 271
1 29
3 289
4 153
2 141
1 61
5 319
5 325
2 31
2 159
2 209
3 125
4 189
1 253
3 189
2 7
1 355
4 191
1 109
5 171
1 41
1 43
4 335
5 111
3 341
5 287
3 11
2 235
2 363
1 351
3 11
3 179
1 13
1 141
1 347
4 167
5 165
4 393
4 205
3 135
4 185
2 105
1 303
2 131
2 119
1 251
5 35
4 173
1 7
4 291
5 345
3 361
3 205
1 215
3 171
2 247
2 177
1 195
1 73
5 11
1 31
1 369
3 3
5 301
4 81
2 317
2 157
3 75
1 363
5 281
3 23
1 15
4 321
3 43
2 231
1 219
5 305
2 89
3 11
5 157
2 45
5 169
1 139
5 393
5 45
5 89
1 267
5 43
1 305
2 57
3 217
4 43
5 317
3 31
1 127
1 55
4 301
1 275
4 129
4 95
5 13
4 263
1 107
4 27
2 349
1 209
2 175
4 383
2 33
3 383
3 249
3 363
3 299
5 27
3 351
4 103
3 285
4 359
1 393
5 97
1 205
3 301
4 193
1 75
2 129
1 365
3 241
5 9
4 109
5 261
5 321
3 293
5 19
2 101
2 71
3 115
5 13
3 89
3 393
4 149
2 69
4 391
3 313
1 19
2 337
4 311
3 317
4 69
1 47
4 7
1 357
1 59
5 201
2 191
3 389
2 289
4 155
1 187
3 343
2 275
2 255
4 273
1 61
3 215
5 101
1 87
1 239
2 127
3 67
5 361
2 355
1 53
5 181
1 323
5 5
5 29
1 295
1 31
2 379
4 261
5 129
3 319
3 233
4 329
3 209
5 55
1 39
3 391
4 69
5 335
3 67
1 181
2 239
2 325
1 243
5 41
5 251
3 309
3 385
1 309
5 79
2 275
4 237
1 189
4 139
4 111
3 127
3 97
3 337
2 139
3 113
3 165
2 367
4 221
1 353
5 279
3 263
1 29
5 35
2 137
3 169
5 105
5 313
4 379
1 255
1 145
5 187
3 345
5 245
2 81
5 249
5 109
2 33
2 13
4 263
5 349
3 369
5 65
1 91
5 79
4 243
2 377
2 77
4 303
5 29
2 135
5 19
1 215
2 305
4 91
1 363
3 393
4 261
4 253
3 191
5 17
3 129
3 65
1 307
5 379
2 313
3 85
2 5
1 257
1 297
2 75
2 63
4 369
5 27
5 161
5 105
1 203
4 177
4 313
4 259
4 291
3 125
4 195
1 201
5 263
1 181
2 21
3 145
3 371
3 397
1 301
5 351
4 55
4 391
1 345
4 151
4 385
4 31
3 395
3 43
4 347
2 215
1 211
1 61
4 303
2 269
2 71
2 127
2 19
5 153
5 51
4 251
5 329
2 161
2 217
4 109
5 263
2 303
1 157
3 225
5 1
4 81
1 85
1 185
4 291
4 245
1 55
5 281
3 187
1 233
3 9
1 367
5 311
2 171
4 85
3 127
3 175
5 305
3 353
4 139
4 81
3 57
1 315
2 137
3 399
1 67
1 93
1 163
5 199
4 275
3 109
2 273
5 191
5 121
3 229
4 87
2 373
4 343
4 275
2 351
1 361
3 65
4 355
5 283
4 125
2 279
4 159
1 23
3 17
4 63
3 79
4 363
3 327
5 331
1 213
3 391
2 287
3 309
5 49
1 315
3 377
5 245
5 343
3 91
1 137
1 271
5 383
5 329
5 373
5 255
1 41
3 103
4 215
2 159
5 375
2 189
5 247
5 317
5 271
1 161
2 371
1 369
4 277
5 211
2 269
5 135
5 277
4 135
2 199
3 301
2 113
1 147
5 349
3 29
5 377
1 367
5 367
1 163
2 15
5 167
2 133
5 265
3 371
4 225
3 165
2 31
4 327
2 63
5 229
4 13
1 345
4 93
5 399
5 151
2 193
2 75
1 237
5 359
4 121
5 189
3 175
3 25
4 63
4 255
5 327
2 95
1 169
4 253
2 205
5 53
1 243
5 189
5 223
2 399
1 281
2 161
2 63
2 207
5 39
2 363
1 339
4 283
3 37
1 389
3 189
3 381
3 3
1 181
2 231
4 73
4 51
1 117
1 15
3 323
4 359
4 395
4 7
4 159
1 3
2 23
5 121
4 207
1 335
2 3
1 219
4 247
2 143
3 61
5 355
1 269
2 69
4 3
1 367
4 17
5 53
3 83
3 129
2 169
4 365
5 329
5 163
1 381
4 249
3 3
1 391
5 143
5 79
4 121
4 379
3 111
5 155
2 397
2 175
2 387
3 277
3 109
3 201
5 241
5 119
3 201
5 33
2 317
4 125
4 321
3 281
3 257
1 45
1 339
3 323
2 125
5 41
2 91
5 251
5 257
3 315
5 181
5 3
4 343
3 71
5 133
2 97
1 299
3 303
4 235
4 11
5 213
4 241
4 365
4 169
4 157
1 395
3 31
4 63
2 365
3 343
1 317
5 329
4 367
4 389
4 7
5 15
1 285
2 217
3 153
3 85
3 217
2 19
5 303
3 127
4 257
4 341
4 291
5 157
5 127
2 11
4 143
5 149
3 201
1 31
2 339
2 189
3 277
3 227
4 355
4 129
1 111
4 187
1 169
5 275
1 11
1 291
5 323
3 337
3 23
1 321
5 299
2 83
5 369
1 281
3 35
4 313
2 149
4 393
3 323
5 43
2 7
5 11
1 339
1 9
3 29
5 225
4 265
4 397
5 307
2 149
1 303
2 345
2 139
5 387
4 27
5 359
4 283
4 381
3 137
2 327
2 21
5 279
4 323
5 281
2 395
5 229
5 33
3 181
1 399
5 359
2 219
2 203
2 197
4 161
2 297
3 369
1 341
2 227
4 47
5 173
4 77
4 239
2 305
1 313
2 285
4 89
3 229
3 291
1 229
2 273
1 243
3 321
2 357
3 383
5 195
3 141
1 249
1 337
4 139
5 243
5 107
5 371
2 107
2 389
2 191
4 389
1 265
1 43
1 81
2 235
3 351
3 307
1 103
5 41
2 75
4 227
5 299
2 29
2 49
5 131
4 257
1 47
2 125
1 315
3 299
4 165
4 397
2 85
4 291
4 231
4 201
5 211
1 155
5 143
4 223
3 11
4 231
4 249
3 83
5 239
1 217
4 227
5 391
2 159
3 115
2 321
4 375
3 119
2 355
1 209
2 297
2 289
2 31
2 329
2 91
5 85
4 135
2 205
1 255
5 17
2 275
1 151
5 263
5 53
4 101
2 301
5 275
3 193
1 251
4 197
4 347
4 119
4 71
2 265
5 37
3 159
2 53
3 365
2 169
2 351
4 379
1 9
5 249
5 29
1 153
4 107
1 387
1 53
3 87
1 167
4 355
2 275
3 57
1 317
4 367
3 387
5 211
1 395
3 319
4 215
2 175
5 77
5 157
1 333
2 377
4 301
5 223
3 153
5 265
2 175
1 23
2 209
2 305
4 239
3 55
5 65
5 117
4 233
1 71
3 135
4 203
5 121
3 139
1 29
3 329
5 193
4 119
1 65
1 117
4 347
1 241
5 377
2 117
5 203
3 83
3 87
3 77
3 333
2 5
3 181
3 139
3 303
2 79
4 205
5 113
4 251
3 197
3 227
4 105
5 343
3 357
4 49
3 167
2 29
4 1
1 243
1 305
1 291
3 79
2 359
2 15
2 89
2 119
4 121
2 247
2 175
3 377
4 371
3 231
2 241
4 273
2 175
3 33
3 323
5 371
1 285
3 229
5 5
1 121
5 107
5 389
3 209
3 341
4 355
3 29
4 173
4 301
2 309
4 243
1 77
5 371
1 173
1 381
5 85
4 85
5 93
5 275
5 329
4 353
5 63
2 35
1 381
1 243
1 203
3 85
5 375
5 61
1 259
4 133
1 395
5 327
2 61
4 363
4 261
1 385
2 233
5 91
5 179
3 213
5 201
3 377
2 323
5 221
3 71
3 147
3 135
5 1
1 299
2 263
2 41
3 51
1 99
4 69
1 209
3 243
2 55
2 395
4 251
4 273
3 399
2 285
1 3
1 203
3 207
2 67
2 87
5 315
4 377
5 207
4 277
5 381
3 45
1 27
2 141
1 205
1 321
2 289
2 393
1 271
2 195
4 361
2 349
4 225
2 181
3 387
5 43
4 23
5 143
5 153
3 31
2 255
2 355
4 17
1 157
3 199
5 183
1 63
3 157
4 343
1 25
5 319
3 379
5 389
3 329
2 201
3 263
2 17
2 269
1 85
5 319
4 67
2 313
3 225
1 195
3 35
3 265
2 235
1 353
1 29
2 389
2 181
4 391
3 239
5 323
4 61
5 49
3 357
5 31
1 49
5 107
5 369
3 389
5 19
5 101
1 337
2 147
4 379
1 235
1 337
5 103
4 325
1 117
2 59
2 187
5 345
1 41
4 11
1 145
1 7
1 333
5 279
4 299
1 157
4 39
3 367
3 345
2 295
1 253
3 283
2 213
3 269
4 89
1 333
1 171
5 169
4 387
3 165
1 195
2 27
2 147
1 165
2 99
5 155
3 85
4 1
5 279
4 95
1 33
2 123
3 119
2 263
5 315
3 217
3 3
5 359
2 339
3 97
2 55
3 279
4 183
2 297
3 1
5 327
1 83
3 393
2 287
5 155
2 373
4 21
5 353
4 91
1 15
5 57
3 369
1 147
5 133
4 317
5 133
2 53
1 185
2 285
2 11
3 21
2 387
3 205
3 77
1 395
3 47
4 357
1 287
4 67
4 273
5 269
3 45
2 335
3 223
1 363
5 345
5 341
4 121
5 211
2 287
3 225
1 107
3 27
3 93
4 341
2 313
5 389
4 345
4 93
5 307
1 165
5 283
1 95
1 261
2 193
3 361
1 169
3 9
1 185
3 233
3 331
4 249
1 229
5 265
3 77
4 259
3 199
1 71
4 131
1 279
3 237
1 123
5 375
1 343
4 387
2 351
5 271
5 315
5 135
4 399
3 103
1 51
2 379
2 71
4 373
1 59
1 141
4 131
5 233
4 265
2 155
2 193
3 199
1 343
2 237
2 369
5 327
3 399
4 53
4 81
1 183
5 339
5 129
2 75
4 69
1 233
4 359
2 5
2 341
5 295
3 241
3 321
5 213
2 281
5 339
5 331
2 83
2 395
1 21
1 15
3 25
2 389
4 335
5 39
1 315
4 59
2 65
4 353
4 131
3 261
5 211
4 67
4 13
5 233
1 385
3 227
2 315
1 209
3 271
5 245
1 381
2 223
5 249
1 7
3 361
4 83
5 167
3 221
5 357
4 153
4 251
4 149
1 95
2 105
4 49
4 323
1 335
4 221
4 187
2 5
5 111
4 361
1 45
4 45
1 119
1 149
4 253
5 29
2 111
4 63
2 87
1 239
5 289
4 107
4 195
2 241
2 391
3 265
4 61
2 7
1 307
4 49
3 251
1 367
5 207
1 277
4 141
3 163
5 369
1 371
2 331
3 307
4 227
1 129
4 197
4 199
4 301
1 273
4 207
2 19
2 335
3 199
1 91
4 13
2 397
1 321
2 101
1 251
4 157
1 275
5 167
5 329
5 65
4 171
3 9
2 199
4 297
1 35
5 65
1 85
4 193
5 171
5 217
3 7
1 243
1 133
5 87
5 113
2 27
1 79
3 367
5 317
4 61
3 259
3 375
1 365
4 145
3 355
5 287
3 209
2 353
1 127
2 219
1 175
1 125
3 219
2 101
3 311
1 187
2 333
3 71
1 225
3 133
1 215
3 281
4 231
4 311
2 53
3 125
3 349
2 341
5 1
4 347
5 249
1 223
3 149
1 325
5 357
2 271
1 39
1 79
2 361
5 107
1 353
1 373
2 83
4 331
4 343
1 37
4 65
5 297
4 207
3 63
3 267
2 385
3 155
5 361
1 7
2 15
4 359
5 59
5 131
5 37
5 131
4 325
3 37
3 115
3 221
2 377
5 313
4 367
4 141
3 257
1 171
3 361
2 353
2 333
1 189
3 351
4 373
1 173
5 343
3 183
2 289
3 363
1 123
4 57
3 39
1 309
3 345
2 375
2 251
3 327
2 181
5 163
4 185
4 289
3 365
3 287
1 253
2 307
2 147
1 379
2 255
1 357
5 257
2 175
2 5
2 37
3 53
1 311
2 67
3 379
3 221
2 47
5 367
1 123
1 41
2 99
5 123
1 87
5 361
1 249
1 101
2 347
3 343
3 191
4 79
2 349
2 143
4 369
2 255
2 247
4 23
3 293
2 335
2 163
2 127
5 139
5 327
5 175
1 295
4 91
4 311
4 201
5 267
2 187
5 347
4 369
2 283
3 123
3 95
1 111
4 377
2 117
3 197
5 39
1 13
2 97
1 305
5 47
2 159
5 311
2 125
5 55
1 373
3 23
4 67
5 389
5 91
2 51
4 87
3 367
4 163
3 77
1 137
4 347
2 59
4 231
5 89
4 381
4 117
1 203
2 147
1 383
3 141
5 143
1 309
2 119
3 151
1 359
5 391
3 177
4 193
5 63
5 139
2 293
2 329
1 89
4 79
3 91
3 157
2 295
1 285
4 123
4 231
2 387
4 385
5 397
1 241
2 161
3 207
2 201
4 291
3 275
2 263
2 299
2 263
2 219
1 105
4 183
3 19
1 215
5 295
1 281
4 85
2 33
2 237
2 273
2 81
1 187
4 1
5 33
5 389
3 297
5 33
5 83
2 197
5 363
3 321
5 227
1 137
1 89
4 299
3 273
5 103
5 395
3 147
5 65
3 369
1 305
5 249
2 85
2 63
5 157
1 295
2 133
5 151
2 151
4 93
3 139
1 117
1 99
2 149
2 1
3 109
4 49
2 33
1 305
1 149
3 303
4 373
1 59
3 301
2 193
4 263
4 165
5 315
1 97
2 247
5 105
1 271
5 91
3 209
1 67
2 307
2 391
5 179
1 171
2 353
5 295
5 95
2 53
1 119
5 379
2 69
5 169
4 103
4 179
1 389
5 245
4 251
2 101
4 383
3 395
5 299
5 311
1 163
1 73
4 257
3 261
3 77
2 5
5 311
5 127
2 217
5 273
4 305
4 263
5 331
3 103
2 111
5 221
1 363
5 33
3 33
5 59
5 51
4 355
4 155
1 115
5 181
4 49
4 85
3 99
2 57
5 53
4 219
4 47
2 179
4 377
3 67
3 25
2 243
1 215
3 53
1 205
2 95
1 399
1 325
1 261
4 365
1 55
4 77
1 263
2 121
5 93
2 31
3 95
1 205
4 99
4 37
2 195
1 171
4 363
1 113
2 393
4 19
1 21
5 305
2 103
1 83
5 75
2 217
2 133
5 223
4 259
1 205
2 269
3 25
5 157
3 217
2 355
4 21
3 205
3 193
2 113
4 69
1 205
5 357
4 373
1 165
5 243
3 363
3 199
4 355
3 327
5 341
2 19
1 267
4 183
2 3
1 211
1 155
5 333
2 227
5 45
3 281
2 157
2 57
5 257
2 5
2 3
1 139
2 291
1 17
2 145
1 139
2 165
1 239
3 293
1 237
1 99
3 113
5 13
4 105
4 347
5 181
1 51
4 11
5 255
5 243
3 163
4 377
2 179
4 187
5 167
5 121
3 95
5 47
4 201
2 81
5 21
1 253
5 21
5 45
5 327
2 181
2 281
2 125
1 279
4 23
2 263
1 283
1 109
1 309
2 229
1 129
2 7
4 175
5 17
1 147
4 123
4 353
1 317
5 355
1 111
4 9
2 151
3 223
1 7
4 147
3 303
4 171
4 247
4 201
3 111
3 211
2 253
3 119
2 397
2 73
1 269
4 213
5 339
4 317
4 279
3 227
1 319
5 271
1 323
1 183
5 381
3 185
5 163
4 11
5 255
2 289
4 293
1 159
1 269
4 173
4 253
1 371
2 159
1 47
1 243
3 339
5 41
3 393
1 267
4 231
3 135
5 281
2 119
4 349
1 231
1 351
2 103
3 245
2 223
5 369
3 109
2 109
5 359
3 247
1 121
5 191
3 53
4 41
4 67
4 109
5 175
4 205
3 51
4 197
5 103
3 25
5 177
1 391
4 97
1 59
3 219
3 269
4 217
3 199
4 17
4 393
1 359
2 267
4 221
3 283
4 371
1 203
1 333
1 291
4 263
5 395
1 299
5 305
1 57
1 313
5 49
4 185
4 225
3 97
1 179
2 379
2 363
4 37
4 267
5 375
4 105
5 7
4 349
3 53
5 235
5 211
2 239
5 99
1 195
2 263
1 239
4 387
4 55
1 265
5 251
3 335
2 143
4 327
4 239
3 201
1 3
1 189
2 269
5 361
5 61
1 333
1 145
2 75
5 127
1 35
2 127
2 357
2 145
3 89
1 111
3 175
1 373
1 95
5 287
2 123
1 327
4 307
2 69
3 91
3 201
5 331
5 93
4 345
3 43
1 395
4 55
3 289
1 329
1 235
5 323
4 351
4 289
5 149
4 207
4 103
3 103
4 151
2 293
2 21
5 69
4 173
3 201
3 183
4 307
5 179
1 27
1 255
4 225
3 219
1 17
4 79
3 71
2 205
3 23
2 221
3 319
2 97
3 275
1 13
5 75
2 33
2 183
1 369
1 47
3 373
5 151
1 225
4 351
5 399
3 269
3 5
5 3
5 385
1 153
1 229
1 25
3 285
2 337
3 79
2 51
4 117
1 83
3 251
2 133
5 225
1 205
2 329
3 19
4 43
4 283
4 235
1 285
5 297
4 345
2 175
4 299
5 163
1 273
2 281
2 279
2 319
4 247
3 37
4 397
5 23
5 115
1 389
1 171
1 43
2 153
2 359
4 291
1 377
1 265
1 145
3 179
3 395
3 387
4 49
2 203
5 163
2 289
2 253
5 99
2 195
4 101
5 23
1 87
5 99
2 259
5 29
4 387
2 101
4 73
2 137
3 153
4 297
3 39
5 119
3 303
3 35
5 133
5 245
3 225
5 319
4 1
4 73
3 13
2 217
5 259
1 121
3 227
3 243
4 261
3 293
4 115
1 25
4 293
4 41
1 133
5 5
1 99
5 347
3 213
4 343
3 9
3 363
2 139
3 107
4 335
2 367
3 5
3 215
4 105
2 7
4 305
2 287
5 1
4 175
4 171
2 355
4 259
5 11
4 97
4 365
3 165
3 331
3 337
2 253
5 183
3 203
1 371
3 189
2 265
3 135
3 207
4 161
4 143
5 7
1 271
3 393
5 15
3 61
3 267
3 239
4 371
5 39
1 363
5 279
4 291
3 117
1 149
1 295
5 163
1 143
1 303
3 335
2 285
3 45
1 31
5 67
3 11
4 397
2 381
3 101
3 171
1 307
5 301
5 267
3 103
4 119
2 145
1 285
2 293
3 309
4 351
1 211
5 41
3 83
3 147
4 227
3 267
5 13
3 87
3 185
3 399
2 331
2 277
3 305
1 125
2 249
5 257
4 27
1 167
5 45
2 91
2 165
2 155
5 267
1 309
1 37
3 191
2 97
3 213
3 277
5 293
4 331
4 295
1 217
4 13
1 61
4 275
5 289
3 211
1 51
4 49
1 209
1 327
5 173
3 327
1 105
4 201
3 255
2 151
4 291
3 239
5 309
1 17
1 351
3 183
1 383
3 115
4 263
1 135
1 311
3 117
1 53
1 45
3 329
5 67
2 17
2 373
5 319
1 11
3 267
5 89
4 357
4 265
2 187
2 175
3 311
2 19
5 271
4 393
4 71
4 67
2 143
1 371
1 147
1 321
4 327
3 259
4 121
2 81
3 365
3 349
5 331
1 341
2 99
5 113
2 39
5 49
1 43
3 11
4 209
5 395
4 5
3 267
4 53
1 201
3 203
3 1
4 295
3 13
5 217
3 59
2 347
2 167
4 383
1 331
2 31
1 109
2 357
5 357
3 65
1 69
4 57
5 349
3 383
5 119
5 79
3 27
4 33
1 155
2 205
5 387
2 151
1 139
4 155
1 219
1 53
2 381
3 115
2 29
4 51
1 131
2 169
5 229
2 337
4 269
4 365
2 213
2 1
2 299
3 143
3 181
2 141
5 1
5 191
2 291
1 97
1 53
4 161
3 185
2 167
1 399
1 259
4 329
2 95
4 163
4 195
3 25
5 157
4 393
5 337
4 283
3 113
5 297
1 57
4 13
4 179
5 15
4 343
5 347
3 353
5 137
1 117
5 279
2 317
1 91
2 399
4 281
3 213
4 297
3 359
3 59
4 41
4 65
2 297
2 309
3 385
5 193
3 277
5 115
3 5
3 243
5 61
1 203
4 77
2 211
3 269
2 311
3 11
1 35
4 21
1 3
3 185
3 9
3 181
5 29
4 179
1 383
2 179
3 361
3 397
4 13
5 239
5 215
5 5
2 213
1 277
2 111
3 43
3 45
3 333
4 225
5 217
5 273
5 269
3 383
5 25
5 127
2 105
3 197
3 131
1 73
4 27
5 355
3 65
2 37
2 31
1 285
1 45
2 19
3 17
2 231
2 1
5 143
1 101
1 71
5 157
5 323
5 289
3 115
5 369
2 147
4 209
2 61
2 321
2 253
2 25
5 379
4 83
2 125
3 21
3 231
1 379
3 55
5 371
1 243
1 309
5 131
3 307
1 193
2 199
3 73
4 203
2 329
3 341
4 267
4 199
1 115
1 385
4 303
1 173
2 239
4 155
3 99
2 375
4 229
2 61
1 343
2 163
2 345
1 157
1 5
2 339
5 161
5 241
4 389
3 235
4 365
3 349
3 17
4 289
3 11
5 317
4 175
4 147
2 393
4 119
5 357
4 129
5 325
1 341
2 221
1 249
1 257
5 187
1 223
2 315
4 215
4 5
3 331
1 105
4 177
1 337
5 235
2 97
1 209
4 65
2 185
1 93
1 75
1 297
3 263
1 247
5 365
2 393
5 159
1 127
2 281
1 213
5 351
4 259
5 177
3 333
4 217
5 67
1 285
3 23
5 251
2 67
5 175
5 319
1 11
5 255
2 279
1 199
5 261
5 77
5 229
3 247
2 87
5 175
3 135
1 299
1 81
3 309
1 89
1 287
1 385
4 281
5 25
5 155
3 223
2 37
5 397
3 249
5 149
2 335
3 19
5 295
5 309
4 199
4 339
3 187
3 19
3 229
4 173
2 199
2 9
2 275
2 289
1 81
3 43
4 391
2 145
3 75
3 339
4 383
3 165
1 249
5 167
1 337
1 197
3 173
4 63
3 191
2 97
3 117
3 161
1 355
3 287
4 325
5 183
4 335
1 363
2 345
5 53
5 349
5 33
3 49
2 167
3 61
4 297
5 175
4 133
4 67
5 391
2 273
3 325
5 307
3 241
2 61
1 281
4 23
5 77
2 315
4 155
4 177
2 389
4 267
1 1
4 237
2 7
1 119
5 145
2 207
3 241
3 213
5 133
2 237
3 329
3 267
4 343
4 347
1 323
1 277
2 229
5 135
4 399
3 9
2 139
5 393
2 157
1 191
4 183
2 371
3 15
4 279
4 263
2 91
3 165
1 153
3 123
3 141
5 129
2 287
1 71
5 191
3 289
4 29
4 215
2 283
1 27
4 147
4 253
1 111
3 231
3 377
2 47
5 149
1 51
5 219
1 39
2 83
4 383
5 183
2 83
5 255
1 71
5 371
3 35
4 395
2 103
2 131
3 383
2 203
3 375
2 359
2 131
4 49
5 391
5 241
5 49
4 321
4 59
4 25
3 69
3 387
3 115
2 63
5 355
5 365
3 277
1 245
1 349
2 167
3 387
4 341
4 17
1 129
4 391
5 319
2 337
4 43
3 15
1 245
3 39
4 61
2 137
1 227
5 205
3 67
3 359
2 317
3 393
1 159
3 141
4 77
4 71
1 311
3 9
3 117
5 221
5 285
5 171
3 169
3 385
4 391
3 345
5 171
2 125
4 55
2 397
5 45
3 27
4 107
3 251
1 311
1 83
3 9
4 119
3 161
2 247
1 315
3 355
5 271
1 329
3 351
1 221
5 177
3 27
4 73
1 281
5 97
1 189
2 337
3 39
5 169
2 383
3 343
3 283
1 311
1 349
2 375
5 303
3 237
5 395
2 365
2 273
1 271
5 385
1 361
3 3
2 85
4 81
5 57
4 53
5 397
4 157
4 125
5 43
4 223
2 171
2 89
3 319
3 71
3 173
5 41
1 207
3 201
5 183
3 127
3 273
4 191
1 383
1 385
4 253
5 233
5 281
5 213
1 153
4 75
4 235
2 177
2 209
4 93
2 307
2 111
3 315
1 159
2 65
2 281
2 1
2 367
2 121
3 57
1 233
3 87
2 359
4 367
4 131
2 209
1 181
4 151
3 291
2 137
1 253
5 261
1 299
1 39
3 251
1 359
4 297
4 237
1 359
2 367
3 237
1 137
2 257
3 205
5 45
5 59
2 197
5 287
3 381
2 33
2 291
1 217
3 319
2 133
2 41
5 3
2 279
1 97
4 341
2 7
2 319
2 89
2 221
1 303
5 99
4 219
2 311
5 189
2 71
2 305
2 195
5 313
3 215
1 279
4 149
2 381
5 205
5 111
3 35
2 293
2 353
3 193
4 231
2 181
1 359
5 253
1 305
2 31
1 57
5 85
3 225
2 321
4 187
2 185
4 361
2 71
3 261
1 81
5 115
1 37
4 271
5 139
1 239
4 119
1 167
3 59
5 285
4 247
4 377
2 263
1 101
5 221
2 165
3 91
2 337
4 267
3 159
2 133
5 183
5 39
1 337
2 79
1 83
2 53
2 325
5 237
4 109
3 115
1 257
4 27
2 121
1 389
3 15
2 131
5 235
3 213
3 315
3 63
2 353
3 63
3 105
4 247
3 47
1 203
4 301
2 367
2 253
1 179
3 373
3 25
1 189
2 191
3 3
3 149
3 315
3 77
2 19
1 303
4 299
2 193
5 137
4 339
1 233
3 269
5 21
1 275
3 329
3 255
1 173
5 255
2 41
2 107
5 143
2 357
3 137
5 317
5 379
1 241
2 369
5 55
3 133
2 319
4 147
5 153
2 111
5 65
1 393
1 327
1 83
2 21
2 225
5 357
1 149
3 241
3 191
5 141
5 167
5 249
4 95
4 153
1 355
5 67
2 141
5 325
5 81
4 47
1 49
1 359
1 59
3 75
4 95
2 301
2 393
3 297
1 373
3 97
2 27
2 303
3 157
3 213
3 35
2 173
1 243
1 45
1 81
1 299
1 329
2 179
1 279
1 89
4 301
5 139
3 33
4 199
2 107
1 187
5 1
5 349
1 107
3 385
4 143
5 187
1 221
1 297
5 109
2 209
1 397
4 55
3 399
1 207
1 73
1 277
2 107
5 185
3 93
2 291
3 201
1 209
4 263
5 393
3 335
1 361
2 217
5 43
3 185
2 93
2 195
3 31
5 177
1 131
5 231
4 29
4 155
1 107
4 341
4 149
1 213
3 257
2 375
5 11
5 277
4 113
4 233
1 283
1 185
1 125
3 341
2 17
3 233
3 113
1 375
4 287
2 293
5 129
5 245
5 91
5 323
2 173
1 275
1 241
3 167
5 121
3 277
4 223
4 261
3 117
5 211
2 273
3 219
5 207
5 357
5 343
1 93
3 299
1 115
5 103
1 161
2 75
1 347
3 45
2 327
5 243
3 345
3 365
3 253
2 195
2 259
3 181
4 35
3 193
2 339
4 187
2 291
4 305
3 75
3 385
3 187
4 129
1 253
3 99
1 137
5 331
5 207
5 239
5 363
2 275
2 221
4 133
5 259
3 25
3 387
2 247
4 327
1 333
5 249
5 15
4 233
1 397
5 37
2 69
1 185
3 375
1 297
3 179
4 363
3 197
5 1
5 95
4 75
4 355
5 263
5 93
2 89
5 307
3 197
4 155
4 205
5 279
3 195
4 137
1 219
3 139
2 285
4 335
3 209
5 57
5 169
4 121
4 51
2 165
4 137
2 231
1 79
5 325
2 189
4 191
2 233
3 293
4 163
4 279
5 221
1 323
3 45
4 317
5 145
4 107
1 55
5 9
3 287
3 143
3 335
1 73
2 139
5 197
3 189
1 345
1 225
4 9
1 123
5 131
5 7
3 157
3 121
3 25
1 129
1 147
1 103
4 69
1 347
1 287
4 103
4 385
2 327
2 91
3 55
1 377
3 81
5 193
5 367
1 69
5 133
2 361
4 333
4 315
2 371
2 335
3 259
4 55
3 261
3 51
5 227
4 377
1 213
1 295
1 169
4 213
1 295
5 99
5 243
2 353
4 249
3 29
2 395
5 315
3 177
4 165
5 287
2 393
5 317
4 233
2 299
1 123
1 223
5 13
3 61
5 297
5 373
5 73
3 159
2 111
2 327
4 21
3 153
2 333
2 89
5 155
1 113
5 291
4 79
5 99
2 85
2 331
4 269
2 307
5 331
5 389
5 279
1 185
3 51
2 375
2 49
5 223
2 73
2 389
3 179
5 163
1 219
5 385
1 193
2 113
4 367
5 107
3 159
3 25
3 129
2 203
2 119
5 185
3 305
4 211
4 231
4 55
1 385
5 191
3 317
5 379
3 217
1 313
2 133
3 369
4 115
3 235
2 225
2 229
5 183
4 83
3 165
2 399
4 151
4 183
3 79
5 31
5 97
2 279
4 205
4 17
2 351
5 365
1 111
2 235
5 95
2 125
3 225
1 257
1 151
3 341
3 369
4 287
3 115
1 17
4 91
1 123
4 13
2 311
5 325
5 389
2 87
5 239
3 195
2 277
4 311
1 73
1 351
4 367
1 369
2 45
3 291
4 239
2 133
3 399
2 53
2 177
1 147
2 131
3 155
4 375
5 329
4 187
4 133
3 159
4 313
3 319
3 65
4 327
2 319
5 73
1 331
2 291
1 167
5 311
2 235
5 225
1 201
5 59
3 203
3 245
3 235
3 101
4 261
4 109
2 317
2 131
2 129
5 23
4 277
4 207
4 81
3 163
2 121
3 307
5 137
2 381
4 43
2 287
4 229
1 7
4 311
1 125
3 367
5 289
1 301
3 173
5 247
2 289
2 265
2 357
1 323
4 233
1 301
5 211
4 303
4 13
2 73
1 267
4 159
3 87
3 339
1 37
2 339
3 103
3 183
1 395
2 237
4 143
3 109
2 9
4 395
4 215
1 145
2 345
4 271
5 333
4 363
1 5
4 215
3 349
1 313
5 349
2 277
1 363
2 5
3 165
5 21
3 171
5 297
3 151
1 121
4 387
1 99
1 303
4 97
1 57
1 3
5 127
1 115
5 395
4 41
2 391
1 289
4 89
4 337
4 201
5 51
1 19
3 173
2 361
1 293
5 229
2 191
3 31
2 157
4 91
5 119
1 107
5 281
5 369
3 113
5 247
5 305
3 15
2 65
4 293
5 123
2 177
1 399
5 141
1 73
1 383
5 383
2 21
1 117
5 85
1 179
4 255
2 319
3 161
5 21
2 383
1 171
2 37
4 209
4 125
5 277
1 183
5 343
3 253
2 183
4 303
4 209
4 283
5 305
4 123
3 211
1 151
1 343
5 223
5 67
4 255
3 165
2 65
1 371
4 265
5 237
1 161
2 165
5 227
3 221
3 385
2 257
1 383
3 21
2 169
4 55
2 5
1 41
2 389
4 79
4 353
1 295
2 305
5 153
4 247
3 343
1 51
4 207
4 227
3 315
4 261
2 261
3 19
5 69
3 173
3 233
1 143
4 223
3 211
5 289
2 215
3 95
5 223
3 351
3 145
2 177
4 197
1 135
3 313
3 31
5 259
4 77
1 93
3 145
3 373
3 59
5 293
4 241
4 143
2 23
2 179
2 179
4 43
2 313
2 197
5 273
3 105
2 197
4 373
3 69
4 235
4 193
4 87
1 377
4 211
1 101
5 309
5 311
4 287
5 163
1 285
2 103
4 97
1 71
2 179
3 265
5 225
1 17
1 103
2 125
4 309
5 389
3 375
3 241
5 261
3 245
5 317
3 75
3 269
1 55
3 35
4 27
1 349
1 305
4 357
4 73
2 345
2 93
3 137
3 195
3 175
1 111
1 275
5 177
5 299
3 177
2 301
3 201
2 81
4 221
5 333
4 113
3 295
1 399
3 381
5 259
2 203
5 5
1 137
4 249
5 229
5 167
3 237
3 335
5 259
5 73
2 283
4 323
1 245
5 199
2 365
1 89
3 67
4 227
4 379
5 159
4 145
3 249
3 35
4 63
3 295
2 7
1 331
1 243
2 337
3 309
5 131
2 7
2 103
3 87
4 199
4 285
5 265
5 135
5 203
4 177
3 271
2 37
5 31
1 57
3 373
3 259
5 127
4 25
4 347
3 169
3 335
3 195
4 109
1 137
3 181
4 321
2 13
1 53
4 271
4 243
2 261
4 79
2 257
3 259
2 207
3 291
2 305
4 71
3 287
4 339
4 109
5 127
4 73
3 345
3 269
1 313
4 93
3 15
1 227
5 129
3 139
4 27
1 155
5 221
2 293
3 361
3 153
1 393
5 57
4 139
4 277
5 219
2 229
1 131
4 153
5 41
1 31
4 361
3 215
1 153
3 353
1 149
4 271
4 245
5 97
5 299
4 181
1 245
2 329
2 149
2 75
2 293
3 195
4 235
3 323
2 87
4 163
5 137
2 3
1 107
5 171
1 57
3 169
4 337
3 199
4 189
1 147
5 269
5 337
5 321
5 365
2 197
1 83
4 283
2 379
1 361
1 43
3 321
1 1
5 141
4 179
5 73
4 369
3 43
1 171
1 207
2 35
4 9
3 271
2 397
5 95
3 237
4 197
2 193
5 265
2 99
1 227
2 19
1 313
5 387
1 245
2 341
2 321
4 139
3 51
2 101
4 357
3 89
2 333
2 97
1 163
2 355
1 101
1 161
1 93
4 283
4 197
5 385
1 33
2 197
4 247
4 99
5 215
4 21
5 275
2 75
5 309
1 41
1 77
3 205
2 353
3 361
5 139
5 295
3 339
5 345
3 297
5 117
2 41
1 375
4 321
4 145
2 95
5 263
4 79
4 271
4 71
3 203
1 239
3 103
3 323
5 321
2 69
2 329
1 343
3 105
5 81
1 75
3 115
5 393
5 217
5 163
3 293
3 37
3 177
5 89
2 285
3 57
2 215
2 219
2 285
1 109
3 329
5 3
3 91
4 251
2 51
4 217
5 99
5 259
3 141
1 47
4 357
2 341
3 65
1 17
1 359
2 167
4 113
4 13
1 211
1 351
2 337
5 161
2 391
3 193
1 63
5 351
4 351
1 17
3 317
2 23
1 261
2 63
2 261
2 67
1 153
2 163
3 355
4 169
3 135
1 387
4 233
5 57
2 159
2 217
4 203
3 7
4 221
5 213
3 269
5 237
4 81
5 223
1 317
1 301
2 275
5 255
2 241
2 313
5 23
3 141
2 117
3 361
2 349
5 105
2 241
3 21
4 73
5 365
4 369
5 275
4 199
1 65
4 239
2 89
4 59
1 299
1 31
5 219
1 285
3 41
2 295
4 265
4 47
4 351
1 109
3 145
1 237
1 133
5 85
5 349
5 35
1 199
4 61
4 61
5 347
3 385
1 77
1 399
2 259
1 243
1 355
3 309
3 207
3 353
1 127
3 113
3 259
2 247
1 65
4 325
4 231
3 193
4 57
3 87
4 9
2 141
1 55
4 225
2 339
5 123
1 343
2 17
1 375
3 367
3 183
1 227
1 185
2 341
5 147
2 237
4 309
5 69
3 193
4 113
3 119
1 155
5 219
1 315
4 219
3 151
4 215
4 91
1 135
3 105
1 347
4 177
4 293
3 327
3 133
5 153
4 49
2 331
4 129
2 47
4 77
5 117
4 191
1 377
3 253
5 149
5 1
5 209
1 69
4 111
4 345
5 283
5 331
3 301
2 371
4 39
3 117
2 93
1 299
4 63
3 361
1 111
5 47
4 241
3 141
4 347
3 377
4 105
1 273
5 123
2 227
5 25
2 271
1 337
3 357
2 335
4 369
5 121
2 265
5 335
3 29
1 277
3 3
5 399
4 363
1 331
2 357
5 189
3 49
2 109
1 65
3 95
1 107
4 191
1 15
1 201
5 89
4 167
1 331
4 105
1 341
4 91
2 113
2 11
3 179
3 259
1 303
4 277
5 93
3 143
1 15
4 219
5 93
5 375
4 161
1 281
1 161
1 259
3 211
3 163
5 141
2 221
2 257
2 379
1 337
4 257
4 303
2 115
1 297
2 109
4 71
5 143
2 63
5 309
3 127
1 379
1 289
1 293
1 311
3 85
3 269
5 101
5 67
1 235
3 35
1 219
5 7
5 371
4 87
4 235
3 339
1 315
1 123
5 147
4 85
3 49
2 289
3 351
2 167
1 135
1 123
5 3
2 311
2 295
4 195
4 109
3 189
1 239
3 141
3 99
2 125
1 321
1 91
1 93
4 395
3 157
4 137
5 371
3 299
2 107
2 73
3 195
5 293
4 315
2 397
4 189
2 205
3 117
3 235
3 19
4 207
1 249
3 215
1 291
5 167
5 399
1 41
3 279
2 29
3 1
2 231
4 11
4 211
4 31
1 119
4 191
3 225
2 325
4 3
3 9
5 155
3 87
5 399
5 161
2 353
3 335
5 27
5 37
4 391
4 105
5 111
1 125
3 255
3 307
2 185
1 27
3 325
3 261
3 41
3 171
1 83
1 11
2 251
2 23
4 391
4 373
1 55
2 213
5 333
2 67
5 381
4 293
3 387
4 9
5 13
3 99
3 95
5 189
2 171
2 123
4 161
1 297
5 377
5 219
1 333
4 105
3 363
5 39
2 289
2 131
2 79
1 345
5 325
5 235
5 231
4 381
3 23
1 49
5 333
4 169
4 321
3 77
3 47
2 281
5 1
5 391
1 203
4 149
2 41
4 145
5 77
5 319
2 271
1 379
4 239
3 97
2 209
4 115
5 251
2 193
4 29
1 227
4 101
2 229
5 83
5 333
3 111
5 375
3 233
4 229
1 125
3 75
5 245
5 9
2 273
4 251
2 331
3 375
1 181
4 7
3 347
5 385
1 355
4 15
2 49
5 123
3 173
4 63
5 383
3 145
2 325
4 161
4 35
2 47
4 57
1 343
3 117
2 143
3 247
3 173
5 89
3 159
3 169
2 283
2 159
2 45
4 333
2 207
1 107
3 63
3 183
1 223
1 375
2 267
2 307
5 103
4 51
1 87
5 49
2 197
3 219
4 159
1 129
2 273
5 249
4 251
2 223
5 77
5 223
1 85
4 55
4 57
4 333
4 399
4 247
4 121
1 113
5 233
1 307
4 283
1 227
4 97
5 245
5 9
2 151
3 323
5 135
4 367
2 119
5 193
1 137
3 353
4 373
3 369
3 181
2 37
3 113
3 113
2 285
2 53
3 323
2 43
4 247
1 231
3 51
4 185
4 229
3 325
4 135
5 129
2 109
4 101
5 211
2 365
4 141
4 187
1 299
2 23
4 81
5 379
3 151
4 125
2 285
1 159
3 125
2 61
4 337
3 235
1 265
4 133
4 71
3 295
1 205
5 33
3 357
4 29
2 59
3 285
3 25
4 275
1 113
3 195
4 195
1 317
5 167
1 15
2 179
5 185
4 347
5 215
5 143
2 15
5 301
3 165
1 325
4 5
2 135
1 245
3 365
5 21
2 173
5 313
3 213
3 25
3 5
1 107
5 353
5 217
3 105
1 141
1 141
2 189
1 333
4 107
4 301
1 1
2 191
3 313
1 239
1 313
5 115
3 341
1 33
4 385
5 287
5 145
2 117
2 319
2 51
4 341
1 253
1 279
1 227
5 273
2 125
2 119
3 309
5 151
3 363
5 213
1 295
3 105
1 281
4 199
2 27
4 51
2 23
3 293
5 13
5 233
1 25
4 387
2 263
5 105
4 353
4 1
1 85
1 271
5 333
5 207
1 399
2 397
3 199
5 177
4 329
3 79
1 377
2 399
2 365
5 381
3 383
1 377
1 131
1 161
4 155
4 101
1 81
4 335
5 339
3 169
3 115
3 37
3 373
5 143
1 145
4 39
3 359
3 127
3 259
4 241
2 397
3 397
1 183
1 169
1 59
1 185
1 233
3 301
1 353
4 35
5 361
5 59
3 161
5 289
3 381
5 37
4 245
5 257
4 345
3 129
4 391
1 147
2 69
5 235
2 269
1 101
2 267
2 43
4 265
5 33
4 389
1 241
2 313
5 155
4 319
5 397
5 189
3 217
5 187
4 75
1 265
5 93
3 21
1 207
3 283
5 179
5 47
4 103
4 245
3 203
2 225
2 73
3 85
3 181
2 121
5 195
1 267
2 55
4 131
1 83
5 69
4 319
2 165
5 39
1 221
1 335
3 337
1 349
2 51
2 3
3 317
4 307
1 39
2 151
4 35
1 61
5 33
3 381
2 189
4 135
1 373
2 275
5 255
3 383
3 379
1 375
3 47
4 309
1 227
2 33
4 179
3 315
4 303
3 99
5 323
5 37
4 307
2 223
2 321
3 283
2 349
5 129
1 43
4 29
2 23
1 249
5 283
5 37
5 297
5 153
5 231
5 295
2 197
2 35
5 325
2 37
2 145
5 187
3 95
5 267
1 397
4 315
1 139
5 137
4 267
2 387
5 209
3 89
1 345
2 75
3 387
5 339
4 199
4 367
5 73
5 171
3 359
4 297
2 177
3 257
2 95
3 75
1 35
5 357
5 325
3 99
2 313
2 231
3 113
3 381
2 285
4 51
4 19
5 19
1 261
1 305
3 15
4 209
2 57
2 269
1 45
4 33
4 273
5 117
3 163
1 127
4 237
4 277
5 349
4 373
5 375
1 63
3 287
1 237
2 341
3 385
1 93
2 9
2 397
1 327
2 69
4 87
4 121
5 25
4 35
3 117
4 275
2 95
5 81
1 395
2 397
2 247
4 269
4 39
3 145
5 171
4 363
2 49
3 281
5 15
1 71
4 347
5 375
3 35
1 87
1 371
1 295
4 215
2 45
4 307
2 309
5 111
5 123
3 207
3 243
1 387
4 69
1 193
5 245
1 395
5 39
3 69
3 211
2 371
4 157
2 235
4 379
3 131
2 291
4 171
1 173
3 27
5 147
4 225
2 191
1 353
3 25
2 177
3 115
1 309
5 65
2 181
2 169
2 101
2 95
2 253
2 233
4 323
4 183
1 307
4 273
1 129
5 243
3 327
2 13
2 129
4 391
3 173
3 5
1 273
5 19
4 77
1 111
2 203
1 365
5 257
2 127
4 221
4 385
4 81
1 241
2 61
1 325
3 393
1 87
1 169
2 145
4 211
4 27
4 387
1 39
3 191
3 83
4 359
1 377
5 349
1 45
1 253
2 149
5 397
4 197
2 185
2 287
4 175
5 265
2 261
5 97
2 249
5 257
5 229
3 233
1 311
4 395
5 267
5 135
2 255
4 83
2 93
2 127
