2000 2000 2000
566 112 618 86 426 1508 656 274 488 1433 1794 307 86 325 1508 753 1183 218 112 677 1073 1853 1524 118 884 118 1364 643 622 1459 294 715 1651 858 1183 1284 1073 1459 706 1728 112 1508 1459 1284 1506 706 1898 1066 307 622 1035 1229 1310 368 1152 618 86 1944 1354 1799 1508 1883 1662 1971 785 420 807 1898 438 807 1917 1509 1435 118 1034 1364 455 807 325 1790 1363 318 823 434 823 1898 1429 172 313 1520 1593 1229 118 1152 858 1435 52 1038 118 1429 99 1290 1822 1905 1919 1508 1781 566 858 497 622 1898 1857 1306 341 715 1524 1898 1323 622 1354 325 195 1459 531 1450 118 1919 172 485 1662 768 715 274 1642 1073 677 753 334 322 1993 318 218 898 1799 1762 1651 258 112 622 1794 1450 318 912 1281 1799 488 930 1073 677 341 1361 274 1919 635 1853 1194 1433 858 1183 1636 1898 1229 497 1234 706 341 118 426 86 401 1103 598 1034 112 172 1971 1459 1799 86 1425 1072 1853 325 1073 118 1072 325 379 1103 1971 1103 807 401 1996 438 1799 1651 1072 1415 930 757 178 1535 753 1034 898 1433 1310 1183 715 112 1162 1762 556 86 1162 823 757 1565 1306 531 1651 530 313 753 313 1919 368 768 1919 1183 172 1787 1360 434 868 677 495 503 1971 656 401 656 495 318 1919 172 868 1122 677 1290 1229 1944 1429 1183 496 1636 1888 1284 1898 1996 379 86 99 1636 434 1194 1435 1363 842 858 858 1103 706 556 1762 345 1642 1524 368 1229 1642 426 930 497 530 1799 401 1194 1034 426 1606 1072 1459 863 118 1898 1689 1127 1450 819 118 307 757 1662 656 118 1996 598 1799 706 868 368 86 823 313 86 1794 274 868 1433 1888 706 438 1261 1433 1072 1281 1636 172 322 807 426 1651 1072 1787 622 1162 1857 1593 732 556 112 1015 1433 341 1073 1310 656 99 1822 656 1788 1073 1996 1565 172 86 274 1509 1364 842 1364 1281 1066 1919 1183 1898 1919 99 172 1072 325 715 496 360 258 1038 852 1072 1799 656 1905 455 1196 497 546 455 823 1799 307 898 807 1636 1435 1034 1229 598 1073 1971 979 1234 172 218 313 1651 1651 318 86 556 599 1363 434 33 1898 1310 706 1535 307 1919 496 318 1898 1306 1883 294 1898 172 325 706 341 1508 1229 118 1996 1284 426 1290 1072 497 438 488 1524 1433 401 715 1011 656 99 434 1509 307 864 1760 807 426 1822 1996 313 503 618 1429 677 556 1229 1535 1183 989 1354 1073 1946 1898 753 1799 1229 434 656 1364 1435 1072 753 274 341 86 86 1898 858 441 1034 307 318 1799 1310 52 1651 1072 112 858 778 1971 1162 842 1229 1535 715 1437 643 1822 1073 1794 318 1183 118 1996 401 1310 112 1794 656 118 753 706 778 307 1651 503 1261 868 1888 112 842 325 1787 1919 1072 434 313 1234 1535 1290 753 1363 455 368 1799 1787 1072 86 426 1535 1787 1509 1261 753 1073 118 172 1565 1450 426 118 1154 401 1152 1535 1363 1450 858 1360 1787 1433 819 1509 1433 1459 1853 732 1799 318 379 778 898 401 1072 401 706 1651 1799 715 318 1593 318 189 858 1822 1073 379 1509 1565 1073 1535 732 401 1450 1662 1437 1651 218 852 1229 86 1794 1034 1606 531 1073 112 1960 863 1535 930 715 1651 1799 1433 1788 1084 1790 1066 434 1799 86 1084 1361 1194 313 1993 1284 852 1433 884 426 1535 1960 1898 1662 112 426 496 530 1154 1183 1310 864 1360 1361 1468 706 1154 635 1433 1034 503 503 1651 1799 823 307 1642 757 341 1084 1662 1261 1035 434 1072 368 1651 325 318 1794 986 1781 172 1196 318 379 497 556 189 656 1310 1787 86 785 318 858 307 318 715 1576 1072 1898 1066 1919 656 986 622 1642 1787 434 1919 1905 1565 1701 1038 1229 172 1196 1433 1183 341 1636 1509 1651 503 99 497 496 1651 455 1520 313 622 1606 986 1799 1799 1437 1790 1898 1073 1354 1450 1433 1462 1459 1853 1565 807 1788 1509 1066 1459 677 172 1905 1229 598 401 599 677 643 753 1468 86 768 1508 496 1066 1196 1194 1651 1857 434 1794 426 485 1508 52 1898 1535 1103 931 1310 1196 1651 1183 768 1229 1154 1468 438 1468 118 909 1799 1636 1689 4 1883 172 912 307 1636 112 1459 1565 496 807 86 341 823 1034 1662 1073 1437 1450 172 1162 1034 426 753 852 86 556 503 485 401 86 1234 1310 172 86 622 1459 1072 1728 1035 706 86 986 118 868 1468 1898 1035 706 455 1853 715 1073 218 1606 1183 1799 599 325 178 1034 1535 172 1038 1593 635 455 1888 1509 757 1468 1898 1898 118 1363 209 1433 1662 1360 1898 1898 598 1508 1103 1971 1073 86 1073 368 622 118 313 426 1425 598 1689 426 1898 426 1152 1651 334 1196 1857 768 93 986 1310 1593 1506 753 426 382 1799 1072 868 1565 1323 1898 1229 930 172 1152 1196 1883 530 496 1857 1662 757 753 368 93 438 1290 503 1361 868 531 1229 1799 1122 1781 1073 1960 1072 1508 1459 1569 1576 1524 1944 530 1853 1229 566 86 368 1183 1906 1787 622 1310 1034 1857 1433 768 118 715 503 322 1034 118 1066 1433 503 1971 1433 112 768 1799 401 863 1429 1642 1576 1229 1565 1196 318 1435 1310 1535 112 503 172 438 503 807 1799 656 1038 379 426 1038 325 1535 1072 1084 455 1565 706 496 706 715 622 57 1450 1284 1323 118 172 1799 86 325 1822 86 1290 1450 1888 1459 1728 1508 1450 1403 1898 1034 1433 341 1073 1636 559 599 1103 438 556 1038 1636 1072 1593 706 1857 1701 768 86 274 753 1284 1971 753 86 86 1183 1103 438 1433 318 643 1066 1194 1066 322 426 1323 99 1450 898 599 785 1662 599 1072 1072 1636 1162 86 1561 1162 1898 715 1799 86 858 706 1971 1509 1433 1508 1799 715 768 57 986 497 598 426 1364 1508 497 807 1651 656 313 1429 1194 118 1508 643 823 1762 1883 86 622 1468 294 1971 426 307 488 503 1468 496 753 1787 807 598 318 842 1799 1468 172 1073 1229 1038 1364 1636 503 1576 1364 1971 1433 1034 823 986 178 1459 635 1822 318 1281 118 1701 1450 1905 86 1799 1229 1651 858 1196 93 86 807 401 86 753 1038 426 1450 622 497 864 1898 325 1433 1310 313 1290 1162 1459 307 1072 807 313 1084 1701 1284 1565 218 1857 313 274 1162 618 368 341 715 1229 556 1306 1034 706 1790 1127 1794 1508 322 1898 426 325 1072 643 1651 1822 1468 1593 438 1787 677 438 753 1524 1038 356 341 1535 294 1905 930 1565 656 497 753 1944 656 1636 1038 401 503 1898 1651 1799 178 1290 858 401 1762 1450 1651 868 33 1072 823 622 1196 530 1993 1996 1429 1898 715 172 118 706 52 1035 1651 420 86 1651 1364 1229 1788 1760 1034 1183 1636 677 753 99 1919 1898 1888 599 1433 313 1917 172 172 1038 1459 677 864 635 858 313 706 819 178 1066 778 86 1790 1883 912 495 1290 1898 488 313 1234 325 1781 112 1689 1038 823 1790 1593 1354 858 438 598 753 622 341 622 118 1261 1363 434 1535 426 1450 986 1229 1642 1662 1799 86 622 1799 1898 4 912 622 1261 1898 503 1011 178 1651 1996 858 807 677 496 1960 1425 112 1425 823 1524 189 1229 823 1310 807 1822 986 1898 86 1960 1011 715 1310 986 1038 1651 930 823 426 426 1038 1509 485 1509 1651 807 1857 401 715 497 715 1073 1642 677 1662 715 438 1853 1072 1662 1898 1310 496 93 86 1662 1593 496 1898 1072 1229 345 1229 1437 426 715 530 86 1363 1535 1066 1437 1787 1073 1576 86 1425 434 118 556 807 898 1636 112 1898 1565 1162 753 1229 868 1917 495 86 172 112 1437 1662 86 1072 1196 1363 93 455 1651 438 1576 1152 1888 1919 599 768 52 1363 112 732 1072 1762 1919 1364 313 1153 99 1651 1853 356 1072 1799 172 356 1787 598 706 636 172 1898 1651 426 852 1883 909 1946 274 852 1511 1794 1651 1011 118 455 656 757 1183 322 497 98 1944 360 1425 118 274 1898 1799 1898 485 778 485 898 757 426 1535 379 1651 57 1524 426 842 1122 1799 864 531 178 858 1234 1034 379 1787 656 1437 1153 622 1433 1290 1415 1728 1433 599 753 1450 1354 112 1038 1651 1898 807 819 1996 823 1038 1073 868 428 1883 823 1822 1310 318 842 1066 1799 341 1651 1103 1261 1011 1662 1354 1194 1154 1971 86 1636 656 599 989 706 1606 1857 732 1363 455 1788 1433 1103 842 1363 1361 930 556 1524 1363 218 842 1034 1794 1728 1073 1971 622 1429 1179 1290 86 1535 497 401 496 1415 1433 459 1509 496 1229 1576 1524 401 341 1898 1162 868 294 858 986 852 1310 307 1728 1433 86 459 622 1662 1662 1154 307 322 931 1788 497 1919 1662 1153 1576 1794 1433 1072 112 439 93 1508 753 441 1787 1038 488 706 1822 112 1593 1038 258 1971 1799 599 1437 1364 485 1651 1011 1576 294 485 313 1794 1799 656 556 1103 1561 1360 656 1593 622 1073 1576 368 1439 1794 86 455 1229 1281 732 1433 1651 496 1506 643 1103 118 1888 1960 93 313 643 1363 488 1425 438 556 118 1034 1433 1996 322 503 778 1433 1183 307 99 1662 1535 828 1162 1459 715 1284 1799 823 368 1435 1996 1857 172 401 1103 1152 1919 1971 1701 930 1084 1011 86 656 274 1651 496 1508 1459 1363 503 86 1073 294 1898 368 1662 842 86 1898 1509 1281 1593 1898 1799 858 307 1196 1898 1127 1306 1799 1919 1058 768 274 1524 1996 1354 1576 1433 1636 1363 1898 1944 99 86 1593 1229 1636 1565 325 497 318 1038 898 599 656 858 1450 1364 1642 503 1944 1425 1363 1857 706 307 1234 1415 118 677 112 1034 1651 842 172 401 1459 426 1433 909 1799 379 485 1072 868 909 1468 1450 1433 1361 118 706 1290 30 1183 1229 86 322 1799 1561 599 599 172 318 86 706 99 1363 1179 1651 1437 1433 1103 858 1194 1073 1662 1509 1898 1898 753 1651 599 1360 318 112 1433 1229 1508 599 778 488 172 426 622 86 1857 1433 86 1364 86 1662 884 1066 768 1593 488 1450 986 218 1103 178 1787 1535 1310 318 497 1038 807 1361 341 368 368 1960 1662 1433 823 118 341 496 1127 1799 715 1183 732 1073 1072 1971 218 1433 1459 656 1229 401 459 1787 884 778 1459 1790 823 852 172 1433 1565 1509 1153 118 930 884 1822 1576 823 455 643 706 1462 318 858 1996 622 1944 656 274 1038 1960 1403 118 1363 858 1662 112
290 200 1643 359 429 928 864 78 1499 1910 707 150 1657 1029 1630 118 1304 685 1970 1638 1168 1325 158 1729 289 510 589 108 1303 901 811 281 1384 1462 1942 1154 1835 1479 1867 153 907 622 1994 237 318 66 1535 1231 706 506 1920 1210 1754 1895 1710 1027 211 1562 1556 1365 680 759 668 1351 392 618 980 95 1762 1167 790 1133 1609 821 1244 1324 930 661 116 419 1794 1703 1808 381 178 444 291 1887 1166 90 1884 1759 215 134 1330 240 1543 1067 1496 878 338 1863 1300 1345 1908 297 331 1127 1069 62 1399 827 1634 1262 303 1104 1838 1230 1170 255 1207 1806 1695 1677 1513 553 1763 1848 799 588 458 1528 863 1044 970 1612 265 1655 1839 962 1102 550 1482 1724 1656 372 900 941 1864 1686 721 1512 966 1975 664 100 975 1687 906 353 472 1349 1010 1969 535 193 1478 1901 1000 1852 985 629 1134 1213 1853 1114 389 1825 1248 1411 1718 1191 1083 1960 1599 1809 650 278 716 1791 441 149 963 101 163 1373 1366 151 460 1831 1084 259 834 1458 1842 988 1944 262 1670 1344 1236 807 1868 1383 1284 1857 27 1585 947 614 667 351 1549 1321 501 1765 1435 1873 490 435 784 1897 1548 1287 1047 740 7 475 1883 1623 719 758 568 1269 1085 1144 1846 207 924 1237 342 485 1675 257 891 1430 631 1066 21 1281 1898 1498 1025 1553 16 1922 1572 1243 773 1587 995 873 1145 477 700 643 401 1974 718 495 380 812 612 573 575 122 254 367 192 1033 1379 1628 112 1772 774 877 1997 1937 1007 1610 147 284 599 1947 554 1064 1620 1342 1916 1286 471 301 842 1012 121 48 1072 981 694 467 913 348 525 1259 1178 791 1157 683 1308 216 1690 1142 1746 585 1753 918 1101 249 681 583 382 105 1413 49 1578 1648 493 1555 1569 686 1635 577 976 1091 1115 89 636 927 1235 146 1028 502 590 1616 649 1212 809 1295 1644 186 496 1985 1108 1460 1057 1972 601 1489 1494 410 1339 824 1206 431 1222 1544 1050 453 1837 722 1111 1700 1903 1829 483 1859 593 1775 214 241 69 246 129 244 673 498 1492 1989 764 833 1171 998 127 1768 1979 1976 1267 1041 54 434 183 828 1707 750 179 1369 1068 657 559 1617 46 1258 939 1180 659 1160 1138 734 1626 311 561 786 1777 1998 727 1429 1376 742 1214 1313 213 1 1467 1416 1225 1358 1323 1271 1639 744 1076 905 1925 692 1691 881 1224 1914 1720 1434 522 570 164 853 902 888 40 1566 1965 840 713 1406 1930 746 781 530 1393 754 539 1904 1832 488 841 1092 41 610 621 1414 1604 1742 852 266 1546 1801 777 896 1741 1891 563 971 1461 1522 571 1201 286 1631 172 1381 748 1702 531 1195 1999 1375 1488 607 61 508 858 1802 1770 655 308 1735 492 638 628 693 251 756 1869 1252 1836 1071 70 195 329 1257 1439 1527 1816 1704 1661 221 948 1179 608 1948 1813 42 1719 1516 1956 1450 399 96 160 1014 923 394 442 84 587 1184 306 1844 953 952 209 1361 1709 1706 1579 555 1977 1302 1121 797 1348 273 414 1402 1855 518 332 1021 783 542 1814 99 230 462 47 1380 552 1336 145 1036 114 1169 1165 912 1199 119 955 634 1790 1094 854 537 1618 1664 741 1995 336 199 1665 388 1734 1474 125 1009 12 234 1514 1173 792 1378 404 1148 1099 1798 252 1149 1964 1185 482 1532 1766 1804 180 18 98 300 1680 65 52 513 1190 892 1374 1592 274 1877 775 1466 723 597 739 269 1032 386 1699 1978 868 1668 1011 1347 1796 1537 1590 1297 990 1771 1749 640 1219 1442 1782 606 549 1081 433 138 1961 1502 1360 511 1776 1606 856 565 521 515 795 1902 365 935 576 1737 1124 325 523 762 883 307 85 1990 757 526 591 732 59 737 1409 703 144 548 1268 982 1152 1736 9 1983 1087 615 579 720 1352 263 613 387 420 1107 288 350 1082 1598 1006 484 107 1624 684 654 1002 1888 660 602 937 1986 574 1524 1504 1565 1215 239 1563 1093 687 1712 1694 1261 1591 805 1249 983 141 745 1595 564 87 232 1356 1298 219 1678 695 960 398 943 491 1827 128 71 1725 1633 752 169 925 197 766 1278 1117 804 1424 1952 961 1459 139 1159 440 1317 347 1140 815 44 120 917 416 1495 675 1834 1503 236 1951 1404 1879 373 1331 846 1020 1520 155 1334 1509 728 1275 1198 503 1400 31 1856 1211 1991 102 651 682 978 770 1147 449 93 1015 1037 560 1035 1089 1475 1116 426 1233 82 345 879 540 1531 271 1682 624 979 690 1088 541 349 749 43 600 562 959 1911 1851 1143 870 977 504 1645 88 264 166 819 1245 1098 1106 1363 1552 220 268 1061 1328 617 851 132 478 1919 1896 463 383 258 1476 1722 632 1013 1319 1621 697 1315 1525 33 203 505 1821 245 243 677 644 152 1202 1526 25 1953 1255 1568 202 1075 446 298 1752 1327 1967 428 1743 1266 603 1038 648 992 1136 663 1086 1740 604 1786 470 1122 1425 516 1034 1933 932 909 1239 696 135 1917 247 788 1220 886 1755 1314 674 1941 205 1876 1110 1074 224 1337 397 1988 204 859 106 1141 1909 1733 1452 201 1412 36 1403 1311 1431 532 1417 1109 76 456 1183 1483 1870 520 194 1536 443 225 242 1987 1982 374 457 20 1938 1671 1481 1890 1501 1193 280 872 148 1696 1823 50 1046 439 1826 384 829 897 19 1971 110 802 1557 1410 1493 1293 908 1649 1208 1039 432 1865 97 1711 445 1584 270 1080 1738 1629 1274 370 1440 1923 344 711 605 340 1803 1196 28 1597 481 1547 1418 1654 580 899 533 1652 849 848 633 1433 584 235 794 299 1186 154 1004 1343 1713 408 1793 1426 1900 639 782 911 1256 324 1283 1697 1847 302 1238 53 1468 1423 1422 627 662 469 1322 1338 1060 1472 1447 1580 352 1260 1640 1672 182 473 174 1309 1921 1625 1588 1673 1669 1758 1708 1651 1519 1419 1828 1135 785 15 208 1277 933 1705 890 619 944 755 1730 11 1949 1436 1151 45 175 915 283 874 321 1882 1023 669 412 1364 1913 354 708 736 272 156 94 17 1843 111 486 507 476 1181 1018 330 293 1622 1465 1451 130 637 630 926 356 665 1312 1350 1764 1860 1174 1666 1486 1228 1550 133 173 198 1636 1420 157 1871 1880 1506 376 261 1589 1538 1062 1153 1397 328 479 1993 1992 1398 1105 1464 1717 1950 1253 1320 430 314 223 1518 1273 1508 256 916 714 137 1931 322 277 826 1980 1613 596 1391 450 1812 796 1176 765 1307 731 1055 1774 1346 1679 22 1326 1594 115 1693 934 185 391 1558 951 26 527 1242 1574 323 1290 67 455 831 931 1660 1973 1605 1073 884 880 1819 126 1564 1470 1817 641 626 1163 312 466 1807 1788 1040 436 63 512 1078 309 1862 679 1226 143 656 780 1805 1120 1457 1731 825 1681 994 973 1019 1511 1744 1427 181 2000 1981 1221 1332 751 487 950 1407 567 1301 413 866 1270 1079 1100 310 362 250 1480 1113 578 81 817 83 889 1131 1646 1756 969 424 556 509 355 191 136 920 1137 1878 103 787 1627 24 57 1575 79 317 1905 699 595 738 968 1240 3 1388 806 823 1521 1289 517 1929 860 131 1907 869 653 867 238 1432 333 1614 51 569 1445 1372 1227 1554 1642 30 227 1507 260 1641 10 1118 1043 1022 1155 1892 1103 1232 366 1054 1567 1192 334 1003 942 1984 1701 38 611 903 1272 75 427 1156 1329 1285 1541 1049 1119 1533 642 672 838 1810 1390 743 1596 1732 984 822 187 1728 1247 451 379 1906 904 712 572 395 1051 1570 717 1415 1053 704 159 929 1446 437 1959 1026 705 1818 1899 1637 1497 1182 789 1250 1784 1455 1194 1187 464 417 217 914 1438 1421 1056 670 377 974 623 1833 6 1288 343 1966 1577 1408 598 188 922 1368 1382 1872 375 949 1189 1714 1781 1188 5 524 1048 761 1799 489 1386 964 1515 64 747 1932 1209 1611 1090 1223 1125 170 60 778 519 996 698 68 1449 688 233 894 1689 1854 793 1603 1830 1850 1129 1757 816 910 958 882 184 645 972 497 1123 1362 938 1299 1534 226 189 480 543 538 1586 709 876 545 1059 1716 39 1845 1341 229 378 304 1615 702 1340 313 1443 1542 1070 635 1030 296 875 403 337 837 529 1294 1676 1203 1866 109 724 124 279 871 1095 1031 364 546 402 820 647 729 954 1517 1112 730 305 1783 1928 1437 326 810 1715 418 678 1559 295 32 8 292 210 77 646 360 371 1773 1387 363 986 1811 1963 282 34 1264 1394 177 768 1792 1389 1698 1001 1529 23 1200 1861 316 1936 459 726 551 830 494 1371 1254 1024 1279 1551 1727 1934 1241 1894 936 957 339 406 528 993 1778 1158 763 1886 1077 844 1945 161 58 1333 1016 162 1469 80 1608 1150 1571 997 320 1943 836 465 423 1840 1946 1745 104 1058 547 113 1750 1935 1650 1573 956 1126 760 1128 1164 800 1581 1263 839 1005 1545 1962 798 1779 1401 1291 1663 1751 1042 1659 625 1177 666 1354 4 454 1787 1797 196 1448 843 190 1800 1395 1096 1444 1918 845 1957 1305 171 1820 1251 1463 865 701 1197 1428 725 1229 582 813 1560 409 1296 499 1632 862 400 1561 92 1940 176 1377 1453 945 142 411 1485 1996 231 1893 1490 652 206 74 361 390 1370 566 1539 1500 1175 1761 1316 1265 616 1926 396 671 341 999 1530 422 1218 1912 733 1582 1335 776 1683 1491 1505 285 658 421 1760 1306 779 1246 887 808 447 609 581 558 474 1065 1205 1132 1217 514 586 544 1955 1915 1172 1688 415 369 715 753 1667 91 1601 1849 1008 248 35 287 56 1204 1619 1130 1824 1139 1662 167 803 212 832 123 767 1405 1685 37 1600 335 346 1653 385 772 895 1454 1161 1968 965 1841 72 1958 1471 1396 1769 500 710 165 940 989 691 1789 1359 1234 315 1607 1282 438 319 1052 1858 393 1583 14 1748 1795 1355 898 1822 814 857 1017 1045 1146 452 1889 536 847 1477 276 1367 689 1216 1692 594 1540 1484 1674 407 55 1473 987 885 1875 855 1292 1815 835 1441 267 1658 13 861 1487 86 893 1785 850 357 358 769 1310 1162 1385 921 1280 1881 294 461 967 801 946 1747 228 468 327 919 1874 448 425 1954 1721 1523 1726 1939 2 1276 818 620 253 1647 1885 1723 218 1392 1780 368 140 771 557 168 1927 1510 73 1924 117 1739 1602 1456 1353 222 676 1357 1684 275 1097 991 1767 534 1576 1593 1318 29 1063 592 405 735
1 1082 57
2 1530 762
1 1221 1727
1 1097 1000
1 474 771
1 708 450
1 1642 327
2 937 851
2 143 1437
1 963 187
1 443 703
1 1262 1781
2 121 731
1 1409 1905
1 1914 652
2 1756 784
2 1323 1869
2 1258 989
1 890 1298
2 1733 254
2 306 17
2 1143 1175
2 1615 1756
2 789 248
1 1658 534
2 1735 447
1 1567 1252
1 969 1090
1 288 1561
2 1793 540
2 565 269
2 222 1826
1 1006 1219
1 1859 1600
1 491 906
2 1344 1945
2 1222 1164
1 1356 1431
1 153 1189
1 1456 118
1 1409 1593
1 116 1047
1 1836 960
1 364 1620
2 100 184
2 1619 457
1 513 1723
1 699 1838
1 1953 1429
1 22 1150
2 556 1258
2 1462 628
2 1990 947
2 1004 116
2 1006 1641
2 1351 636
1 307 272
1 1737 554
2 1896 1612
1 1496 708
2 1190 1225
2 987 97
2 1587 799
2 1337 1517
1 459 1067
2 1236 470
2 635 265
1 313 1832
1 246 543
2 269 459
2 1974 1819
1 1176 803
1 1954 504
1 1003 464
2 1157 176
2 1146 703
2 765 567
1 390 523
2 46 1940
2 1350 1002
1 901 914
2 1882 754
1 687 514
2 134 1436
2 480 683
2 1205 1152
1 849 40
1 1409 392
2 794 1661
1 619 1848
1 1789 382
2 412 361
2 674 1740
1 357 167
1 1809 610
1 481 1266
1 1757 838
2 1847 1831
1 46 1869
1 1453 109
2 1608 1161
2 1612 43
2 1031 948
1 1936 391
2 472 1766
1 1533 486
2 1023 197
2 1208 774
1 535 443
2 538 1421
1 1549 189
2 265 1062
2 615 139
2 1848 267
1 690 1927
1 1600 1308
1 334 1613
2 1023 54
2 398 864
2 183 272
2 1868 766
1 124 1142
2 1624 183
1 107 360
2 248 1075
2 1874 384
1 357 129
2 1606 1368
2 414 254
2 1176 344
1 1901 1545
2 968 142
2 160 1587
1 1374 798
1 1982 1126
2 986 610
2 203 353
1 176 246
1 1582 1648
1 1322 569
2 220 580
2 623 1992
2 127 1140
2 446 953
2 631 414
1 302 1825
1 544 566
1 1032 537
2 1502 1385
2 398 549
2 74 716
1 329 1361
1 1595 999
2 1879 784
2 582 806
1 960 915
2 999 1409
2 1309 224
2 243 1091
1 887 386
2 951 174
2 80 1855
2 1105 1224
1 499 866
1 1149 646
2 261 180
1 1709 1764
1 526 1301
1 1659 981
1 1591 25
1 49 1199
1 475 1828
1 233 1811
2 231 613
1 1654 1114
2 546 100
2 1741 1437
2 205 749
1 1273 1665
1 554 1091
1 268 667
1 1046 260
2 515 313
2 1637 1148
2 721 1378
1 121 709
1 570 1469
1 1679 308
2 502 797
1 1020 126
1 1701 150
2 379 618
2 966 288
1 408 226
2 1732 1452
1 1148 1487
2 1751 500
2 81 1381
1 1610 1218
1 685 1979
2 290 4
1 245 1498
1 1724 986
2 161 50
1 887 1956
1 1779 359
1 1306 961
2 1208 213
1 1907 1832
2 529 1648
1 1224 1006
1 1124 272
1 1246 1381
1 1885 1577
1 167 1562
1 1775 1315
2 531 1374
2 883 1697
2 402 321
2 244 660
2 82 1789
2 1635 817
2 1174 1863
1 1351 916
2 1507 972
1 1320 1178
1 1665 1191
1 1521 846
2 371 1411
2 75 983
2 485 1043
1 1392 911
1 1894 1317
2 973 373
2 1315 68
2 644 175
2 1398 869
1 867 1248
1 1250 1598
2 1256 1292
2 944 1385
2 1756 998
2 1691 869
1 1005 1303
1 631 1339
2 1831 1663
1 1905 1934
1 1986 2
1 1339 1426
2 1145 801
1 851 1874
1 1329 45
2 1271 1802
1 1212 407
2 343 1395
2 1831 935
2 289 174
2 161 404
2 193 1659
2 1058 1157
2 263 1009
1 436 1485
2 1686 1776
1 1420 1810
1 540 1882
2 1818 231
2 283 783
2 124 350
1 304 1939
2 1940 747
2 1889 123
1 1985 1239
2 939 97
1 92 359
2 1095 1873
1 608 1663
2 1241 199
2 47 458
2 1454 216
2 888 1409
1 974 1835
2 1421 378
1 1086 1302
2 61 99
1 700 950
1 908 1532
2 1488 36
1 745 1307
2 1917 520
2 1934 1187
1 1939 1218
2 1372 467
2 207 1334
1 1233 1936
2 1125 1272
2 1004 1596
2 557 1807
2 297 1585
2 415 1251
1 1353 1502
1 556 1647
1 1592 1415
1 388 165
2 1334 1838
2 1552 104
1 1719 1269
1 409 430
1 1961 1182
1 1889 1591
1 952 1470
2 391 1699
2 19 881
1 1791 1701
1 1340 1885
1 1547 1576
2 644 1676
1 796 1851
1 1754 1657
1 1615 1450
1 1017 807
2 1965 1450
1 944 560
2 1902 1886
2 313 1813
1 1665 1459
1 525 1410
2 502 835
1 1083 375
1 30 403
1 1070 391
2 25 1995
1 1115 1686
1 237 1657
2 1867 560
1 1573 4
2 1481 1823
1 1774 1095
1 1611 1049
1 1627 428
2 1970 1615
2 557 1961
1 130 1772
1 364 988
1 2 90
2 1475 1767
2 326 1856
1 159 13
2 354 1710
2 1921 174
1 412 1731
2 338 223
1 541 1955
2 1243 1034
2 1069 583
2 494 1255
1 1468 8
2 1115 1145
1 1242 1077
1 1859 531
1 710 118
2 154 455
2 773 1074
1 979 1123
2 1627 1390
1 1861 1973
2 1891 947
1 1774 66
2 1201 1858
1 1397 1457
1 1765 1573
1 63 286
1 558 1597
2 324 1097
1 836 1465
2 816 502
1 1212 1694
2 1750 359
1 198 376
2 1707 883
1 995 1568
1 1569 110
2 1 789
1 1518 1613
2 314 1501
2 725 996
1 610 442
2 1856 277
2 123 1032
2 1218 1557
2 1199 1775
1 359 1307
1 1372 94
2 785 1576
1 132 771
2 645 367
2 678 791
2 1809 552
1 580 979
1 1185 1155
2 1530 1208
1 152 1705
1 60 1582
1 131 698
1 928 890
1 254 281
1 881 573
2 259 1589
2 1349 1534
1 4 1346
2 1558 1224
1 1350 372
1 1728 716
1 1863 424
1 1686 369
1 127 1779
2 1291 1160
1 1531 727
2 686 1373
1 1062 1051
2 828 895
2 603 113
1 1820 447
1 299 1205
1 1678 694
1 1417 1066
2 1053 1223
1 1245 1853
1 127 214
1 1951 1078
1 279 141
2 927 76
1 1143 1797
1 1029 671
1 654 1386
1 592 1440
1 1344 1354
1 1187 687
2 618 986
1 734 1365
1 1909 1046
1 880 503
1 74 562
2 1160 1532
2 717 1572
1 1475 1915
2 1575 895
2 373 74
1 1374 1746
1 1479 1877
2 762 641
1 1927 1794
2 428 1030
2 1303 356
1 362 9
2 923 1001
1 1395 51
1 12 651
2 1245 729
2 1910 1696
1 72 860
1 65 1935
2 29 112
2 14 831
1 1087 1014
2 620 439
2 1136 1243
1 1496 1612
2 1404 1318
2 1512 371
2 665 511
2 930 611
2 1308 873
1 976 1721
1 1359 1001
2 594 1378
1 184 1353
1 1504 1121
2 407 826
1 1151 584
2 408 1300
1 1981 1563
2 1036 1441
2 47 325
1 470 125
1 371 1915
1 1028 497
1 1820 955
2 1786 1152
2 559 1613
1 586 299
2 190 918
2 562 126
1 108 1357
2 454 133
2 1064 1607
1 1826 1591
1 1204 472
1 1383 593
2 1032 1325
1 183 1846
2 816 511
2 1586 1449
2 1780 1890
1 1414 1974
2 1871 1717
2 343 1225
1 1429 599
2 301 1678
2 346 563
2 1505 1275
2 500 514
2 798 976
1 904 1402
1 1560 1694
1 994 1056
2 1489 638
2 1573 1548
2 720 1865
2 1191 732
1 116 896
2 9 1330
1 1217 939
1 1197 217
1 778 777
1 1957 531
1 218 1465
1 1946 563
2 1783 534
2 831 1235
2 603 254
1 369 245
1 1659 1116
1 1027 575
1 1101 605
1 1726 685
2 322 1931
1 824 210
1 798 1546
2 643 1353
2 570 1345
2 153 537
1 1287 1698
2 1272 989
2 471 1846
2 1945 1028
1 1398 415
2 1665 1319
2 1261 52
2 680 1172
1 1066 487
2 18 165
1 1211 1782
1 464 1135
2 463 676
1 292 509
1 1512 188
1 438 1167
1 1657 1953
2 1815 658
1 381 722
2 258 255
2 1896 758
2 828 437
2 230 1382
1 765 1198
2 1090 284
2 1910 1031
1 1835 1457
2 316 1528
2 470 659
1 1707 602
1 1872 386
1 1307 831
1 411 669
2 1511 1758
1 819 1985
1 1123 49
2 405 502
2 1939 1076
2 1750 1257
1 742 795
2 1645 748
1 1466 1830
1 319 1767
2 433 613
1 380 804
2 1937 532
2 1251 173
2 1487 1844
1 974 1812
1 1501 712
2 1861 1443
2 307 1611
2 65 695
1 779 82
2 172 637
2 1700 166
1 1546 837
1 61 91
2 1222 293
1 955 1140
2 1582 399
2 1997 1936
2 1760 953
2 1624 375
2 1477 1581
2 1071 1503
1 1243 218
1 1665 1810
2 1248 1782
1 1784 204
2 1608 786
1 1613 359
2 256 959
1 720 985
2 655 199
1 1098 579
1 477 868
1 1811 265
1 1180 1002
1 988 1252
2 101 5
1 1241 1086
1 790 356
2 433 672
2 1073 94
1 604 888
2 1560 1893
1 1860 612
2 1427 932
1 371 1454
1 1796 217
2 1729 599
1 1979 66
1 1394 397
1 1519 1963
1 1147 1039
2 181 1712
1 740 782
2 646 282
1 852 1924
1 1691 1151
2 1332 429
1 663 689
1 442 680
2 1180 828
2 1377 196
1 1225 1212
2 1708 780
1 1344 1665
2 1849 223
2 869 274
1 1107 45
2 1424 1892
2 1649 1323
1 1432 1872
2 1141 378
1 214 605
1 538 1965
2 1868 986
2 1278 229
2 728 1143
2 158 205
2 1910 620
2 1015 1549
1 1891 1714
2 1220 1653
1 465 203
2 265 1710
1 1707 1555
1 412 1534
2 934 1114
2 321 1840
2 1351 839
2 196 1798
1 434 1176
1 514 1857
2 797 1186
1 1437 1001
2 296 1066
1 711 737
1 1816 539
2 12 914
1 1348 553
1 226 1936
1 96 1402
2 94 1529
2 789 127
2 1899 694
2 1034 996
1 1481 34
1 1229 1018
1 1416 971
1 1576 1630
1 1700 640
2 1638 1119
2 1387 1549
1 1586 1145
2 602 1572
2 1747 867
2 452 1366
1 876 942
1 1735 1189
2 1885 1101
2 509 860
1 1985 1965
2 1304 1698
1 1639 1467
2 1720 1779
1 1377 1965
2 1872 1101
2 695 1691
2 1229 1176
1 759 1782
1 1190 1367
1 415 1010
2 1039 938
1 224 1091
1 1287 499
1 955 1931
2 110 657
2 1783 1577
1 908 1828
1 915 656
2 1106 1080
2 1727 1882
2 939 1328
1 116 623
1 1176 594
1 458 978
1 322 955
1 1469 1087
1 421 250
2 1217 1397
2 21 911
1 97 760
2 1884 865
2 675 819
1 1232 603
1 1283 1636
2 1941 1186
2 109 1204
2 578 619
1 959 175
1 1668 1395
2 774 891
2 1345 680
2 725 234
1 1341 1864
2 277 936
2 1600 747
1 1004 741
2 649 727
1 1919 1849
1 945 584
1 404 1998
2 238 172
2 122 28
1 76 1913
1 908 1944
1 821 784
2 215 1057
2 305 793
2 1928 1262
2 1926 1903
2 1588 1594
2 1476 1665
1 551 875
2 1379 1277
2 462 1868
1 516 540
1 861 1663
2 1279 1531
1 945 754
1 252 1781
1 1528 847
2 1160 242
2 1882 1722
1 431 912
1 1134 1852
2 670 841
1 1583 1789
1 991 1276
1 353 1309
1 396 1254
2 1908 971
2 209 150
1 643 1826
1 205 423
2 1302 233
2 1843 499
1 346 1357
2 1261 1193
1 485 498
2 398 1934
2 721 1163
2 428 531
1 1513 995
2 69 1677
1 190 1736
1 1072 1723
2 887 454
2 1732 1923
2 437 1172
2 1300 1523
2 61 1354
1 843 96
1 1066 471
1 177 615
2 1384 1538
2 25 732
1 866 1687
1 679 894
1 428 261
2 1635 951
1 451 1962
1 1270 763
1 349 498
1 1554 1722
2 1039 1797
2 1253 286
1 615 1686
1 415 1668
2 1055 1245
1 360 1683
2 303 381
1 1006 35
1 1177 1335
2 1680 3
2 1219 880
2 1632 1997
1 1077 429
2 869 1041
1 146 1279
2 1854 1296
1 268 738
1 212 28
1 174 1197
2 1317 1504
1 701 726
1 1213 415
1 597 1110
2 1975 740
2 642 1475
2 404 1885
1 1372 534
1 1644 1618
2 831 1020
2 934 254
2 873 1990
1 1582 534
1 347 1796
1 544 678
2 371 677
1 131 1855
1 113 483
2 111 223
2 294 1359
2 1166 399
1 754 568
1 1378 893
2 1126 1157
1 1869 56
1 576 745
2 387 1183
1 1872 1813
2 1097 1661
1 358 1230
1 412 124
1 470 1593
2 1004 9
1 898 1258
2 760 1948
2 330 926
2 814 344
1 954 935
1 805 880
2 1638 359
2 1834 1194
2 1779 1472
1 1322 1695
1 1362 246
1 75 1249
1 1953 1098
2 401 855
2 1735 1435
1 394 1504
2 260 1708
1 1204 883
1 1011 1523
2 1425 1194
2 213 528
2 422 1544
1 1383 1919
1 1086 612
1 1273 72
1 280 1226
1 500 806
1 915 1712
2 1093 661
1 699 337
1 1716 1348
2 1568 1452
2 248 810
1 395 1942
2 687 1967
1 988 1266
2 1147 86
2 1568 714
1 227 1970
2 578 951
1 174 1793
1 1939 171
2 542 942
1 1344 1350
2 1862 706
2 1565 459
1 1830 411
2 1987 1948
2 809 65
1 622 225
1 1766 1681
2 1303 944
1 346 352
1 425 1225
1 1802 443
2 983 209
2 91 1521
2 636 1802
1 1886 701
1 1897 180
2 510 1211
1 1692 1826
1 444 195
1 1003 1183
1 1162 322
2 54 1132
1 1345 70
1 1203 1485
1 740 578
2 991 747
2 1789 1649
1 1088 1014
2 926 1125
2 127 1335
2 602 431
1 861 615
2 1196 853
2 822 1055
1 1633 1444
2 229 1790
1 1128 1140
1 856 487
1 1315 1581
2 1099 859
1 320 361
1 1971 1470
1 1904 1779
1 1345 1804
2 1549 189
1 303 833
1 1934 817
2 837 347
2 1724 682
1 932 1713
2 733 894
1 565 1103
2 114 1693
1 1385 252
2 646 448
1 1260 1125
2 859 18
2 124 1549
2 1202 1425
1 1281 1949
2 1983 1092
1 1283 1600
2 1547 1576
1 653 1486
1 1206 1130
1 1390 281
2 1303 762
2 872 930
2 366 1344
1 1806 648
2 912 550
2 1996 347
2 11 1330
1 980 1598
2 1227 1414
2 1817 521
1 1437 1824
1 1182 989
2 23 1491
2 577 1636
1 660 1809
2 1255 764
1 938 1432
2 120 657
1 829 812
1 217 1543
1 1345 339
2 1287 1095
1 252 1926
2 484 1622
2 394 159
2 841 1195
2 1168 1791
2 470 733
2 223 1207
2 880 900
2 1127 1304
2 1545 1285
2 1833 1063
1 669 246
1 205 1222
1 552 1661
1 1274 939
2 1920 1867
2 89 123
2 1418 894
1 800 369
1 448 1487
2 133 1008
1 1474 1725
2 203 132
2 1277 1168
2 424 488
1 1636 30
1 1680 208
1 1490 1452
2 1173 903
2 1683 80
1 1879 1226
2 1633 1483
2 1960 388
2 348 591
1 781 1532
2 1939 576
2 442 626
1 252 1195
1 1407 1319
1 1885 259
2 986 1159
2 941 1566
2 1373 1537
1 72 723
2 109 151
1 633 54
2 1515 419
1 935 1045
1 45 135
1 1796 434
2 1406 1938
1 1008 661
2 297 946
1 745 431
2 1505 1610
2 764 1571
2 738 1361
2 740 1853
1 360 1126
2 1280 73
2 661 1288
2 1903 1154
2 292 168
2 105 1061
1 1903 1057
1 900 672
1 551 1646
1 177 142
1 940 1197
2 1480 292
1 1977 1188
2 1912 1370
1 320 654
1 197 839
2 1064 1676
2 1782 1942
1 1341 76
1 1339 1399
1 148 572
2 1660 1189
1 612 269
2 287 1058
1 90 223
1 1687 1413
2 1749 1027
1 1879 1549
2 1971 1432
2 1014 131
1 725 580
1 1198 1989
1 1693 1191
1 1756 1511
2 1353 144
1 1681 1551
2 672 767
1 929 1991
2 1637 1493
1 1328 400
1 835 1196
2 273 1734
1 593 471
2 976 85
2 1118 671
2 1867 610
2 1401 489
1 1496 258
2 1310 923
1 977 494
1 1867 1715
1 65 137
1 126 898
2 1328 201
2 1621 404
2 1208 1954
1 1627 683
1 704 1973
1 508 1660
1 1308 1646
2 307 1231
2 1080 731
1 1349 201
1 615 663
1 951 1921
1 306 238
2 516 129
2 1750 753
2 1077 143
2 1571 1142
2 488 1218
1 1299 504
1 138 1894
1 769 691
1 435 1290
2 846 1100
1 1618 415
1 720 257
2 770 280
2 1546 1666
2 1676 822
2 1466 1136
2 631 67
1 1822 183
2 17 1830
1 352 786
1 359 524
2 54 1242
2 858 1254
2 1451 1591
2 932 575
1 499 929
2 1781 1354
1 697 1483
1 7 324
1 467 632
1 1297 522
2 876 843
2 1849 617
2 326 639
1 353 1149
2 334 1604
1 1936 292
2 1307 1367
2 337 440
1 1231 1019
1 1741 1664
2 378 1025
1 1054 981
2 664 397
1 1583 1451
2 1316 870
2 1476 1471
1 165 1865
1 1293 1065
1 1867 1846
1 648 317
1 233 1332
1 1864 1127
1 32 421
2 794 92
2 464 576
2 871 614
2 978 1971
1 1722 129
1 1965 1586
2 1215 1021
1 1520 454
2 368 1813
2 884 1921
1 906 1922
1 532 1275
1 1224 1383
2 915 775
2 1658 428
1 177 520
2 1778 1600
2 1503 1078
2 1710 1397
1 1252 243
1 753 615
2 949 33
2 434 566
1 1863 1630
2 35 440
2 382 1002
1 251 1055
2 1950 382
2 1144 245
2 494 1926
2 1352 868
1 1845 1711
2 1806 345
2 1278 1411
2 1440 820
2 498 563
2 1216 1346
2 483 575
1 1182 1483
1 1074 82
2 110 1530
1 360 1890
2 1852 1509
1 1602 1713
2 1981 1948
2 1379 1112
1 1503 341
1 1104 232
2 1479 196
2 1509 1752
2 140 420
1 1248 558
2 1349 1584
1 1551 238
1 1588 1709
2 737 1604
2 885 342
2 1630 166
1 1457 919
1 496 72
1 846 695
2 1809 690
2 25 1497
2 708 483
2 305 513
2 1779 579
2 849 51
1 347 995
1 1498 1947
1 739 545
1 1358 1727
1 1795 855
1 1397 1467
2 99 950
1 105 974
2 396 977
1 29 1167
1 885 1069
2 1853 709
1 880 1975
2 321 1478
1 1137 1327
1 71 1361
1 315 1270
2 758 1595
1 1040 32
2 1340 371
1 1380 338
2 1292 1018
1 323 59
1 1623 1785
2 936 1604
2 561 76
2 1050 1504
1 1417 1933
1 1061 1824
2 1012 436
2 663 946
1 1964 1448
2 729 582
1 423 418
1 492 1900
2 1081 879
1 263 17
1 1352 202
2 1391 1983
2 1616 215
1 1776 215
1 1866 567
2 183 1090
1 429 1043
2 1054 1552
2 1133 1251
1 945 413
2 916 1789
2 207 186
2 64 1914
2 1669 1608
1 655 1572
2 1228 1007
2 674 620
1 51 600
1 181 1351
1 768 1257
1 739 1088
1 371 1363
2 740 77
1 1292 1902
2 616 1597
2 1167 38
2 65 1519
2 239 1587
2 177 1997
1 1291 429
1 713 1350
1 32 674
1 959 714
1 1240 832
1 1801 14
1 308 956
1 1331 843
2 1741 595
2 1351 339
1 1441 1477
2 1746 1992
1 1746 703
1 136 1297
1 1390 534
2 967 1737
2 1452 990
2 684 1559
2 1347 1933
1 999 1171
1 1619 179
1 348 1138
2 675 1578
2 1973 1755
1 816 11
1 1785 1693
1 667 1825
1 350 1960
1 1122 1088
1 1260 602
1 190 304
2 1867 159
2 1823 1317
1 871 119
1 243 1717
2 432 1204
2 1536 1117
2 860 669
2 1198 1487
1 1432 1252
1 1527 358
2 1411 959
2 1282 1833
1 1952 1424
1 1013 711
2 1064 256
2 363 534
2 358 489
2 457 1211
1 1295 116
1 1785 1355
2 377 1594
2 1038 1729
2 859 1033
2 636 1794
1 897 1449
2 1596 1627
1 1801 1201
2 600 211
1 1104 1893
2 136 319
1 1487 879
2 738 1222
2 833 907
1 1753 455
1 582 996
1 713 1668
1 715 1563
1 1861 1049
1 977 1339
2 931 150
2 1690 826
2 1201 1894
2 1901 690
2 1734 826
2 1837 902
1 1950 1650
1 1181 804
2 850 1966
1 56 1585
1 1136 1477
1 101 218
1 1549 1803
1 1416 1944
1 1668 470
1 1846 491
1 254 205
2 1681 371
2 51 1580
2 1188 139
2 901 395
1 318 572
1 475 756
2 1084 1229
1 260 1285
2 1543 1357
1 850 140
2 1721 1388
2 872 516
2 344 1248
1 25 907
1 1696 1222
2 1654 1799
2 112 460
1 822 41
1 59 114
2 1957 858
2 1970 712
1 1989 280
1 1094 998
2 1068 1109
2 16 266
1 1223 720
2 915 197
2 300 258
2 502 1680
2 1532 1887
1 249 1545
1 931 390
2 641 123
2 418 795
1 98 1189
2 1146 413
2 1408 223
1 1871 1379
2 123 1212
1 720 1628
2 232 348
2 1772 811
2 770 346
2 492 136
2 886 174
2 558 325
2 1670 1892
1 893 92
2 580 1232
2 1301 1246
1 1723 808
2 1470 1272
1 1435 692
2 668 97
1 113 811
1 473 1846
2 1049 1219
2 1402 234
1 121 76
2 872 1418
1 357 1416
1 716 1109
2 1346 644
2 143 1596
2 766 1552
2 501 529
1 1652 866
1 596 1656
2 1439 1031
1 708 940
2 1522 63
2 848 1929
1 1393 1179
1 473 572
1 1162 974
1 324 479
1 1092 1458
1 748 1303
2 1753 1803
1 909 928
1 1604 1607
2 1665 312
1 425 1640
1 46 1509
1 1048 1793
1 1155 1775
1 969 1679
2 888 753
1 1085 1117
1 1622 1932
1 994 1406
2 1440 1813
2 1517 1979
1 1789 710
1 563 471
1 683 1048
1 1222 1832
2 1375 11
2 1776 193
2 1427 583
2 69 291
1 1553 1696
1 368 1759
2 847 491
2 1669 1830
1 1906 1563
1 1337 206
1 1261 1131
1 1372 1156
1 1736 806
1 1280 1893
1 1580 843
2 1825 465
1 160 932
2 462 1262
1 279 591
1 787 1953
1 136 777
2 1475 987
2 766 706
1 1829 8
2 823 510
1 611 984
1 933 1660
1 1692 1126
2 509 1849
1 1834 1787
2 828 273
2 949 465
2 1662 905
1 675 1290
2 643 1387
2 1564 120
1 831 409
1 1743 691
2 1525 1562
2 1079 419
1 1628 81
2 282 1280
1 226 586
2 1725 768
2 805 72
1 1573 1034
2 1259 1569
2 1023 449
2 1372 613
2 842 157
2 616 1728
2 1715 925
2 48 353
2 1772 487
2 1073 122
2 1740 72
1 251 1157
2 1795 1358
2 274 23
1 1238 337
2 1119 850
1 250 1160
1 1435 17
2 1786 575
1 954 706
2 615 184
1 127 1290
1 759 1359
1 1536 89
2 1680 874
2 570 975
1 945 841
1 1140 916
2 994 34
2 616 10
2 609 399
2 1132 352
2 1437 555
2 1361 1889
1 1243 1617
1 1646 1156
2 616 260
2 910 1171
1 515 35
1 736 1935
1 1424 492
1 780 499
2 512 1692
2 1896 1855
2 968 220
1 1611 1567
1 1381 568
2 746 1787
2 649 1744
2 858 1600
1 653 849
1 1431 676
2 788 435
2 1019 1850
1 1245 812
1 608 1059
2 172 222
1 1545 420
1 1885 1344
2 1888 837
2 1938 1497
2 89 62
2 647 1676
1 942 1639
1 1072 1204
1 568 1731
2 1954 407
1 478 391
1 355 722
1 671 341
1 552 1284
2 407 93
1 1023 1627
2 4 141
1 709 393
1 1058 1847
1 1035 1908
2 1770 1658
2 1025 1843
1 641 469
2 735 347
2 152 1924
1 1466 1136
2 1797 204
1 258 2000
1 962 1652
2 1149 1702
1 701 1449
2 1886 275
1 1768 688
1 1181 1880
1 1334 285
2 1474 1416
1 386 1462
1 1923 1581
2 443 203
2 1795 246
1 236 549
1 6 519
1 128 1930
2 1194 333
1 1056 1596
2 1172 1210
2 510 319
2 426 986
2 1212 1006
2 513 1955
1 1121 539
1 825 93
2 1896 1518
2 1418 576
2 1318 1440
2 1265 317
2 1910 1682
1 508 839
1 349 1450
1 1495 1289
1 1540 301
1 1336 1060
1 1838 1963
1 210 1374
2 1471 32
1 918 1187
1 372 975
2 1379 1707
1 1482 1011
2 1900 1443
1 1086 100
2 782 805
2 364 64
2 1876 1752
2 279 1516
1 1282 1325
2 1121 1964
1 701 1971
1 1381 986
1 905 401
2 1260 1405
2 603 1878
1 459 618
2 1101 1219
1 1664 463
1 492 1633
2 1762 805
2 327 1488
2 600 923
1 377 1039
2 1085 1448
1 168 717
2 353 1926
1 789 696
1 573 1813
2 844 1517
2 1452 899
1 1465 958
2 923 975
2 1805 1224
2 457 396
1 1531 1567
1 448 839
2 65 848
2 634 1562
1 168 1222
2 580 1880
1 428 1458
2 333 445
1 1851 527
1 1828 88
1 1632 1220
1 319 96
2 1855 410
1 357 1793
2 873 667
2 1207 851
2 1467 790
1 913 408
2 1187 1147
1 1591 1159
2 781 1395
1 1378 1007
1 1118 221
1 423 661
2 1174 1738
1 1484 1110
2 901 1340
1 386 799
1 663 1794
2 1617 1267
1 1361 1798
1 1297 96
2 1415 1647
2 958 1882
1 527 1731
1 1058 1803
2 57 1987
2 347 1554
2 1040 311
2 236 1125
2 887 971
1 1318 1560
2 317 1206
1 1400 1100
1 74 1005
2 238 529
2 222 66
1 985 694
2 474 1334
1 1127 1381
1 1447 465
1 1153 1542
2 646 330
1 1191 54
2 656 9
2 757 1177
1 1101 1168
1 1846 259
1 538 1518
2 853 409
1 1428 1663
2 763 1772
2 903 242
2 1307 725
2 1636 1116
2 156 1203
1 1686 560
1 1382 933
2 1170 212
1 1873 1477
1 1789 994
2 605 685
1 215 560
1 1783 367
1 163 1086
1 1939 1902
2 1824 1634
1 139 811
2 720 1709
2 1457 272
1 501 1389
2 1984 1076
1 731 1582
2 1128 1751
1 1014 1447
2 1856 1053
2 525 1696
2 1812 470
1 1708 71
1 1628 1029
1 481 435
2 975 122
1 1132 286
2 175 325
2 62 405
1 1379 806
1 549 1740
1 522 81
2 1788 563
2 430 956
2 620 1781
2 725 34
2 162 1079
1 1737 1984
2 1881 673
2 277 1229
2 1928 233
2 1684 849
1 1595 1392
2 597 378
1 445 1376
1 591 1630
1 1559 1108
1 1868 269
2 128 421
2 1590 76
2 1178 1670
2 649 1872
1 224 1872
2 1582 1042
1 558 1046
1 763 1847
2 282 692
2 1578 414
1 1194 221
2 1172 1021
2 1090 674
1 821 1083
2 104 1095
2 1841 480
2 448 620
1 494 327
2 837 1178
1 1081 220
2 1666 645
2 535 1190
2 1999 269
1 1889 1416
2 1333 726
1 1907 1169
2 671 1895
2 255 323
2 234 199
1 1437 1566
2 1385 943
2 1569 445
2 1706 898
2 855 1904
2 1854 891
1 456 630
1 1405 1391
1 1298 26
2 149 798
1 1678 1532
2 687 1528
2 957 1384
2 773 328
2 1789 687
2 1383 143
1 1278 1648
2 529 1224
1 790 1627
1 1737 1323
1 1632 1280
1 953 1459
2 727 1482
2 1518 112
2 1240 1230
2 396 564
2 1089 622
2 1589 268
2 456 893
1 1006 1736
2 1905 1547
2 1538 1206
1 1018 596
1 695 290
2 1127 833
1 902 33
1 1117 1424
1 967 540
2 1053 201
1 717 1758
1 421 841
2 1451 1303
1 1153 1580
2 848 143
2 79 1428
1 827 1838
1 680 1256
1 64 1800
1 1464 768
2 1580 141
2 573 253
1 1988 1002
2 94 1543
1 1306 292
2 1653 495
2 758 1960
1 1302 1735
1 214 1856
1 1056 63
1 286 1994
1 1984 1218
1 1235 1810
2 263 1589
1 1118 1720
2 724 829
2 1342 1530
2 1802 1226
2 73 1722
1 559 320
2 1123 1636
2 983 532
2 215 1416
1 241 1955
2 1952 785
2 1839 1712
2 1495 1920
2 389 1649
2 677 1657
1 732 1391
2 789 1840
1 892 511
1 1442 1210
1 1478 1172
1 1905 1024
2 1735 1145
1 284 853
2 763 1776
2 1261 622
2 81 621
1 1039 1963
2 1718 1609
1 819 74
2 682 935
2 1106 205
2 1641 762
2 1081 545
1 1118 1012
1 728 542
2 1784 1052
2 817 1242
1 1517 1597
1 1823 604
2 788 1063
1 494 125
2 1274 779
1 1552 1782
1 81 1278
2 1278 171
1 427 1574
2 1466 1342
1 128 559
1 989 545
2 1230 918
1 272 1480
2 237 895
1 1840 1018
2 167 966
2 1362 493
1 58 1826
1 497 414
1 1514 1913
2 1743 1354
2 1565 899
1 1322 1673
1 530 1036
1 1822 677
1 574 560
1 1034 328
1 1896 544
1 246 1665
2 1768 685
2 968 1139
2 1010 434
2 1964 804
1 465 678
2 1242 1623
2 996 697
1 1289 1495
1 170 532
2 955 126
2 145 1480
2 881 87
1 304 872
1 1622 1336
2 328 1164
1 1220 534
2 1436 1335
2 108 1202
1 1148 968
1 803 1602
2 234 339
1 1181 515
1 1052 282
2 335 430
2 1921 290
2 1057 1770
