2000 2000 2000
196 864 681 1316 658 946 1409 1529 1489 830 1713 1021 1036 1899 1116 359 538 1354 525 938 1298 280 1044 185 1983 743 1436 1054 236 529 397 1720 556 373 1823 446 795 864 904 1302 1575 938 1081 355 1180 1853 1723 986 338 940 1365 1813 87 1503 1540 1111 1779 227 234 1360 1407 1493 548 1473 1680 1300 1982 129 434 144 1982 632 830 1705 1991 1384 517 1183 940 1857 438 521 1750 1242 1569 1764 860 1240 348 1748 1085 846 205 420 427 372 1151 1584 1427 1806 602 1625 1240 616 1315 213 359 1721 567 1927 834 408 173 1997 626 1666 1237 1195 645 1678 1360 900 431 95 1815 936 540 416 1271 762 1647 1051 1059 1077 1644 1441 104 1064 1553 261 19 1497 277 1202 128 1552 127 540 197 1484 24 1293 110 1347 1058 1978 1930 493 1813 16 1725 504 1540 1606 284 1693 668 468 324 83 730 999 1677 1428 384 1840 1334 853 1362 455 1703 660 1156 754 1173 782 1916 280 1044 1569 1957 308 620 969 877 325 94 267 201 183 653 390 1727 1857 894 442 1372 1855 1641 1639 1369 279 89 675 766 1128 332 244 1402 1211 614 963 1581 1652 944 1907 1561 1980 682 1411 1877 1760 259 512 1982 1030 1774 1474 757 1387 1069 1239 1352 1018 1742 915 484 462 48 544 1762 596 426 1250 1596 193 12 1509 1758 608 1839 1291 343 1474 1994 1225 589 1308 1124 1644 775 1324 266 1294 561 478 1373 1672 122 1570 795 1625 1057 200 668 1334 782 175 823 1679 1840 615 1410 1539 421 1952 1761 437 1291 1920 1072 356 912 372 1928 321 830 948 1687 332 919 760 1401 1030 1786 1991 706 928 1430 1599 200 430 385 1991 1890 1313 1675 1229 852 301 671 1764 1602 675 1656 234 1012 374 75 1721 1969 708 416 23 793 518 1843 1422 1603 1175 1504 159 216 397 303 963 54 1747 560 604 1949 1987 1585 995 1625 1308 1129 438 1635 1747 1364 457 81 1796 1755 1460 1232 1130 1086 1373 1577 179 1343 1622 1295 1356 1462 1711 1202 953 1156 769 1164 699 1583 125 1971 912 1535 1992 1049 868 1208 1529 1843 894 185 1391 1797 3 188 1987 1631 1079 267 395 1242 1572 673 1326 1501 1855 1806 1137 51 1404 1693 1996 777 421 526 799 864 153 673 1947 840 1989 1373 1420 657 131 261 1205 1488 643 1353 1662 230 1666 1726 83 112 32 1070 1965 609 238 890 1890 284 1959 1214 408 511 1077 434 1734 1230 669 89 71 1605 1502 1872 926 267 589 958 820 1243 1205 728 1130 42 1723 1203 1466 894 429 1695 1231 813 279 1670 149 1293 1014 1372 203 1013 665 1948 1529 602 1434 553 1740 1881 366 1007 785 545 598 237 1003 1506 692 926 1274 1405 1189 1867 1052 1117 1202 1135 276 777 1915 598 399 266 1179 439 1072 1239 226 1127 183 468 1430 237 1945 216 22 176 589 1616 253 1398 1038 667 462 385 1470 284 1698 1301 1486 1127 1219 132 252 1688 1160 1213 273 802 1227 1667 1030 1809 1535 1575 834 451 1526 575 685 1779 1004 34 1944 1734 1490 1006 1751 1068 1625 234 740 1793 1512 1578 149 1901 1622 438 1453 1549 1130 975 291 1702 1776 1021 1593 1441 1192 26 510 1371 1638 306 376 320 1117 1185 321 176 830 1946 908 1915 1371 1425 1651 1504 1894 1070 605 185 1049 380 1400 668 327 360 1423 1686 1149 1585 529 1601 378 1207 1907 504 503 472 591 1853 227 520 1764 845 1982 1042 1021 759 1310 1801 1220 127 1603 1666 1955 1746 675 1661 1874 1266 159 481 1806 72 1214 402 1540 64 404 732 754 224 1402 44 632 863 496 1592 57 109 1095 744 717 1645 204 626 30 1584 1757 883 1474 1582 812 34 940 1334 1776 1933 1511 825 1658 175 789 117 1289 656 790 1597 672 1567 1407 422 1284 284 497 639 1375 965 338 1750 569 1725 85 1283 1498 1543 609 1023 1813 1142 255 1684 81 446 195 1983 6 22 1231 1430 1269 1241 1202 1423 1275 1843 1859 151 1400 1922 485 427 90 1104 546 1442 537 1800 1754 1410 807 1373 963 303 446 364 784 363 177 961 167 1794 1542 1702 932 1852 491 1853 1670 1580 878 264 421 1902 439 1572 284 494 930 773 1987 484 552 1389 1809 1959 798 1585 227 105 1551 1616 274 711 462 1054 1501 1433 225 1572 1839 58 1150 453 1021 1319 54 210 1064 1638 1232 324 208 1024 1707 1022 880 532 516 282 682 1172 1621 1078 218 132 529 1368 1424 1422 1542 511 1377 270 98 966 1721 412 1399 1857 1511 498 178 1459 227 258 1992 456 508 320 1170 1868 52 557 1880 1192 688 1876 292 1727 468 1734 750 1038 296 1638 1100 934 1625 173 1366 135 692 1932 1613 1939 30 954 1945 756 836 92 1794 415 685 953 238 1608 12 577 189 28 1674 1710 240 144 1091 1896 1520 782 1375 1018 1273 404 266 977 1589 1322 154 755 1865 1216 1071 1754 377 577 1024 420 759 28 1572 151 1493 1372 1159 14 666 1014 1192 206 1840 1946 1336 745 1158 1970 130 828 197 1462 1724 1720 1698 1611 1356 64 230 1660 390 675 591 752 1013 1030 763 289 833 1663 1454 1549 550 201 306 1902 460 1526 701 1247 887 811 1041 1890 127 1828 270 1795 1523 1881 1608 595 1947 193 363 1777 827 1291 1281 468 1661 303 1469 235 1851 1337 700 828 656 690 326 214 461 578 46 543 89 264 1501 1963 1605 1822 1718 1615 978 656 1843 1130 860 1700 1857 1909 1237 338 1753 416 1861 398 1713 916 1326 1242 862 1724 1746 1088 1622 1441 53 1179 175 1593 1859 364 927 1961 1819 447 485 1463 1570 1518 1749 107 1509 17 527 1920 1210 1927 336 1539 1397 505 1997 39 481 19 632 958 1482 1986 175 401 1867 1868 343 406 976 887 1518 502 1944 1669 638 172 1774 484 167 1207 1838 293 1210 1078 575 1675 742 1108 740 1683 1047 518 581 464 1179 1655 1364 225 604 1998 289 1049 1211 1553 299 4 154 1949 1952 1570 376 728 1651 1733 812 1575 926 1593 905 1969 1762 1786 604 1849 1538 1978 1874 1758 576 1452 1312 1470 1750 849 1303 1298 366 1952 1645 1150 1686 1067 297 1774 1130 1760 1978 977 1320 1940 1724 491 1314 1109 1762 1191 863 1896 1936 406 1630 1382 1130 1567 1150 157 19 1115 301 1331 298 17 1531 1007 131 366 906 1036 1119 1727 1987 1154 886 399 905 493 572 963 1515 1298 656 1274 1815 1356 1229 364 1705 1496 1586 1726 1407 1863 329 1905 1141 663 472 712 631 639 387 1834 261 1636 647 259 1425 882 1624 1211 349 14 793 86 991 1717 1406 170 335 652 540 1444 1193 1881 376 1273 1229 422 1868 1992 1173 785 1215 1288 1754 400 697 225 297 1581 298 874 1735 1847 1696 148 1796 429 701 1350 1243 1256 1958 233 1880 1204 329 58 189 553 727 905 800 166 1150 456 30 630 290 61 291 1067 524 264 466 658 1431 700 953 193 576 106 380 504 1555 1958 1038 1571 60 966 897 531 1014 329 1894 668 38 745 1388 999 28 744 638 14 932 323 314 1613 948 995 1477 862 519 1710 376 518 1402 699 1273 839 1215 1631 1498 1784 1748 24 40 1755 1 1176 1995 846 1099 432 640 1622 502 1314 375 1236 1854 1827 366 1409 1422 1305 2000 1736 1584 959 1728 1397 1464 1812 1051 1985 255 1606 1987 83 1557 1343 1386 202 1655 660 129 1027 1585 147 1340 1093 40 1932 1722 1843 359 1355 704 1319 962 1160 1748 1449 1779 608 1453 159 1859 1957 1144 1747 527 1937 1304 809 1746 1379 353 1077 1040 532 1791 1741 516 1666 782 24 422 749 292 945 22 1266 43 222 963 1538 1721 1105 1505 991 1028 1772 387 927 974 20 1583 1845 1915 1505 724 297 114 596 681 22 1901 1930 1857 1651 867 1135 953 380 1469 726 1067 1340 1118 1818 358 215 1376 519 880 887 738 1938 6 1445 638 276 1673 1487 1615 907 461 1108 45 1645 213 407 1687 20 1124 218 453 1335 1954 1787 711 572 182 690 1809 1469 102 362 75 1766 353 976 5 1488 1464 886 1787 820 1424 900 1101 344 919 1601 1994 1811 1402 1412 1433 53 902 1555 511 640 468 1501 25 264 1193 645 1567 1209 563 147 268 1783 1364 1426 743 653 1690 1210 407 23 945 758 1124 1459 1661 241 1419 1505 1934 244 269 991 1236 1940 485 450 1849 949 1592 841 1207 1203 429 457 491 1673 1056 1722 1835 1986 289 633 1132 64 131 1168 1480 556 762 852 979 1214 390 946 1029 1368 1854 1518 1283 1510 503 363 1502 740 1613 1293 406 1340 1212 1703 1897 1351 205 1839 1567 240 1922 787 1783 866 1766 1662 1082 1817 1322 1414 1168 1686 1934 1705 1681 1742 1976 1659 329 670 282 390 442 630 511 327 489 688 1853 1392 1872 1739 1688 1465 725 1794 953 999 1894 1192 1916 201 499 636 1060 781 1669 1269 1954 915 1239 846 83 1042 1108 389 953 791 1961 852 746 963 1397 172 54 1761 1243 1881 786 819 1553 1930 83 1282 962 1487 290 1067 1509 1081 672 497 1852 928 1982 1821 1397 187 126 883 366 512 1281 33 369 1090 1070 475 975 793 20 1050 366 1070 276 591 1128 746 575 1133 945 245 240 762 871 701 1321 45 711 1064 1698 1991 1746 725 174 358 586 1154 667 1370 501 1345 1460 1149 769 577 824 1727 1733 1509 391 1797 820 1038 227 1839 32 694 446 1317 1924 1220 1455 370 489 1418 1008 1025 46 1444 1277 1999 1948 277 1216 1024 1370 89 999 1465 1073 445 1692 823 1647 178 237 1638 979 1435 1687 1192 1916 387 447 340 375 1768 1995 1630 1156 853 1641 1770 1008 978 1019 1537 87 11 80 559 360 1901 575 1081 846 1194 1819 757 1505 1713 1657 978 370 57 1375 489 1723 1402 1302 384 1910 1151 740 1797 324 948 442 1557 1220 519 1950 286 1631 1281 1237 1990 375 1384 1717 1781 1287 502 1168 993 634 1833 167 979 557 1343 1630 532 667 1621 742 1916 1276 657 639 994 1739 106 1440 1880 1681 1997 1433 1787 1241 1812 306 657 973 544 1744 822 1609 805 601 301 733 540 1880 637 1745 133 1940 1589 913 201 1755 823 1077 1106 1194 897 1893 207 1754 746 642 426 245 812 481 690 258 1345 1412 1095 895 1959 475 208 85 690 403 1630 1304 252 1290 1104 1711 325 1965 1453 1021 1491 1928 1823 1005 545 1435 1418 1603 1045 1004 643 1204 1585 1501 1350 481 1995 1291 427 1779 1491 1876 1818 1360 925 1005 14 1022
340 1922 623 1759 1002 1044 832 73 981 557 572 1827 733 1190 1872 392 1259 961 1983 819 217 327 363 775 833 1875 1963 1933 865 49 776 838 229 1849 1215 992 474 1051 1911 526 334 1060 1329 1362 533 599 969 1227 193 373 1634 639 1816 430 1592 1715 596 1751 830 381 248 75 463 1487 1621 1932 1013 1352 1354 1560 1727 45 1954 697 205 886 539 150 1115 1579 666 104 1036 1290 14 1688 1284 1186 414 1858 547 320 1693 984 1689 283 1812 1208 1587 241 59 1253 982 846 111 1957 1906 1504 1256 1876 152 1033 859 1236 1941 1865 875 397 1929 1761 729 598 652 1084 1780 1330 1671 1572 976 947 1199 1065 1169 1726 351 1174 11 1904 724 415 1825 1189 1006 431 1463 1159 95 1206 513 640 601 1468 1804 816 1628 1414 1482 282 799 256 141 1700 550 772 965 1844 1058 752 559 400 644 712 1185 1607 198 319 534 1676 1696 471 1894 634 1008 1999 326 1535 1377 103 143 1157 1903 1410 815 47 1838 1644 1120 1171 807 245 1371 1545 505 288 1369 378 929 716 1274 1764 286 1363 1814 483 188 1980 626 1606 394 696 118 1912 1315 1808 805 709 1742 1656 358 224 1551 416 1232 1488 1622 1116 1413 1735 1648 458 1346 1730 1062 1842 377 718 174 887 747 237 316 56 597 1334 811 675 679 1806 165 51 1556 1268 13 411 688 1754 1772 266 605 1327 957 1300 1100 1777 1897 1862 1388 771 470 1364 668 1555 1086 1753 1683 937 391 825 955 1525 770 1704 613 624 342 1246 1435 737 72 1113 727 1722 569 457 1817 182 641 1158 1752 1769 1338 669 643 1383 621 905 1763 619 440 1285 1231 1678 1986 1423 38 1925 817 285 993 1024 1205 1387 743 928 1746 1659 1956 498 1643 1380 1870 1288 582 1088 1161 1971 824 1072 658 1035 382 147 1958 1207 1101 997 22 738 1633 765 1852 730 610 848 803 255 1465 403 1660 1140 1585 1221 1047 1376 615 1552 710 1649 960 376 1039 1408 300 1614 1927 1082 218 368 1707 1995 308 889 31 1081 61 1433 345 1431 1891 862 837 1624 82 461 1505 1539 1527 1003 406 277 1339 1602 220 203 840 1079 1225 1448 800 348 443 5 153 748 260 380 510 1063 1798 221 1304 130 1479 215 562 1442 375 91 324 1843 1170 664 1445 1562 303 1405 1829 1067 1196 1258 1209 1025 1491 468 954 294 1104 26 1720 732 102 1477 140 1043 97 903 1305 1397 116 121 1874 1631 1497 852 139 437 253 1549 1670 86 1356 827 330 1184 249 1797 1394 1871 855 1103 39 1137 1023 831 994 1411 478 705 1059 1353 170 699 1613 793 1544 551 516 570 1949 522 267 1446 421 1004 487 995 448 129 1451 1192 408 589 1421 1974 844 133 1741 1967 1125 1242 593 1857 254 210 1577 1518 524 161 866 259 1586 1251 563 672 813 199 797 92 1415 183 1163 654 425 197 395 1701 740 739 545 552 390 98 1110 1531 405 100 1266 1960 1655 1155 278 1668 1757 814 1725 1990 541 1584 1571 1507 1977 187 1839 1234 651 611 490 1076 1550 465 1148 1517 258 1788 1819 560 701 386 1685 445 763 1046 1803 196 1536 564 155 63 537 650 1307 1114 479 1201 1250 951 1534 1738 1782 1450 60 1456 1119 683 1713 649 1486 1296 1444 353 477 1705 128 1085 1299 1472 607 588 1883 1771 1226 485 1733 154 1582 1588 518 1418 1968 1626 1512 1040 1965 1930 773 1053 1583 1316 1719 950 1526 243 1188 674 1987 927 1074 357 1470 85 1443 1193 101 1697 1877 280 1994 915 1343 808 1167 1619 525 476 313 52 1214 1913 94 1420 1332 970 1567 847 876 706 1461 764 1055 1951 1245 1597 820 877 70 768 966 115 311 1542 506 1541 1437 1931 536 962 673 347 1124 678 1249 264 802 1342 1262 1895 873 1182 549 1810 585 1133 1357 158 790 447 1123 735 1165 1948 532 1359 112 1141 317 110 1756 1173 986 157 1758 648 1135 1880 1265 393 1664 54 909 1277 991 230 756 312 988 384 1218 842 1608 1106 1645 667 78 134 749 1627 1638 845 908 1056 223 1493 119 1263 1198 1822 1384 826 949 983 1306 186 714 1561 881 1824 1213 1669 711 1520 1089 1308 1317 1077 314 1417 1090 538 1449 1612 1434 172 1749 618 1593 682 741 1211 1314 337 1501 293 1940 918 1523 1548 273 766 90 1419 1760 527 935 923 189 1563 1496 906 1037 1996 1675 754 1181 1385 302 1432 926 1641 514 517 892 1014 1795 606 274 175 1012 554 1291 1217 1041 1657 1991 594 1099 972 1112 1566 37 1029 761 725 1557 884 1151 1200 226 561 383 700 1616 657 135 1568 888 952 885 1344 1042 1049 1478 503 1160 1142 1578 1235 144 1094 1595 548 1836 247 1349 1745 1900 1365 1395 1783 1846 1000 1823 1176 323 662 1907 1786 297 1580 806 1533 774 653 1402 105 1740 304 1770 1833 88 1748 295 1052 453 1530 1935 451 1899 1721 867 1709 1799 987 138 604 868 145 665 1510 1373 686 491 35 1809 990 933 575 508 1480 1743 1969 565 364 723 1637 362 1747 1861 1404 1522 201 207 507 587 2 219 1939 495 568 108 1729 1425 126 1997 635 975 850 782 1603 731 580 48 171 1792 941 755 631 321 1724 446 1038 930 1654 882 366 1279 1581 160 272 515 959 1687 1401 1834 396 1959 870 407 1399 1223 1093 586 467 132 208 151 1015 1105 1762 856 897 1710 944 268 964 1098 1529 1639 233 124 1247 1483 1146 1853 120 346 1390 53 528 1917 1070 454 728 784 1677 289 916 713 694 496 257 628 1744 1017 1162 1009 1430 1426 484 1020 953 1953 1679 1985 1640 426 367 577 352 18 244 1652 1073 1391 419 455 1500 1153 1832 413 240 1793 1144 84 398 369 206 1776 301 1282 783 276 934 529 1589 180 1978 1717 1882 638 1428 1519 556 1886 1945 1774 1021 655 1117 778 1781 1779 1 787 907 169 20 794 1458 1674 590 57 1569 779 466 967 1475 339 616 1331 333 1407 1312 1867 459 1711 1599 1863 429 919 1513 1565 968 1240 540 1646 1921 542 595 1869 1712 332 656 1667 1379 792 1961 291 55 1502 1372 1860 265 720 692 1642 424 690 698 43 1716 851 1609 387 684 10 1441 788 1396 159 298 1138 1311 1708 1828 939 1982 1194 1154 1775 122 204 1026 1815 891 1498 1183 1540 1439 1220 878 156 191 1591 202 1462 758 212 1615 1340 7 963 17 1381 1820 663 1630 23 1736 742 1271 149 753 456 1618 318 1881 315 1989 632 209 1796 246 1970 412 1203 27 306 573 1768 660 780 1928 125 1400 511 608 1947 136 1309 275 410 1378 1755 1068 839 1177 1981 1318 499 114 309 401 1601 1508 79 1429 791 355 566 932 1841 1360 287 372 225 980 1801 1714 1851 1452 178 1453 1979 1168 1723 1276 893 789 899 1699 1694 1570 1393 359 1765 1484 745 1474 434 1412 1734 1847 583 1091 96 512 385 1673 250 1295 331 1703 475 901 781 546 127 1811 1866 810 420 1321 388 500 1604 890 523 920 1650 1938 1537 336 898 216 1244 1854 1229 1389 1127 1665 1095 1424 1345 117 338 1732 1916 322 896 974 1924 1476 938 1558 1826 1187 176 1934 751 1802 1547 1150 1896 1358 579 1492 1576 1019 612 521 1392 83 62 759 1032 1813 614 1272 1546 1328 1347 1257 284 1118 1109 1984 1050 262 1335 350 290 279 812 921 1325 786 900 769 1237 1355 1252 1368 600 329 1564 504 871 1773 1224 1805 1216 242 8 1320 489 349 433 402 1509 1600 1152 251 1034 1647 214 1001 1494 46 744 553 177 328 480 796 1466 734 1134 1623 1605 702 99 1952 1993 691 1962 270 42 435 785 4 989 1255 1702 1145 292 828 1322 1131 1028 1464 1976 1848 1884 93 1966 1594 1573 1850 1663 106 973 1454 1087 460 1666 864 1027 860 1598 857 236 69 836 1264 1294 6 404 34 904 777 1122 1164 344 680 341 3 1489 1273 1695 1905 1635 979 1092 1692 1831 1942 1011 472 1054 501 1459 1136 519 113 1126 1785 1684 1766 1936 1061 1102 911 231 531 299 2000 67 379 1887 1230 432 1351 1682 192 462 1337 1241 1681 481 1661 1739 821 1868 1794 1278 670 1260 1908 71 1485 1374 1361 76 439 1281 721 922 371 762 809 1856 687 530 1625 1543 1943 1121 971 636 1238 841 107 1790 1270 239 422 574 310 1955 235 418 1406 1892 77 1898 66 30 1830 622 473 1837 818 1950 1575 450 343 32 1672 1918 1367 44 535 1096 1988 261 234 1280 1219 1301 1632 1275 452 1658 1180 1045 296 1048 942 1460 365 1596 281 252 746 1179 1248 1926 1490 1890 16 609 1333 263 543 1310 1005 1293 1455 1080 1889 985 1128 910 1166 571 438 269 1706 1398 931 591 442 956 131 671 704 1440 1878 1366 1789 354 1662 592 1007 179 441 361 15 123 1471 708 68 109 1075 1778 945 795 835 625 389 715 1885 642 449 1528 874 194 880 1946 1879 1521 854 399 1514 879 940 1532 1629 64 335 1147 1691 1403 685 1919 1457 1909 25 167 497 1590 1467 1069 1964 307 661 948 1835 181 1975 1499 834 36 853 1313 1202 28 1495 1175 1821 1481 1016 1620 58 1071 1222 232 185 1937 1901 1097 925 1267 872 1610 271 1511 87 200 50 858 681 1436 620 647 719 863 646 617 162 1845 190 894 629 1972 576 936 213 1178 325 1370 1350 1718 1228 917 228 1910 1791 65 494 1690 1553 1888 1269 1283 544 1197 645 912 1915 707 1902 1920 1653 238 1554 1416 693 1473 1156 1018 1022 1298 1382 1438 1515 1129 1737 444 1239 493 81 1149 1914 1107 1559 578 1323 486 1524 603 1807 1636 1992 1944 1302 555 74 689 164 1427 1326 1574 637 1859 222 428 798 558 843 184 767 1064 1132 633 627 1447 195 676 1297 1873 1319 1292 1893 305 12 978 1172 567 40 1233 1409 417 717 1973 370 977 1336 464 1611 168 24 757 913 509 146 148 869 1469 1286 695 166 469 1698 1212 1348 883 1031 19 1386 958 360 482 436 1057 423 924 822 895 630 902 1998 829 1111 602 374 703 1767 946 427 1261 1210 502 1800 1516 80 760 1083 41 1130 1787 520 227 861 1818 584 1784 1680 1923 581 1195 1078 998 943 173 1750 89 1506 9 996 1375 1303 1066 1030 659 1538 914 1324 1728 726 1243 1503 142 211 1341 1010 1651 409 33 1254 137 1204 492 677 750 29 163 804 849 1422 722 1686 823 1864 21 356 1143 1855 1840 488 736 1139 1191 1289 1617 801 1287 1731 1108 999
2 1820 210
1 309 211
1 1748 1786
1 1081 1438
1 1504 85
2 1212 1224
1 478 1393
2 920 40
1 920 1251
2 1576 937
2 1302 1884
2 80 1070
2 1724 1811
1 1329 1491
1 1889 1673
1 530 869
1 858 1430
2 712 1912
2 181 790
1 361 786
1 903 672
1 1489 1027
2 290 1209
1 336 458
2 1834 1835
2 929 1505
2 524 402
2 651 1836
1 463 113
1 1965 1573
1 1323 1179
2 1006 1443
1 158 560
2 668 980
2 1568 1034
2 1771 162
1 1180 128
1 236 1932
2 55 498
1 130 655
2 1622 833
1 200 881
1 1665 502
2 1050 1936
1 1413 584
1 1759 813
2 429 1136
1 1560 401
1 189 1697
2 1672 1711
2 720 1992
2 864 891
1 1254 508
1 141 177
2 396 1334
2 1070 1211
1 1604 982
2 540 1635
2 1036 1842
1 1845 760
1 1147 1808
1 84 1529
1 1572 310
2 1832 1925
2 1172 432
1 397 1883
1 1197 1558
2 723 676
1 783 1850
2 1057 337
1 401 430
1 1175 280
2 400 211
1 96 455
2 605 29
1 120 1542
2 215 1307
2 1119 975
1 1660 55
2 1065 1549
2 985 1788
2 1621 812
2 1946 835
1 1514 587
1 1713 451
2 18 1531
2 1479 1031
1 360 1381
2 1683 806
1 1216 711
1 602 616
1 631 1990
1 1998 332
2 1320 490
1 1164 1953
2 1618 1005
1 1196 968
2 1337 1740
2 597 1665
2 1453 1370
1 1730 814
1 39 860
1 1271 1305
2 740 823
1 1854 741
2 230 816
1 1210 1602
2 401 1321
1 1115 1764
1 1517 1136
2 1569 1757
1 999 1858
2 829 986
1 1963 512
1 1459 779
2 1382 1123
2 916 4
2 1236 378
1 1277 109
2 1530 1479
1 906 220
1 852 67
1 1414 1244
2 1307 1942
1 824 311
2 1390 857
2 461 543
1 1844 1000
2 726 1456
2 472 629
1 1957 56
2 721 1047
1 1109 621
1 1615 536
2 1100 47
1 1472 1235
1 787 1032
1 1944 899
1 1673 1134
1 5 1291
2 1031 1013
1 960 1708
2 867 805
1 1922 1901
2 1200 931
1 1088 965
2 1546 291
1 1089 1159
1 728 1379
1 89 1433
1 1736 711
1 986 1837
1 999 724
1 350 1983
1 1312 621
2 642 1322
2 1321 928
1 22 641
1 1729 1632
2 642 510
1 1224 1958
1 1421 699
2 403 879
1 639 662
2 514 34
2 213 1186
1 100 1631
2 1597 1164
1 1573 1171
1 200 294
2 492 1793
1 1642 601
1 1569 407
1 460 1333
2 894 1449
1 1702 1838
2 1139 985
2 127 1852
2 1049 1185
2 1885 1755
2 729 384
2 1856 249
2 111 1742
1 1967 569
2 1415 751
2 146 779
2 1573 356
2 71 769
1 1754 1602
1 529 366
2 656 747
1 473 52
2 545 1167
1 705 1366
2 1556 701
2 1460 1208
1 1610 173
1 1322 1166
1 809 1
1 1788 1934
1 861 853
2 508 1039
1 1553 806
2 53 681
2 798 865
2 110 230
2 1275 1720
1 1138 853
1 63 1693
2 621 767
2 522 1797
2 278 1270
1 1954 1441
2 163 302
1 1999 744
2 211 482
2 1019 1115
2 1716 1059
1 776 1298
1 958 1489
1 1791 1376
1 1231 1631
2 525 662
2 1521 63
1 1025 549
2 27 454
2 1597 1540
1 1613 1864
1 1463 456
2 1454 109
2 1983 420
1 772 1283
2 1097 1171
2 1407 1348
1 345 1122
2 31 1110
1 763 1907
2 994 1521
1 1372 438
2 719 113
2 1600 471
2 176 1002
1 503 1336
2 1441 306
2 350 553
1 661 1416
2 694 659
2 1097 822
1 1457 439
2 400 751
1 1199 1038
2 395 1590
2 1035 1029
2 777 498
2 458 600
2 182 1528
1 1668 521
2 1223 1575
1 464 257
1 200 1530
2 311 1574
2 1275 1726
1 1356 1044
1 167 1451
2 1993 1959
1 1922 393
2 42 678
1 568 978
2 1182 875
2 1277 1375
2 494 11
1 1175 1014
1 811 73
1 318 1361
2 1857 87
2 415 443
1 1584 866
2 1439 825
1 1462 190
2 1161 1715
1 702 44
2 991 1853
2 1 707
1 1465 65
1 1266 1853
2 499 1296
1 29 172
1 1259 1373
2 965 1714
2 1434 770
2 605 25
2 885 1940
1 511 967
1 1735 1430
1 1589 19
1 1489 1737
1 1689 1288
1 851 939
2 1551 827
2 63 1299
2 1069 1898
1 1753 1102
2 191 306
2 1815 289
2 1956 719
1 1674 125
2 1543 948
1 727 1124
2 696 1734
1 560 1178
2 1480 119
1 1867 469
2 954 236
1 1656 910
1 1621 1893
2 1888 1549
1 1748 376
1 343 310
1 280 733
1 1180 853
1 27 1176
1 830 130
1 385 388
2 472 1189
2 607 428
1 275 1853
2 1976 1722
2 1997 164
2 137 1199
2 1658 1068
2 892 190
2 126 215
1 722 82
2 882 780
1 1766 948
1 354 1307
2 1695 1861
1 1916 1626
1 1476 477
1 1198 1385
1 175 797
2 1120 1553
1 176 824
1 1095 339
2 480 1310
2 924 1236
2 1056 1470
2 1403 1372
2 311 111
1 1236 180
2 687 1863
2 1754 753
2 1786 444
1 1720 1614
1 432 414
1 1653 669
2 1721 872
1 259 91
2 530 1602
1 1355 1832
2 824 1172
2 1691 1977
2 541 1973
1 812 305
1 1973 1078
1 390 1514
1 380 384
2 659 693
2 762 92
1 998 920
1 779 392
2 951 513
2 1276 1067
2 1356 1309
2 615 1332
1 773 1158
2 646 747
1 282 1865
2 845 1558
1 1093 1175
1 1602 329
2 1108 1987
1 1224 362
1 506 1317
1 521 1215
2 567 1841
1 673 1521
1 835 755
2 268 649
2 1200 85
1 1056 1981
1 1173 781
1 1845 1683
2 1572 663
2 77 1059
1 520 774
2 1807 1340
2 367 1509
1 813 1761
2 844 1128
1 861 1945
2 324 204
1 121 653
1 1262 1739
1 1601 858
2 1877 1550
2 477 957
2 1383 1702
1 295 669
1 1480 292
1 951 1915
2 3 1622
2 681 1143
1 454 325
2 649 923
1 1867 991
2 1062 1563
1 1848 1280
1 1056 1627
1 1616 402
2 78 1100
1 410 1186
2 1484 1430
2 446 1055
2 1989 1000
1 1042 1535
1 109 1155
2 193 979
1 979 1925
1 92 1220
2 1152 1649
2 1509 1922
1 1177 1606
2 46 1080
1 142 1525
1 1556 928
1 266 566
1 136 208
2 908 382
2 1658 1674
2 655 279
1 351 247
2 99 1050
2 774 1440
1 518 1394
2 66 180
2 1355 574
2 386 581
1 93 1458
1 580 339
1 789 1544
1 882 1284
2 859 998
1 165 1057
1 755 348
1 412 486
1 1415 1231
1 1694 1636
2 536 1154
2 485 1359
1 101 520
2 1100 1249
2 1477 1031
2 1346 58
2 873 47
2 702 1833
1 892 1936
1 812 1672
1 801 162
2 1043 1043
2 805 458
2 1938 836
1 171 1835
2 40 910
1 437 1945
1 304 1280
1 1473 786
1 1595 1367
1 386 717
2 1343 898
1 818 1306
2 401 675
1 343 1633
2 1183 1813
1 1284 1640
1 1015 1870
1 1409 1991
2 553 300
2 120 961
2 1714 1345
2 675 1514
2 1838 929
1 1943 681
1 1384 1613
2 545 1060
1 109 309
2 523 1648
2 748 1311
2 501 562
2 462 673
1 1480 8
2 1381 1432
2 1308 1983
1 609 856
1 318 264
1 963 1872
2 1025 687
1 402 1333
1 39 1811
2 990 1350
1 605 555
2 527 1497
1 79 362
1 672 521
1 49 1295
2 1663 1512
1 526 266
2 1314 1265
1 771 112
2 1380 1587
1 1644 1078
2 1583 201
1 1640 740
2 1071 303
2 919 439
1 1226 597
2 991 1676
2 597 798
1 1840 1010
2 147 452
1 1470 1105
1 949 633
2 513 1431
1 202 192
2 1504 822
1 545 339
1 1287 167
2 1341 736
1 1532 395
1 1679 1716
2 1441 1040
2 90 210
1 25 873
2 1670 1133
2 246 13
1 1425 1443
1 1454 1006
1 633 1890
2 532 639
2 144 652
2 222 267
1 405 1465
2 475 1282
1 908 578
2 1817 1742
1 925 486
1 1704 937
1 1017 646
1 1068 650
1 875 350
2 1739 1673
1 710 989
1 1126 1734
2 288 1437
2 1597 963
2 1261 779
1 668 1312
1 1009 731
2 919 1231
2 1114 1434
1 401 1022
2 1789 895
1 1945 1804
2 963 641
2 1537 808
1 1345 161
1 755 1185
2 1033 981
2 1028 551
1 336 55
2 1091 569
1 1507 706
1 1050 251
2 658 711
1 769 513
1 631 1833
2 232 76
2 1836 232
2 1705 646
1 662 972
2 1170 250
1 491 356
2 475 1761
1 186 78
2 409 267
1 1559 692
1 41 613
1 738 684
1 1690 1934
2 690 631
2 1359 650
1 1332 1503
2 1404 356
2 1178 1072
2 238 800
1 870 267
1 1172 761
2 1924 1097
1 964 1176
1 1623 632
1 1303 340
1 1049 440
1 849 154
1 692 1343
2 1614 478
1 934 813
2 561 1733
2 1660 424
1 104 1507
1 1578 1757
2 778 768
1 1923 1539
2 1766 1408
2 1448 788
1 760 1375
2 1098 1654
2 1268 602
1 1370 968
1 1302 356
1 156 1737
1 1963 1907
1 1825 1819
2 1627 467
2 238 321
1 638 1948
1 1805 1203
2 689 1864
1 180 914
2 1955 255
2 1089 253
2 560 639
1 1750 358
1 921 134
2 1545 1273
2 1553 834
1 872 1219
2 1700 1515
1 1321 275
1 1279 1706
1 937 1192
1 435 775
1 490 179
2 1284 484
1 288 280
1 1910 378
2 1495 466
1 1654 961
1 1027 1726
1 1340 1587
2 1854 1671
2 997 1668
1 661 1284
2 507 655
2 1940 577
1 417 1660
2 1395 351
1 350 1555
1 349 1625
2 462 1257
1 1998 376
2 1178 1675
1 131 1356
1 51 314
2 1244 1350
1 1864 944
2 1603 838
1 324 833
1 6 184
2 1968 1259
2 1000 1795
1 103 651
1 1977 1683
2 778 606
2 649 837
1 1694 938
2 1425 1050
1 1001 790
2 1887 1519
1 34 1241
2 983 166
2 325 363
2 1904 458
2 1226 870
2 146 661
2 611 935
2 1789 1869
2 1280 1743
2 191 312
2 753 1633
2 1431 1506
2 1877 1396
1 1052 375
1 520 1754
1 619 1176
2 671 1397
1 750 1115
2 1422 1930
2 1232 127
2 229 878
1 436 583
1 835 595
2 117 721
1 684 246
1 522 1344
1 1802 1192
1 12 464
2 796 222
2 688 445
2 289 1248
1 1586 358
2 217 954
1 753 824
1 25 567
2 1120 704
2 1774 1226
1 389 1175
1 330 384
1 1860 1565
1 569 254
2 919 501
1 1615 774
2 864 1499
2 701 373
2 649 1301
2 328 1738
2 1026 1956
2 744 1514
2 1032 1290
2 1937 1061
2 1713 1224
1 1025 277
2 360 1559
2 1581 965
1 469 1544
1 558 1494
2 562 155
2 1171 542
1 1878 1778
1 294 905
2 558 985
2 1893 11
1 1601 1838
1 1158 855
1 1005 912
1 1323 746
2 1250 174
1 1937 333
1 554 1479
2 1641 434
2 1909 1269
1 1595 1322
1 1369 1937
1 110 353
2 464 498
1 1487 184
2 984 244
1 588 1177
1 688 1825
1 1867 1565
1 1505 1613
2 376 166
2 184 759
1 1521 1714
1 1778 58
1 1173 515
2 1627 854
2 663 1091
2 1546 1547
2 1117 1426
2 664 436
1 1697 916
1 1304 1
1 1206 1162
1 859 1164
2 924 293
1 1705 470
1 1875 1584
1 1667 1120
2 225 940
2 800 327
1 1130 1263
1 1891 1524
1 1378 460
2 544 1217
1 55 1639
2 860 619
2 84 1135
1 606 1632
1 795 497
2 659 229
1 1782 1731
2 1715 725
1 1174 1898
1 848 302
2 1433 1193
1 638 1870
1 1074 6
2 470 137
1 1190 491
2 1446 1886
1 952 710
1 124 252
1 600 1073
1 52 976
2 1223 929
1 1732 1055
1 37 1703
2 392 1744
2 842 1539
2 1000 799
2 507 1459
1 678 2
2 34 983
1 1608 1676
1 559 1243
2 631 1571
2 901 890
2 1229 1200
2 1665 1165
1 1558 1684
1 1249 430
2 1344 1676
1 1064 1258
1 828 359
2 575 906
2 731 24
2 388 1843
1 1166 1282
2 238 1872
1 585 1974
2 1826 510
2 497 314
2 304 320
1 865 611
1 641 1033
1 18 103
1 1986 1743
2 1314 689
2 1538 949
1 581 724
2 1123 515
2 1106 1746
1 1629 55
2 1063 1066
1 1988 826
1 132 1964
2 1197 1126
1 1740 1235
2 1394 1394
1 704 1763
1 1839 36
2 1707 1297
1 762 1387
2 841 1746
1 379 1482
1 1741 907
1 980 43
1 1475 1629
1 670 12
1 1313 552
1 202 832
2 969 364
1 941 219
2 1286 701
1 1974 1116
2 372 1844
2 480 859
2 1997 877
1 1273 491
2 1308 920
1 1083 199
2 1099 1253
1 208 688
1 1966 471
1 493 1566
1 1440 1500
2 1252 262
1 1407 875
1 1660 1610
2 1563 1630
2 1291 1472
2 765 333
1 1281 969
2 802 1739
2 1504 1959
2 1446 1779
2 1758 372
2 1444 1967
2 803 1813
2 308 1460
2 764 30
1 1793 1250
1 1368 1379
2 1033 1373
2 409 1886
2 329 1716
2 714 1956
1 885 1613
1 1646 1560
1 1313 641
2 1482 1864
1 1633 197
2 756 1648
1 1336 417
2 1341 1407
2 1802 100
1 144 418
1 954 1560
1 1707 528
2 1518 1484
2 1537 678
1 871 723
1 1854 1217
1 54 739
2 1762 100
2 489 1127
1 660 636
2 1552 652
2 1893 1366
1 1990 1972
1 115 933
2 1845 1102
1 359 825
2 221 1933
2 611 1853
1 1636 16
1 28 1269
1 477 367
2 984 1349
2 770 1120
2 317 1342
1 1020 293
1 1866 1933
1 1207 586
1 1269 1178
2 610 338
2 1741 882
2 1207 570
2 250 921
1 1301 916
2 348 498
2 943 1432
1 1465 1897
1 381 576
2 970 242
1 345 330
2 1739 317
2 1325 887
1 933 1008
2 1286 694
2 843 1720
2 493 1869
2 74 1683
2 1604 1338
2 100 1055
1 271 1978
2 700 203
1 623 653
1 1858 1653
1 1183 1648
1 1740 1680
2 1486 795
1 1224 567
2 535 1179
2 797 165
1 1860 1768
2 1437 963
1 867 1665
1 1927 1788
1 508 354
1 80 1034
2 1946 637
2 6 956
1 591 1100
2 608 673
1 1076 293
2 458 859
1 1482 1641
2 751 1080
2 1204 330
2 1844 241
1 1777 268
2 1846 1570
1 714 364
1 1782 1217
1 1231 1993
2 980 153
2 1512 752
2 558 1781
1 1834 381
1 1495 417
1 1654 759
1 1234 1966
1 1091 1760
1 1309 163
2 1981 937
1 1693 1142
1 1407 1605
1 556 825
1 1771 208
2 964 1792
1 623 89
1 186 795
1 1318 1398
1 186 1001
1 1158 53
1 1060 1444
2 1249 1581
1 142 258
1 1923 1094
2 1729 1959
1 176 455
1 372 1839
2 1136 1539
2 1181 1447
1 355 857
2 665 725
2 299 1240
2 1600 855
2 625 815
1 896 724
2 389 984
2 1612 1091
1 542 103
1 840 753
2 1018 1730
2 637 696
2 313 402
2 930 761
2 941 679
2 1914 1574
2 1766 854
1 1157 836
1 1478 396
2 1083 579
1 830 344
2 239 1743
1 127 621
1 968 1164
2 1839 1353
2 1502 172
1 540 658
2 217 129
1 1037 1575
2 1280 853
2 1179 1052
2 756 699
2 484 1468
1 640 590
2 1127 3
1 331 104
1 1364 1505
1 1444 282
1 381 861
2 1782 1089
2 1027 43
1 1526 740
2 1595 1038
2 564 641
2 759 1617
2 796 867
2 128 1614
1 1434 532
1 240 1006
1 665 1234
2 1707 1273
1 1278 1065
2 522 1022
2 1969 332
2 50 372
2 236 1171
2 71 1825
2 898 1092
2 171 782
2 199 727
1 386 131
1 981 1737
1 1083 1064
1 1000 1281
1 570 1352
2 1400 1982
2 834 180
1 178 123
2 1288 708
2 912 1965
1 1648 1796
1 254 1673
1 1683 1086
1 492 697
2 537 712
1 913 306
2 1464 1287
2 1740 181
2 1938 927
2 893 1007
2 1608 540
2 357 569
2 644 1423
1 1576 1636
2 1714 1801
1 1442 1850
1 1359 526
1 1777 1769
1 1707 1133
1 17 1160
2 670 1129
2 215 1999
1 12 589
1 1431 322
1 1177 968
2 1286 637
1 1732 68
2 1532 1813
1 1444 283
1 1723 200
1 554 1316
1 549 1113
1 1308 1838
2 254 1970
1 871 1379
1 1379 149
2 509 229
2 1494 1611
2 1018 1133
2 429 1484
1 1403 1868
1 1767 1275
1 867 1429
1 1695 62
2 239 1848
2 597 530
2 582 1869
2 1868 279
2 1175 1541
2 1250 1290
1 1177 1845
2 609 1720
2 1327 364
1 1565 1678
1 1818 1782
2 1553 1942
1 281 605
2 148 636
2 1448 1250
2 1754 1904
2 284 223
1 1348 526
2 1168 1584
1 535 298
2 1229 591
2 1568 1360
2 1867 1932
2 1446 169
1 1028 833
1 1469 158
1 278 228
2 890 1680
2 834 1450
1 1219 1334
2 1168 1466
2 401 111
2 159 1700
2 754 1598
1 506 710
2 1544 1887
2 232 138
1 1935 1782
1 1767 1128
2 331 954
2 165 561
2 1331 1295
2 965 1095
1 523 284
1 1812 125
1 1456 869
1 977 1494
1 227 1358
1 1438 589
2 1022 515
2 1395 686
2 1485 690
1 1635 1982
1 1507 146
2 752 292
2 74 36
1 525 140
1 1293 1978
1 1218 1011
1 1426 1294
1 538 824
2 1433 1423
1 1591 639
1 1878 1796
2 1618 1825
1 1637 783
2 1056 492
2 1669 1355
2 545 1193
2 643 346
2 1274 438
2 595 291
1 876 1777
2 1927 1541
1 800 1129
1 1323 1008
1 1472 1389
1 1697 461
2 1866 1872
2 1959 1790
2 1134 567
1 94 40
2 1995 294
2 1738 1437
1 1423 693
1 495 1414
1 756 217
2 1239 1313
2 1322 196
1 1115 1438
1 930 1385
1 323 1654
2 1755 522
2 224 520
1 1357 97
2 768 1666
1 593 1832
1 1639 578
2 1144 309
2 1812 749
1 1281 100
2 808 1676
2 416 536
1 936 290
1 1912 395
2 589 632
2 610 401
2 412 791
2 5 1143
2 1427 75
2 1537 796
2 1422 151
2 823 1301
2 794 1310
1 389 1322
1 85 1168
2 655 327
2 1215 1786
1 372 1726
2 761 1993
2 393 960
2 756 913
2 982 735
2 1162 1248
1 1686 452
2 1742 201
2 423 479
2 1958 803
2 667 1208
2 697 525
2 146 1089
1 160 1956
1 1156 1837
1 1780 1161
2 799 576
1 259 905
1 623 812
2 1000 1243
2 1634 572
1 388 329
2 1950 1952
1 1507 204
2 564 1660
2 1366 70
1 1758 1665
2 48 1367
1 593 1940
1 1356 1026
1 1827 1978
1 1417 1658
1 1483 1597
2 1634 254
2 537 1393
1 348 971
2 797 1577
1 1548 1539
2 1720 1506
2 1631 765
2 1615 1295
1 1751 1569
1 1235 1435
1 1883 1977
2 1727 1368
2 28 516
1 590 303
2 1497 592
2 584 945
1 1950 348
2 1859 93
1 1934 1149
1 291 638
1 1559 716
2 466 889
2 1959 499
1 1984 1109
1 1997 1634
1 1968 927
2 176 1746
1 588 1414
2 1318 1369
1 61 1494
2 381 1218
1 681 1813
2 202 1312
2 1499 1560
1 1570 1734
2 1295 1471
1 507 215
2 1654 1321
2 721 610
1 242 1392
2 1726 1202
1 1192 1813
2 782 448
1 1198 1484
2 1226 1958
1 1793 1589
1 680 710
2 1433 530
1 234 783
1 965 1197
2 116 908
1 1667 214
2 137 902
2 1297 768
1 1835 1605
2 1709 1188
1 4 1640
1 1962 556
2 929 1616
2 1233 1216
1 1198 1731
2 125 794
2 14 442
2 643 886
1 350 1265
1 793 1071
1 360 125
2 273 80
2 1833 1225
2 1977 1508
1 994 95
1 1005 628
1 1308 563
2 76 541
1 16 85
1 800 757
1 80 51
1 461 685
1 678 4
2 1200 1775
1 907 1877
2 932 291
2 1609 1965
2 1241 1992
2 170 672
1 586 1930
2 69 1126
1 472 1203
1 886 1644
1 673 1527
1 74 1638
1 1168 1091
1 194 1033
2 1271 136
2 1513 924
2 1210 1751
1 436 1153
2 1181 79
1 952 412
1 1382 341
1 730 776
2 276 1094
2 1288 1676
2 1830 145
1 1375 1138
1 1731 1634
1 119 1290
1 1771 434
2 1029 1664
1 1787 1376
1 1553 1129
2 1157 511
1 169 1634
1 1059 1656
1 1961 1733
2 1975 1397
2 1460 339
1 407 1785
2 318 822
2 726 984
1 656 1408
2 113 1694
1 563 1853
1 743 1216
2 924 125
2 560 1670
1 1263 1088
2 401 1625
1 42 858
1 87 773
1 148 257
1 929 243
2 250 729
1 1484 1407
2 1926 678
2 1198 583
2 301 305
1 844 1039
2 1191 1766
1 1581 1690
1 417 408
1 1589 829
1 336 261
2 1400 1103
2 1798 992
1 1656 1715
1 829 1905
2 708 1953
2 622 5
2 809 490
2 193 737
2 1574 582
2 1224 655
1 1843 223
2 440 848
2 1387 367
2 1396 626
1 590 1369
2 1745 469
1 684 1249
2 1494 421
2 1779 1811
1 451 1109
1 1844 1987
1 825 879
2 1377 740
1 145 1144
1 1296 257
1 565 571
1 451 173
1 649 752
2 858 97
2 45 503
2 910 1337
1 1248 1395
2 498 580
2 1374 1466
1 1489 1423
2 1596 725
1 1054 668
2 1407 1653
2 950 290
2 1994 466
2 335 1859
2 79 488
2 245 543
1 1625 749
2 426 797
1 470 1641
1 1789 1587
2 169 1816
1 920 1791
1 284 1832
1 917 110
1 165 1263
1 1248 1502
2 1137 679
1 448 465
1 911 1434
1 169 335
2 530 298
1 1454 1635
2 1344 1117
1 708 1073
1 56 1611
2 850 873
2 130 318
1 135 1086
1 338 1290
2 227 137
2 850 1583
1 534 1913
2 982 1416
2 546 1051
2 1604 124
1 994 546
2 1839 1228
2 1041 225
1 838 1121
1 369 18
2 1310 1183
1 976 1995
1 1974 1520
1 753 440
1 703 422
1 890 564
1 1807 602
1 987 1051
2 1104 875
1 798 1831
1 1261 1853
1 603 1404
1 466 1511
1 1733 638
2 530 863
1 1364 900
1 579 1748
1 360 9
1 1108 1758
2 1594 1429
1 364 671
1 784 869
1 1248 784
2 1319 1261
1 751 499
1 1504 341
1 790 1832
1 1343 1786
2 1934 1704
1 1230 990
1 865 535
1 34 1269
2 1098 773
1 561 702
2 1888 1250
2 1728 1270
2 1924 1333
2 1053 1044
2 1020 1410
1 1689 383
2 1023 1654
2 1712 1
2 158 200
1 599 1597
2 853 856
1 1135 177
2 1375 366
1 373 514
2 1857 1957
1 53 105
1 339 533
1 324 1569
2 1691 1291
1 406 1644
2 1671 243
2 42 1442
2 376 979
1 1365 187
1 1760 1482
1 417 1888
1 1524 1626
2 104 1365
2 981 565
2 1611 1209
2 1831 901
1 1809 1585
1 1552 664
1 915 1663
2 1167 1313
1 1359 620
1 774 711
1 361 1802
2 1661 1241
1 824 600
2 22 24
1 509 218
2 264 245
2 637 746
2 983 1737
1 1922 430
1 1307 1501
2 1767 1773
2 725 168
1 970 421
2 604 1727
2 764 204
2 195 277
1 1417 1481
1 1555 705
2 713 917
2 1741 148
2 903 95
2 995 560
2 1721 158
2 356 253
1 1686 1975
2 606 469
1 288 826
2 1650 595
1 1725 1865
2 1952 1451
1 847 136
2 355 308
1 1622 556
1 1596 1169
2 422 1326
1 205 276
1 1841 161
1 454 1353
1 1557 926
1 1965 1124
1 417 1547
1 828 1677
1 912 354
1 787 259
2 22 566
1 233 1757
2 168 960
2 53 227
1 228 1235
1 1123 583
1 562 1353
1 351 552
2 255 876
2 1231 34
2 679 1243
1 743 1229
2 457 1952
1 403 284
2 99 1407
1 333 1329
2 1364 1010
1 1484 1440
1 1596 644
2 840 837
1 436 388
1 298 1578
2 937 1350
2 209 1190
1 1676 945
2 21 1646
1 456 520
1 737 1162
1 1851 263
1 7 1064
1 934 1927
1 1879 435
2 1758 282
1 503 1263
2 1195 1720
1 1311 600
1 213 670
2 143 1297
2 879 1012
1 760 1752
2 1001 529
2 1658 664
2 1859 1760
2 372 247
2 1182 476
1 1696 351
2 1643 1514
2 556 1100
1 1156 1088
2 1655 1677
2 661 509
1 735 289
2 1336 1820
1 160 1123
2 1579 1887
1 1574 900
1 7 422
2 186 203
1 1647 1632
2 322 1874
1 346 940
1 795 1647
2 1469 1525
1 664 44
2 472 871
1 331 1602
1 1171 658
2 1386 1704
2 1348 1455
2 620 947
2 1819 1646
2 385 179
1 1265 329
2 961 1129
2 1241 1666
2 678 347
2 1500 1516
2 1653 1177
1 1030 1253
2 116 168
1 725 1540
1 263 1278
1 1513 753
1 1253 1324
2 719 351
1 573 1483
1 1854 269
2 1165 884
1 1734 1805
1 608 1478
1 227 1061
2 248 1498
2 883 1829
2 1515 1175
1 1267 1207
2 1160 460
2 2000 1736
2 615 1113
1 699 963
2 107 298
1 1955 1058
1 1638 1758
2 842 1629
1 388 1691
1 1289 698
2 11 247
2 959 1458
2 477 737
2 1589 130
2 1190 1009
1 1563 1663
1 250 1742
1 1814 124
1 1671 1657
1 1161 662
1 641 916
2 929 1520
2 1390 522
1 1686 1528
2 1948 1230
1 603 1055
2 1037 1990
2 1044 823
2 238 1921
1 730 1832
1 932 946
1 1351 320
2 1180 1003
2 1334 1357
1 886 1652
2 1584 262
2 1556 1068
1 802 1886
1 1849 334
1 1050 1615
1 1884 290
1 1320 1336
2 999 659
2 431 179
2 607 1039
2 740 379
1 248 482
2 997 1840
2 456 1855
2 837 799
2 1503 3
2 144 1041
1 1268 1810
1 570 724
2 1689 139
1 1835 1645
1 1975 1130
1 582 125
2 397 109
2 699 309
1 924 1406
1 373 1886
2 654 316
1 850 375
1 1702 194
2 1147 702
1 1323 1859
2 1240 1367
1 119 42
1 959 577
1 66 1361
1 924 1888
2 1467 4
1 581 337
1 540 1055
2 1272 158
1 1254 486
2 1583 1285
2 482 357
2 1717 1616
1 603 1360
2 1693 294
1 250 1269
1 191 130
2 1052 1436
1 863 1281
1 903 923
1 1955 1865
2 816 1030
2 1837 1810
2 1839 970
2 840 374
1 1895 766
2 299 199
2 1877 1772
2 1268 128
2 539 1178
2 646 1816
1 1855 1317
2 280 515
1 147 1579
2 1680 1631
2 620 754
2 793 1346
1 1105 1467
2 1459 1231
1 490 1119
2 39 1627
2 1008 69
2 929 916
2 430 1705
2 1749 1088
2 1787 1538
2 458 730
2 1185 1181
1 1504 434
2 467 846
1 536 280
2 1131 1480
2 400 362
2 1435 807
1 1561 511
1 1819 1636
1 1531 462
2 415 227
2 1500 1730
1 942 1773
1 1062 509
1 1219 1629
2 1212 1490
1 241 708
1 1223 64
2 326 1582
1 870 1593
1 1376 1902
1 1005 1515
2 1020 840
1 1680 91
1 343 1555
1 1470 1702
2 640 585
1 1456 1749
2 278 1473
2 1079 2
1 1230 1333
1 988 1632
1 117 280
2 1262 1721
2 1715 496
1 391 884
2 794 608
1 371 90
1 913 430
2 203 432
1 44 1721
2 1966 848
2 659 793
1 1761 502
2 406 1839
1 1277 811
2 58 1173
2 1143 657
2 1310 357
1 167 802
2 1658 199
1 698 1070
2 1815 1058
1 1213 1774
2 1134 517
2 929 506
2 1907 221
2 337 544
1 291 1652
2 877 1376
2 856 965
1 135 458
2 386 1033
1 875 1875
1 436 24
1 1953 949
1 822 1487
1 1473 534
2 662 397
1 1950 267
1 1152 303
1 12 1269
2 1066 1043
1 1399 1070
2 987 1546
1 593 734
1 1102 1971
2 1523 454
2 1710 1184
1 490 1058
2 1910 1910
2 716 1307
1 1355 210
1 898 846
2 546 419
1 1913 1143
1 883 1603
1 1070 1808
1 961 27
2 623 950
1 1725 65
2 584 1061
1 1098 1458
1 1609 395
1 1916 548
2 782 1230
1 1862 1565
2 402 1810
1 86 1974
1 272 162
2 1482 112
1 1230 534
1 1143 536
1 516 1617
2 708 704
2 1732 607
1 1715 1011
1 1278 677
1 1231 1974
2 1698 1270
2 1107 730
1 199 1815
2 1137 177
1 1215 891
2 1227 1719
1 1605 1242
2 1179 561
2 1046 1498
1 1006 613
1 656 585
1 1357 1672
2 507 1274
1 384 1299
1 649 1518
1 917 794
2 1445 1657
2 622 636
2 1258 1309
2 320 482
1 818 179
2 735 1939
2 562 1332
2 1818 797
2 466 103
1 643 1130
1 1782 745
2 233 1373
1 1783 694
1 1878 1494
1 420 876
1 858 1770
2 1112 1759
1 135 501
2 452 1946
2 23 536
1 1636 1406
1 1765 1103
1 714 684
1 1637 1212
1 362 412
1 1074 84
2 1974 617
2 1323 618
1 1019 625
1 925 1243
2 1505 1415
1 1680 1918
2 1409 1844
2 1373 1504
2 687 1346
2 897 583
1 1123 1583
1 1157 537
2 1219 950
2 407 314
2 648 319
