1
2000
2000
8
2000
1
2000
1
4
10
2000
10
3
2000
2000
2000
2
16
1
2000
2000
54
45
2000
3
2000
2000
17
2000
2000
8
1
2
4
2
2
8
2000
72
2
1
24
45
3
8
2000
2000
6
2
2000
2000
4
2
2000
2000
2000
3
1
6
2000
2000
2000
8
1
8
2000
4
2000
2000
1
2000
2000
2000
2000
2000
2000
23
2000
2
2000
2000
2
2000
1
1
1
3
2000
2
4
2000
2
2000
2000
2
2000
23
1
2000
17
2000
2000
2000
4
10
2
5
8
5
2000
1
2
4
2000
2000
6
9
6
4
8
2000
2000
2000
2000
2000
2000
2000
2000
2
2000
2000
8
2000
1
2000
2
16
5
5
2
47
2000
2000
2000
2000
1
1
2000
11
2000
2000
2000
2000
2000
5
2000
1
2000
2000
2
1
2000
1
2000
5
7
2
2000
2000
2000
2000
2000
2000
32
2
1
2000
2000
1
8
2000
2000
12
2000
2000
2000
12
2000
5
2000
1
2000
2000
2000
2
2000
4
2000
2000
2000
2000
2000
1
6
2000
2000
94
2
49
2000
9
2000
1
2000
1
5
2000
2000
11
3
50
2000
2000
2000
2000
1
6
2000
17
2000
3
2
6
2000
3
10
2000
2000
2000
2000
2
2000
2
2000
2000
4
2000
3
1
2000
2000
2
1
2000
3
2000
3
1
21
5
4
2000
1
1
1
7
2000
1
2
41
3
2000
1
2000
2
10
11
2000
6
2000
4
2
2
2000
2000
154
8
2000
2000
2000
2000
5
2000
2000
2000
3
2000
1
2000
27
2000
12
7
9
2000
4
6
2000
27
11
2000
2
2000
2000
1
2000
2000
1
2000
2000
2000
5
2
4
2000
2000
2000
2
2000
6
2000
12
5
15
2000
1
2000
8
112
2000
2000
2000
2000
3
5
2000
2
2000
9
2000
4
5
2000
51
6
2000
2000
2
2000
2000
10
1
86
2000
9
2000
2000
2
2000
2000
1
1
4
2000
3
2000
23
2000
2000
34
10
2000
2000
2000
2000
3
7
38
2000
2000
1
2000
2
3
8
2000
49
2000
2
2000
176
2000
10
4
2000
7
2000
631
2000
1
4
2000
2000
2000
2000
1
9
2000
4
2000
2
3
2000
2000
3
2000
2000
3
3
4
1
8
2000
2000
2000
2
497
76
2
2000
1
2000
2000
2000
10
5
2000
3
2000
2000
2000
1
27
4
3
2000
130
1
2000
2
2000
4
13
3
2000
2000
11
2000
10
2000
27
4
1
2000
2000
5
7
10
2000
2000
2000
4
2000
2000
109
8
2000
2000
4
1
7
2000
1
7
2000
8
2000
6
2000
3
10
31
2000
10
7
11
2000
2000
5
186
10
26
2000
2000
2000
4
1
2000
2000
1
117
2000
5
2
2000
2000
2000
2000
23
1
3
2000
2
1
2
2000
4
12
2000
2000
2
2000
2000
2000
4
2000
2000
2000
2000
2000
3
2
2000
8
1
1
2000
2000
4
2
7
1
2000
1
2000
5
1
11
2000
2000
2000
2000
6
35
79
20
5
2
7
2000
2000
1
2
3
19
2000
4
4
47
25
7
7
3
2000
2000
2000
3
2000
4
2000
1
12
17
2000
4
2000
2
2000
2000
1
2000
1
6
2000
2000
2000
3
2000
45
2000
150
2000
2
2000
2
16
2
2
2000
2000
13
2000
2000
1
2000
2000
2
8
8
3
2000
2000
2000
2000
2000
1
2000
1
2000
2000
2000
3
6
2000
5
2000
2000
2000
3
40
2000
2000
2
2000
2000
2000
2000
2
2000
2000
1
144
115
2000
7
2000
2000
2
2000
2
4
2
13
4
2000
6
1
50
1
2000
2000
2000
2000
2
2
11
8
44
2000
2000
2000
2000
2
2000
8
70
2000
2000
2000
2000
1
2
3
2
13
2000
19
2
2000
2000
2000
2000
2000
14
2000
2000
2000
2000
2000
2000
1
8
11
2000
5
2000
2000
2000
2000
4
2000
2000
2000
2
2000
2000
194
1
1
2000
6
2000
2000
6
7
2000
2000
4
2000
2
2000
6
7
2000
1
2000
4
2000
1
2000
10
2000
2
2
2000
2000
18
111
8
2000
2000
4
2000
2000
12
2
2000
2000
2000
12
2000
24
1
2000
2000
1
2000
2000
2000
2000
6
2000
2000
2000
2000
8
3
5
20
4
2
2000
3
20
2000
4
3
3
1
2000
6
5
5
2000
6
7
2000
2000
2000
2000
2000
2000
2000
5
1
2000
2000
2000
2000
2000
2000
2000
2000
9
2000
2000
4
2000
2000
2000
6
3
2
6
2000
2
2
2
1
2000
2000
2000
8
8
39
2000
2000
3
1
3
1
2000
5
4
2000
10
2000
2000
2000
7
2000
2
2000
1
39
2000
4
3
1
2000
7
1
4
2000
2000
2000
8
2000
2000
2000
2
2
2000
2000
2000
39
4
2000
2000
11
3
12
2
2
27
2
3
2
7
13
2000
3
2000
5
119
2000
2000
2000
4
24
2
10
2000
1
2000
2000
2000
2000
2000
2000
239
2000
2000
7
15
2000
8
1
2000
2
1
2000
3
2000
1
4
2000
2000
2000
2000
3
1
1
6
2000
4
2000
5
2000
2000
2000
1
6
2000
2
2000
6
4
43
10
3
2
2000
2000
2000
2000
2000
2000
2
4
2000
13
2000
13
2000
14
12
2000
1
2000
15
2000
27
2000
2000
2000
2000
2000
1
2000
8
2000
26
1
1
8
12
2000
1
2000
1
4
7
2000
443
2000
2
2000
2000
2000
2
2000
5
2000
2000
3
5
2000
1
1
7
2000
5
2000
5
2
7
6
2
2000
3
2000
2000
14
2000
6
2000
1
1
3
2000
1
2000
1
7
2000
4
2000
5
2000
41
2000
1427
3
27
2000
2000
7
1
14
2
2000
5
1
2
2000
13
1
2000
2000
2000
2
2000
2000
2000
101
18
2000
2000
11
2000
2000
6
20
2000
2000
2
2000
2000
5
2000
2000
7
1
4
2000
2000
5
3
2
2000
2000
2000
2000
5
2000
2000
1
10
2
5
2
5
9
2000
2000
2000
2000
2000
2000
9
2000
2000
2000
2000
2000
2000
41
2000
2
2000
2000
2000
2000
2000
2000
13
2000
5
3
2000
2000
2000
2000
2000
2
4
9
7
2000
2000
2000
2000
40
2000
2000
6
4
7
2000
2000
2
2000
2000
2000
1
2000
2000
2000
1
2000
56
2000
2000
13
2000
2000
1
1
13
2000
1
10
110
1
2
1
21
2
2000
2000
2000
2000
5
2000
9
2000
1
2000
2000
2
2000
3
15
3
2000
2000
2
2000
2000
14
2000
2000
2000
3
2000
1
2000
2000
2000
2000
111
2000
2000
2000
6
2000
4
2000
2000
15
2000
15
2000
1
9
2000
2000
2000
2000
1
1
2000
2000
2
2000
11
2000
2000
2000
2000
1965
2000
2000
10
2000
2000
2000
2000
41
40
17
2000
1
1
2000
10
1
2000
4
2000
10
15
6
101
2000
1
2000
1
2000
2000
1
3
1
2000
2000
6
2000
2000
2000
8
2000
11
2000
2000
2000
2
14
3
2000
2000
2000
5
2000
2000
4
4
2000
2000
1
2000
2000
6
2000
2000
7
22
1
2000
8
2000
2000
2000
5
1
65
3
2000
1
2000
5
3
4
1
2000
2000
2000
6
2
2000
3
4
164
184
2000
6
2000
8
1
1
5
9
1
1
14
2000
2000
2000
2000
4
2000
2000
2000
2000
1
1
8
2
2
8
2
1
2000
56
3
2000
13
2000
2000
1
52
215
2000
2000
1
2000
2000
1
8
2000
2000
2000
2000
2000
24
2000
31
5
2000
2000
2000
2000
2000
3
2
2000
4
2000
2000
7
2000
2000
2000
2
2000
2000
28
2000
2000
6
3
3
6
3
2000
2000
4
2000
2000
2000
7
2
1
6
2000
2
14
2000
2000
3
2000
9
10
1
7
2000
2000
1
2
2000
2000
3
2000
4
12
2000
2000
221
6
6
65
2000
1
23
2000
2000
2000
2000
2
2000
3
6
2000
14
2000
2000
34
2
2000
4
2000
1
2000
2
30
8
2000
5
2000
34
3
4
125
16
4
10
2000
2
2000
2000
193
2000
2000
2
2000
5
1
1
30
2
2000
1
2000
12
2000
2000
2000
2000
102
2000
19
2000
5
2000
1
2000
1
3
5
1
2000
2000
139
2000
2000
2000
2
2000
1
3
9
2000
2000
2000
5
2000
2000
10
2000
185
4
10
6
2000
3
2000
6
19
2000
3
2000
1
2
2000
21
6
1
2
7
2000
2000
2000
2000
2
8
2000
13
2000
2
2000
1
9
2000
17
2000
2000
194
2000
4
7
2
2000
2000
2
2000
1
2000
2000
2000
2000
2000
1
29
3
2000
2
15
2000
2000
4
1
96
2000
20
2000
2000
2000
6
2000
11
2000
2
2000
1
2000
840
19
2
2000
2000
2000
3
2000
10
6
2000
22
2000
2
3
10
2
2000
2000
18
2000
8
2000
46
1
2000
2000
2000
2000
4
11
2000
2
2
1
3
2
2000
1
38
24
2
15
180
2000
3
2000
2
2000
2000
5
2000
2000
2000
2
2
2
1
2000
29
2
2000
2000
4
2
2000
2000
2000
2000
30
2000
1
1
2000
2000
1
7
2000
1
2000
2000
6
2000
6
2000
70
3
2000
2000
2000
7
4
2000
1
2000
2000
5
2000
2000
2000
1
4
2
2000
2000
1
3
2000
64
2000
25
6
2000
2000
2000
2000
4
108
4
2000
1
37
2000
256
20
1
2
2000
2000
2
24
7
2000
2000
1
3
4
2000
2000
2000
2000
6
2000
19
2000
7
2000
1
2000
27
2000
4
15
2000
2000
2000
2000
2000
5
2000
2000
2
2000
1
3
7
1
2000
7
2
2000
22
3
2000
2000
2
61
2000
4
2000
2000
1
2000
2000
4
2000
1
1
2000
12
3
101
2000
4
2000
2000
2000
8
2
8
3
2000
1
3
2000
2000
2
2000
2000
3
3
2000
16
9
4
2000
4
12
4
2000
2000
2
2000
1
2000
2000
64
1
2000
25
21
1
7
2000
5
2000
7
1
8
27
4
2000
2000
2000
1
2000
2000
3
1
38
7
4
25
3
2
2000
2000
6
2000
4
1
14
2000
2
2000
2000
33
47
19
2000
2000
3
15
114
6
2
12
4
1
3
133
9
3
2
2000
2000
2000
2000
2
7
2
3
14
2000
2000
3
2
1
2
4
8
2000
14
148
2000
5
2000
2000
2000
2000
11
2000
3
2000
2000
2
1
2000
30
10
1
2000
2
2
3
2000
1
3
2000
2
2000
1006
