590
2000
2000
697
2000
756
2000
946
775
845
2000
571
631
2000
2000
2000
651
599
724
2000
2000
1008
530
2000
913
2000
2000
729
2000
2000
810
510
780
765
782
591
532
2000
1011
1001
796
912
894
813
843
2000
2000
891
992
2000
2000
733
650
2000
2000
2000
902
874
949
2000
2000
2000
834
837
844
2000
865
2000
2000
639
2000
2000
2000
2000
2000
2000
757
2000
580
2000
2000
968
2000
784
651
804
517
2000
532
903
2000
503
2000
2000
574
2000
777
513
2000
570
2000
2000
2000
567
895
855
561
693
716
2000
561
974
977
2000
2000
819
590
776
585
805
2000
2000
2000
2000
2000
2000
2000
2000
576
2000
2000
528
2000
854
2000
685
928
788
894
607
563
2000
2000
2000
2000
575
1005
2000
877
2000
2000
2000
2000
2000
984
2000
657
2000
2000
660
730
2000
591
2000
556
949
730
2000
2000
2000
2000
2000
2000
683
872
808
2000
2000
755
703
2000
2000
847
2000
2000
2000
683
2000
550
2000
566
2000
2000
2000
585
2000
852
2000
2000
2000
2000
2000
886
978
2000
2000
1005
539
852
2000
945
2000
670
2000
912
773
2000
2000
694
652
994
2000
2000
2000
2000
731
794
2000
920
2000
527
644
581
2000
853
945
2000
2000
2000
2000
879
2000
671
2000
2000
997
2000
824
542
2000
2000
966
587
2000
861
2000
654
792
896
560
586
2000
746
932
599
830
2000
471
866
673
651
2000
70
2000
912
528
626
2000
524
2000
993
738
594
2000
2000
642
711
2000
2000
2000
2000
996
2000
2000
2000
712
2000
668
2000
545
2000
894
888
916
2000
699
726
2000
596
904
2000
969
2000
2000
524
2000
2000
828
2000
2000
2000
559
965
601
2000
2000
2000
141
2000
501
2000
166
613
757
2000
565
2000
841
684
2000
2000
2000
2000
696
525
2000
258
2000
444
2000
159
440
2000
660
338
2000
2000
336
2000
2000
731
214
997
2000
676
2000
2000
296
2000
2000
551
138
380
2000
194
2000
580
2000
2000
613
715
2000
2000
2000
2000
489
171
823
2000
2000
340
2000
396
141
406
2000
588
2000
230
2000
779
2000
571
188
2000
545
2000
1374
2000
210
607
2000
2000
2000
2000
932
566
2000
153
2000
595
172
2000
2000
151
2000
2000
471
590
196
216
380
2000
2000
2000
556
1000
929
339
2000
463
2000
2000
2000
119
205
2000
232
2000
2000
2000
333
549
182
350
2000
650
197
2000
217
2000
724
474
160
2000
2000
869
2000
762
2000
803
224
153
2000
2000
416
377
397
2000
2000
2000
633
2000
2000
728
562
2000
2000
668
169
548
2000
944
104
2000
91
2000
802
2000
230
202
690
2000
831
654
694
2000
2000
168
714
331
577
2000
2000
2000
201
248
2000
2000
217
663
2000
113
229
2000
2000
2000
2000
756
139
603
2000
578
152
233
2000
367
159
2000
2000
330
2000
2000
2000
701
2000
2000
2000
2000
2000
280
306
2000
346
259
275
2000
2000
291
296
718
230
2000
353
2000
196
162
399
2000
2000
2000
2000
414
612
1004
909
181
420
99
2000
2000
145
244
174
522
2000
709
871
733
626
186
162
71
2000
2000
2000
536
2000
374
2000
219
622
900
2000
142
2000
97
2000
2000
682
2000
75
267
2000
2000
2000
344
2000
875
2000
750
2000
385
2000
369
713
345
161
2000
2000
194
2000
2000
332
2000
2000
281
172
229
165
2000
2000
2000
2000
2000
477
2000
122
2000
2000
2000
292
250
2000
134
2000
2000
2000
262
845
2000
2000
256
2000
2000
2000
2000
159
2000
2000
356
776
890
2000
193
2000
2000
222
2000
157
345
402
451
113
2000
72
107
894
204
2000
2000
2000
2000
153
381
474
79
667
2000
2000
2000
2000
187
2000
91
992
2000
2000
2000
2000
269
287
434
118
126
2000
462
124
2000
2000
2000
2000
2000
611
2000
2000
2000
2000
2000
2000
241
33
750
2000
243
2000
2000
2000
2000
317
2000
2000
2000
358
2000
2000
1006
66
226
2000
326
2000
2000
239
92
2000
2000
442
2000
141
2000
22
213
2000
156
2000
345
2000
24
2000
308
2000
169
95
2000
2000
817
730
357
2000
2000
263
2000
2000
352
148
2000
2000
2000
151
2000
721
207
2000
2000
59
2000
2000
2000
2000
199
2000
2000
2000
2000
289
31
187
768
781
389
2000
503
444
2000
223
141
106
359
2000
160
116
372
2000
470
224
2000
2000
2000
2000
2000
2000
2000
360
165
2000
2000
2000
2000
2000
2000
2000
2000
144
2000
2000
82
2000
2000
2000
369
148
388
179
2000
121
140
381
343
2000
2000
2000
355
171
846
2000
2000
48
93
189
243
2000
375
478
2000
465
2000
2000
2000
104
2000
176
2000
337
555
2000
188
167
109
2000
242
227
166
2000
2000
2000
516
2000
2000
2000
147
85
2000
2000
2000
869
279
2000
2000
552
33
328
376
395
620
117
136
230
109
160
2000
224
2000
507
661
2000
2000
2000
253
756
174
437
2000
51
2000
2000
2000
2000
2000
2000
611
2000
2000
191
228
2000
265
103
2000
148
417
2000
304
2000
146
336
2000
2000
2000
2000
148
126
78
239
2000
166
2000
217
2000
2000
2000
147
251
2000
131
2000
93
161
604
473
428
44
2000
2000
2000
2000
2000
2000
117
151
2000
152
2000
180
2000
223
329
2000
129
2000
554
2000
214
2000
2000
2000
2000
2000
101
2000
303
2000
215
59
149
24
28
2000
139
2000
165
143
244
2000
965
2000
119
2000
2000
2000
136
2000
156
2000
2000
165
158
2000
196
25
283
2000
253
2000
208
123
401
265
265
2000
178
2000
2000
29
2000
223
2000
153
270
24
2000
156
2000
330
322
2000
351
2000
984
2000
250
2000
1173
123
16
2000
2000
114
52
429
27
2000
338
332
159
2000
107
244
2000
2000
2000
265
2000
2000
2000
998
695
2000
2000
284
2000
2000
108
210
2000
2000
244
2000
2000
187
2000
2000
360
157
154
2000
2000
335
348
240
2000
2000
2000
2000
464
2000
2000
69
479
166
356
203
198
322
2000
2000
2000
2000
2000
2000
513
2000
2000
2000
2000
2000
2000
202
2000
289
2000
2000
2000
2000
2000
2000
126
2000
801
214
2000
2000
2000
2000
2000
126
359
191
406
2000
2000
2000
2000
396
2000
2000
327
261
321
2000
2000
287
2000
2000
2000
226
2000
2000
2000
184
2000
707
2000
2000
621
2000
2000
62
247
180
2000
75
223
729
126
347
229
830
25
2000
2000
2000
2000
421
2000
462
2000
165
2000
2000
215
2000
342
607
30
2000
2000
84
2000
2000
163
2000
2000
2000
177
2000
227
2000
2000
2000
2000
762
2000
2000
2000
93
2000
204
2000
2000
428
2000
188
2000
299
137
2000
2000
2000
2000
363
137
2000
2000
141
2000
1
2000
2000
2000
2000
1711
2000
2000
211
2000
2000
2000
2000
674
203
393
2000
104
203
2000
189
108
2000
157
2000
283
341
482
998
2000
363
2000
123
2000
2000
359
176
235
2000
2000
272
2000
2000
2000
117
2000
413
2000
2000
2000
174
29
306
2000
2000
2000
116
2000
2000
157
169
2000
2000
119
2000
2000
156
2000
2000
467
374
165
2000
439
2000
2000
2000
204
103
231
285
2000
138
2000
142
354
351
122
2000
2000
2000
214
161
2000
487
124
839
716
2000
117
2000
19
245
48
142
322
72
272
478
2000
2000
2000
2000
138
2000
2000
2000
2000
238
363
225
450
174
225
141
316
2000
187
57
2000
162
2000
2000
399
733
866
2000
2000
188
2000
2000
79
181
2000
2000
2000
2000
2000
371
2000
364
17
2000
2000
2000
2000
2000
360
238
2000
151
2000
2000
436
2000
2000
2000
43
2000
2000
464
2000
2000
334
146
151
243
187
2000
2000
177
2000
2000
2000
132
123
21
291
2000
50
26
2000
2000
138
2000
196
381
331
456
2000
2000
165
311
2000
2000
141
2000
129
261
2000
2000
679
20
201
720
2000
107
648
2000
2000
2000
2000
295
2000
48
175
2000
202
2000
2000
409
273
2000
25
2000
190
2000
258
663
98
2000
197
2000
23
286
153
744
649
169
183
2000
372
2000
2000
818
2000
2000
234
2000
253
79
107
698
171
2000
276
2000
581
2000
2000
2000
2000
721
2000
467
2000
239
2000
98
2000
153
268
568
147
2000
2000
641
2000
2000
2000
45
2000
149
159
79
2000
2000
2000
195
2000
2000
309
2000
645
238
201
110
2000
306
2000
305
761
2000
171
2000
182
228
2000
747
164
77
157
160
2000
2000
2000
2000
333
195
2000
125
2000
35
2000
175
209
2000
473
2000
2000
706
2000
167
203
338
2000
2000
300
2000
154
2000
2000
2000
2000
2000
130
132
29
2000
265
710
2000
2000
92
625
543
2000
23
2000
2000
2000
272
2000
460
2000
53
2000
173
2000
1094
174
299
2000
2000
2000
259
2000
373
211
2000
262
2000
120
1
263
106
2000
2000
382
2000
195
2000
757
170
2000
2000
2000
2000
158
419
2000
147
184
169
200
427
2000
305
205
19
177
629
658
2000
321
2000
183
2000
2000
146
2000
2000
2000
241
221
54
307
2000
742
227
2000
2000
225
298
2000
2000
2000
2000
662
2000
229
123
2000
2000
248
201
2000
200
2000
2000
206
2000
282
2000
673
197
2000
2000
2000
114
124
2000
235
2000
2000
251
2000
2000
2000
70
357
135
2000
2000
356
314
2000
716
2000
721
65
2000
2000
2000
2000
133
1009
17
2000
26
907
2000
644
668
117
86
2000
2000
330
633
180
2000
2000
126
145
356
2000
2000
2000
2000
325
2000
427
2000
279
2000
309
2000
523
2000
255
677
2000
2000
2000
2000
2000
358
2000
2000
159
2000
191
302
402
293
2000
699
184
2000
378
712
2000
2000
95
650
2000
120
2000
2000
245
2000
2000
169
2000
310
301
2000
114
20
1002
2000
175
2000
2000
2000
387
216
322
365
2000
114
121
2000
2000
265
2000
2000
228
220
2000
511
280
177
2000
124
193
351
2000
2000
297
2000
342
2000
2000
179
124
2000
336
229
204
207
2000
231
2000
251
172
170
378
149
2000
2000
2000
259
2000
2000
349
31
320
178
155
216
55
348
2000
2000
61
2000
304
179
415
2000
147
2000
2000
228
453
308
2000
2000
185
315
1015
181
301
242
291
47
344
752
137
299
288
2000
2000
2000
2000
333
288
289
296
402
2000
2000
31
168
139
153
311
67
2000
202
1052
2000
304
2000
2000
2000
2000
158
2000
355
2000
2000
175
173
2000
269
282
147
2000
351
142
126
2000
157
180
2000
48
2000
1011
