2000 2000 2000
333 333 1713 339 333 333 12 333 324 1758 1880 1155 1199 262 856 1001 1940 333 333 333 1535 1218 994 333 333 1889 333 22 333 1371 1339 333 1523 1945 333 333 1568 333 318 1748 1468 1049 333 333 517 333 184 1060 223 333 333 1888 1484 1214 1596 333 1948 333 1608 333 333 1966 333 333 333 52 333 1008 333 333 333 582 333 333 333 1864 1547 333 1849 333 333 333 1337 333 927 1303 333 618 1384 333 1090 333 333 333 333 333 487 68 333 333 333 326 333 3 333 333 234 333 333 919 333 1764 333 1217 333 1865 59 333 1653 333 335 1138 333 333 1420 321 333 253 333 1173 1546 333 333 333 458 744 333 333 1034 47 333 686 1955 333 1589 1519 1212 2000 867 333 333 303 333 333 333 333 39 586 147 333 1938 333 333 333 333 333 1422 333 333 333 333 823 333 550 333 333 1427 385 333 333 493 673 333 727 731 333 142 1914 333 217 1732 333 1828 333 333 333 333 696 1276 1418 1678 333 362 126 333 1323 543 333 40 333 1991 83 333 333 1063 333 1603 869 1765 333 1332 1939 1036 333 1201 333 333 333 333 781 1124 333 333 1359 928 333 877 1495 333 333 1127 212 1890 918 333 333 333 1410 343 333 333 333 1466 1026 333 1502 333 1107 333 948 333 284 333 333 1268 1195 333 333 225 983 333 381 1742 1470 333 333 333 333 333 333 1505 1013 333 1356 798 589 479 333 1625 333 1855 333 333 1820 333 333 821 333 836 848 333 333 768 1417 333 333 333 333 333 393 333 312 333 333 958 570 333 1475 333 922 199 333 1968 452 972 211 300 1430 333 1757 333 333 736 530 949 700 333 333 1846 333 688 333 1584 333 1315 333 333 333 333 333 1325 333 1926 476 333 215 1354 333 333 1747 185 1862 1391 504 658 333 796 1409 333 333 333 333 572 333 333 333 1503 333 119 430 1460 333 455 333 585 1170 333 49 333 333 333 1935 1113 333 333 333 333 333 333 1704 86 198 1852 1183 333 952 1733 333 333 294 304 333 333 333 333 333 333 333 333 333 708 297 333 333 937 333 333 333 333 1928 333 333 333 203 222 1753 1769 333 345 333 178 76 333 1424 333 1892 1289 333 1431 1524 400 1533 333 135 717 1629 777 1258 333 1930 1613 592 333 333 333 333 333 333 333 1340 333 333 333 333 333 1796 333 436 1786 361 333 626 1544 333 333 1974 1582 200 333 333 333 333 1541 333 333 333 333 1881 333 125 377 1474 333 628 333 333 1895 333 333 333 1094 333 333 333 1280 333 1636 333 1161 191 1428 1752 1775 13 333 333 333 333 871 1476 333 333 291 333 1394 388 333 333 333 143 333 333 1906 128 333 879 333 333 1053 1051 333 333 333 588 333 333 333 333 333 333 333 333 894 333 333 333 333 333 1715 1133 333 285 174 333 500 333 333 333 11 670 333 1557 333 333 775 1749 333 1335 386 1248 333 1605 333 422 1774 333 333 333 333 333 333 1191 333 333 364 1265 333 333 333 4 333 1350 333 333 333 1987 333 695 1482 333 333 333 333 1642 333 981 333 55 333 1438 333 333 333 333 333 289 333 606 333 1615 333 333 864 619 1689 333 333 333 333 333 333 333 755 1848 333 333 333 383 333 333 333 1518 333 925 104 333 1100 333 62 684 333 1770 985 1029 333 333 333 333 333 333 333 310 333 110 1120 219 333 410 333 1721 333 333 407 785 1686 107 333 1538 590 1942 333 333 333 334 333 454 333 1624 333 42 333 1719 248 333 858 333 1088 333 333 333 333 1193 333 1785 333 1253 1483 441 333 333 1985 1038 333 333 139 1988 333 333 333 333 333 333 333 442 333 333 1975 1534 1372 333 979 333 715 1156 747 333 1444 333 333 333 333 333 333 333 1300 333 333 724 333 333 333 333 333 406 435 1441 1630 333 1450 333 662 1493 1720 333 1172 906 333 333 333 333 333 333 333 1439 333 1237 866 1437 333 1222 1002 333 333 333 333 1911 333 333 333 1334 333 333 1667 333 333 1822 77 333 333 829 841 1411 353 333 145 915 333 333 842 962 333 333 1814 333 333 1638 1072 333 333 333 1190 872 333 333 333 1623 333 868 354 333 540 1346 706 117 333 1745 333 1009 333 333 333 333 522 1781 333 732 1182 1912 1980 333 1070 1649 1551 333 1379 333 1282 1413 573 333 333 33 333 333 333 333 333 333 333 1153 333 333 333 190 333 333 333 333 333 333 273 437 403 333 333 1778 333 616 333 333 1022 333 333 333 1184 315 333 1015 1776 333 333 114 333 333 1238 333 1412 231 333 333 1135 333 333 333 333 333 1664 333 1610 333 1366 333 446 333 333 782 333 520 1740 685 333 511 333 1177 333 749 333 149 333 333 333 1131 851 333 333 1787 333 682 1321 333 1989 699 10 1760 1525 690 333 939 1118 1708 1175 333 450 333 830 1909 333 333 333 333 333 333 333 1751 333 521 218 333 333 1291 15 1728 1508 333 1977 333 333 244 1145 1229 333 1645 1805 1741 1368 333 1052 333 1795 754 1374 172 333 333 333 242 333 323 903 333 333 333 1863 664 333 1443 333 1967 333 333 333 333 333 333 333 1699 333 333 1707 333 902 1181 91 333 333 333 333 333 333 1510 333 333 946 136 333 333 333 333 333 328 157 1116 333 333 333 1791 333 1674 333 333 333 515 1180 241 333 333 333 462 333 644 1803 333 1226 1154 1469 457 333 333 333 1301 1673 1952 333 333 333 1922 1670 333 1792 333 333 333 1266 674 333 1235 181 1454 333 1950 1260 333 456 167 333 333 402 698 1856 1946 1627 333 996 333 1614 333 333 1377 333 333 333 333 333 333 1668 333 333 333 333 333 333 333 1810 1121 969 498 1123 333 333 333 1012 333 333 333 333 333 16 357 333 1288 333 753 1464 460 1305 333 1651 333 1960 1316 140 1996 1071 1446 1995 954 333 333 333 800 254 710 1451 333 966 98 333 333 1793 333 1997 333 333 333 333 333 333 333 333 529 333 1274 333 26 333 333 837 30 333 333 1983 1813 1812 333 963 1554 333 1440 507 333 333 1885 333 333 950 333 1833 434 333 333 333 333 333 237 312 1179 333 519 333 333 333 1019 1114 1358 97 333 524 797 333 53 1836 333 333 333 1549 1563 712 204 333 1436 333 1737 333 757 159 854 333 1618 333 1382 333 502 1973 333 1267 333 333 1821 643 1894 1003 333 333 333 333 333 333 333 333 444 1669 333 1362 333 57 333 333 1225 333 333 131 333 333 1908 1381 1567 333 333 333 122 786 356 580 333 421 563 333 1717 333 794 333 911 333 89 636 1688 1109 148 1857 1091 1017 810 1423 1347 1246 546 1432 544 333 1167 333 1000 1128 320 333 882 333 265 1283 1223 333 1096 333 333 333 1352 333 806 1756 333 1330 630 333 783 333 1261 826 1270 978 1913 1326 1174 333 1320 333 1528 1344 333 401 333 1663 333 1010 667 333 1548 333 333 333 1117 333 333 333 333 333 333 333 333 638 14 728 1815 817 333 333 333 102 1376 272 1622 1933 956 640 1585 333 333 853 594 333 1718 1656 256 333 1576 333 575 776 1870 1692 130 1257 333 206 1314 330 270 333 333 333 1970 1522 523 333 1893 333 333 333 333 333 21 333 333 333 1511 333 1986 333 1106 1817 336 333 1727 1697 779 1478 1157 333 693 1504 333 333 1572 1560 1033 333 333 333 333 333 333 333 333 1562 333 901 916 333 333 333 333 333 735 1897 243 986 333 333 602 333 152 79 1564 333 333 333 1421 333 1943 873 333 333 1878 1710 1445 48 333 333 704 333 333 333 333 595 72 1343 333 333 1095 333 333 1210 333 333 569 333 66 9 281 605 201 1479 333 333 325 333 333 1993 1634 1658 1046 1823 852 1971 801 333 333 669 439 333 333 333 411 748 333 333 1308 333 333 1677 1369 333 980 333 665 774 1561 333 1558 1884 333 333 333 333 333 1389 833 333 1014 449 333 333 333 1101 333 1360 333 333 1419 694 1838 333 333 713 1275 941 333 333 875 333 333 333 41 7 392 1735 333 1512 333 121 230 333 333 333 971 333 1076 333 486 333 333 451 1244 333 333 88 333 333 360 34 333 161 333 1452 333 333 260 333 193 333 333 333 54 1496 1705 333 333 1672 1918 341 249 333 1380 365 37 333 333 1790 1272 333 274 327 333 333 333 333 1396 333 726 968 333 1904 1196 333 333 333 333 1338 333 1609 333 333 333 333 908 1648 333 367 579 333 849 1434 333 816 333 672 333 461 1285 1866 1798 363 333 333 480 333 333 825 1245 333 1711 333 1387 1082 333 1186 333 373 333 333 1322 1252 1847 333 333 976 333 1957 624 1681 333 1573 1278 1386 333 333 207 654 1794 333 287 333 333 333 488 478 333 333 333 1783 535 333 333 1345 765 1691 820 333 1311 333 333 973 333 380 333 182 1788 1102 1005 333 1516 266 282 1680 1842 1824 1290 333 1990 333 333 333 333 316 333 1579 112 813 333 333 1341 333 1064 85 931 351 1083 209 333 333 425 1859 1473 258 1084 333 333 333 235 333 333 333 333 536 333 333 863 333 1028 45 333 333 1586 333 333 1773 1378 822 554 1254 333 333 31 333 333 1168 1730 1232 333 1845 333 333 379 1724 238 612 549 333 333 333 1641 333 333 333 333 333 333 333 1595 333 1336 1228 470 333 1580 299 333 333 878 1342 501 333 1599 1588 146 1947 333 1353 333 333 333 333 1550 333 1400 333 158 333 890 1021 333 116 17 1598 286 333 333 333 187 333 333 333 1192 333 333 333 846 333 1255 333 1816 333 333 1130 333 645 974 333 533 1472 177 333 28 1807 333 1221 1129 269 610 333 188 333 1078 333 333 653 333 1806 333 333 482 333 333 333 333 333 1662 368 404 333 1185 943 333 1093 722 1882 333 1839 333 333 1999 333 333 1348 333 1902 1328 23 1393 1936 221 975 333 997 333 751 1020 1559 333 447 483
1 2 5 6 8 18 19 20 24 25 27 29 32 35 36 38 43 44 46 50 51 56 58 60 61 63 64 65 67 69 70 71 73 74 75 78 80 81 82 84 87 90 92 93 94 95 96 99 100 101 103 105 106 108 109 111 113 115 118 120 123 124 127 129 132 133 134 137 138 141 144 150 151 153 154 155 156 160 162 163 164 165 166 168 169 170 171 173 175 176 179 180 183 186 189 192 194 195 196 197 202 205 208 210 213 214 216 220 224 226 227 228 229 232 233 236 239 240 245 246 247 250 251 252 255 257 259 261 263 264 267 268 271 275 276 277 278 279 280 283 288 290 292 293 295 296 298 301 302 305 306 307 308 309 311 313 314 317 319 322 329 331 332 337 338 340 342 344 346 347 348 349 350 352 355 358 359 366 369 370 371 372 374 375 376 378 382 384 387 389 390 391 394 395 396 397 398 399 405 408 409 412 413 414 415 416 417 418 419 420 423 424 426 427 428 429 431 432 433 438 440 443 445 448 453 459 463 464 465 466 467 468 469 471 472 473 474 475 477 481 484 485 489 490 491 492 494 495 496 497 499 503 505 506 508 509 510 512 513 514 516 518 525 526 527 528 531 532 534 537 538 539 541 542 545 547 548 551 552 553 555 556 557 558 559 560 561 562 564 565 566 567 568 571 574 576 577 578 581 583 584 587 591 593 596 597 598 599 600 601 603 604 607 608 609 611 613 614 615 617 620 621 622 623 625 627 629 631 632 633 634 635 637 639 641 642 646 647 648 649 650 651 652 655 656 657 659 660 661 663 666 668 671 675 676 677 678 679 680 681 683 687 689 691 692 697 701 702 703 705 707 709 711 714 716 718 719 720 721 723 725 729 730 733 734 737 738 739 740 741 742 743 745 746 750 752 756 758 759 760 761 762 763 764 766 767 769 770 771 772 773 778 780 784 787 788 789 790 791 792 793 795 799 802 803 804 805 807 808 809 811 812 814 815 818 819 824 827 828 831 832 834 835 838 839 840 843 844 845 847 850 855 857 859 860 861 862 865 870 874 876 880 881 883 884 885 886 887 888 889 891 892 893 895 896 897 898 899 900 904 905 907 909 910 912 913 914 917 920 921 923 924 926 929 930 932 933 934 935 936 938 940 942 944 945 947 951 953 955 957 959 960 961 964 965 967 970 977 982 984 987 988 989 990 991 992 993 995 998 999 1004 1006 1007 1011 1016 1018 1023 1024 1025 1027 1030 1031 1032 1035 1037 1039 1040 1041 1042 1043 1044 1045 1047 1048 1050 1054 1055 1056 1057 1058 1059 1061 1062 1065 1066 1067 1068 1069 1073 1074 1075 1077 1079 1080 1081 1085 1086 1087 1089 1092 1097 1098 1099 1103 1104 1105 1108 1110 1111 1112 1115 1119 1122 1125 1126 1132 1134 1136 1137 1139 1140 1141 1142 1143 1144 1146 1147 1148 1149 1150 1151 1152 1158 1159 1160 1162 1163 1164 1165 1166 1169 1171 1176 1178 1187 1188 1189 1194 1197 1198 1200 1202 1203 1204 1205 1206 1207 1208 1209 1211 1213 1215 1216 1219 1220 1224 1227 1230 1231 1233 1234 1236 1239 1240 1241 1242 1243 1247 1249 1250 1251 1256 1259 1262 1263 1264 1269 1271 1273 1277 1279 1281 1284 1286 1287 1292 1293 1294 1295 1296 1297 1298 1299 1302 1304 1306 1307 1309 1310 1312 1313 1317 1318 1319 1324 1327 1329 1331 1333 1349 1351 1355 1357 1361 1363 1364 1365 1367 1370 1373 1375 1383 1385 1388 1390 1392 1395 1397 1398 1399 1401 1402 1403 1404 1405 1406 1407 1408 1414 1415 1416 1425 1426 1429 1433 1435 1442 1447 1448 1449 1453 1455 1456 1457 1458 1459 1461 1462 1463 1465 1467 1471 1477 1480 1481 1485 1486 1487 1488 1489 1490 1491 1492 1494 1497 1498 1499 1500 1501 1506 1507 1509 1513 1514 1515 1517 1520 1521 1526 1527 1529 1530 1531 1532 1536 1537 1539 1540 1542 1543 1545 1552 1553 1555 1556 1565 1566 1569 1570 1571 1574 1575 1577 1578 1581 1583 1587 1590 1591 1592 1593 1594 1597 1600 1601 1602 1604 1606 1607 1611 1612 1616 1617 1619 1620 1621 1626 1628 1631 1632 1633 1635 1637 1639 1640 1643 1644 1646 1647 1650 1652 1654 1655 1657 1659 1660 1661 1665 1666 1671 1675 1676 1679 1682 1683 1684 1685 1687 1690 1693 1694 1695 1696 1698 1700 1701 1702 1703 1706 1709 1712 1714 1716 1722 1723 1725 1726 1729 1731 1734 1736 1738 1739 1743 1744 1746 1750 1754 1755 1759 1761 1762 1763 1766 1767 1768 1771 1772 1777 1779 1780 1782 1784 1789 1797 1799 1800 1801 1802 1804 1808 1809 1811 1818 1819 1825 1826 1827 1829 1830 1831 1832 1834 1835 1837 1840 1841 1843 1844 1850 1851 1853 1854 1858 1860 1861 1867 1868 1869 1871 1872 1873 1874 1875 1876 1877 1879 1883 1886 1887 1891 1896 1898 1899 1900 1901 1903 1905 1907 1910 1915 1916 1917 1919 1920 1921 1923 1924 1925 1927 1929 1931 1932 1934 1937 1941 1944 1949 1951 1953 1954 1956 1958 1959 1961 1962 1963 1964 1965 1969 1972 1976 1978 1979 1981 1982 1984 1992 1994 1998 1764 1168 17 225 941 1658 868 1508 318 1378 98 289 753 316 1033 1064 1950 1668 223 1014 1252 188 1788 461 602 1721 731 1823 1918 674 1991 59 1020 1733 1003 1926 1857 946 636 1412 1265 1568 1888 184 1371 116 421 626 1892 1792 549 1255 1922 1747 1728 206 662 890 972 519 927 149 673 873 1618 1904 265 1524 1681 1816 1990 76 612 430 79 1790 193 1890 284 821 270 826 1642 243 1337 1863 906 234 1717 9 1084 315 1495 1472 1049 28 23 1238 1422 841 520 1544 1138 533 1511 470 407 1680 696 966 1561 1971 1133 1121 1740 1476 685 1865 1933 820 690 1088 1882 1516 645 1715 274 976 1411 1444 667 326 1155 544 1017 1270 361 230 1881 1885 1842 585 16 1912 937 191 1082 1549 779 498 1070 1172 1596 1483 1765 1268 1235 1154 367 1656 1107 249 1603 360 1848 1181 902 768 441 1757 774 1183 1710 1325 962 1377 201 1468 1316 698 1123 53 1598 436 1391 1974 776 882 266 102 324 1100 1001 241 1336 1523 943 281 1362 365 3 1223 1610 1558 1199 388 579 1718 922 401 200 1460 273 1939 994 628 1686 978 410 794 1973 595 1321 42 605 1280 783 1440 449 85 797 1369 131 142 91 1720 1689 1629 915 871 540 823 1276 950 1894 968 1381 1466 1212 1605 15 483 1493 13 244 1697 1783 822 1464 1828 1253 1648 817 482 781 1730 1884 148 925 1752 1674 869 975 258 1343 785 644 786 1093 1308 1420 304 529 1673 665 1535 1756 128 1548 1649 1258 1311 161 684 708 1289 1210 704 310 269 1228 908 1525 1997 640 1582 139 34 1502 68 1177 1987 486 493 1474 52 152 1380 1452 1028 606 1096 110 299 172 446 1051 1063 749 800 406 1584 1999 1849 323 501 1010 1046 1855 218 1091 62 594 530 919 434 107 1742 575 554 1775 37 1475 1663 664 1439 854 204 1019 1968 21 867 853 147 462 1434 1878 726 242 31 89 939 1193 1735 479 1770 187 765 638 658 1986 439 253 45 1806 1795 1222 877 1935 177 1421 1335 104 442 487 1094 1988 1576 1124 12 1022 956 1245 1226 1719 829 1859 287 49 1153 1967 330 1985 1180 706 386 1323 1436 735 381 573 1773 688 185 1368 14 235 1624 1135 1396 500 1625 321 852 1803 157 1645 1977 523 1847 588 55 1013 215 535 1615 863 88 1342 1218 40 130 325 997 1290 1983 1170 1201 146 1352 72 10 456 1796 1438 1678 1760 1805 833 1936 511 363 1266 1000 1450 1504 1376 1518 954 727 693 1810 1314 286 1283 1348 1303 1359 722 11 1470 1254 368 1622 1274 712 1275 1813 260 1161 1257 1078 1704 996 1221 400 1102 334 754 1791 1510 117 816 1579 586 143 1300 364 1175 262 1866 1557 122 362 1906 1394 981 866 1384 248 112 54 1346 77 336 383 974 1955 1943 748 1588 1534 825 174 682 616 136 736 353 1427 402 1184 694 653 357 1995 212 1076 1688 1469 1267 1638 1928 1846 837 97 849 1083 447 356 285 1195 385 1090 1778 294 7 435 1026 1745 1387 1156 1021 303 1677 203 1167 1130 796 209 1839 699 1833 460 570 1345 1945 351 842 986 1914 715 952 1911 1372 1185 963 747 728 1246 751 404 864 1708 1852 30 654 480 1753 1360 582 1278 26 710 1692 672 1541 569 858 2000 878 717 610 207 238 457 1347 1328 1613 1005 713 1996 1769 1641 221 1572 237 1479 1573 476 580 777 297 1817 1261 377 563 1413 1071 830 846 1109 1820 1443 515 86 550 135 958 1366 1101 624 1838 450 1431 1864 1451 451 1095 1330 1322 1260 1563 1386 198 757 272 1758 1538 810 875 1856 1445 1880 1320 328 1870 1672 948 1705 1418 1713 1291 1428 1482 894 1554 1145 1338 1430 1350 1711 1774 1749 1946 836 1332 1586 1157 1437 339 1496 354 1741 1305 983 1909 1473 543 254 66 125 1002 546 411 145 159 1585 630 507 1190 1244 1358 1902 1173 222 211 1174 1938 178 57 231 22 282 403 140 1845 670 1478 1012 341 1559 1127 1862 589 444 798 1052 1546 879 1897 1237 572 1344 379 1895 425 801 1192 903 41 1732 1595 1053 1117 1589 1356 4 1707 813 592 1551 1812 1751 1948 1798 700 695 1417 1339 335 1217 1072 1623 502 848 1484 1512 1248 437 1930 217 1008 755 422 1334 1186 1129 1960 119 1942 1913 901 1419 1446 643 782 1113 1120 1989 1034 971 619 1724 1118 181 1424 1410 488 1785 291 454 1550 380 1533 1562 300 83 39 1560 1748 219 1409 931 1980 1727 1787 1519 916 1781 1353 1889 392 1106 182 969 1940 985 1379 524 1669 1970 1272 1699 1670 669 1614 320 1580 1423 806 1340 1374 1793 1282 851 504 1341 343 190 1662 1664 1522 1036 618 333 1400 1503 1634 775 312 1957 452 918 949 1821 517 1966 393 1131 979 1326 1975 1225 1794 33 167 590 1651 1807 478 1354 345 126 1214 1667 1893 48 1191 1608 1528 1609 1393 1599 1196 1301 744 1993 1229 158 911 1182 1285 1836 1564 1691 1315 521 121 1009 1636 1547 1814 872 856 1114 1653 1822 1128 1776 980 1952 1567 1815 1288 973 686 327 1786 724 373 1382 1179 1015 199 1627 1441 928 1454 1116 1908 256 1389 1947 1630 1505 1737 536 455 1432 114 1060 1038 522 1232 732 47 1029 458 1824
2 411 96
2 182 1503
2 880 1722
2 697 605
2 394 1296
2 246 186
2 965 1136
2 946 254
2 767 763
2 837 865
2 700 1331
2 571 553
2 374 471
2 780 1787
2 833 1031
2 208 1310
2 351 196
2 599 584
2 277 47
2 354 1610
2 409 1700
2 23 890
2 484 855
2 530 1464
2 913 544
2 353 1596
2 712 1695
2 276 654
2 971 1033
2 781 1385
2 193 317
2 510 536
2 772 957
2 765 85
2 782 147
2 591 245
2 471 431
2 24 1039
2 20 895
2 4 577
2 796 346
2 119 885
2 137 948
2 190 277
2 835 664
2 522 1043
2 905 1535
2 112 432
2 11 420
2 526 1459
2 777 1559
2 733 504
2 650 542
2 26 1613
2 551 1716
2 624 1090
2 902 255
2 874 451
2 941 794
2 479 1968
2 707 1653
2 195 1256
2 171 691
2 837 423
2 844 484
2 127 1998
2 865 129
2 674 1257
2 309 1919
2 364 331
2 476 1902
2 61 1687
2 5 1477
2 439 1843
2 101 1218
2 241 1749
2 749 870
2 363 1942
2 421 107
2 626 1043
2 903 1538
2 968 93
2 467 1997
2 784 612
2 651 82
2 201 816
2 517 440
2 200 1672
2 471 286
2 99 197
2 97 1428
2 503 513
2 201 1791
2 706 1827
2 574 105
2 497 1351
2 769 813
2 488 27
2 782 1676
2 562 760
2 653 1788
2 389 1998
2 123 1558
2 559 734
2 895 562
2 855 167
2 444 593
2 312 806
2 285 52
2 260 1518
2 440 94
2 29 222
2 977 589
2 707 1762
2 133 1815
2 819 542
2 415 802
2 227 273
2 418 264
2 200 760
2 842 1776
2 811 1454
2 978 1514
2 881 1942
2 156 1626
2 761 1563
2 83 1564
2 829 1846
2 425 39
2 584 1847
2 463 1961
2 528 143
2 874 1812
2 149 390
2 971 1092
2 318 238
2 920 851
2 215 215
2 894 323
2 396 407
2 445 827
2 518 1898
2 591 1618
2 574 1834
2 577 1254
2 575 50
2 997 637
2 884 1420
2 869 770
2 529 1289
2 295 1937
2 212 1700
2 776 1848
2 558 1996
2 976 802
2 298 1649
2 657 38
2 837 1426
2 433 1284
2 652 860
2 272 122
2 992 1530
2 591 30
2 986 1641
2 449 640
2 949 608
2 271 53
2 651 1931
2 683 1158
2 142 1661
2 868 1448
2 759 1347
2 160 1961
2 348 965
1 180 1561
2 131 224
2 900 31
2 538 1733
2 868 1354
2 755 284
2 328 878
2 939 1866
2 898 1539
2 839 739
2 712 1149
2 349 1155
2 981 1845
2 348 890
2 667 1581
2 550 218
2 64 1707
2 439 690
2 265 1564
2 300 1732
2 778 1417
2 585 238
2 375 1160
2 153 603
2 588 1886
2 458 1665
2 955 1949
2 72 1018
2 690 1914
2 886 77
2 53 915
2 846 1974
2 460 1821
2 26 968
2 539 390
2 828 985
2 144 1708
2 945 170
2 419 1965
2 335 508
2 746 1409
2 91 318
2 228 12
2 389 1103
2 47 1569
2 686 825
2 744 25
2 986 953
2 253 1923
2 59 1888
2 342 1871
2 70 1313
2 731 84
2 207 41
2 428 1047
2 912 760
2 357 1967
2 476 327
2 644 594
2 581 508
2 184 1953
2 152 493
2 937 733
2 700 1909
2 28 1341
2 500 1588
2 943 1386
2 871 630
2 872 1723
2 671 560
2 786 1386
2 487 1879
2 8 518
2 172 1701
2 824 565
2 461 338
2 955 1206
2 812 1132
2 37 236
2 587 247
2 575 1196
2 861 502
2 672 1341
2 351 497
2 792 175
2 888 839
2 560 277
2 417 349
2 730 1984
2 746 321
2 932 459
2 404 354
2 175 497
2 309 1390
2 563 23
2 858 667
2 382 984
2 743 30
2 855 1224
2 70 40
2 127 1897
2 912 407
2 520 728
2 626 357
2 565 1484
2 524 399
2 28 1103
2 993 319
2 830 5
2 594 586
2 294 1662
2 460 1611
2 618 980
2 294 565
2 186 1728
2 623 1212
2 366 1179
2 456 1384
2 996 596
2 94 1484
2 848 1028
2 483 1307
2 291 252
2 355 1593
1 663 1499
2 335 230
2 594 1917
2 460 776
2 308 1072
2 137 912
2 115 259
2 916 361
2 866 1865
2 304 372
2 726 103
2 604 1497
2 588 946
2 896 636
2 989 1223
2 969 374
2 648 1271
2 834 1219
2 479 395
2 159 1245
2 193 1294
2 173 59
2 376 1948
2 351 1431
2 225 1424
2 444 327
2 38 240
1 265 1435
2 135 49
2 1 1421
2 536 1604
2 669 1912
2 877 751
2 697 1021
2 501 349
2 269 1258
2 839 662
2 123 106
2 257 844
2 298 1537
2 657 34
2 556 1647
2 833 862
2 660 985
2 416 1383
2 317 1281
2 331 1690
2 479 1060
2 696 262
2 211 120
2 177 1963
2 747 491
2 530 1479
2 436 749
2 497 1263
2 895 444
2 296 352
2 68 1259
2 371 942
2 398 6
2 662 1565
2 861 1398
1 358 441
2 512 71
2 126 1459
2 591 1073
2 723 857
2 950 170
2 34 898
2 130 1600
2 329 816
2 767 1102
2 327 1158
2 472 220
2 720 1257
2 178 1288
2 185 124
2 874 343
2 356 202
2 832 1222
2 809 293
2 853 1726
2 572 912
2 707 1787
2 823 1398
2 605 889
2 21 594
2 885 1880
2 788 1811
2 418 1958
2 88 1123
2 247 407
2 834 661
2 208 897
2 63 1335
2 810 1544
2 396 121
2 991 1615
2 572 296
2 862 201
2 398 724
2 526 1771
2 443 925
2 50 1550
2 775 677
2 342 1646
2 771 974
2 71 1388
2 571 552
2 817 509
2 346 1282
2 721 327
2 70 1637
2 29 998
2 589 1450
2 795 482
2 129 565
2 921 1222
2 125 1669
2 619 1496
2 741 1516
2 73 817
2 566 553
2 53 1645
2 153 152
2 851 1210
2 587 782
2 908 511
2 889 1610
2 186 1889
2 151 152
2 876 1255
2 784 1973
2 265 218
2 590 512
2 932 747
2 785 98
2 372 660
2 507 1779
2 503 1449
2 235 1881
2 180 130
2 901 996
2 921 967
2 397 413
2 390 1749
2 273 31
1 1149 1386
2 135 1732
2 870 1933
2 671 1560
2 617 386
2 800 644
2 974 1967
2 408 162
2 299 1579
2 265 1093
2 197 1598
2 276 385
2 465 871
2 918 222
2 259 482
2 622 1518
2 642 973
2 806 261
2 549 1320
2 393 182
2 601 1541
2 724 563
2 474 506
2 896 141
2 804 1571
2 57 1888
2 162 874
2 496 1658
2 243 804
2 971 1258
2 228 889
2 400 169
2 23 419
2 565 1563
2 117 1989
2 193 13
2 232 445
2 339 543
2 900 1592
2 150 1307
2 101 1801
2 103 768
2 478 1915
2 16 1997
2 704 985
2 174 719
2 198 1828
2 104 1415
2 68 552
2 833 161
2 548 582
2 482 1065
2 936 910
2 632 164
2 238 1205
2 85 298
2 57 1351
2 794 914
2 319 1027
2 966 390
2 803 584
2 682 911
2 897 1104
2 823 884
2 646 840
2 694 617
2 615 1977
2 98 1622
2 904 589
2 341 981
2 278 239
2 569 888
2 829 1239
2 47 1433
2 704 1431
2 804 550
2 753 29
2 455 1552
2 172 1665
2 788 637
2 655 978
2 279 1866
2 113 236
2 965 98
2 317 1753
2 225 1394
2 426 1666
2 678 1083
2 748 817
2 139 402
2 595 742
2 646 1236
2 158 748
2 888 35
2 772 703
2 880 1724
2 242 449
2 846 754
2 412 1237
2 731 1065
2 279 175
2 441 1130
2 355 1439
2 766 1180
2 693 668
2 467 1306
2 157 1815
2 873 1259
2 903 1388
2 853 1737
2 456 18
2 482 49
2 59 1076
2 522 384
2 435 298
2 451 23
2 981 1324
2 826 1109
2 467 66
2 313 212
2 18 591
2 379 222
2 35 1679
2 529 43
2 62 1372
2 807 434
2 841 423
2 391 755
2 531 1430
2 788 1263
2 801 1735
2 590 1971
2 195 502
2 604 767
2 27 938
2 105 840
2 822 338
2 189 99
2 637 497
2 419 1422
2 944 1518
2 881 30
2 365 320
2 831 564
2 214 772
2 514 1414
2 27 735
2 160 946
2 725 941
2 405 887
2 922 397
2 14 419
2 665 370
2 375 1838
2 299 1561
2 774 1067
2 536 478
2 370 1183
2 235 365
2 911 1815
2 395 106
2 392 830
2 892 827
2 761 1906
2 860 135
2 763 1015
2 706 193
2 670 1066
2 639 1156
2 674 650
2 804 1147
2 661 17
2 342 113
2 392 1166
2 174 1353
2 28 1938
2 265 332
2 957 1436
2 156 961
2 656 1890
2 305 986
1 422 424
2 783 1354
2 224 257
2 644 1888
2 581 211
2 925 840
2 264 241
2 161 343
2 105 1293
2 389 1668
2 186 869
2 677 1354
2 588 1446
2 277 489
2 221 1406
2 974 1711
2 493 68
2 833 748
2 965 718
2 165 242
2 28 1854
2 701 1840
2 389 1910
2 559 1062
2 439 1463
2 689 678
2 961 1865
2 54 136
2 849 1971
2 245 1360
2 753 1781
2 317 106
2 359 451
2 670 1786
2 134 467
2 740 1044
2 910 1602
2 173 1678
2 743 512
2 837 958
2 791 1890
2 987 1993
2 747 310
2 707 1976
2 770 1849
2 495 1770
2 970 1597
2 159 423
2 881 1003
2 524 1713
2 568 181
2 279 988
2 882 972
2 500 1063
2 19 480
2 218 1596
2 230 1663
2 958 321
2 211 1624
2 19 272
2 557 67
2 334 631
2 285 746
2 99 749
2 274 1931
2 681 29
2 716 9
2 886 896
2 405 320
2 579 1476
2 945 1261
2 214 1205
2 897 1942
2 852 542
2 593 53
2 686 648
2 79 43
2 364 956
2 823 1114
2 841 1621
2 698 1937
2 623 1385
2 814 39
2 799 1199
2 85 210
2 39 889
2 953 1812
2 975 1915
2 6 1846
2 338 1510
2 481 19
2 322 28
2 302 555
2 94 659
2 86 821
2 476 1410
2 274 610
2 124 162
2 234 1041
2 770 1662
2 839 1025
2 967 1063
2 815 1802
2 420 908
2 394 1481
2 702 1345
2 281 1336
2 732 1901
2 364 1542
2 74 1493
2 453 42
2 209 296
2 962 825
2 894 1061
2 760 426
2 831 1895
2 618 1367
2 572 1583
2 817 1920
2 292 208
2 542 1204
2 631 1216
2 789 1061
2 570 107
2 574 1457
2 918 1311
2 49 987
2 675 39
2 779 461
2 463 1716
2 283 320
2 927 1846
2 621 1058
2 975 795
2 84 403
2 108 1177
2 98 1031
2 654 539
2 70 1321
2 877 319
2 113 1463
2 198 326
2 949 677
2 474 1693
2 156 182
2 239 1754
2 557 398
2 984 1390
2 200 127
2 201 1876
2 520 729
2 258 1111
2 832 35
2 641 255
2 648 1189
2 666 1765
2 809 955
2 706 984
2 569 406
2 491 1817
2 377 1553
2 475 282
2 955 1280
2 485 1143
2 384 759
2 28 326
2 494 1347
2 431 1541
2 741 1477
2 887 550
2 675 1751
2 933 803
2 796 367
2 696 1723
2 810 1261
2 59 45
2 231 1848
2 786 1120
2 958 1152
2 249 1406
2 935 693
2 797 1702
2 540 1646
2 137 1438
2 378 1318
2 447 801
2 181 68
2 187 566
2 760 916
2 993 827
2 220 116
2 579 1375
2 715 588
2 292 561
2 3 1029
2 959 508
2 861 150
2 106 384
2 250 426
2 143 1246
1 388 1935
2 52 787
2 725 406
2 584 747
2 762 1455
2 266 533
2 385 108
2 756 1262
2 824 1955
2 867 1508
2 282 1488
2 563 1524
2 583 1883
2 807 1284
2 376 732
2 11 116
2 606 1327
2 41 1502
2 84 1010
2 67 1491
2 380 1829
2 786 1090
2 593 1442
2 190 1438
2 861 687
2 451 1952
2 360 1231
2 654 518
2 151 1727
2 959 1560
2 838 1281
2 240 358
2 884 580
2 221 65
2 179 617
2 324 1821
2 730 72
2 861 72
2 593 89
2 266 460
2 338 1712
2 683 1611
2 168 1207
2 567 557
2 171 429
2 838 974
2 372 1213
2 93 1164
2 44 14
2 93 228
2 23 656
2 979 18
2 257 1717
2 234 423
2 258 597
2 289 1869
2 677 784
2 2 1001
2 28 1882
2 688 1611
2 632 478
2 732 1261
2 36 721
2 229 1667
2 272 506
2 453 828
2 800 1588
2 188 602
2 45 494
2 627 86
2 668 1639
2 454 440
2 963 40
2 902 360
2 825 1222
2 816 1636
2 47 1510
2 728 810
2 909 1414
2 154 1250
2 944 1461
2 858 453
2 7 3
2 773 1028
2 270 1958
2 85 1119
2 162 932
2 330 459
2 372 1088
2 893 1868
2 544 897
2 179 231
2 281 465
2 588 454
2 607 262
2 612 909
2 59 328
2 865 81
2 775 788
2 109 182
2 896 695
2 471 1521
2 960 343
2 493 1192
2 229 531
2 653 964
2 424 1177
2 571 1686
2 840 1982
2 752 621
2 748 923
2 910 550
2 649 778
2 875 1170
2 51 29
2 391 1319
2 447 1885
2 807 1909
2 109 1074
2 227 1084
2 950 1765
2 556 994
2 728 1631
2 386 1372
2 814 722
1 1411 777
2 381 521
2 300 1328
2 344 302
2 73 310
2 990 1022
1 1742 1832
2 774 44
2 629 536
2 930 1489
2 516 584
2 396 1466
2 146 402
2 548 184
2 922 1147
2 906 1217
2 917 1617
2 676 1293
2 884 62
2 50 201
2 658 186
2 975 712
2 680 1399
2 902 634
2 177 1751
2 953 426
2 959 1869
2 349 1383
2 687 1226
2 775 7
2 987 626
2 552 1786
2 791 287
2 992 1364
2 83 373
2 153 678
2 596 880
2 685 734
2 640 554
2 959 400
1 808 1480
2 718 1461
1 490 1347
2 76 1082
2 563 1684
2 375 1501
2 406 1803
2 280 1429
2 59 277
2 143 716
2 396 1301
2 60 862
2 587 1247
2 916 523
2 661 1899
2 959 785
2 573 545
2 44 1489
2 47 296
2 423 1804
2 798 864
2 878 1720
2 206 725
2 478 1016
2 576 1674
2 596 1142
2 475 1770
2 451 1727
2 710 392
2 487 1440
2 547 778
2 421 1712
2 207 760
2 117 60
2 149 333
2 200 412
2 204 206
2 142 1288
2 139 309
2 796 1529
2 901 1
2 143 432
2 980 650
2 557 1804
2 866 995
2 373 1896
2 93 691
2 454 1069
2 588 1580
2 635 1285
2 872 69
2 299 1948
2 892 411
2 805 1503
2 386 1675
2 840 593
2 847 573
2 451 1420
2 440 187
2 201 241
2 527 50
2 747 1791
2 497 709
2 415 1314
2 797 594
2 613 14
2 645 874
2 509 713
2 509 550
2 44 1311
2 744 197
2 695 1835
2 506 1181
2 215 118
2 656 1139
2 386 184
2 524 1167
2 889 19
2 514 34
1 113 924
2 220 349
2 353 1626
2 156 456
2 800 1399
2 406 544
2 287 57
2 255 1808
2 258 511
2 153 1792
2 47 949
2 169 1668
2 242 881
2 412 1393
2 728 999
2 799 332
2 228 751
2 543 1042
2 140 1510
2 622 468
2 951 301
2 307 717
2 217 492
2 183 1513
2 271 409
2 277 125
2 159 445
2 358 1305
2 105 588
2 488 165
2 842 1220
2 737 1583
2 910 1871
2 509 536
2 119 1537
2 58 1586
2 697 1335
2 33 969
2 939 883
2 271 1344
2 94 1961
2 528 762
2 128 1456
2 75 1305
2 844 200
2 202 681
2 986 1306
2 962 1350
2 365 180
2 906 1978
2 375 1861
2 818 505
2 111 1354
2 86 1728
2 604 291
2 157 89
2 768 364
2 407 1781
2 924 1548
2 401 797
2 592 478
2 369 77
2 315 1646
2 752 1859
2 357 1973
2 755 1008
2 708 691
2 316 1518
2 486 1548
2 667 15
2 723 769
2 166 205
2 600 125
2 447 228
2 934 709
2 566 488
2 486 1556
2 71 1940
2 887 1949
2 927 1177
2 483 1600
2 860 1999
2 501 855
2 167 1141
2 463 1216
2 488 1193
2 807 1397
2 576 1871
2 818 1739
2 10 862
2 294 1646
2 533 115
2 941 1276
2 353 1191
2 648 1823
2 891 1384
2 940 1078
2 300 1484
2 86 815
2 214 1028
2 793 931
2 791 550
2 151 1692
2 173 1463
2 430 1163
2 537 1197
2 956 1290
2 610 311
2 603 162
2 21 490
2 650 708
2 617 1003
2 806 1502
2 451 1353
2 268 1754
2 635 907
2 395 1593
2 461 1579
2 282 239
2 505 531
2 565 376
2 758 1481
2 62 1794
2 322 67
2 145 1762
2 132 1824
2 594 1408
2 470 383
2 840 1714
2 915 1114
2 871 1556
2 821 497
2 458 1370
2 324 958
2 608 1323
2 156 1198
2 410 956
2 165 1249
2 727 1812
2 984 50
2 362 32
2 916 384
2 834 1332
2 684 254
2 386 491
2 705 990
2 118 627
2 262 445
2 380 311
2 806 986
2 187 406
2 679 1384
2 449 1572
2 368 1568
2 604 1394
2 315 607
2 832 1719
2 552 853
2 995 1638
2 165 84
2 274 1870
2 261 1587
2 394 320
2 377 1499
2 586 116
2 424 944
2 242 347
2 806 1830
2 451 1749
2 693 89
2 622 1148
2 551 1203
2 899 769
2 773 1416
2 867 1726
2 203 1069
2 913 596
2 700 1404
2 778 471
2 39 1961
2 56 1189
2 82 1453
2 532 1127
2 269 969
2 926 1540
2 2 1635
2 344 1761
2 83 196
2 930 1022
2 8 529
2 866 1053
2 337 1306
2 308 715
2 851 1923
2 924 706
2 334 1471
2 543 347
2 868 582
2 724 1202
2 492 1716
2 954 1994
2 117 1967
2 246 161
1 1323 455
2 785 294
2 845 1454
2 566 1918
2 864 461
2 790 1464
2 212 298
2 843 1125
2 819 1228
2 648 1720
2 834 1598
2 190 999
2 99 1703
2 520 1385
2 211 473
2 99 1581
2 246 1139
2 932 1800
2 218 1883
2 918 876
2 9 867
2 343 650
2 419 1509
2 104 361
2 802 684
2 768 1605
2 925 522
2 68 129
2 199 1815
2 765 244
2 113 1460
2 527 686
2 395 713
2 549 894
2 33 950
2 967 1063
2 246 144
2 856 1138
2 53 364
2 939 1651
2 490 1580
2 250 396
2 176 440
2 770 450
2 311 1343
2 178 1391
2 337 29
2 59 1051
2 135 1704
2 923 1230
2 619 388
2 612 1963
2 323 556
2 477 1362
2 650 1417
2 811 1108
2 748 76
2 215 325
2 303 456
2 541 1490
2 810 1480
2 202 1085
2 725 167
2 4 1381
2 113 1046
2 765 358
2 43 749
2 574 1501
2 854 1066
2 728 18
2 984 1689
2 756 1984
2 56 730
2 181 1036
2 649 1853
2 269 588
2 618 789
2 157 646
2 910 1619
2 683 691
2 800 1489
2 823 1343
2 562 1809
2 196 664
1 534 1665
2 73 65
2 13 922
2 451 532
2 977 1865
2 784 167
2 224 1792
2 34 326
2 255 463
2 258 388
2 800 30
2 241 1682
2 773 1730
2 936 1999
2 950 628
2 51 476
2 158 1193
2 249 612
2 798 224
2 216 976
2 339 980
2 747 1641
2 726 24
2 32 1219
2 225 491
2 489 180
2 140 40
2 134 714
2 566 568
2 930 161
2 516 73
2 527 806
2 66 1694
2 18 1539
2 794 1888
2 664 1222
2 865 415
2 679 1095
2 46 1091
2 13 1062
2 270 1056
2 371 95
2 246 133
2 384 122
2 555 821
2 38 536
2 384 333
2 141 131
2 293 77
2 852 1245
2 25 844
2 946 326
2 491 1917
2 898 709
2 599 1334
2 82 1682
2 643 678
2 298 897
2 165 974
2 709 1717
2 650 1851
2 432 156
2 879 1733
2 892 1606
2 688 28
2 181 595
2 478 1270
2 735 1358
2 702 1542
2 940 1561
2 196 1490
2 615 777
2 881 1767
2 608 773
2 229 616
2 444 1813
2 388 1318
2 680 1211
2 99 1676
2 883 1528
2 249 486
2 482 363
2 761 1096
2 854 700
2 145 1816
2 755 1292
2 300 621
2 815 1287
2 213 1420
2 305 1299
2 965 43
2 974 1402
2 810 1568
2 567 894
2 824 1785
2 991 1436
2 402 793
2 882 15
2 25 183
2 979 522
2 187 498
2 655 1573
2 827 1842
2 177 442
2 547 1593
1 615 1570
2 986 1815
2 523 1992
2 80 470
2 613 199
2 223 333
2 445 601
2 759 1857
2 972 333
2 202 298
2 176 1612
2 173 1581
2 74 420
2 626 1081
2 440 492
2 625 531
2 575 328
2 700 590
2 310 1190
2 960 1532
2 47 520
1 1672 724
2 555 770
2 700 1025
2 233 1508
2 71 641
2 50 1307
2 865 177
2 348 480
2 986 1963
2 77 1869
2 376 989
2 232 346
2 445 481
2 311 916
2 815 1840
1 131 1464
2 629 331
2 383 890
2 343 1660
2 896 1352
2 270 1983
2 988 1808
2 314 13
2 734 1326
2 955 207
2 167 738
2 420 1154
2 202 553
2 848 1356
2 194 1209
2 605 870
2 517 271
2 960 1637
2 237 422
2 909 1368
2 434 61
2 430 1272
2 351 326
2 907 895
2 638 86
2 831 1049
2 189 812
2 82 1682
2 235 876
2 323 324
2 889 433
2 720 987
2 893 831
2 905 533
2 919 674
2 839 1656
2 364 724
2 684 1793
2 412 1279
2 213 971
2 904 1352
1 1199 1651
2 36 1286
2 771 709
2 554 1286
2 497 270
2 13 27
2 716 316
2 690 942
2 907 23
2 649 1444
2 520 393
2 562 1246
2 825 837
2 494 1682
2 745 1606
2 499 1267
2 117 1489
2 697 985
2 642 1200
2 269 771
2 956 1809
2 975 506
2 391 1223
2 707 110
2 345 1913
2 769 324
2 737 547
2 560 933
2 775 407
2 105 1120
2 273 1391
2 633 975
2 249 1006
2 91 1122
2 706 1767
2 967 1
2 994 1433
2 885 2
2 895 111
2 924 274
2 95 1362
2 378 1756
2 645 1100
2 17 430
2 683 1387
2 580 1523
2 553 605
2 789 1594
2 386 967
2 765 418
2 937 760
2 110 396
2 924 1767
2 303 271
2 343 1605
2 549 591
2 253 832
2 958 1271
2 171 376
2 42 1245
2 740 280
2 472 255
2 432 1433
2 267 841
2 48 825
2 686 90
2 19 120
2 845 565
2 349 1996
2 269 1219
2 531 1817
2 400 1938
2 577 288
2 810 778
2 305 1712
2 117 733
2 911 1423
2 177 38
2 762 1469
2 911 95
2 945 708
2 679 1482
2 263 790
2 68 1853
2 776 1658
2 349 995
2 228 1187
2 9 258
2 939 500
2 582 146
2 711 1457
2 503 1438
2 544 292
2 44 1656
2 890 216
2 820 1400
2 8 1961
2 295 1771
2 99 1475
2 888 1688
2 130 139
2 124 895
2 241 474
2 788 1130
2 344 17
2 321 886
2 868 1484
2 487 1850
2 701 498
2 406 919
2 535 941
2 422 1783
2 221 639
2 951 1017
2 545 1929
2 625 1408
2 337 122
2 528 1275
2 704 665
2 111 1877
2 975 147
2 721 1942
2 173 382
2 293 1433
2 995 998
2 910 636
2 437 583
2 911 1524
2 264 1316
2 128 1074
2 503 789
2 821 1675
2 617 567
2 398 305
2 796 1416
2 474 577
2 693 1637
2 92 714
2 176 401
2 346 491
2 70 368
2 173 1874
2 365 1641
2 354 724
2 814 1189
2 810 727
2 365 1876
2 274 882
2 752 9
2 706 1443
2 772 1093
2 387 1650
2 400 1527
2 150 891
2 663 878
2 643 1688
2 858 664
2 428 25
2 905 209
2 409 25
2 671 688
2 733 1473
2 304 21
2 7 856
2 225 748
2 913 321
2 873 884
2 603 993
2 43 1355
2 565 128
2 748 1117
2 739 78
2 189 1528
2 659 1021
2 30 285
2 462 1998
2 553 1077
2 520 1032
2 368 5
2 782 424
2 976 228
2 302 179
2 300 1219
2 986 872
2 471 62
2 544 1767
2 487 1979
2 780 545
2 438 613
2 938 1684
2 92 1398
2 219 1975
2 973 1056
2 906 873
2 620 1345
2 473 360
2 53 111
2 547 1209
2 973 1561
2 492 345
2 43 913
2 234 1627
2 192 645
2 94 1218
2 630 1375
2 942 646
2 193 1775
2 526 223
2 90 1046
2 665 951
2 412 402
2 824 1387
2 356 1559
2 785 1875
2 622 459
2 798 385
2 465 1027
2 479 453
2 696 1102
2 439 1141
2 358 139
2 266 1994
2 780 1048
2 73 1523
2 992 121
2 601 331
2 127 729
2 668 1414
2 587 1505
2 253 6
2 558 309
2 370 1325
2 708 956
2 249 1611
2 965 869
2 987 265
2 817 1479
2 458 1173
2 524 1074
2 23 1743
2 43 393
2 985 984
2 229 233
2 185 1156
2 186 301
2 899 954
2 474 1729
2 411 989
2 340 828
2 117 76
2 695 104
2 197 1397
2 645 1009
2 574 371
2 372 809
2 180 617
2 327 1250
2 17 1682
2 50 101
2 67 491
2 253 394
2 885 1189
2 854 1607
2 219 1794
2 656 1504
2 569 222
2 156 1510
2 671 881
2 784 1581
2 523 607
2 999 1959
2 553 211
2 797 1733
2 767 817
2 218 1826
1 1498 1799
2 750 593
2 921 855
2 317 1158
2 57 1292
2 579 1764
2 841 1717
2 88 1845
2 602 272
2 524 1171
2 635 1387
2 159 495
2 83 1677
2 435 92
2 307 61
2 646 788
2 316 485
2 62 1569
2 943 804
2 920 10
2 425 1686
2 358 728
2 293 803
2 653 1553
2 957 1758
1 1099 862
2 641 258
2 381 909
2 338 1283
2 92 776
2 108 1550
2 98 1870
2 981 659
2 72 1246
2 157 1801
2 43 652
2 565 1625
2 554 41
2 545 26
2 112 1845
2 106 671
2 224 542
2 978 985
2 176 1228
2 1 291
2 532 1409
2 151 1269
2 180 1170
2 631 654
2 460 209
2 414 738
2 371 597
2 946 1498
2 62 192
2 121 294
2 958 1030
2 964 1956
2 509 677
2 305 1902
2 751 1969
2 381 222
2 785 607
2 545 1394
2 755 804
2 329 512
2 745 266
2 139 1796
2 860 149
2 185 844
2 258 419
2 755 1337
2 287 1332
2 541 148
2 293 1200
2 267 72
2 964 1898
2 704 1449
2 33 824
2 612 135
1 1264 203
2 549 1378
2 695 922
2 473 719
2 405 494
2 943 625
2 751 1499
2 783 829
2 768 1939
2 495 741
2 750 348
2 835 787
2 622 915
2 27 154
2 452 1441
2 888 1832
2 611 1133
2 746 676
2 353 1825
2 221 1355
2 317 557
2 640 95
2 711 878
2 170 685
2 57 618
2 208 862
2 977 239
2 261 281
2 999 1404
2 176 1365
2 942 215
2 996 1990
2 548 339
2 915 307
2 659 914
2 151 1388
2 883 196
2 937 1374
2 722 1009
2 472 866
2 445 930
2 706 844
2 651 1184
2 863 1625
2 185 561
1 1064 1914
2 351 621
1 167 1031
2 991 982
2 173 877
2 545 341
2 763 728
2 375 554
2 47 50
2 265 233
2 728 986
2 868 743
2 543 668
2 532 441
2 713 1950
2 390 1786
2 500 1931
2 923 1846
2 577 298
2 378 535
2 533 151
2 313 292
2 264 771
2 858 1099
2 394 1536
2 213 40
2 904 187
2 73 647
2 889 251
2 298 417
2 989 331
2 883 1672
2 202 444
2 3 984
2 265 1581
2 305 176
2 755 1086
2 899 1153
2 813 1800
2 712 1767
2 847 765
2 890 1899
2 254 201
2 524 1554
2 638 1722
2 37 766
2 173 102
2 989 1304
2 513 864
2 723 816
2 147 92
2 718 1779
2 595 450
2 70 628
2 862 324
2 480 1148
2 157 315
2 424 19
2 609 1198
2 970 337
2 628 1503
2 392 998
