2000 2000 2000
1226 1226 1786 145 345 1226 1226 385 588 1226 1684 1226 1226 1226 143 1226 1720 220 1226 435 573 1355 330 1827 689 1668 1621 70 1226 1226 1226 1226 1226 1226 176 1226 1809 432 1148 699 1543 182 563 1226 1226 1566 1691 1052 809 1226 1226 1747 226 1226 144 1226 306 1358 1226 794 1226 1226 1226 1226 90 1226 1413 1622 1156 300 1226 1226 1292 1637 1226 950 1226 1226 1509 1226 1226 716 1226 1226 1226 1226 1118 1226 516 952 1226 1175 1226 128 763 1226 1226 1226 1226 1893 1226 1226 1226 1277 221 483 722 1086 1703 1226 740 465 1611 1226 1226 713 1226 1226 1226 188 1226 720 1888 1943 293 1226 1226 1179 826 1133 1226 1227 1072 1226 1226 1226 1226 1127 214 1226 1226 1394 507 138 630 1226 512 1226 1226 1533 1226 1226 662 1226 581 1226 1376 1226 1226 1568 1226 1226 1608 1226 1681 1226 1162 1226 1226 331 916 1226 1226 781 1226 233 269 1226 1226 1226 1226 1438 1226 1226 1226 1226 133 931 1424 1226 1692 1226 1226 1912 1623 1123 1226 1226 336 1523 1226 1226 65 355 1756 1226 1226 1303 1268 676 1226 1555 1226 267 48 1226 949 1226 1868 1312 440 1226 1226 1226 1869 105 1226 1226 1749 926 1226 1828 232 1226 1226 1226 1226 1822 1226 1226 1226 1226 1226 1226 633 1226 1226 1226 1235 1226 1022 1226 1226 1226 1226 1226 859 1226 1226 973 35 1715 1024 1039 58 602 1475 24 1926 1226 1226 1226 1226 1226 1782 817 1226 1077 1006 155 1226 1861 1879 1226 262 1226 1226 1226 719 1215 1226 1670 1321 25 749 851 1270 1226 1560 681 951 1226 1226 1226 1226 515 782 1226 1222 1419 1226 46 459 335 1226 1245 1226 1226 1226 1226 1226 1228 1226 1226 1226 1395 1226 1226 73 1914 1588 1226 1226 1226 668 1683 1468 1226 1226 1226 1226 798 1226 1124 1599 1189 688 1098 1165 1832 1573 1322 377 8 354 1226 1226 600 1226 1226 1339 1226 76 1226 1226 1226 528 1226 1664 597 1674 1226 1226 1045 1226 452 903 1226 386 1646 1226 1226 1226 1274 408 196 1226 1226 1894 919 1226 1226 1226 1226 1226 1226 1226 880 422 1880 1226 527 1226 1226 1226 991 1226 1462 1226 1226 1226 1226 1226 1226 1254 1226 1226 893 1464 1226 1226 1739 1226 1818 1226 1226 150 1226 1226 1226 964 874 963 1435 935 1196 1441 909 523 1986 1354 37 1400 1226 1226 1226 1895 419 1226 1226 17 858 1765 1281 111 1226 1226 167 882 9 1226 1226 1226 752 238 398 1858 686 627 1226 1297 1093 1226 1226 1226 1226 645 205 107 1226 718 1226 1283 1007 1226 53 1226 1226 1226 1226 1229 1226 1930 1226 1934 1226 1226 1226 1226 1517 1226 484 831 439 1226 1226 1955 1226 1226 1226 1226 361 1226 529 261 702 1034 1325 1226 1226 1226 478 454 1226 217 1226 219 376 504 94 322 1226 726 1226 1226 1226 1385 1226 956 1226 1544 1226 1935 1226 1226 251 1226 1226 1642 1226 1226 1226 1226 1226 1226 1096 130 1107 1226 1708 1226 374 568 1226 1226 1059 1226 1902 1226 1301 1344 1226 1695 1226 1226 326 1336 1169 1594 1294 779 1729 1226 1226 890 1302 927 424 1226 1352 1226 1226 1246 1226 1449 215 1492 1220 1226 1181 1226 208 1226 957 1226 1226 294 1578 1775 628 1226 1580 1306 1226 1226 1226 1226 1226 312 1226 1226 1120 1226 1226 1226 847 1712 41 194 751 1226 1226 1773 709 562 1790 353 1226 1226 471 1226 1226 1226 972 285 768 1226 1226 1226 1403 1226 1907 1384 68 1226 1482 582 1226 1226 1226 1226 1556 1743 1307 1226 1226 1226 1070 1226 772 1226 1226 1728 1645 1226 1626 1226 1226 1226 1226 275 644 797 1226 437 1136 1226 447 849 1226 67 596 1226 1359 867 406 1226 546 26 42 1226 683 1226 1226 1226 1226 694 1226 1173 1226 296 1915 1704 1193 1226 1524 230 1641 139 1711 1317 827 1226 1226 1226 580 1906 1226 1226 399 1226 1592 1226 673 1226 1226 1224 1226 1209 1989 1785 1226 1226 1226 1226 1226 1226 1226 1374 347 595 1121 1226 1226 1226 1226 1226 1073 1226 43 1226 1226 1878 1276 1226 1512 543 1108 1226 1226 358 674 1226 549 1226 1959 1226 1226 888 342 891 1905 1226 1226 160 1226 1226 1226 1226 1226 1226 1226 1226 212 1226 1226 1237 455 1226 1226 1226 1226 1226 1226 1771 1226 1226 203 329 200 18 1226 257 1226 861 125 481 1226 1477 1226 1226 1226 1119 1226 1901 1106 142 1226 1226 1226 1559 682 1226 1263 1677 1226 113 1226 1226 1226 650 1226 1226 1226 1226 1964 1383 1226 1144 245 1549 566 1226 1226 1226 1226 1226 653 608 310 433 1226 1226 1226 49 823 1724 1226 1364 1226 578 1285 1226 1882 1226 1226 1226 1226 1323 1008 1226 20 1353 295 1226 1226 1614 348 1667 415 1551 1226 282 1226 1619 1226 1962 1226 760 987 472 1226 811 1226 707 899 1324 1537 1770 1226 1226 1226 1012 1226 1226 1952 1226 1226 980 1226 1610 1226 1226 1226 1226 1282 1675 1226 436 1226 292 1226 1226 1226 1331 1226 1679 1226 1226 1226 1226 1226 1226 721 1226 1226 1226 1226 1659 613 1205 1562 626 1226 1226 87 1116 992 313 514 1226 1226 4 539 1226 1226 622 1226 132 1226 1867 346 1813 1719 1226 1226 1226 1505 525 157 737 1226 1226 1226 1226 1226 652 1226 1226 1226 1804 556 1226 1226 1226 1226 1226 1226 1226 1226 384 1226 1226 1226 1226 1219 808 879 1226 1172 1226 1491 1226 314 1226 1850 1074 1671 299 279 1226 637 1226 147 1226 1226 1226 1226 1226 1226 1226 1402 1226 1348 1226 1226 40 1226 657 1226 1693 640 1226 1226 884 27 1226 1541 1226 1490 1226 1163 1363 1226 1226 1455 1226 1226 739 1226 1226 1226 1848 1304 1226 1226 1226 1226 1226 1258 1717 74 531 1951 1226 1226 1752 1628 297 1226 1226 120 1226 1226 971 1702 1239 1226 1226 1226 1746 1226 1259 1226 1201 1802 1226 1369 1226 1226 1226 1226 741 1226 1226 905 1650 558 1226 1226 1226 1226 1226 1226 1226 607 52 122 692 464 887 1226 466 225 1226 1226 1127 1226 604 1226 1226 1226 981 1727 453 1911 1226 1226 1226 1226 1226 1546 1226 871 1226 629 1226 805 1226 953 1226 1226 1117 1226 1226 1019 1226 1226 268 1226 451 1990 1488 1226 367 1226 1226 1226 712 1226 1226 260 23 1226 1315 1226 1226 1226 1208 1981 517 1226 1226 1226 1226 1226 576 1226 865 1095 1226 448 850 1226 1226 418 1226 486 1226 1226 95 1226 1226 1226 929 1226 1226 1733 1582 1226 900 978 438 495 458 174 1226 586 570 1738 1226 813 1992 1046 1226 1392 1829 1919 767 1226 1520 1226 1226 503 349 1226 1368 209 1757 1226 1710 1226 1226 1226 1053 1536 1226 1226 1226 1226 1853 1226 1226 1851 1226 1226 1226 785 1481 1226 619 1226 695 1223 1226 1226 1226 1847 1187 55 460 635 1226 579 1226 664 1300 1226 1226 969 165 1742 732 1226 587 860 1633 1226 1226 1801 1730 1450 1226 1923 363 1261 825 1226 1041 841 1918 265 1534 727 1226 1272 1063 1226 1940 1226 1226 199 1618 1226 1299 1226 1216 1226 1226 1226 571 1010 696 1572 598 1226 1226 1226 493 1226 479 1226 1103 1226 1226 636 1226 1226 1547 1226 1226 1862 1226 123 1917 1226 1226 1211 1226 1226 1226 1871 38 852 1898 1226 1226 1942 1016 609 1226 1226 60 47 1226 1226 1226 229 585 112 1001 1214 1226 819 1226 307 1226 1226 1226 1226 1226 1226 380 913 750 1226 1226 1226 1226 1226 1226 1064 1226 390 691 1226 39 1865 104 1042 1579 1333 434 1226 1226 1226 1947 1226 1226 1238 1226 1226 1987 1226 1226 1226 1295 1226 187 1226 1226 1234 1226 1231 1226 1226 1226 1226 1226 1226 1329 1226 1226 1226 897 1226 1269 1607 1226 1226 402 1226 1603 944 1226 1360 1226 1226 1443 1056 1226 1661 1226 1226 734 1226 1226 1226 1226 1226 1226 766 1226 1789 1226 1226 1226 1437 889 1226 1226 1226 1226 1226 1644 1226 2000 1226 1226 1226 1087 1150 1226 1226 278 1226 1937 1309 1226 370 1973 590 1226 1226 1226 1620 352 1226 1485 1226 1226 1226 350 1226 663 1226 1226 1226 837 1226 979 1657 1226 204 1226 1226 491 1226 1226 1496 1226 1497 289 1522 1226 1082 1226 1226 1226 1698 1226 1226 1134 774 1226 1407 369 1226 1226 1444 872 730 1839 1709 1226 124 1370 1372 1399 1226 974 1226 1226 1226 189 714 1342 1226 1446 195 1078 530 469 1226 1226 1422 1226 1020 1226 1226 1226 1345 577 1226 1226 1226 1212 1976 1929 846 1226 1631 1226 1226 28 1226 1226 1836 612 1226 1226 1280 1226 541 1226 1226 717 883 1313 1226 1226 1226 1958 1226 1226 1226 1658 1142 1226 1192 937 1585 1226 379 1226 1226 249 816 1726 670 1983 1048 500 1226 1226 1598 1226 1835 82 1226 1928 1226 901 1226 1226 1226 685 533 1226 1226 427 1759 1226 780 1750 1153 1226 1226 1226 1714 1226 1226 1226 1226 1226 1226 1085 108 5 610 646 316 1226 1146 1226 1779 109 1886 1226 443 106 1226 1226 895 1662 1226 866 1226 191 1226 1526 177 1682 1417 1226 1629 1226 921 1226 1226 431 1617 832 1226 834 3 1226 810 1226 1548 1226 477 1287 1398 1226 1226 1226 1890 371 400 1135 280 1660 1892 266 1226 264 1226 815 1921 1226 1226 1226 906 1226 959 15 711 1896 1863 1226 1226 283 1226 1226 1226 1226 908 776 1226 1226 153 1540 1226 1499 1017 1198 1226 1597 1830 1226 309 1226 1032 1226 502 1969 1226 337 1226 1226 1226 1226 1226 698 1226 1226 1226 389 560 11 1226 1296 1226 1612 1226 1226 1226 1264 1226 1226 1696 1226 1226 1922 1071 1226 1226 1852 1846 1226 1226 1226 1226 1226 1226 1226 1226 1226 1226 1251 1503 1226 441 1226 1226 1226 1226 1754 1226 1226 1226 1666 1226 1226 1226 1226 1824 1226 1226 1226 1079 1226 1563 1226 1226 1542 1745 960 1487 163 263 1226 1226 1843 92 1226 1226 1469 1226 1226 1226 656 210 1226 1713 764 1688 1226 1831 1452 1769 1577 1226 1984 1226 1226 1700 1226 1226 700 344 1589 1226 1397 1226 1401 1091 100 1226 1844 1226 1226 1226 1226 1226 57 771 468 634 1226 1213 1226 1226 1226 21 1226 129 1226 1241 1226 1945 1291 522 958 1014 1226 557 593 1226 1037 1530 1226 1226 1557 1431 1218 1226 1226 1226 116 1050 1226 1180 1686 1226 1855 758 1561 1226 1514 301 1968 1226 1226 518 1226 1511 89 1877 1226 1226 1226 1995 869 1226 1161 1226 1226 1190 1226 276 907 1226 1371 1226 1018 1226 1226 1226 290 1957 1226 1226 22 1226 467 170 1271 1226 1226 1129 1226 537 1226 1226 1226 967 1638 1226 1226 1226 1290 1226 1226 1899 1226 1226 1226 1226 442 1226 171 1286 1226 69 1159 1226 835 79 1226 1410 1226 1226 351 1226 1226 1226 1226 654
1 2 6 7 10 12 13 14 16 19 29 30 31 32 33 34 36 44 45 50 51 54 56 59 61 62 63 64 66 71 72 75 77 78 80 81 83 84 85 86 88 91 93 96 97 98 99 101 102 103 110 114 115 117 118 119 121 126 127 131 134 135 136 137 140 141 146 148 149 151 152 154 156 158 159 161 162 164 166 168 169 172 173 175 178 179 180 181 183 184 185 186 190 192 193 197 198 201 202 206 207 211 213 216 218 222 223 224 227 228 231 234 235 236 237 239 240 241 242 243 244 246 247 248 250 252 253 254 255 256 258 259 270 271 272 273 274 277 281 284 286 287 288 291 298 302 303 304 305 308 311 315 317 318 319 320 321 323 324 325 327 328 332 333 334 338 339 340 341 343 356 357 359 360 362 364 365 366 368 372 373 375 378 381 382 383 387 388 391 392 393 394 395 396 397 401 403 404 405 407 409 410 411 412 413 414 416 417 420 421 423 425 426 428 429 430 444 445 446 449 450 456 457 461 462 463 470 473 474 475 476 480 482 485 487 488 489 490 492 494 496 497 498 499 501 505 506 508 509 510 511 513 519 520 521 524 526 532 534 535 536 538 540 542 544 545 547 548 550 551 552 553 554 555 559 561 564 565 567 569 572 574 575 583 584 589 591 592 594 599 601 603 605 606 611 614 615 616 617 618 620 621 623 624 625 631 632 638 639 641 642 643 647 648 649 651 655 658 659 660 661 665 666 667 669 671 672 675 677 678 679 680 684 687 690 693 697 701 703 704 705 706 708 710 715 723 724 725 728 729 731 733 735 736 738 742 743 744 745 746 747 748 753 754 755 756 757 759 761 762 765 769 770 773 775 777 778 783 784 786 787 788 789 790 791 792 793 795 796 799 800 801 802 803 804 806 807 812 814 818 820 821 822 824 828 829 830 833 836 838 839 840 842 843 844 845 848 853 854 855 856 857 862 863 864 868 870 873 875 876 877 878 881 885 886 892 894 896 898 902 904 910 911 912 914 915 917 918 920 922 923 924 925 928 930 932 933 934 936 938 939 940 941 942 943 945 946 947 948 954 955 961 962 965 966 968 970 975 976 977 982 983 984 985 986 988 989 990 993 994 995 996 997 998 999 1000 1002 1003 1004 1005 1009 1011 1013 1015 1021 1023 1025 1026 1027 1028 1029 1030 1031 1033 1035 1036 1038 1040 1043 1044 1047 1049 1051 1054 1055 1057 1058 1060 1061 1062 1065 1066 1067 1068 1069 1075 1076 1080 1081 1083 1084 1088 1089 1090 1092 1094 1097 1099 1100 1101 1102 1104 1105 1109 1110 1111 1112 1113 1114 1115 1122 1125 1126 1128 1130 1131 1132 1137 1138 1139 1140 1141 1143 1145 1147 1149 1151 1152 1154 1155 1157 1158 1160 1164 1166 1167 1168 1170 1171 1174 1176 1177 1178 1182 1183 1184 1185 1186 1188 1191 1194 1195 1197 1199 1200 1202 1203 1204 1206 1207 1210 1217 1221 1225 1230 1232 1233 1236 1240 1242 1243 1244 1247 1248 1249 1250 1252 1253 1255 1256 1257 1260 1262 1265 1266 1267 1273 1275 1278 1279 1284 1288 1289 1293 1298 1305 1308 1310 1311 1314 1316 1318 1319 1320 1326 1327 1328 1330 1332 1334 1335 1337 1338 1340 1341 1343 1346 1347 1349 1350 1351 1356 1357 1361 1362 1365 1366 1367 1373 1375 1377 1378 1379 1380 1381 1382 1386 1387 1388 1389 1390 1391 1393 1396 1404 1405 1406 1408 1409 1411 1412 1414 1415 1416 1418 1420 1421 1423 1425 1426 1427 1428 1429 1430 1432 1433 1434 1436 1439 1440 1442 1445 1447 1448 1451 1453 1454 1456 1457 1458 1459 1460 1461 1463 1465 1466 1467 1470 1471 1472 1473 1474 1476 1478 1479 1480 1483 1484 1486 1489 1493 1494 1495 1498 1500 1501 1502 1504 1506 1507 1508 1510 1513 1515 1516 1518 1519 1521 1525 1527 1528 1529 1531 1532 1535 1538 1539 1545 1550 1552 1553 1554 1558 1564 1565 1567 1569 1570 1571 1574 1575 1576 1581 1583 1584 1586 1587 1590 1591 1593 1595 1596 1600 1601 1602 1604 1605 1606 1609 1613 1615 1616 1624 1625 1627 1630 1632 1634 1635 1636 1639 1640 1643 1647 1648 1649 1651 1652 1653 1654 1655 1656 1663 1665 1669 1672 1673 1676 1678 1680 1685 1687 1689 1690 1694 1697 1699 1701 1705 1706 1707 1716 1718 1721 1722 1723 1725 1731 1732 1734 1735 1736 1737 1740 1741 1744 1748 1751 1753 1755 1758 1760 1761 1762 1763 1764 1766 1767 1768 1772 1774 1776 1777 1778 1780 1781 1783 1784 1787 1788 1791 1792 1793 1794 1795 1796 1797 1798 1799 1800 1803 1805 1806 1807 1808 1810 1811 1812 1814 1815 1816 1817 1819 1820 1821 1823 1825 1826 1833 1834 1837 1838 1840 1841 1842 1845 1849 1854 1856 1857 1859 1860 1864 1866 1870 1872 1873 1874 1875 1876 1881 1883 1884 1885 1887 1889 1891 1897 1900 1903 1904 1908 1909 1910 1913 1916 1920 1924 1925 1927 1931 1932 1933 1936 1938 1939 1941 1944 1946 1948 1949 1950 1953 1954 1956 1960 1961 1963 1965 1966 1967 1970 1971 1972 1974 1975 1977 1978 1979 1980 1982 1985 1988 1991 1993 1994 1996 1997 1998 1999 1032 1491 1417 453 834 1093 883 1831 221 832 758 1477 1752 1836 952 1180 9 1085 767 265 212 1524 713 700 1499 25 107 1886 1192 808 635 1446 702 1995 689 1686 944 418 472 1407 1692 901 226 1867 1223 111 203 469 1222 580 1858 1438 133 1475 363 384 546 1526 451 929 1551 1037 935 556 1520 167 772 138 1290 26 1871 1309 903 1662 809 163 960 1934 1245 35 1017 751 1348 1563 275 974 1053 1759 919 380 841 1785 478 208 196 1696 640 1272 782 209 1333 811 1902 1497 1001 1268 1443 861 1321 980 194 1668 1548 1923 1641 1108 1135 1556 1989 1008 921 1469 1915 676 502 294 1282 525 1660 104 1726 779 780 522 517 1522 369 1277 827 307 1281 1868 443 1234 433 716 1241 1618 815 752 67 1163 1843 695 627 1121 628 1906 267 1973 1637 1259 1921 1292 563 170 1190 389 874 1198 427 1747 1464 1622 1345 55 1306 537 3 1869 722 1312 1645 1264 558 188 1922 890 1287 860 1804 1830 310 1633 346 452 888 906 289 1046 1523 1594 1818 484 858 1098 805 348 1079 1336 1144 1363 1536 1179 503 1303 344 1136 872 1073 698 849 367 27 147 1951 951 1659 768 1505 1295 895 871 297 157 1329 1107 578 586 1424 1169 379 719 398 238 1509 132 128 40 529 100 22 1246 1568 797 1482 636 1912 1485 299 329 402 1724 1987 926 1682 440 1175 1888 53 1572 709 1384 1710 893 439 1769 370 1300 539 60 108 1006 1342 87 1129 657 523 992 1670 153 1263 1063 979 1087 937 422 1621 891 916 479 1514 1703 1269 597 47 588 1893 1544 1714 1034 1052 1455 69 1898 15 1617 1181 1650 726 292 1642 1895 1118 1623 1560 1302 220 1358 879 336 1620 1542 899 847 143 1299 1911 1452 1360 1782 1431 1957 1555 1704 1209 900 549 1829 1024 5 846 1786 205 155 1789 1964 282 1208 349 1562 504 1588 1945 528 177 1371 326 727 1304 1917 931 1400 1582 1150 1059 495 116 763 295 579 683 826 750 607 347 1117 1733 512 1901 1437 1959 1727 927 741 352 120 1410 1133 124 139 1684 280 1213 668 531 1041 408 1729 1271 1962 781 269 1042 587 1239 1077 1235 816 1688 187 377 530 1218 1667 1677 913 399 764 466 1325 1730 306 630 1189 57 415 652 674 123 458 129 1488 342 191 400 1211 1307 1702 477 1543 688 1116 645 1935 1533 1986 455 1173 1119 907 1610 1561 1943 1757 1847 229 217 608 644 908 969 557 859 351 1231 95 42 335 1691 766 1530 1578 1422 142 1850 2000 251 465 279 1127 798 106 1019 598 260 1123 1679 1607 1658 613 1441 1952 825 1790 1742 1853 1983 434 144 1894 973 1698 1892 691 1700 1018 1487 749 1385 189 219 1376 1237 301 1369 1086 1712 385 957 1919 4 386 24 1537 866 987 48 1082 1383 664 1771 629 200 576 354 1657 1492 1937 300 290 950 909 685 437 533 1942 959 823 1835 1220 1674 882 483 577 1229 884 1577 612 464 953 1745 1048 1156 1638 1296 1323 978 165 981 1683 1228 176 1070 991 663 1928 585 1106 1462 785 1159 1628 1071 1865 1597 543 1172 467 1394 887 37 1490 358 596 889 337 560 1285 1926 1401 18 1016 1749 1619 1276 831 1540 322 670 230 964 1372 145 819 1134 130 1828 376 1096 1557 1566 610 686 1559 23 1339 737 1324 835 696 68 314 73 604 406 1863 199 1984 1444 210 285 1695 771 1599 1331 1449 673 1675 1773 1877 1646 1258 1398 486 1120 1297 730 313 1713 1511 89 1896 1103 1546 1219 1743 1739 447 813 720 1878 1022 1880 1614 345 1603 1374 150 1848 571 1503 971 39 1283 17 1355 214 1286 1402 1205 1007 1468 1370 432 232 707 454 1958 330 760 11 1162 949 1064 1238 972 245 850 264 1153 28 1056 1981 171 431 41 1216 626 1227 619 1592 622 1317 518 711 734 1832 1608 1261 1930 1010 1354 732 653 656 215 1399 249 1294 568 8 1631 776 438 1280 1890 1746 1976 1344 867 1717 1846 1914 74 468 263 609 1947 46 794 125 507 897 82 276 268 1626 355 1012 1882 1585 1879 1215 516 1738 837 1862 958 374 49 471 1580 1196 1148 1940 112 1809 113 1822 92 1709 1681 182 865 1852 1779 1014 1765 1274 1715 122 1450 1579 880 1827 38 1020 1813 1719 481 699 1226 634 956 174 1955 714 646 1629 225 1359 817 1072 527 493 459 852 1395 65 593 1861 70 905 1368 1078 1224 1992 1720 1907 1413 76 58 1091 718 1644 350 1201 79 515 1291 195 1419 1990 514 20 1039 1397 257 712 1315 600 419 1844 633 361 740 331 1801 1124 233 424 682 262 739 1322 1547 595 1313 692 1214 283 963 1161 160 1969 562 721 1666 681 1661 1364 1598 573 1517 541 43 442 1074 90 1095 810 1855 590 353 602 1212 312 1929 1392 1301 1770 1403 1918 491 694 654 1254 570 967 204 1435 1251 1728 1165 581 1541 1496 390 1142 1193 278 1899 1549 1824 21 774 1802 441 1481 296 460 1708 717 309 1839 266 1512 1664 1756 582 1573 662 1711 1187 261 1693 1352 869 1146 109 1270 316 448 1905 371 1353 1754 650 566 1750 1851 1775 1968 637 1534 293 1050 1045 1589 1611 52 436 435 105 1612 851 94 500 1671
2 180 1625
2 364 1342
2 38 600
2 244 268
2 540 154
2 357 366
2 479 82
2 407 1229
2 410 1219
2 405 1139
2 577 1791
2 763 1806
2 618 994
2 333 460
2 194 4
2 264 1069
2 524 969
2 29 914
2 340 1654
2 744 963
2 254 1343
2 964 1830
2 118 1100
2 863 184
2 692 892
2 700 1656
2 369 677
2 579 134
2 283 1678
2 813 1962
2 35 413
2 818 109
2 980 268
2 90 165
2 131 150
2 962 1240
2 244 1781
2 513 561
2 29 103
2 194 1800
2 112 1386
2 789 855
2 509 995
2 109 212
2 573 261
2 545 1014
2 135 1995
2 286 1641
2 841 529
2 414 1698
2 281 766
2 775 1274
2 706 660
2 215 1625
2 635 624
2 889 1974
2 593 580
2 20 380
2 503 432
2 678 1116
2 699 1589
2 101 1869
2 583 1850
2 448 739
2 247 461
2 558 1794
2 606 1205
2 349 1834
2 830 727
2 510 854
2 184 46
2 747 845
2 954 450
2 56 1535
2 236 1181
2 825 1699
2 757 698
2 523 1814
2 702 1412
2 378 354
2 179 579
2 943 1748
2 444 1561
2 326 1805
2 891 925
2 354 1167
2 110 500
2 118 454
2 439 1262
2 999 1152
2 212 684
2 784 436
2 999 240
2 628 908
2 418 826
2 114 1651
2 496 248
2 647 809
2 261 544
2 894 799
2 145 458
2 847 1691
2 760 1815
2 240 1274
2 278 664
2 389 159
2 658 736
2 879 1745
2 406 800
2 590 1439
2 226 1518
2 573 950
2 756 1696
2 800 582
2 857 1805
2 357 1966
2 538 584
2 379 873
2 384 1601
2 275 1127
2 396 563
2 195 1015
2 616 133
2 64 1539
2 589 1799
2 455 1775
2 994 1534
2 623 1223
2 747 657
2 482 883
2 357 1508
2 663 657
2 847 943
2 584 1614
2 673 1315
2 195 1680
2 568 1440
2 727 1500
2 160 477
2 166 1783
2 76 1216
2 245 1783
2 232 1673
2 986 880
2 78 1492
2 176 1800
2 885 1524
2 260 407
2 80 753
2 412 975
2 617 1748
2 70 20
2 213 1662
2 237 377
2 505 1034
2 602 1381
2 672 1341
2 503 757
2 159 883
2 676 1592
2 127 1915
2 84 674
2 820 947
2 963 1109
2 245 185
2 625 1854
2 878 122
2 480 1488
2 383 814
2 762 745
2 84 944
2 190 1645
2 69 1723
2 962 277
2 470 984
2 120 936
2 655 1578
2 84 1658
2 910 539
2 971 59
2 267 444
2 983 1389
2 543 1615
2 954 1056
2 420 1792
2 972 1132
2 116 1535
2 344 1947
2 186 238
2 194 533
2 440 1898
2 813 232
2 202 1559
2 167 1455
2 888 1318
2 287 593
2 404 621
2 722 1802
2 76 193
2 37 153
2 941 1460
2 997 1880
2 311 1336
2 321 587
2 828 44
2 997 1772
2 262 842
2 950 1691
2 382 943
2 22 660
2 153 871
2 659 773
2 928 399
2 718 1375
2 112 461
2 701 1351
2 70 874
2 187 600
2 522 126
2 218 343
2 208 1358
2 304 1854
2 348 1600
2 873 981
2 978 138
2 475 1727
2 1 744
2 998 308
2 578 1553
2 458 1708
2 590 1757
2 99 1262
2 622 1026
2 447 687
2 896 1173
2 665 946
2 879 1606
2 185 520
2 14 473
2 444 1828
2 716 664
2 433 726
2 881 985
2 79 901
2 970 1138
2 577 1643
2 480 170
2 557 1751
2 651 1651
2 408 699
2 366 1258
2 722 517
2 967 1988
2 230 1569
2 756 1116
2 219 1586
2 976 1911
2 129 1188
2 111 1609
2 60 734
2 234 1495
2 719 1447
2 25 1389
2 134 718
2 900 1718
2 539 937
2 1 1493
2 452 162
2 264 289
2 294 993
2 789 1212
2 913 801
2 557 1110
2 903 938
2 931 1189
2 558 421
2 203 165
2 251 712
2 866 661
2 520 511
2 367 415
2 379 921
2 316 410
2 234 75
2 113 74
2 164 210
2 510 1898
2 704 666
2 568 34
2 361 1715
2 574 1499
2 617 1764
2 857 1019
2 151 1559
2 193 967
2 616 547
2 216 899
2 396 1980
2 132 846
2 358 1773
2 572 300
2 689 194
2 129 984
2 848 791
2 664 596
2 636 914
2 443 1873
2 138 92
2 941 1434
2 597 639
2 224 1658
2 831 1310
2 907 1787
2 871 1349
2 438 271
2 85 665
2 867 141
2 792 1017
2 782 314
2 81 583
2 475 1557
2 993 33
2 890 917
2 246 871
2 940 173
2 171 633
2 539 412
2 579 376
2 701 1146
2 872 429
2 87 342
2 677 844
2 328 505
2 980 1211
2 399 993
2 744 1219
2 656 1634
2 226 1761
2 909 717
2 326 25
2 288 482
2 751 731
2 225 92
2 792 1623
2 660 1435
2 871 280
2 263 697
2 166 1425
2 993 219
2 317 1872
2 861 1892
2 524 1243
2 761 1839
2 829 1161
2 275 799
2 48 1811
2 111 229
2 432 873
2 279 1097
2 350 1057
2 958 1207
2 294 610
2 5 111
2 93 1654
2 414 1502
2 124 1841
2 286 71
2 2 224
2 659 232
2 817 22
2 582 1682
2 549 897
2 200 1448
2 591 1181
2 329 289
2 312 1109
2 618 408
2 284 1807
2 74 133
2 774 1691
2 243 1228
2 511 898
2 371 471
2 389 414
2 636 1248
2 485 986
2 905 1781
2 927 851
2 496 418
2 812 1892
2 397 1959
2 336 618
2 574 259
2 243 1374
2 152 1119
2 102 686
2 250 1933
2 282 9
2 428 1455
2 958 997
2 149 896
2 937 1799
2 390 1059
2 900 888
2 412 411
2 40 1671
2 163 268
2 121 1303
2 121 85
2 526 1554
2 444 1497
2 718 701
2 256 1549
2 244 471
2 72 676
2 803 1988
2 75 1258
2 825 1572
2 832 1714
2 756 1166
2 501 461
2 248 141
2 855 1976
2 551 426
2 800 427
2 527 1472
2 78 232
2 465 1244
2 821 1272
2 982 1726
2 234 42
2 236 1155
2 122 1760
2 120 67
2 993 1474
2 100 1471
2 322 388
2 147 184
2 882 1895
2 6 1172
2 496 509
2 27 1895
2 92 1926
2 782 79
2 991 1049
2 891 1830
2 791 561
2 154 384
2 279 243
2 887 617
2 632 1345
2 166 223
2 264 1897
2 228 668
2 661 932
2 164 636
2 671 605
2 872 1634
2 256 559
2 487 1249
2 905 1502
2 26 1131
2 416 1793
2 530 1894
2 724 785
2 851 1973
2 409 194
2 804 284
2 831 278
2 752 408
2 240 1703
2 440 749
2 60 1243
2 250 405
2 280 973
2 587 91
2 244 794
2 548 1238
2 868 1905
2 547 1108
2 628 1296
2 869 1763
2 469 451
2 707 1197
2 993 557
2 956 1489
2 530 1107
2 692 959
2 748 914
2 821 1675
2 941 841
2 820 1432
2 689 1169
2 698 168
2 846 1463
2 477 295
2 678 1893
2 152 1196
2 220 300
2 189 1227
2 345 195
2 955 188
2 594 1039
2 231 981
2 666 290
2 421 773
2 968 1752
2 619 1929
2 817 720
2 271 1577
2 884 44
2 27 1383
2 372 118
2 120 1347
2 810 567
2 163 786
2 606 1729
2 475 1100
2 462 1582
2 352 1488
2 803 1553
2 627 790
2 575 807
2 959 285
2 777 680
2 902 1966
2 631 1845
2 248 1139
2 444 75
2 265 1702
2 881 697
2 518 1108
2 977 1671
2 991 1992
2 618 203
2 524 1186
2 314 1750
2 489 392
2 59 1163
2 183 1386
2 335 673
2 368 990
2 854 1799
2 216 1344
2 892 1206
2 787 289
2 271 512
2 457 55
2 769 1821
2 805 638
2 502 1099
2 496 1121
2 870 1067
2 697 1825
2 491 727
2 226 785
2 223 1272
2 280 1901
2 368 1793
2 721 1512
2 729 1921
2 76 1246
2 840 1549
2 354 698
2 158 473
2 508 1188
2 393 454
2 736 734
2 275 1519
2 122 413
2 983 473
2 231 1422
2 940 1021
2 141 654
2 876 1044
2 386 727
2 859 1077
2 193 1216
2 847 1068
2 4 1089
2 100 667
2 120 108
2 911 559
2 46 1685
2 904 449
2 702 889
2 703 772
2 586 1379
2 700 1807
2 218 179
2 726 164
2 976 1994
2 220 1210
2 534 324
2 96 1907
2 660 1531
2 219 658
2 425 119
2 516 1788
2 210 781
2 86 1594
2 512 317
2 870 316
2 993 591
2 732 704
2 904 386
2 6 1579
2 823 93
2 757 924
2 103 1407
2 851 1415
2 884 372
2 771 1516
2 907 1583
2 625 742
2 885 1713
2 626 636
2 452 1233
2 8 1781
2 880 1576
2 421 1504
2 461 165
2 590 1890
2 241 1339
2 316 1715
2 464 1080
2 852 408
2 739 174
2 763 1989
2 568 29
2 920 156
2 118 570
2 512 915
2 932 1720
2 453 108
2 203 975
2 922 1289
2 378 1840
2 192 1279
2 994 1701
2 183 1387
2 590 123
2 29 1763
2 130 1119
2 966 285
2 956 959
2 753 389
2 952 1504
2 885 1722
2 734 992
2 80 1691
2 698 1852
2 533 641
2 19 1618
2 511 101
2 656 286
2 263 1797
2 253 1400
2 902 849
2 134 873
2 114 360
2 152 925
2 883 1585
2 922 1914
2 938 805
2 767 454
2 482 755
2 93 256
2 313 1308
2 636 1423
2 113 352
2 403 1519
2 237 565
2 696 1325
2 459 539
2 391 1405
2 478 1001
2 986 1619
2 226 126
2 203 151
2 437 1383
2 385 1906
2 248 1477
2 635 1141
2 636 54
2 442 315
2 636 1459
2 114 1062
2 93 1996
2 330 1429
2 611 791
2 886 378
2 270 291
2 112 1100
2 719 796
2 233 369
2 262 455
2 882 1496
2 604 1467
2 738 45
2 356 389
2 762 746
2 960 870
2 777 1269
2 452 1059
2 163 875
2 509 574
2 374 1378
2 606 409
2 669 752
2 838 391
2 742 1099
2 414 1713
2 251 465
2 95 258
2 797 1599
2 512 1323
2 188 1171
2 313 1856
2 427 1814
2 622 29
2 594 1301
2 679 461
2 769 1541
2 296 1015
2 362 1993
2 222 1438
2 394 484
2 42 1974
2 81 186
2 205 1648
2 709 898
2 840 792
2 379 259
2 636 1704
2 847 577
2 809 1570
2 345 93
2 628 1201
2 423 1252
2 470 255
2 824 1729
2 564 1400
2 646 1334
2 550 833
2 159 1692
2 944 662
2 712 1743
2 375 1620
2 400 124
2 956 533
2 822 1183
2 645 1189
2 59 1122
2 415 1795
2 662 1170
2 301 727
2 287 565
2 779 1768
2 527 545
2 305 1751
2 564 1273
2 494 981
2 397 559
2 496 370
2 326 1275
2 776 783
2 557 997
2 429 1712
2 660 834
2 557 315
2 717 546
2 691 1724
2 603 239
2 450 1113
2 708 1636
2 585 1494
2 446 825
2 950 1571
2 571 1547
2 223 1028
2 2 1723
2 114 411
2 825 442
2 170 1984
2 473 1395
2 138 300
2 283 897
2 769 677
2 686 1293
2 62 1561
2 115 1603
2 343 365
2 505 1345
2 394 121
2 58 1400
2 619 1320
2 148 1430
2 988 1330
2 446 580
2 19 1946
2 494 756
2 986 561
2 492 1957
2 188 1813
2 795 1653
2 162 538
2 790 520
2 926 136
2 197 188
2 971 1662
2 274 1758
2 400 1964
2 294 671
2 157 130
2 409 772
2 588 1073
2 947 810
2 627 681
2 400 772
2 387 523
2 841 938
2 392 1424
2 751 1213
2 141 249
2 681 1510
2 757 436
2 702 1999
2 33 56
2 151 1363
2 731 1788
2 392 1219
2 370 1421
2 476 18
2 833 267
2 174 241
2 617 1950
2 591 1024
2 16 412
2 311 381
2 74 166
2 235 139
2 748 1920
2 59 406
2 326 316
2 277 1769
2 303 1081
2 256 675
2 822 1923
2 284 1516
2 152 884
2 842 579
2 830 703
2 937 551
2 855 989
2 462 324
2 443 724
2 511 1946
2 193 355
2 768 122
2 436 1821
2 742 552
2 647 965
2 160 84
2 586 1670
2 737 1089
2 870 355
2 186 708
2 316 367
2 207 888
2 508 1447
2 776 1836
2 67 1721
2 172 467
2 992 1642
2 714 1792
2 990 1405
2 235 1340
2 778 1207
2 618 345
2 483 1569
2 103 1455
2 581 189
2 232 82
2 692 752
2 482 1315
2 230 1658
2 101 1997
2 348 844
2 810 641
2 122 1415
2 312 1608
2 385 1374
2 964 1089
2 709 991
2 897 1164
2 990 596
2 88 1492
2 571 380
2 756 934
2 635 86
2 521 398
2 192 1547
2 873 1681
2 423 834
2 550 738
2 430 1091
2 543 1929
2 159 200
2 305 1799
2 641 1097
2 224 1823
2 635 264
2 954 1511
2 319 866
2 542 1587
2 524 153
2 86 295
2 815 424
2 448 555
2 338 400
2 924 1696
2 809 472
2 960 514
2 30 642
2 992 977
2 610 1612
2 864 1492
2 238 574
2 303 1590
2 188 334
2 895 44
2 775 1165
2 892 325
2 544 1063
2 534 1368
2 466 1052
2 131 649
2 502 23
2 603 546
2 310 1069
2 179 592
2 920 291
2 189 790
2 878 1157
2 833 308
2 348 978
2 389 518
2 585 451
2 928 1516
2 541 384
2 614 684
2 810 306
2 186 144
2 258 926
2 622 1332
2 528 247
2 295 787
2 799 1079
2 812 422
2 673 1621
2 958 846
2 997 1081
2 627 1491
2 9 1692
2 28 840
2 99 654
2 540 1627
2 887 1452
2 146 529
2 31 750
2 366 1110
2 691 567
2 539 746
2 742 1656
2 647 1469
2 230 1177
2 191 1233
2 171 1912
2 644 1535
2 706 562
2 133 1473
2 370 1567
2 501 1972
2 47 1866
2 237 1011
2 370 1803
2 929 21
2 931 212
2 713 413
2 863 1201
2 721 847
2 457 1103
2 556 1641
2 553 1604
2 114 936
2 127 721
2 691 451
2 479 1785
2 4 61
2 962 1174
2 207 1403
2 680 743
2 405 574
2 488 54
2 306 1482
2 149 1760
2 528 1000
2 971 1128
2 444 1988
2 580 908
2 547 327
2 399 1860
2 390 1007
2 140 1919
2 756 1777
2 193 281
2 68 1720
2 244 1870
2 665 1051
2 339 629
2 190 1420
2 311 1717
2 83 214
2 91 1428
2 899 684
2 274 1260
2 948 1250
2 283 1322
2 51 1736
2 16 1287
2 676 6
2 692 267
2 497 1682
2 601 815
2 152 88
2 442 1333
2 967 1509
2 20 1406
2 133 1605
2 497 360
2 236 605
2 602 269
2 892 1062
2 794 1658
2 881 364
2 115 1888
2 725 344
2 587 30
2 277 650
2 519 496
2 304 1325
2 469 383
2 465 683
2 663 353
2 921 1095
2 852 1004
2 389 476
2 29 1937
2 102 693
2 566 384
2 835 1762
2 587 897
2 82 159
2 233 1116
2 855 1878
2 480 1518
2 972 1682
2 276 1212
2 717 1795
2 550 325
2 958 500
2 205 1933
2 739 357
2 90 272
2 473 1696
2 601 863
2 444 248
2 729 1228
2 578 1834
2 848 450
2 185 974
2 282 128
2 330 154
2 651 1447
2 905 1068
2 379 540
2 222 1172
2 307 272
2 475 616
2 569 1911
2 779 740
2 499 1174
2 33 1510
2 108 1952
2 741 232
2 585 1060
2 47 1591
2 26 1651
2 775 235
2 401 1862
2 490 1695
2 535 1348
2 830 1561
2 57 1093
2 910 1275
2 236 395
2 574 234
2 151 524
2 625 1626
2 246 661
2 836 1973
2 676 162
2 455 1750
2 488 1918
2 508 1879
2 832 34
2 922 1332
2 842 251
2 358 94
2 275 1412
2 220 161
2 194 1050
2 144 1787
2 806 838
2 48 1357
2 406 266
2 347 1512
2 487 886
2 507 1514
2 647 854
2 405 1794
2 578 207
2 338 334
2 142 1978
2 606 920
2 851 28
2 552 65
2 256 1908
2 912 470
2 742 1875
2 714 641
2 583 1634
2 165 1684
2 119 1235
2 349 564
2 110 615
2 259 1444
2 623 1353
2 489 756
2 506 1386
2 374 830
2 52 457
2 450 1740
2 628 1279
2 32 43
2 311 1125
2 165 769
2 805 56
2 877 585
2 780 678
2 821 1106
2 938 1715
2 1 706
2 885 1019
2 733 898
2 842 1861
2 51 402
2 784 563
2 97 1146
2 133 180
2 828 4
2 499 195
2 302 1844
2 140 1584
2 733 1897
2 336 1486
2 210 1348
2 299 1029
2 709 815
2 411 429
2 266 379
2 329 175
2 397 1545
2 542 1802
2 861 1022
2 646 1357
2 162 950
2 187 961
2 650 486
2 484 1815
2 18 1755
2 247 498
2 968 1480
2 841 310
2 845 102
2 689 922
2 922 443
2 503 1090
2 146 875
2 882 36
2 718 476
2 197 1887
2 721 472
2 669 219
2 494 327
2 639 1309
2 97 62
2 912 1084
2 423 1420
2 537 752
2 790 1086
2 570 1531
2 22 1120
2 708 404
2 420 1852
2 143 1119
2 866 1395
2 136 1339
2 964 1617
2 824 894
2 377 1979
2 420 1688
2 563 1654
2 335 1200
2 684 179
2 545 1429
2 950 1007
2 987 601
2 514 906
2 999 1611
2 139 1680
2 335 110
2 945 1326
2 112 1594
2 221 1678
2 618 1219
2 554 161
2 275 1275
2 564 1118
2 761 805
2 439 203
2 490 60
2 53 503
2 64 1627
2 863 331
2 307 1017
2 341 1831
2 120 765
2 365 1551
2 235 1475
2 217 471
2 31 950
2 582 1489
2 560 1935
2 441 903
2 181 468
2 382 1425
2 670 1991
2 47 1861
2 787 1399
2 981 1688
2 173 1277
2 489 1084
2 905 762
2 488 363
2 988 1092
2 818 267
2 315 646
2 272 16
2 915 1442
2 306 1175
2 254 905
2 523 963
2 372 231
2 769 1416
2 833 1932
2 477 1375
2 687 377
2 82 1364
2 597 1435
2 623 61
2 962 895
2 261 151
2 337 1111
2 835 491
2 837 1770
2 800 1344
2 855 1523
2 206 1402
2 885 609
2 995 1601
2 570 235
2 910 5
2 330 1129
2 382 1079
2 243 1658
2 665 376
2 574 1079
2 291 1349
2 336 1307
2 867 1071
2 20 14
2 11 428
2 337 1261
2 309 77
2 882 181
2 720 1849
2 221 453
2 348 1776
2 760 457
2 626 1278
2 787 221
2 392 1362
2 522 539
2 73 1659
2 952 1756
2 628 836
2 787 976
2 351 1881
2 198 1063
2 569 1476
2 185 1318
2 791 1359
2 186 766
2 944 1112
2 698 1449
2 976 1572
2 727 1506
2 985 950
2 757 156
2 435 1686
2 699 784
2 228 846
2 776 601
2 987 1340
2 536 947
2 10 1677
2 201 129
2 599 755
2 176 1445
2 686 1325
2 942 226
2 184 865
2 254 458
2 291 1055
2 259 946
2 929 1109
2 782 1750
2 331 1220
2 727 1645
2 76 1558
2 586 862
2 5 1862
2 544 1295
2 126 1268
2 656 1027
2 387 1300
2 686 887
2 398 1453
2 2 1384
2 982 655
2 298 804
2 489 1436
2 940 1739
2 561 562
2 170 187
2 218 663
2 867 1613
2 461 1058
2 646 807
2 157 895
2 568 1481
2 160 465
2 197 1316
2 972 1296
2 909 846
2 627 956
2 3 118
2 650 1975
2 778 1083
2 355 1420
2 608 1757
2 26 458
2 975 1716
2 780 1955
2 723 109
2 2 1733
2 551 1852
2 686 1310
2 226 1226
2 374 1582
2 691 677
2 851 264
2 285 809
2 159 1896
2 662 372
2 736 1645
2 735 1449
2 956 1987
2 377 783
2 57 425
2 818 1770
2 130 962
2 321 1574
2 663 1621
2 628 577
2 729 871
2 311 42
2 735 273
2 442 548
2 684 1124
2 221 1177
2 222 755
2 642 530
2 827 453
2 129 1322
2 966 997
2 377 1618
2 880 1847
2 193 1945
2 702 24
2 843 389
2 929 1112
2 115 709
2 567 90
2 673 242
2 109 1309
2 991 1292
2 841 503
2 87 1668
2 676 48
2 842 1898
2 480 62
2 310 1686
2 18 890
2 751 1704
2 842 1645
2 162 1303
2 355 1860
2 192 838
2 485 1326
2 240 311
2 73 928
2 810 997
2 341 1758
2 684 1035
2 932 1476
2 369 1826
2 193 1631
2 390 842
2 648 292
2 552 301
2 703 263
2 548 378
2 901 1363
2 614 1900
2 562 1466
2 598 1490
2 771 62
2 293 1779
2 80 1208
2 547 722
2 925 1326
2 383 678
2 103 1230
2 406 1500
2 93 1617
2 609 125
2 436 1556
2 177 69
2 247 1439
2 790 714
2 734 1670
2 89 1592
2 599 1881
2 251 1872
2 995 1871
2 550 1223
2 288 1056
2 663 1098
2 687 1680
2 873 559
2 556 341
2 427 489
2 378 1122
2 243 1341
2 37 1260
2 617 50
2 193 1176
2 763 281
2 928 655
2 368 146
2 377 545
2 451 1170
2 871 44
2 742 966
2 217 1514
2 89 1339
2 634 1461
2 473 564
2 148 1969
2 407 599
2 39 693
2 326 266
2 344 140
2 912 525
2 177 571
2 621 66
2 560 1586
2 64 1318
2 52 9
2 309 107
2 992 972
2 568 1718
2 407 1494
2 482 1565
2 479 963
2 142 848
2 474 472
2 206 1935
2 591 1719
2 188 1922
2 973 46
2 425 211
2 350 1683
2 868 1005
2 519 625
2 753 1408
2 182 118
2 582 384
2 829 104
2 292 535
2 234 1373
2 360 1500
2 996 1302
2 151 1102
2 870 196
2 480 212
2 243 1411
2 113 1195
2 765 1227
2 845 1169
2 8 1331
2 499 1758
2 286 1850
2 541 619
2 324 1356
2 849 631
2 55 1738
2 165 1985
2 375 1608
2 763 341
2 429 1019
2 258 162
2 175 1981
2 483 1976
2 983 1201
2 540 1828
2 804 1165
2 74 1334
2 758 578
2 867 1701
2 775 599
2 305 952
2 425 861
2 323 202
2 638 968
2 418 1584
2 445 104
2 506 1870
2 943 72
2 798 1746
2 108 1807
2 940 169
2 792 80
2 160 905
2 667 1482
2 611 242
2 639 1732
2 780 957
2 512 650
2 831 73
2 523 262
2 209 1426
2 175 651
2 555 30
2 140 1016
2 333 1240
2 274 255
2 806 1082
2 301 902
2 42 430
2 714 653
2 757 460
2 141 1808
2 51 636
2 228 1975
2 151 1424
2 759 431
2 399 362
2 671 181
2 464 1092
2 929 1569
2 197 586
2 369 1679
2 191 1280
2 538 618
2 577 1449
2 554 964
2 561 1720
2 640 447
2 628 132
2 659 1940
2 911 1936
2 638 387
2 792 891
2 484 1965
2 819 60
2 841 972
2 890 898
2 777 1292
2 495 341
2 803 838
2 831 982
2 971 388
2 896 924
2 183 1514
2 987 1630
2 396 1995
2 944 614
2 13 1884
2 565 866
2 673 1854
2 795 590
2 922 1699
2 682 1333
2 90 632
2 403 1415
2 338 781
2 999 367
2 124 684
2 440 1137
2 49 1100
2 427 1129
2 438 228
2 774 1441
2 327 470
2 197 1855
2 183 285
2 925 204
2 663 147
2 847 525
2 48 690
2 1 1540
2 256 1274
2 698 364
2 374 657
2 952 171
2 799 793
2 560 147
2 436 1058
2 688 455
2 693 1522
2 647 303
2 283 909
2 831 68
2 969 1271
2 258 1398
2 777 108
2 525 1570
2 574 130
2 742 1931
2 821 1626
2 832 1305
2 578 570
2 459 1438
2 730 282
2 16 511
2 751 356
2 336 1639
2 824 1366
2 806 1201
2 905 18
2 829 1904
2 563 1335
2 947 1946
2 402 1309
2 318 1038
2 743 1649
2 737 1840
2 556 426
2 42 231
2 328 520
2 354 1546
2 366 1084
2 741 668
2 285 446
2 666 16
2 562 32
2 231 233
2 240 1342
2 462 201
2 143 1661
2 193 162
2 43 403
2 719 1547
2 497 1762
2 258 1564
2 106 954
2 328 531
2 134 473
2 506 112
2 931 553
2 204 1809
2 790 1056
2 10 769
2 166 1117
2 275 136
2 823 228
2 798 475
2 590 1141
2 511 1149
2 446 1786
2 59 1641
2 215 1356
2 816 739
2 319 748
2 719 1657
2 690 294
2 773 1347
2 640 1485
2 954 1160
2 157 1583
2 850 574
2 361 1523
2 903 1733
2 53 1587
2 621 1992
2 55 1415
2 825 282
2 171 292
2 553 1335
2 548 1312
2 608 1410
2 559 626
2 795 1075
2 623 239
2 362 1955
2 621 947
2 324 1114
2 868 1753
2 351 369
2 10 285
2 637 818
2 176 1337
2 148 1843
2 361 690
2 795 286
2 116 1720
2 281 1251
2 891 407
2 872 322
2 37 33
2 199 1702
2 218 1047
2 880 1407
2 358 1486
2 51 966
2 249 620
2 444 801
2 355 56
2 893 1027
2 402 657
2 609 1554
2 840 1254
2 691 1728
2 381 256
2 131 1275
2 770 121
2 385 1143
2 402 671
2 702 1331
2 939 1956
2 958 493
2 835 1013
2 108 863
2 236 279
2 667 1838
2 94 117
2 713 650
2 336 664
2 974 1294
2 110 213
2 692 559
2 828 950
2 310 1693
2 315 228
2 922 688
2 498 1509
2 288 1457
2 744 1954
2 421 1743
2 486 1200
2 371 1368
2 12 1306
2 274 1412
2 687 1248
2 325 1576
2 596 1913
2 657 1674
2 938 1937
2 749 1744
2 315 352
2 732 1631
2 344 1228
2 107 1039
2 335 923
2 329 785
2 976 1380
2 321 1254
2 668 21
2 43 524
2 841 836
2 945 1395
2 418 1100
2 813 1001
2 253 841
2 123 1115
2 705 1376
2 984 867
2 452 375
2 250 1680
2 289 1978
2 205 1997
2 849 93
2 121 137
2 699 435
2 441 1548
2 523 495
2 29 1131
2 632 954
2 782 1098
2 911 1622
2 107 1260
2 145 1103
2 839 1454
2 411 1192
2 635 1901
2 731 1743
2 464 347
2 257 1619
2 934 73
2 681 930
2 756 1861
2 268 1394
2 91 1586
2 758 162
2 811 1522
2 853 1619
2 960 1749
2 618 1913
2 738 1051
2 496 1795
2 59 468
2 658 1564
2 608 1399
2 145 1567
2 813 1884
2 302 1311
2 481 3
2 438 1747
2 754 416
2 41 662
2 918 1876
2 52 57
2 439 1643
2 937 295
2 183 1963
2 635 976
2 215 1106
2 277 1644
2 699 1631
2 216 782
2 780 1683
2 613 706
2 433 332
2 519 1814
2 98 284
2 676 548
2 635 1000
2 806 324
2 67 1000
2 750 690
2 717 1739
2 504 1943
2 122 595
2 334 1581
2 615 1931
2 429 687
2 47 29
2 906 1577
2 847 1377
2 657 1974
2 251 1867
2 454 1127
2 642 218
2 655 182
2 699 1817
2 615 601
2 58 119
2 499 1991
2 475 1285
2 197 1521
2 455 742
2 102 1495
2 696 1347
2 268 1247
2 570 1755
2 290 1614
2 519 852
2 485 1675
2 671 73
2 926 192
2 961 45
2 455 738
2 820 952
2 171 51
2 171 7
2 313 591
2 654 577
2 623 1890
2 569 1637
2 682 377
2 522 1361
2 73 374
2 114 1895
2 126 593
2 85 353
2 440 1200
2 198 60
2 47 571
2 150 12
2 868 69
2 324 1389
2 215 437
2 952 1879
2 374 875
2 972 560
2 928 1591
2 218 1605
2 846 652
2 5 1643
2 435 1639
2 37 1998
2 973 230
2 784 334
2 387 1477
2 519 1916
2 427 3
2 589 1930
2 788 1673
2 470 1894
2 398 901
2 601 1493
2 196 1754
2 196 1905
2 364 108
2 748 1717
2 619 1505
2 167 425
2 462 824
2 674 1889
2 273 1800
2 281 1845
2 932 773
2 361 1604
2 366 1326
2 685 884
2 120 666
2 587 448
2 769 1706
2 292 1028
2 311 1447
2 435 1452
2 948 1864
2 222 1701
2 264 507
2 473 540
2 322 1717
2 587 1571
2 140 400
2 736 1308
2 573 1884
2 927 240
2 385 1344
2 913 690
2 732 1151
2 788 689
2 369 1422
