2000
2000
963
757
541
644
522
2000
2000
2000
2000
2000
646
668
807
2000
552
998
2000
772
2000
2000
2000
864
698
2000
632
580
2000
2000
966
819
981
911
870
2000
2000
514
972
2000
2000
795
559
892
574
2000
2000
2000
842
2000
720
2000
707
2000
636
2000
594
981
504
2000
2000
2000
2000
553
754
2000
2000
2000
836
516
817
753
955
2000
2000
2000
758
2000
2000
623
822
2000
2000
2000
897
2000
891
883
2000
2000
789
785
1000
634
599
2000
505
653
740
900
856
2000
2000
2000
723
612
664
2000
595
2000
2000
583
2000
801
2000
2000
539
638
2000
2000
605
2000
617
2000
2000
2000
2000
2000
748
545
2000
664
857
2000
2000
2000
2000
2000
841
2000
2000
2000
2000
992
2000
2000
2000
741
921
652
2000
931
2000
764
2000
2000
2000
509
868
2000
2000
917
830
2000
756
2000
879
2000
618
768
980
2000
2000
963
598
907
2000
2000
911
972
734
2000
2000
2000
2000
2000
2000
2000
815
807
2000
814
2000
2000
2000
714
597
2000
925
964
2000
2000
2000
680
829
2000
755
2000
682
979
864
665
929
2000
889
2000
947
814
523
783
2000
2000
2000
901
979
2000
1000
999
2000
2000
2000
2000
2000
554
2000
675
2000
816
987
2000
717
568
909
948
2000
2000
521
2000
2000
593
2000
723
2000
2000
2000
2000
2000
2000
2000
941
2000
2000
2000
867
2000
549
2000
549
737
774
2000
919
2000
913
2000
559
798
750
867
521
634
648
685
767
888
837
2000
705
568
2000
2000
2000
2000
2000
871
617
811
2000
885
2000
573
690
939
854
665
642
2000
863
2000
598
2000
2000
2000
2000
563
916
868
2000
783
920
2000
993
896
771
941
830
540
580
2000
873
914
683
673
2000
669
2000
2000
2000
910
675
713
757
776
2000
2000
872
738
2000
994
2000
2000
2000
2000
2000
726
2000
890
585
2000
2000
2000
707
996
2000
2000
2000
715
999
660
817
2000
555
2000
2000
672
2000
619
2000
927
2000
2000
517
630
612
2000
583
2000
933
505
2000
2000
665
575
2000
2000
899
2000
719
2000
1448
878
2000
2000
906
589
2000
838
2000
880
2000
2000
719
2000
757
929
2000
2000
2000
2000
2000
502
753
2000
552
801
2000
923
2000
2000
2000
767
2000
2000
881
2000
2000
679
854
2000
2000
505
2000
2000
783
2000
2000
792
847
722
888
2000
835
2000
773
667
837
672
2000
745
2000
2000
2000
2000
2000
730
2000
592
805
832
753
2000
561
2000
751
784
588
757
2000
2000
2000
2000
2000
532
2000
994
2000
2000
702
754
2000
947
2000
2000
699
2000
524
2000
2000
781
2000
656
956
2000
837
667
580
2000
2000
823
2000
885
2000
629
2000
811
838
2000
2000
2000
2000
2000
633
581
960
778
2000
2000
2000
557
2000
882
2000
2000
2000
619
2000
2000
512
2000
2000
666
700
2000
2000
2000
788
730
544
2000
806
2000
2000
2000
2000
510
775
2000
2000
2000
2000
2000
2000
2000
647
843
2000
608
742
2000
879
984
2000
2000
860
2000
615
2000
2000
2000
2000
901
881
912
2000
905
708
709
2000
2000
783
727
2000
2000
535
2000
2000
782
576
2000
791
2000
513
871
994
733
905
2000
824
763
2000
2000
885
2000
2000
631
2000
627
2000
2000
2000
2000
540
2000
2000
2000
2000
853
740
2000
568
921
883
518
2000
548
861
2000
2000
2000
2000
2000
591
2000
2000
967
966
754
2000
2000
762
2000
2000
534
2000
512
657
2000
2000
908
883
887
875
2000
2000
944
768
519
908
2000
2000
888
2000
764
2000
542
2000
2000
2000
775
798
2000
2000
2000
2000
637
559
2000
2000
2000
2000
617
887
731
2000
725
768
739
2000
2000
739
645
768
966
2000
2000
854
510
2000
607
675
839
2000
2000
750
906
2000
2000
2000
2000
2000
622
2000
680
2000
2000
2000
2000
607
2000
920
2000
715
846
622
2000
848
2000
656
2000
2000
531
2000
2000
2000
556
2000
945
2000
2000
601
957
2000
2000
2000
2000
2000
700
714
2000
528
2000
2000
574
604
505
2000
782
1047
2000
666
558
718
2000
604
2000
2000
2000
571
2000
2000
2000
2000
887
826
2000
2000
863
744
770
2000
2000
2000
658
2000
607
2000
2000
2000
2000
555
2000
507
987
2000
2000
2000
839
791
927
804
2000
2000
2000
707
844
592
2000
953
628
601
614
851
2000
2000
860
2000
758
2000
968
2000
2000
2000
2000
525
834
827
2000
2000
985
690
927
766
2000
942
675
2000
2000
745
2000
2000
875
843
831
938
883
539
558
2000
808
769
2000
743
675
841
2000
2000
871
815
685
820
2000
2000
2000
829
2000
2000
2000
2000
2000
619
2000
2000
582
769
698
2000
2000
2000
669
811
2000
2000
2000
2000
737
2000
991
2000
572
766
636
522
2000
2000
594
556
2000
2000
842
2000
2000
2000
636
2000
698
2000
525
915
816
553
663
2000
810
961
971
1020
2000
2000
763
2000
813
896
2000
893
2000
2000
2000
870
502
604
2000
822
921
812
2000
834
720
612
586
2000
542
615
811
815
769
2000
529
706
2000
813
2000
964
2000
2000
2000
989
902
2000
2000
855
970
2000
692
545
2000
2000
2000
2000
2000
2000
707
2000
2000
2000
2000
2000
2000
929
932
714
2000
727
2000
2000
2000
913
874
692
2000
997
2000
2000
686
596
513
2000
2000
2000
2000
2000
586
548
2000
2000
2000
2000
808
2000
2000
2000
662
2000
2000
918
2000
900
2000
2000
2000
2000
2000
676
693
2000
607
849
2000
2000
2000
2000
504
765
603
2000
2000
882
2000
726
587
724
520
2000
532
536
664
2000
2000
612
2000
899
567
2000
593
919
2000
2000
2000
2000
2000
2000
551
959
2000
740
911
2000
607
557
2000
2000
849
879
719
671
2000
2000
622
2000
694
526
2000
785
2000
2000
2000
742
2000
2000
2000
776
2000
2000
2000
2000
2000
2000
765
575
850
2000
755
2000
677
2000
2000
2000
832
2000
843
643
2000
781
2000
2000
812
2000
595
2000
540
2000
653
2000
579
663
2000
612
851
553
2000
913
2000
715
2000
2000
2000
652
891
2000
2000
512
2000
643
949
2000
2000
969
2000
836
806
878
781
2000
2000
1000
2000
739
2000
950
785
2000
868
828
502
2000
2000
2000
2000
2000
2000
715
590
735
672
2000
2000
2000
2000
902
877
651
2000
2000
754
2000
842
846
695
923
2000
871
882
719
2000
722
670
507
2000
904
2000
2000
543
2000
2000
2000
709
2000
2000
2000
2000
2000
830
2000
2000
2000
2000
685
2000
2000
988
520
2000
2000
666
2000
2000
2000
2000
555
2000
2000
767
562
511
948
2000
864
2000
2000
881
2000
2000
784
1033
2000
2000
586
820
2000
2000
2000
2000
2000
2000
2000
911
513
2000
819
686
729
2000
2000
773
551
629
2000
2000
2000
688
2000
2000
624
968
740
2000
836
2000
2000
2000
2000
886
2000
571
910
2000
2000
2000
666
2000
2000
2000
2000
981
990
2000
692
883
2000
780
2000
761
2000
788
2000
523
2000
2000
634
815
2000
2000
2000
2000
2000
815
2000
2000
2000
2000
995
758
2000
705
789
777
2000
546
2000
800
605
2000
2000
943
833
747
2000
805
2000
2000
2000
2000
2000
592
2000
2000
2000
2000
2000
692
2000
2000
983
703
2000
2000
562
831
783
2000
2000
652
870
2000
841
2000
2000
915
637
998
2000
2000
2000
2000
975
2000
2000
724
2000
2000
2000
2000
2000
692
852
716
2000
663
2000
2000
2000
624
944
2000
934
2000
2000
629
735
690
736
559
2000
2000
779
643
828
2000
1456
2000
2000
2000
702
844
2000
886
568
674
2000
2000
842
2000
677
2000
521
2000
1009
2000
2000
2000
2000
825
2000
761
954
1300
2000
2000
2000
2000
2000
627
649
553
704
549
2000
2000
2000
2000
772
2000
2000
553
2000
618
2000
2000
2000
610
2000
824
2000
791
2000
2000
2000
2000
2000
2000
2000
2000
2000
874
557
574
2000
2000
2000
618
2000
764
929
633
624
2000
872
770
2000
2000
2000
528
2000
594
962
675
657
913
824
622
2000
2000
949
692
1020
2000
2000
2000
585
875
527
2000
2000
2000
974
576
2000
2000
520
2000
819
583
830
709
2000
2000
2000
2000
871
521
2000
2000
2000
2000
2000
2000
2000
542
2000
850
2000
2000
2000
764
2000
743
2000
2000
2000
2000
2000
2000
759
2000
776
759
592
678
666
2000
556
2000
944
2000
2000
941
793
867
2000
612
2000
790
513
832
524
2000
826
555
2000
2000
727
2000
726
959
715
758
2000
950
2000
2000
760
602
672
2000
2000
804
2000
2000
539
2000
582
2000
641
629
2000
2000
639
798
2000
820
869
896
2000
506
809
859
972
902
2000
2000
2000
945
2000
571
2000
796
2000
2000
911
2000
663
1000
877
2000
2000
2000
563
2000
674
2000
818
926
664
848
953
2000
2000
699
627
953
805
561
2000
689
2000
648
744
832
2000
2000
778
2000
575
2000
2000
2000
579
2000
731
985
752
2000
2000
2000
905
2000
2000
2000
2000
2000
2000
2000
557
959
673
2000
2000
742
716
666
562
770
2000
539
2000
808
958
2000
2000
2000
958
673
867
507
932
2000
2000
991
2000
726
824
799
2000
2000
2000
2000
2000
822
682
2000
691
2000
2000
2000
2000
851
2000
2000
2000
2000
2000
826
830
2000
2000
2000
560
2000
624
2000
631
2000
2000
650
991
643
2000
2000
640
796
2000
2000
892
873
964
2000
2000
2000
2000
1013
752
557
646
2000
599
2000
2000
2000
620
2000
771
2000
599
2000
2000
959
2000
909
765
2000
907
714
665
2000
891
693
838
2000
686
923
2000
2000
2000
2000
2000
2000
2000
2000
2000
2000
2000
2000
2000
2000
686
2000
2000
2000
692
672
2000
2000
668
958
847
2000
2000
2000
764
2000
2000
990
549
2000
2000
2000
850
880
700
2000
524
2000
642
2000
2000
2000
2000
2000
2000
2000
2000
537
2000
935
687
2000
2000
2000
759
2000
2000
2000
2000
2000
2000
942
2000
2000
2000
2000
2000
520
2000
755
960
2000
949
2000
938
2000
663
2000
2000
2000
785
2000
614
568
2000
903
677
2000
807
2000
751
2000
2000
879
2000
2000
572
954
2000
2000
2000
2000
2000
643
656
2000
616
943
2000
2000
2000
546
2000
2000
2000
2000
2000
525
2000
672
927
962
546
830
830
830
688
655
2000
2000
683
2000
928
2000
875
916
2000
803
954
851
869
2000
786
2000
643
973
2000
2000
847
2000
2000
2000
974
785
2000
2000
574
2000
2000
2000
629
2000
2000
2000
637
2000
2000
834
555
2000
2000
2000
938
2000
2000
691
881
588
2000
2000
2000
2000
2000
2000
737
528
2000
2000
861
2000
2000
928
2000
914
2000
789
2000
