2000 2000 2000
426 186 913 1916 1747 98 677 610 1319 1186 130 1669 1467 1815 1807 919 860 1260 648 1519 973 1393 1003 1129 1127 571 1739 5 1155 1866 906 1773 223 345 306 1507 1520 118 1133 1811 1329 730 1047 1231 1288 1381 195 1332 894 207 1232 1307 364 509 1685 776 1268 1521 282 1619 745 1653 1011 1575 1641 19 1055 808 584 1631 440 1479 1809 1859 683 502 1614 1721 741 1588 52 1143 1822 1387 1367 848 1096 1076 797 670 1700 287 1850 154 148 1966 634 804 684 1483 289 1607 646 1902 298 1685 1952 1465 1028 612 1732 1315 1852 418 1553 675 937 124 267 1358 1222 878 1154 392 1297 1784 1781 1100 1377 1305 781 1769 419 836 1451 1543 1328 542 703 1038 799 1577 321 826 1846 651 808 630 1206 1435 1908 518 1142 1522 1127 344 1247 1384 976 1933 1359 1300 574 37 973 1767 799 1078 1164 1909 1893 424 1361 553 1622 153 854 1792 644 634 287 425 552 73 480 784 1945 1677 381 140 1481 262 1289 1138 422 574 49 219 51 1326 1563 536 583 860 634 1404 1346 1722 1991 1222 1887 1773 719 1697 84 1527 774 1578 438 1180 1277 823 573 728 519 701 1053 1191 1501 99 1450 244 309 792 1699 500 1618 438 1019 523 777 1540 42 1143 1484 1143 1642 1039 1929 1422 117 411 266 1778 1850 1044 1345 819 1876 1994 1814 97 1865 1923 1651 1563 227 1336 181 1538 1320 1180 972 1949 677 1521 1504 742 833 1854 76 1308 124 412 114 1163 678 831 856 734 487 1980 1994 1619 1184 1132 969 410 1930 792 430 1993 1491 1117 1286 560 767 328 289 1793 234 1452 847 1073 597 1951 809 1918 1480 1418 620 1656 1463 1248 1360 403 1828 653 445 99 529 246 1090 506 591 1205 994 1910 112 404 1841 988 951 438 1110 1463 1485 1795 43 195 1018 1956 1332 1784 1482 849 8 1285 532 1970 592 1797 1764 426 394 899 421 299 1402 1014 14 131 524 404 1832 1511 825 843 784 464 1930 1717 545 1188 1514 1937 1026 865 1073 1668 1942 1628 1778 424 444 412 983 1523 138 1254 1438 1571 430 1621 1208 1359 761 159 1419 186 320 1434 413 125 326 1248 289 84 280 1338 756 1069 1105 209 1111 1023 82 1411 1281 857 1924 40 1150 267 1844 1476 1027 1414 955 1275 916 1434 346 1224 582 1953 370 1526 1916 1453 181 1567 1131 944 750 575 371 1666 1934 485 1234 1920 638 1753 1871 1273 1356 1114 1947 1848 1407 1574 1845 1065 1269 1821 869 1761 490 593 1658 495 945 1781 1880 588 714 1629 1354 962 1620 247 203 1792 1872 410 196 962 1091 1112 621 151 1144 1533 339 1708 1865 644 501 634 831 1227 285 1369 968 1324 272 1282 1275 491 620 1221 958 12 356 1931 59 809 1700 1438 1022 1908 1312 95 811 1634 871 1173 542 1800 1490 1989 963 1973 1449 1664 1764 476 646 1897 1632 253 731 123 50 1593 319 9 11 1132 1523 1469 54 594 220 1592 809 823 1589 962 1623 908 496 1119 326 218 348 1308 812 521 1316 874 325 175 1342 670 460 1937 400 713 1079 588 1046 1920 517 470 1707 315 436 1216 89 1241 885 1825 121 1580 204 1059 1555 1466 1573 1287 1017 1616 1656 1113 760 477 1272 460 1003 629 413 1892 1371 325 32 1205 1263 844 1385 1540 1803 678 356 1659 1612 345 239 497 1954 1523 1267 881 941 632 650 1771 529 943 1518 1560 473 1917 450 1749 319 1848 1303 1443 954 413 198 912 1480 910 704 759 1646 1762 1594 1734 51 1407 1797 82 1363 478 43 170 157 1466 1287 634 1974 1774 1003 1240 849 1270 417 1890 768 1889 1253 1455 1891 1547 1155 1721 977 1463 1937 341 185 1311 1514 1782 1442 1016 1831 1783 1401 381 536 1354 1006 467 505 1006 1814 1019 1933 1374 806 1202 905 187 799 1387 2000 1296 1806 308 1914 1647 1901 1449 1855 1597 35 1380 1496 709 456 365 101 1552 747 1077 194 1054 933 375 312 1120 983 247 1151 1757 48 192 797 1864 1070 711 57 927 1716 717 1630 1319 1604 365 537 222 1730 483 1046 1383 412 154 800 518 1885 22 237 82 1549 232 1193 815 798 1844 783 1463 228 674 894 570 1571 1537 800 1236 867 1829 986 910 839 359 1426 1546 382 1771 852 395 374 495 267 1576 1004 38 417 639 339 1538 1532 322 245 1414 1010 1310 1408 930 845 1202 1999 1947 1391 941 1781 1918 224 227 1173 1220 905 1145 1404 85 1188 1660 517 1621 1947 944 1993 1314 477 983 245 1334 339 755 218 82 1500 1186 225 1121 386 183 569 226 1793 1676 1003 1605 1361 539 500 240 1888 1116 1137 1697 1676 1931 89 939 346 1069 1100 531 143 1584 1602 1471 62 300 863 1588 1445 788 1488 1354 982 137 869 1285 1695 794 1268 1073 501 1699 1209 875 690 364 1398 1088 1447 272 859 757 686 181 975 82 1848 1285 892 561 1376 1881 370 1353 1843 279 1070 1876 1255 301 1681 324 960 1513 474 992 400 1620 922 670 1481 1799 951 433 812 1715 1721 1219 1469 885 1027 826 329 1630 652 66 468 1419 771 79 1129 1280 647 132 1918 554 660 1389 76 196 319 851 796 240 1844 1129 836 1886 1310 533 1198 1796 1576 740 1173 1209 746 561 1288 1440 1939 623 1355 467 660 1707 1684 182 1763 1342 536 1691 381 809 481 419 891 1326 1787 1271 315 388 224 1102 549 491 570 1360 551 1482 1166 1454 609 546 1792 654 1023 1341 1554 1685 1559 1107 1512 1696 1554 1705 404 786 1787 1539 282 657 406 1535 1078 227 1375 637 464 716 919 318 310 1729 687 1104 1015 801 1386 692 1978 673 147 664 181 450 1977 631 1068 373 1765 950 1172 1969 1802 379 1215 1986 726 848 839 74 1115 1520 1598 343 413 1367 505 487 1299 1380 1259 1569 418 1733 108 101 871 1992 1470 1430 85 1673 794 1786 31 544 740 197 1889 1627 1952 686 1411 1382 1140 1010 1774 610 149 227 684 88 1445 139 1413 1375 1306 1450 83 962 665 1534 280 75 527 1686 510 873 1438 434 204 1689 999 140 1641 960 292 199 644 1424 1416 249 720 1737 699 397 427 446 859 1992 25 1320 345 1402 1718 1304 1884 1982 1991 1846 1675 680 1839 1120 1812 965 88 2 1318 1910 833 278 141 1287 685 1886 1991 799 394 311 628 1059 501 1308 1509 1184 258 1423 715 1189 1691 1628 818 534 1768 1126 1628 1424 587 1191 737 376 1144 705 216 733 877 95 1364 1287 1944 863 575 493 1425 1880 153 1901 1333 1941 1701 438 517 842 663 1029 467 1047 1206 688 864 1552 1047 1299 532 1696 214 1659 1747 1441 1672 704 725 10 426 380 1242 777 1209 461 205 894 1494 401 591 1553 436 1476 138 1983 1844 718 1822 787 1993 226 337 1925 1669 1993 1827 868 634 1103 1389 840 1532 511 1856 251 380 972 495 379 253 889 1600 674 574 1619 1594 682 1092 390 1703 526 1054 937 1364 1354 600 1166 1531 50 1039 1837 1586 576 297 1620 664 355 973 1179 663 614 970 528 436 1296 1480 1199 1083 1532 1585 989 1241 1101 873 666 1514 1327 503 1476 457 143 803 293 896 969 616 1823 1577 523 112 383 1287 133 470 1112 1175 704 823 1840 1683 877 586 498 1321 190 976 878 1451 1227 1774 1276 1722 336 863 1910 923 797 1486 150 98 1041 1051 1114 189 348 558 1739 18 818 520 1957 442 1459 1990 198 1857 982 1340 1696 87 233 691 799 1850 519 1513 1950 1878 1693 1816 205 1016 1590 916 556 1028 1088 155 1617 499 369 900 54 1390 1407 1232 64 597 1098 72 696 1997 1151 368 1283 904 1074 1518 636 1311 761 195 1056 1473 1449 1665 341 1387 125 1691 1167 1681 207 1325 451 1773 307 1384 3 40 553 461 1813 439 928 1266 1643 1832 1077 979 1643 252 286 120 1851 1381 413 1852 1755 1568 643 327 1298 227 205 1651 85 130 308 312 1333 1997 72 245 375 288 1909 123 1762 699 848 1945 869 284 1246 668 1772 696 1290 233 549 684 1482 1265 1733 312 955 1650 277 1045 1837 634 1824 20 426 1186 1056 979 971 388 1348 942 541 303 944 1962 1951 865 173 165 1982 1056 1891 374 1184 1429 1726 1562 158 1974 228 178 683 1044 1562 1535 234 806 1293 769 1489 1656 1494 823 1962 1796 1631 1193 1445 43 153 1634 1782 1634 543 1020 1879 180 1347 1495 149 854 1552 1871 1046 234 663 293 44 703 314 1993 1961 1659 73 1468 1392 345 1244 2 1652 799 1353 1423 65 515 1161 450 1354 1773 663 1789 1307 1320 304 391 650 529 429 1025 1654 602 362 290 1882 362 1421 409 531 166 1822 1628 1869 1410 1813 275 1038 994 318 649 1349 1897 1968 1128 754 488 1987 287 1152 917 1378 1452 459 73 1774 1805 586 870 1888 511 1207 1866 660 1319 1593 1488 500 1823 1519 1926 1800 919 555 1002 462 410 449 170 24 14 1243 1896 985 248 1439 121 781 1452 355 61 7 1988 720 879 1399 962 1270 1572 1502 1102 1842 785 1375 723 1117 1812 1792 1284 384 532 338 490 1878 1941 1076 700 595 1491 308 1557 1827 612 972 411 1582 54 134 29 117 977 1655 927 1408 1399 943 487 912 649 1172 1075 1734 544 227 638 996 656 1311 778 1298 1183 156 506 1760 696 1755 286 449 350 983 550 183 1675 1839 414 1983 1982 598 285 564 1458 1413 701 897 1965 1306 495 1037 1921 1838 1468 362 837 1644 610 1863 861 1247 884 1039 430 509 1329 1951 982 1104 468 1231 1827 1829 1096 323 1799 663 607 637 536 1407 107 1231 419 1806 924 182 1097 1019 1534 1809 1335 825 1259 1267 598 118 1558 729 529 1619 287 1967 490 915 1343 472 940 489 1020 1394 1139 464 1390 1081 1340 1234 612 535 1264 1179 63 361 1950 337 847 1474 1034 823 170 709 357 698 329 921 1194 669 932 1156 1627 1398 1557 203 1630 145 320 1838 16 589 1076 1491 1602 1376 697 506 1214 350 1763 501 623 1122 379 958 1451 1223 507 273 1929 890 1432 403 1249 939 1783 1951 1800 1878 345 346 804 320 1140 1634 1842 1875 162 1633 1218 974 1552 38 505 1797 336 619 1668 1203 1188 1777 1418 1764 425 310 1686 1456 1808 1764 1917 239 1838 1230 1573 283 688 409 1577 425 1757 729 1293 1738 879 1964 1809 1800 12 401 1953 1638 1906 1478 1635 1611 275 696 1868 614 337 83 956 510 1420 1642 148 513 673 641 180 1779 1905 1070 1954 925
344 825 691 707 932 1195 278 1585 1172 39 1887 973 1409 157 1889 175 1178 1528 508 919 1309 430 1906 885 866 104 960 1085 1146 746 1550 674 377 1000 1531 540 426 938 1584 1365 1238 1115 1370 899 491 916 149 351 523 1122 1240 1404 1794 1960 1616 837 1590 1768 996 1648 1838 1108 830 60 805 587 393 42 1428 1118 733 712 988 1449 251 602 1399 826 777 194 460 1067 620 1834 1568 763 1903 65 222 1544 1493 427 583 335 991 1230 1984 1948 1307 163 1076 195 136 1474 1786 598 1688 1187 186 122 1986 1470 1747 1114 120 1699 382 1551 1482 550 986 381 1723 1538 1221 883 1125 1381 1855 557 438 981 768 1128 1897 218 982 28 1805 1698 1783 898 454 1454 796 1213 514 467 1821 1622 320 799 1206 1772 1781 118 448 1492 1852 1322 1181 1725 364 1078 1368 428 1097 159 1167 1798 1106 897 1950 95 1228 606 946 1044 1210 153 469 267 1279 1641 1342 1711 580 139 269 936 543 1555 1907 585 1102 1921 632 1526 1863 517 1824 775 1645 751 1521 1111 1871 272 1235 322 1484 1610 808 293 204 732 413 1841 1790 145 91 1601 1686 1066 935 1653 1738 1933 1314 1637 1143 652 1137 394 362 513 502 1541 1680 1896 80 109 681 1442 1943 371 882 842 1295 35 1460 1223 490 1422 1300 1057 640 702 1777 402 494 1159 1262 1148 1069 536 340 1627 123 423 1676 985 232 1371 158 358 1173 1355 468 1779 375 1209 1095 21 266 532 810 440 48 1246 388 1784 1353 464 1459 1028 1565 801 1518 961 501 1527 1913 61 519 618 1026 928 1369 150 357 965 434 219 59 559 952 1212 129 64 766 1263 1571 974 1915 1301 1010 305 306 387 717 1754 1679 1452 588 227 1361 556 312 773 327 1237 450 1957 950 1239 290 1043 657 998 656 1285 895 178 663 1186 1384 99 257 765 1716 854 1421 373 190 1110 1077 758 925 1352 1427 1183 20 672 650 1730 1932 609 243 1062 433 130 1054 1742 446 581 1392 337 472 389 470 1126 1694 1937 101 315 1037 924 1075 1465 892 170 209 8 54 1025 1511 1721 1311 319 817 741 436 847 1192 567 1966 1793 789 639 1180 1780 176 1994 600 214 216 329 544 1152 1045 678 1466 113 1659 1895 1533 1951 188 760 479 586 456 819 1063 96 1269 374 1273 15 591 1363 944 1177 1082 783 1061 1056 1893 1320 692 1839 497 956 993 1914 1851 1969 242 1376 1359 465 419 747 1661 307 254 1605 1138 396 1052 44 947 1136 871 1634 787 852 202 1059 1503 495 1801 1216 481 1505 1702 1099 1160 1918 634 1816 1411 1998 1757 1447 230 308 736 1079 721 287 1074 1256 316 1695 1400 313 835 439 995 1823 1264 853 1468 81 860 1444 203 245 1722 1318 1435 648 1691 1529 1350 1038 1174 1326 1599 1090 1464 1543 778 1710 604 58 1799 1142 1472 664 809 1226 1800 1818 66 786 1930 1836 155 1713 1414 1247 1693 1712 1630 1014 143 923 1976 1792 840 1684 562 1864 791 1321 310 1735 1813 1515 797 1486 769 690 875 236 716 1552 425 649 554 723 812 890 445 1434 1073 873 1898 902 1393 148 1626 1760 671 1175 133 1912 1487 1530 1426 737 1536 1188 407 256 877 1600 1519 442 1004 1961 1734 127 802 555 1089 976 666 1990 811 1885 781 288 610 1477 782 1910 858 647 1575 1808 563 1832 210 863 720 552 1974 294 1042 624 1483 304 1325 1202 1224 547 167 348 1517 572 350 1857 165 1534 1451 1579 449 1116 577 1379 199 1664 655 1424 1861 447 1849 1227 1093 201 1402 978 154 1214 1348 1139 989 813 628 68 422 1347 78 484 1033 820 1306 1236 1391 612 420 1935 867 1258 259 1034 611 910 1241 1270 1941 603 1591 822 1127 1678 1274 983 33 861 1021 1053 1925 1564 1938 1109 1829 697 1015 1509 1767 2 1522 1231 1548 6 193 1985 1665 1197 345 309 24 1831 994 530 963 1835 1265 1389 1662 1457 298 36 1516 1176 1184 1510 1091 477 403 816 1992 1144 575 839 776 1491 34 761 1017 879 1107 1581 1360 1397 750 441 23 1787 800 19 1949 86 731 696 1577 1201 31 2000 738 89 1185 1251 37 510 1845 1288 1987 83 907 487 1401 249 642 864 669 1817 226 571 451 261 1587 384 1931 1473 1462 1189 475 779 1166 1469 73 689 1775 1846 1121 888 1346 743 1853 599 370 41 1316 1741 1586 22 137 1155 1658 980 668 1390 570 1171 833 1092 1410 1615 485 870 1440 432 1289 1495 558 937 1962 151 1508 1967 703 1280 1331 1254 1904 334 685 88 29 626 262 1862 1640 1157 1016 894 1412 366 1147 1018 1891 1290 857 1140 248 138 1364 1791 943 1854 455 1996 734 1958 1875 748 1502 1563 1840 526 1970 1200 1084 1094 1123 268 240 605 903 1022 1271 229 551 1298 493 55 1302 1169 518 333 1252 509 749 49 821 771 1997 1573 1638 112 332 590 1685 1703 525 1905 1850 135 74 592 1357 217 1965 1647 471 179 1132 727 213 1161 970 405 191 1618 225 1733 1338 1826 1245 1886 1954 1927 38 896 1336 1920 594 1104 1425 1395 1594 1877 1547 553 718 1476 1049 798 220 302 365 1989 1556 1900 893 621 730 205 379 1382 542 706 1746 832 904 177 1560 1035 1291 1980 1690 1837 1283 1317 1959 1572 1337 1478 1219 1872 1190 1500 1261 1191 1668 1830 224 1621 1112 1276 1438 1561 934 578 162 1292 330 804 1266 326 234 1129 498 1385 1260 829 1567 643 926 1012 1215 855 1657 1416 589 1697 1248 336 356 884 654 705 930 1497 845 597 499 818 641 1901 184 1859 645 713 1811 1032 239 1151 630 770 784 1257 1593 619 1623 79 772 353 704 1013 1675 1946 1964 1708 790 1559 1423 1446 1785 633 1179 1286 342 125 531 247 753 1372 1408 677 846 1656 1916 569 399 972 548 1878 564 987 1196 1934 1204 1882 1333 900 795 187 756 453 473 1156 745 921 1636 1848 70 1807 920 927 1445 1329 1726 1789 500 1843 638 1005 1982 1683 391 1253 173 1211 608 115 1471 339 714 182 1731 1405 1535 244 53 568 1030 1242 1812 1367 814 474 166 803 110 1635 1788 524 1745 1576 1512 435 1354 483 1554 1700 17 1130 1673 1833 1644 806 171 1981 788 164 1047 1625 1048 1999 1750 321 1598 409 1819 682 255 675 246 1608 11 338 1753 646 1001 1046 1071 282 1006 953 221 1717 1613 92 1922 314 1199 906 1751 404 680 324 1145 1728 1917 711 1081 1259 1450 1609 1646 503 979 644 241 1632 478 1433 1335 785 549 700 1973 725 106 1909 1154 160 1485 253 271 793 1963 1870 1366 45 1386 397 1539 959 881 1133 1749 1765 1072 1506 189 233 1011 102 1198 1869 270 824 1884 263 56 1977 533 1377 1141 1899 719 990 629 280 1589 958 1546 183 401 1225 527 1334 77 1880 1243 1358 250 742 915 1582 400 1558 1815 452 1774 161 169 1739 828 1620 291 1229 1758 424 360 1319 1463 686 1956 1275 380 659 1715 878 1105 710 462 1642 1802 1866 1740 687 223 1842 968 134 1351 279 1088 576 1514 1208 1858 172 429 984 1919 1570 1453 1737 667 459 752 1755 1604 1890 1436 715 1009 1323 1952 1719 443 1752 695 69 515 57 418 1756 376 368 780 507 1580 292 146 844 1003 1724 62 1419 662 744 14 831 3 722 528 406 1583 1953 1532 359 1883 1233 534 75 98 1349 708 367 1614 625 874 1345 948 673 504 1671 1669 228 355 1955 1612 1795 1303 698 1267 1232 635 1272 849 651 1617 1827 1415 1193 1714 437 207 929 458 694 480 378 1537 1101 660 693 1681 992 100 1619 1310 739 1312 607 1387 105 212 1778 516 1429 1687 582 949 1689 1908 196 834 1993 595 1150 1356 1894 1170 260 1979 1103 174 363 198 1566 876 1168 941 565 1041 1707 1776 215 1701 541 206 1595 301 1135 913 1847 891 289 1182 945 1496 1902 1983 1293 539 421 1458 1305 836 901 1494 1597 889 683 631 1924 16 566 67 285 1705 341 971 1031 103 1761 1131 1398 1439 1911 914 653 1803 908 463 1234 300 1504 1490 457 237 1652 1443 369 283 1420 1942 90 1828 955 295 1520 131 1729 140 1876 1431 954 111 1058 1874 843 97 156 658 1975 764 197 43 1611 977 346 1299 1988 1542 395 679 573 1 774 584 1396 1732 482 726 1218 1743 1330 317 535 933 296 1380 1068 838 417 1070 343 506 94 794 1024 168 211 1763 740 1315 1124 412 50 1339 1814 117 1403 940 1603 1892 141 1282 132 144 1923 1649 754 759 728 252 297 1926 1023 1574 1674 1769 1039 72 1820 850 1481 47 386 1553 1324 1759 10 593 1050 1672 1149 1117 142 975 579 13 1796 1706 410 85 966 1255 1394 665 1479 1810 1856 636 1663 613 848 807 390 231 1119 1991 942 1019 815 1928 1163 52 661 1860 489 1244 1666 76 1055 1578 1766 1660 1120 1523 1340 1545 561 1296 1762 1407 762 1207 1488 1944 82 622 1480 729 1677 1343 235 352 9 997 1461 354 93 1631 51 1709 1498 476 1418 1007 116 4 1388 1945 1287 1629 767 1455 1643 909 114 911 1002 869 1250 537 126 1748 1153 560 880 128 1867 1513 1501 1670 1654 735 757 1651 318 1557 121 1437 299 1507 545 1825 1327 392 1475 1489 1203 872 277 1562 1628 258 701 1727 486 273 1744 1008 676 1113 1592 18 841 1696 1158 1328 25 1704 670 1607 1639 1804 361 208 1456 1540 200 1375 688 284 1940 1971 616 7 887 1165 26 1036 1217 238 1051 511 87 905 1978 1406 918 119 1809 601 862 1525 181 328 1606 886 1888 414 1065 1278 529 951 466 385 1134 1064 856 496 1773 311 684 265 1995 969 755 1929 303 1268 1720 1764 1972 1588 27 1096 1806 5 411 1968 521 1020 1060 192 1162 1524 107 967 1667 957 276 1284 264 1277 347 488 323 1086 108 1098 917 1736 1383 1448 1249 1549 1939 461 962 331 931 627 1655 275 416 1220 1771 614 1294 859 823 1362 1080 939 281 1770 922 505 522 40 865 1222 1304 32 1624 1782 1087 1881 1467 63 30 538 1797 1602 1205 827 1596 180 1417 1297 12 415 124 1374 1692 964 147 46 1373 492 1879 623 274 349 1344 1865 71 1633 1868 1569 1844 617 1040 1873 1281 699 1164 372 1936 999 383 444 84 637 512 1413 851 1650 1083 325 1441 431 546 408 1378 615 596 1332 1432 152 724 520 1499 1682 1822 286 1718 792 1947 868 1341 1029 912 1313 1194 1027 1430 1308 709 185 574 398 1100
2 1416 101
1 1116 1125
2 609 569
1 682 1649
1 1463 1171
2 1908 1523
2 744 1459
1 1453 1870
2 135 1697
1 496 285
1 1026 238
1 1640 1198
1 191 378
1 349 1825
2 840 848
1 237 1895
1 272 1170
1 227 797
2 117 1491
1 214 224
1 1378 529
1 1681 677
1 1601 1321
1 624 861
1 243 1000
1 198 586
1 442 1864
1 464 506
1 1627 915
1 256 400
1 1782 891
1 713 641
2 1080 819
1 1498 562
2 1221 1313
1 788 1014
2 1370 376
2 795 703
1 1914 757
2 625 727
2 560 243
1 927 1123
2 78 819
1 272 1840
2 762 463
1 625 1502
2 1369 237
2 520 1047
1 1431 897
1 764 572
1 807 1570
2 1144 1299
1 1905 1789
2 767 1101
2 1816 795
1 1097 1123
2 824 1726
2 1824 611
1 1335 726
2 269 910
1 1919 1438
1 1184 387
1 273 1089
2 909 1338
2 742 735
2 1009 200
2 1038 1283
1 1338 1730
1 95 59
1 1182 1813
2 1384 436
2 920 1050
1 412 1437
2 863 957
1 290 1483
1 887 1419
1 910 524
1 758 1021
2 1815 1587
2 1461 1963
2 902 839
1 1058 922
1 1349 148
2 1707 1414
1 1619 1194
2 1530 773
2 1002 1925
2 726 1604
2 910 695
1 1128 884
1 1004 787
2 1697 346
2 1526 730
2 1551 1710
1 1096 178
2 1318 437
1 966 320
1 709 588
1 1438 1107
1 1138 811
2 1788 1259
1 1032 914
2 1497 1098
2 1136 1130
2 1240 959
2 449 1020
1 1807 1920
2 897 958
2 387 719
1 309 1488
1 1906 817
1 712 653
2 815 449
2 748 446
2 528 736
2 318 325
2 1386 843
2 1449 1168
1 1097 17
1 1870 1550
1 481 1039
1 1697 614
1 1428 178
2 113 1734
1 1058 637
2 809 1637
1 143 626
2 646 1683
1 316 1338
2 1933 1852
2 1780 332
1 1875 1926
1 1404 1499
1 963 1923
1 473 1775
2 1010 1959
2 28 1005
1 1466 639
1 399 1279
2 1109 909
1 1337 97
2 347 514
2 1864 1363
2 1063 667
1 997 1485
1 1139 1906
2 1795 1300
1 877 1981
1 21 768
2 750 1920
2 1285 147
1 799 1160
1 107 1373
2 618 864
2 1399 942
1 674 1246
1 440 1970
2 253 1098
2 1244 1762
2 1951 710
1 805 499
1 247 523
2 1293 1745
2 1389 16
2 1543 999
2 1082 1346
1 1116 311
1 1191 591
1 1706 1046
1 1737 882
2 415 243
2 1358 1002
2 236 143
2 1675 672
2 1915 883
2 857 1949
2 824 1451
2 496 1782
2 1007 639
2 1593 274
1 555 60
1 1729 706
1 176 1476
1 751 1998
1 956 616
2 1132 1070
2 401 1540
1 1190 367
1 373 1129
1 849 536
2 326 740
2 866 1215
1 473 573
2 721 1957
2 1390 224
1 860 1551
2 994 365
1 1563 1713
1 1744 1887
1 947 977
1 238 1182
1 1235 423
2 396 1580
1 175 875
2 1749 287
2 1442 1857
1 768 1635
1 454 1996
1 379 474
2 656 399
2 1267 1777
1 1543 863
1 1006 461
2 1199 1797
1 973 347
1 1417 1391
2 210 1779
2 1090 282
1 1902 721
1 1902 433
1 1465 1254
1 163 1817
1 822 1884
2 710 781
1 1436 1693
2 1647 1420
1 991 1381
2 1147 1106
1 472 1512
2 443 1792
1 1489 1184
1 62 1261
2 1387 798
2 1084 1249
2 1432 1621
2 853 1270
2 5 734
1 1775 1105
1 1710 1890
1 1074 1810
1 1834 1086
2 258 1626
2 1092 709
1 1450 270
1 1407 261
1 724 241
2 1328 1901
1 336 1464
2 538 844
2 1880 1408
2 1326 750
2 813 777
2 820 1151
1 907 508
1 1344 1508
1 1906 755
1 334 1864
1 246 1117
2 363 417
2 1012 1650
1 218 326
2 64 1891
2 1922 1690
2 1561 1269
1 332 618
1 69 1102
2 101 1170
1 1530 849
1 1739 1837
1 28 1603
1 717 1135
2 323 126
2 1932 1648
2 1530 1897
1 1156 1101
1 1533 1556
2 1 1101
2 1538 1360
2 385 435
1 72 1846
2 289 1468
1 774 1835
2 1841 1392
1 353 1228
1 826 910
2 973 8
1 1078 1468
1 1415 318
1 171 961
2 471 596
2 846 99
2 1849 551
2 709 749
2 57 1225
1 456 1015
1 1795 192
1 1479 932
1 1917 1387
1 1577 494
2 1799 124
1 1513 431
1 1452 549
1 1397 1728
2 1074 142
1 1394 455
2 854 651
1 439 1689
1 627 1593
2 1405 225
1 1913 960
1 1395 221
2 709 1379
1 1696 693
2 427 1529
2 454 1140
2 1691 662
1 746 563
1 803 1344
2 502 44
1 1143 1007
2 562 577
2 1777 1767
2 439 693
2 463 349
1 100 1458
1 81 218
2 347 734
2 531 1052
1 1887 627
2 1162 1800
1 889 1950
1 850 1480
1 1225 320
1 787 346
1 1381 914
1 167 1378
1 1319 1613
1 867 1639
2 1577 567
2 1355 514
2 500 1344
1 1742 1864
2 339 87
1 17 1348
1 1353 1650
1 445 1014
1 1468 885
1 1776 1623
2 87 1571
1 185 659
2 452 158
2 980 1812
2 863 648
1 449 1504
2 1659 1860
2 603 833
2 409 1722
1 677 1684
1 1633 245
1 1020 1350
1 1426 714
2 634 1078
1 936 1143
2 1439 158
1 630 160
2 711 1051
1 716 563
2 729 114
2 993 696
2 1153 732
1 1068 1133
1 410 338
1 1359 1785
1 615 1815
1 927 200
2 877 814
2 1241 1819
2 875 1092
1 618 1152
2 689 1917
2 386 1175
1 1930 149
1 701 1668
2 900 917
2 1298 999
2 1892 726
2 1737 1809
2 1877 1746
1 1843 1533
1 85 137
2 541 1182
2 1329 189
1 1083 925
1 1409 336
1 665 1300
1 168 1041
2 515 860
2 1180 1676
1 1980 330
2 12 158
2 1143 1580
2 1531 1183
1 266 1193
2 262 606
2 1022 762
2 1010 700
2 517 1484
2 1675 723
2 1481 1600
2 1224 1841
2 186 604
2 1531 1761
2 955 1602
2 1237 712
1 1699 195
2 1071 90
1 1204 999
2 1131 1965
1 1851 1884
2 953 752
1 413 744
1 1310 1465
1 1540 518
2 1155 1680
1 1953 1932
2 1724 1615
1 646 924
2 1813 29
1 374 1923
1 1826 172
1 1565 630
2 1578 314
2 916 533
1 1951 1205
2 111 990
1 1876 400
2 1313 1549
1 46 1428
2 1143 1097
2 1213 213
1 1119 1356
1 1341 1087
2 770 1863
2 1083 1013
2 1517 166
1 887 1697
2 952 842
1 185 1447
2 1932 280
1 1664 799
2 798 858
1 1644 47
1 1750 1798
1 1607 1629
2 1174 876
1 1050 1216
1 1970 385
1 1932 1141
1 605 868
2 1878 1079
1 1527 1064
1 558 503
1 1075 1954
1 1740 223
2 781 1657
1 1910 436
2 1380 1861
2 1282 1795
2 1853 538
2 1709 750
2 845 1496
1 1575 768
1 210 409
1 1676 1369
2 1413 335
2 1952 327
1 89 1687
1 1522 36
1 1761 1099
2 1776 825
2 1761 1644
1 163 1768
1 374 1469
1 233 1420
2 561 1344
1 1898 890
1 660 1269
2 1892 163
2 180 831
1 1477 1280
2 1573 1358
2 994 178
2 916 1076
2 1844 856
1 82 1597
2 219 1164
1 1992 1867
2 725 1861
2 1288 912
2 1066 1661
1 1170 1852
2 1229 1856
1 1513 702
2 449 1329
1 1559 1956
2 1730 1560
2 958 1184
2 516 1543
2 731 21
1 331 1128
1 1448 1983
2 987 1898
1 440 799
1 497 1118
1 1103 791
1 529 1474
2 1853 1709
2 625 781
2 1203 746
1 326 677
2 153 390
1 888 741
1 542 1785
1 1621 634
1 1508 17
1 1983 857
1 1353 964
2 633 1801
2 919 670
2 1932 639
2 437 1857
2 1517 1034
2 632 57
1 1171 673
2 1527 994
1 1710 357
1 572 450
2 1906 1152
2 755 738
2 1839 1258
2 861 1456
1 1789 1961
2 404 1922
2 240 169
1 555 1195
2 1209 357
2 376 1481
2 76 1656
2 386 1995
2 1386 1197
2 18 1784
2 447 1256
1 1655 235
2 1920 991
2 1833 624
2 1883 835
2 1615 755
1 1855 194
1 685 696
2 1009 639
2 502 93
1 1911 1648
2 1568 520
1 226 1088
1 122 1020
1 182 1958
2 268 1193
2 633 402
1 1027 573
1 1970 656
1 1 841
1 58 1591
2 1555 675
1 1778 880
1 1142 1478
1 982 1812
1 187 980
1 835 418
1 583 1257
2 992 1989
1 559 601
1 865 1788
1 1704 545
1 502 1741
2 1488 775
1 1763 493
1 1620 776
2 1749 1184
2 255 1521
1 1879 1343
1 730 442
1 1971 377
1 156 390
1 340 114
2 721 253
1 731 512
1 1009 1302
2 496 1626
2 1398 1824
1 1510 256
2 1861 199
1 975 327
1 611 1283
2 312 1867
2 368 1941
2 1681 1226
1 1220 1829
2 1904 281
2 972 854
1 1345 1591
1 1351 1046
2 873 1431
1 1027 419
2 1070 461
2 776 6
2 1977 1047
2 1081 779
1 613 1101
1 1783 1816
1 538 180
1 1446 1484
1 560 1594
2 375 1164
1 1757 1872
2 1015 813
1 485 1747
2 219 1093
2 1337 1696
1 796 1746
1 1988 998
2 889 421
2 857 1937
2 174 1053
1 1380 1995
2 969 956
1 1918 1875
1 204 1245
1 936 1143
1 1992 1583
1 386 1895
2 907 1180
2 992 699
1 307 806
1 1459 1140
1 1342 832
2 474 396
1 1588 687
2 1088 1361
1 998 79
1 194 971
2 477 1782
1 1976 941
2 106 640
2 1467 621
1 1294 1178
2 188 402
2 641 1997
1 686 1702
1 1091 891
2 1752 857
1 127 164
2 1001 1070
1 1982 1894
2 1172 1300
2 116 153
2 1145 979
1 859 218
2 1529 533
2 759 790
2 176 1581
1 1296 853
1 583 1082
1 645 472
1 223 570
1 1227 1060
2 1868 32
2 396 1075
2 19 1303
1 1003 928
1 991 1586
1 894 1544
1 674 1970
2 1421 126
1 427 1578
2 1251 1742
1 1560 825
1 1236 1116
1 1509 738
2 402 1501
2 1618 1431
2 1834 1097
1 394 1416
1 1323 738
1 1519 1241
1 1598 988
1 1953 114
1 180 1289
1 1096 544
1 475 736
1 453 1036
1 1352 1213
1 726 128
1 278 658
2 604 1595
1 1590 1636
2 1929 1473
2 516 1606
2 1437 1721
1 1432 1519
2 1075 1415
2 1494 46
1 1960 1380
2 581 1177
2 1983 338
2 572 987
2 1570 1044
2 1343 885
1 1310 170
2 120 1862
1 1594 118
2 926 583
1 1455 797
1 381 586
2 52 1987
1 1274 1034
2 1768 1155
2 1291 1328
1 1767 1356
1 1144 1486
2 1995 576
2 918 322
2 1648 423
1 1148 334
2 447 695
1 1960 275
1 923 1252
2 1593 629
2 732 980
1 606 122
2 1554 540
2 1349 46
2 1091 1214
2 418 297
2 1115 1866
1 453 746
2 425 274
2 196 1697
1 16 478
2 581 1516
2 511 1683
2 1519 326
1 90 1039
2 1620 65
1 86 166
2 400 26
2 1464 639
1 1889 605
2 863 83
2 340 720
2 1354 147
1 421 212
2 115 1009
2 1650 473
2 1818 956
2 1309 760
1 1817 879
2 256 831
2 1710 975
2 1767 623
2 1122 316
1 1418 296
2 1447 1772
1 844 1689
1 1617 1602
2 733 1007
2 1949 608
2 1695 18
1 1570 454
1 1537 1020
2 1747 877
1 1769 917
2 865 937
2 1023 842
2 1264 1603
1 239 1556
2 1826 1800
1 107 1150
1 1907 433
1 794 1834
2 951 1537
2 1509 1684
2 123 590
1 144 915
1 251 675
2 278 1740
1 356 1253
1 567 1758
2 386 982
1 1092 1482
1 801 284
1 1012 736
2 399 1824
2 464 78
2 1541 643
1 135 744
2 1518 1190
2 54 1901
2 1597 1190
1 1878 339
1 1180 1771
2 1097 1087
2 906 1530
1 437 1501
1 861 1207
2 720 916
1 1385 553
2 751 1110
2 1631 1908
1 1854 71
2 1976 90
1 338 609
2 1849 1952
1 1143 1570
1 785 383
1 239 115
2 1815 62
2 213 554
2 1393 555
1 1996 995
1 992 1630
2 1589 371
2 1699 1572
2 954 224
1 1462 137
1 59 1924
1 748 699
1 949 988
2 308 1550
1 594 1051
2 772 1613
2 894 729
2 1418 1570
1 1601 1469
1 1050 218
2 1721 833
1 979 940
1 433 1360
2 189 235
2 352 1941
1 1870 49
1 1346 1599
1 1520 1582
1 1206 262
1 1941 1
1 317 1191
1 1931 679
2 576 971
2 266 572
1 1995 1991
2 418 1252
1 1861 1351
1 1097 1541
1 1706 277
1 1250 114
1 1838 1072
1 1630 801
1 896 1650
1 981 1550
2 1940 1118
2 16 1598
1 828 1327
2 58 86
1 1406 980
1 1616 1355
1 573 1261
2 767 403
1 1911 307
1 843 1243
2 1442 518
1 388 259
2 383 691
2 888 973
2 757 1521
1 1390 36
2 73 594
2 1927 1864
1 443 1561
1 1128 1425
2 112 10
2 1430 65
1 1076 664
1 916 985
1 651 393
2 1333 178
2 484 551
2 1495 1764
2 1792 340
1 1271 672
1 126 1550
1 874 1247
2 726 1892
2 1200 1447
1 740 1430
1 599 108
1 1579 665
1 1625 504
2 114 404
1 573 132
1 91 708
1 1914 134
2 528 20
2 1837 1574
1 1803 937
2 564 1487
1 591 1091
2 1512 821
2 266 61
1 1588 1847
1 1550 594
2 1715 70
2 1357 1163
1 1410 1636
1 602 722
2 1855 1113
1 1842 172
2 1330 1117
2 1418 175
1 480 1072
2 111 1366
2 852 347
2 1721 1301
1 969 1209
1 1711 839
2 599 594
1 739 1478
1 933 1649
2 344 114
1 609 1383
2 75 1459
2 1422 1825
1 1091 1338
1 1316 1051
2 1029 1258
1 264 1349
2 352 1925
1 154 1930
1 1126 530
1 344 1656
1 1477 416
1 1397 1407
1 507 1739
2 694 281
2 650 199
2 1484 1342
1 1527 1748
1 438 745
2 618 159
1 1499 1298
2 1938 1417
2 1796 1207
2 355 217
2 897 290
2 1632 76
1 1772 102
1 1217 339
1 1138 746
2 433 1101
2 1386 574
2 857 1555
2 1691 440
2 268 770
1 1257 1004
2 1461 754
1 18 1236
2 1074 761
1 859 299
1 1690 1468
1 566 1262
2 1247 1286
2 56 749
2 341 1178
2 1521 167
1 1173 1333
1 998 343
2 57 1375
2 1560 742
2 288 405
2 727 1515
2 1642 715
2 66 5
2 126 1165
2 1294 956
2 1418 939
1 851 1826
2 266 442
2 1233 54
1 1102 233
2 478 1317
1 41 1854
1 208 1652
2 529 597
1 292 18
2 353 1722
1 1013 1967
2 677 591
2 775 245
1 247 1310
2 1029 330
1 1338 402
1 213 1242
1 1584 1835
2 1912 518
1 1116 1653
2 1751 604
1 1620 1205
2 664 1509
2 71 397
1 1173 1333
1 130 622
1 1225 894
2 1718 881
2 1948 652
1 352 60
1 68 1091
1 1287 1180
1 1739 1090
2 1389 1673
1 179 1237
1 255 1979
2 327 873
1 1790 730
1 929 327
1 284 1133
2 1338 1315
1 692 1526
1 1158 516
1 1981 803
2 1766 1049
1 1855 307
2 951 1201
2 52 17
2 1773 1224
1 1591 1782
1 1866 360
1 1486 315
2 537 1805
1 1592 1907
2 1229 753
1 1895 940
1 932 1826
2 1092 1328
2 636 1686
2 1984 167
2 834 1758
2 1476 1404
2 343 1346
1 1634 730
1 1193 755
1 67 1393
2 247 1365
2 766 276
2 197 231
1 553 1201
1 1872 573
1 875 1329
2 906 6
1 558 1579
2 1884 1308
1 1155 1647
1 1927 1988
1 1000 1677
1 1269 1591
2 1540 1066
2 3 945
1 831 955
2 1863 1514
2 451 18
2 1513 696
1 288 1004
1 1617 1342
2 308 1560
2 1492 501
1 1419 1232
1 7 222
2 1829 324
2 660 249
1 875 1286
2 1 24
2 1653 366
2 1993 959
2 677 1465
1 961 1911
1 689 493
1 337 1136
2 1559 59
2 817 1094
2 722 196
2 1902 1377
2 660 1301
2 1298 1635
2 1687 592
2 1423 1170
2 1631 1841
1 1484 819
2 1829 196
2 834 848
2 1235 959
2 1422 806
1 435 1343
2 1730 1828
2 1045 1306
2 1700 1005
1 153 477
1 1585 252
1 583 1247
2 878 1184
1 926 623
1 253 490
2 301 573
2 720 646
2 533 1652
1 425 1689
1 1419 511
2 296 1178
2 300 1188
2 633 227
1 1914 461
1 227 1544
2 46 1228
1 112 536
2 1347 1142
2 1417 112
2 1227 850
2 1488 52
2 184 85
1 48 1868
2 517 1709
2 197 555
2 1321 1796
1 1528 59
2 858 909
2 965 386
1 1623 463
1 773 178
1 752 919
2 1775 1834
1 1734 1419
2 579 293
2 561 79
2 142 274
1 940 1488
1 911 1422
2 1202 749
2 1312 550
1 183 1809
1 124 629
1 1164 875
2 1699 1783
1 1898 1071
1 739 1576
2 1136 517
1 1393 841
2 1484 173
2 1414 663
1 1274 983
1 1609 1622
1 627 1786
1 572 237
1 1331 1167
2 1719 1859
1 723 1703
2 711 289
2 1392 843
1 229 1834
1 138 1245
2 966 1427
1 728 1116
2 913 1601
1 1314 1732
1 1406 1004
2 1388 1921
1 1032 237
1 1955 691
2 1003 810
1 582 695
1 1719 1787
2 883 1255
2 315 1814
1 1732 260
2 1154 698
2 304 1798
1 1713 1140
1 1655 1341
2 1403 1720
1 1707 1841
2 301 600
1 83 150
2 1193 696
2 1825 1372
1 950 162
1 987 252
2 373 530
1 1849 899
1 1986 971
1 414 1183
2 706 1656
1 1887 1267
2 803 400
2 1444 1549
2 453 940
2 212 334
1 409 1541
1 1267 1933
1 233 1384
1 136 878
1 1999 1380
2 927 1843
2 1824 400
1 497 312
2 136 329
2 491 219
2 686 1888
2 1818 1016
2 483 1043
1 827 1439
2 1102 272
1 1554 1998
1 147 1620
2 298 1027
1 828 307
2 1967 938
2 1698 326
1 1841 1940
1 592 1841
1 1738 668
2 1332 123
2 1020 10
1 609 43
1 107 1524
2 498 1174
2 1460 274
2 1874 1260
1 505 1854
1 1273 1626
2 1810 1613
2 1325 571
1 1714 1135
2 1360 1657
1 850 1146
1 1588 316
2 1944 1876
2 1794 1451
2 52 801
2 771 1026
1 1573 720
2 26 1606
2 1136 882
2 181 1775
1 168 1312
2 664 1039
2 1874 816
2 1090 1361
1 335 1120
2 1973 738
1 909 1048
2 73 1323
2 1811 991
1 252 1131
1 42 1808
2 1398 364
1 1473 549
1 1648 1204
2 770 1635
1 1826 1221
2 1123 1060
1 1103 457
1 1235 1309
1 1839 1114
2 1116 160
1 428 948
2 1370 1547
2 627 1846
1 785 1202
1 176 1346
1 1580 525
1 1066 981
1 187 402
2 747 985
1 251 1910
1 1458 611
2 1702 61
2 71 1421
1 1830 1094
1 1941 1457
1 405 485
2 686 1285
1 379 1230
1 1152 255
1 1059 556
2 972 1156
1 319 1487
2 317 335
1 600 1250
1 844 1992
2 1268 557
1 1151 506
1 1364 411
2 1793 1539
1 1275 1639
2 1412 449
2 1482 1499
2 1448 1304
1 584 1989
1 1490 844
1 628 1005
1 560 1159
1 1183 247
2 262 348
1 651 571
1 1831 92
2 948 1489
2 717 1864
1 1291 1497
1 1894 1901
1 1358 232
2 1248 1725
1 540 1650
2 205 798
2 169 1312
1 1020 141
1 321 1517
1 128 1213
1 1893 174
2 664 1544
1 1081 1961
1 6 1805
2 1155 83
1 57 1341
2 1512 909
2 1925 112
2 1125 758
2 1592 1895
1 1063 113
1 107 956
1 1658 1245
2 387 1117
2 966 739
2 1544 974
1 1373 669
1 792 905
1 1134 324
1 114 1716
1 582 743
2 473 888
2 198 1418
2 1089 673
1 1239 1398
1 708 430
1 1590 1329
2 154 468
1 339 279
2 1235 567
2 54 882
1 1716 690
1 1930 748
2 1895 270
1 925 1230
1 1013 576
2 574 1862
1 762 735
1 726 1441
2 232 1148
1 96 1474
2 62 540
1 1193 111
2 1812 900
2 356 1408
2 1390 439
1 1464 1239
1 714 1404
1 773 1389
2 287 234
2 11 1909
2 553 379
2 488 345
2 68 1273
1 136 1318
1 443 1916
2 556 1797
2 584 1798
2 146 49
1 816 1257
2 1668 1826
2 1816 1243
1 1845 280
1 141 720
2 1080 747
2 68 1049
1 1613 811
1 1436 1478
1 1507 293
1 1324 1976
2 1504 1484
1 1656 1174
1 231 1800
1 531 1658
1 76 973
1 716 200
2 195 878
2 1397 1325
2 871 406
1 45 886
2 1042 1358
2 684 1412
1 263 1591
2 1137 255
2 1614 1066
1 1588 740
2 502 1888
2 6 787
1 1754 1892
1 1732 183
2 32 9
1 1264 376
2 163 1333
2 1733 317
2 152 1615
2 1900 1215
2 199 999
2 1080 1797
1 1820 1190
1 151 1788
2 480 1863
1 51 1198
1 1876 360
1 1273 1439
2 966 1335
2 215 1171
2 892 1207
2 1064 395
2 325 838
2 677 92
1 1749 1692
1 1504 317
1 382 248
2 446 1959
1 702 1062
2 358 427
2 1367 1214
2 180 1667
1 1661 317
2 1592 1116
1 1667 300
2 1871 1232
1 1875 913
1 553 1185
1 1790 748
2 1618 1475
2 895 899
2 1340 813
1 1355 1430
2 328 1845
1 1295 1192
2 1565 732
2 1794 1760
2 1828 409
2 1433 1511
2 1332 163
2 1393 690
1 458 9
1 1592 218
2 531 403
1 933 178
2 1507 401
2 1043 707
1 141 360
2 1550 1708
2 1037 531
2 1708 283
1 1916 1823
2 226 745
2 1231 1424
2 252 408
1 302 650
1 1254 1918
2 153 338
1 133 1845
2 227 1648
1 781 967
1 1410 1153
1 59 1185
1 1738 1265
2 553 821
1 823 323
1 531 337
1 341 237
1 1231 1318
1 1054 4
1 509 976
2 1603 1053
1 493 439
2 699 424
2 1761 1953
1 368 882
1 551 1592
1 1903 1274
1 1120 1314
2 1848 385
2 1220 1226
2 1512 692
1 33 602
2 1666 1454
2 1330 1983
2 891 1980
1 1775 324
2 761 1876
1 341 82
2 1072 1107
2 163 1404
2 167 1516
1 942 415
1 1216 508
2 1528 289
1 671 794
2 1944 1518
1 1885 1254
2 457 1561
1 1218 1317
2 1121 635
1 1272 1109
2 169 990
2 1981 934
1 696 1801
2 891 1234
1 564 1012
2 418 1908
2 1082 1278
1 1140 777
2 240 423
1 1537 526
2 70 1037
1 49 936
2 1553 1368
1 776 1294
2 60 1525
1 170 863
2 1781 450
2 603 181
1 948 1652
1 1583 1090
1 496 1169
1 377 228
1 1375 1376
2 605 1972
1 1666 1851
1 1163 570
2 879 88
2 695 764
1 533 531
2 695 864
2 305 385
2 1388 1339
2 352 1115
2 912 435
1 1121 1105
1 609 195
2 1567 918
1 1386 1060
1 523 1632
2 1352 395
1 1770 564
1 783 1036
1 1013 1687
2 1103 405
1 1470 1904
2 1106 435
2 1543 1494
2 1216 1823
2 1178 1249
2 817 679
1 1892 480
2 1282 876
2 781 656
1 1107 244
1 1157 233
1 1646 799
1 878 1770
1 1652 1234
2 1140 995
2 874 1388
2 1821 1264
1 895 1324
1 201 1860
1 582 59
1 1549 1206
2 1158 1288
1 1305 1486
2 884 72
1 101 1058
1 45 711
1 1921 927
2 323 734
2 1936 1229
1 959 1128
1 1295 673
2 1763 254
1 1937 1129
1 1639 1986
1 834 1813
2 592 258
2 1640 1865
1 295 1862
2 1588 1979
2 680 1704
2 499 999
2 496 1022
1 1523 1285
2 68 1386
2 892 997
1 1233 522
2 1150 738
1 273 1708
2 920 1433
2 272 344
2 7 1364
2 597 854
1 186 24
2 548 1585
1 785 68
2 1711 143
2 904 696
1 1226 941
1 1012 1937
1 1078 1552
1 650 82
1 1171 871
1 147 355
1 1882 285
1 49 1327
2 857 1660
1 204 1439
1 1395 94
1 647 1527
1 992 967
2 895 1999
1 501 1543
1 1940 428
1 1605 91
1 157 116
2 1269 1600
2 302 368
1 1171 1434
2 842 411
1 120 1939
2 1130 752
1 28 207
2 610 599
2 269 1352
2 994 1017
2 26 1188
1 1445 1499
2 1838 1283
1 823 309
1 623 154
2 213 296
1 80 321
1 1567 1375
1 1166 91
1 1217 1874
2 1567 1797
2 1834 622
2 312 1111
2 1163 1118
2 1801 1147
2 1043 1372
1 609 821
2 945 1500
2 1367 131
1 1544 989
1 269 1696
1 576 1383
2 857 859
1 794 1887
2 1710 416
2 1042 516
1 1412 1207
1 229 1638
2 1087 1490
1 184 1675
1 645 620
1 1174 959
2 1646 1306
2 1451 835
2 406 963
1 1018 1919
2 1464 889
2 1708 1466
1 158 1674
2 1077 229
2 912 86
2 1294 281
2 1257 1011
1 561 884
2 157 1116
2 1324 507
1 433 1173
1 1565 624
1 726 1410
2 477 1477
2 1609 199
1 1876 163
2 1280 777
1 364 799
2 102 1179
2 458 256
2 384 1082
1 118 1350
2 332 1881
1 1654 1693
1 1651 113
2 1359 316
2 1340 854
2 294 1316
1 1220 736
2 1164 100
2 361 1897
2 750 1624
1 1459 730
1 1155 194
2 1396 1809
1 370 1319
1 1800 235
2 32 1458
2 611 1791
1 760 1615
2 1368 1835
2 1181 553
1 186 1861
2 596 1867
1 1770 339
2 1244 456
2 1194 738
1 1798 40
2 605 39
2 1275 1734
1 1245 1741
2 175 246
2 964 869
1 47 1441
1 1698 755
1 1420 1914
2 26 560
1 421 139
2 935 1411
2 1562 442
2 699 1730
2 141 1592
2 464 95
2 1617 99
2 224 1498
1 1773 1190
2 1708 528
2 480 1195
2 987 662
1 1702 744
1 1494 1676
1 1862 1733
2 715 913
1 605 1084
1 1601 321
2 211 1116
1 1711 1280
2 1236 394
2 368 10
2 1408 754
1 228 473
2 950 58
1 807 1051
2 1816 800
2 1473 427
2 1128 396
1 1198 840
1 1185 231
2 400 1417
1 16 1386
2 1121 1022
1 1295 1939
1 376 1954
2 1670 705
1 1408 501
2 906 1832
1 1517 652
2 1494 1767
2 1561 1301
1 428 1195
2 946 380
1 1636 1484
2 206 600
1 789 425
1 324 103
2 749 881
1 1204 176
1 1491 891
1 497 830
1 722 1623
2 849 969
1 1141 124
1 1295 1320
2 862 1278
1 11 486
2 1442 937
1 153 118
1 1368 982
2 602 403
2 237 1974
1 1381 1733
1 356 192
1 1846 467
2 1026 763
2 1749 421
1 160 1706
2 1801 1420
2 907 979
1 462 527
1 328 1542
1 827 1918
1 1435 528
2 704 296
2 1730 1902
1 729 1992
2 1032 1941
1 1735 1004
1 1066 97
1 226 315
1 644 128
2 1371 655
2 1421 1781
1 1281 628
2 499 1076
2 891 1489
1 118 1545
2 1696 843
1 348 1535
1 760 1877
2 796 1100
1 1335 1314
2 1247 54
1 178 524
1 647 1074
1 859 104
2 1608 1985
1 953 1438
2 34 1548
1 1070 640
2 802 1412
1 1419 403
2 1130 672
2 825 1301
2 1258 1514
1 369 1035
2 1351 1540
2 453 521
2 1276 1735
2 1304 156
2 720 119
2 1840 588
1 192 1643
2 309 605
1 1123 1793
2 1679 1961
2 1553 925
2 825 304
1 35 579
2 511 1077
1 1791 314
2 392 1593
1 1995 1309
1 688 1580
1 1009 1010
2 1593 273
2 236 246
1 1916 560
2 1634 638
2 67 1144
1 944 1771
2 812 1730
1 1676 389
2 606 1781
1 393 1806
1 1455 1742
2 347 392
1 897 761
2 1835 704
2 221 1009
2 964 135
2 820 947
2 759 1011
1 1503 1115
1 1825 360
2 1517 1880
2 341 1804
2 840 1662
2 537 1079
1 64 1798
1 155 980
1 810 911
2 868 1457
2 532 1600
2 502 1402
2 1991 53
1 1459 1084
1 1422 404
2 245 1880
1 380 115
1 1139 1550
1 1897 80
1 1780 1588
2 157 1175
2 1584 752
2 534 1926
2 1673 1371
2 443 359
1 122 785
1 434 279
1 1827 851
1 344 198
2 335 926
2 133 1969
2 1370 62
2 1879 1761
2 1415 278
2 717 859
2 74 700
2 858 735
2 150 1917
2 1567 615
1 1274 1950
2 1971 1838
1 605 1798
2 1419 1017
1 1193 1366
1 1746 650
1 1965 944
2 352 1306
1 977 747
1 1160 206
2 1874 723
2 866 790
1 196 291
1 612 1535
2 1364 1034
1 178 1191
1 516 1242
1 1857 750
1 1520 209
2 312 1841
2 1678 632
1 1042 1085
2 1439 1422
2 1676 1995
2 1244 1300
1 1828 312
2 1680 1196
1 325 1504
2 973 1317
2 670 402
2 352 1067
1 1369 1199
2 238 351
1 1576 1138
2 1612 1182
1 427 1597
1 670 1166
1 293 456
1 916 1474
2 1630 1068
1 1650 1335
2 1076 1206
1 1412 1990
1 1840 124
2 273 294
1 190 1341
2 915 584
1 904 1023
1 1049 1760
2 1780 1837
2 434 1502
1 377 1837
2 1702 1212
1 1134 686
1 1999 796
1 1419 710
1 1441 1364
1 763 816
1 839 1999
1 297 1316
2 1551 997
2 336 1992
1 1655 302
1 62 183
